Datacycle,press,temp,cond,alt,oxygen,fluor,atten,trans,jday,lat,lon,PAR,UPAR,oxV,oxdVdt,oxysat,salin,potemp,sigma0,sigma2
1.0,1.0,15.6107,44.1842,91.6678,241.9751,0.2487,0.0031,92.636,220.4251,48.7888,-16.9943,0.0,0.0001,2.7056,0.0,5.6006,35.5985,15.6104,26.297,34.8831
2.0,3.0,15.5968,44.1712,91.6678,241.8641,0.2286,0.0031,92.6186,220.4252,48.7888,-16.9943,0.0,0.0001,2.7044,0.0,5.5995,35.5989,15.5964,26.3005,34.8871
3.0,5.0,15.6095,44.1845,97.2387,242.5317,0.2472,0.0031,92.5365,220.4253,48.7888,-16.9943,0.0,0.0001,2.7092,0.0005,5.6001,35.5986,15.6087,26.2975,34.8837
4.0,7.0,15.5787,44.1546,98.71,242.8704,0.2906,0.0031,92.4976,220.4253,48.7888,-16.9943,0.0,0.0001,2.711,0.0002,5.6032,35.5985,15.5776,26.3045,34.8917
5.0,9.0,15.5569,44.1341,77.9594,242.9405,0.3517,0.0031,92.457,220.4254,48.7888,-16.9943,0.0,0.0001,2.7102,0.0002,5.6051,35.5991,15.5555,26.3099,34.8979
6.0,11.0,15.5468,44.1251,96.1267,242.8817,0.4153,0.0031,92.4915,220.4254,48.7888,-16.9943,0.0,0.0001,2.7095,-0.0002,5.6057,35.5992,15.5451,26.3123,34.9007
7.0,13.0,15.5426,44.1221,98.6702,243.3586,0.472,0.0031,92.5233,220.4255,48.7888,-16.9943,0.0,0.0001,2.711,0.0009,5.6057,35.5994,15.5405,26.3135,34.902
8.0,15.0,15.5397,44.1198,98.71,243.3518,0.5203,0.0031,92.5797,220.4255,48.7888,-16.9944,0.0,0.0001,2.7119,-0.0002,5.6065,35.5993,15.5374,26.3141,34.9028
9.0,17.0,15.5358,44.1173,80.9498,242.8905,0.5678,0.0031,92.5705,220.4256,48.7887,-16.9944,0.0,0.0001,2.7094,-0.0011,5.6068,35.5995,15.5332,26.3153,34.9041
10.0,19.0,15.5321,44.1147,93.0038,243.0044,0.6054,0.0031,92.5761,220.4256,48.7887,-16.9944,0.0,0.0001,2.708,-0.0005,5.6086,35.5998,15.5291,26.3164,34.9053
11.0,21.0,15.5161,44.0991,98.71,243.0447,0.6386,0.0031,92.5019,220.4256,48.7887,-16.9944,0.0,0.0001,2.7061,-0.0002,5.6114,35.5993,15.5128,26.3198,34.9092
12.0,23.0,15.4917,44.076,98.4642,243.5175,0.7126,0.0032,92.3149,220.4257,48.7887,-16.9944,0.0,0.0001,2.7078,0.0007,5.6134,35.5999,15.4882,26.3257,34.9161
13.0,25.0,15.4732,44.0581,93.6942,243.3798,0.7534,0.0032,92.2709,220.4257,48.7887,-16.9944,0.0,0.0001,2.7064,-0.0003,5.6165,35.5996,15.4694,26.3297,34.9207
14.0,27.0,15.4231,44.0045,75.8861,242.7633,0.7672,0.0031,92.4315,220.4257,48.7887,-16.9944,0.0,0.0001,2.7025,-0.0019,5.6206,35.5956,15.419,26.338,34.9308
15.0,29.0,15.3896,43.9695,92.4031,241.7939,0.7446,0.0029,92.9416,220.4258,48.7887,-16.9944,0.0,0.0001,2.6932,-0.0029,5.6266,35.5935,15.3852,26.344,34.938
16.0,31.0,15.3616,43.9393,98.71,241.2347,0.7215,0.0028,93.2431,220.4258,48.7887,-16.9944,0.0,0.0001,2.686,-0.002,5.6263,35.5906,15.3568,26.3481,34.9432
17.0,33.0,15.3528,43.932,61.6748,242.1226,0.7476,0.0028,93.2148,220.4258,48.7887,-16.9944,0.0,0.0001,2.6877,0.0008,5.6267,35.5912,15.3478,26.3506,34.946
18.0,35.0,15.3466,43.9257,77.3368,241.5316,0.7856,0.0029,92.9847,220.4259,48.7887,-16.9944,0.0,0.0001,2.6862,-0.0012,5.6288,35.5904,15.3412,26.3514,34.9471
19.0,37.0,15.301,43.8787,95.7625,241.442,0.793,0.0028,93.3281,220.4259,48.7887,-16.9944,0.0,0.0001,2.6819,-0.0012,5.6347,35.5881,15.2953,26.3599,34.9572
20.0,39.0,15.2647,43.8404,85.7492,239.9173,0.7347,0.0024,94.0573,220.426,48.7887,-16.9945,0.0,0.0001,2.6703,-0.0029,5.6373,35.5854,15.2587,26.366,34.9647
21.0,41.0,15.262,43.8408,86.9603,240.1747,0.6897,0.0023,94.29,220.426,48.7887,-16.9945,0.0,0.0001,2.6672,-0.0005,5.638,35.5875,15.2557,26.3683,34.967
22.0,43.0,15.2561,43.8364,98.7143,240.006,0.6648,0.0023,94.5035,220.4261,48.7887,-16.9945,0.0,0.0001,2.6651,-0.0004,5.638,35.5879,15.2495,26.37,34.969
23.0,45.0,15.2544,43.8353,93.727,240.472,0.6304,0.0022,94.6133,220.4261,48.7887,-16.9945,0.0,0.0001,2.6665,0.0004,5.6386,35.5879,15.2475,26.3705,34.9695
24.0,47.0,15.2536,43.836,95.8655,239.7307,0.6056,0.0022,94.7531,220.4262,48.7887,-16.9945,0.0,0.0001,2.6628,-0.0012,5.6386,35.5885,15.2464,26.3711,34.9702
25.0,49.0,15.2537,43.8374,98.71,239.8146,0.5942,0.0021,94.8489,220.4262,48.7887,-16.9945,0.0,0.0001,2.6615,-0.0006,5.6385,35.5889,15.2462,26.3715,34.9705
26.0,51.0,15.2548,43.8398,98.71,239.1802,0.5664,0.0021,94.9485,220.4263,48.7887,-16.9945,0.0,0.0001,2.6565,-0.001,5.6384,35.5891,15.2469,26.3715,34.9705
27.0,53.0,15.2551,43.8413,76.2202,239.1338,0.5648,0.002,95.0156,220.4263,48.7887,-16.9945,0.0,0.0001,2.6541,-0.0004,5.6384,35.5893,15.247,26.3717,34.9707
28.0,55.0,15.2558,43.8435,95.1195,238.7378,0.5576,0.002,95.0527,220.4264,48.7887,-16.9945,0.0,0.0001,2.6509,-0.0009,5.6383,35.5899,15.2473,26.372,34.971
29.0,57.0,15.2587,43.849,97.0746,238.9757,0.5391,0.002,95.2019,220.4264,48.7887,-16.9945,0.0,0.0001,2.6503,0.0001,5.6382,35.5913,15.2499,26.3725,34.9714
30.0,59.0,15.256,43.8466,85.6724,238.4941,0.4744,0.0018,95.5411,220.4265,48.7887,-16.9946,0.0,0.0001,2.6482,-0.0012,5.6389,35.591,15.2469,26.373,34.972
31.0,61.0,15.2477,43.8375,98.71,238.3932,0.4493,0.0017,95.6656,220.4265,48.7887,-16.9946,0.0,0.0001,2.6456,-0.0008,5.6399,35.5894,15.2384,26.3737,34.973
32.0,63.0,15.2392,43.8283,89.1312,238.7211,0.4334,0.0017,95.792,220.4265,48.7887,-16.9946,0.0,0.0001,2.6457,0.0,5.6422,35.5879,15.2295,26.3744,34.9741
33.0,65.0,15.152,43.7378,98.5414,237.9251,0.3929,0.0016,96.149,220.4266,48.7887,-16.9946,0.0,0.0001,2.6376,-0.0031,5.6638,35.5839,15.142,26.3908,34.9936
34.0,67.0,14.9054,43.4859,98.71,236.579,0.3268,0.0014,96.659,220.4266,48.7887,-16.9946,0.0,0.0001,2.6173,-0.0055,5.7056,35.5778,14.8953,26.4406,35.0523
35.0,69.0,14.5022,43.0986,84.3852,233.6077,0.2774,0.0011,97.2603,220.4267,48.7887,-16.9946,0.0,0.0001,2.5799,-0.0108,5.7812,35.5898,14.492,26.5378,35.164
36.0,71.0,13.7801,42.3856,91.305,231.3142,0.217,0.0009,97.7115,220.4267,48.7887,-16.9946,0.0,0.0001,2.5409,-0.0072,5.8219,35.592,13.7699,26.6932,35.3459
37.0,73.0,13.571,42.1721,98.3351,231.2052,0.1769,0.0008,97.9567,220.4268,48.7887,-16.9946,0.0,0.0001,2.5289,-0.0029,5.8306,35.5848,13.5607,26.7312,35.3919
38.0,75.0,13.2827,41.8822,89.8656,233.5019,0.1613,0.0007,98.1911,220.4268,48.7887,-16.9946,0.0,0.0001,2.5332,-0.0008,5.8628,35.5785,13.2721,26.7859,35.4575
39.0,77.0,13.1651,41.7831,50.94,232.9548,0.1439,0.0006,98.5264,220.4269,48.7887,-16.9946,0.0,0.0001,2.5217,-0.0003,5.8823,35.5938,13.1544,26.8218,35.4976
40.0,79.0,13.1238,41.7915,94.9109,230.3301,0.1246,0.0006,98.6814,220.4269,48.7887,-16.9947,0.0,0.0001,2.5072,-0.0056,5.8942,35.6396,13.1129,26.8658,35.5426
41.0,81.0,13.0266,41.7338,89.8251,229.5991,0.0946,0.0004,98.9409,220.427,48.7887,-16.9947,0.0,0.0001,2.4913,-0.002,5.8994,35.6752,13.0154,26.9131,35.5931
42.0,83.0,12.9819,41.7013,98.68,230.2275,0.0828,0.0004,99.0719,220.427,48.7887,-16.9947,0.0,0.0001,2.4896,-0.0001,5.9071,35.6853,12.9704,26.9301,35.6117
43.0,85.0,12.9206,41.6366,97.1888,230.5014,0.0746,0.0003,99.1556,220.4271,48.7887,-16.9947,0.0,0.0001,2.489,-0.0004,5.919,35.6803,12.9089,26.9386,35.6226
44.0,87.0,12.7972,41.5022,86.1317,230.8579,0.0751,0.0003,99.2526,220.4271,48.7887,-16.9947,0.0,0.0001,2.4867,-0.0005,5.937,35.667,12.7853,26.9531,35.642
45.0,89.0,12.6651,41.3583,98.71,230.9526,0.0669,0.0003,99.275,220.4272,48.7887,-16.9947,0.0,0.0001,2.4839,-0.0004,5.9474,35.6527,12.653,26.9684,35.6627
46.0,91.0,12.5962,41.2839,90.0868,230.8215,0.0594,0.0003,99.2838,220.4272,48.7887,-16.9947,0.0,0.0001,2.4809,-0.0009,5.9573,35.6454,12.5839,26.9764,35.6735
47.0,93.0,12.5339,41.2192,98.6973,231.019,0.0575,0.0003,99.3581,220.4273,48.7886,-16.9947,0.0,0.0001,2.4791,-0.0004,5.9632,35.641,12.5214,26.9854,35.685
48.0,95.0,12.4924,41.1763,90.4485,230.8567,0.0528,0.0002,99.4091,220.4273,48.7886,-16.9947,0.0,0.0001,2.4772,-0.0003,5.9622,35.6379,12.4796,26.9913,35.6925
49.0,97.0,12.4789,41.1633,98.7,231.0192,0.051,0.0002,99.4444,220.4274,48.7886,-16.9948,0.0,0.0001,2.4765,-0.0001,5.9673,35.6374,12.4659,26.9936,35.6953
50.0,99.0,12.4677,41.1526,85.2487,231.1672,0.0485,0.0002,99.4883,220.4274,48.7886,-16.9948,0.0,0.0001,2.4765,-0.0001,5.9691,35.6368,12.4545,26.9954,35.6976
51.0,101.0,12.4462,41.1297,91.9964,231.2544,0.0507,0.0002,99.5017,220.4274,48.7886,-16.9948,0.0,0.0001,2.4763,-0.0002,5.9726,35.6341,12.4327,26.9976,35.7006
52.0,103.0,12.3945,41.0738,98.705,231.2029,0.0471,0.0002,99.5466,220.4275,48.7886,-16.9948,0.0,0.0001,2.473,-0.0004,5.9815,35.6281,12.3808,27.0031,35.7083
53.0,105.0,12.3564,41.033,98.71,231.6664,0.0472,0.0002,99.5797,220.4275,48.7886,-16.9948,0.0,0.0001,2.4751,0.0004,5.9827,35.6238,12.3424,27.0073,35.714
54.0,107.0,12.3404,41.0165,91.0797,231.4125,0.0429,0.0001,99.604,220.4276,48.7886,-16.9948,0.0,0.0001,2.4735,-0.0003,5.9819,35.6221,12.3261,27.0091,35.7165
55.0,109.0,12.4136,41.0957,94.7212,231.4672,0.0441,0.0001,99.6223,220.4278,48.7886,-16.9948,0.0,0.0001,2.4736,-0.0001,5.982,35.6287,12.399,27.0,35.7044
56.0,111.0,12.3443,41.0169,89.1951,231.4991,0.042,0.0001,99.6833,220.428,48.7886,-16.9949,0.0,0.0001,2.4706,-0.0001,5.991,35.6173,12.3295,27.0048,35.7121
57.0,113.0,12.2811,40.953,96.1864,231.3465,0.0392,0.0001,99.702,220.428,48.7886,-16.9949,0.0,0.0001,2.4694,-0.0006,5.9928,35.6142,12.2661,27.0148,35.7246
58.0,115.0,12.2755,40.9479,80.8898,231.3885,0.0373,0.0001,99.7061,220.4281,48.7886,-16.9949,0.0,0.0001,2.468,-0.0001,5.9936,35.6137,12.2602,27.0155,35.7256
59.0,117.0,12.2693,40.9418,90.4156,231.1618,0.0365,0.0001,99.7101,220.4281,48.7886,-16.9949,0.0,0.0001,2.4656,-0.0006,5.9963,35.6128,12.2538,27.0161,35.7264
60.0,119.0,12.2417,40.9119,98.6879,231.1639,0.032,0.0001,99.7091,220.4282,48.7886,-16.9949,0.0,0.0001,2.4643,-0.0005,5.9996,35.6092,12.2259,27.0187,35.7302
61.0,121.0,12.2238,40.8938,98.685,230.7399,0.0327,0.0001,99.7216,220.4282,48.7886,-16.9949,0.0,0.0001,2.4608,-0.001,6.0015,35.6077,12.2077,27.0211,35.7333
62.0,123.0,12.2109,40.8791,89.1017,230.6458,0.0335,0.0001,99.7296,220.4283,48.7886,-16.9949,0.0,0.0001,2.4582,-0.0009,6.0048,35.6049,12.1947,27.0215,35.7342
63.0,125.0,12.1788,40.8436,98.5566,231.2293,0.034,0.0001,99.7318,220.4283,48.7886,-16.995,0.0,0.0001,2.4591,0.0003,6.0082,35.5999,12.1623,27.0239,35.738
64.0,127.0,12.1577,40.8214,98.7032,231.7946,0.0351,0.0001,99.7302,220.4283,48.7886,-16.995,0.0,0.0001,2.461,0.0011,6.0089,35.5975,12.141,27.0262,35.7411
65.0,129.0,12.155,40.8198,98.7044,231.4408,0.0352,0.0001,99.7306,220.4284,48.7886,-16.995,0.0,0.0001,2.4603,-0.0003,6.0098,35.5977,12.138,27.0269,35.7419
66.0,131.0,12.1473,40.8114,86.1686,231.7382,0.0324,0.0001,99.7349,220.4284,48.7886,-16.995,0.0,0.0001,2.4603,-0.0001,6.0159,35.5959,12.1301,27.027,35.7424
67.0,133.0,12.0946,40.7506,94.6318,232.3102,0.0334,0.0001,99.7143,220.4284,48.7886,-16.995,0.0,0.0001,2.4614,0.0004,6.0252,35.5859,12.0771,27.0295,35.7471
68.0,135.0,12.0318,40.6801,98.6998,233.3823,0.039,0.0001,99.7164,220.4285,48.7886,-16.995,0.0,0.0001,2.466,0.0015,6.0274,35.5761,12.0141,27.0341,35.7543
69.0,137.0,12.0135,40.6602,86.7492,233.4465,0.0384,0.0001,99.7197,220.4285,48.7886,-16.995,0.0,0.0001,2.4687,0.0006,6.0291,35.5732,11.9956,27.0354,35.7564
70.0,139.0,12.0047,40.6518,98.7007,233.2452,0.0365,0.0001,99.7157,220.4285,48.7886,-16.995,0.0,0.0001,2.4676,-0.0001,6.03,35.5724,11.9865,27.0365,35.7579
71.0,141.0,11.9787,40.6249,98.6975,233.6677,0.0365,0.0001,99.7044,220.4286,48.7886,-16.995,0.0,0.0001,2.4689,0.0002,6.0328,35.57,11.9603,27.0396,35.7621
72.0,143.0,11.9788,40.626,98.6975,233.6558,0.0361,0.0001,99.7169,220.4286,48.7886,-16.995,0.0,0.0001,2.4692,-0.0002,6.0353,35.5702,11.9601,27.0398,35.7623
73.0,145.0,11.9561,40.6013,87.4256,233.313,0.0365,0.0001,99.6981,220.4286,48.7886,-16.995,0.0,0.0001,2.4661,-0.0009,6.0389,35.5668,11.9371,27.0416,35.7651
74.0,147.0,11.9245,40.5664,98.6437,233.8434,0.0346,0.0001,99.6994,220.4287,48.7886,-16.995,0.0,0.0001,2.4661,0.0001,6.046,35.5619,11.9054,27.0439,35.7687
75.0,149.0,11.8774,40.5119,98.7025,234.9631,0.0385,0.0001,99.6813,220.4287,48.7886,-16.995,0.0,0.0001,2.4706,0.0016,6.0488,35.5527,11.858,27.0458,35.7725
76.0,151.0,11.8552,40.4863,84.9407,235.8366,0.0439,0.0001,99.6739,220.4287,48.7886,-16.9951,0.0,0.0001,2.4763,0.0018,6.0513,35.5478,11.8356,27.0463,35.774
77.0,153.0,11.836,40.4671,95.9333,235.4797,0.0469,0.0001,99.6754,220.4288,48.7886,-16.9951,0.0,0.0001,2.4768,-0.0001,6.0524,35.5463,11.8162,27.0489,35.7773
78.0,155.0,11.8276,40.4606,98.6415,235.5755,0.0408,0.0001,99.6723,220.4288,48.7886,-16.9951,0.0,0.0001,2.4766,-0.0001,6.054,35.5471,11.8075,27.0511,35.7799
79.0,157.0,11.8173,40.4503,98.5075,235.2985,0.0378,0.0001,99.659,220.4289,48.7886,-16.9951,0.0,0.0001,2.4748,-0.0008,6.0565,35.546,11.7969,27.0523,35.7815
80.0,159.0,11.7987,40.4317,98.71,236.179,0.0392,0.0001,99.6685,220.4289,48.7886,-16.9951,0.0,0.0001,2.4775,0.0011,6.0559,35.5446,11.7781,27.0547,35.7847
81.0,161.0,11.79,40.4241,82.5997,235.5341,0.0391,0.0001,99.6705,220.4289,48.7886,-16.9951,0.0,0.0001,2.4752,-0.0007,6.059,35.5446,11.7691,27.0565,35.7868
82.0,163.0,11.7764,40.4114,94.4843,234.7218,0.039,0.0001,99.6663,220.429,48.7886,-16.9951,0.0,0.0001,2.4705,-0.0021,6.0604,35.5441,11.7553,27.0587,35.7897
83.0,165.0,11.7682,40.4042,98.7373,235.4319,0.0377,0.0001,99.6679,220.429,48.7885,-16.9951,0.0,0.0001,2.4705,0.0002,6.0606,35.544,11.7468,27.0602,35.7915
84.0,167.0,11.7658,40.4025,95.0862,235.5638,0.0355,0.0001,99.6669,220.429,48.7885,-16.9951,0.0,0.0001,2.4715,-0.0001,6.0622,35.5438,11.7442,27.0606,35.7919
85.0,169.0,11.7463,40.3837,92.0523,234.8727,0.0371,0.0001,99.6621,220.4291,48.7886,-16.9951,0.0,0.0001,2.4671,-0.0013,6.0653,35.5432,11.7244,27.0638,35.796
86.0,171.0,11.7281,40.3668,98.7025,234.9258,0.0364,0.0001,99.6098,220.4291,48.7885,-16.9951,0.0,0.0001,2.4653,-0.0005,6.0654,35.543,11.706,27.0672,35.8001
87.0,173.0,11.7228,40.3626,98.68,234.8685,0.0348,0.0001,99.6823,220.4291,48.7885,-16.9951,0.0,0.0001,2.4638,-0.0003,6.0655,35.543,11.7005,27.0682,35.8014
88.0,175.0,11.7207,40.3617,89.106,234.2421,0.0314,0.0001,99.6796,220.4292,48.7885,-16.9951,0.0,0.0001,2.4605,-0.0015,6.067,35.5434,11.6981,27.069,35.8022
89.0,177.0,11.7109,40.3526,97.6623,234.3934,0.0313,0.0001,99.6861,220.4292,48.7885,-16.9952,0.0,0.0001,2.4582,-0.0005,6.0694,35.5428,11.688,27.0704,35.804
90.0,179.0,11.6926,40.3339,98.7055,234.5957,0.0315,0.0001,99.6901,220.4292,48.7885,-16.9952,0.0,0.0001,2.458,-0.0003,6.0719,35.541,11.6695,27.0726,35.807
91.0,181.0,11.6788,40.3206,98.7006,234.7983,0.0319,0.0001,99.6838,220.4293,48.7885,-16.9952,0.0,0.0001,2.4576,0.0002,6.0734,35.5402,11.6554,27.0746,35.8096
92.0,183.0,11.6688,40.3114,74.2286,235.3433,0.0333,0.0001,99.6649,220.4293,48.7885,-16.9952,0.0,0.0001,2.46,0.0009,6.0744,35.5398,11.6453,27.0762,35.8116
93.0,185.0,11.6556,40.2984,95.6248,235.4105,0.0333,0.0001,99.6669,220.4293,48.7885,-16.9952,0.0,0.0001,2.4603,0.0001,6.0776,35.5388,11.6318,27.078,35.8139
94.0,187.0,11.6324,40.2755,98.71,235.6368,0.0319,0.0001,99.6669,220.4294,48.7885,-16.9952,0.0,0.0001,2.4615,0.0005,6.0769,35.5375,11.6083,27.0814,35.8183
95.0,189.0,11.6282,40.2718,98.71,235.6314,0.0317,0.0001,99.6669,220.4294,48.7885,-16.9952,0.0,0.0001,2.4628,0.0001,6.0775,35.537,11.6038,27.0818,35.8189
96.0,191.0,11.6231,40.2677,98.7008,235.9234,0.0322,0.0001,99.6669,220.4294,48.7885,-16.9952,0.0,0.0001,2.4627,0.0002,6.0803,35.5371,11.5985,27.0829,35.8202
97.0,193.0,11.6162,40.2616,98.695,235.8196,0.0304,0.0001,99.6669,220.4295,48.7885,-16.9952,0.0,0.0001,2.4626,-0.0002,6.0808,35.5367,11.5915,27.0839,35.8215
98.0,195.0,11.6109,40.2573,85.0619,235.5355,0.0299,0.0001,99.6556,220.4295,48.7885,-16.9952,0.0,0.0001,2.4603,-0.0007,6.0816,35.5366,11.5859,27.0849,35.8227
99.0,197.0,11.6048,40.2519,96.9159,236.0635,0.0315,0.0001,99.6635,220.4295,48.7885,-16.9952,0.0,0.0001,2.4619,0.0005,6.0822,35.5362,11.5795,27.0858,35.8239
100.0,199.0,11.6006,40.2482,98.7252,235.8947,0.0329,0.0001,99.6639,220.4296,48.7885,-16.9952,0.0,0.0001,2.4608,-0.0003,6.0841,35.5358,11.5751,27.0864,35.8246
101.0,201.0,11.5859,40.2337,86.8304,235.5744,0.0308,0.0001,99.6647,220.4296,48.7885,-16.9952,0.0,0.0001,2.4586,-0.0009,6.0861,35.5347,11.5601,27.0883,35.8271
102.0,203.0,11.5705,40.2172,98.6463,235.7425,0.027,0.0001,99.6093,220.4296,48.7885,-16.9952,0.0,0.0001,2.4577,-0.0002,6.0865,35.5323,11.5445,27.0893,35.8289
103.0,205.0,11.5719,40.2209,98.71,235.2255,0.028,0.0001,99.6669,220.4297,48.7885,-16.9953,0.0,0.0001,2.4555,-0.0009,6.0848,35.5338,11.5456,27.0903,35.8298
104.0,207.0,11.5833,40.2369,98.705,235.6023,0.0285,0.0001,99.639,220.4297,48.7885,-16.9953,0.0,0.0001,2.4554,0.0,6.0852,35.5377,11.5568,27.0912,35.8302
105.0,209.0,11.5785,40.2331,88.2737,235.5731,0.0298,0.0001,99.6496,220.4298,48.7885,-16.9953,0.0,0.0001,2.4537,0.0,6.0858,35.5376,11.5517,27.0922,35.8313
106.0,211.0,11.5665,40.2209,98.6246,235.9203,0.0315,0.0001,99.6597,220.4298,48.7885,-16.9953,0.0,0.0001,2.4565,0.0002,6.0862,35.536,11.5394,27.0932,35.8329
107.0,213.0,11.564,40.2192,98.7075,236.2507,0.0319,0.0001,99.581,220.4298,48.7885,-16.9953,0.0,0.0001,2.4576,0.0007,6.0858,35.5362,11.5367,27.0939,35.8337
108.0,215.0,11.5733,40.2338,90.1762,235.7521,0.03,0.0002,99.6071,220.4299,48.7885,-16.9953,0.0,0.0001,2.4564,-0.0007,6.0852,35.5407,11.5458,27.0956,35.835
109.0,217.0,11.5783,40.2415,81.6449,236.1771,0.0283,0.0002,99.6,220.4299,48.7885,-16.9953,0.0,0.0001,2.4571,0.0004,6.0853,35.5425,11.5504,27.0962,35.8353
110.0,219.0,11.576,40.2413,95.6063,235.748,0.0272,0.0002,99.6142,220.4299,48.7885,-16.9953,0.0,0.0001,2.4553,-0.0008,6.0854,35.5436,11.5479,27.0975,35.8368
111.0,221.0,11.5748,40.2417,98.5328,235.9992,0.0312,0.0001,99.6237,220.43,48.7885,-16.9953,0.0,0.0001,2.4548,0.0001,6.0856,35.5442,11.5465,27.0983,35.8376
112.0,223.0,11.573,40.2408,98.7024,235.8573,0.0269,0.0001,99.6179,220.43,48.7885,-16.9953,0.0,0.0001,2.4541,-0.0003,6.0858,35.5443,11.5444,27.0987,35.8381
113.0,225.0,11.5715,40.2401,98.6973,235.5936,0.0293,0.0002,99.6091,220.43,48.7885,-16.9953,0.0,0.0001,2.4523,-0.0007,6.0867,35.5442,11.5426,27.099,35.8384
114.0,227.0,11.5648,40.2348,75.717,235.7736,0.0279,0.0002,99.6032,220.4301,48.7885,-16.9953,0.0,0.0001,2.4518,-0.0002,6.0876,35.5444,11.5356,27.1004,35.8402
115.0,229.0,11.5585,40.2296,95.7235,235.5847,0.0275,0.0002,99.5847,220.4301,48.7885,-16.9953,0.0,0.0001,2.4505,-0.0005,6.0881,35.5444,11.5291,27.1017,35.8417
116.0,231.0,11.5529,40.2247,98.5057,235.408,0.0337,0.0002,99.5834,220.4301,48.7885,-16.9953,0.0,0.0001,2.4484,-0.0007,6.0894,35.5441,11.5232,27.1025,35.8427
117.0,233.0,11.5435,40.2165,98.7025,234.8743,0.0327,0.0002,99.5802,220.4302,48.7885,-16.9954,0.0,0.0001,2.445,-0.0012,6.0902,35.5441,11.5137,27.1043,35.8449
118.0,235.0,11.5377,40.2119,98.7006,234.6314,0.0302,0.0002,99.5766,220.4302,48.7885,-16.9954,0.0,0.0001,2.4415,-0.001,6.0906,35.5442,11.5076,27.1056,35.8464
119.0,237.0,11.5348,40.2111,73.8501,234.7734,0.0279,0.0002,99.5739,220.4302,48.7885,-16.9954,0.0,0.0001,2.4403,-0.0002,6.0902,35.5454,11.5044,27.1071,35.8481
120.0,239.0,11.5367,40.216,92.2619,234.3317,0.0265,0.0002,99.561,220.4303,48.7885,-16.9954,0.0,0.0001,2.4384,-0.001,6.0896,35.5474,11.5061,27.1084,35.8492
121.0,241.0,11.5416,40.2235,98.6979,233.762,0.0262,0.0002,99.561,220.4303,48.7885,-16.9954,0.0,0.0001,2.4341,-0.0013,6.0894,35.5493,11.5107,27.1089,35.8496
122.0,243.0,11.543,40.2265,82.0084,234.325,0.0266,0.0002,99.5514,220.4303,48.7885,-16.9954,0.0,0.0001,2.4342,0.0002,6.0901,35.5499,11.5119,27.1092,35.8498
123.0,245.0,11.5378,40.2213,86.1902,233.5276,0.0257,0.0002,99.5418,220.4304,48.7885,-16.9954,0.0,0.0001,2.4308,-0.0014,6.0908,35.549,11.5064,27.1095,35.8503
124.0,247.0,11.5303,40.2135,94.4912,233.7143,0.0269,0.0002,99.5313,220.4304,48.7885,-16.9954,0.0,0.0001,2.4288,-0.0006,6.0959,35.5475,11.4986,27.1098,35.851
125.0,249.0,11.4896,40.1673,98.708,233.8131,0.0262,0.0002,99.4867,220.4304,48.7885,-16.9954,0.0,0.0001,2.4275,-0.0004,6.0995,35.54,11.4578,27.1116,35.8545
126.0,251.0,11.4675,40.1427,98.6973,234.1218,0.0273,0.0002,99.4904,220.4305,48.7885,-16.9954,0.0,0.0001,2.4277,0.0002,6.1013,35.536,11.4355,27.1127,35.8566
127.0,253.0,11.4514,40.1253,78.8696,233.9413,0.0289,0.0002,99.4936,220.4305,48.7885,-16.9954,0.0,0.0001,2.4273,-0.0005,6.1028,35.5334,11.4191,27.1137,35.8582
128.0,255.0,11.4433,40.1167,98.698,233.4473,0.0246,0.0002,99.4919,220.4305,48.7885,-16.9954,0.0,0.0001,2.4237,-0.0012,6.104,35.5319,11.4108,27.1141,35.859
129.0,257.0,11.436,40.11,82.231,233.2281,0.0256,0.0002,99.4715,220.4306,48.7885,-16.9954,0.0,0.0001,2.4215,-0.001,6.1044,35.5314,11.4032,27.1151,35.8603
130.0,259.0,11.4322,40.1078,95.3206,233.2249,0.0255,0.0002,99.4883,220.4306,48.7885,-16.9955,0.0,0.0001,2.4191,-0.0005,6.1051,35.5319,11.3992,27.1162,35.8616
131.0,261.0,11.4243,40.0998,98.7069,233.2035,0.0273,0.0002,99.4721,220.4307,48.7885,-16.9955,0.0,0.0001,2.4175,-0.0005,6.1081,35.5307,11.3911,27.1169,35.8626
132.0,263.0,11.4066,40.0816,98.6984,232.5836,0.0233,0.0002,99.4764,220.4307,48.7884,-16.9955,0.0,0.0001,2.4148,-0.0015,6.1087,35.5289,11.3732,27.1188,35.8652
133.0,265.0,11.4006,40.0767,98.6971,233.0546,0.0258,0.0002,99.4727,220.4307,48.7884,-16.9955,0.0,0.0001,2.4137,0.0002,6.1074,35.5288,11.3668,27.1198,35.8666
134.0,267.0,11.4065,40.0864,98.6931,232.7848,0.0237,0.0002,99.4705,220.4308,48.7884,-16.9955,0.0,0.0001,2.4132,-0.0008,6.107,35.5318,11.3725,27.1211,35.8676
135.0,269.0,11.4126,40.0959,98.707,232.6267,0.0238,0.0002,99.4647,220.4308,48.7884,-16.9955,0.0,0.0001,2.4115,-0.0007,6.1072,35.5346,11.3783,27.1222,35.8684
136.0,271.0,11.4103,40.0952,90.2136,232.6667,0.0237,0.0002,99.4547,220.4308,48.7884,-16.9955,0.0,0.0001,2.4104,-0.0003,6.1078,35.5352,11.3758,27.1232,35.8694
137.0,273.0,11.4048,40.0897,95.8994,232.4132,0.0281,0.0002,99.4572,220.4309,48.7884,-16.9955,0.0,0.0001,2.4085,-0.0008,6.111,35.5341,11.37,27.1234,35.8699
138.0,275.0,11.3809,40.0636,98.7,232.1681,0.0259,0.0002,99.4517,220.4309,48.7884,-16.9955,0.0,0.0001,2.4056,-0.0009,6.112,35.5302,11.3459,27.1249,35.8724
139.0,277.0,11.374,40.0574,87.884,232.509,0.0306,0.0002,99.4431,220.4309,48.7884,-16.9955,0.0,0.0001,2.4054,0.0001,6.1117,35.5299,11.3388,27.126,35.8738
140.0,279.0,11.3775,40.063,98.695,232.4334,0.0269,0.0002,99.4392,220.431,48.7884,-16.9955,0.0,0.0001,2.4051,-0.0002,6.112,35.5312,11.342,27.1263,35.874
141.0,281.0,11.3728,40.0596,98.6975,232.5343,0.0268,0.0002,99.4428,220.431,48.7884,-16.9956,0.0,0.0001,2.4045,0.0,6.1139,35.5314,11.3371,27.1274,35.8753
142.0,283.0,11.3609,40.0471,98.6894,232.0545,0.0247,0.0002,99.4359,220.431,48.7884,-16.9956,0.0,0.0001,2.4017,-0.001,6.1147,35.5296,11.3249,27.1283,35.8767
143.0,285.0,11.353,40.039,84.0035,232.5699,0.028,0.0002,99.4306,220.4311,48.7884,-16.9956,0.0,0.0001,2.4034,0.0,6.1162,35.5283,11.3168,27.1288,35.8776
144.0,287.0,11.3413,40.0272,98.7004,232.4378,0.029,0.0002,99.4315,220.4311,48.7884,-16.9956,0.0,0.0001,2.4019,-0.0003,6.1171,35.5268,11.3048,27.1298,35.8791
145.0,289.0,11.3368,40.0231,98.7045,232.5763,0.0264,0.0002,99.4237,220.4311,48.7884,-16.9956,0.0,0.0001,2.4017,0.0,6.1181,35.5262,11.3,27.1303,35.8797
146.0,291.0,11.3301,40.0164,74.7343,232.0836,0.0261,0.0002,99.4359,220.4312,48.7884,-16.9956,0.0,0.0001,2.4,-0.0011,6.1188,35.5251,11.2932,27.1307,35.8804
147.0,293.0,11.3246,40.012,94.0249,231.9504,0.0269,0.0002,99.43,220.4312,48.7884,-16.9956,0.0,0.0001,2.398,-0.0007,6.1186,35.5253,11.2874,27.1319,35.8819
148.0,295.0,11.3258,40.0152,98.6917,232.3877,0.0252,0.0002,99.4178,220.4312,48.7884,-16.9956,0.0,0.0001,2.3979,0.0004,6.1181,35.5264,11.2884,27.1326,35.8825
149.0,297.0,11.3286,40.0208,98.5354,232.7569,0.0231,0.0002,99.4291,220.4313,48.7884,-16.9956,0.0,0.0001,2.3998,0.0005,6.1184,35.5282,11.2909,27.1336,35.8833
150.0,299.0,11.3262,40.0199,98.6918,232.0821,0.0243,0.0002,99.407,220.4313,48.7884,-16.9956,0.0,0.0001,2.3982,-0.001,6.1187,35.5287,11.2882,27.1344,35.8843
151.0,301.0,11.3244,40.0195,91.9345,232.6866,0.0289,0.0002,99.4177,220.4313,48.7884,-16.9956,0.0,0.0001,2.3983,0.0006,6.1187,35.5292,11.2862,27.1352,35.8852
152.0,303.0,11.324,40.0201,83.6338,232.7634,0.0275,0.0002,99.3745,220.4314,48.7884,-16.9956,0.0,0.0001,2.3994,0.0002,6.1189,35.5294,11.2855,27.1354,35.8854
153.0,305.0,11.3227,40.0195,98.6968,232.7514,0.0257,0.0002,99.3967,220.4314,48.7884,-16.9956,0.0,0.0001,2.3988,0.0001,6.119,35.5291,11.284,27.1356,35.8856
154.0,307.0,11.3219,40.0198,98.6936,232.6168,0.0239,0.0002,99.3865,220.4314,48.7884,-16.9957,0.0,0.0001,2.3985,-0.0003,6.1189,35.5292,11.2829,27.1358,35.8859
155.0,309.0,11.3215,40.0202,98.6929,232.7711,0.0234,0.0002,99.4002,220.4315,48.7884,-16.9957,0.0,0.0001,2.3986,-0.0001,6.1191,35.5291,11.2823,27.1359,35.886
156.0,311.0,11.3216,40.0212,77.002,232.7568,0.0199,0.0002,99.3662,220.4315,48.7884,-16.9957,0.0,0.0001,2.398,-0.0002,6.1195,35.5292,11.2822,27.1359,35.8861
157.0,313.0,11.3189,40.0193,98.7007,232.9111,0.0225,0.0002,99.3781,220.4315,48.7884,-16.9957,0.0,0.0001,2.3983,0.0001,6.1189,35.529,11.2792,27.1363,35.8866
158.0,315.0,11.33,40.0362,81.6568,233.7289,0.0254,0.0002,99.4142,220.4316,48.7884,-16.9957,0.0,0.0001,2.4022,0.0016,6.1142,35.5343,11.2899,27.1385,35.8882
159.0,317.0,11.3568,40.0725,92.4436,235.4913,0.0275,0.0002,99.4215,220.4316,48.7884,-16.9957,0.0,0.0001,2.4121,0.0034,6.1137,35.5436,11.3164,27.1408,35.8893
160.0,319.0,11.3585,40.0762,98.6969,235.4823,0.0252,0.0002,99.4134,220.4317,48.7884,-16.9957,0.0,0.0001,2.416,0.0013,6.1141,35.5447,11.3179,27.1414,35.8898
161.0,321.0,11.3543,40.0727,98.695,234.5018,0.0274,0.0002,99.4036,220.4317,48.7884,-16.9957,0.0,0.0001,2.4146,-0.0015,6.1148,35.5445,11.3135,27.142,35.8907
162.0,323.0,11.3485,40.0676,98.6956,234.4556,0.0243,0.0002,99.4141,220.4317,48.7884,-16.9957,0.0,0.0001,2.4115,-0.0009,6.1163,35.5441,11.3074,27.1429,35.8918
163.0,325.0,11.3366,40.0549,98.7025,233.9671,0.0248,0.0002,99.4008,220.4318,48.7884,-16.9957,0.0,0.0001,2.408,-0.0012,6.1176,35.5419,11.2952,27.1434,35.8928
164.0,327.0,11.3261,40.0432,88.1859,233.3432,0.0231,0.0002,99.4036,220.4318,48.7884,-16.9957,0.0,0.0001,2.4025,-0.0017,6.1205,35.5395,11.2846,27.1435,35.8934
165.0,329.0,11.307,40.0222,75.6531,233.0501,0.0257,0.0002,99.4016,220.4318,48.7884,-16.9958,0.0,0.0001,2.3988,-0.0012,6.1191,35.5362,11.2652,27.1445,35.8952
166.0,331.0,11.3158,40.0352,96.7437,233.358,0.029,0.0002,99.3979,220.4319,48.7884,-16.9958,0.0,0.0001,2.3983,-0.0002,6.1196,35.5397,11.2738,27.1456,35.8959
167.0,333.0,11.3145,40.0343,98.6828,233.3007,0.0257,0.0002,99.3803,220.4319,48.7884,-16.9958,0.0,0.0001,2.3973,-0.0005,6.1219,35.5394,11.2722,27.1457,35.8961
168.0,335.0,11.2999,40.0182,82.4143,232.344,0.0225,0.0002,99.3769,220.4319,48.7884,-16.9958,0.0,0.0001,2.3926,-0.0021,6.1228,35.5366,11.2574,27.1462,35.8973
169.0,337.0,11.2915,40.0097,98.6857,232.7328,0.0248,0.0002,99.3703,220.4319,48.7884,-16.9958,0.0,0.0001,2.392,-0.0006,6.1228,35.5352,11.2488,27.1468,35.8982
170.0,339.0,11.2911,40.011,98.6966,232.3782,0.0258,0.0002,99.3749,220.432,48.7884,-16.9958,0.0,0.0001,2.3898,-0.001,6.1209,35.5361,11.2481,27.1476,35.899
171.0,341.0,11.3065,40.0324,98.6947,232.5548,0.0249,0.0002,99.3663,220.432,48.7884,-16.9958,0.0,0.0001,2.3883,0.0002,6.1186,35.5415,11.2631,27.149,35.8997
172.0,343.0,11.319,40.0498,93.4618,232.9796,0.0251,0.0002,99.3743,220.432,48.7884,-16.9958,0.0,0.0001,2.3895,0.0007,6.117,35.5458,11.2753,27.1501,35.9003
173.0,345.0,11.3281,40.0621,80.376,233.5071,0.0253,0.0002,99.3722,220.4321,48.7884,-16.9958,0.0,0.0001,2.3929,0.0014,6.1166,35.5485,11.2842,27.1506,35.9003
174.0,347.0,11.3336,40.0705,98.5636,233.5504,0.0253,0.0002,99.3705,220.4321,48.7884,-16.9958,0.0,0.0001,2.3932,0.0006,6.1177,35.5506,11.2894,27.1513,35.9008
175.0,349.0,11.3293,40.0672,98.6869,233.3279,0.0234,0.0003,99.3545,220.4321,48.7884,-16.9958,0.0,0.0001,2.3932,-0.0002,6.1185,35.5505,11.2849,27.152,35.9017
176.0,351.0,11.3193,40.057,98.6945,233.0536,0.0236,0.0003,99.3456,220.4321,48.7884,-16.9958,0.0,0.0001,2.3924,-0.0007,6.1203,35.5491,11.2746,27.1528,35.9029
177.0,353.0,11.3094,40.0463,74.0166,232.6253,0.0266,0.0003,99.3213,220.4322,48.7884,-16.9958,0.0,0.0001,2.3893,-0.0013,6.1217,35.5471,11.2645,27.1531,35.9037
178.0,355.0,11.2979,40.0349,60.2287,233.0159,0.0295,0.0003,99.3453,220.4322,48.7884,-16.9958,0.0,0.0001,2.3889,-0.0001,6.1218,35.5461,11.2528,27.1545,35.9056
179.0,357.0,11.296,40.0341,97.725,232.9376,0.0275,0.0003,99.3492,220.4322,48.7884,-16.9958,0.0,0.0001,2.388,-0.0004,6.1221,35.5463,11.2506,27.1551,35.9062
180.0,359.0,11.2936,40.0323,95.5547,232.6002,0.0253,0.0003,99.3492,220.4322,48.7884,-16.9958,0.0,0.0001,2.3864,-0.001,6.1223,35.546,11.248,27.1553,35.9066
181.0,361.0,11.2932,40.0333,98.4731,232.5473,0.0233,0.0003,99.3447,220.4323,48.7884,-16.9959,0.0,0.0001,2.385,-0.0006,6.1213,35.5464,11.2473,27.1558,35.9071
182.0,363.0,11.2997,40.0431,98.6971,232.3139,0.0252,0.0003,99.3351,220.4323,48.7884,-16.9959,0.0,0.0001,2.3834,-0.0008,6.1214,35.5488,11.2535,27.1565,35.9075
183.0,365.0,11.3004,40.0447,98.6905,232.8916,0.0246,0.0003,99.3348,220.4323,48.7884,-16.9959,0.0,0.0001,2.3834,0.0004,6.1222,35.5489,11.2539,27.1565,35.9075
184.0,367.0,11.2945,40.0394,98.6973,233.1523,0.0233,0.0003,99.3311,220.4323,48.7884,-16.9959,0.0,0.0001,2.3858,0.0008,6.1228,35.5483,11.2479,27.1572,35.9084
185.0,369.0,11.2859,40.0302,74.1906,233.0788,0.025,0.0003,99.3154,220.4323,48.7884,-16.9959,0.0,0.0001,2.3852,0.0,6.1239,35.5467,11.239,27.1576,35.9092
186.0,371.0,11.2808,40.025,98.6948,232.0483,0.0229,0.0003,99.3193,220.4324,48.7884,-16.9959,0.0,0.0001,2.3809,-0.0021,6.1254,35.5455,11.2337,27.1576,35.9095
187.0,373.0,11.2713,40.0155,93.0735,231.8721,0.0251,0.0003,99.315,220.4324,48.7884,-16.9959,0.0,0.0001,2.377,-0.0015,6.1258,35.5443,11.2239,27.1584,35.9107
188.0,375.0,11.2665,40.0116,98.68,231.9207,0.0209,0.0003,99.3348,220.4324,48.7884,-16.9959,0.0,0.0001,2.3765,-0.001,6.1257,35.5442,11.2188,27.1593,35.9118
189.0,377.0,11.2657,40.0118,98.6973,232.1665,0.0225,0.0003,99.3204,220.4324,48.7884,-16.9959,0.0,0.0001,2.3761,-0.0002,6.1256,35.5443,11.2179,27.1596,35.9121
190.0,379.0,11.2676,40.0154,81.2881,232.0898,0.0224,0.0003,99.3204,220.4325,48.7884,-16.9959,0.0,0.0001,2.375,-0.0003,6.1254,35.5451,11.2195,27.1599,35.9124
191.0,381.0,11.2684,40.0175,98.6848,232.0075,0.0259,0.0003,99.3204,220.4325,48.7884,-16.9959,0.0,0.0001,2.3741,-0.0005,6.1267,35.5455,11.22,27.1602,35.9126
192.0,383.0,11.2681,40.0179,98.701,231.7886,0.0233,0.0003,99.3204,220.4325,48.7884,-16.9959,0.0,0.0001,2.3723,-0.0009,6.1285,35.5453,11.2195,27.1601,35.9125
193.0,385.0,11.2528,40.0008,98.692,231.2802,0.025,0.0003,99.3144,220.4325,48.7884,-16.9959,0.0,0.0001,2.37,-0.0017,6.1289,35.5425,11.2039,27.1607,35.9138
194.0,387.0,11.2419,39.9893,98.6967,231.1302,0.0225,0.0003,99.3173,220.4325,48.7884,-16.9959,0.0,0.0001,2.3675,-0.0014,6.1309,35.5407,11.1928,27.1614,35.9149
195.0,389.0,11.2285,39.9744,77.6534,230.9747,0.0209,0.0003,99.3204,220.4326,48.7884,-16.9959,0.0,0.0001,2.3639,-0.0012,6.1339,35.5377,11.1792,27.1616,35.9157
196.0,391.0,11.2186,39.9638,98.699,231.0455,0.0198,0.0003,99.3204,220.4326,48.7884,-16.9959,0.0,0.0001,2.3619,-0.0008,6.1374,35.5358,11.1691,27.162,35.9166
197.0,393.0,11.2035,39.946,95.8775,231.6329,0.0233,0.0003,99.3204,220.4326,48.7884,-16.9959,0.0,0.0001,2.3624,0.0003,6.1394,35.5319,11.1538,27.1617,35.917
198.0,395.0,11.1785,39.9173,98.6882,231.7871,0.0229,0.0003,99.3204,220.4326,48.7884,-16.9959,0.0,0.0001,2.3626,0.0002,6.1417,35.5265,11.1286,27.1622,35.9186
199.0,397.0,11.1573,39.8943,98.6914,231.0713,0.0244,0.0003,99.3204,220.4327,48.7884,-16.996,0.0,0.0001,2.3604,-0.0014,6.1443,35.523,11.1072,27.1634,35.9207
200.0,399.0,11.1374,39.8721,98.6916,229.745,0.0246,0.0003,99.3204,220.4327,48.7884,-16.996,0.0,0.0001,2.3541,-0.0033,6.1457,35.5193,11.0871,27.1642,35.9223
201.0,401.0,11.1234,39.8579,74.2075,228.8908,0.0256,0.0003,99.3492,220.4327,48.7884,-16.996,0.0,0.0001,2.3456,-0.0033,6.1486,35.5176,11.0729,27.1654,35.9242
202.0,403.0,11.107,39.8406,96.6175,227.951,0.0246,0.0003,99.3492,220.4327,48.7884,-16.996,0.0,0.0001,2.3382,-0.0037,6.1497,35.5153,11.0562,27.1667,35.9262
203.0,405.0,11.0989,39.8314,90.5963,226.8468,0.0239,0.0003,99.342,220.4328,48.7884,-16.996,0.0,0.0001,2.3315,-0.0046,6.1502,35.5133,11.0479,27.1667,35.9265
204.0,407.0,11.092,39.8244,98.7032,227.1635,0.0246,0.0003,99.3484,220.4328,48.7884,-16.996,0.0,0.0001,2.3273,-0.002,6.1504,35.512,11.0408,27.167,35.9272
205.0,409.0,11.0896,39.8231,98.6901,226.7247,0.0219,0.0003,99.3492,220.4328,48.7884,-16.996,0.0,0.0001,2.3233,-0.0017,6.1447,35.512,11.0381,27.1675,35.9277
206.0,411.0,11.1141,39.858,98.6857,228.1251,0.0172,0.0003,99.3402,220.4328,48.7884,-16.996,0.0,0.0001,2.3256,0.0018,6.1426,35.5222,11.0623,27.171,35.9301
207.0,413.0,11.1442,39.8941,98.683,230.4249,0.0207,0.0003,99.3376,220.4328,48.7884,-16.996,0.0,0.0001,2.3344,0.0052,6.1454,35.5284,11.092,27.1704,35.9282
208.0,415.0,11.1306,39.8795,98.6888,229.8956,0.0245,0.0003,99.3217,220.4329,48.7883,-16.996,0.0,0.0001,2.338,0.0018,6.1459,35.5259,11.0782,27.171,35.9294
209.0,417.0,11.1199,39.8674,98.6869,228.7911,0.0269,0.0003,99.3204,220.4329,48.7884,-16.996,0.0,0.0001,2.337,-0.0011,6.1474,35.5234,11.0673,27.171,35.93
210.0,419.0,11.1109,39.8579,95.1806,228.6101,0.0265,0.0003,99.3204,220.4329,48.7884,-16.996,0.0,0.0001,2.3333,-0.0011,6.1506,35.5217,11.0581,27.1714,35.9307
211.0,421.0,11.1043,39.8514,49.7058,227.7015,0.0268,0.0003,99.3129,220.4329,48.7884,-16.996,0.0,0.0001,2.3278,-0.0029,6.1566,35.5207,11.0513,27.1719,35.9315
212.0,423.0,11.0711,39.8128,97.9482,227.0795,0.0245,0.0003,99.3218,220.433,48.7883,-16.996,0.0,0.0001,2.3229,-0.0032,6.161,35.5134,11.0179,27.1723,35.9334
213.0,425.0,11.0165,39.75,93.8343,225.542,0.0219,0.0003,99.3413,220.433,48.7883,-16.996,0.0,0.0001,2.3135,-0.0047,6.1616,35.5023,10.9632,27.1736,35.937
214.0,427.0,11.0079,39.7412,98.6922,224.5649,0.0187,0.0003,99.3492,220.433,48.7883,-16.996,0.0,0.0001,2.3058,-0.0042,6.1576,35.5011,10.9544,27.1743,35.9381
215.0,429.0,11.032,39.7724,85.6832,226.2836,0.0214,0.0003,99.346,220.433,48.7884,-16.996,0.0,0.0001,2.307,0.0011,6.1493,35.508,10.9782,27.1753,35.9381
216.0,431.0,11.0847,39.8416,98.6805,230.0044,0.0251,0.0003,99.2981,220.4331,48.7883,-16.996,0.0,0.0001,2.3203,0.0076,6.1466,35.5253,11.0304,27.1792,35.9396
217.0,433.0,11.1003,39.8602,98.6854,231.502,0.0255,0.0003,99.345,220.4331,48.7883,-16.9961,0.0,0.0001,2.3319,0.0078,6.1435,35.528,11.0457,27.1785,35.9383
218.0,435.0,11.125,39.8918,98.6912,231.5696,0.0215,0.0003,99.3396,220.4331,48.7883,-16.9961,0.0,0.0001,2.3416,0.0047,6.1377,35.5347,11.0701,27.1793,35.938
219.0,437.0,11.1621,39.9388,98.6957,232.7241,0.0215,0.0003,99.3267,220.4331,48.7883,-16.9961,0.0,0.0001,2.3507,0.0047,6.1369,35.545,11.1068,27.1806,35.9376
220.0,439.0,11.1796,39.9608,98.692,233.7419,0.0225,0.0003,99.3204,220.4331,48.7883,-16.9961,0.0,0.0001,2.3583,0.0044,6.1359,35.5492,11.1241,27.1807,35.9369
221.0,441.0,11.1837,39.9668,69.995,233.6219,0.0259,0.0003,99.3204,220.4332,48.7883,-16.9961,0.0,0.0001,2.364,0.0023,6.1331,35.5503,11.1278,27.1808,35.9369
222.0,443.0,11.1948,39.9824,98.6838,233.8859,0.0236,0.0003,99.3204,220.4332,48.7883,-16.9961,0.0,0.0001,2.3671,0.0017,6.1319,35.5541,11.1386,27.1818,35.9374
223.0,445.0,11.2152,40.0082,98.6025,234.1868,0.0245,0.0003,99.3258,220.4332,48.7883,-16.9961,0.0,0.0001,2.3708,0.0014,6.1321,35.5592,11.1587,27.1821,35.9368
224.0,447.0,11.2161,40.0103,98.7037,234.0755,0.0252,0.0003,99.3204,220.4332,48.7883,-16.9961,0.0,0.0001,2.3717,0.0005,6.1321,35.5597,11.1593,27.1824,35.937
225.0,449.0,11.2126,40.0071,98.7025,234.4193,0.0241,0.0003,99.3204,220.4333,48.7883,-16.9961,0.0,0.0001,2.3724,0.0007,6.1343,35.559,11.1556,27.1825,35.9373
226.0,451.0,11.1979,39.9905,87.5345,234.4539,0.024,0.0003,99.3173,220.4333,48.7883,-16.9961,0.0,0.0001,2.3736,0.0,6.1384,35.5558,11.1407,27.1828,35.9383
227.0,453.0,11.1764,39.9663,82.307,234.6235,0.0214,0.0003,99.3204,220.4333,48.7883,-16.9961,0.0,0.0001,2.3736,0.0001,6.1412,35.5514,11.119,27.1833,35.9398
228.0,455.0,11.1517,39.9363,88.4373,233.5872,0.0256,0.0003,99.3204,220.4333,48.7883,-16.9961,0.0,0.0001,2.369,-0.0018,6.1413,35.5444,11.094,27.1825,35.94
229.0,457.0,11.1484,39.9339,98.6931,233.8276,0.0233,0.0003,99.3234,220.4334,48.7883,-16.9961,0.0,0.0001,2.3676,-0.0006,6.1412,35.5443,11.0906,27.183,35.9407
230.0,459.0,11.1493,39.9354,98.4194,233.1807,0.0243,0.0003,99.3204,220.4334,48.7883,-16.9961,0.0,0.0001,2.3651,-0.0016,6.1409,35.5442,11.0913,27.1828,35.9405
231.0,461.0,11.1507,39.9381,98.6871,233.9987,0.023,0.0003,99.3204,220.4334,48.7883,-16.9961,0.0,0.0001,2.3651,0.0005,6.1409,35.5447,11.0924,27.183,35.9406
232.0,463.0,11.1512,39.9401,98.6937,233.7042,0.0253,0.0003,99.3204,220.4334,48.7883,-16.9961,0.0,0.0001,2.3651,-0.0004,6.1411,35.5452,11.0926,27.1834,35.9409
233.0,465.0,11.1502,39.9404,98.7025,233.7121,0.0232,0.0003,99.3108,220.4334,48.7883,-16.9961,0.0,0.0001,2.3639,-0.0004,6.1413,35.5456,11.0913,27.1839,35.9415
234.0,467.0,11.1486,39.9395,62.1922,233.5887,0.0257,0.0003,99.3235,220.4335,48.7883,-16.9961,0.0,0.0001,2.3623,-0.0006,6.1426,35.5453,11.0894,27.184,35.9417
235.0,469.0,11.1451,39.9356,98.6858,233.0582,0.0258,0.0003,99.3204,220.4335,48.7883,-16.9961,0.0,0.0001,2.3589,-0.0016,6.1466,35.544,11.0858,27.1837,35.9416
236.0,471.0,11.126,39.9132,89.4519,232.2109,0.0225,0.0003,99.3204,220.4335,48.7883,-16.9961,0.0,0.0001,2.3545,-0.0025,6.1479,35.5393,11.0664,27.1836,35.9423
237.0,473.0,11.1025,39.8882,98.6972,231.8223,0.0223,0.0003,99.3105,220.4335,48.7883,-16.9961,0.0,0.0001,2.3501,-0.0023,6.1481,35.536,11.0427,27.1853,35.945
238.0,475.0,11.1002,39.8861,98.7025,232.3892,0.024,0.0003,99.3204,220.4336,48.7883,-16.9962,0.0,0.0001,2.3493,-0.0003,6.1489,35.5352,11.0401,27.1852,35.9451
239.0,477.0,11.0991,39.886,78.2231,232.0477,0.0215,0.0003,99.305,220.4336,48.7884,-16.9962,0.0,0.0001,2.3468,-0.001,6.1499,35.5353,11.0389,27.1855,35.9454
240.0,479.0,11.0857,39.8709,98.68,231.6975,0.0208,0.0003,99.3001,220.4336,48.7884,-16.9962,0.0,0.0001,2.3445,-0.0013,6.1505,35.5324,11.0252,27.1858,35.9463
241.0,481.0,11.0825,39.8685,98.7006,231.673,0.0206,0.0003,99.3204,220.4336,48.7884,-16.9962,0.0,0.0001,2.3427,-0.0009,6.1512,35.5322,11.0218,27.1862,35.9468
242.0,483.0,11.0808,39.8669,98.7,231.2243,0.0213,0.0003,99.3204,220.4337,48.7884,-16.9962,0.0,0.0001,2.3393,-0.0016,6.1549,35.5312,11.0198,27.1858,35.9466
243.0,485.0,11.0636,39.8474,98.7034,230.6045,0.0219,0.0003,99.2915,220.4337,48.7884,-16.9962,0.0,0.0001,2.3352,-0.0023,6.1586,35.5275,11.0024,27.1861,35.9476
244.0,487.0,11.0295,39.8087,68.549,229.4864,0.0243,0.0003,99.3012,220.4337,48.7884,-16.9962,0.0,0.0001,2.3282,-0.0032,6.1591,35.5209,10.9682,27.1872,35.9502
245.0,489.0,11.0206,39.8,98.6853,229.0459,0.0228,0.0003,99.2995,220.4337,48.7884,-16.9962,0.0,0.0001,2.3226,-0.0027,6.1595,35.5199,10.9591,27.188,35.9514
246.0,491.0,11.018,39.7976,94.6003,229.4385,0.0205,0.0003,99.296,220.4337,48.7884,-16.9962,0.0,0.0001,2.3206,-0.0011,6.1613,35.5192,10.9562,27.1881,35.9516
247.0,493.0,11.0131,39.7927,98.6847,228.8067,0.0218,0.0003,99.2915,220.4338,48.7884,-16.9962,0.0,0.0001,2.317,-0.0019,6.1627,35.5182,10.9511,27.1881,35.9519
248.0,495.0,10.997,39.7761,98.68,228.7159,0.0213,0.0003,99.2915,220.4338,48.7884,-16.9962,0.0,0.0001,2.3143,-0.0013,6.1608,35.5162,10.9348,27.1896,35.954
249.0,497.0,11.0012,39.7839,78.7853,229.1573,0.0213,0.0003,99.2915,220.4338,48.7884,-16.9962,0.0,0.0001,2.3144,0.0,6.1608,35.519,10.9387,27.191,35.9553
250.0,499.0,11.0087,39.7948,98.6911,229.3468,0.0233,0.0003,99.2977,220.4338,48.7884,-16.9962,0.0,0.0001,2.3148,0.0001,6.1615,35.5218,10.9459,27.192,35.9558
251.0,501.0,11.0055,39.7922,98.6967,229.4106,0.0261,0.0003,99.2967,220.4339,48.7884,-16.9962,0.0,0.0001,2.3147,0.0,6.1629,35.5215,10.9424,27.1923,35.9564
252.0,503.0,10.9961,39.7828,98.71,228.4987,0.0263,0.0003,99.2915,220.4339,48.7884,-16.9962,0.0,0.0001,2.3113,-0.0017,6.1634,35.5203,10.9329,27.1932,35.9576
253.0,505.0,10.9893,39.7762,98.6875,228.4867,0.0226,0.0003,99.3059,220.4339,48.7884,-16.9962,0.0,0.0001,2.3093,-0.0011,6.1635,35.5193,10.9258,27.1937,35.9584
254.0,507.0,10.9879,39.7755,98.695,229.2311,0.0194,0.0003,99.2915,220.4339,48.7884,-16.9962,0.0,0.0001,2.3101,0.0007,6.1638,35.5191,10.9241,27.1938,35.9586
255.0,509.0,10.9846,39.7728,83.0715,229.0742,0.019,0.0003,99.3043,220.434,48.7884,-16.9962,0.0,0.0001,2.3097,-0.0001,6.1653,35.5188,10.9206,27.1942,35.9591
256.0,511.0,10.974,39.7618,98.6847,228.2231,0.0228,0.0003,99.3068,220.434,48.7884,-16.9963,0.0,0.0001,2.3065,-0.0016,6.1668,35.5171,10.9099,27.1948,35.9603
257.0,513.0,10.9679,39.756,68.8024,228.8194,0.0222,0.0003,99.2957,220.434,48.7884,-16.9963,0.0,0.0001,2.3062,-0.0001,6.1679,35.5163,10.9035,27.1954,35.9611
258.0,515.0,10.9605,39.7493,98.6875,229.3573,0.0242,0.0003,99.3166,220.434,48.7884,-16.9963,0.0,0.0001,2.3072,0.0011,6.1684,35.516,10.8959,27.1965,35.9625
259.0,517.0,10.9549,39.7437,87.5842,229.0394,0.0236,0.0003,99.3204,220.434,48.7884,-16.9963,0.0,0.0001,2.307,0.0,6.1681,35.5149,10.8901,27.1967,35.9629
260.0,519.0,10.9495,39.7389,98.6901,229.0865,0.0197,0.0003,99.3153,220.4341,48.7884,-16.9963,0.0,0.0001,2.3069,-0.0001,6.1698,35.5143,10.8843,27.1973,35.9638
261.0,521.0,10.9438,39.733,98.6934,229.0028,0.0244,0.0003,99.3204,220.4341,48.7884,-16.9963,0.0,0.0001,2.3065,-0.0003,6.171,35.5131,10.8784,27.1974,35.9641
262.0,523.0,10.9342,39.7237,98.6848,228.6371,0.0233,0.0003,99.3204,220.4341,48.7884,-16.9963,0.0,0.0001,2.3036,-0.0009,6.1719,35.5121,10.8686,27.1984,35.9656
263.0,525.0,10.9314,39.7217,98.6912,228.4087,0.0213,0.0003,99.3204,220.4341,48.7883,-16.9963,0.0,0.0001,2.3017,-0.0011,6.1737,35.5118,10.8655,27.1988,35.9661
264.0,527.0,10.9176,39.7066,98.6899,228.3908,0.0206,0.0003,99.3204,220.4342,48.7883,-16.9963,0.0,0.0001,2.2997,-0.0009,6.1764,35.5092,10.8515,27.1992,35.9672
265.0,529.0,10.9101,39.6991,98.7031,228.0562,0.0223,0.0003,99.3204,220.4342,48.7884,-16.9963,0.0,0.0001,2.2976,-0.0014,6.177,35.5082,10.8438,27.1998,35.9681
266.0,531.0,10.8937,39.6812,98.6904,227.923,0.0193,0.0003,99.3204,220.4342,48.7884,-16.9963,0.0,0.0001,2.296,-0.0013,6.1772,35.5053,10.8273,27.2006,35.9696
267.0,533.0,10.8891,39.6772,82.2514,227.9598,0.021,0.0003,99.3204,220.4342,48.7884,-16.9963,0.0,0.0001,2.2942,-0.0007,6.1776,35.5047,10.8225,27.201,35.9702
268.0,535.0,10.8863,39.6758,98.6819,227.6426,0.0199,0.0003,99.3296,220.4343,48.7884,-16.9963,0.0,0.0001,2.2919,-0.0009,6.1776,35.505,10.8194,27.2018,35.9711
269.0,537.0,10.8857,39.677,92.8691,228.2404,0.021,0.0003,99.3204,220.4343,48.7883,-16.9963,0.0,0.0001,2.2918,0.0002,6.1776,35.5059,10.8185,27.2027,35.972
270.0,539.0,10.8856,39.6781,98.6889,228.2656,0.023,0.0003,99.3204,220.4343,48.7883,-16.9963,0.0,0.0001,2.2928,0.0001,6.1776,35.5062,10.8182,27.203,35.9723
271.0,541.0,10.8858,39.6792,98.6038,228.5185,0.0236,0.0003,99.3204,220.4343,48.7883,-16.9963,0.0,0.0001,2.2939,0.0004,6.1776,35.5063,10.8181,27.203,35.9724
272.0,543.0,10.886,39.6804,98.5187,229.0823,0.0197,0.0003,99.3278,220.4343,48.7883,-16.9963,0.0,0.0001,2.2958,0.0011,6.1784,35.5064,10.818,27.2031,35.9725
273.0,545.0,10.8824,39.6775,98.68,228.493,0.022,0.0003,99.3263,220.4344,48.7883,-16.9963,0.0,0.0001,2.2955,-0.0007,6.1809,35.5061,10.8142,27.2036,35.9731
274.0,547.0,10.8655,39.6597,98.6856,227.4734,0.0218,0.0003,99.3204,220.4344,48.7883,-16.9963,0.0,0.0001,2.2902,-0.0024,6.1829,35.5036,10.7971,27.2047,35.975
275.0,549.0,10.8581,39.652,86.5263,226.7946,0.0162,0.0003,99.333,220.4344,48.7883,-16.9963,0.0,0.0001,2.2857,-0.003,6.1852,35.5024,10.7894,27.2052,35.9758
276.0,551.0,10.8402,39.632,75.3509,225.4996,0.0187,0.0003,99.3255,220.4344,48.7883,-16.9964,0.0,0.0001,2.2778,-0.004,6.1861,35.4987,10.7714,27.2056,35.9769
277.0,553.0,10.826,39.617,94.2258,224.6611,0.0242,0.0003,99.3266,220.4345,48.7883,-16.9964,0.0,0.0001,2.2686,-0.0034,6.1873,35.4963,10.757,27.2063,35.9783
278.0,555.0,10.8225,39.6137,98.68,224.3694,0.0196,0.0003,99.3204,220.4345,48.7883,-16.9964,0.0,0.0001,2.2645,-0.0029,6.1884,35.4957,10.7533,27.2065,35.9786
279.0,557.0,10.8118,39.6019,98.4046,224.4896,0.0263,0.0003,99.33,220.4345,48.7883,-16.9964,0.0,0.0001,2.2611,-0.0018,6.1927,35.4934,10.7423,27.2066,35.9793
280.0,559.0,10.7795,39.5648,98.6899,222.4381,0.0271,0.0003,99.3204,220.4345,48.7883,-16.9964,0.0,0.0001,2.2511,-0.0046,6.1958,35.4863,10.7099,27.2069,35.981
281.0,561.0,10.7668,39.5515,98.71,221.244,0.0227,0.0003,99.3059,220.4346,48.7883,-16.9964,0.0,0.0001,2.2441,-0.0054,6.1965,35.4845,10.697,27.2078,35.9824
282.0,563.0,10.7556,39.5395,98.6873,220.6283,0.0215,0.0003,99.3207,220.4346,48.7883,-16.9964,0.0,0.0001,2.2369,-0.0048,6.1963,35.4826,10.6857,27.2084,35.9835
283.0,565.0,10.7511,39.5371,62.2661,221.5169,0.0249,0.0003,99.3444,220.4346,48.7883,-16.9964,0.0,0.0001,2.2334,-0.0013,6.1962,35.4836,10.681,27.21,35.9853
284.0,567.0,10.7527,39.5409,93.1958,221.8918,0.0211,0.0003,99.3502,220.4346,48.7883,-16.9964,0.0,0.0001,2.2332,-0.0002,6.196,35.4848,10.6823,27.2107,35.986
285.0,569.0,10.7525,39.542,98.6894,222.3607,0.0216,0.0003,99.3365,220.4347,48.7883,-16.9964,0.0,0.0001,2.2344,0.0006,6.1956,35.4851,10.6817,27.211,35.9863
286.0,571.0,10.7585,39.5529,98.68,222.8171,0.021,0.0003,99.3492,220.4347,48.7883,-16.9964,0.0,0.0001,2.2359,0.001,6.197,35.4895,10.6875,27.2134,35.9884
287.0,573.0,10.7548,39.5494,98.7014,222.9655,0.0214,0.0003,99.3492,220.4347,48.7883,-16.9964,0.0,0.0001,2.237,0.0009,6.1974,35.4888,10.6836,27.2136,35.9887
288.0,575.0,10.7428,39.5378,81.161,222.7755,0.0214,0.0003,99.3452,220.4347,48.7883,-16.9964,0.0,0.0001,2.237,0.0001,6.1973,35.4877,10.6713,27.215,35.9906
289.0,577.0,10.7445,39.5416,98.68,223.4109,0.0219,0.0003,99.3453,220.4347,48.7883,-16.9964,0.0,0.0001,2.2393,0.0009,6.1977,35.4889,10.6727,27.2156,35.9912
290.0,579.0,10.743,39.5412,66.5341,222.844,0.0176,0.0003,99.3492,220.4348,48.7883,-16.9964,0.0,0.0001,2.2381,-0.0005,6.1982,35.4893,10.671,27.2162,35.9919
291.0,581.0,10.7397,39.5386,98.6831,222.8166,0.0198,0.0003,99.3549,220.4348,48.7883,-16.9964,0.0,0.0001,2.2372,-0.0005,6.1987,35.4891,10.6675,27.2168,35.9925
292.0,583.0,10.7353,39.5348,98.68,222.6271,0.0223,0.0003,99.3524,220.4348,48.7883,-16.9964,0.0,0.0001,2.2362,-0.0007,6.1998,35.4885,10.6629,27.2171,35.9931
293.0,585.0,10.7266,39.5265,98.68,222.26,0.0227,0.0003,99.3514,220.4348,48.7883,-16.9964,0.0,0.0001,2.2336,-0.0012,6.2028,35.4876,10.6539,27.218,35.9944
294.0,587.0,10.7067,39.5057,98.6825,221.6046,0.0213,0.0003,99.3219,220.4349,48.7883,-16.9964,0.0,0.0001,2.2287,-0.0019,6.204,35.485,10.6339,27.2196,35.9968
295.0,589.0,10.6967,39.4955,87.6793,220.9144,0.0198,0.0003,99.3492,220.4349,48.7883,-16.9964,0.0,0.0001,2.2247,-0.0024,6.204,35.4837,10.6237,27.2204,35.998
296.0,591.0,10.6955,39.4951,83.1765,221.052,0.021,0.0003,99.354,220.4349,48.7883,-16.9964,0.0,0.0001,2.2234,-0.0017,6.2038,35.4837,10.6222,27.2206,35.9983
297.0,593.0,10.6962,39.4973,98.68,221.2744,0.0214,0.0003,99.3596,220.4349,48.7883,-16.9964,0.0,0.0001,2.2219,-0.0006,6.2043,35.4841,10.6226,27.2208,35.9985
298.0,595.0,10.693,39.4949,98.6865,221.2519,0.0195,0.0003,99.335,220.4349,48.7883,-16.9964,0.0,0.0001,2.2205,-0.0006,6.2072,35.484,10.6192,27.2214,35.9992
299.0,597.0,10.674,39.475,98.6852,221.0262,0.0177,0.0003,99.3334,220.435,48.7883,-16.9964,0.0,0.0001,2.2185,-0.0009,6.2092,35.4814,10.5999,27.2228,36.0014
300.0,599.0,10.6628,39.4638,98.6825,220.7079,0.022,0.0003,99.3593,220.435,48.7883,-16.9964,0.0,0.0001,2.2173,-0.0013,6.21,35.4802,10.5886,27.2239,36.003
301.0,601.0,10.657,39.4583,82.4342,220.7833,0.023,0.0003,99.3489,220.435,48.7883,-16.9965,0.0,0.0001,2.2153,-0.0009,6.2118,35.4795,10.5827,27.2244,36.0038
302.0,603.0,10.6476,39.4487,93.512,220.155,0.0233,0.0003,99.3506,220.435,48.7883,-16.9965,0.0,0.0001,2.2123,-0.0019,6.2153,35.478,10.573,27.225,36.0048
303.0,605.0,10.6241,39.4231,97.2547,219.8878,0.0255,0.0003,99.3534,220.4351,48.7883,-16.9965,0.0,0.0001,2.2083,-0.0017,6.2165,35.4742,10.5493,27.2262,36.007
304.0,607.0,10.6015,39.3989,98.6893,220.0814,0.0219,0.0003,99.3572,220.4351,48.7883,-16.9965,0.0,0.0001,2.2068,-0.0008,6.2187,35.4706,10.5266,27.2275,36.0093
305.0,609.0,10.5913,39.3885,88.2091,219.2466,0.0204,0.0003,99.3563,220.4351,48.7883,-16.9965,0.0,0.0001,2.2024,-0.0019,6.2197,35.4693,10.5161,27.2283,36.0106
306.0,611.0,10.5847,39.3819,98.68,218.6482,0.0213,0.0003,99.3492,220.4351,48.7883,-16.9965,0.0,0.0001,2.1984,-0.0022,6.221,35.4681,10.5093,27.2285,36.0111
307.0,613.0,10.5798,39.3787,98.68,219.0677,0.0171,0.0003,99.3592,220.4351,48.7883,-16.9965,0.0,0.0001,2.1966,-0.0009,6.2222,35.4688,10.5043,27.23,36.0128
308.0,615.0,10.5694,39.3679,98.68,218.9448,0.0187,0.0003,99.3551,220.4352,48.7883,-16.9965,0.0,0.0001,2.195,-0.0008,6.2242,35.4671,10.4936,27.2306,36.0139
309.0,617.0,10.5561,39.3541,98.6836,218.6962,0.0208,0.0003,99.3588,220.4352,48.7883,-16.9965,0.0,0.0001,2.1933,-0.0011,6.2259,35.4651,10.4802,27.2314,36.0153
310.0,619.0,10.5439,39.3412,98.68,218.0163,0.0238,0.0003,99.3571,220.4352,48.7883,-16.9965,0.0,0.0001,2.1892,-0.0019,6.2283,35.4632,10.4677,27.2321,36.0165
311.0,621.0,10.5232,39.3198,77.1923,218.0108,0.0223,0.0003,99.3602,220.4352,48.7883,-16.9965,0.0,0.0001,2.1866,-0.0012,6.2281,35.4608,10.4469,27.2339,36.0192
312.0,623.0,10.5216,39.3189,98.68,218.3432,0.0215,0.0003,99.3435,220.4353,48.7883,-16.9965,0.0,0.0001,2.1865,-0.0003,6.2276,35.4603,10.445,27.2339,36.0193
313.0,625.0,10.5258,39.3254,98.6858,218.4095,0.0242,0.0003,99.3525,220.4353,48.7883,-16.9965,0.0,0.0001,2.1865,0.0,6.2265,35.462,10.449,27.2345,36.0197
314.0,627.0,10.5314,39.3335,77.8515,218.9642,0.0256,0.0003,99.3526,220.4353,48.7883,-16.9965,0.0,0.0001,2.1878,0.0009,6.2241,35.4639,10.4543,27.235,36.02
315.0,629.0,10.5454,39.352,92.0962,219.8631,0.0181,0.0003,99.3492,220.4353,48.7883,-16.9965,0.0,0.0001,2.1917,0.0019,6.224,35.4683,10.4679,27.236,36.0203
316.0,631.0,10.5509,39.3612,90.1881,219.5782,0.0197,0.0003,99.3492,220.4354,48.7883,-16.9965,0.0,0.0001,2.1929,0.0005,6.2232,35.4712,10.4732,27.2374,36.0214
317.0,633.0,10.552,39.3657,98.6834,219.392,0.0171,0.0003,99.355,220.4354,48.7883,-16.9965,0.0,0.0001,2.193,0.0,6.2213,35.4737,10.474,27.2392,36.0231
318.0,635.0,10.5645,39.3821,98.6867,219.638,0.0186,0.0003,99.354,220.4354,48.7883,-16.9966,0.0,0.0001,2.1937,0.0004,6.2195,35.4773,10.4861,27.2398,36.0233
319.0,637.0,10.5798,39.403,98.68,220.3188,0.0197,0.0003,99.3492,220.4354,48.7883,-16.9966,0.0,0.0001,2.196,0.0014,6.2189,35.4825,10.5012,27.2413,36.024
320.0,639.0,10.5821,39.4072,98.3541,220.5075,0.0202,0.0003,99.335,220.4355,48.7883,-16.9966,0.0,0.0001,2.1992,0.0012,6.2143,35.4838,10.5032,27.2419,36.0246
321.0,641.0,10.6056,39.4381,98.68,221.5219,0.0208,0.0003,99.341,220.4355,48.7883,-16.9966,0.0,0.0001,2.2034,0.0023,6.2126,35.4913,10.5264,27.2436,36.0252
322.0,643.0,10.623,39.4609,98.68,222.4875,0.0205,0.0003,99.3451,220.4355,48.7883,-16.9966,0.0,0.0001,2.2091,0.003,6.2097,35.4963,10.5434,27.2445,36.0253
323.0,645.0,10.6426,39.4861,98.68,222.6577,0.0207,0.0003,99.333,220.4355,48.7883,-16.9966,0.0,0.0001,2.2131,0.002,6.2089,35.5018,10.5627,27.2454,36.0253
324.0,647.0,10.651,39.497,74.0479,223.8801,0.0233,0.0003,99.326,220.4355,48.7883,-16.9966,0.0,0.0001,2.2194,0.003,6.2083,35.5038,10.5708,27.2454,36.025
325.0,649.0,10.656,39.5049,96.59,223.6476,0.0218,0.0003,99.3204,220.4356,48.7883,-16.9966,0.0,0.0001,2.2224,0.0013,6.2075,35.5059,10.5754,27.2463,36.0256
326.0,651.0,10.6628,39.5144,89.627,223.9184,0.0203,0.0003,99.3204,220.4356,48.7883,-16.9966,0.0,0.0001,2.2244,0.0011,6.2074,35.5081,10.582,27.2468,36.0258
327.0,653.0,10.6624,39.5149,98.68,223.1241,0.0232,0.0003,99.3264,220.4356,48.7883,-16.9966,0.0,0.0001,2.2234,-0.0007,6.207,35.5083,10.5814,27.2471,36.0262
328.0,655.0,10.6635,39.5176,98.3445,223.7105,0.0326,0.0003,99.3252,220.4356,48.7883,-16.9966,0.0,0.0001,2.2238,0.0005,6.2064,35.509,10.5822,27.2475,36.0265
329.0,657.0,10.6709,39.5294,98.6862,224.1458,0.0261,0.0003,99.3306,220.4357,48.7883,-16.9966,0.0,0.0001,2.2249,0.0008,6.2086,35.5125,10.5893,27.249,36.0277
330.0,659.0,10.6596,39.5172,98.68,223.4038,0.024,0.0003,99.324,220.4357,48.7883,-16.9966,0.0,0.0001,2.2235,-0.0009,6.2095,35.5104,10.5777,27.2494,36.0286
331.0,661.0,10.6499,39.5071,98.6837,222.0308,0.0227,0.0003,99.3396,220.4357,48.7883,-16.9966,0.0,0.0001,2.218,-0.0029,6.2105,35.5089,10.5678,27.25,36.0296
332.0,663.0,10.642,39.5,76.7441,221.4653,0.0231,0.0003,99.3204,220.4357,48.7883,-16.9966,0.0,0.0001,2.2123,-0.0027,6.2119,35.5084,10.5597,27.2511,36.031
333.0,665.0,10.6346,39.4918,88.8861,220.6956,0.0243,0.0003,99.3031,220.4358,48.7883,-16.9966,0.0,0.0001,2.2064,-0.0031,6.2149,35.5067,10.5521,27.2511,36.0314
334.0,667.0,10.6198,39.4764,98.6851,219.6092,0.0237,0.0003,99.3204,220.4358,48.7883,-16.9966,0.0,0.0001,2.1985,-0.0039,6.2202,35.5044,10.5371,27.2519,36.0329
335.0,669.0,10.5934,39.445,98.6906,218.1656,0.022,0.0003,99.3204,220.4358,48.7883,-16.9966,0.0,0.0001,2.1889,-0.0054,6.2249,35.4976,10.5106,27.2514,36.0335
336.0,671.0,10.5368,39.3798,89.2662,216.8112,0.0231,0.0003,99.305,220.4358,48.7883,-16.9966,0.0,0.0001,2.1789,-0.0057,6.2306,35.486,10.454,27.2523,36.0369
337.0,673.0,10.5021,39.3412,98.6962,215.2041,0.0197,0.0003,99.3021,220.4358,48.7883,-16.9966,0.0,0.0001,2.1645,-0.0056,6.2349,35.4799,10.4193,27.2537,36.0399
338.0,675.0,10.4847,39.322,98.68,214.7854,0.0202,0.0003,99.3163,220.4359,48.7883,-16.9966,0.0,0.0001,2.1554,-0.0045,6.2446,35.4764,10.4017,27.2541,36.041
339.0,677.0,10.4315,39.2614,98.6835,212.665,0.0221,0.0003,99.3308,220.4359,48.7883,-16.9967,0.0,0.0001,2.143,-0.0061,6.2494,35.4657,10.3484,27.2551,36.0445
340.0,679.0,10.3745,39.1969,98.68,211.2654,0.0201,0.0003,99.3204,220.4359,48.7883,-16.9967,0.0,0.0001,2.1318,-0.0061,6.2494,35.4549,10.2915,27.2567,36.0485
341.0,681.0,10.3688,39.191,98.6811,211.2453,0.0227,0.0003,99.3152,220.4359,48.7883,-16.9967,0.0,0.0001,2.1238,-0.0038,6.2515,35.4536,10.2856,27.2567,36.0488
342.0,683.0,10.3639,39.1858,78.8382,211.1341,0.0239,0.0003,99.3164,220.436,48.7883,-16.9967,0.0,0.0001,2.1191,-0.0025,6.2531,35.4524,10.2805,27.2566,36.049
343.0,685.0,10.3461,39.1668,94.7447,210.151,0.0247,0.0003,99.2853,220.436,48.7883,-16.9967,0.0,0.0001,2.1119,-0.0034,6.2603,35.4494,10.2625,27.2575,36.0506
344.0,687.0,10.3299,39.147,98.68,209.2802,0.0251,0.0003,99.3204,220.436,48.7883,-16.9967,0.0,0.0001,2.1021,-0.0042,6.2806,35.4442,10.2462,27.2563,36.0502
345.0,689.0,10.1966,38.9929,98.6853,205.0601,0.0209,0.0003,99.3285,220.436,48.7883,-16.9967,0.0,0.0001,2.0847,-0.0093,6.2851,35.4166,10.1133,27.2579,36.0577
346.0,691.0,10.1273,38.9152,89.0857,201.7488,0.0177,0.0003,99.3297,220.4361,48.7883,-16.9967,0.0,0.0001,2.064,-0.0105,6.2723,35.4042,10.0441,27.2601,36.0631
347.0,693.0,10.1652,38.9679,98.6777,202.0722,0.0212,0.0003,99.3263,220.4361,48.7883,-16.9967,0.0,0.0001,2.0521,-0.0056,6.2728,35.4199,10.0815,27.2659,36.0671
348.0,695.0,10.2069,39.0228,98.68,201.8696,0.0211,0.0003,99.3269,220.4361,48.7883,-16.9967,0.0,0.0001,2.045,-0.0038,6.2736,35.4342,10.1227,27.27,36.0692
349.0,697.0,10.1933,39.011,98.68,201.2323,0.0252,0.0003,99.3254,220.4361,48.7883,-16.9967,0.0,0.0001,2.0383,-0.0032,6.2721,35.4345,10.109,27.2726,36.0724
350.0,699.0,10.2007,39.0235,98.68,201.213,0.0244,0.0003,99.3119,220.4361,48.7883,-16.9967,0.0,0.0001,2.0341,-0.002,6.2726,35.4393,10.1161,27.2751,36.0745
351.0,701.0,10.1967,39.021,98.68,200.7485,0.0263,0.0003,99.3269,220.4362,48.7883,-16.9967,0.0,0.0001,2.0305,-0.0019,6.2696,35.4397,10.1118,27.2762,36.0758
352.0,703.0,10.217,39.0482,83.4406,200.6983,0.0256,0.0003,99.3226,220.4362,48.7883,-16.9967,0.0,0.0001,2.0279,-0.0012,6.2691,35.4466,10.1318,27.2781,36.0768
353.0,705.0,10.2262,39.0606,98.68,200.5659,0.0243,0.0003,99.3292,220.4362,48.7883,-16.9967,0.0,0.0001,2.0256,-0.0011,6.2718,35.4494,10.1407,27.2787,36.077
354.0,707.0,10.2132,39.049,98.68,199.3852,0.0255,0.0003,99.3267,220.4362,48.7883,-16.9967,0.0,0.0001,2.0202,-0.0027,6.2735,35.4493,10.1275,27.281,36.0798
355.0,709.0,10.1997,39.0357,75.1882,198.9076,0.0249,0.0003,99.3185,220.4363,48.7883,-16.9967,0.0,0.0001,2.0154,-0.0025,6.2742,35.448,10.1138,27.2823,36.0817
356.0,711.0,10.1815,39.0166,91.9553,198.9662,0.0244,0.0003,99.325,220.4363,48.7883,-16.9967,0.0,0.0001,2.0129,-0.0013,6.271,35.4455,10.0954,27.2835,36.0837
357.0,713.0,10.2167,39.0609,98.6629,199.0338,0.0221,0.0003,99.3204,220.4363,48.7883,-16.9967,0.0,0.0001,2.0107,-0.0012,6.2816,35.4553,10.1302,27.2851,36.0837
358.0,715.0,10.1893,39.0293,98.68,198.369,0.025,0.0003,99.3282,220.4363,48.7883,-16.9968,0.0,0.0001,2.0058,-0.0025,6.2978,35.449,10.1027,27.285,36.0849
359.0,717.0,10.0812,38.9051,98.68,197.0518,0.0207,0.0003,99.3492,220.4363,48.7883,-16.9968,0.0,0.0001,2.0003,-0.0038,6.2935,35.4272,9.995,27.2866,36.0913
360.0,719.0,10.0367,38.8547,98.68,197.136,0.0239,0.0003,99.3306,220.4364,48.7883,-16.9968,0.0,0.0001,1.9968,-0.0018,6.2851,35.4183,9.9504,27.2873,36.094
361.0,721.0,10.0993,38.9313,98.68,197.7092,0.0232,0.0003,99.3384,220.4364,48.7883,-16.9968,0.0,0.0001,1.9972,0.0003,6.271,35.4345,10.0124,27.2893,36.0931
362.0,723.0,10.1632,39.0166,98.68,196.7737,0.0241,0.0003,99.332,220.4364,48.7883,-16.9968,0.0,0.0001,1.9948,-0.0011,6.2665,35.458,10.0757,27.2967,36.0976
363.0,725.0,10.2337,39.1023,98.68,195.1754,0.0202,0.0003,99.3309,220.4364,48.7883,-16.9968,0.0,0.0001,1.9893,-0.0036,6.2667,35.4756,10.1456,27.2983,36.096
364.0,727.0,10.2404,39.1122,98.68,194.7035,0.0231,0.0003,99.3413,220.4365,48.7883,-16.9968,0.0,0.0001,1.984,-0.0028,6.2635,35.4781,10.152,27.2991,36.0965
365.0,729.0,10.2568,39.1334,80.2873,194.4514,0.0203,0.0003,99.341,220.4365,48.7883,-16.9968,0.0,0.0001,1.9788,-0.0021,6.2664,35.4829,10.1681,27.3001,36.0967
366.0,731.0,10.2556,39.1347,94.7769,193.1496,0.0184,0.0003,99.3318,220.4365,48.7883,-16.9968,0.0,0.0001,1.9719,-0.0036,6.2733,35.4845,10.1666,27.3016,36.0983
367.0,733.0,10.209,39.0847,98.461,191.7912,0.0247,0.0003,99.3437,220.4365,48.7883,-16.9968,0.0,0.0001,1.9621,-0.0045,6.276,35.478,10.12,27.3046,36.1033
368.0,735.0,10.1751,39.0485,98.68,191.4782,0.0253,0.0003,99.3492,220.4366,48.7883,-16.9968,0.0,0.0001,1.9573,-0.0037,6.278,35.4735,10.0861,27.307,36.1072
369.0,737.0,10.1669,39.0401,98.4585,191.6588,0.0239,0.0003,99.3462,220.4366,48.7882,-16.9968,0.0,0.0001,1.9545,-0.0023,6.2785,35.4723,10.0778,27.3075,36.1081
370.0,739.0,10.1505,39.0225,98.68,192.0477,0.0264,0.0003,99.332,220.4366,48.7882,-16.9968,0.0,0.0001,1.9518,-0.001,6.2844,35.4693,10.0611,27.3081,36.1094
371.0,741.0,10.12,38.9879,98.68,192.0576,0.0255,0.0003,99.3348,220.4366,48.7882,-16.9968,0.0,0.0001,1.9501,-0.0008,6.2904,35.4628,10.0304,27.3083,36.111
372.0,743.0,10.0862,38.9509,98.68,191.958,0.0209,0.0003,99.3332,220.4366,48.7882,-16.9968,0.0,0.0001,1.9487,-0.0008,6.2918,35.4574,9.9966,27.3099,36.114
373.0,745.0,10.0641,38.9269,88.6884,191.9472,0.0233,0.0003,99.3341,220.4367,48.7882,-16.9968,0.0,0.0001,1.9473,-0.0007,6.2934,35.4536,9.9744,27.3108,36.116
374.0,747.0,10.0617,38.9255,95.1032,191.3426,0.0216,0.0003,99.3296,220.4367,48.7882,-16.9968,0.0,0.0001,1.9451,-0.0018,6.3052,35.4536,9.9717,27.3112,36.1165
375.0,749.0,9.9907,38.8447,98.68,191.1048,0.021,0.0003,99.3276,220.4367,48.7882,-16.9968,0.0,0.0001,1.94,-0.0017,6.3099,35.4394,9.9009,27.3123,36.1208
376.0,751.0,9.9637,38.8181,98.68,191.2018,0.0173,0.0003,99.3296,220.4367,48.7882,-16.9968,0.0,0.0001,1.9381,-0.0012,6.315,35.4379,9.8738,27.3157,36.1254
377.0,753.0,9.925,38.7741,98.6389,190.9059,0.02,0.0003,99.3263,220.4368,48.7882,-16.9968,0.0,0.0001,1.9361,-0.0014,6.3171,35.4301,9.8351,27.3162,36.1276
378.0,755.0,9.8925,38.7402,86.4834,190.4702,0.0209,0.0003,99.3449,220.4368,48.7882,-16.9969,0.0,0.0001,1.9322,-0.0018,6.3228,35.4263,9.8025,27.3188,36.1317
379.0,757.0,9.8742,38.7169,98.68,190.3301,0.0215,0.0003,99.3412,220.4368,48.7882,-16.9969,0.0,0.0001,1.9282,-0.002,6.34,35.4194,9.7841,27.3166,36.1303
380.0,759.0,9.7543,38.5802,98.68,189.8962,0.0225,0.0003,99.3457,220.4368,48.7882,-16.9969,0.0,0.0001,1.9225,-0.0025,6.359,35.3953,9.6647,27.318,36.1371
381.0,761.0,9.6365,38.4465,98.68,188.8387,0.0232,0.0003,99.3492,220.4369,48.7882,-16.9969,0.0,0.0001,1.9132,-0.0038,6.3823,35.3722,9.5472,27.3197,36.1442
382.0,763.0,9.4892,38.2787,98.68,188.4771,0.0221,0.0003,99.3552,220.4369,48.7882,-16.9969,0.0,0.0001,1.9088,-0.0037,6.3908,35.343,9.4005,27.3212,36.1524
383.0,765.0,9.4353,38.216,85.8547,188.7852,0.0225,0.0003,99.3592,220.4369,48.7882,-16.9969,0.0,0.0001,1.9047,-0.0025,6.4037,35.3304,9.3467,27.3203,36.154
384.0,767.0,9.3286,38.0991,98.2236,188.6111,0.0253,0.0003,99.3679,220.4369,48.7882,-16.9969,0.0,0.0001,1.899,-0.0025,6.4217,35.3133,9.2404,27.3244,36.1629
385.0,769.0,9.226,37.9825,97.6953,188.0331,0.0263,0.0002,99.3718,220.4369,48.7882,-16.9969,0.0,0.0001,1.8937,-0.0028,6.43,35.2923,9.1382,27.3247,36.168
386.0,771.0,9.1419,37.8901,98.68,188.6061,0.0227,0.0002,99.3812,220.437,48.7882,-16.9969,0.0,0.0001,1.892,-0.001,6.4327,35.278,9.0543,27.3272,36.1743
387.0,773.0,9.1126,37.8609,98.68,189.3767,0.0215,0.0002,99.3829,220.437,48.7882,-16.9969,0.0,0.0001,1.8926,0.0004,6.436,35.2755,9.0249,27.33,36.1784
388.0,775.0,9.0939,37.8404,76.1276,189.0322,0.0233,0.0002,99.3852,220.437,48.7882,-16.9969,0.0,0.0001,1.8921,-0.0005,6.4389,35.2717,9.0062,27.3301,36.1794
389.0,777.0,9.0777,37.8238,90.8669,189.6064,0.0282,0.0002,99.3977,220.437,48.7882,-16.9969,0.0,0.0001,1.8926,0.0003,6.4435,35.2694,8.9897,27.3309,36.1809
390.0,779.0,9.036,37.7804,94.1955,189.9801,0.0272,0.0002,99.4046,220.4371,48.7882,-16.9969,0.0,0.0001,1.8938,0.0006,6.4434,35.2642,8.948,27.3335,36.1855
391.0,781.0,9.0332,37.7831,98.68,189.6635,0.0224,0.0002,99.4208,220.4371,48.7882,-16.9969,0.0,0.0001,1.8929,-0.0003,6.4481,35.2687,8.945,27.3376,36.1896
392.0,783.0,9.0121,37.7611,98.68,189.104,0.0275,0.0002,99.4172,220.4371,48.7882,-16.9969,0.0,0.0001,1.8913,-0.0012,6.4531,35.2657,8.9238,27.3386,36.1916
393.0,785.0,8.9801,37.7285,98.68,188.9109,0.0286,0.0002,99.4359,220.4371,48.7882,-16.9969,0.0,0.0001,1.8888,-0.0013,6.4549,35.2624,8.8917,27.3412,36.1956
394.0,787.0,8.9686,37.7224,98.68,188.7933,0.0266,0.0002,99.4313,220.4372,48.7882,-16.9969,0.0,0.0001,1.8864,-0.0012,6.4563,35.2665,8.88,27.3463,36.2012
395.0,789.0,8.9517,37.7057,98.68,189.3042,0.0208,0.0002,99.4359,220.4372,48.7882,-16.997,0.0,0.0001,1.8864,0.0,6.4567,35.2645,8.863,27.3474,36.2031
396.0,791.0,8.9444,37.7024,98.68,188.9018,0.022,0.0002,99.4415,220.4372,48.7882,-16.997,0.0,0.0001,1.8853,-0.0007,6.4583,35.2674,8.8556,27.3509,36.2069
397.0,793.0,8.9291,37.6881,98.68,188.1768,0.0226,0.0002,99.4599,220.4372,48.7882,-16.997,0.0,0.0001,1.8819,-0.0012,6.4517,35.2666,8.8401,27.3527,36.2094
398.0,795.0,8.9447,37.7122,82.0006,187.1623,0.0216,0.0002,99.4583,220.4373,48.7882,-16.997,0.0,0.0001,1.8791,-0.0025,6.4499,35.2757,8.8553,27.3574,36.2133
399.0,797.0,8.9759,37.752,92.106,185.6628,0.021,0.0002,99.4675,220.4373,48.7882,-16.997,0.0,0.0001,1.8721,-0.004,6.4487,35.2855,8.8862,27.3601,36.2145
400.0,799.0,8.9968,37.7782,96.2812,185.5751,0.0222,0.0002,99.4832,220.4373,48.7882,-16.997,0.0,0.0001,1.8661,-0.0024,6.4466,35.2914,8.9067,27.3615,36.2149
401.0,801.0,9.0042,37.7889,98.68,185.0997,0.0209,0.0002,99.4866,220.4373,48.7882,-16.997,0.0,0.0001,1.8622,-0.0024,6.4501,35.2946,8.9139,27.3628,36.2159
402.0,803.0,9.0016,37.79,98.68,184.4039,0.0247,0.0002,99.4936,220.4373,48.7882,-16.997,0.0,0.0001,1.8566,-0.0028,6.4555,35.2973,8.911,27.3655,36.2186
403.0,805.0,8.9571,37.7444,89.4834,184.5457,0.025,0.0002,99.4987,220.4374,48.7882,-16.997,0.0,0.0001,1.8538,-0.0016,6.4591,35.2925,8.8665,27.3688,36.2239
404.0,807.0,8.9277,37.7147,98.68,184.7828,0.0241,0.0002,99.4905,220.4374,48.7882,-16.997,0.0,0.0001,1.8524,-0.0006,6.456,35.2895,8.837,27.3712,36.2276
405.0,809.0,8.9406,37.7341,98.68,184.7677,0.0211,0.0002,99.5021,220.4374,48.7882,-16.997,0.0,0.0001,1.8523,0.0002,6.4394,35.2961,8.8496,27.3744,36.2301
406.0,811.0,9.0517,37.873,98.68,184.2449,0.0206,0.0002,99.508,220.4374,48.7882,-16.997,0.0,0.0001,1.8498,-0.0009,6.4448,35.3306,8.9597,27.3836,36.2341
407.0,813.0,9.0539,37.8751,98.68,183.3176,0.0199,0.0002,99.5158,220.4375,48.7882,-16.997,0.0,0.0001,1.8468,-0.0023,6.4476,35.3298,8.9617,27.3827,36.2331
408.0,815.0,9.0102,37.8278,91.3792,183.603,0.0235,0.0002,99.5231,220.4375,48.7882,-16.997,0.0,0.0001,1.8439,-0.0015,6.4548,35.3226,8.918,27.3842,36.2366
409.0,817.0,8.958,37.7723,93.0879,183.3579,0.0206,0.0002,99.5462,220.4375,48.7882,-16.997,0.0,0.0001,1.8437,-0.0011,6.4473,35.3151,8.866,27.3866,36.2414
410.0,819.0,8.939,37.7621,98.6473,184.1976,0.023,0.0002,99.539,220.4375,48.7882,-16.997,0.0,0.0001,1.8439,0.001,6.4394,35.3225,8.8468,27.3955,36.251
411.0,821.0,9.0514,37.8936,98.68,183.4497,0.0249,0.0002,99.5312,220.4375,48.7882,-16.997,0.0,0.0001,1.8437,-0.0009,6.4454,35.348,8.9583,27.3975,36.2478
412.0,823.0,9.0246,37.8634,98.68,183.0377,0.0234,0.0002,99.5416,220.4376,48.7882,-16.997,0.0,0.0001,1.8389,-0.0021,6.4726,35.3421,8.9314,27.3972,36.2488
413.0,825.0,8.8791,37.6981,98.68,182.5915,0.0241,0.0002,99.5514,220.4376,48.7882,-16.997,0.0,0.0001,1.8339,-0.0023,6.4799,35.312,8.7866,27.3968,36.2552
414.0,827.0,8.7986,37.6083,41.0459,183.1852,0.0241,0.0002,99.5423,220.4376,48.7882,-16.997,0.0,0.0001,1.8339,-0.0009,6.4794,35.2968,8.7064,27.3977,36.2598
415.0,829.0,8.778,37.5872,98.7341,184.272,0.0236,0.0002,99.5471,220.4376,48.7882,-16.997,0.0,0.0001,1.8361,0.0009,6.4798,35.2942,8.6857,27.399,36.262
416.0,831.0,8.7741,37.5852,96.0133,184.1155,0.0204,0.0002,99.5493,220.4377,48.7882,-16.9971,0.0,0.0001,1.8364,0.0002,6.4816,35.2949,8.6815,27.4002,36.2634
417.0,833.0,8.7647,37.5771,98.68,183.9193,0.0216,0.0002,99.5514,220.4377,48.7882,-16.9971,0.0,0.0001,1.8362,-0.0003,6.4845,35.2949,8.672,27.4017,36.2653
418.0,835.0,8.7597,37.5733,98.6806,183.5397,0.0194,0.0002,99.5514,220.4377,48.7882,-16.9971,0.0,0.0001,1.8359,-0.0003,6.4671,35.295,8.6668,27.4025,36.2664
419.0,837.0,8.7924,37.6203,98.68,184.2551,0.0246,0.0002,99.5507,220.4377,48.7882,-16.9971,0.0,0.0001,1.8375,0.0013,6.4524,35.3108,8.699,27.4098,36.272
420.0,839.0,8.899,37.7465,98.68,183.9919,0.0232,0.0002,99.5451,220.4377,48.7882,-16.9971,0.0,0.0001,1.8376,0.0006,6.4471,35.3366,8.8047,27.4133,36.2704
421.0,841.0,8.9749,37.8422,90.963,183.0753,0.0219,0.0002,99.5493,220.4378,48.7882,-16.9971,0.0,0.0001,1.8376,-0.0003,6.431,35.3608,8.8799,27.4202,36.2737
422.0,843.0,9.0798,37.9657,80.8384,182.9392,0.0263,0.0002,99.5471,220.4378,48.7882,-16.9971,0.0,0.0001,1.8376,0.0002,6.4139,35.3851,8.9839,27.4225,36.2711
423.0,845.0,9.1749,38.0822,94.6762,182.0659,0.0245,0.0002,99.5514,220.4378,48.7882,-16.9971,0.0,0.0001,1.8335,-0.002,6.4355,35.4117,9.0781,27.428,36.2722
424.0,847.0,9.1851,38.0951,98.68,180.8214,0.0251,0.0002,99.5463,220.4378,48.7882,-16.9971,0.0,0.0001,1.8272,-0.0037,6.4504,35.4139,9.088,27.4281,36.2718
425.0,849.0,8.9446,37.826,98.68,182.1097,0.0247,0.0002,99.5445,220.4379,48.7882,-16.9971,0.0,0.0001,1.826,-0.0006,6.453,35.3701,8.8488,27.4325,36.2872
426.0,851.0,8.9449,37.8295,98.5498,182.789,0.0265,0.0002,99.5489,220.4379,48.7882,-16.9971,0.0,0.0001,1.8276,0.0005,6.4548,35.3726,8.8489,27.4344,36.2891
427.0,853.0,8.9195,37.8024,98.68,183.0807,0.0259,0.0002,99.5514,220.4379,48.7882,-16.9971,0.0,0.0001,1.8284,0.0006,6.4541,35.3686,8.8234,27.4353,36.2912
428.0,855.0,8.9374,37.827,98.68,182.8815,0.0213,0.0002,99.5442,220.4379,48.7882,-16.9971,0.0,0.0001,1.8282,-0.0002,6.4597,35.3758,8.841,27.4382,36.2932
429.0,857.0,8.9298,37.8199,98.68,182.4488,0.0211,0.0002,99.5418,220.438,48.7882,-16.9971,0.0,0.0001,1.8272,-0.001,6.4635,35.375,8.8332,27.4388,36.2942
430.0,859.0,8.8953,37.7807,98.68,182.7469,0.022,0.0002,99.5514,220.438,48.7882,-16.9971,0.0,0.0001,1.8269,-0.0004,6.4667,35.3672,8.7987,27.4382,36.2952
431.0,861.0,8.8555,37.739,92.4128,183.1997,0.0259,0.0002,99.5514,220.438,48.7882,-16.9971,0.0,0.0001,1.8266,0.0,6.4725,35.3618,8.7589,27.4403,36.2992
432.0,863.0,8.8431,37.7251,98.8029,183.2599,0.0234,0.0002,99.5514,220.438,48.7882,-16.9971,0.0,0.0001,1.825,-0.0006,6.4914,35.3586,8.7463,27.4398,36.2992
433.0,865.0,8.7572,37.628,98.68,183.1462,0.0262,0.0002,99.5514,220.438,48.7881,-16.9972,0.0,0.0001,1.8242,-0.0011,6.5005,35.341,8.6607,27.4396,36.303
434.0,867.0,8.6529,37.5152,97.5712,183.8964,0.0254,0.0002,99.5514,220.4381,48.7881,-16.9972,0.0,0.0001,1.825,0.0004,6.4989,35.325,8.5568,27.4434,36.3117
435.0,869.0,8.6378,37.5016,98.68,184.3853,0.0251,0.0002,99.5514,220.4381,48.7881,-16.9972,0.0,0.0001,1.8278,0.001,6.4926,35.3247,8.5416,27.4455,36.3145
436.0,871.0,8.6652,37.5372,98.68,184.2155,0.0194,0.0002,99.5469,220.4381,48.7881,-16.9972,0.0,0.0001,1.8278,0.0003,6.4923,35.3341,8.5686,27.4487,36.3163
437.0,873.0,8.6744,37.5494,56.795,183.8357,0.0198,0.0002,99.5514,220.4381,48.7881,-16.9972,0.0,0.0001,1.826,-0.0011,6.5048,35.3369,8.5775,27.4495,36.3167
438.0,875.0,8.6788,37.556,88.7779,184.1209,0.0238,0.0002,99.5514,220.4382,48.788,-16.9972,0.0,0.0001,1.8242,-0.0014,6.5355,35.3387,8.5817,27.4503,36.3172
439.0,877.0,8.4432,37.2902,95.2907,184.4397,0.0271,0.0002,99.5514,220.4382,48.788,-16.9972,0.0,0.0001,1.8224,-0.0006,6.5452,35.2912,8.3473,27.4495,36.3276
440.0,879.0,8.341,37.1783,98.68,186.0205,0.0231,0.0002,99.5474,220.4382,48.788,-16.9972,0.0,0.0001,1.827,0.0022,6.5278,35.2735,8.2456,27.4513,36.3342
441.0,881.0,8.3743,37.2266,98.68,186.6324,0.0232,0.0002,99.5514,220.4382,48.7881,-16.9972,0.0,0.0001,1.8314,0.0023,6.5248,35.2904,8.2784,27.4596,36.3407
442.0,883.0,8.4701,37.3378,65.8145,185.2293,0.023,0.0002,99.5514,220.4383,48.7881,-16.9972,0.0,0.0001,1.83,-0.0009,6.5304,35.3119,8.3734,27.4618,36.3384
443.0,885.0,8.4517,37.3193,96.2147,184.8771,0.0238,0.0002,99.5514,220.4383,48.7881,-16.9972,0.0,0.0001,1.8266,-0.0013,6.5383,35.3099,8.3549,27.4631,36.3405
444.0,887.0,8.3954,37.2583,98.0975,185.3221,0.0236,0.0002,99.5534,220.4383,48.7881,-16.9972,0.0,0.0001,1.8261,-0.0006,6.5469,35.3003,8.2987,27.4643,36.3443
445.0,889.0,8.3702,37.2313,98.68,185.7111,0.0238,0.0002,99.5586,220.4383,48.7881,-16.9972,0.0,0.0001,1.8255,-0.0002,6.5588,35.296,8.2735,27.4647,36.346
446.0,891.0,8.3055,37.1604,98.68,186.0664,0.0206,0.0002,99.5466,220.4383,48.788,-16.9972,0.0,0.0001,1.8254,-0.0001,6.5681,35.2846,8.209,27.4657,36.35
447.0,893.0,8.1898,37.0327,98.68,187.6738,0.0216,0.0002,99.548,220.4384,48.788,-16.9972,0.0,0.0001,1.8286,0.0012,6.5946,35.2633,8.0938,27.4665,36.3563
448.0,895.0,8.0799,36.9107,98.68,187.9834,0.0208,0.0002,99.5514,220.4384,48.788,-16.9972,0.0,0.0001,1.8287,-0.0002,6.6265,35.2418,7.9844,27.4662,36.3613
449.0,897.0,7.841,36.651,98.68,189.4841,0.0228,0.0002,99.5514,220.4384,48.788,-16.9973,0.0,0.0001,1.8324,0.0018,6.6301,35.2022,7.7469,27.4706,36.3769
450.0,899.0,7.8121,36.6198,78.8507,190.911,0.0246,0.0002,99.5281,220.4384,48.788,-16.9973,0.0,0.0001,1.8359,0.0032,6.6304,35.1968,7.7181,27.4706,36.3783
451.0,901.0,7.7809,36.5881,98.68,190.8403,0.0232,0.0002,99.5432,220.4385,48.788,-16.9973,0.0,0.0001,1.8416,0.0018,6.6278,35.1929,7.6868,27.4722,36.3814
452.0,903.0,7.8032,36.6189,67.1969,190.9094,0.0228,0.0002,99.5451,220.4385,48.788,-16.9973,0.0,0.0001,1.8437,0.0011,6.6236,35.2026,7.7087,27.4766,36.3847
453.0,905.0,7.8076,36.628,94.8064,191.1726,0.0245,0.0002,99.5514,220.4385,48.788,-16.9973,0.0,0.0001,1.8465,0.0012,6.6192,35.2071,7.7128,27.4795,36.3874
454.0,907.0,7.8524,36.6868,94.1885,190.7364,0.0235,0.0002,99.5548,220.4385,48.788,-16.9973,0.0,0.0001,1.8468,0.0004,6.613,35.2245,7.7571,27.4866,36.3922
455.0,909.0,7.8948,36.7405,98.68,189.8395,0.0231,0.0002,99.5504,220.4386,48.788,-16.9973,0.0,0.0001,1.8434,-0.0012,6.6197,35.2385,7.7989,27.4914,36.3949
456.0,911.0,7.8949,36.7453,98.68,189.9973,0.0203,0.0002,99.5514,220.4386,48.788,-16.9973,0.0,0.0001,1.8427,-0.0012,6.6337,35.2428,7.7989,27.4948,36.3982
457.0,913.0,7.8354,36.6812,98.68,190.2996,0.0203,0.0002,99.5594,220.4386,48.788,-16.9973,0.0,0.0001,1.8417,-0.0007,6.6397,35.2328,7.7396,27.4957,36.4019
458.0,915.0,7.706,36.5421,98.68,191.8442,0.0201,0.0002,99.4903,220.4386,48.788,-16.9973,0.0,0.0001,1.8436,0.001,6.6525,35.2119,7.6108,27.4983,36.4107
459.0,917.0,7.6443,36.4784,98.6809,192.1945,0.0224,0.0002,99.5802,220.4387,48.788,-16.9973,0.0,0.0001,1.846,0.0008,6.6556,35.2043,7.5494,27.5013,36.4167
460.0,919.0,7.628,36.4626,98.68,192.3633,0.0248,0.0002,99.5768,220.4387,48.788,-16.9973,0.0,0.0001,1.8474,0.0007,6.6565,35.2028,7.5328,27.5025,36.4186
461.0,921.0,7.6201,36.4565,98.68,192.4472,0.0189,0.0002,99.5802,220.4387,48.788,-16.9973,0.0,0.0001,1.8486,0.0004,6.6571,35.2032,7.5248,27.504,36.4205
462.0,923.0,7.6167,36.4545,98.68,192.7944,0.0217,0.0002,99.5802,220.4387,48.788,-16.9973,0.0,0.0001,1.8492,0.0008,6.6572,35.2037,7.5213,27.5049,36.4215
463.0,925.0,7.6123,36.4558,79.9004,193.1338,0.0252,0.0002,99.5901,220.4387,48.788,-16.9973,0.0,0.0001,1.8498,0.0005,6.6663,35.2085,7.5166,27.5094,36.4262
464.0,927.0,7.597,36.4403,90.5632,192.9564,0.0238,0.0002,99.582,220.4388,48.788,-16.9973,0.0,0.0001,1.8498,-0.0005,6.679,35.2062,7.5013,27.5098,36.4273
465.0,929.0,7.516,36.3526,98.7048,193.3715,0.026,0.0002,99.5853,220.4388,48.788,-16.9973,0.0,0.0001,1.8498,0.0,6.6833,35.192,7.4207,27.5103,36.4318
466.0,931.0,7.4565,36.288,98.68,194.4552,0.0271,0.0002,99.5626,220.4388,48.788,-16.9973,0.0,0.0001,1.852,0.0013,6.6838,35.1811,7.3614,27.5103,36.4346
467.0,933.0,7.4461,36.2782,98.6812,194.8702,0.0243,0.0002,99.6091,220.4388,48.788,-16.9973,0.0,0.0001,1.8543,0.0004,6.7065,35.1799,7.3508,27.5109,36.4357
468.0,935.0,7.3244,36.143,98.68,195.1765,0.0219,0.0002,99.6091,220.4389,48.788,-16.9974,0.0,0.0001,1.855,0.0004,6.7133,35.1548,7.2297,27.5084,36.4392
469.0,937.0,7.2623,36.0835,98.68,196.7845,0.025,0.0002,99.6091,220.4389,48.788,-16.9974,0.0,0.0001,1.8586,0.0026,6.7143,35.152,7.1678,27.515,36.4487
470.0,939.0,7.2598,36.0795,89.3638,196.7008,0.0224,0.0002,99.6091,220.4389,48.788,-16.9974,0.0,0.0001,1.8608,0.0017,6.7117,35.1494,7.1652,27.5133,36.4471
471.0,941.0,7.264,36.0887,78.1637,196.785,0.0248,0.0002,99.6091,220.4389,48.788,-16.9974,0.0,0.0001,1.8624,0.0011,6.7111,35.1542,7.1691,27.5165,36.4501
472.0,943.0,7.2773,36.1056,95.3466,196.6882,0.023,0.0002,99.6091,220.4389,48.788,-16.9974,0.0,0.0001,1.8642,0.0008,6.7056,35.1581,7.1821,27.5178,36.4507
473.0,945.0,7.3045,36.1403,98.68,196.6051,0.0261,0.0002,99.6121,220.439,48.788,-16.9974,0.0,0.0001,1.8657,0.0004,6.6998,35.1675,7.2089,27.5213,36.4529
474.0,947.0,7.3456,36.1911,98.6755,195.3705,0.0256,0.0001,99.638,220.439,48.788,-16.9974,0.0,0.0001,1.8632,-0.0015,6.6998,35.1803,7.2494,27.5257,36.4551
475.0,949.0,7.3441,36.1905,98.6819,195.8166,0.0214,0.0001,99.638,220.439,48.788,-16.9974,0.0,0.0001,1.8626,-0.0007,6.7032,35.1803,7.2478,27.5259,36.4554
476.0,951.0,7.3316,36.1781,98.68,196.0945,0.023,0.0001,99.6572,220.439,48.788,-16.9974,0.0,0.0001,1.8625,-0.0002,6.7057,35.1786,7.2351,27.5264,36.4565
477.0,953.0,7.3103,36.1582,98.68,196.1915,0.0249,0.0001,99.6568,220.4391,48.788,-16.9974,0.0,0.0001,1.862,0.0,6.7042,35.1775,7.2138,27.5286,36.4597
478.0,955.0,7.3111,36.1657,63.4732,196.476,0.0245,0.0001,99.6485,220.4391,48.788,-16.9974,0.0,0.0001,1.8625,0.0003,6.7038,35.184,7.2143,27.5336,36.4646
479.0,957.0,7.3153,36.174,98.6768,196.5009,0.0243,0.0001,99.6575,220.4391,48.788,-16.9974,0.0,0.0001,1.8632,0.0002,6.7015,35.1876,7.2183,27.5359,36.4667
480.0,959.0,7.3234,36.1886,92.8354,196.3064,0.022,0.0001,99.644,220.4391,48.788,-16.9974,0.0,0.0001,1.8628,-0.0001,6.6997,35.1942,7.2261,27.54,36.4703
481.0,961.0,7.3363,36.2052,98.68,195.9827,0.0203,0.0001,99.6524,220.4392,48.788,-16.9974,0.0,0.0001,1.862,-0.0005,6.6989,35.1985,7.2387,27.5415,36.4712
482.0,963.0,7.3436,36.215,98.68,196.2344,0.0238,0.0001,99.65,220.4392,48.788,-16.9974,0.0,0.0001,1.862,-0.0001,6.6981,35.2009,7.2457,27.5424,36.4718
483.0,965.0,7.3427,36.2176,98.68,196.1386,0.023,0.0001,99.6615,220.4392,48.788,-16.9974,0.0,0.0001,1.8617,-0.0002,6.697,35.2035,7.2447,27.5447,36.474
484.0,967.0,7.3534,36.2355,61.6087,195.7367,0.0254,0.0001,99.6669,220.4392,48.788,-16.9974,0.0,0.0001,1.8605,-0.0007,6.6954,35.2113,7.255,27.5493,36.478
485.0,969.0,7.3595,36.2471,85.2482,195.868,0.0267,0.0001,99.6669,220.4392,48.788,-16.9975,0.0,0.0001,1.8595,-0.0004,6.6984,35.2166,7.2608,27.5527,36.4811
486.0,971.0,7.3462,36.2341,98.68,195.9711,0.0266,0.0001,99.6669,220.4393,48.788,-16.9975,0.0,0.0001,1.8599,-0.0004,6.7067,35.2151,7.2474,27.5534,36.4824
487.0,973.0,7.3229,36.2102,98.68,195.6821,0.0255,0.0001,99.6669,220.4393,48.788,-16.9975,0.0,0.0001,1.8604,-0.0007,6.705,35.2118,7.2241,27.5541,36.4843
488.0,975.0,7.2702,36.1589,98.68,196.7215,0.0238,0.0001,99.672,220.4393,48.788,-16.9975,0.0,0.0001,1.8608,0.0011,6.6944,35.2083,7.1715,27.5588,36.4915
489.0,977.0,7.3499,36.2538,98.68,196.2801,0.0234,0.0001,99.6558,220.4393,48.788,-16.9975,0.0,0.0001,1.86,0.0003,6.6904,35.2299,7.2504,27.5646,36.4933
490.0,979.0,7.3867,36.2972,93.2742,195.6823,0.0248,0.0001,99.6639,220.4394,48.788,-16.9975,0.0,0.0001,1.859,-0.0006,6.6891,35.2389,7.2867,27.5665,36.4934
491.0,981.0,7.3928,36.3053,83.901,195.1995,0.0253,0.0001,99.6669,220.4394,48.788,-16.9975,0.0,0.0001,1.8559,-0.001,6.6887,35.2407,7.2926,27.567,36.4936
492.0,983.0,7.4022,36.3184,98.68,195.1881,0.0238,0.0001,99.6769,220.4394,48.788,-16.9975,0.0,0.0001,1.8551,-0.0009,6.6908,35.2445,7.3016,27.5687,36.4949
493.0,985.0,7.39,36.3065,98.68,196.0806,0.0235,0.0001,99.6549,220.4394,48.788,-16.9975,0.0,0.0001,1.8555,0.0003,6.6971,35.2428,7.2894,27.5692,36.4959
494.0,987.0,7.3561,36.2711,62.9686,195.8149,0.0207,0.0001,99.6631,220.4395,48.788,-16.9975,0.0,0.0001,1.8551,-0.0003,6.7026,35.2378,7.2554,27.5701,36.4985
495.0,989.0,7.3252,36.2399,91.7797,196.0975,0.0242,0.0001,99.6669,220.4395,48.788,-16.9975,0.0,0.0001,1.8551,0.0,6.7038,35.2343,7.2246,27.5718,36.5016
496.0,991.0,7.3022,36.2175,98.68,196.5312,0.0227,0.0001,99.6669,220.4395,48.788,-16.9975,0.0,0.0001,1.8559,0.0005,6.7059,35.232,7.2016,27.5732,36.5041
497.0,993.0,7.3051,36.2237,98.68,196.5977,0.0239,0.0001,99.6576,220.4395,48.788,-16.9975,0.0,0.0001,1.8562,0.0002,6.7085,35.2348,7.2042,27.575,36.5058
498.0,995.0,7.2639,36.185,98.68,197.1226,0.0231,0.0001,99.6575,220.4395,48.788,-16.9975,0.0,0.0001,1.8584,0.0007,6.7094,35.2334,7.1631,27.5798,36.5124
499.0,997.0,7.2573,36.1777,98.68,197.2715,0.0236,0.0001,99.6404,220.4396,48.788,-16.9975,0.0,0.0001,1.8584,0.0005,6.7137,35.2313,7.1564,27.5791,36.5121
500.0,999.0,7.2412,36.1619,98.68,197.4658,0.0219,0.0001,99.638,220.4396,48.788,-16.9975,0.0,0.0001,1.859,0.0002,6.718,35.2294,7.1401,27.5799,36.5137
501.0,1001.0,7.2193,36.1403,98.68,197.3145,0.0216,0.0002,99.6194,220.4396,48.788,-16.9975,0.0,0.0001,1.8602,-0.0001,6.7156,35.2271,7.1181,27.5812,36.516
502.0,1003.0,7.219,36.1443,98.68,198.0025,0.0218,0.0001,99.644,220.4396,48.788,-16.9976,0.0,0.0001,1.8613,0.0009,6.7136,35.2309,7.1177,27.5842,36.519
503.0,1005.0,7.2422,36.1724,79.1061,197.9132,0.0246,0.0001,99.6404,220.4397,48.788,-16.9976,0.0,0.0001,1.8622,0.0004,6.7111,35.2372,7.1405,27.586,36.5197
504.0,1007.0,7.2543,36.1891,95.7239,197.5117,0.026,0.0001,99.6268,220.4397,48.788,-16.9976,0.0,0.0001,1.8617,-0.0003,6.7121,35.2422,7.1522,27.5883,36.5213
505.0,1009.0,7.2488,36.1845,98.6532,197.8711,0.0238,0.0001,99.6208,220.4398,48.788,-16.9976,0.0,0.0001,1.862,0.0002,6.7122,35.2416,7.1466,27.5886,36.5219
506.0,1011.0,7.2451,36.1801,92.1027,197.9097,0.0233,0.0002,99.6097,220.4398,48.788,-16.9976,0.0,0.0001,1.8624,0.0,6.7122,35.2395,7.1427,27.5875,36.521
507.0,1013.0,7.2673,36.2092,93.61,197.7813,0.0222,0.0002,99.4474,220.4407,48.788,-16.9978,0.0,0.0001,1.8622,0.0,6.7085,35.2479,7.1644,27.5911,36.5234
