Datacycle,press,temp,cond,alt,oxygen,fluor,atten,trans,jday,lat,lon,PAR,UPAR,oxV,oxdVdt,oxysat,salin,potemp,sigma0,sigma2
1.0,3.0,15.2245,43.8011,85.8805,246.5837,1.0582,0.0034,91.9459,203.0879,49.2657,-16.9085,0.0,0.0001,2.7338,0.0001,5.6415,35.6008,15.2239,26.3857,34.9853
2.0,5.0,15.225,43.802,93.9534,246.5492,1.0633,0.0033,91.9901,203.0881,49.2657,-16.9085,0.0,0.0001,2.7335,-0.0001,5.6414,35.6008,15.2243,26.3856,34.9853
3.0,7.0,15.2274,43.8076,89.3753,246.7905,1.0804,0.0033,92.0169,203.0884,49.2656,-16.9084,0.0,0.0001,2.7343,0.0002,5.6413,35.6029,15.2263,26.3867,34.9863
4.0,9.0,15.2285,43.8117,95.8995,246.6679,1.0694,0.0033,92.0323,203.0886,49.2655,-16.9084,0.0,0.0001,2.7337,-0.0003,5.6409,35.6047,15.2271,26.3879,34.9874
5.0,11.0,15.2289,43.8129,89.3916,246.9508,1.0805,0.0033,92.0528,203.0887,49.2655,-16.9083,0.0,0.0001,2.7347,0.0005,5.6409,35.6045,15.2272,26.3878,34.9873
6.0,13.0,15.228,43.8136,89.549,247.0402,1.0907,0.0033,92.044,203.0888,49.2655,-16.9083,0.0,0.0001,2.7353,0.0,5.6409,35.6053,15.226,26.3886,34.9882
7.0,15.0,15.2281,43.8147,98.71,246.9285,1.1092,0.0033,92.0516,203.0889,49.2655,-16.9083,0.0,0.0001,2.7341,-0.0001,5.641,35.6053,15.2257,26.3887,34.9883
8.0,17.0,15.2279,43.8152,75.6427,246.7258,1.126,0.0033,92.0624,203.089,49.2654,-16.9083,0.0,0.0001,2.7321,-0.0005,5.6412,35.6052,15.2253,26.3887,34.9883
9.0,19.0,15.2247,43.8131,97.3353,246.8203,1.1378,0.0033,91.9774,203.0891,49.2654,-16.9082,0.0,0.0001,2.7311,-0.0001,5.6415,35.6053,15.2218,26.3896,34.9893
10.0,21.0,15.2226,43.812,91.3743,246.9193,1.1325,0.0033,92.0588,203.0892,49.2654,-16.9082,0.0,0.0001,2.7312,0.0001,5.6415,35.6053,15.2193,26.3902,34.9899
11.0,23.0,15.2227,43.8128,85.9843,246.9372,1.1448,0.0033,92.0514,203.0892,49.2654,-16.9082,0.0,0.0001,2.7319,-0.0002,5.6414,35.6053,15.2193,26.3902,34.9899
12.0,25.0,15.2255,43.8167,80.7612,246.7309,1.165,0.0033,92.0283,203.0893,49.2653,-16.9082,0.0,0.0001,2.7291,-0.0003,5.6415,35.6053,15.2217,26.3896,34.9893
13.0,27.0,15.0991,43.6865,83.8496,246.4815,1.1557,0.0033,92.1824,203.0894,49.2653,-16.9082,0.0,0.0001,2.7226,-0.0009,5.6568,35.6009,15.0949,26.4144,35.0186
14.0,29.0,15.0267,43.6099,91.9208,246.4608,1.1362,0.003,92.6674,203.0895,49.2653,-16.9081,0.0,0.0001,2.7178,-0.0009,5.6701,35.5963,15.0223,26.4269,35.0338
15.0,31.0,14.9536,43.5312,78.1823,246.1455,1.1101,0.003,92.8229,203.0895,49.2653,-16.9081,0.0,0.0001,2.7128,-0.0008,5.6738,35.59,14.9489,26.4383,35.0479
16.0,33.0,14.9313,43.5115,85.6484,245.6681,1.0504,0.0028,93.3078,203.0896,49.2653,-16.9081,0.0,0.0001,2.7084,-0.0013,5.6778,35.5917,14.9263,26.4446,35.055
17.0,35.0,14.9033,43.4855,98.7093,245.0189,1.0069,0.0026,93.6945,203.0896,49.2652,-16.9081,0.0,0.0001,2.7012,-0.0015,5.6812,35.5926,14.898,26.4515,35.063
18.0,37.0,14.8327,43.4196,88.0719,244.2312,0.8785,0.0023,94.4434,203.0897,49.2652,-16.908,0.0,0.0001,2.6928,-0.001,5.6833,35.5958,14.8271,26.4696,35.0835
19.0,39.0,14.8291,43.4179,63.9575,243.3156,0.8153,0.0022,94.691,203.0898,49.2652,-16.908,0.0,0.0001,2.6839,-0.0026,5.6925,35.5968,14.8233,26.4711,35.0852
20.0,41.0,14.7531,43.347,87.3441,241.7858,0.7404,0.002,95.1575,203.0898,49.2652,-16.908,0.0,0.0001,2.6682,-0.0028,5.6985,35.6004,14.7469,26.4906,35.1074
21.0,43.0,14.7107,43.3079,76.2811,241.6476,0.6977,0.0018,95.4866,203.0899,49.2652,-16.908,0.0,0.0001,2.6618,-0.0008,5.6997,35.6024,14.7043,26.5015,35.1198
22.0,45.0,14.712,43.3098,89.9907,241.2977,0.6543,0.0018,95.7017,203.0899,49.2651,-16.908,0.0,0.0001,2.6571,-0.002,5.7109,35.6024,14.7053,26.5012,35.1195
23.0,47.0,14.5462,43.1546,76.8269,239.8182,0.5217,0.0015,96.3701,203.09,49.2651,-16.9079,0.0,0.0001,2.6405,-0.0035,5.7288,35.6104,14.5392,26.5436,35.1677
24.0,49.0,14.1576,42.7797,98.705,236.4057,0.3427,0.0011,97.3799,203.09,49.2651,-16.9079,0.0,0.0001,2.6059,-0.0102,5.794,35.62,14.1505,26.6344,35.2726
25.0,51.0,13.7504,42.379,80.7422,235.7608,0.2559,0.0008,97.9311,203.0901,49.2651,-16.9079,0.0,0.0001,2.5765,-0.0042,5.8325,35.6218,13.7431,26.7218,35.3751
26.0,53.0,13.4627,42.0965,98.705,234.4966,0.2374,0.0008,98.0682,203.0901,49.265,-16.9079,0.0,0.0001,2.5583,-0.0035,5.8488,35.6229,13.4552,26.7825,35.4466
27.0,55.0,13.375,42.0172,98.5955,235.5342,0.2151,0.0007,98.3015,203.0902,49.265,-16.9079,0.0,0.0001,2.5544,-0.0014,5.8756,35.629,13.3673,26.8054,35.4727
28.0,57.0,13.1296,41.7815,98.4683,235.3331,0.1915,0.0006,98.49,203.0902,49.265,-16.9078,0.0,0.0001,2.5465,-0.001,5.8921,35.6343,13.1217,26.8598,35.5363
29.0,59.0,13.0323,41.6829,83.1518,235.4096,0.182,0.0006,98.5917,203.0903,49.265,-16.9078,0.0,0.0001,2.5431,-0.0004,5.8998,35.6306,13.0241,26.8767,35.5571
30.0,61.0,13.0177,41.6657,92.1236,234.8859,0.1685,0.0006,98.6185,203.0904,49.2649,-16.9078,0.0,0.0001,2.5374,-0.0017,5.9121,35.6271,13.0093,26.877,35.5579
31.0,63.0,12.8735,41.5213,98.4042,234.959,0.1641,0.0005,98.7492,203.0904,49.2649,-16.9078,0.0,0.0001,2.5335,-0.0006,5.9189,35.6239,12.8649,26.9036,35.5901
32.0,65.0,12.8634,41.5151,94.4249,235.2925,0.1516,0.0005,98.8178,203.0905,49.2649,-16.9078,0.0,0.0001,2.5323,-0.0004,5.9302,35.6266,12.8546,26.9078,35.5947
33.0,67.0,12.7437,41.3962,83.5566,235.7091,0.1365,0.0005,98.8578,203.0905,49.2649,-16.9077,0.0,0.0001,2.5318,-0.0003,5.9421,35.6245,12.7346,26.9303,35.6217
34.0,69.0,12.6281,41.2748,86.2387,236.3819,0.1304,0.0004,98.9591,203.0906,49.2649,-16.9077,0.0,0.0001,2.5339,0.0006,5.9465,35.6158,12.6187,26.9466,35.6427
35.0,71.0,12.646,41.2956,76.9247,235.6999,0.1265,0.0004,99.066,203.0906,49.2649,-16.9077,0.0,0.0001,2.5301,-0.0014,5.9527,35.6183,12.6364,26.945,35.6403
36.0,73.0,12.5702,41.2218,95.0779,236.4811,0.1156,0.0003,99.1536,203.0907,49.2649,-16.9077,0.0,0.0001,2.5304,0.0,5.9622,35.6176,12.5603,26.9595,35.6579
37.0,75.0,12.531,41.1669,92.3815,236.3325,0.1183,0.0003,99.1904,203.0907,49.2648,-16.9076,0.0,0.0001,2.5255,-0.0019,5.9879,35.6011,12.521,26.9545,35.6546
38.0,77.0,12.2579,40.8634,89.6851,238.3818,0.1145,0.0003,99.1889,203.0908,49.2648,-16.9076,0.0,0.0001,2.537,0.0009,5.9822,35.5649,12.2476,26.9801,35.6913
39.0,79.0,12.2858,40.8983,98.68,238.152,0.1031,0.0002,99.3719,203.0909,49.2648,-16.9076,0.0,0.0001,2.5335,0.0002,5.9951,35.5715,12.2753,26.9798,35.6898
40.0,81.0,12.2365,40.851,86.6407,239.0346,0.096,0.0002,99.408,203.0909,49.2648,-16.9076,0.0,0.0001,2.5368,0.0007,6.0048,35.5715,12.2258,26.9895,35.7015
41.0,83.0,12.2025,40.8151,90.4544,239.4845,0.0994,0.0002,99.4393,203.091,49.2647,-16.9076,0.0,0.0001,2.5387,-0.0002,6.0159,35.5681,12.1915,26.9935,35.7069
42.0,85.0,12.0859,40.6845,98.7026,239.882,0.0948,0.0002,99.473,203.091,49.2647,-16.9075,0.0,0.0001,2.5396,0.0004,6.0185,35.5507,12.0747,27.0026,35.7208
43.0,87.0,12.0689,40.667,90.5045,239.9978,0.0872,0.0002,99.5419,203.0911,49.2647,-16.9075,0.0,0.0001,2.5404,0.0003,6.0201,35.5491,12.0575,27.0047,35.7236
44.0,89.0,12.0474,40.6447,82.3063,239.9363,0.0834,0.0002,99.5538,203.0911,49.2647,-16.9075,0.0,0.0001,2.5394,-0.0006,6.0267,35.5473,12.0358,27.0075,35.7272
45.0,91.0,11.9905,40.587,82.1674,239.9787,0.074,0.0001,99.6378,203.0912,49.2647,-16.9075,0.0,0.0001,2.5377,-0.0003,6.0293,35.5439,11.9786,27.0159,35.738
46.0,93.0,11.9643,40.5658,98.71,239.7765,0.0683,0.0001,99.7184,203.0913,49.2647,-16.9075,0.0,0.0001,2.5341,-0.0002,6.0329,35.5471,11.9521,27.0234,35.7465
47.0,95.0,11.9692,40.5706,98.4794,239.2387,0.064,0.0001,99.7452,203.0913,49.2646,-16.9075,0.0,0.0001,2.5294,-0.0013,6.0412,35.5464,11.9568,27.022,35.7449
48.0,97.0,11.9085,40.5088,98.71,239.251,0.0608,0.0001,99.771,203.0914,49.2646,-16.9074,0.0,0.0001,2.5267,-0.0002,6.0408,35.5429,11.8958,27.0309,35.7563
49.0,99.0,11.9118,40.5131,79.5584,239.3229,0.0581,0.0001,99.7797,203.0915,49.2646,-16.9074,0.0,0.0001,2.5264,-0.0004,6.0439,35.5432,11.899,27.0306,35.7558
50.0,101.0,11.8852,40.488,98.5588,239.4359,0.053,0.0001,99.8278,203.0915,49.2646,-16.9074,0.0,0.0001,2.5252,0.0,6.0459,35.543,11.8721,27.0356,35.7619
51.0,103.0,11.8563,40.46,94.2335,238.9769,0.0494,0.0001,99.8489,203.0916,49.2646,-16.9074,0.0,0.0001,2.5217,-0.001,6.0512,35.5422,11.8429,27.0406,35.768
52.0,105.0,11.8243,40.4302,90.0517,238.9389,0.0456,0.0,99.9198,203.0916,49.2645,-16.9074,0.0,0.0001,2.5188,-0.0005,6.0544,35.5427,11.8108,27.047,35.7758
53.0,107.0,11.8108,40.4184,64.7055,238.9691,0.044,0.0,99.9345,203.0917,49.2645,-16.9074,0.0,0.0001,2.5178,-0.0002,6.0542,35.543,11.7969,27.0499,35.7792
54.0,109.0,11.8112,40.4205,81.7987,238.7182,0.0394,0.0,99.9264,203.0918,49.2645,-16.9073,0.0,0.0001,2.5155,-0.0004,6.0554,35.5438,11.7971,27.0505,35.7798
55.0,111.0,11.813,40.423,89.7359,238.9782,0.0416,0.0,99.9307,203.0919,49.2645,-16.9073,0.0,0.0001,2.5158,0.0001,6.0561,35.5436,11.7986,27.0501,35.7793
56.0,113.0,11.8142,40.4253,94.6006,238.8382,0.0402,0.0,99.9286,203.092,49.2644,-16.9073,0.0,0.0001,2.5152,-0.0002,6.0562,35.5442,11.7996,27.0503,35.7795
57.0,115.0,11.7812,40.3956,98.707,238.5633,0.0393,0.0,99.9419,203.0922,49.2644,-16.9072,0.0,0.0001,2.5116,-0.0003,6.059,35.5454,11.7663,27.0576,35.7881
58.0,117.0,11.7798,40.3952,91.8061,238.6013,0.0412,0.0,99.9309,203.0923,49.2643,-16.9072,0.0,0.0001,2.5108,-0.0002,6.0594,35.5457,11.7648,27.0582,35.7887
59.0,119.0,11.77,40.3873,83.7664,238.566,0.0525,0.0,99.9225,203.0923,49.2643,-16.9072,0.0,0.0001,2.5094,0.0001,6.0596,35.5462,11.7546,27.0605,35.7914
60.0,121.0,11.7715,40.3892,98.7025,238.5224,0.0417,0.0,99.919,203.0924,49.2643,-16.9072,0.0,0.0001,2.5093,-0.0003,6.0604,35.546,11.7559,27.0601,35.7909
61.0,123.0,11.7579,40.3776,98.5047,238.5936,0.0368,0.0,99.9126,203.0925,49.2643,-16.9072,0.0,0.0001,2.5082,0.0002,6.0603,35.5462,11.742,27.0629,35.7943
62.0,125.0,11.7601,40.3797,84.3697,238.053,0.0469,0.0,99.9012,203.0926,49.2642,-16.9072,0.0,0.0001,2.5055,-0.0011,6.0623,35.5456,11.744,27.062,35.7934
63.0,127.0,11.7513,40.3727,83.7301,238.466,0.1031,0.0,99.9027,203.0926,49.2642,-16.9071,0.0,0.0001,2.5052,0.0003,6.0622,35.546,11.7349,27.0641,35.7958
64.0,129.0,11.751,40.3727,95.6019,238.2574,0.0382,0.0,99.8983,203.0927,49.2642,-16.9071,0.0,0.0001,2.5043,-0.0005,6.0634,35.5457,11.7344,27.0639,35.7957
65.0,131.0,11.7438,40.367,98.71,238.3234,0.0335,0.0,99.8964,203.0927,49.2642,-16.9071,0.0,0.0001,2.5039,-0.0002,6.0632,35.5458,11.7268,27.0655,35.7975
66.0,133.0,11.7445,40.3683,86.8752,238.0967,0.0319,0.0,99.8934,203.0928,49.2642,-16.9071,0.0,0.0001,2.5019,-0.0005,6.0642,35.5457,11.7273,27.0652,35.7973
67.0,135.0,11.7361,40.3612,95.8517,238.1358,0.0345,0.0,99.8908,203.0928,49.2641,-16.9071,0.0,0.0001,2.5007,-0.0001,6.0643,35.5458,11.7186,27.067,35.7994
68.0,137.0,11.7317,40.3579,91.0409,237.6857,0.0319,0.0001,99.8778,203.0929,49.2641,-16.9071,0.0,0.0001,2.4977,-0.0008,6.0652,35.5458,11.714,27.0679,35.8005
69.0,139.0,11.7329,40.3599,92.136,236.8725,0.03,0.0001,99.8815,203.093,49.2641,-16.9071,0.0,0.0001,2.4926,-0.0016,6.0649,35.5461,11.715,27.0679,35.8004
70.0,141.0,11.7401,40.3713,98.71,236.3871,0.0318,0.0001,99.8778,203.093,49.2641,-16.9071,0.0,0.0001,2.4873,-0.0012,6.0638,35.5493,11.7219,27.0691,35.8013
71.0,143.0,11.7528,40.3881,98.7017,235.1817,0.0278,0.0001,99.7892,203.0931,49.2641,-16.9071,0.0,0.0001,2.4787,-0.0019,6.0614,35.5527,11.7344,27.0694,35.801
72.0,145.0,11.7595,40.3992,90.5917,234.631,0.0294,0.0001,99.8701,203.0931,49.2641,-16.907,0.0,0.0001,2.4709,-0.0007,6.0615,35.5561,11.7407,27.0708,35.8021
73.0,147.0,11.7578,40.398,96.0812,233.8601,0.0257,0.0001,99.8725,203.0932,49.264,-16.907,0.0,0.0001,2.4668,-0.0019,6.0616,35.5559,11.7388,27.071,35.8025
74.0,149.0,11.7569,40.3999,92.8613,234.4779,0.0286,0.0001,99.8654,203.0932,49.264,-16.907,0.0,0.0001,2.4666,0.0002,6.0612,35.5578,11.7377,27.0727,35.8041
75.0,151.0,11.7649,40.4124,98.71,233.8586,0.0247,0.0,99.8773,203.0933,49.264,-16.907,0.0,0.0001,2.4636,-0.0005,6.06,35.5616,11.7453,27.0742,35.8053
76.0,153.0,11.7759,40.4287,90.2447,233.9052,0.0265,0.0001,99.8702,203.0933,49.264,-16.907,0.0,0.0001,2.4625,-0.0002,6.0585,35.5662,11.7561,27.0757,35.8063
77.0,155.0,11.7784,40.4346,98.5902,234.1323,0.0276,0.0001,99.8377,203.0934,49.264,-16.907,0.0,0.0001,2.4635,0.0,6.0586,35.5685,11.7584,27.0771,35.8076
78.0,157.0,11.7754,40.4325,92.38,234.3375,0.0254,0.0001,99.8315,203.0935,49.264,-16.907,0.0,0.0001,2.464,0.0002,6.0593,35.5684,11.7551,27.0776,35.8083
79.0,159.0,11.7626,40.4177,85.2556,234.8967,0.0272,0.0001,99.835,203.0935,49.264,-16.907,0.0,0.0001,2.4655,0.001,6.0605,35.5656,11.742,27.0779,35.8091
80.0,161.0,11.7279,40.3781,97.073,235.204,0.0263,0.0001,99.8239,203.0936,49.264,-16.907,0.0,0.0001,2.4675,0.0005,6.067,35.5589,11.7072,27.0793,35.812
81.0,163.0,11.6989,40.3447,98.6237,236.2995,0.027,0.0001,99.8086,203.0936,49.2639,-16.907,0.0,0.0001,2.4757,0.0007,6.0678,35.5528,11.6779,27.0802,35.8141
82.0,165.0,11.6909,40.337,85.0471,237.0976,0.0286,0.0001,99.7964,203.0937,49.2639,-16.907,0.0,0.0001,2.4782,0.0021,6.0691,35.5519,11.6697,27.081,35.8152
83.0,167.0,11.6893,40.3366,96.7853,236.8401,0.0296,0.0001,99.7931,203.0937,49.2639,-16.9069,0.0,0.0001,2.4798,0.0001,6.0708,35.5523,11.6678,27.0816,35.816
84.0,169.0,11.6852,40.3344,98.0753,236.8455,0.0288,0.0001,99.7875,203.0938,49.2639,-16.9069,0.0,0.0001,2.4802,-0.0003,6.0703,35.5531,11.6635,27.0831,35.8176
85.0,171.0,11.6911,40.3434,76.2344,236.2761,0.0272,0.0001,99.7926,203.0938,49.2639,-16.9069,0.0,0.0001,2.4767,-0.0009,6.07,35.5554,11.669,27.0838,35.8181
86.0,173.0,11.677,40.3298,95.7373,235.6146,0.0292,0.0001,99.7854,203.0939,49.2639,-16.9069,0.0,0.0001,2.4702,-0.0013,6.0718,35.5547,11.6547,27.086,35.8208
87.0,175.0,11.6765,40.3308,98.7067,235.6169,0.0297,0.0001,99.7977,203.0939,49.2638,-16.9069,0.0,0.0001,2.4676,-0.0001,6.0716,35.5552,11.6539,27.0865,35.8214
88.0,177.0,11.6758,40.3307,83.4175,235.7439,0.0284,0.0001,99.7916,203.094,49.2638,-16.9069,0.0,0.0001,2.4682,-0.0002,6.0731,35.555,11.6531,27.0865,35.8214
89.0,179.0,11.6552,40.3079,98.6964,235.0818,0.0259,0.0001,99.7739,203.0941,49.2638,-16.9069,0.0,0.0001,2.4644,-0.0012,6.0734,35.5511,11.6322,27.0875,35.8232
90.0,181.0,11.654,40.3072,90.7211,235.8933,0.0292,0.0001,99.7658,203.0941,49.2638,-16.9069,0.0,0.0001,2.4663,0.0004,6.0752,35.5509,11.6308,27.0876,35.8234
91.0,183.0,11.6443,40.2976,98.7876,235.904,0.0294,0.0001,99.7752,203.0942,49.2638,-16.9069,0.0,0.0001,2.4669,-0.0002,6.0761,35.5497,11.6208,27.0885,35.8247
92.0,185.0,11.6442,40.2993,68.7705,236.6305,0.03,0.0001,99.7479,203.0942,49.2638,-16.9069,0.0,0.0001,2.4697,0.0009,6.0766,35.5506,11.6204,27.0893,35.8255
93.0,187.0,11.6372,40.2923,96.6914,236.4484,0.0255,0.0001,99.7321,203.0943,49.2637,-16.9069,0.0,0.0001,2.4702,-0.0003,6.0777,35.5496,11.6131,27.0899,35.8264
94.0,189.0,11.6304,40.2856,98.71,236.2653,0.0294,0.0001,99.7246,203.0943,49.2637,-16.9068,0.0,0.0001,2.4688,-0.0004,6.0782,35.5486,11.6061,27.0904,35.8273
95.0,191.0,11.6219,40.2766,98.7055,236.2674,0.0265,0.0001,99.7321,203.0944,49.2637,-16.9068,0.0,0.0001,2.4678,-0.0005,6.0795,35.547,11.5973,27.0909,35.8281
96.0,193.0,11.6136,40.269,87.6087,236.3422,0.0254,0.0001,99.7131,203.0944,49.2637,-16.9068,0.0,0.0001,2.466,0.0001,6.0808,35.5465,11.5888,27.0921,35.8296
97.0,195.0,11.61,40.2657,90.1433,236.2215,0.024,0.0001,99.6888,203.0945,49.2637,-16.9068,0.0,0.0001,2.4658,-0.0003,6.0805,35.5459,11.585,27.0923,35.83
98.0,197.0,11.6089,40.2655,97.4998,236.5196,0.0247,0.0001,99.735,203.0945,49.2637,-16.9068,0.0,0.0001,2.4663,0.0002,6.081,35.5458,11.5836,27.0925,35.8303
99.0,199.0,11.6047,40.2621,98.68,236.387,0.0259,0.0001,99.7294,203.0946,49.2636,-16.9068,0.0,0.0001,2.4659,-0.0004,6.0819,35.5454,11.5792,27.093,35.831
100.0,201.0,11.6016,40.2598,98.71,236.7406,0.0284,0.0001,99.7308,203.0946,49.2636,-16.9068,0.0,0.0001,2.4664,0.0004,6.0816,35.5454,11.5758,27.0937,35.8318
101.0,203.0,11.6037,40.264,86.1213,236.5781,0.0371,0.0001,99.7275,203.0946,49.2636,-16.9068,0.0,0.0001,2.4659,-0.0003,6.0823,35.5467,11.5776,27.0943,35.8323
102.0,205.0,11.5922,40.2516,98.5046,237.0385,0.0305,0.0001,99.7249,203.0947,49.2636,-16.9068,0.0,0.0001,2.4671,0.0004,6.0844,35.5445,11.5659,27.0948,35.8333
103.0,207.0,11.5828,40.2422,98.71,235.9876,0.0274,0.0001,99.7208,203.0947,49.2636,-16.9068,0.0,0.0001,2.4636,-0.0018,6.0836,35.5434,11.5562,27.0958,35.8347
104.0,209.0,11.5782,40.2377,82.6658,236.6799,0.0278,0.0001,99.7167,203.0948,49.2636,-16.9068,0.0,0.0001,2.4642,0.0,6.0852,35.5425,11.5515,27.096,35.8351
105.0,211.0,11.5726,40.2328,93.2987,236.1734,0.0238,0.0001,99.7392,203.0948,49.2635,-16.9068,0.0,0.0001,2.4619,-0.0011,6.0857,35.5423,11.5456,27.0969,35.8363
106.0,213.0,11.5708,40.233,98.7061,236.4418,0.0275,0.0001,99.7358,203.0949,49.2635,-16.9068,0.0,0.0001,2.4608,0.0,6.0857,35.543,11.5435,27.0979,35.8373
107.0,215.0,11.5743,40.2387,93.3149,236.2761,0.0285,0.0001,99.7219,203.0949,49.2635,-16.9068,0.0,0.0001,2.4599,-0.0005,6.0861,35.5445,11.5468,27.0984,35.8377
108.0,217.0,11.5666,40.2325,88.0123,235.9017,0.0247,0.0001,99.7415,203.095,49.2635,-16.9068,0.0,0.0001,2.4573,-0.0008,6.0861,35.5447,11.5387,27.1001,35.8397
109.0,219.0,11.566,40.2325,82.7097,236.1605,0.0241,0.0001,99.7306,203.095,49.2635,-16.9068,0.0,0.0001,2.4569,0.0,6.0871,35.5446,11.5379,27.1002,35.8398
110.0,221.0,11.5606,40.2272,95.8405,236.4447,0.0263,0.0001,99.7354,203.0951,49.2634,-16.9067,0.0,0.0001,2.458,0.0001,6.088,35.5436,11.5323,27.1005,35.8403
111.0,223.0,11.5561,40.2236,98.707,236.3769,0.0263,0.0001,99.7378,203.0951,49.2634,-16.9067,0.0,0.0001,2.4577,-0.0001,6.0876,35.5433,11.5275,27.1011,35.8412
112.0,225.0,11.5538,40.2211,83.2587,236.0156,0.0276,0.0001,99.7292,203.0951,49.2634,-16.9067,0.0,0.0001,2.4554,-0.0007,6.0886,35.5424,11.525,27.1009,35.8411
113.0,227.0,11.5496,40.2176,92.6764,236.2077,0.0263,0.0001,99.7057,203.0952,49.2634,-16.9067,0.0,0.0001,2.4542,0.0001,6.0885,35.5419,11.5205,27.1014,35.8417
114.0,229.0,11.5547,40.2249,98.7392,236.0712,0.0233,0.0001,99.7227,203.0952,49.2634,-16.9067,0.0,0.0001,2.4539,-0.0003,6.0886,35.5434,11.5254,27.1016,35.8417
115.0,231.0,11.5406,40.2109,82.1122,236.0307,0.0272,0.0001,99.7197,203.0953,49.2634,-16.9067,0.0,0.0001,2.4522,-0.0003,6.0921,35.5423,11.511,27.1034,35.8442
116.0,233.0,11.5207,40.1883,87.3405,235.7579,0.0279,0.0001,99.7246,203.0953,49.2633,-16.9067,0.0,0.0001,2.4502,-0.0006,6.0929,35.5381,11.4909,27.1039,35.8455
117.0,235.0,11.5089,40.1762,98.71,235.9221,0.0265,0.0001,99.7149,203.0954,49.2633,-16.9067,0.0,0.0001,2.4496,-0.0003,6.0946,35.5364,11.4788,27.1049,35.847
118.0,237.0,11.5035,40.1704,41.7733,235.9784,0.0277,0.0001,99.7152,203.0954,49.2633,-16.9067,0.0,0.0001,2.4479,0.0,6.0968,35.535,11.4732,27.1049,35.8472
119.0,239.0,11.4924,40.1592,83.1903,235.941,0.0282,0.0001,99.7141,203.0955,49.2633,-16.9067,0.0,0.0001,2.4478,-0.0002,6.0964,35.5339,11.4619,27.1061,35.8489
120.0,241.0,11.4829,40.1493,84.9756,235.9425,0.0257,0.0001,99.6935,203.0955,49.2633,-16.9067,0.0,0.0001,2.4469,-0.0002,6.0992,35.5321,11.4521,27.1066,35.8498
121.0,243.0,11.4658,40.1295,94.1359,235.9039,0.0268,0.0001,99.6893,203.0955,49.2633,-16.9067,0.0,0.0001,2.4456,-0.0004,6.1028,35.5283,11.4348,27.1068,35.8508
122.0,245.0,11.448,40.1094,98.71,235.4851,0.024,0.0001,99.6974,203.0956,49.2632,-16.9067,0.0,0.0001,2.4428,-0.001,6.1033,35.5246,11.4168,27.1073,35.8521
123.0,247.0,11.432,40.0912,98.6993,235.4893,0.0273,0.0001,99.6967,203.0956,49.2632,-16.9067,0.0,0.0001,2.4408,-0.0006,6.1054,35.5209,11.4005,27.1075,35.853
124.0,249.0,11.4214,40.0794,98.7037,234.481,0.0263,0.0001,99.7051,203.0957,49.2632,-16.9067,0.0,0.0001,2.4334,-0.0012,6.1068,35.5185,11.3896,27.1076,35.8535
125.0,251.0,11.4199,40.078,98.71,233.9795,0.0236,0.0001,99.7164,203.0957,49.2632,-16.9066,0.0,0.0001,2.4292,-0.0017,6.1082,35.518,11.388,27.1075,35.8535
126.0,253.0,11.4057,40.0632,65.1282,233.5607,0.0249,0.0001,99.7209,203.0958,49.2632,-16.9066,0.0,0.0001,2.426,-0.0018,6.1078,35.5159,11.3735,27.1086,35.8552
127.0,255.0,11.4061,40.0644,97.1591,234.375,0.0258,0.0001,99.7072,203.0958,49.2632,-16.9066,0.0,0.0001,2.4276,0.0,6.1084,35.516,11.3736,27.1086,35.8552
128.0,257.0,11.3892,40.0463,98.6989,233.1478,0.0269,0.0001,99.7186,203.0959,49.2632,-16.9066,0.0,0.0001,2.4225,-0.0022,6.1102,35.5131,11.3565,27.1096,35.8569
129.0,259.0,11.3775,40.0347,82.8086,233.5344,0.026,0.0001,99.7296,203.0959,49.2631,-16.9066,0.0,0.0001,2.4197,-0.0004,6.1118,35.512,11.3446,27.1109,35.8588
130.0,261.0,11.3687,40.0261,93.3617,232.99,0.0261,0.0001,99.7095,203.0959,49.2631,-16.9066,0.0,0.0001,2.4162,-0.0011,6.1138,35.511,11.3356,27.1118,35.8601
131.0,263.0,11.3568,40.014,98.7041,232.2954,0.0248,0.0001,99.7281,203.096,49.2631,-16.9066,0.0,0.0001,2.4109,-0.0018,6.1167,35.5097,11.3235,27.1131,35.8618
132.0,265.0,11.329,39.9829,90.5868,231.9697,0.0233,0.0001,99.7219,203.096,49.2631,-16.9066,0.0,0.0001,2.4038,-0.0011,6.1193,35.5046,11.2954,27.1143,35.8642
133.0,267.0,11.3239,39.9779,98.71,230.768,0.0225,0.0001,99.7452,203.0961,49.2631,-16.9066,0.0,0.0001,2.3982,-0.0026,6.1211,35.5037,11.29,27.1146,35.8648
134.0,269.0,11.2913,39.9414,85.6329,231.5198,0.0247,0.0001,99.7325,203.0961,49.2631,-16.9066,0.0,0.0001,2.3976,0.0001,6.1221,35.4977,11.2572,27.116,35.8676
135.0,271.0,11.2928,39.9441,98.7222,230.2456,0.0237,0.0001,99.7335,203.0962,49.2631,-16.9066,0.0,0.0001,2.3913,-0.0025,6.126,35.4982,11.2585,27.1162,35.8677
136.0,273.0,11.277,39.9276,98.6975,230.3489,0.0214,0.0001,99.7449,203.0962,49.2631,-16.9066,0.0,0.0001,2.3877,-0.0009,6.1263,35.496,11.2425,27.1174,35.8696
137.0,275.0,11.2767,39.9293,83.7879,231.0053,0.024,0.0001,99.7532,203.0963,49.2631,-16.9066,0.0,0.0001,2.389,0.0006,6.1253,35.4972,11.2419,27.1184,35.8706
138.0,277.0,11.2745,39.928,95.5662,230.5663,0.0257,0.0001,99.7416,203.0963,49.263,-16.9065,0.0,0.0001,2.3874,-0.0008,6.128,35.4972,11.2395,27.1189,35.8712
139.0,279.0,11.2603,39.9132,98.6895,230.2113,0.0249,0.0001,99.7549,203.0964,49.263,-16.9065,0.0,0.0001,2.3846,-0.0009,6.1285,35.4951,11.2251,27.1199,35.8728
140.0,281.0,11.2611,39.9157,75.2868,230.538,0.0242,0.0001,99.7479,203.0964,49.263,-16.9065,0.0,0.0001,2.3852,0.0001,6.1255,35.496,11.2256,27.1205,35.8734
141.0,283.0,11.2893,39.9527,98.7017,231.7974,0.0225,0.0001,99.7394,203.0965,49.263,-16.9065,0.0,0.0001,2.3896,0.0022,6.1245,35.5047,11.2535,27.1222,35.8738
142.0,285.0,11.2984,39.9658,98.7026,231.9689,0.021,0.0001,99.7281,203.0965,49.263,-16.9065,0.0,0.0001,2.3935,0.001,6.1249,35.5081,11.2623,27.1232,35.8744
143.0,287.0,11.282,39.9471,83.7182,231.1496,0.0248,0.0001,99.7403,203.0965,49.263,-16.9065,0.0,0.0001,2.3925,-0.0005,6.1188,35.5045,11.2456,27.1235,35.8754
144.0,289.0,11.349,40.0328,98.7043,233.903,0.0256,0.0001,99.7284,203.0966,49.263,-16.9065,0.0,0.0001,2.4035,0.0038,6.1159,35.524,11.3123,27.1263,35.8752
145.0,291.0,11.3488,40.0344,72.2748,233.4449,0.0244,0.0001,99.7246,203.0966,49.263,-16.9065,0.0,0.0001,2.4076,0.0002,6.1179,35.525,11.3118,27.1272,35.8762
146.0,293.0,11.3611,40.0509,93.7715,233.411,0.0239,0.0001,99.7164,203.0967,49.2629,-16.9065,0.0,0.0001,2.4078,0.0005,6.1122,35.5288,11.3239,27.1279,35.8763
147.0,295.0,11.3793,40.0752,98.692,235.0425,0.0207,0.0001,99.7073,203.0967,49.2629,-16.9065,0.0,0.0001,2.4166,0.0022,6.1122,35.5343,11.3417,27.1288,35.8765
148.0,297.0,11.3731,40.0677,98.6668,235.2663,0.0231,0.0001,99.7096,203.0968,49.2629,-16.9065,0.0,0.0001,2.4201,0.0011,6.1149,35.5322,11.3353,27.1284,35.8763
149.0,299.0,11.3468,40.0384,98.71,236.2058,0.0202,0.0001,99.7015,203.0968,49.2629,-16.9065,0.0,0.0001,2.4261,0.0015,6.116,35.5275,11.3088,27.1297,35.8787
150.0,301.0,11.3272,40.0168,85.4079,235.5499,0.0229,0.0001,99.7112,203.0969,49.2629,-16.9065,0.0,0.0001,2.4248,-0.0005,6.1176,35.5242,11.289,27.1307,35.8806
151.0,303.0,11.3237,40.014,92.5502,235.6834,0.0277,0.0001,99.7089,203.0969,49.2629,-16.9065,0.0,0.0001,2.4235,0.0002,6.1183,35.5235,11.2852,27.131,35.881
152.0,305.0,11.3225,40.0139,98.4565,235.8487,0.0233,0.0001,99.7069,203.097,49.2628,-16.9065,0.0,0.0001,2.424,0.0001,6.1201,35.5239,11.2839,27.1315,35.8816
153.0,307.0,11.3015,39.9926,98.7025,235.8312,0.0268,0.0001,99.7103,203.097,49.2628,-16.9065,0.0,0.0001,2.4238,-0.0002,6.1211,35.5217,11.2625,27.1338,35.8848
154.0,309.0,11.295,39.9864,72.8812,234.8259,0.0239,0.0001,99.7284,203.0971,49.2628,-16.9065,0.0,0.0001,2.4182,-0.0015,6.1227,35.5212,11.2558,27.1346,35.8859
155.0,311.0,11.295,39.9882,98.0046,235.9304,0.0222,0.0001,99.7246,203.0971,49.2628,-16.9065,0.0,0.0001,2.4194,0.0013,6.123,35.522,11.2556,27.1352,35.8865
156.0,313.0,11.2932,39.9879,88.5295,235.7728,0.0252,0.0001,99.7179,203.0972,49.2628,-16.9065,0.0,0.0001,2.4215,-0.0002,6.123,35.5224,11.2535,27.136,35.8874
157.0,315.0,11.2931,39.9883,98.7025,235.2347,0.0257,0.0001,99.7246,203.0972,49.2628,-16.9065,0.0,0.0001,2.4185,-0.0011,6.1233,35.5223,11.2532,27.1359,35.8873
158.0,317.0,11.2909,39.9884,98.6987,234.8777,0.0245,0.0001,99.7144,203.0972,49.2627,-16.9065,0.0,0.0001,2.4148,-0.0009,6.1241,35.5235,11.2507,27.1373,35.8888
159.0,319.0,11.2783,39.9742,83.702,235.5586,0.0244,0.0001,99.7221,203.0973,49.2627,-16.9065,0.0,0.0001,2.4161,0.0006,6.1251,35.5206,11.2379,27.1375,35.8895
160.0,321.0,11.272,39.9674,98.2192,235.0594,0.0225,0.0001,99.7301,203.0973,49.2627,-16.9064,0.0,0.0001,2.4148,-0.0011,6.1263,35.5193,11.2314,27.1376,35.8899
161.0,323.0,11.2672,39.9629,98.7044,235.6902,0.0236,0.0001,99.7172,203.0974,49.2627,-16.9064,0.0,0.0001,2.416,0.0005,6.1267,35.5182,11.2262,27.1377,35.8903
162.0,325.0,11.2624,39.958,77.135,234.9511,0.0228,0.0001,99.7199,203.0974,49.2627,-16.9064,0.0,0.0001,2.4125,-0.0011,6.1291,35.5173,11.2212,27.1379,35.8907
163.0,327.0,11.2466,39.9415,98.7044,233.8529,0.0222,0.0001,99.7535,203.0975,49.2626,-16.9064,0.0,0.0001,2.4058,-0.0022,6.1293,35.5151,11.2053,27.1391,35.8926
164.0,329.0,11.251,39.949,98.6959,233.969,0.0239,0.0001,99.7458,203.0975,49.2626,-16.9064,0.0,0.0001,2.4024,-0.0005,6.1278,35.5174,11.2093,27.1402,35.8935
165.0,331.0,11.262,39.9638,98.6967,234.4461,0.0255,0.0001,99.7426,203.0975,49.2626,-16.9064,0.0,0.0001,2.4041,0.0002,6.1289,35.5205,11.2201,27.1406,35.8934
166.0,333.0,11.2437,39.9432,98.71,233.8888,0.0251,0.0001,99.7253,203.0976,49.2626,-16.9064,0.0,0.0001,2.4011,-0.001,6.1296,35.5169,11.2015,27.1412,35.8948
167.0,335.0,11.2429,39.9432,81.3694,233.99,0.0235,0.0001,99.7434,203.0976,49.2626,-16.9064,0.0,0.0001,2.4002,-0.0003,6.1298,35.5167,11.2005,27.1413,35.8949
168.0,337.0,11.2478,39.9495,92.8012,233.8153,0.0233,0.0001,99.727,203.0977,49.2626,-16.9064,0.0,0.0001,2.3984,-0.0006,6.1313,35.5175,11.2051,27.1411,35.8945
169.0,339.0,11.2338,39.9338,98.7048,233.3371,0.0228,0.0001,99.7379,203.0977,49.2626,-16.9064,0.0,0.0001,2.3956,-0.0012,6.1315,35.5144,11.1909,27.1413,35.8953
170.0,341.0,11.2269,39.927,91.8927,233.3287,0.0218,0.0001,99.7354,203.0977,49.2625,-16.9064,0.0,0.0001,2.3938,-0.0006,6.1331,35.5134,11.1838,27.1418,35.8962
171.0,343.0,11.213,39.912,98.6964,232.9849,0.0223,0.0001,99.7246,203.0978,49.2625,-16.9064,0.0,0.0001,2.3918,-0.0011,6.1333,35.511,11.1697,27.1425,35.8974
172.0,345.0,11.2105,39.9104,98.7017,233.0121,0.0233,0.0001,99.7273,203.0978,49.2625,-16.9064,0.0,0.0001,2.3899,-0.0007,6.1339,35.5109,11.167,27.143,35.898
173.0,347.0,11.2425,39.9521,68.5014,231.859,0.0224,0.0001,99.7222,203.0979,49.2625,-16.9064,0.0,0.0001,2.3835,-0.0013,6.1256,35.5206,11.1985,27.1447,35.8983
174.0,349.0,11.2753,39.9936,98.6085,231.1485,0.02,0.0001,99.7249,203.0979,49.2625,-16.9064,0.0,0.0001,2.3789,-0.0018,6.1231,35.5295,11.2311,27.1457,35.8978
175.0,351.0,11.3103,40.0387,98.6946,231.0682,0.0235,0.0001,99.7267,203.0979,49.2625,-16.9064,0.0,0.0001,2.3754,-0.0007,6.1228,35.5395,11.2656,27.1471,35.8977
176.0,353.0,11.3068,40.0341,98.6879,231.0885,0.0243,0.0001,99.7243,203.098,49.2624,-16.9064,0.0,0.0001,2.3758,-0.0004,6.1176,35.5376,11.2619,27.1462,35.897
177.0,355.0,11.3328,40.0677,75.174,229.9185,0.0235,0.0001,99.7172,203.098,49.2624,-16.9064,0.0,0.0001,2.3689,-0.0017,6.1143,35.545,11.2875,27.1472,35.8969
178.0,357.0,11.3616,40.1044,91.1596,230.388,0.0212,0.0001,99.7126,203.098,49.2624,-16.9064,0.0,0.0001,2.3684,-0.0002,6.1172,35.5526,11.3161,27.1479,35.8963
179.0,359.0,11.372,40.1174,98.4723,230.2229,0.0218,0.0001,99.7175,203.0981,49.2624,-16.9064,0.0,0.0001,2.3683,-0.0001,6.1101,35.5548,11.3262,27.1477,35.8957
180.0,361.0,11.3813,40.1312,98.6966,229.2006,0.0229,0.0001,99.7187,203.0981,49.2624,-16.9064,0.0,0.0001,2.3629,-0.0015,6.1102,35.5586,11.3352,27.149,35.8965
181.0,363.0,11.3816,40.1326,98.7021,229.0419,0.0195,0.0001,99.7018,203.0981,49.2624,-16.9063,0.0,0.0001,2.3599,-0.0011,6.1115,35.5588,11.3352,27.1491,35.8967
182.0,365.0,11.3734,40.1241,42.4787,229.1383,0.0192,0.0001,99.7138,203.0982,49.2624,-16.9063,0.0,0.0001,2.359,-0.0005,6.1108,35.5574,11.3267,27.1496,35.8975
183.0,367.0,11.3634,40.1136,94.0274,229.1906,0.0211,0.0001,99.7086,203.0982,49.2624,-16.9063,0.0,0.0001,2.3579,-0.0006,6.1141,35.5558,11.3166,27.1503,35.8986
184.0,369.0,11.3404,40.0877,98.6875,229.1113,0.0222,0.0001,99.7152,203.0983,49.2623,-16.9063,0.0,0.0001,2.356,-0.0002,6.1146,35.5513,11.2933,27.1511,35.9005
185.0,371.0,11.3337,40.0811,76.2808,229.5749,0.0195,0.0001,99.6846,203.0983,49.2623,-16.9063,0.0,0.0001,2.3567,0.0005,6.1157,35.5503,11.2863,27.1516,35.9012
186.0,373.0,11.3413,40.0914,86.2181,229.2591,0.0193,0.0001,99.6956,203.0983,49.2623,-16.9063,0.0,0.0001,2.356,-0.0005,6.1179,35.5524,11.2938,27.1519,35.9012
187.0,375.0,11.3279,40.0782,98.6979,229.7171,0.0239,0.0001,99.7209,203.0983,49.2623,-16.9063,0.0,0.0001,2.3563,0.0005,6.1172,35.5513,11.2801,27.1535,35.9034
188.0,377.0,11.3146,40.0635,98.6939,229.6504,0.0226,0.0001,99.7078,203.0984,49.2623,-16.9063,0.0,0.0001,2.3573,-0.0002,6.1195,35.5486,11.2666,27.1539,35.9044
189.0,379.0,11.3098,40.0604,98.7035,229.9449,0.0221,0.0001,99.7149,203.0984,49.2623,-16.9063,0.0,0.0001,2.3562,0.0004,6.1219,35.5492,11.2615,27.1553,35.906
190.0,381.0,11.2953,40.0457,82.4087,230.5352,0.0231,0.0001,99.709,203.0985,49.2622,-16.9063,0.0,0.0001,2.3594,0.001,6.1222,35.5476,11.2468,27.1568,35.9081
191.0,383.0,11.2921,40.0437,98.6975,230.4291,0.018,0.0001,99.7101,203.0985,49.2622,-16.9063,0.0,0.0001,2.3614,0.0002,6.1217,35.548,11.2434,27.1577,35.9091
192.0,385.0,11.2937,40.0472,98.7017,230.7076,0.0247,0.0001,99.7084,203.0985,49.2622,-16.9063,0.0,0.0001,2.3619,0.0003,6.1219,35.5487,11.2447,27.158,35.9094
193.0,387.0,11.2947,40.0488,98.6993,230.4193,0.0214,0.0001,99.7099,203.0986,49.2622,-16.9063,0.0,0.0001,2.3614,-0.0007,6.1231,35.5488,11.2455,27.1579,35.9093
194.0,389.0,11.2879,40.0424,64.95,232.0165,0.0206,0.0001,99.7246,203.0986,49.2622,-16.9063,0.0,0.0001,2.3647,0.0025,6.1245,35.548,11.2384,27.1587,35.9103
195.0,391.0,11.2734,40.0266,96.1892,231.9148,0.0236,0.0001,99.7246,203.0986,49.2622,-16.9063,0.0,0.0001,2.3679,0.0009,6.1258,35.5454,11.2237,27.1594,35.9116
196.0,393.0,11.2564,40.0084,98.6985,231.9861,0.0236,0.0001,99.7186,203.0987,49.2622,-16.9063,0.0,0.0001,2.3692,0.0004,6.1265,35.5427,11.2065,27.1604,35.9134
197.0,395.0,11.2608,40.0138,86.812,231.8114,0.0222,0.0001,99.7015,203.0987,49.2622,-16.9063,0.0,0.0001,2.3682,-0.0005,6.1279,35.5431,11.2106,27.16,35.9128
198.0,397.0,11.2519,40.0048,98.71,231.2661,0.0226,0.0001,99.7196,203.0987,49.2621,-16.9063,0.0,0.0001,2.3659,-0.0014,6.129,35.5417,11.2015,27.1606,35.9138
199.0,399.0,11.2484,40.0017,98.7085,230.9519,0.0245,0.0001,99.7069,203.0987,49.2621,-16.9063,0.0,0.0001,2.3634,-0.0016,6.1285,35.5413,11.1978,27.1609,35.9143
200.0,401.0,11.2359,39.9886,91.6104,231.5197,0.022,0.0001,99.6606,203.0988,49.2621,-16.9063,0.0,0.0001,2.3638,-0.0001,6.1309,35.5394,11.185,27.1618,35.9157
201.0,403.0,11.2196,39.9697,98.6899,231.89,0.0208,0.0001,99.7191,203.0988,49.2621,-16.9063,0.0,0.0001,2.3638,0.0002,6.1355,35.5353,11.1685,27.1617,35.9163
202.0,405.0,11.2013,39.9502,98.692,233.0693,0.0195,0.0001,99.7246,203.0988,49.2621,-16.9063,0.0,0.0001,2.3679,0.0024,6.1338,35.5326,11.15,27.163,35.9184
203.0,407.0,11.1947,39.9447,81.0739,233.4715,0.0218,0.0001,99.7194,203.0989,49.2621,-16.9063,0.0,0.0001,2.3712,0.002,6.1336,35.5325,11.1432,27.1642,35.9199
204.0,409.0,11.2025,39.9534,92.1584,232.9662,0.024,0.0001,99.7198,203.0989,49.2621,-16.9063,0.0,0.0001,2.3712,-0.0002,6.1375,35.5331,11.1508,27.1632,35.9186
205.0,411.0,11.1787,39.9289,98.6907,233.3983,0.0211,0.0001,99.721,203.0989,49.2621,-16.9063,0.0,0.0001,2.3724,0.0006,6.1393,35.5307,11.1267,27.1658,35.9222
206.0,413.0,11.1681,39.9176,98.7056,233.3834,0.0208,0.0001,99.7351,203.099,49.2621,-16.9063,0.0,0.0001,2.3729,0.0002,6.1404,35.5288,11.1159,27.1663,35.9231
207.0,415.0,11.1571,39.9065,98.7037,233.9758,0.0216,0.0001,99.739,203.099,49.2621,-16.9063,0.0,0.0001,2.3748,0.001,6.1397,35.5272,11.1046,27.1671,35.9245
208.0,417.0,11.1566,39.9064,98.6219,233.6756,0.0213,0.0001,99.7262,203.099,49.262,-16.9063,0.0,0.0001,2.3746,-0.0003,6.1417,35.5271,11.104,27.1671,35.9245
209.0,419.0,11.149,39.8976,98.71,233.7085,0.0216,0.0001,99.7496,203.0991,49.262,-16.9063,0.0,0.0001,2.3739,0.0,6.1415,35.5247,11.0961,27.1667,35.9245
210.0,421.0,11.1402,39.89,84.1914,233.8349,0.0193,0.0001,99.7318,203.0991,49.262,-16.9063,0.0,0.0001,2.3739,-0.0001,6.1443,35.5246,11.087,27.1683,35.9264
211.0,423.0,11.1338,39.8833,93.0921,235.1292,0.0191,0.0001,99.7439,203.0991,49.262,-16.9063,0.0,0.0001,2.3786,0.002,6.1441,35.5231,11.0804,27.1684,35.9268
212.0,425.0,11.1277,39.878,98.7025,234.665,0.0172,0.0001,99.7562,203.0992,49.262,-16.9063,0.0,0.0001,2.3798,-0.0002,6.1457,35.5228,11.0741,27.1693,35.928
213.0,427.0,11.1239,39.874,97.9877,234.7219,0.0186,0.0001,99.7535,203.0992,49.262,-16.9063,0.0,0.0001,2.3796,0.0,6.146,35.5218,11.0701,27.1693,35.9281
214.0,429.0,11.1128,39.8638,98.705,235.3914,0.0222,0.0001,99.7479,203.0992,49.262,-16.9063,0.0,0.0001,2.3815,0.0007,6.1473,35.5213,11.0587,27.171,35.9303
215.0,431.0,11.1095,39.8617,98.6905,235.6066,0.0191,0.0001,99.7506,203.0993,49.262,-16.9063,0.0,0.0001,2.3834,0.0006,6.1471,35.5214,11.0551,27.1717,35.9311
216.0,433.0,11.1083,39.8612,86.6299,235.5774,0.0245,0.0001,99.7354,203.0993,49.2619,-16.9063,0.0,0.0001,2.3836,0.0002,6.1477,35.5211,11.0536,27.1717,35.9312
217.0,435.0,11.1091,39.8625,95.5011,235.552,0.0222,0.0001,99.739,203.0993,49.2619,-16.9063,0.0,0.0001,2.3834,-0.0002,6.1487,35.521,11.0543,27.1715,35.931
218.0,437.0,11.0998,39.8536,98.6887,235.5149,0.0261,0.0001,99.739,203.0994,49.2619,-16.9063,0.0,0.0001,2.3831,-0.0003,6.1482,35.5203,11.0447,27.1727,35.9326
219.0,439.0,11.0985,39.8531,89.2311,236.1342,0.0237,0.0001,99.7574,203.0994,49.2619,-16.9063,0.0,0.0001,2.3858,0.0005,6.1492,35.5199,11.0431,27.1728,35.9327
220.0,441.0,11.0969,39.8522,98.697,236.0663,0.0222,0.0001,99.749,203.0994,49.2619,-16.9063,0.0,0.0001,2.3858,0.0001,6.1497,35.5197,11.0413,27.1729,35.9329
221.0,443.0,11.0918,39.8482,98.7,236.0228,0.0227,0.0001,99.749,203.0995,49.2619,-16.9063,0.0,0.0001,2.3858,-0.0001,6.1499,35.5198,11.036,27.1739,35.9342
222.0,445.0,11.0903,39.8479,98.7,236.1141,0.0198,0.0001,99.7679,203.0995,49.2619,-16.9063,0.0,0.0001,2.3852,0.0,6.1499,35.52,11.0342,27.1744,35.9347
223.0,447.0,11.0902,39.8498,86.6462,236.4409,0.0223,0.0001,99.7554,203.0995,49.2619,-16.9063,0.0,0.0001,2.3858,0.0005,6.1498,35.521,11.0339,27.1752,35.9355
224.0,449.0,11.0908,39.8515,95.6016,235.9757,0.021,0.0001,99.7535,203.0996,49.2618,-16.9063,0.0,0.0001,2.3845,-0.0006,6.1498,35.5213,11.0341,27.1754,35.9357
225.0,451.0,11.0908,39.8528,98.6912,236.187,0.0177,0.0001,99.7824,203.0996,49.2618,-16.9063,0.0,0.0001,2.3834,-0.0001,6.1498,35.5218,11.0339,27.1758,35.9361
226.0,453.0,11.0902,39.8532,98.6987,235.4353,0.0186,0.0001,99.7631,203.0996,49.2618,-16.9063,0.0,0.0001,2.3801,-0.0013,6.1503,35.5219,11.0331,27.1761,35.9365
227.0,455.0,11.0859,39.8497,83.3338,235.5637,0.0186,0.0001,99.7535,203.0997,49.2618,-16.9063,0.0,0.0001,2.3797,-0.0005,6.1511,35.5218,11.0285,27.1769,35.9374
228.0,457.0,11.081,39.846,86.7871,235.5106,0.0218,0.0001,99.7586,203.0997,49.2618,-16.9063,0.0,0.0001,2.3773,-0.0004,6.152,35.5219,11.0234,27.1779,35.9386
229.0,459.0,11.0746,39.8396,98.7011,235.7565,0.0197,0.0001,99.7621,203.0997,49.2618,-16.9063,0.0,0.0001,2.3777,0.0,6.1537,35.5207,11.0168,27.1782,35.9392
230.0,461.0,11.0637,39.8278,98.7042,235.3359,0.0234,0.0001,99.7535,203.0997,49.2618,-16.9063,0.0,0.0001,2.3773,-0.0008,6.1532,35.5187,11.0056,27.1786,35.9401
231.0,463.0,11.0555,39.8193,98.6996,235.7032,0.02,0.0001,99.7675,203.0998,49.2618,-16.9063,0.0,0.0001,2.3756,-0.0001,6.1557,35.5171,10.9972,27.1789,35.9408
232.0,465.0,11.0513,39.8106,98.71,234.4924,0.0205,0.0001,99.7657,203.0998,49.2617,-16.9063,0.0,0.0001,2.3716,-0.0025,6.1573,35.5118,10.9928,27.1756,35.9377
233.0,467.0,11.033,39.796,98.6814,234.2763,0.019,0.0001,99.7639,203.0998,49.2617,-16.9063,0.0,0.0001,2.3685,-0.0021,6.1571,35.5138,10.9742,27.1805,35.9434
234.0,469.0,11.0293,39.7932,88.92,234.994,0.0187,0.0001,99.7367,203.0999,49.2617,-16.9063,0.0,0.0001,2.3685,-0.0001,6.1574,35.5136,10.9703,27.1811,35.9441
235.0,471.0,11.0306,39.795,94.1093,234.2433,0.0217,0.0001,99.7535,203.0999,49.2617,-16.9063,0.0,0.0001,2.3675,-0.0015,6.1591,35.5134,10.9714,27.1808,35.9437
236.0,473.0,11.0234,39.7886,98.695,234.7567,0.0224,0.0001,99.762,203.0999,49.2617,-16.9063,0.0,0.0001,2.3646,0.0002,6.1598,35.5129,10.964,27.1817,35.945
237.0,475.0,11.0164,39.7817,93.229,234.0254,0.0238,0.0001,99.7583,203.1,49.2617,-16.9063,0.0,0.0001,2.3612,-0.0012,6.161,35.512,10.9567,27.1824,35.9459
238.0,477.0,11.0089,39.7744,98.633,233.8551,0.0214,0.0001,99.7535,203.1,49.2617,-16.9063,0.0,0.0001,2.3586,-0.0008,6.1617,35.5111,10.949,27.1831,35.947
239.0,479.0,11.0033,39.7693,98.6988,233.7229,0.0219,0.0001,99.7631,203.1,49.2616,-16.9063,0.0,0.0001,2.3563,-0.0007,6.1623,35.5105,10.9431,27.1836,35.9478
240.0,481.0,10.9992,39.7658,98.7032,233.9639,0.0196,0.0001,99.7535,203.1001,49.2616,-16.9063,0.0,0.0001,2.3554,0.0001,6.1625,35.51,10.9388,27.184,35.9484
241.0,483.0,10.9981,39.7654,82.6451,233.949,0.0187,0.0001,99.7607,203.1001,49.2616,-16.9063,0.0,0.0001,2.3554,0.0,6.1621,35.51,10.9375,27.1842,35.9486
242.0,485.0,10.9975,39.7657,98.5039,233.6083,0.0215,0.0001,99.7487,203.1001,49.2616,-16.9063,0.0,0.0001,2.3535,-0.0006,6.1626,35.5098,10.9366,27.1843,35.9487
243.0,487.0,10.9981,39.767,98.6941,233.3772,0.0186,0.0001,99.7679,203.1002,49.2616,-16.9063,0.0,0.0001,2.3512,-0.0007,6.1631,35.5098,10.9369,27.1842,35.9487
244.0,489.0,10.9948,39.7646,98.6918,233.3783,0.0186,0.0001,99.7555,203.1002,49.2616,-16.9063,0.0,0.0001,2.3503,-0.0004,6.1629,35.5096,10.9334,27.1847,35.9492
245.0,491.0,10.9891,39.7593,87.3153,233.5301,0.021,0.0001,99.7614,203.1002,49.2616,-16.9063,0.0,0.0001,2.3503,-0.0001,6.1644,35.5088,10.9275,27.1851,35.95
246.0,493.0,10.9867,39.7572,98.6895,232.4174,0.0246,0.0001,99.7824,203.1003,49.2615,-16.9063,0.0,0.0001,2.3455,-0.002,6.1658,35.5082,10.9248,27.1852,35.9501
247.0,495.0,10.9753,39.7453,98.386,232.7546,0.0183,0.0001,99.7599,203.1003,49.2615,-16.9063,0.0,0.0001,2.3438,-0.0007,6.1668,35.5064,10.9132,27.1859,35.9514
248.0,497.0,10.9635,39.7334,98.692,232.0953,0.0209,0.0001,99.7797,203.1004,49.2615,-16.9063,0.0,0.0001,2.3397,-0.0013,6.1673,35.505,10.9011,27.187,35.9529
249.0,499.0,10.9607,39.731,98.6925,231.5648,0.018,0.0001,99.7824,203.1004,49.2615,-16.9063,0.0,0.0001,2.3362,-0.0017,6.1675,35.5045,10.8981,27.1871,35.9532
250.0,501.0,10.9581,39.7289,84.5124,231.7097,0.0177,0.0001,99.7665,203.1004,49.2615,-16.9063,0.0,0.0001,2.3327,-0.0004,6.1689,35.5039,10.8953,27.1872,35.9534
251.0,503.0,10.9462,39.7162,95.4521,230.7718,0.0187,0.0001,99.7824,203.1005,49.2615,-16.9063,0.0,0.0001,2.3277,-0.0021,6.1747,35.502,10.8832,27.1879,35.9547
252.0,505.0,10.9108,39.6771,98.6963,228.5877,0.0215,0.0001,99.7824,203.1005,49.2614,-16.9063,0.0,0.0001,2.3174,-0.0047,6.1757,35.496,10.8477,27.1896,35.9579
253.0,507.0,10.9,39.666,76.4547,228.6668,0.0222,0.0001,99.7767,203.1005,49.2614,-16.9063,0.0,0.0001,2.3105,-0.0021,6.1748,35.4944,10.8366,27.1904,35.9592
254.0,509.0,10.8963,39.6624,94.4942,229.1045,0.0217,0.0001,99.7841,203.1006,49.2614,-16.9063,0.0,0.0001,2.3082,-0.0006,6.1769,35.4936,10.8327,27.1905,35.9594
255.0,511.0,10.8942,39.6618,98.686,227.8544,0.0231,0.0001,99.7535,203.1006,49.2614,-16.9063,0.0,0.0001,2.3035,-0.0025,6.1768,35.4941,10.8304,27.1913,35.9603
256.0,513.0,10.8943,39.6628,98.6898,228.5181,0.0236,0.0001,99.7547,203.1006,49.2614,-16.9063,0.0,0.0001,2.3027,-0.0003,6.1767,35.494,10.8301,27.1913,35.9603
257.0,515.0,10.8947,39.6638,98.6918,227.851,0.0245,0.0001,99.7631,203.1007,49.2614,-16.9063,0.0,0.0001,2.2996,-0.0013,6.1777,35.494,10.8303,27.1912,35.9602
258.0,517.0,10.8802,39.649,88.9822,228.0896,0.023,0.0001,99.7756,203.1007,49.2614,-16.9063,0.0,0.0001,2.2976,-0.0003,6.1796,35.4919,10.8156,27.1923,35.9619
259.0,519.0,10.8748,39.6446,98.6869,227.2152,0.0254,0.0001,99.7752,203.1007,49.2614,-16.9063,0.0,0.0001,2.2937,-0.0016,6.1804,35.492,10.81,27.1934,35.9632
260.0,521.0,10.8695,39.6411,98.6888,227.1435,0.0235,0.0001,99.7432,203.1008,49.2613,-16.9063,0.0,0.0001,2.2908,-0.001,6.1805,35.4927,10.8044,27.1949,35.965
261.0,523.0,10.8627,39.635,98.5422,227.7075,0.0215,0.0001,99.7691,203.1008,49.2613,-16.9063,0.0,0.0001,2.2914,0.0003,6.181,35.4922,10.7974,27.1958,35.9662
262.0,525.0,10.8634,39.6361,88.5497,227.2729,0.0225,0.0001,99.706,203.1008,49.2613,-16.9063,0.0,0.0001,2.29,-0.0007,6.1817,35.4919,10.7979,27.1955,35.9659
263.0,527.0,10.8577,39.6314,96.6183,226.792,0.0218,0.0001,99.6567,203.1009,49.2613,-16.9063,0.0,0.0001,2.2869,-0.0012,6.1813,35.4918,10.7919,27.1965,35.9671
264.0,529.0,10.8587,39.6345,98.6894,226.7084,0.0215,0.0001,99.7824,203.1009,49.2613,-16.9063,0.0,0.0001,2.2851,-0.001,6.1814,35.4932,10.7927,27.1974,35.968
265.0,531.0,10.866,39.646,94.985,227.713,0.0214,0.0001,99.759,203.1009,49.2613,-16.9063,0.0,0.0001,2.2885,0.0007,6.1811,35.4965,10.7996,27.1987,35.969
266.0,533.0,10.8657,39.6464,98.6912,227.9903,0.0204,0.0001,99.7824,203.101,49.2613,-16.9063,0.0,0.0001,2.2902,0.0006,6.1807,35.4965,10.799,27.1988,35.9691
267.0,535.0,10.8667,39.6506,98.6904,227.8527,0.0226,0.0001,99.7892,203.101,49.2612,-16.9063,0.0,0.0001,2.2901,0.0,6.1814,35.4987,10.7999,27.2004,35.9706
268.0,537.0,10.8598,39.6443,98.686,227.7563,0.0246,0.0001,99.7824,203.101,49.2612,-16.9063,0.0,0.0001,2.2899,-0.0003,6.1812,35.4981,10.7927,27.2013,35.9718
269.0,539.0,10.8589,39.6441,94.0945,228.0421,0.0217,0.0001,99.7631,203.1011,49.2612,-16.9063,0.0,0.0001,2.2908,0.0001,6.1818,35.4981,10.7915,27.2014,35.972
270.0,541.0,10.8557,39.6413,62.4306,226.8355,0.0213,0.0001,99.7666,203.1011,49.2612,-16.9063,0.0,0.0001,2.286,-0.0022,6.1837,35.4974,10.7881,27.2015,35.9722
271.0,543.0,10.8469,39.6335,98.68,226.9443,0.0243,0.0001,99.7824,203.1011,49.2612,-16.9063,0.0,0.0001,2.2845,-0.0014,6.1832,35.4972,10.7791,27.203,35.9741
272.0,545.0,10.8407,39.6275,94.5093,227.6409,0.0235,0.0001,99.7771,203.1012,49.2612,-16.9063,0.0,0.0001,2.2853,0.0004,6.1827,35.4962,10.7726,27.2033,35.9747
273.0,547.0,10.844,39.6316,98.6895,227.3853,0.0242,0.0001,99.7598,203.1012,49.2612,-16.9063,0.0,0.0001,2.2845,-0.0006,6.1855,35.4964,10.7758,27.203,35.9742
274.0,549.0,10.8289,39.6166,98.6971,227.6369,0.0213,0.0001,99.7824,203.1012,49.2612,-16.9063,0.0,0.0001,2.2836,0.0001,6.1865,35.4949,10.7604,27.2045,35.9764
275.0,551.0,10.823,39.612,98.5936,227.4951,0.0203,0.0001,99.7902,203.1013,49.2612,-16.9063,0.0,0.0001,2.2833,-0.0002,6.1861,35.4953,10.7543,27.2059,35.9781
276.0,553.0,10.8201,39.6102,98.6942,228.0168,0.0228,0.0001,99.786,203.1013,49.2612,-16.9063,0.0,0.0001,2.2853,0.0004,6.1865,35.4954,10.7512,27.2066,35.9788
277.0,555.0,10.8205,39.6112,98.68,228.1391,0.0224,0.0001,99.7832,203.1013,49.2611,-16.9062,0.0,0.0001,2.2857,0.0003,6.1868,35.4954,10.7513,27.2066,35.9788
278.0,557.0,10.8174,39.6111,81.2455,229.4698,0.0233,0.0001,99.7986,203.1014,49.2611,-16.9063,0.0,0.0001,2.2918,0.0018,6.1869,35.4972,10.7479,27.2086,35.9809
279.0,559.0,10.8191,39.6135,98.6858,231.2358,0.0219,0.0001,99.8054,203.1014,49.2611,-16.9062,0.0,0.0001,2.3007,0.0033,6.188,35.4971,10.7494,27.2083,35.9806
280.0,561.0,10.811,39.6072,98.4822,232.0798,0.0191,0.0001,99.7929,203.1014,49.2611,-16.9062,0.0,0.0001,2.3084,0.0027,6.1884,35.4977,10.741,27.2102,35.9829
281.0,563.0,10.8078,39.6048,98.685,231.3197,0.0208,0.0001,99.8112,203.1015,49.2611,-16.9062,0.0,0.0001,2.3089,0.0003,6.1877,35.4976,10.7376,27.2107,35.9835
282.0,565.0,10.8085,39.606,87.7422,231.2836,0.0189,0.0001,99.7969,203.1015,49.2611,-16.9062,0.0,0.0001,2.3085,0.0,6.1892,35.4973,10.7381,27.2104,35.9832
283.0,567.0,10.7994,39.5977,91.2046,231.4561,0.0201,0.0001,99.7989,203.1016,49.2611,-16.9062,0.0,0.0001,2.3093,-0.0001,6.1902,35.4969,10.7287,27.2118,35.9849
284.0,569.0,10.7897,39.5886,95.7061,231.7504,0.0192,0.0001,99.8095,203.1016,49.2611,-16.9062,0.0,0.0001,2.3101,0.0004,6.1903,35.496,10.7188,27.2129,35.9864
285.0,571.0,10.7915,39.591,98.68,231.4901,0.0207,0.0001,99.7986,203.1016,49.261,-16.9062,0.0,0.0001,2.3093,-0.0004,6.1912,35.4961,10.7204,27.2127,35.9862
286.0,573.0,10.7881,39.5894,98.6837,231.3704,0.0205,0.0001,99.8112,203.1016,49.261,-16.9062,0.0,0.0001,2.3083,-0.0004,6.1909,35.4967,10.7167,27.2138,35.9875
287.0,575.0,10.7852,39.5874,74.573,231.8581,0.0214,0.0001,99.7917,203.1017,49.261,-16.9062,0.0,0.0001,2.3097,0.0002,6.1915,35.4966,10.7136,27.2143,35.9881
288.0,577.0,10.7829,39.5858,98.6877,231.2938,0.0209,0.0001,99.8028,203.1017,49.261,-16.9062,0.0,0.0001,2.3073,-0.0009,6.193,35.4963,10.711,27.2146,35.9884
289.0,579.0,10.774,39.577,98.6987,231.1793,0.019,0.0001,99.7893,203.1017,49.261,-16.9062,0.0,0.0001,2.3057,-0.0007,6.1925,35.4952,10.7019,27.2153,35.9896
290.0,581.0,10.7717,39.5751,98.6904,231.4454,0.0209,0.0001,99.7985,203.1018,49.261,-16.9062,0.0,0.0001,2.3053,-0.0001,6.1941,35.4946,10.6994,27.2153,35.9897
291.0,583.0,10.7611,39.5641,89.5445,230.5797,0.0173,0.0001,99.7863,203.1018,49.261,-16.9062,0.0,0.0001,2.3017,-0.0017,6.1956,35.493,10.6885,27.216,35.9908
292.0,585.0,10.7455,39.5478,98.6885,230.1707,0.0205,0.0001,99.8006,203.1019,49.261,-16.9062,0.0,0.0001,2.296,-0.0015,6.1982,35.4908,10.6728,27.2171,35.9926
293.0,587.0,10.7375,39.5396,98.6875,228.9926,0.0234,0.0001,99.7996,203.1019,49.261,-16.9062,0.0,0.0001,2.2909,-0.0026,6.1975,35.4894,10.6646,27.2175,35.9934
294.0,589.0,10.729,39.531,97.1967,229.5671,0.0228,0.0001,99.7885,203.1019,49.2609,-16.9062,0.0,0.0001,2.289,-0.0006,6.1998,35.4881,10.6558,27.218,35.9943
295.0,591.0,10.722,39.5247,91.4831,229.2454,0.0179,0.0001,99.8012,203.102,49.2609,-16.9062,0.0,0.0001,2.2854,-0.0008,6.2017,35.4876,10.6486,27.2189,35.9955
296.0,593.0,10.7146,39.5173,98.6938,229.2708,0.0176,0.0001,99.8002,203.102,49.2609,-16.9062,0.0,0.0001,2.2843,-0.0006,6.2026,35.4866,10.6409,27.2195,35.9964
297.0,595.0,10.7072,39.5094,98.6875,229.4969,0.0197,0.0001,99.8048,203.102,49.2609,-16.9062,0.0,0.0001,2.2846,0.0001,6.2017,35.4849,10.6333,27.2196,35.9968
298.0,597.0,10.7028,39.5062,94.9793,229.2799,0.0168,0.0001,99.797,203.1021,49.2609,-16.9062,0.0,0.0001,2.2837,-0.0005,6.2035,35.4851,10.6288,27.2205,35.998
299.0,599.0,10.6924,39.4947,98.6879,228.3277,0.0196,0.0001,99.7878,203.1021,49.2609,-16.9062,0.0,0.0001,2.2783,-0.0018,6.2061,35.4826,10.6181,27.2205,35.9984
300.0,601.0,10.6744,39.4766,98.68,227.9519,0.0165,0.0001,99.7824,203.1021,49.2609,-16.9062,0.0,0.0001,2.2761,-0.0016,6.2041,35.4809,10.5999,27.2224,36.0011
301.0,603.0,10.6702,39.4733,90.6607,228.5375,0.0194,0.0001,99.782,203.1022,49.2609,-16.9062,0.0,0.0001,2.2756,-0.0003,6.2061,35.4808,10.5955,27.2231,36.002
302.0,605.0,10.6765,39.4814,98.68,226.6064,0.0238,0.0001,99.7856,203.1022,49.2608,-16.9062,0.0,0.0001,2.268,-0.0032,6.2055,35.482,10.6015,27.223,36.0016
303.0,607.0,10.6821,39.4911,98.6839,226.2847,0.0216,0.0001,99.7769,203.1022,49.2608,-16.9062,0.0,0.0001,2.2613,-0.0019,6.205,35.4854,10.6068,27.2247,36.0031
304.0,609.0,10.6869,39.4992,74.1673,227.016,0.0153,0.0001,99.7876,203.1023,49.2608,-16.9062,0.0,0.0001,2.2613,0.0,6.205,35.4879,10.6113,27.2259,36.004
305.0,611.0,10.6861,39.4999,94.9227,227.1167,0.0163,0.0001,99.7799,203.1023,49.2608,-16.9062,0.0,0.0001,2.2613,0.0,6.2057,35.4886,10.6103,27.2265,36.0047
306.0,613.0,10.6833,39.4975,98.6998,226.8178,0.0209,0.0001,99.7824,203.1023,49.2608,-16.9062,0.0,0.0001,2.2601,-0.0006,6.2075,35.4882,10.6073,27.2267,36.005
307.0,615.0,10.6522,39.4634,98.6599,226.9223,0.0211,0.0001,99.7839,203.1024,49.2608,-16.9062,0.0,0.0001,2.259,-0.0003,6.2094,35.4828,10.576,27.2282,36.0078
308.0,617.0,10.6542,39.4672,98.6874,226.6319,0.0203,0.0001,99.7802,203.1024,49.2608,-16.9062,0.0,0.0001,2.2575,-0.0009,6.2132,35.484,10.5778,27.2287,36.0083
309.0,619.0,10.6303,39.4404,98.68,227.494,0.0229,0.0001,99.79,203.1024,49.2608,-16.9062,0.0,0.0001,2.2582,0.0011,6.2114,35.4792,10.5537,27.2293,36.01
310.0,621.0,10.6156,39.4251,87.3452,227.4786,0.021,0.0001,99.7813,203.1025,49.2607,-16.9062,0.0,0.0001,2.2599,0.0001,6.2149,35.4771,10.5388,27.2304,36.0116
311.0,623.0,10.6245,39.4355,89.0675,226.3784,0.0232,0.0001,99.803,203.1025,49.2608,-16.9062,0.0,0.0001,2.2552,-0.0021,6.2186,35.4784,10.5475,27.2298,36.0107
312.0,625.0,10.5772,39.3834,98.6804,226.7965,0.0225,0.0001,99.7888,203.1025,49.2607,-16.9062,0.0,0.0001,2.2552,-0.0007,6.2178,35.4707,10.5001,27.2322,36.0152
313.0,627.0,10.5705,39.3778,98.628,227.2728,0.0165,0.0001,99.7881,203.1026,49.2607,-16.9062,0.0,0.0001,2.2552,0.0,6.2218,35.4707,10.4932,27.2334,36.0167
314.0,629.0,10.5549,39.3614,98.6916,225.7145,0.02,0.0001,99.7965,203.1026,49.2607,-16.9062,0.0,0.0001,2.2487,-0.0027,6.2265,35.4681,10.4774,27.2342,36.0182
315.0,631.0,10.5345,39.3397,98.68,225.1319,0.0212,0.0001,99.7824,203.1026,49.2607,-16.9062,0.0,0.0001,2.2444,-0.0026,6.2256,35.4653,10.4568,27.2357,36.0205
316.0,633.0,10.5313,39.3378,79.8832,226.1665,0.0187,0.0001,99.7858,203.1027,49.2607,-16.9062,0.0,0.0001,2.2436,0.0,6.2277,35.4657,10.4534,27.2366,36.0216
317.0,635.0,10.523,39.3297,97.0114,225.3517,0.0169,0.0001,99.748,203.1027,49.2607,-16.9062,0.0,0.0001,2.241,-0.0014,6.2301,35.4647,10.4448,27.2373,36.0227
318.0,637.0,10.5104,39.3169,98.695,224.7425,0.02,0.0001,99.7952,203.1027,49.2607,-16.9062,0.0,0.0001,2.2364,-0.0016,6.229,35.4631,10.4321,27.2383,36.0242
319.0,639.0,10.4919,39.2976,87.5415,224.7393,0.0212,0.0001,99.7923,203.1028,49.2607,-16.9062,0.0,0.0001,2.2338,-0.0012,6.2339,35.4607,10.4134,27.2397,36.0264
320.0,641.0,10.4795,39.285,98.68,224.3241,0.0202,0.0001,99.786,203.1028,49.2607,-16.9062,0.0,0.0001,2.2295,-0.001,6.2338,35.4591,10.4008,27.2407,36.028
321.0,643.0,10.4814,39.2888,98.6826,224.7853,0.0215,0.0001,99.7891,203.1028,49.2606,-16.9062,0.0,0.0001,2.2297,0.0,6.2332,35.4603,10.4025,27.2414,36.0285
322.0,645.0,10.4819,39.291,81.8053,224.9132,0.0174,0.0001,99.7939,203.1029,49.2606,-16.9062,0.0,0.0001,2.2303,-0.0001,6.2356,35.4611,10.4027,27.2419,36.0291
323.0,647.0,10.4689,39.277,97.5932,223.528,0.0193,0.0001,99.789,203.1029,49.2606,-16.9062,0.0,0.0001,2.2247,-0.0023,6.2379,35.4587,10.3896,27.2424,36.0301
324.0,649.0,10.4522,39.2599,97.9667,222.974,0.0172,0.0001,99.7925,203.1029,49.2606,-16.9062,0.0,0.0001,2.2191,-0.002,6.2376,35.4567,10.3726,27.2438,36.0323
325.0,651.0,10.4397,39.2492,98.6838,222.8048,0.019,0.0001,99.7924,203.103,49.2606,-16.9062,0.0,0.0001,2.215,-0.0013,6.24,35.4569,10.3599,27.2463,36.0352
326.0,653.0,10.4371,39.2478,67.2576,221.3886,0.0205,0.0001,99.7934,203.103,49.2606,-16.9062,0.0,0.0001,2.2076,-0.0027,6.2396,35.4573,10.3572,27.2471,36.0361
327.0,655.0,10.4324,39.2433,95.7779,221.5898,0.0214,0.0001,99.7906,203.1031,49.2606,-16.9062,0.0,0.0001,2.204,-0.0011,6.2414,35.4564,10.3522,27.2472,36.0365
328.0,657.0,10.4245,39.2355,98.68,220.4935,0.0186,0.0001,99.7926,203.1031,49.2606,-16.9062,0.0,0.0001,2.1984,-0.0023,6.2418,35.4552,10.3441,27.2477,36.0373
329.0,659.0,10.4166,39.2274,98.68,220.869,0.0222,0.0001,99.79,203.1031,49.2605,-16.9062,0.0,0.0001,2.1959,-0.0007,6.2443,35.4536,10.3359,27.2478,36.0379
330.0,661.0,10.4031,39.2135,98.68,219.164,0.0218,0.0001,99.7841,203.1032,49.2605,-16.9062,0.0,0.0001,2.188,-0.003,6.2466,35.4519,10.3222,27.249,36.0396
331.0,663.0,10.3942,39.2049,98.68,218.2308,0.0204,0.0001,99.7831,203.1032,49.2605,-16.9062,0.0,0.0001,2.1797,-0.0031,6.2485,35.4511,10.3131,27.2499,36.0409
332.0,665.0,10.3769,39.1867,98.68,217.7887,0.0217,0.0001,99.7913,203.1032,49.2605,-16.9062,0.0,0.0001,2.1749,-0.0026,6.2501,35.4484,10.2957,27.2509,36.0426
333.0,667.0,10.3464,39.1541,79.3297,217.6533,0.0195,0.0001,99.7854,203.1032,49.2605,-16.9061,0.0,0.0001,2.1705,-0.0019,6.2527,35.4443,10.2651,27.253,36.0461
334.0,669.0,10.3466,39.1567,98.6976,216.0108,0.0221,0.0001,99.793,203.1033,49.2605,-16.9061,0.0,0.0001,2.1607,-0.0033,6.2561,35.4459,10.2651,27.2543,36.0474
335.0,671.0,10.3185,39.1273,98.68,214.4162,0.0227,0.0001,99.7853,203.1033,49.2605,-16.9061,0.0,0.0001,2.1505,-0.0041,6.2583,35.4424,10.2368,27.2565,36.0508
336.0,673.0,10.3067,39.1162,85.0037,213.4261,0.0183,0.0001,99.785,203.1033,49.2605,-16.9061,0.0,0.0001,2.1401,-0.0036,6.2576,35.4416,10.2248,27.258,36.0528
337.0,675.0,10.3056,39.1161,93.0292,214.4318,0.0166,0.0001,99.7887,203.1034,49.2605,-16.9061,0.0,0.0001,2.1393,-0.0004,6.2572,35.4418,10.2235,27.2583,36.0532
338.0,677.0,10.3089,39.1207,98.6823,214.6842,0.0217,0.0001,99.7881,203.1034,49.2605,-16.9061,0.0,0.0001,2.1398,-0.0002,6.2588,35.4425,10.2265,27.2584,36.0531
339.0,679.0,10.3002,39.1137,98.68,213.2469,0.0178,0.0001,99.7851,203.1034,49.2604,-16.9061,0.0,0.0001,2.134,-0.0024,6.2595,35.443,10.2176,27.2603,36.0554
340.0,681.0,10.3005,39.1164,98.68,213.7991,0.0169,0.0001,99.786,203.1035,49.2604,-16.9061,0.0,0.0001,2.1326,-0.0005,6.2593,35.4445,10.2176,27.2615,36.0565
341.0,683.0,10.2951,39.1113,76.6056,213.8194,0.0206,0.0001,99.7824,203.1035,49.2604,-16.9061,0.0,0.0001,2.132,-0.0003,6.2594,35.4435,10.212,27.2617,36.0571
342.0,685.0,10.2927,39.1095,98.6172,213.2118,0.0192,0.0001,99.7824,203.1035,49.2604,-16.9061,0.0,0.0001,2.1292,-0.0013,6.2623,35.4433,10.2094,27.262,36.0575
343.0,687.0,10.2764,39.0928,98.68,212.2134,0.0235,0.0001,99.7878,203.1036,49.2604,-16.9061,0.0,0.0001,2.1231,-0.002,6.2625,35.4412,10.1929,27.2632,36.0594
344.0,689.0,10.2738,39.0935,98.68,212.6468,0.0246,0.0001,99.7824,203.1036,49.2604,-16.9061,0.0,0.0001,2.1221,-0.0007,6.263,35.4436,10.1901,27.2656,36.0619
345.0,691.0,10.2734,39.0947,98.68,213.7691,0.0205,0.0001,99.7762,203.1036,49.2604,-16.9061,0.0,0.0001,2.1239,0.0015,6.2627,35.4444,10.1894,27.2663,36.0626
346.0,693.0,10.2696,39.0926,82.8482,213.7726,0.0187,0.0001,99.773,203.1036,49.2604,-16.9061,0.0,0.0001,2.1258,0.0006,6.2628,35.445,10.1854,27.2675,36.064
347.0,695.0,10.2719,39.0951,98.68,212.9565,0.0208,0.0001,99.7779,203.1037,49.2604,-16.9061,0.0,0.0001,2.1237,-0.0011,6.265,35.4446,10.1874,27.2669,36.0632
348.0,697.0,10.2663,39.0902,98.68,212.9611,0.0219,0.0001,99.7824,203.1037,49.2604,-16.9061,0.0,0.0001,2.1225,-0.0009,6.2656,35.4442,10.1816,27.2675,36.0641
349.0,699.0,10.2563,39.0812,81.6782,212.6144,0.0207,0.0001,99.7788,203.1037,49.2604,-16.9061,0.0,0.0001,2.1209,-0.0011,6.2646,35.4439,10.1715,27.269,36.0661
350.0,701.0,10.2508,39.0767,98.0404,213.2185,0.0197,0.0001,99.7711,203.1037,49.2604,-16.9061,0.0,0.0001,2.1209,0.0,6.268,35.4437,10.1656,27.2699,36.0672
351.0,703.0,10.2375,39.0633,98.68,211.3087,0.0172,0.0001,99.7794,203.1038,49.2604,-16.9061,0.0,0.0001,2.1146,-0.0032,6.2715,35.4423,10.1522,27.2711,36.069
352.0,705.0,10.2117,39.0376,98.68,211.264,0.0171,0.0001,99.7718,203.1038,49.2603,-16.9061,0.0,0.0001,2.1102,-0.0021,6.2716,35.4402,10.1263,27.274,36.073
353.0,707.0,10.21,39.0369,98.68,211.5014,0.0202,0.0001,99.758,203.1038,49.2603,-16.9061,0.0,0.0001,2.1083,-0.0009,6.2727,35.4403,10.1244,27.2744,36.0735
354.0,709.0,10.2029,39.0302,77.1419,211.1554,0.0221,0.0001,99.7663,203.1038,49.2603,-16.9061,0.0,0.0001,2.1057,-0.0013,6.2768,35.4395,10.117,27.2751,36.0745
355.0,711.0,10.1767,39.0024,96.8402,209.5175,0.0215,0.0001,99.7713,203.1039,49.2603,-16.9061,0.0,0.0001,2.0974,-0.0034,6.281,35.436,10.0907,27.2769,36.0774
356.0,713.0,10.1483,38.9725,98.68,207.5435,0.0168,0.0001,99.7723,203.1039,49.2603,-16.9061,0.0,0.0001,2.0858,-0.0048,6.2823,35.4322,10.0622,27.2789,36.0806
357.0,715.0,10.1359,38.9601,98.68,207.082,0.0204,0.0001,99.7824,203.1039,49.2603,-16.9061,0.0,0.0001,2.0768,-0.0032,6.2833,35.4306,10.0496,27.2798,36.0822
358.0,717.0,10.1296,38.9545,66.3376,206.5263,0.0213,0.0001,99.7725,203.104,49.2603,-16.9061,0.0,0.0001,2.0715,-0.0028,6.2835,35.4303,10.043,27.2807,36.0833
359.0,719.0,10.127,38.9526,93.3087,206.5707,0.0204,0.0001,99.7614,203.104,49.2603,-16.9061,0.0,0.0001,2.0674,-0.0014,6.2838,35.43,10.0402,27.281,36.0837
360.0,721.0,10.125,38.9514,98.68,207.0256,0.0214,0.0001,99.7739,203.104,49.2603,-16.9061,0.0,0.0001,2.0669,-0.0003,6.2859,35.4299,10.038,27.2812,36.0841
361.0,723.0,10.1167,38.9442,98.68,207.7688,0.0191,0.0001,99.7712,203.104,49.2603,-16.9061,0.0,0.0001,2.0678,0.0007,6.2904,35.4299,10.0295,27.2827,36.0859
362.0,725.0,10.0909,38.9173,98.68,206.3884,0.0223,0.0001,99.749,203.1041,49.2603,-16.9061,0.0,0.0001,2.064,-0.0019,6.2938,35.4268,10.0037,27.2848,36.0891
363.0,727.0,10.062,38.8883,98.68,205.7224,0.023,0.0001,99.7531,203.1041,49.2603,-16.9061,0.0,0.0001,2.0598,-0.0021,6.2912,35.4244,9.9747,27.2879,36.0935
364.0,729.0,10.0461,38.8719,98.68,206.1386,0.0225,0.0001,99.7475,203.1041,49.2602,-16.9061,0.0,0.0001,2.0576,-0.0008,6.2965,35.4223,9.9585,27.289,36.0953
365.0,731.0,10.0348,38.8609,98.68,205.42,0.0242,0.0001,99.7548,203.1042,49.2602,-16.9061,0.0,0.0001,2.0537,-0.0017,6.2992,35.4212,9.9471,27.2902,36.097
366.0,733.0,10.0201,38.8462,98.68,205.4897,0.0221,0.0001,99.7596,203.1042,49.2602,-16.9061,0.0,0.0001,2.0516,-0.001,6.2997,35.4196,9.9322,27.2915,36.0989
367.0,735.0,10.0126,38.8398,69.5712,205.5619,0.0201,0.0001,99.7486,203.1042,49.2602,-16.9061,0.0,0.0001,2.0504,-0.0005,6.2999,35.4194,9.9244,27.2926,36.1004
368.0,737.0,10.0106,38.8386,96.7393,205.504,0.0215,0.0001,99.7535,203.1042,49.2602,-16.9061,0.0,0.0001,2.0494,-0.0005,6.3008,35.4193,9.9223,27.2929,36.1007
369.0,739.0,10.0059,38.8343,98.68,205.1373,0.0237,0.0001,99.7587,203.1043,49.2602,-16.9061,0.0,0.0001,2.0476,-0.0009,6.3016,35.4187,9.9174,27.2932,36.1013
370.0,741.0,9.9985,38.8272,85.5762,204.9051,0.0197,0.0001,99.7803,203.1043,49.2602,-16.9061,0.0,0.0001,2.045,-0.001,6.3032,35.4178,9.9097,27.2939,36.1023
371.0,743.0,9.9913,38.8211,98.6777,204.6038,0.0207,0.0001,99.7475,203.1043,49.2601,-16.9061,0.0,0.0001,2.0424,-0.0011,6.3039,35.4176,9.9023,27.295,36.1038
372.0,745.0,9.9809,38.8114,98.68,204.719,0.019,0.0001,99.7468,203.1043,49.2601,-16.9061,0.0,0.0001,2.0413,-0.0005,6.3037,35.417,9.8917,27.2963,36.1055
373.0,747.0,9.9735,38.8051,98.68,204.7269,0.021,0.0001,99.7446,203.1044,49.2601,-16.9061,0.0,0.0001,2.0402,-0.0004,6.3062,35.4169,9.8841,27.2975,36.107
374.0,749.0,9.9689,38.801,98.68,204.0293,0.0208,0.0001,99.749,203.1044,49.2601,-16.9061,0.0,0.0001,2.0368,-0.0017,6.313,35.4163,9.8794,27.2979,36.1077
375.0,751.0,9.9357,38.7664,74.5732,202.9087,0.0216,0.0001,99.7246,203.1044,49.2601,-16.9061,0.0,0.0001,2.0309,-0.0027,6.3125,35.4126,9.846,27.3007,36.1119
376.0,753.0,9.9108,38.7426,98.68,201.4852,0.0201,0.0001,99.739,203.1044,49.2601,-16.9061,0.0,0.0001,2.0235,-0.0039,6.3122,35.4115,9.8209,27.3041,36.1164
377.0,755.0,9.9061,38.7396,98.68,202.3246,0.0214,0.0001,99.7246,203.1045,49.2601,-16.9061,0.0,0.0001,2.0207,-0.0012,6.3179,35.4123,9.8161,27.3056,36.118
378.0,757.0,9.9011,38.7349,59.6004,200.2027,0.0209,0.0001,99.7336,203.1045,49.2601,-16.9061,0.0,0.0001,2.0115,-0.004,6.3204,35.4115,9.811,27.3058,36.1185
379.0,759.0,9.8663,38.7013,90.1129,199.3899,0.0212,0.0001,99.7342,203.1045,49.2601,-16.9061,0.0,0.0001,2.0033,-0.0034,6.3228,35.4101,9.776,27.3107,36.1249
380.0,761.0,9.8508,38.6863,98.68,199.0982,0.0235,0.0001,99.7261,203.1046,49.2601,-16.9061,0.0,0.0001,1.9966,-0.0024,6.3268,35.4088,9.7603,27.3124,36.1272
381.0,763.0,9.8284,38.6628,98.68,198.8311,0.0186,0.0001,99.7246,203.1046,49.2601,-16.9061,0.0,0.0001,1.9928,-0.002,6.3277,35.4061,9.7378,27.314,36.1299
382.0,765.0,9.8158,38.6506,98.68,198.3389,0.0185,0.0001,99.7335,203.1046,49.2601,-16.9061,0.0,0.0001,1.9889,-0.0019,6.3256,35.405,9.7251,27.3153,36.1317
383.0,767.0,9.8047,38.6403,98.5942,198.7027,0.0221,0.0001,99.7291,203.1046,49.26,-16.9061,0.0,0.0001,1.9875,-0.0007,6.3299,35.4043,9.7137,27.3167,36.1336
384.0,769.0,9.807,38.6432,98.68,197.5706,0.0254,0.0001,99.739,203.1047,49.26,-16.9061,0.0,0.0001,1.982,-0.0023,6.3354,35.404,9.7158,27.3161,36.133
385.0,771.0,9.7776,38.6141,98.68,196.4528,0.0241,0.0001,99.7246,203.1047,49.26,-16.9061,0.0,0.0001,1.9775,-0.0033,6.3324,35.4021,9.6863,27.3196,36.1378
386.0,773.0,9.7401,38.5761,82.6691,197.4617,0.0225,0.0001,99.731,203.1047,49.26,-16.9061,0.0,0.0001,1.9756,-0.0007,6.3358,35.3987,9.6487,27.3233,36.1431
387.0,775.0,9.7442,38.5798,90.7753,196.8082,0.0232,0.0001,99.727,203.1048,49.26,-16.906,0.0,0.0001,1.9733,-0.0019,6.3419,35.3978,9.6526,27.3219,36.1416
388.0,777.0,9.7182,38.554,98.6839,196.1485,0.0215,0.0001,99.7455,203.1048,49.26,-16.9061,0.0,0.0001,1.9676,-0.0022,6.3439,35.3957,9.6265,27.3247,36.1455
389.0,779.0,9.7052,38.5427,98.68,195.4037,0.0205,0.0001,99.7452,203.1048,49.26,-16.9061,0.0,0.0001,1.9641,-0.0027,6.348,35.3961,9.6133,27.3272,36.1485
390.0,781.0,9.6847,38.525,83.5479,193.2868,0.0216,0.0001,99.7427,203.1048,49.26,-16.9061,0.0,0.0001,1.9523,-0.0049,6.3509,35.397,9.5927,27.3314,36.1536
391.0,783.0,9.6523,38.4915,97.824,193.4254,0.0215,0.0001,99.7366,203.1049,49.26,-16.9061,0.0,0.0001,1.946,-0.0025,6.3529,35.3935,9.5602,27.3341,36.1577
392.0,785.0,9.6349,38.4739,98.68,193.4116,0.0233,0.0001,99.7374,203.1049,49.26,-16.9061,0.0,0.0001,1.9407,-0.0014,6.3561,35.3914,9.5427,27.3354,36.1598
393.0,787.0,9.6212,38.46,98.68,192.9551,0.0226,0.0001,99.7469,203.1049,49.26,-16.9061,0.0,0.0001,1.9384,-0.0017,6.359,35.3896,9.5288,27.3364,36.1614
394.0,789.0,9.6041,38.4424,98.68,192.9732,0.0211,0.0001,99.7463,203.1049,49.26,-16.9061,0.0,0.0001,1.9353,-0.0011,6.361,35.3874,9.5116,27.3375,36.1633
395.0,791.0,9.5871,38.4254,73.1998,192.874,0.0229,0.0001,99.7535,203.105,49.26,-16.9061,0.0,0.0001,1.9328,-0.0008,6.3593,35.3856,9.4945,27.339,36.1656
396.0,793.0,9.5746,38.4139,97.1039,193.2733,0.0204,0.0001,99.7824,203.105,49.26,-16.9061,0.0,0.0001,1.9328,0.0,6.3634,35.385,9.4817,27.3406,36.1678
397.0,795.0,9.5539,38.3933,98.68,192.1757,0.0235,0.0001,99.7647,203.105,49.2599,-16.9061,0.0,0.0001,1.9294,-0.0019,6.3696,35.3833,9.4609,27.3428,36.1708
398.0,797.0,9.533,38.3721,98.68,191.2648,0.0222,0.0001,99.7824,203.1051,49.2599,-16.9061,0.0,0.0001,1.9231,-0.0026,6.3715,35.3811,9.44,27.3445,36.1735
399.0,799.0,9.5138,38.353,98.68,190.9956,0.0195,0.0001,99.7824,203.1051,49.2599,-16.9061,0.0,0.0001,1.9204,-0.0023,6.3715,35.3794,9.4207,27.3464,36.1762
400.0,801.0,9.5067,38.3493,73.1007,190.7368,0.0183,0.0001,99.78,203.1051,49.2599,-16.9061,0.0,0.0001,1.9164,-0.0016,6.372,35.3817,9.4133,27.3494,36.1795
401.0,803.0,9.4959,38.3394,91.9873,190.3967,0.0208,0.0001,99.7767,203.1051,49.2599,-16.9061,0.0,0.0001,1.9122,-0.0015,6.3756,35.3812,9.4024,27.3508,36.1814
402.0,805.0,9.4855,38.3281,98.68,190.1158,0.0252,0.0001,99.7824,203.1052,49.2599,-16.9061,0.0,0.0001,1.91,-0.0014,6.3744,35.3788,9.3918,27.3507,36.1818
403.0,807.0,9.4689,38.3123,98.68,190.2702,0.0248,0.0001,99.7804,203.1052,49.2599,-16.9061,0.0,0.0001,1.9077,-0.0008,6.3811,35.3778,9.375,27.3527,36.1845
404.0,809.0,9.4391,38.2813,98.68,189.2492,0.0204,0.0001,99.7719,203.1052,49.2599,-16.9061,0.0,0.0001,1.9033,-0.0021,6.38,35.374,9.3451,27.3547,36.1878
405.0,811.0,9.4311,38.2751,98.68,189.8002,0.0212,0.0001,99.8013,203.1052,49.2599,-16.9061,0.0,0.0001,1.9024,-0.0007,6.3831,35.3747,9.3369,27.3566,36.1901
406.0,813.0,9.4307,38.2751,98.68,189.0787,0.0217,0.0001,99.803,203.1053,49.2599,-16.9061,0.0,0.0001,1.8979,-0.0017,6.3911,35.3743,9.3363,27.3564,36.1899
407.0,815.0,9.3866,38.2325,98.68,187.7241,0.0189,0.0001,99.8112,203.1053,49.2599,-16.9061,0.0,0.0001,1.8926,-0.0031,6.3883,35.3727,9.2922,27.3624,36.1978
408.0,817.0,9.3614,38.2093,76.7187,188.1529,0.022,0.0001,99.8129,203.1053,49.2599,-16.9061,0.0,0.0001,1.8899,-0.0015,6.3926,35.3723,9.267,27.3663,36.2028
409.0,819.0,9.3577,38.212,95.769,187.6201,0.0204,0.0001,99.8062,203.1054,49.2598,-16.9061,0.0,0.0001,1.8851,-0.0019,6.4001,35.3779,9.2629,27.3713,36.208
410.0,821.0,9.3183,38.1713,98.68,186.9566,0.0243,0.0001,99.8256,203.1054,49.2598,-16.9061,0.0,0.0001,1.8803,-0.0021,6.4009,35.3737,9.2236,27.3745,36.2129
411.0,823.0,9.3045,38.1571,98.68,187.1592,0.0214,0.0001,99.833,203.1054,49.2598,-16.9061,0.0,0.0001,1.8787,-0.0012,6.4018,35.3716,9.2096,27.3752,36.2142
412.0,825.0,9.2963,38.1503,87.6907,187.5189,0.021,0.0001,99.8308,203.1054,49.2598,-16.9061,0.0,0.0001,1.8777,-0.0002,6.4036,35.3716,9.2012,27.3765,36.2159
413.0,827.0,9.2895,38.1442,98.68,187.3278,0.0204,0.0001,99.8272,203.1055,49.2598,-16.9061,0.0,0.0001,1.8766,-0.0005,6.4047,35.371,9.1942,27.3772,36.2169
414.0,829.0,9.2809,38.1371,98.68,187.0813,0.0204,0.0001,99.8401,203.1055,49.2598,-16.906,0.0,0.0001,1.8755,-0.0007,6.4041,35.3713,9.1855,27.3789,36.2189
415.0,831.0,9.2748,38.1337,98.68,187.0476,0.022,0.0001,99.8299,203.1055,49.2598,-16.9061,0.0,0.0001,1.8739,-0.0006,6.4053,35.373,9.1791,27.3812,36.2216
416.0,833.0,9.2732,38.1343,70.7177,186.7408,0.0255,0.0001,99.8236,203.1055,49.2598,-16.906,0.0,0.0001,1.873,-0.0008,6.4054,35.3743,9.1773,27.3826,36.223
417.0,835.0,9.2729,38.1346,98.68,186.5975,0.0245,0.0001,99.8401,203.1056,49.2598,-16.906,0.0,0.0001,1.8706,-0.0008,6.4055,35.374,9.1768,27.3824,36.2228
418.0,837.0,9.2714,38.1361,98.68,186.7957,0.022,0.0001,99.8401,203.1056,49.2598,-16.9061,0.0,0.0001,1.8699,-0.0002,6.4065,35.3759,9.1751,27.3842,36.2246
419.0,839.0,9.2636,38.1291,74.5771,186.6812,0.022,0.0001,99.8347,203.1056,49.2598,-16.9061,0.0,0.0001,1.8688,-0.0005,6.4099,35.3755,9.1671,27.3851,36.226
420.0,841.0,9.2382,38.1044,90.908,186.301,0.0231,0.0001,99.8355,203.1057,49.2598,-16.906,0.0,0.0001,1.8664,-0.0008,6.4122,35.374,9.1415,27.3882,36.2301
421.0,843.0,9.2263,38.0934,98.68,186.1802,0.022,0.0001,99.8401,203.1057,49.2597,-16.906,0.0,0.0001,1.8641,-0.0009,6.4179,35.3733,9.1295,27.3896,36.232
422.0,845.0,9.2075,38.0748,98.68,186.3596,0.0201,0.0001,99.8401,203.1057,49.2597,-16.906,0.0,0.0001,1.8632,-0.0004,6.4194,35.3716,9.1106,27.3913,36.2347
423.0,847.0,9.1707,38.0371,98.68,186.2576,0.0201,0.0001,99.8401,203.1057,49.2597,-16.906,0.0,0.0001,1.8624,-0.0004,6.416,35.368,9.0738,27.3945,36.2395
424.0,849.0,9.1683,38.0372,98.6035,186.5329,0.0234,0.0001,99.8335,203.1058,49.2597,-16.906,0.0,0.0001,1.863,0.0,6.4182,35.3695,9.0712,27.3961,36.2412
425.0,851.0,9.1874,38.0604,98.68,185.7522,0.0229,0.0001,99.8401,203.1058,49.2597,-16.906,0.0,0.0001,1.8622,-0.0008,6.4076,35.374,9.09,27.3966,36.2408
426.0,853.0,9.223,38.1105,98.68,185.7874,0.0234,0.0001,99.8435,203.1058,49.2597,-16.906,0.0,0.0001,1.8614,-0.0004,6.4056,35.3901,9.125,27.4035,36.2459
427.0,855.0,9.2662,38.1649,98.68,184.9607,0.0228,0.0001,99.8383,203.1058,49.2597,-16.9061,0.0,0.0001,1.8571,-0.0015,6.4069,35.403,9.1678,27.4066,36.247
428.0,857.0,9.2551,38.1558,80.7461,184.728,0.0194,0.0001,99.8373,203.1059,49.2597,-16.906,0.0,0.0001,1.8547,-0.0012,6.4076,35.4034,9.1564,27.4088,36.2496
429.0,859.0,9.2489,38.1516,93.9199,184.895,0.0231,0.0001,99.8364,203.1059,49.2597,-16.906,0.0,0.0001,1.8529,-0.0004,6.4087,35.4042,9.15,27.4105,36.2516
430.0,861.0,9.2447,38.148,98.68,184.5076,0.0186,0.0001,99.8364,203.1059,49.2597,-16.9061,0.0,0.0001,1.8501,-0.0011,6.4142,35.4039,9.1456,27.411,36.2523
431.0,863.0,9.2152,38.117,72.3541,184.2969,0.0238,0.0001,99.8401,203.106,49.2597,-16.906,0.0,0.0001,1.8486,-0.0009,6.4133,35.3998,9.116,27.4125,36.2552
432.0,865.0,9.2019,38.1054,93.0329,184.8579,0.027,0.0001,99.8341,203.106,49.2597,-16.906,0.0,0.0001,1.8486,0.0002,6.4113,35.3999,9.1026,27.4148,36.2581
433.0,867.0,9.2022,38.1063,98.68,184.9431,0.0238,0.0001,99.822,203.106,49.2597,-16.906,0.0,0.0001,1.8492,0.0,6.4144,35.3998,9.1026,27.4147,36.258
434.0,869.0,9.1989,38.1043,98.68,185.0352,0.019,0.0001,99.8287,203.106,49.2597,-16.906,0.0,0.0001,1.8481,-0.0001,6.4198,35.3998,9.0991,27.4153,36.2587
435.0,871.0,9.1781,38.0853,98.68,184.7117,0.0222,0.0001,99.8341,203.1061,49.2596,-16.906,0.0,0.0001,1.8471,-0.0009,6.4285,35.3998,9.0782,27.4187,36.263
436.0,873.0,9.1524,38.0595,48.6378,184.2152,0.0209,0.0001,99.8314,203.1061,49.2596,-16.906,0.0,0.0001,1.8437,-0.0016,6.4318,35.3976,9.0524,27.4212,36.2666
437.0,875.0,9.0974,37.9964,98.68,184.7554,0.0217,0.0001,99.8325,203.1061,49.2596,-16.906,0.0,0.0001,1.8437,0.0,6.426,35.3853,8.9976,27.4204,36.2685
438.0,877.0,9.0312,37.9285,89.3183,185.1283,0.0204,0.0001,99.8251,203.1061,49.2596,-16.906,0.0,0.0001,1.8447,-0.0003,6.4432,35.3789,8.9316,27.4261,36.2771
439.0,879.0,8.9676,37.8536,88.2939,184.5968,0.0204,0.0001,99.834,203.1062,49.2596,-16.906,0.0,0.0001,1.8403,-0.0013,6.4576,35.3625,8.8682,27.4234,36.2775
440.0,881.0,8.9014,37.7857,94.2212,185.4919,0.0208,0.0001,99.8632,203.1062,49.2596,-16.906,0.0,0.0001,1.8413,0.0005,6.4559,35.3561,8.8021,27.429,36.286
441.0,883.0,8.9107,37.8,98.68,185.5352,0.0195,0.0001,99.863,203.1062,49.2596,-16.906,0.0,0.0001,1.8409,0.0003,6.4601,35.3609,8.8111,27.4313,36.2878
442.0,885.0,8.8929,37.7832,98.68,185.339,0.0233,0.0001,99.8611,203.1062,49.2596,-16.906,0.0,0.0001,1.8405,-0.0004,6.4675,35.3601,8.7932,27.4335,36.2908
443.0,887.0,8.8171,37.7033,98.68,185.9444,0.0245,0.0001,99.8618,203.1063,49.2596,-16.906,0.0,0.0001,1.8417,0.0004,6.4699,35.3506,8.7176,27.4381,36.2989
444.0,889.0,8.8114,37.6986,85.8122,185.3289,0.0204,0.0001,99.8815,203.1063,49.2596,-16.906,0.0,0.0001,1.8396,-0.0008,6.4734,35.3505,8.7117,27.4389,36.3
445.0,891.0,8.8081,37.6959,98.68,185.4236,0.0176,0.0001,99.8752,203.1063,49.2596,-16.906,0.0,0.0001,1.8392,-0.0004,6.4735,35.3499,8.7082,27.439,36.3003
446.0,893.0,8.8048,37.6943,98.68,185.5232,0.021,0.0001,99.869,203.1063,49.2596,-16.906,0.0,0.0001,1.8389,-0.0002,6.4731,35.3507,8.7048,27.4403,36.3016
447.0,895.0,8.8027,37.6939,98.68,185.587,0.0204,0.0001,99.8549,203.1064,49.2596,-16.906,0.0,0.0001,1.8385,-0.0001,6.4734,35.3512,8.7024,27.441,36.3024
448.0,897.0,8.8035,37.6954,98.68,185.6089,0.0199,0.0001,99.857,203.1064,49.2595,-16.906,0.0,0.0001,1.8388,-0.0001,6.4738,35.3515,8.703,27.4411,36.3025
449.0,899.0,8.7949,37.6883,72.8978,185.6432,0.021,0.0001,99.8465,203.1064,49.2595,-16.906,0.0,0.0001,1.8376,-0.0001,6.4761,35.3514,8.6941,27.4424,36.3043
450.0,901.0,8.7904,37.6864,98.68,185.3454,0.0189,0.0001,99.869,203.1065,49.2595,-16.906,0.0,0.0001,1.8365,-0.0005,6.4766,35.3528,8.6895,27.4443,36.3063
451.0,903.0,8.7866,37.6843,93.0533,185.5089,0.0199,0.0,99.8978,203.1065,49.2595,-16.906,0.0,0.0001,1.8368,-0.0002,6.4753,35.3536,8.6855,27.4456,36.3078
452.0,905.0,8.7848,37.6841,92.5789,185.7902,0.0194,0.0001,99.8587,203.1065,49.2595,-16.906,0.0,0.0001,1.8374,0.0,6.4777,35.3543,8.6834,27.4464,36.3087
453.0,907.0,8.7785,37.6786,98.68,185.5664,0.0215,0.0001,99.869,203.1066,49.2595,-16.906,0.0,0.0001,1.8356,-0.0006,6.4852,35.3537,8.677,27.447,36.3095
454.0,909.0,8.7481,37.6496,98.68,185.8684,0.0238,0.0001,99.869,203.1066,49.2595,-16.906,0.0,0.0001,1.836,-0.0001,6.4862,35.3525,8.6465,27.4509,36.3148
455.0,911.0,8.723,37.625,98.68,185.836,0.0229,0.0001,99.8794,203.1066,49.2595,-16.906,0.0,0.0001,1.8352,-0.0001,6.4865,35.3508,8.6213,27.4535,36.3186
456.0,913.0,8.7162,37.6196,98.68,186.1138,0.0236,0.0,99.8879,203.1066,49.2595,-16.906,0.0,0.0001,1.8364,0.0002,6.4874,35.3509,8.6143,27.4547,36.3201
457.0,915.0,8.7109,37.6149,98.68,186.2194,0.0203,0.0,99.8978,203.1067,49.2595,-16.906,0.0,0.0001,1.8364,0.0,6.4925,35.3505,8.6088,27.4552,36.3208
458.0,917.0,8.6805,37.5863,79.2825,185.8188,0.0206,0.0,99.8882,203.1067,49.2595,-16.906,0.0,0.0001,1.8342,-0.0006,6.4959,35.3497,8.5784,27.4594,36.3263
459.0,919.0,8.6541,37.5615,98.6156,186.0385,0.0194,0.0,99.8978,203.1067,49.2595,-16.906,0.0,0.0001,1.8339,-0.0002,6.4952,35.3488,8.552,27.4629,36.331
460.0,921.0,8.6504,37.5671,98.68,185.9009,0.0219,0.0,99.8882,203.1067,49.2595,-16.906,0.0,0.0001,1.8335,-0.0003,6.4924,35.3574,8.5481,27.4702,36.3384
461.0,923.0,8.6664,37.5918,98.68,185.6538,0.0226,0.0001,99.8638,203.1068,49.2595,-16.906,0.0,0.0001,1.8323,-0.0005,6.4914,35.3665,8.5637,27.4749,36.3423
462.0,925.0,8.6965,37.6286,90.1744,185.5445,0.0193,0.0001,99.8663,203.1068,49.2595,-16.906,0.0,0.0001,1.8312,-0.0005,6.4927,35.3744,8.5933,27.4764,36.3423
463.0,927.0,8.6664,37.5946,93.1044,185.0582,0.0209,0.0001,99.869,203.1068,49.2595,-16.9059,0.0,0.0001,1.8278,-0.0011,6.498,35.3678,8.5632,27.476,36.3434
464.0,929.0,8.639,37.5707,98.68,185.3042,0.0274,0.0001,99.8762,203.1068,49.2595,-16.9059,0.0,0.0001,1.8278,-0.0005,6.496,35.369,8.5358,27.4812,36.3498
465.0,931.0,8.624,37.5567,98.5148,186.0778,0.0216,0.0001,99.8835,203.1069,49.2595,-16.9059,0.0,0.0001,1.8288,0.0006,6.5003,35.368,8.5206,27.4828,36.3521
466.0,933.0,8.6337,37.5673,98.6271,185.628,0.0205,0.0001,99.869,203.1069,49.2594,-16.9059,0.0,0.0001,1.8282,-0.0007,6.5081,35.3688,8.5301,27.482,36.3508
467.0,935.0,8.5709,37.5029,98.68,185.9237,0.0186,0.0001,99.8721,203.1069,49.2594,-16.9059,0.0,0.0001,1.8275,-0.0002,6.5161,35.3624,8.4674,27.4868,36.3584
468.0,937.0,8.5106,37.4406,98.68,186.4371,0.0186,0.0,99.8978,203.107,49.2594,-16.9059,0.0,0.0001,1.8277,0.0002,6.5222,35.3556,8.4073,27.4908,36.3652
469.0,939.0,8.4774,37.4075,84.4774,186.5754,0.0234,0.0,99.8882,203.107,49.2594,-16.9059,0.0,0.0001,1.8279,0.0002,6.5242,35.3528,8.3742,27.4937,36.3697
470.0,941.0,8.4606,37.3958,91.7362,186.577,0.0224,0.0,99.8959,203.107,49.2594,-16.9059,0.0,0.0001,1.8278,0.0,6.526,35.3561,8.3572,27.499,36.3756
471.0,943.0,8.4477,37.3844,98.68,186.6296,0.0202,0.0,99.887,203.107,49.2594,-16.9059,0.0,0.0001,1.8278,0.0,6.5263,35.3562,8.3441,27.5011,36.3783
472.0,945.0,8.4446,37.3826,98.68,186.7045,0.0201,0.0,99.8968,203.1071,49.2594,-16.9059,0.0,0.0001,1.8282,0.0,6.5268,35.3565,8.3408,27.5018,36.3792
473.0,947.0,8.4391,37.3786,91.2143,186.9818,0.0215,0.0,99.8986,203.1071,49.2594,-16.9059,0.0,0.0001,1.8291,0.0003,6.5273,35.3566,8.3352,27.5028,36.3804
474.0,949.0,8.436,37.3764,98.68,186.6699,0.0177,0.0,99.8999,203.1071,49.2594,-16.9059,0.0,0.0001,1.8282,-0.0004,6.5295,35.3566,8.3319,27.5033,36.3811
475.0,951.0,8.429,37.3703,98.68,186.7719,0.0206,0.0,99.8978,203.1071,49.2594,-16.9059,0.0,0.0001,1.8278,-0.0002,6.5299,35.3563,8.3247,27.5042,36.3823
476.0,953.0,8.417,37.3603,98.68,187.0313,0.0218,0.0,99.8978,203.1072,49.2594,-16.9059,0.0,0.0001,1.8279,0.0002,6.5306,35.3567,8.3126,27.5064,36.385
477.0,955.0,8.41,37.3542,86.3107,186.9669,0.0246,0.0,99.8981,203.1072,49.2594,-16.9058,0.0,0.0001,1.8279,-0.0001,6.5322,35.3563,8.3053,27.5072,36.3862
478.0,957.0,8.3932,37.3393,97.2071,187.0472,0.0189,0.0,99.8978,203.1072,49.2594,-16.9058,0.0,0.0001,1.8278,-0.0001,6.5354,35.3561,8.2884,27.5096,36.3894
479.0,959.0,8.385,37.3303,98.68,186.9434,0.0199,0.0,99.903,203.1073,49.2594,-16.9058,0.0,0.0001,1.8258,-0.0006,6.5471,35.3541,8.28,27.5094,36.3895
480.0,961.0,8.3289,37.2718,98.68,187.3166,0.0209,0.0,99.8978,203.1073,49.2594,-16.9058,0.0,0.0001,1.8258,-0.0002,6.5527,35.347,8.2241,27.5124,36.3951
481.0,963.0,8.3016,37.2445,98.68,187.968,0.0179,0.0,99.9075,203.1073,49.2594,-16.9058,0.0,0.0001,1.8278,0.0009,6.5492,35.3443,8.1967,27.5145,36.3985
482.0,965.0,8.2466,37.1876,83.9819,188.3809,0.022,0.0,99.9162,203.1073,49.2594,-16.9058,0.0,0.0001,1.83,0.0009,6.5518,35.3378,8.1419,27.5177,36.4042
483.0,967.0,8.3073,37.2495,91.2536,187.5623,0.0203,0.0,99.9045,203.1074,49.2594,-16.9058,0.0,0.0001,1.8275,-0.0009,6.5607,35.3424,8.202,27.5121,36.3959
484.0,969.0,8.2186,37.1623,98.68,188.0736,0.0217,0.0,99.9267,203.1074,49.2593,-16.9058,0.0,0.0001,1.8276,0.0,6.5625,35.3373,8.1137,27.5217,36.4095
485.0,971.0,8.2088,37.1547,98.68,188.0592,0.0253,0.0,99.9131,203.1074,49.2593,-16.9058,0.0,0.0001,1.8278,0.0,6.5636,35.3379,8.1037,27.5237,36.4119
486.0,973.0,8.1993,37.1472,98.68,188.454,0.021,0.0,99.9171,203.1074,49.2593,-16.9058,0.0,0.0001,1.8279,0.0004,6.5639,35.3384,8.094,27.5255,36.4142
487.0,975.0,8.1882,37.138,98.68,188.6176,0.0231,0.0,99.9296,203.1075,49.2593,-16.9058,0.0,0.0001,1.8284,0.0004,6.5645,35.339,8.0828,27.5277,36.4168
488.0,977.0,8.1905,37.1428,98.68,188.2412,0.0232,0.0,99.9251,203.1075,49.2593,-16.9058,0.0,0.0001,1.8278,-0.0003,6.5617,35.3409,8.0848,27.5289,36.4179
489.0,979.0,8.2044,37.1631,98.68,188.2355,0.0212,0.0,99.9267,203.1075,49.2593,-16.9058,0.0,0.0001,1.8278,-0.0002,6.5623,35.3476,8.0984,27.5321,36.4204
490.0,981.0,8.2067,37.1698,98.68,188.2418,0.0245,0.0,99.9267,203.1075,49.2593,-16.9058,0.0,0.0001,1.8274,-0.0002,6.5621,35.3517,8.1004,27.535,36.4231
491.0,983.0,8.1981,37.1649,85.274,188.3522,0.0211,0.0,99.9302,203.1076,49.2593,-16.9058,0.0,0.0001,1.8278,-0.0001,6.5639,35.3541,8.0917,27.5382,36.4267
492.0,985.0,8.1923,37.1606,94.0617,188.307,0.0195,0.0,99.9176,203.1076,49.2593,-16.9058,0.0,0.0001,1.8271,-0.0002,6.5647,35.3546,8.0858,27.5395,36.4283
493.0,987.0,8.1864,37.1584,98.68,188.6611,0.0169,0.0,99.9253,203.1076,49.2593,-16.9058,0.0,0.0001,1.8277,0.0003,6.5645,35.3571,8.0797,27.5424,36.4314
494.0,989.0,8.1834,37.158,91.7162,188.7862,0.0199,0.0,99.8889,203.1077,49.2593,-16.9058,0.0,0.0001,1.8278,0.0003,6.5658,35.3587,8.0764,27.5441,36.4333
495.0,991.0,8.1751,37.1503,98.7077,188.2349,0.0241,0.0,99.9248,203.1077,49.2593,-16.9057,0.0,0.0001,1.8262,-0.0008,6.5692,35.3579,8.068,27.5448,36.4343
496.0,993.0,8.1481,37.1235,98.68,188.4633,0.0223,0.0,99.8944,203.1077,49.2593,-16.9057,0.0,0.0001,1.8254,-0.0002,6.5685,35.3553,8.0409,27.5469,36.4377
497.0,995.0,8.1441,37.12,98.68,188.8507,0.0209,0.0,99.9188,203.1077,49.2593,-16.9057,0.0,0.0001,1.8268,0.0002,6.5698,35.3548,8.0368,27.5471,36.4381
498.0,997.0,8.1496,37.1307,98.68,188.97,0.025,0.0,99.9353,203.1078,49.2593,-16.9057,0.0,0.0001,1.8273,0.0003,6.5693,35.3595,8.0419,27.55,36.4407
499.0,999.0,8.1615,37.1457,88.1384,188.6273,0.0238,0.0,99.9118,203.1078,49.2593,-16.9057,0.0,0.0001,1.8278,0.0001,6.5569,35.3627,8.0535,27.5507,36.4409
500.0,1001.0,8.1822,37.1736,98.68,188.9869,0.0221,0.0,99.9282,203.1078,49.2593,-16.9057,0.0,0.0001,1.8284,0.0005,6.5559,35.371,8.0739,27.5542,36.4433
501.0,1003.0,8.3609,37.3816,85.8591,187.7234,0.0235,0.0,99.9383,203.1079,49.2592,-16.9057,0.0,0.0001,1.8269,-0.0005,6.5311,35.4124,8.251,27.5596,36.4402
502.0,1005.0,8.4053,37.4356,95.4643,186.7414,0.0218,0.0,99.9266,203.1079,49.2592,-16.9057,0.0,0.0001,1.8228,-0.0013,6.5324,35.4241,8.2948,27.562,36.4405
503.0,1007.0,8.3703,37.3955,98.6098,186.7753,0.0193,0.0,99.9255,203.108,49.2592,-16.9057,0.0,0.0001,1.8191,-0.0003,6.5283,35.4158,8.2598,27.5609,36.441
504.0,1009.0,8.3622,37.3833,92.8029,186.6647,0.0183,0.0,99.9139,203.1081,49.2592,-16.9056,0.0,0.0001,1.8179,-0.0002,6.5285,35.4101,8.2515,27.5577,36.4383
505.0,1011.0,8.3829,37.411,97.1307,187.2547,0.0203,0.0,99.8897,203.1083,49.2591,-16.9056,0.0,0.0001,1.8193,-0.0002,6.5436,35.4176,8.2719,27.5605,36.44
506.0,1013.0,8.3342,37.3571,90.7807,188.1019,0.0217,0.0,99.8867,203.1084,49.2591,-16.9055,0.0,0.0001,1.8213,0.001,6.542,35.4086,8.2233,27.5608,36.4427
