Datacycle,press,temp,cond,alt,oxygen,fluor,atten,trans,jday,lat,lon,PAR,UPAR,oxV,oxdVdt,oxysat,salin,potemp,sigma0,sigma2
1.0,5.0,15.1766,43.6724,81.6016,248.0955,1.3385,0.0045,89.4091,202.3509,48.908,-17.1782,0.0,0.0001,2.7433,-0.0001,5.6496,35.5264,15.1757,26.339,34.9414
2.0,7.0,15.1769,43.6733,96.7899,247.9849,1.3279,0.0045,89.3921,202.351,48.908,-17.1782,0.0,0.0001,2.7426,0.0,5.6494,35.5264,15.1759,26.339,34.9413
3.0,9.0,15.1778,43.6748,98.71,248.5922,1.3485,0.0045,89.4117,202.351,48.908,-17.1781,0.0,0.0001,2.7453,0.0008,5.6493,35.5262,15.1765,26.3387,34.941
4.0,11.0,15.1785,43.6764,94.009,248.5402,1.3686,0.0045,89.3368,202.3511,48.908,-17.1781,0.0,0.0001,2.7455,0.0001,5.6496,35.5261,15.1769,26.3386,34.9409
5.0,13.0,15.1781,43.6773,82.1425,248.2521,1.3355,0.0044,89.5694,202.3511,48.908,-17.1781,0.0,0.0001,2.7449,-0.0008,5.6496,35.5266,15.1762,26.3391,34.9414
6.0,15.0,15.1753,43.6777,94.769,248.5078,1.3257,0.0044,89.5071,202.3512,48.908,-17.1781,0.0,0.0001,2.745,0.0002,5.6494,35.5286,15.173,26.3413,34.9437
7.0,17.0,15.1784,43.6782,98.71,248.8436,1.3326,0.0045,89.385,202.3512,48.908,-17.1781,0.0,0.0001,2.7456,0.0006,5.6494,35.5255,15.1758,26.3383,34.9407
8.0,19.0,15.1781,43.6789,79.9107,248.4931,1.3351,0.0045,89.4235,202.3512,48.908,-17.1781,0.0,0.0001,2.7445,-0.0005,5.6495,35.5256,15.1752,26.3385,34.9409
9.0,21.0,15.1768,43.68,98.71,248.6359,1.3126,0.0044,89.6446,202.3512,48.908,-17.1781,0.0,0.0001,2.7448,0.0001,5.6495,35.527,15.1736,26.34,34.9424
10.0,23.0,15.1447,43.6596,92.6417,248.2841,1.3052,0.0044,89.5184,202.3513,48.908,-17.1781,0.0,0.0001,2.7404,-0.0011,5.6523,35.5366,15.1412,26.3546,34.9581
11.0,25.0,15.1335,43.6528,86.246,247.2665,1.2875,0.0042,90.0717,202.3513,48.908,-17.1781,0.0,0.0001,2.7347,-0.0024,5.6519,35.5399,15.1297,26.3596,34.9635
12.0,27.0,15.1322,43.6537,98.71,247.9132,1.148,0.0038,90.9865,202.3514,48.908,-17.1781,0.0,0.0001,2.7348,0.0001,5.6527,35.5409,15.1281,26.3608,34.9647
13.0,29.0,15.1319,43.6529,86.2322,248.0172,1.191,0.004,90.3695,202.3514,48.9079,-17.1781,0.0,0.0001,2.7348,0.0006,5.6524,35.5396,15.1274,26.3599,34.9638
14.0,31.0,15.1379,43.6581,98.71,247.3333,1.1728,0.0038,90.8861,202.3514,48.9079,-17.1781,0.0,0.0001,2.7297,-0.002,5.6616,35.5381,15.1331,26.3575,34.9612
15.0,33.0,15.0655,43.6029,83.2252,244.2639,1.1047,0.0033,92.098,202.3515,48.9079,-17.1781,0.0,0.0001,2.7106,-0.007,5.6652,35.5528,15.0605,26.3849,34.991
16.0,35.0,14.9441,43.4915,98.71,245.1561,0.8633,0.0023,94.3815,202.3515,48.9079,-17.1781,0.0,0.0001,2.7033,-0.0021,5.6835,35.5607,14.9388,26.4179,35.0282
17.0,37.0,14.821,43.386,75.809,240.0946,0.6409,0.0018,95.724,202.3515,48.9079,-17.1781,0.0,0.0001,2.6726,-0.0117,5.6976,35.5758,14.8154,26.4566,35.0713
18.0,39.0,14.7152,43.2926,96.6133,240.658,0.4464,0.0016,96.1366,202.3516,48.9079,-17.1781,0.0,0.0001,2.6545,-0.001,5.7027,35.5858,14.7093,26.4876,35.1059
19.0,41.0,14.7138,43.2939,98.71,239.3427,0.4376,0.0015,96.202,202.3516,48.9079,-17.1781,0.0,0.0001,2.6456,-0.0042,5.7109,35.5876,14.7077,26.4893,35.1077
20.0,43.0,14.6104,43.2035,85.1228,238.5569,0.3956,0.0014,96.4542,202.3516,48.9079,-17.1781,0.0,0.0001,2.634,-0.0046,5.7257,35.5983,14.604,26.5201,35.1421
21.0,45.0,14.4503,43.0646,98.71,236.313,0.3398,0.0013,96.8929,202.3516,48.9079,-17.1781,0.0,0.0001,2.6106,-0.0088,5.7681,35.6162,14.4437,26.5687,35.1962
22.0,47.0,14.0819,42.7389,76.7403,233.8471,0.2562,0.0009,97.8636,202.3517,48.9079,-17.1781,0.0,0.0001,2.5816,-0.0094,5.7964,35.6529,14.0751,26.6759,35.3165
23.0,49.0,13.777,42.4651,98.7072,234.8251,0.1849,0.0007,98.2669,202.3517,48.9079,-17.1781,0.0,0.0001,2.5679,-0.0039,5.8305,35.6789,13.77,26.7604,35.412
24.0,51.0,13.5791,42.2841,55.6193,233.7728,0.1503,0.0006,98.6306,202.3517,48.9079,-17.178,0.0,0.0001,2.5527,-0.0064,5.8711,35.6925,13.5719,26.8123,35.4711
25.0,53.0,13.2971,41.9945,71.1135,234.0392,0.1194,0.0005,98.7888,202.3518,48.9079,-17.178,0.0,0.0001,2.542,-0.0035,5.8914,35.6812,13.2897,26.8618,35.5313
26.0,55.0,13.0527,41.75,72.6243,234.7859,0.0939,0.0004,98.9835,202.3518,48.9079,-17.178,0.0,0.0001,2.54,-0.0011,5.9021,35.6774,13.0451,26.9088,35.5877
27.0,57.0,12.9756,41.6776,97.5369,234.0741,0.0824,0.0004,99.1134,202.3518,48.9079,-17.178,0.0,0.0001,2.5349,-0.0018,5.9032,35.68,12.9677,26.9264,35.6082
28.0,59.0,12.8665,41.5792,98.7017,236.1237,0.0638,0.0003,99.239,202.3519,48.9079,-17.178,0.0,0.0001,2.5404,0.0021,5.9122,35.6875,12.8584,26.9543,35.6402
29.0,61.0,12.9206,41.6283,82.3295,234.2241,0.0676,0.0003,99.2931,202.3519,48.9079,-17.178,0.0,0.0001,2.5324,-0.003,5.9206,35.683,12.9122,26.94,35.6238
30.0,63.0,12.8179,41.5347,82.1832,235.3534,0.0613,0.0002,99.3923,202.3519,48.9079,-17.178,0.0,0.0001,2.5331,0.0011,5.9189,35.6891,12.8092,26.9654,35.6532
31.0,65.0,12.8259,41.544,98.6437,234.6459,0.0615,0.0002,99.41,202.352,48.9079,-17.178,0.0,0.0001,2.5298,-0.0014,5.9279,35.6897,12.817,26.9644,35.6518
32.0,67.0,12.7581,41.4714,63.8733,234.9051,0.0553,0.0002,99.5023,202.352,48.9079,-17.178,0.0,0.0001,2.5277,0.0001,5.9278,35.683,12.7489,26.9728,35.663
33.0,69.0,12.7346,41.4491,49.8577,235.0729,0.0485,0.0002,99.5598,202.352,48.9079,-17.178,0.0,0.0001,2.5278,0.0,5.932,35.6831,12.7252,26.9776,35.6686
34.0,71.0,12.7438,41.4626,92.006,235.2052,0.047,0.0002,99.5775,202.3521,48.9079,-17.178,0.0,0.0001,2.5274,-0.0004,5.938,35.6867,12.7342,26.9786,35.6692
35.0,73.0,12.7103,41.4244,98.7032,234.6994,0.0441,0.0002,99.5975,202.3521,48.9079,-17.178,0.0,0.0001,2.5251,-0.0011,5.9335,35.6808,12.7004,26.9807,35.6728
36.0,75.0,12.6502,41.3562,98.5052,235.6328,0.0422,0.0001,99.6568,202.3521,48.9079,-17.178,0.0,0.0001,2.5268,0.0001,5.9478,35.6709,12.6401,26.9851,35.6796
37.0,77.0,12.6126,41.3142,98.7025,234.3403,0.0447,0.0001,99.6859,202.3522,48.9079,-17.178,0.0,0.0001,2.5191,-0.0024,5.9533,35.6652,12.6022,26.9882,35.6843
38.0,79.0,12.5731,41.2711,24.52,235.1796,0.0403,0.0001,99.7246,202.3522,48.9079,-17.178,0.0,0.0001,2.519,0.0007,5.9512,35.66,12.5624,26.992,35.6897
39.0,81.0,12.5856,41.2859,86.5588,235.3818,0.0345,0.0001,99.7666,202.3522,48.9079,-17.178,0.0,0.0001,2.52,0.0002,5.9567,35.6617,12.5746,26.991,35.6881
40.0,83.0,12.5518,41.2527,98.71,235.3394,0.0338,0.0001,99.8138,202.3523,48.9079,-17.178,0.0,0.0001,2.5188,-0.0004,5.9629,35.6608,12.5406,26.997,35.6955
41.0,85.0,12.5052,41.1973,98.6997,235.4317,0.0349,0.0001,99.8051,202.3523,48.9079,-17.1779,0.0,0.0001,2.5178,-0.0005,5.9678,35.6505,12.4938,26.9983,35.6987
42.0,87.0,12.4652,41.152,84.7247,235.0133,0.037,0.0001,99.7981,202.3523,48.9079,-17.1779,0.0,0.0001,2.5155,-0.001,5.9667,35.6438,12.4535,27.001,35.7031
43.0,89.0,12.4575,41.1458,98.7064,234.5779,0.0327,0.0001,99.8273,202.3524,48.9079,-17.1779,0.0,0.0001,2.5111,-0.0016,5.9712,35.6443,12.4456,27.0029,35.7053
44.0,91.0,12.4445,41.1323,98.71,233.581,0.0335,0.0001,99.8401,202.3524,48.9079,-17.1779,0.0,0.0001,2.5044,-0.0028,5.9729,35.6428,12.4323,27.0044,35.7073
45.0,93.0,12.4164,41.1011,87.2762,234.3099,0.0341,0.0001,99.8337,202.3524,48.9079,-17.1779,0.0,0.0001,2.5036,-0.0001,5.9747,35.6381,12.4039,27.0064,35.7105
46.0,95.0,12.406,41.09,98.7017,233.6907,0.035,0.0001,99.8509,202.3525,48.9078,-17.1779,0.0,0.0001,2.4998,-0.0019,5.9821,35.6366,12.3933,27.0072,35.7118
47.0,97.0,12.363,41.041,96.8678,233.8663,0.0355,0.0001,99.8659,202.3525,48.9078,-17.1779,0.0,0.0001,2.4975,-0.0008,5.9849,35.629,12.35,27.0099,35.7162
48.0,99.0,12.3323,41.0079,98.71,234.2268,0.0331,0.0001,99.8529,202.3525,48.9078,-17.1779,0.0,0.0001,2.4982,0.0004,5.9823,35.625,12.3191,27.0128,35.7204
49.0,101.0,12.3341,41.0116,65.2786,234.2299,0.037,0.0001,99.8788,202.3526,48.9078,-17.1779,0.0,0.0001,2.4972,-0.0004,5.9893,35.6261,12.3207,27.0133,35.7208
50.0,103.0,12.2988,40.9692,97.727,235.3998,0.03,0.0001,99.869,202.3526,48.9078,-17.1779,0.0,0.0001,2.5007,0.0027,5.9869,35.6176,12.2851,27.0137,35.7227
51.0,105.0,12.2797,40.9506,96.1943,234.5101,0.0332,0.0,99.8738,202.3526,48.9078,-17.1779,0.0,0.0001,2.4983,-0.0007,5.9943,35.6169,12.2658,27.0169,35.7267
52.0,107.0,12.2564,40.9246,98.705,234.6658,0.0365,0.0,99.884,202.3527,48.9078,-17.1778,0.0,0.0001,2.4968,0.0002,5.9952,35.6126,12.2421,27.0182,35.729
53.0,109.0,12.2655,40.9365,81.8351,234.5824,0.0337,0.0,99.921,202.3528,48.9078,-17.1778,0.0,0.0001,2.4959,0.0,5.996,35.6147,12.251,27.0181,35.7285
54.0,111.0,12.2604,40.9316,98.1203,234.2239,0.0351,0.0,99.9439,202.3529,48.9078,-17.1778,0.0,0.0001,2.4933,-0.0004,5.9968,35.6143,12.2458,27.0188,35.7294
55.0,113.0,12.2139,40.8808,82.0667,233.8925,0.036,0.0,99.9549,202.353,48.9078,-17.1777,0.0,0.0001,2.4883,-0.0008,6.0049,35.6081,12.199,27.0231,35.7356
56.0,115.0,12.1732,40.834,98.7067,233.6395,0.0365,0.0,99.9323,202.353,48.9077,-17.1777,0.0,0.0001,2.4854,-0.0007,6.0052,35.6005,12.158,27.0252,35.7394
57.0,117.0,12.171,40.8324,98.599,233.7486,0.0335,0.0,99.9251,202.3531,48.9077,-17.1777,0.0,0.0001,2.4844,-0.0004,6.007,35.6,12.1555,27.0253,35.7396
58.0,119.0,12.1639,40.8252,98.6987,233.4159,0.0359,0.0,99.9332,202.3531,48.9077,-17.1777,0.0,0.0001,2.4816,-0.0006,6.007,35.5987,12.1482,27.0257,35.7404
59.0,121.0,12.1493,40.8098,81.7729,233.4537,0.0319,0.0,99.9319,202.3532,48.9077,-17.1777,0.0,0.0001,2.4803,-0.0009,6.0125,35.5969,12.1334,27.0271,35.7424
60.0,123.0,12.1288,40.7892,92.6581,233.6226,0.033,0.0,99.9294,202.3532,48.9077,-17.1777,0.0,0.0001,2.4786,0.0001,6.0137,35.5954,12.1126,27.03,35.7461
61.0,125.0,12.1194,40.7793,98.7053,233.5738,0.0343,0.0,99.9507,202.3532,48.9077,-17.1777,0.0,0.0001,2.4782,-0.0003,6.0167,35.5939,12.1029,27.0307,35.7472
62.0,127.0,12.0985,40.7579,98.4542,234.1563,0.0335,0.0,99.9465,202.3533,48.9077,-17.1777,0.0,0.0001,2.4793,0.0008,6.019,35.5921,12.0818,27.0334,35.7508
63.0,129.0,12.0803,40.7389,98.705,233.917,0.0316,0.0,99.9519,202.3533,48.9077,-17.1776,0.0,0.0001,2.4786,-0.0003,6.0207,35.59,12.0634,27.0353,35.7535
64.0,131.0,12.0687,40.7262,98.695,234.6056,0.0351,0.0,99.9485,202.3533,48.9077,-17.1776,0.0,0.0001,2.4804,0.0011,6.0223,35.5877,12.0515,27.0359,35.7545
65.0,133.0,12.0596,40.7162,35.9674,234.6832,0.031,0.0,99.9465,202.3533,48.9077,-17.1776,0.0,0.0001,2.4816,0.0005,6.0232,35.5859,12.0422,27.0362,35.7552
66.0,135.0,12.0467,40.7031,98.6972,234.5942,0.0291,0.0,99.9506,202.3534,48.9077,-17.1776,0.0,0.0001,2.4813,-0.0001,6.0244,35.5845,12.0291,27.0377,35.7573
67.0,137.0,12.041,40.6995,92.011,234.4821,0.0308,0.0,99.9437,202.3534,48.9077,-17.1776,0.0,0.0001,2.4806,-0.0004,6.0256,35.5854,12.023,27.0396,35.7593
68.0,139.0,12.027,40.6849,98.71,233.8562,0.0308,0.0,99.9543,202.3534,48.9077,-17.1776,0.0,0.0001,2.4767,-0.0017,6.0292,35.5835,12.0087,27.0408,35.7612
69.0,141.0,12.005,40.6606,72.3727,234.0701,0.027,0.0,99.967,202.3534,48.9077,-17.1776,0.0,0.0001,2.4751,-0.0006,6.0319,35.5797,11.9864,27.0422,35.7635
70.0,143.0,11.9855,40.6396,98.7031,234.8676,0.0276,0.0,99.9436,202.3535,48.9077,-17.1776,0.0,0.0001,2.4761,0.0009,6.035,35.577,11.9667,27.0438,35.766
71.0,145.0,11.9709,40.6235,98.7009,235.0319,0.0286,0.0,99.9516,202.3535,48.9076,-17.1776,0.0,0.0001,2.4774,0.0005,6.0368,35.5743,11.9519,27.0446,35.7673
72.0,147.0,11.9543,40.6064,98.71,234.8459,0.0281,0.0,99.9726,202.3535,48.9076,-17.1776,0.0,0.0001,2.4774,-0.0003,6.0369,35.5726,11.9351,27.0465,35.7699
73.0,149.0,11.944,40.5948,98.6967,235.2819,0.03,0.0,99.9652,202.3535,48.9076,-17.1776,0.0,0.0001,2.4786,0.0005,6.0375,35.5701,11.9246,27.0466,35.7705
74.0,151.0,11.9376,40.589,98.71,235.3132,0.0315,0.0,99.9277,202.3536,48.9076,-17.1775,0.0,0.0001,2.4791,0.0002,6.0374,35.5697,11.9179,27.0475,35.7717
75.0,153.0,11.9397,40.5924,72.0648,234.653,0.0298,0.0,99.9464,202.3536,48.9076,-17.1775,0.0,0.0001,2.4764,-0.0015,6.039,35.5702,11.9197,27.0476,35.7716
76.0,155.0,11.9395,40.5934,98.686,234.5673,0.0231,0.0,99.9556,202.3536,48.9076,-17.1775,0.0,0.0001,2.475,-0.0014,6.0401,35.5705,11.9194,27.0479,35.772
77.0,157.0,11.925,40.5775,96.3578,235.4039,0.0272,0.0,99.9556,202.3536,48.9076,-17.1775,0.0,0.0001,2.4762,0.0007,6.0409,35.568,11.9045,27.0488,35.7735
78.0,159.0,11.9135,40.5655,98.68,235.3537,0.0306,0.0,99.9652,202.3537,48.9076,-17.1775,0.0,0.0001,2.4768,0.0,6.0421,35.5661,11.8928,27.0496,35.7748
79.0,161.0,11.9046,40.558,98.71,234.8662,0.0263,0.0,99.9682,202.3537,48.9076,-17.1775,0.0,0.0001,2.4752,-0.001,6.0422,35.5663,11.8836,27.0515,35.777
80.0,163.0,11.9045,40.5587,64.9482,234.9158,0.0259,0.0,99.9512,202.3537,48.9076,-17.1775,0.0,0.0001,2.4731,-0.0006,6.0429,35.5662,11.8832,27.0515,35.777
81.0,165.0,11.9002,40.555,73.53,234.944,0.0274,0.0,99.9542,202.3537,48.9076,-17.1775,0.0,0.0001,2.4723,-0.0004,6.0431,35.5659,11.8787,27.0521,35.7779
82.0,167.0,11.8984,40.5543,85.6547,234.8121,0.0285,0.0,99.9476,202.3537,48.9076,-17.1775,0.0,0.0001,2.4709,-0.0007,6.0435,35.5661,11.8766,27.0527,35.7785
83.0,169.0,11.8962,40.5528,98.7037,235.1094,0.0326,0.0,99.9503,202.3538,48.9076,-17.1775,0.0,0.0001,2.4715,0.0,6.0447,35.5658,11.8742,27.0529,35.7788
84.0,171.0,11.8865,40.543,98.71,235.7315,0.03,0.0,99.9477,202.3538,48.9076,-17.1775,0.0,0.0001,2.4734,0.0008,6.0485,35.5645,11.8642,27.0538,35.7801
85.0,173.0,11.8632,40.5181,98.68,236.5149,0.0237,0.0,99.946,202.3538,48.9076,-17.1775,0.0,0.0001,2.4761,0.0015,6.0534,35.5615,11.8407,27.056,35.7833
86.0,175.0,11.8504,40.5036,98.7006,236.3767,0.0249,0.0,99.9526,202.3538,48.9076,-17.1775,0.0,0.0001,2.4766,0.0007,6.0544,35.5588,11.8277,27.0564,35.7842
87.0,177.0,11.8184,40.4682,98.68,236.9616,0.0296,0.0,99.9668,202.3539,48.9076,-17.1775,0.0,0.0001,2.4789,0.0014,6.0557,35.5538,11.7955,27.0586,35.7878
88.0,179.0,11.8034,40.4532,98.71,236.5048,0.0281,0.0,99.9559,202.3539,48.9076,-17.1775,0.0,0.0001,2.4786,-0.0003,6.0549,35.5524,11.7802,27.0604,35.7902
89.0,181.0,11.8037,40.4567,98.71,235.5961,0.0293,0.0,99.9556,202.3539,48.9075,-17.1775,0.0,0.0001,2.4754,-0.0015,6.0463,35.5544,11.7802,27.062,35.7918
90.0,183.0,11.8259,40.492,73.8575,235.1044,0.0262,0.0,99.9556,202.3539,48.9075,-17.1775,0.0,0.0001,2.471,-0.0016,6.046,35.5671,11.8021,27.0677,35.7965
91.0,185.0,11.8706,40.545,77.4376,233.442,0.0263,0.0,99.9845,202.3539,48.9075,-17.1775,0.0,0.0001,2.4645,-0.0046,6.0462,35.5754,11.8465,27.0657,35.7926
92.0,187.0,11.8707,40.5475,86.3444,232.898,0.0245,0.0,100.0037,202.354,48.9075,-17.1775,0.0,0.0001,2.4573,-0.0038,6.0469,35.577,11.8464,27.067,35.7938
93.0,189.0,11.8657,40.5435,98.71,233.0745,0.0197,0.0,100.012,202.354,48.9075,-17.1775,0.0,0.0001,2.4533,-0.0019,6.0471,35.5771,11.8412,27.068,35.7951
94.0,191.0,11.8626,40.5413,98.6742,233.2322,0.0264,0.0,99.9989,202.354,48.9075,-17.1775,0.0,0.0001,2.4515,-0.0009,6.0483,35.5771,11.8377,27.0687,35.7959
95.0,193.0,11.8596,40.5385,98.7,232.9554,0.0261,0.0,99.9997,202.354,48.9075,-17.1775,0.0,0.0001,2.4487,-0.0013,6.0498,35.5762,11.8344,27.0686,35.796
96.0,195.0,11.8465,40.525,98.6987,232.7823,0.0265,0.0,99.9888,202.3541,48.9075,-17.1775,0.0,0.0001,2.4466,-0.0011,6.051,35.5746,11.8211,27.0699,35.7978
97.0,197.0,11.8377,40.5156,98.71,232.2174,0.0241,0.0,99.9505,202.3541,48.9075,-17.1775,0.0,0.0001,2.4431,-0.0019,6.051,35.5729,11.8121,27.0703,35.7985
98.0,199.0,11.8328,40.5117,67.504,232.7245,0.0256,0.0,99.9821,202.3541,48.9075,-17.1775,0.0,0.0001,2.4421,-0.0003,6.0549,35.5729,11.8069,27.0713,35.7998
99.0,201.0,11.8143,40.491,98.6936,232.2033,0.0257,0.0,99.9784,202.3541,48.9075,-17.1775,0.0,0.0001,2.4394,-0.0014,6.0568,35.5693,11.7882,27.0721,35.8013
100.0,203.0,11.7935,40.4692,90.4263,231.0135,0.0254,0.0,99.9815,202.3542,48.9075,-17.1775,0.0,0.0001,2.4331,-0.0032,6.0569,35.567,11.7672,27.0743,35.8044
101.0,205.0,11.7879,40.4637,98.6843,231.362,0.0214,0.0,99.9845,202.3542,48.9075,-17.1775,0.0,0.0001,2.4317,-0.0013,6.0558,35.566,11.7613,27.0746,35.805
102.0,207.0,11.7717,40.4459,98.5173,231.9024,0.0227,0.0,99.9636,202.3542,48.9075,-17.1775,0.0,0.0001,2.4316,-0.0001,6.0607,35.5631,11.7449,27.0754,35.8065
103.0,209.0,11.7837,40.4603,98.68,232.9287,0.027,0.0,99.9497,202.3542,48.9075,-17.1774,0.0,0.0001,2.4345,0.0015,6.0623,35.5651,11.7567,27.0747,35.8053
104.0,211.0,11.7448,40.4203,98.7005,235.3324,0.0226,0.0,99.9373,202.3542,48.9075,-17.1775,0.0,0.0001,2.4452,0.0054,6.0615,35.5618,11.7175,27.0796,35.8118
105.0,213.0,11.7553,40.4346,82.6932,234.8023,0.0231,0.0,99.9556,202.3543,48.9075,-17.1775,0.0,0.0001,2.4481,0.0023,6.0615,35.5649,11.7276,27.0801,35.8119
106.0,215.0,11.754,40.4343,66.6858,234.576,0.0233,0.0,99.943,202.3543,48.9074,-17.1774,0.0,0.0001,2.449,0.0005,6.0646,35.5652,11.7262,27.0806,35.8124
107.0,217.0,11.7373,40.4158,94.7856,235.4561,0.0208,0.0,99.9301,202.3543,48.9074,-17.1774,0.0,0.0001,2.4519,0.0014,6.0712,35.5618,11.7092,27.0812,35.8137
108.0,219.0,11.6954,40.3675,90.4538,236.3464,0.0228,0.0,99.9063,202.3543,48.9074,-17.1774,0.0,0.0001,2.4566,0.0025,6.0698,35.5536,11.667,27.0828,35.8172
109.0,221.0,11.6874,40.3628,98.71,237.1264,0.0253,0.0,99.9037,202.3544,48.9074,-17.1774,0.0,0.0001,2.4628,0.0025,6.0706,35.5558,11.6588,27.0861,35.8207
110.0,223.0,11.692,40.3698,92.7727,236.6469,0.0247,0.0,99.9236,202.3544,48.9074,-17.1774,0.0,0.0001,2.4628,0.0002,6.0723,35.5574,11.6631,27.0865,35.8209
111.0,225.0,11.6758,40.3525,84.1175,237.0765,0.0241,0.0,99.917,202.3544,48.9074,-17.1774,0.0,0.0001,2.464,0.0008,6.0729,35.5548,11.6467,27.0876,35.8227
112.0,227.0,11.6723,40.3494,98.695,237.1195,0.0267,0.0,99.9107,202.3544,48.9074,-17.1774,0.0,0.0001,2.4649,0.0005,6.0725,35.5543,11.643,27.0879,35.8232
113.0,229.0,11.6641,40.342,98.695,237.1396,0.0272,0.0,99.9123,202.3545,48.9074,-17.1774,0.0,0.0001,2.4659,0.0004,6.0678,35.554,11.6345,27.0893,35.8249
114.0,231.0,11.6789,40.3633,98.6993,236.9883,0.026,0.0,99.9267,202.3545,48.9074,-17.1774,0.0,0.0001,2.4654,0.0,6.0687,35.56,11.6491,27.0912,35.8261
115.0,233.0,11.701,40.3913,98.695,236.4595,0.0223,0.0,99.9331,202.3545,48.9074,-17.1774,0.0,0.0001,2.463,-0.0012,6.0705,35.5654,11.6709,27.0913,35.8253
116.0,235.0,11.6893,40.3785,69.5365,236.7277,0.0244,0.0,99.9267,202.3545,48.9074,-17.1774,0.0,0.0001,2.4615,-0.0004,6.0741,35.563,11.6589,27.0917,35.8262
117.0,237.0,11.6712,40.3573,83.1774,236.8977,0.0254,0.0,99.9267,202.3545,48.9074,-17.1774,0.0,0.0001,2.4615,-0.0001,6.0751,35.5588,11.6406,27.0919,35.8272
118.0,239.0,11.6555,40.3404,96.8184,237.2627,0.0264,0.0,99.901,202.3546,48.9074,-17.1774,0.0,0.0001,2.4629,0.0003,6.0789,35.5563,11.6247,27.093,35.8289
119.0,241.0,11.6395,40.3211,98.701,237.8176,0.0296,0.0,99.8978,202.3546,48.9074,-17.1774,0.0,0.0001,2.4636,0.0006,6.0844,35.5516,11.6084,27.0923,35.829
120.0,243.0,11.5906,40.2652,98.7025,238.6922,0.0259,0.0001,99.8716,202.3546,48.9074,-17.1774,0.0,0.0001,2.4669,0.0019,6.0849,35.5424,11.5594,27.0944,35.8332
121.0,245.0,11.5805,40.2539,98.7025,239.1574,0.0279,0.0,99.8834,202.3546,48.9074,-17.1774,0.0,0.0001,2.4697,0.0022,6.0848,35.5402,11.549,27.0947,35.8339
122.0,247.0,11.5799,40.2539,66.1327,239.0078,0.0276,0.0001,99.8744,202.3547,48.9073,-17.1774,0.0,0.0001,2.4717,0.0009,6.0839,35.5401,11.5482,27.0948,35.834
123.0,249.0,11.5843,40.2606,86.3154,238.1316,0.024,0.0,99.8798,202.3547,48.9073,-17.1774,0.0,0.0001,2.4695,-0.0012,6.0831,35.5416,11.5524,27.0951,35.8342
124.0,251.0,11.5918,40.2712,97.3233,237.6307,0.0279,0.0,99.891,202.3547,48.9073,-17.1774,0.0,0.0001,2.466,-0.0015,6.082,35.5439,11.5596,27.0956,35.8343
125.0,253.0,11.5949,40.2776,98.71,237.8172,0.0274,0.0,99.8966,202.3547,48.9073,-17.1774,0.0,0.0001,2.4643,-0.0008,6.0847,35.5464,11.5624,27.097,35.8356
126.0,255.0,11.59,40.2728,98.71,238.4126,0.0293,0.0,99.8896,202.3547,48.9073,-17.1774,0.0,0.0001,2.4652,0.0003,6.0877,35.5453,11.5572,27.0971,35.8359
127.0,257.0,11.56,40.2412,60.7137,238.5317,0.0265,0.0001,99.869,202.3548,48.9073,-17.1774,0.0,0.0001,2.4656,0.0003,6.0888,35.542,11.527,27.1002,35.8403
128.0,259.0,11.5513,40.2325,98.7033,238.0369,0.0226,0.0001,99.883,202.3548,48.9073,-17.1774,0.0,0.0001,2.464,-0.001,6.0887,35.541,11.5181,27.1011,35.8416
129.0,261.0,11.5514,40.2334,80.6257,238.2327,0.0266,0.0001,99.8834,202.3548,48.9073,-17.1774,0.0,0.0001,2.4633,-0.0002,6.0887,35.5408,11.518,27.101,35.8414
130.0,263.0,11.5507,40.2334,98.7006,237.868,0.024,0.0,99.8978,202.3548,48.9073,-17.1774,0.0,0.0001,2.4615,-0.001,6.0891,35.5406,11.5169,27.101,35.8415
131.0,265.0,11.5486,40.2324,98.6875,238.0088,0.0273,0.0,99.8978,202.3549,48.9073,-17.1774,0.0,0.0001,2.4607,-0.0001,6.0863,35.5407,11.5146,27.1015,35.8421
132.0,267.0,11.55,40.2357,98.71,236.9277,0.0264,0.0,99.8978,202.3549,48.9073,-17.1774,0.0,0.0001,2.4564,-0.0022,6.0868,35.5418,11.5157,27.1022,35.8427
133.0,269.0,11.5764,40.272,98.71,236.0143,0.0253,0.0,99.9231,202.3549,48.9073,-17.1774,0.0,0.0001,2.4509,-0.0031,6.0882,35.5514,11.5418,27.1047,35.8441
134.0,271.0,11.5524,40.2455,73.3316,236.6731,0.0272,0.0,99.9267,202.3549,48.9073,-17.1774,0.0,0.0001,2.4493,-0.0005,6.0856,35.5472,11.5176,27.106,35.8464
135.0,273.0,11.5615,40.2587,98.7044,236.5829,0.0247,0.0,99.9153,202.355,48.9073,-17.1774,0.0,0.0001,2.4479,-0.0005,6.0845,35.5509,11.5264,27.1072,35.8472
136.0,275.0,11.5762,40.2797,98.6993,236.0713,0.0275,0.0,99.9267,202.355,48.9073,-17.1774,0.0,0.0001,2.4461,-0.0014,6.0848,35.5566,11.5409,27.109,35.8483
137.0,277.0,11.5781,40.283,74.7151,236.3751,0.0247,0.0,99.9263,202.355,48.9073,-17.1774,0.0,0.0001,2.4456,-0.0006,6.0863,35.5571,11.5425,27.109,35.8483
138.0,279.0,11.5664,40.2704,98.6894,236.2706,0.0233,0.0,99.9273,202.355,48.9073,-17.1774,0.0,0.0001,2.4444,-0.0006,6.0865,35.555,11.5305,27.1096,35.8494
139.0,281.0,11.5623,40.2671,76.0389,236.5813,0.0231,0.0,99.9267,202.355,48.9073,-17.1774,0.0,0.0001,2.4444,0.0002,6.0863,35.5548,11.5262,27.1103,35.8502
140.0,283.0,11.5644,40.271,98.6988,236.416,0.0207,0.0,99.929,202.3551,48.9072,-17.1774,0.0,0.0001,2.4442,-0.0004,6.086,35.5557,11.528,27.1107,35.8505
141.0,285.0,11.5671,40.2764,98.71,236.1927,0.0219,0.0,99.9267,202.3551,48.9072,-17.1774,0.0,0.0001,2.4419,-0.0005,6.0854,35.5573,11.5304,27.1115,35.8512
142.0,287.0,11.5731,40.2843,98.71,235.9037,0.0219,0.0,99.9231,202.3551,48.9072,-17.1774,0.0,0.0001,2.44,-0.001,6.0871,35.5586,11.5362,27.1114,35.8509
143.0,289.0,11.562,40.272,98.6784,235.7965,0.0239,0.0,99.9231,202.3551,48.9072,-17.1774,0.0,0.0001,2.4386,-0.0011,6.0897,35.5563,11.5248,27.1117,35.8517
144.0,291.0,11.5531,40.2625,98.685,236.3044,0.0237,0.0,99.9155,202.3552,48.9072,-17.1774,0.0,0.0001,2.4383,-0.0002,6.0922,35.5544,11.5157,27.112,35.8524
145.0,293.0,11.5004,40.2009,98.71,236.4578,0.0216,0.0,99.9185,202.3552,48.9072,-17.1774,0.0,0.0001,2.4397,0.0006,6.0868,35.5433,11.4628,27.1132,35.8559
146.0,295.0,11.5517,40.2689,98.71,235.8419,0.0255,0.0,99.9197,202.3552,48.9072,-17.1774,0.0,0.0001,2.4381,-0.0009,6.0844,35.5604,11.5137,27.117,35.8574
147.0,297.0,11.576,40.2977,98.6969,235.5385,0.0228,0.0,99.9267,202.3552,48.9072,-17.1774,0.0,0.0001,2.4361,-0.0013,6.0839,35.5647,11.5377,27.1158,35.8552
148.0,299.0,11.5784,40.3031,70.8983,236.0016,0.0234,0.0,99.8774,202.3552,48.9072,-17.1774,0.0,0.0001,2.4361,0.0,6.0839,35.567,11.5399,27.1172,35.8564
149.0,301.0,11.5804,40.307,92.6517,235.4805,0.025,0.0,99.9267,202.3553,48.9072,-17.1774,0.0,0.0001,2.4341,-0.0012,6.0848,35.5678,11.5416,27.1175,35.8567
150.0,303.0,11.5751,40.3006,98.71,235.4525,0.0263,0.0,99.9063,202.3553,48.9072,-17.1774,0.0,0.0001,2.4322,-0.0006,6.0839,35.5658,11.536,27.117,35.8564
151.0,305.0,11.5769,40.3059,98.5616,235.0198,0.0243,0.0,99.9253,202.3553,48.9072,-17.1774,0.0,0.0001,2.4295,-0.0013,6.0844,35.5685,11.5377,27.1188,35.8581
152.0,307.0,11.5771,40.3081,98.2162,235.2605,0.0253,0.0,99.9298,202.3553,48.9072,-17.1774,0.0,0.0001,2.4293,-0.0003,6.0836,35.5695,11.5376,27.1196,35.8589
153.0,309.0,11.5798,40.3129,98.7025,235.3405,0.0229,0.0,99.9218,202.3554,48.9072,-17.1774,0.0,0.0001,2.429,-0.0001,6.0829,35.5708,11.54,27.1201,35.8593
154.0,311.0,11.587,40.3238,89.7441,235.6298,0.0233,0.0,99.9267,202.3554,48.9072,-17.1774,0.0,0.0001,2.4297,0.0003,6.0832,35.5736,11.5468,27.121,35.8599
155.0,313.0,11.5848,40.3234,80.7858,235.961,0.0212,0.0,99.9205,202.3554,48.9072,-17.1775,0.0,0.0001,2.4298,0.0008,6.0836,35.5745,11.5444,27.1222,35.8611
156.0,315.0,11.5811,40.3199,84.3847,235.7616,0.0179,0.0,99.9055,202.3554,48.9072,-17.1774,0.0,0.0001,2.43,-0.0002,6.0857,35.5736,11.5405,27.1223,35.8614
157.0,317.0,11.5703,40.3076,94.3191,235.5194,0.0178,0.0,99.9094,202.3555,48.9072,-17.1775,0.0,0.0001,2.4284,-0.0008,6.0885,35.571,11.5294,27.1223,35.8619
158.0,319.0,11.5522,40.2875,98.68,235.1164,0.0168,0.0,99.9148,202.3555,48.9071,-17.1775,0.0,0.0001,2.4257,-0.0015,6.0887,35.5676,11.5111,27.1231,35.8635
159.0,321.0,11.5434,40.2784,98.6985,234.9806,0.0214,0.0,99.92,202.3555,48.9071,-17.1774,0.0,0.0001,2.4257,-0.0014,6.0882,35.5664,11.5022,27.1239,35.8646
160.0,323.0,11.5475,40.2852,84.3052,235.2753,0.0221,0.0,99.9106,202.3555,48.9071,-17.1775,0.0,0.0001,2.4248,-0.0005,6.0885,35.5683,11.5059,27.1246,35.8652
161.0,325.0,11.5444,40.2834,98.68,235.2539,0.0204,0.0,99.9066,202.3555,48.9071,-17.1775,0.0,0.0001,2.4232,-0.0006,6.0928,35.5686,11.5026,27.1254,35.8661
162.0,327.0,11.5266,40.2623,98.71,235.051,0.0232,0.0,99.9092,202.3556,48.9071,-17.1775,0.0,0.0001,2.4212,-0.001,6.0962,35.5639,11.4846,27.1252,35.8667
163.0,329.0,11.4953,40.2274,98.7032,234.883,0.0239,0.0,99.9031,202.3556,48.9071,-17.1775,0.0,0.0001,2.4188,-0.0011,6.0986,35.5584,11.4531,27.1269,35.8697
164.0,331.0,11.4756,40.206,93.8363,234.6779,0.0225,0.0,99.8925,202.3556,48.9071,-17.1775,0.0,0.0001,2.4168,-0.0012,6.1007,35.5554,11.4332,27.1282,35.8719
165.0,333.0,11.4606,40.1878,88.9694,234.3756,0.0212,0.0,99.9036,202.3556,48.9071,-17.1775,0.0,0.0001,2.4139,-0.0014,6.1017,35.551,11.4179,27.1277,35.872
166.0,335.0,11.4502,40.1774,84.2203,234.7012,0.0205,0.0,99.909,202.3557,48.9071,-17.1775,0.0,0.0001,2.4127,-0.0005,6.1034,35.5496,11.4073,27.1286,35.8733
167.0,337.0,11.4442,40.1708,95.1494,234.8889,0.0208,0.0,99.8978,202.3557,48.9071,-17.1775,0.0,0.0001,2.4127,-0.0001,6.1047,35.5481,11.4011,27.1285,35.8736
168.0,339.0,11.4295,40.1533,97.1813,234.9985,0.0214,0.0,99.9161,202.3557,48.9071,-17.1775,0.0,0.0001,2.4131,0.0001,6.1043,35.5442,11.3862,27.1282,35.8739
169.0,341.0,11.4281,40.1555,98.704,235.0914,0.0218,0.0,99.9037,202.3557,48.9071,-17.1775,0.0,0.0001,2.4135,0.0003,6.1004,35.5467,11.3845,27.1305,35.8763
170.0,343.0,11.4582,40.1938,98.695,235.5644,0.0211,0.0,99.8957,202.3558,48.9071,-17.1775,0.0,0.0001,2.4146,0.0007,6.1037,35.5547,11.4142,27.1312,35.8756
171.0,345.0,11.4454,40.1794,76.7271,234.8668,0.0223,0.0,99.9015,202.3558,48.9071,-17.1775,0.0,0.0001,2.4125,-0.0011,6.1073,35.5518,11.4013,27.1314,35.8764
172.0,347.0,11.4222,40.152,98.68,234.4497,0.0192,0.0,99.8978,202.3558,48.9071,-17.1775,0.0,0.0001,2.4103,-0.0018,6.1074,35.5462,11.3779,27.1314,35.8774
173.0,349.0,11.4071,40.1352,88.0298,234.7884,0.0213,0.0,99.8873,202.3558,48.9071,-17.1775,0.0,0.0001,2.4099,-0.0007,6.1087,35.5433,11.3626,27.132,35.8786
174.0,351.0,11.3942,40.1204,98.7,234.5475,0.0232,0.0,99.8962,202.3558,48.9071,-17.1775,0.0,0.0001,2.4067,-0.0011,6.1127,35.54,11.3493,27.1319,35.8791
175.0,353.0,11.3729,40.095,98.71,233.8878,0.024,0.0,99.8841,202.3559,48.9071,-17.1775,0.0,0.0001,2.4038,-0.0021,6.1138,35.5345,11.3278,27.1316,35.8798
176.0,355.0,11.3622,40.0843,98.7028,234.4101,0.0207,0.0,99.8948,202.3559,48.9071,-17.1775,0.0,0.0001,2.4025,-0.0004,6.1143,35.5332,11.3169,27.1326,35.8813
177.0,357.0,11.3566,40.0805,98.71,234.7079,0.0191,0.0,99.8978,202.3559,48.907,-17.1775,0.0,0.0001,2.4042,0.0003,6.1133,35.534,11.311,27.1343,35.8832
178.0,359.0,11.3561,40.0818,98.6879,235.3614,0.0218,0.0,99.9092,202.3559,48.907,-17.1775,0.0,0.0001,2.4053,0.0012,6.1141,35.5347,11.3103,27.135,35.8839
179.0,361.0,11.355,40.081,98.7044,234.7508,0.0241,0.0,99.9029,202.356,48.907,-17.1775,0.0,0.0001,2.4046,-0.0006,6.1152,35.5342,11.309,27.1349,35.8838
180.0,363.0,11.3464,40.0721,98.6971,234.7642,0.0264,0.0,99.8978,202.356,48.907,-17.1775,0.0,0.0001,2.4037,-0.0003,6.1139,35.533,11.3001,27.1355,35.8849
181.0,365.0,11.3518,40.0833,79.419,234.8708,0.0255,0.0,99.9011,202.356,48.907,-17.1775,0.0,0.0001,2.4036,0.0,6.1133,35.5379,11.3052,27.1384,35.8875
182.0,367.0,11.3611,40.0958,98.3136,235.303,0.0216,0.0,99.9031,202.356,48.907,-17.1775,0.0,0.0001,2.4047,0.0008,6.1122,35.5404,11.3142,27.1387,35.8874
183.0,369.0,11.3697,40.108,94.0296,235.6484,0.0239,0.0,99.9074,202.356,48.907,-17.1775,0.0,0.0001,2.4068,0.0008,6.1114,35.5433,11.3226,27.1394,35.8877
184.0,371.0,11.3746,40.1156,96.3636,235.7515,0.0226,0.0,99.9195,202.3561,48.907,-17.1775,0.0,0.0001,2.4078,0.0006,6.1111,35.5452,11.3272,27.1401,35.8881
185.0,373.0,11.3764,40.1191,98.6975,235.6053,0.0214,0.0,99.9121,202.3561,48.907,-17.1775,0.0,0.0001,2.4078,0.0,6.1117,35.546,11.3287,27.1404,35.8884
186.0,375.0,11.3776,40.1214,80.3069,235.6325,0.0196,0.0,99.9042,202.3561,48.907,-17.1775,0.0,0.0001,2.4078,-0.0002,6.1138,35.5463,11.3297,27.1404,35.8884
187.0,377.0,11.3655,40.1076,98.6935,236.1233,0.0208,0.0,99.9112,202.3561,48.907,-17.1775,0.0,0.0001,2.4078,0.0007,6.1141,35.5437,11.3174,27.1406,35.8891
188.0,379.0,11.3551,40.0969,98.6962,236.1922,0.0215,0.0,99.9097,202.3562,48.907,-17.1775,0.0,0.0001,2.4103,0.0004,6.1138,35.5421,11.3068,27.1414,35.8904
189.0,381.0,11.3574,40.1014,98.6961,236.1109,0.0198,0.0,99.9025,202.3562,48.907,-17.1775,0.0,0.0001,2.4093,0.0,6.1148,35.5433,11.3087,27.142,35.8909
190.0,383.0,11.353,40.0968,98.6912,236.1848,0.0181,0.0,99.919,202.3562,48.907,-17.1775,0.0,0.0001,2.4096,0.0,6.115,35.542,11.3041,27.1418,35.8908
191.0,385.0,11.3481,40.0922,85.7617,236.2982,0.0233,0.0,99.9072,202.3562,48.907,-17.1775,0.0,0.0001,2.4096,0.0,6.1157,35.5415,11.299,27.1424,35.8916
192.0,387.0,11.3471,40.0925,97.5423,236.2411,0.0199,0.0,99.8882,202.3562,48.907,-17.1775,0.0,0.0001,2.4082,-0.0003,6.1176,35.5417,11.2978,27.1428,35.8921
193.0,389.0,11.3339,40.0781,98.695,236.5809,0.0225,0.0,99.9119,202.3563,48.907,-17.1775,0.0,0.0001,2.4103,0.0002,6.1195,35.5392,11.2843,27.1433,35.8932
194.0,391.0,11.3221,40.0656,88.1803,236.7436,0.0215,0.0,99.9081,202.3563,48.907,-17.1775,0.0,0.0001,2.4103,0.0003,6.1205,35.5373,11.2723,27.144,35.8944
195.0,393.0,11.3103,40.053,87.1891,237.3886,0.0229,0.0,99.9136,202.3563,48.9069,-17.1775,0.0,0.0001,2.4113,0.0012,6.1204,35.5353,11.2602,27.1447,35.8956
196.0,395.0,11.3085,40.052,86.8615,237.2638,0.0247,0.0,99.9149,202.3563,48.9069,-17.1775,0.0,0.0001,2.4127,0.0003,6.1203,35.5352,11.2582,27.145,35.896
197.0,397.0,11.3103,40.0554,98.695,237.2554,0.0202,0.0,99.912,202.3564,48.9069,-17.1775,0.0,0.0001,2.4116,0.0001,6.12,35.5358,11.2597,27.1452,35.8962
198.0,399.0,11.31,40.0567,98.6915,236.6628,0.0208,0.0,99.9097,202.3564,48.9069,-17.1775,0.0,0.0001,2.4104,-0.0011,6.1194,35.5365,11.2592,27.1458,35.8968
199.0,401.0,11.3158,40.0662,98.71,235.4018,0.0188,0.0,99.9192,202.3564,48.9069,-17.1775,0.0,0.0001,2.4052,-0.0029,6.1193,35.5393,11.2647,27.147,35.8977
200.0,403.0,11.3171,40.0689,98.6479,235.4802,0.0197,0.0,99.9086,202.3564,48.9069,-17.1775,0.0,0.0001,2.4005,-0.0016,6.1196,35.5399,11.2657,27.1474,35.898
201.0,405.0,11.3162,40.0688,98.4599,235.4046,0.0185,0.0,99.909,202.3565,48.9069,-17.1775,0.0,0.0001,2.3988,-0.0012,6.1206,35.54,11.2645,27.1476,35.8983
202.0,407.0,11.3098,40.0627,98.69,234.9078,0.0185,0.0,99.8961,202.3565,48.9069,-17.1775,0.0,0.0001,2.3962,-0.0017,6.1208,35.539,11.2579,27.1481,35.899
203.0,409.0,11.306,40.0595,98.69,234.7274,0.0177,0.0,99.8978,202.3565,48.9069,-17.1775,0.0,0.0001,2.3929,-0.0014,6.1209,35.5386,11.2538,27.1485,35.8996
204.0,411.0,11.3057,40.06,81.0248,234.6706,0.0194,0.0,99.8978,202.3565,48.9069,-17.1775,0.0,0.0001,2.3919,-0.001,6.121,35.5387,11.2533,27.1487,35.8998
205.0,413.0,11.3031,40.0595,66.916,234.936,0.0196,0.0,99.8978,202.3565,48.9069,-17.1775,0.0,0.0001,2.3917,-0.0002,6.1207,35.5399,11.2505,27.1501,35.9013
206.0,415.0,11.304,40.0611,92.1495,235.1129,0.0228,0.0,99.8978,202.3566,48.9069,-17.1775,0.0,0.0001,2.3914,0.0001,6.1213,35.5395,11.2511,27.1497,35.9009
207.0,417.0,11.3028,40.0603,98.6957,234.6463,0.0223,0.0,99.8945,202.3566,48.9069,-17.1775,0.0,0.0001,2.3897,-0.001,6.1213,35.5391,11.2497,27.1497,35.901
208.0,419.0,11.301,40.0593,98.71,234.6879,0.0219,0.0,99.8978,202.3566,48.9069,-17.1775,0.0,0.0001,2.3902,-0.0008,6.1213,35.539,11.2476,27.1499,35.9013
209.0,421.0,11.3015,40.0612,98.2851,235.2651,0.0197,0.0,99.8918,202.3566,48.9069,-17.1775,0.0,0.0001,2.3898,0.0005,6.12,35.5394,11.2478,27.1503,35.9016
210.0,423.0,11.3076,40.0703,98.7062,234.6353,0.0222,0.0001,99.8705,202.3567,48.9069,-17.1775,0.0,0.0001,2.3883,-0.0009,6.1192,35.5418,11.2536,27.151,35.9021
211.0,425.0,11.3154,40.0821,98.7,234.5223,0.0199,0.0001,99.8762,202.3567,48.9068,-17.1775,0.0,0.0001,2.3871,-0.0009,6.1191,35.5451,11.2612,27.1522,35.9029
212.0,427.0,11.3163,40.084,98.689,234.5826,0.021,0.0001,99.8817,202.3567,48.9068,-17.1775,0.0,0.0001,2.3861,-0.0005,6.1191,35.5452,11.2618,27.1522,35.9029
213.0,429.0,11.3172,40.0859,84.3253,234.5788,0.0248,0.0,99.8957,202.3567,48.9068,-17.1775,0.0,0.0001,2.385,-0.0004,6.1189,35.5454,11.2625,27.1522,35.9029
214.0,431.0,11.318,40.0879,88.8343,234.5372,0.0184,0.0001,99.869,202.3568,48.9068,-17.1775,0.0,0.0001,2.3839,-0.0004,6.1197,35.5456,11.263,27.1522,35.9029
215.0,433.0,11.3178,40.0895,98.7025,234.3314,0.0198,0.0001,99.8657,202.3568,48.9068,-17.1775,0.0,0.0001,2.383,-0.0008,6.1198,35.5464,11.2625,27.153,35.9037
216.0,435.0,11.3076,40.0796,98.71,234.4906,0.0231,0.0001,99.869,202.3568,48.9068,-17.1775,0.0,0.0001,2.382,-0.0001,6.119,35.5455,11.2521,27.1542,35.9053
217.0,437.0,11.3136,40.089,98.6922,234.25,0.0186,0.0001,99.8513,202.3568,48.9068,-17.1775,0.0,0.0001,2.381,-0.0006,6.1184,35.5484,11.2579,27.1554,35.9062
218.0,439.0,11.3189,40.0963,78.51,233.6177,0.0189,0.0001,99.8537,202.3568,48.9068,-17.1775,0.0,0.0001,2.3786,-0.0015,6.1183,35.5498,11.2629,27.1556,35.9062
219.0,441.0,11.3216,40.1011,98.698,233.6145,0.0191,0.0001,99.8447,202.3569,48.9068,-17.1775,0.0,0.0001,2.3766,-0.001,6.1183,35.551,11.2653,27.1561,35.9066
220.0,443.0,11.3212,40.1019,92.1977,233.0739,0.0212,0.0001,99.848,202.3569,48.9068,-17.1775,0.0,0.0001,2.3728,-0.0015,6.118,35.5512,11.2647,27.1563,35.9068
221.0,445.0,11.323,40.1058,98.6857,232.8504,0.0204,0.0001,99.8401,202.3569,48.9068,-17.1775,0.0,0.0001,2.3687,-0.0012,6.1181,35.5523,11.2661,27.1569,35.9073
222.0,447.0,11.3241,40.1079,98.68,232.8373,0.0228,0.0001,99.8315,202.3569,48.9068,-17.1775,0.0,0.0001,2.3681,-0.0009,6.1189,35.5525,11.267,27.1569,35.9073
223.0,449.0,11.3223,40.1069,98.6935,232.7922,0.0233,0.0001,99.8229,202.357,48.9068,-17.1775,0.0,0.0001,2.3672,-0.0007,6.1189,35.5525,11.2649,27.1572,35.9077
224.0,451.0,11.3161,40.1009,98.6907,232.2674,0.0229,0.0001,99.8401,202.357,48.9068,-17.1775,0.0,0.0001,2.3641,-0.0015,6.1197,35.5516,11.2585,27.1578,35.9085
225.0,453.0,11.3146,40.1002,81.3351,232.1944,0.0244,0.0001,99.8401,202.357,48.9068,-17.1775,0.0,0.0001,2.3618,-0.0011,6.1207,35.5516,11.2568,27.1581,35.9089
226.0,455.0,11.3068,40.0927,98.6867,231.8856,0.0226,0.0001,99.8368,202.357,48.9067,-17.1775,0.0,0.0001,2.3597,-0.0014,6.1219,35.5508,11.2487,27.1589,35.9101
227.0,457.0,11.2968,40.0824,98.71,231.1934,0.0196,0.0001,99.8343,202.357,48.9067,-17.1775,0.0,0.0001,2.355,-0.0021,6.1224,35.5492,11.2385,27.1596,35.9112
228.0,459.0,11.291,40.0782,98.6921,231.0964,0.0201,0.0001,99.8297,202.3571,48.9067,-17.1775,0.0,0.0001,2.3513,-0.0014,6.1243,35.5497,11.2324,27.1611,35.9129
229.0,461.0,11.281,40.0678,98.7005,230.4367,0.0185,0.0001,99.8401,202.3571,48.9067,-17.1775,0.0,0.0001,2.3468,-0.0023,6.1261,35.5481,11.2222,27.1617,35.914
230.0,463.0,11.2743,40.0606,82.9337,230.573,0.0223,0.0001,99.8256,202.3571,48.9067,-17.1775,0.0,0.0001,2.3456,-0.0015,6.127,35.5466,11.2153,27.1618,35.9144
231.0,465.0,11.2615,40.0469,98.7808,232.1402,0.0208,0.0001,99.8258,202.3571,48.9067,-17.1775,0.0,0.0001,2.3491,0.0017,6.1273,35.5442,11.2022,27.1624,35.9155
232.0,467.0,11.2515,40.0366,93.5128,232.5896,0.0217,0.0001,99.8307,202.3572,48.9067,-17.1775,0.0,0.0001,2.3528,0.0015,6.1283,35.5427,11.192,27.1631,35.9167
233.0,469.0,11.2464,40.0303,98.695,232.9643,0.0195,0.0001,99.8401,202.3572,48.9067,-17.1775,0.0,0.0001,2.3553,0.0014,6.1287,35.5407,11.1867,27.1625,35.9163
234.0,471.0,11.2431,40.0285,98.68,232.5165,0.0225,0.0001,99.8296,202.3572,48.9067,-17.1775,0.0,0.0001,2.3545,0.0001,6.1288,35.5413,11.1832,27.1636,35.9176
235.0,473.0,11.2438,40.0312,85.9512,228.2569,0.022,0.0001,99.825,202.3572,48.9067,-17.1775,0.0,0.0001,2.3397,-0.0075,6.13,35.5423,11.1835,27.1644,35.9183
236.0,475.0,11.2392,40.0272,98.6922,226.7678,0.0253,0.0001,99.8112,202.3573,48.9067,-17.1775,0.0,0.0001,2.3255,-0.0069,6.131,35.5418,11.1788,27.1649,35.919
237.0,477.0,11.2308,40.0191,98.6875,226.3998,0.0252,0.0001,99.8081,202.3573,48.9067,-17.1776,0.0,0.0001,2.3168,-0.0048,6.1334,35.541,11.1701,27.1658,35.9203
238.0,479.0,11.2187,40.0058,98.6836,225.3677,0.0241,0.0001,99.806,202.3573,48.9067,-17.1776,0.0,0.0001,2.3064,-0.0048,6.135,35.5385,11.1578,27.1662,35.9212
239.0,481.0,11.2005,39.9869,98.6923,223.8612,0.0214,0.0001,99.7864,202.3573,48.9067,-17.1776,0.0,0.0001,2.2957,-0.0054,6.1361,35.5364,11.1394,27.1679,35.9237
240.0,483.0,11.1932,39.9797,84.5453,223.878,0.021,0.0001,99.806,202.3573,48.9066,-17.1776,0.0,0.0001,2.2896,-0.0033,6.1378,35.5355,11.1319,27.1686,35.9247
241.0,485.0,11.1839,39.9698,98.7548,223.3392,0.024,0.0001,99.7921,202.3574,48.9066,-17.1776,0.0,0.0001,2.2841,-0.003,6.1387,35.5337,11.1223,27.1689,35.9254
242.0,487.0,11.1703,39.956,98.5753,223.1963,0.0251,0.0001,99.7997,202.3574,48.9066,-17.1776,0.0,0.0001,2.2794,-0.0021,6.14,35.532,11.1085,27.1702,35.9273
243.0,489.0,11.1609,39.9461,98.6898,222.9862,0.0224,0.0001,99.8067,202.3574,48.9066,-17.1776,0.0,0.0001,2.276,-0.0015,6.1405,35.5304,11.0989,27.1706,35.9282
244.0,491.0,11.1586,39.9449,98.6965,222.8105,0.0207,0.0001,99.7824,202.3574,48.9066,-17.1776,0.0,0.0001,2.2735,-0.0013,6.1412,35.5304,11.0963,27.1712,35.9288
245.0,493.0,11.1568,39.9428,98.69,222.93,0.0183,0.0001,99.8067,202.3575,48.9066,-17.1776,0.0,0.0001,2.2722,-0.0007,6.1422,35.5294,11.0943,27.1707,35.9284
246.0,495.0,11.1493,39.9352,80.2403,222.0596,0.0216,0.0001,99.7977,202.3575,48.9066,-17.1776,0.0,0.0001,2.2681,-0.0021,6.1429,35.5283,11.0866,27.1713,35.9293
247.0,497.0,11.1452,39.9313,98.6816,221.6553,0.0225,0.0001,99.7906,202.3575,48.9066,-17.1776,0.0,0.0001,2.265,-0.0022,6.1423,35.5274,11.0822,27.1714,35.9297
248.0,499.0,11.1384,39.9254,96.8076,222.1614,0.0212,0.0001,99.7835,202.3575,48.9066,-17.1776,0.0,0.0001,2.2645,-0.0007,6.1458,35.527,11.0752,27.1723,35.9309
249.0,501.0,11.1224,39.908,98.4702,222.5326,0.0214,0.0001,99.7998,202.3576,48.9066,-17.1776,0.0,0.0001,2.2639,0.0001,6.148,35.5241,11.0589,27.1731,35.9324
250.0,503.0,11.1048,39.8908,98.68,223.2852,0.0212,0.0001,99.791,202.3576,48.9066,-17.1776,0.0,0.0001,2.2656,0.0015,6.148,35.5231,11.0411,27.1755,35.9355
251.0,505.0,11.1035,39.8903,98.694,223.1232,0.023,0.0001,99.8058,202.3576,48.9065,-17.1776,0.0,0.0001,2.2662,0.0006,6.1483,35.5231,11.0396,27.1758,35.9359
252.0,507.0,11.1027,39.8897,98.6867,222.7315,0.0208,0.0001,99.8053,202.3576,48.9065,-17.1776,0.0,0.0001,2.2652,-0.0005,6.1492,35.5225,11.0386,27.1755,35.9356
253.0,509.0,11.098,39.8851,92.5604,222.458,0.0212,0.0001,99.8082,202.3576,48.9065,-17.1776,0.0,0.0001,2.2634,-0.0008,6.1495,35.5217,11.0336,27.1758,35.9361
254.0,511.0,11.0931,39.8811,87.4769,222.5093,0.0197,0.0001,99.8078,202.3577,48.9065,-17.1776,0.0,0.0001,2.2625,-0.0005,6.1493,35.5213,11.0285,27.1765,35.937
255.0,513.0,11.0918,39.8808,94.371,222.6384,0.0198,0.0001,99.8078,202.3577,48.9065,-17.1776,0.0,0.0001,2.2619,-0.0001,6.1509,35.5213,11.0269,27.1767,35.9373
256.0,515.0,11.0846,39.8731,98.6846,222.0154,0.0234,0.0001,99.8089,202.3577,48.9065,-17.1776,0.0,0.0001,2.259,-0.0013,6.1522,35.5198,11.0195,27.177,35.9379
257.0,517.0,11.0759,39.8649,98.0535,221.7026,0.0229,0.0001,99.8112,202.3577,48.9065,-17.1776,0.0,0.0001,2.2568,-0.0015,6.1527,35.519,11.0106,27.1779,35.9392
258.0,519.0,11.0704,39.8607,98.6955,221.5975,0.0219,0.0001,99.7913,202.3578,48.9065,-17.1776,0.0,0.0001,2.2545,-0.0011,6.1529,35.5193,11.0048,27.1793,35.9408
259.0,521.0,11.0684,39.8602,98.68,221.6428,0.0187,0.0001,99.8053,202.3578,48.9065,-17.1776,0.0,0.0001,2.2536,-0.0008,6.1543,35.5199,11.0026,27.1801,35.9417
260.0,523.0,11.0605,39.852,98.6934,221.715,0.019,0.0001,99.8083,202.3578,48.9065,-17.1776,0.0,0.0001,2.2515,-0.0004,6.1539,35.5184,10.9944,27.1805,35.9424
261.0,525.0,11.0582,39.8517,70.6487,221.7244,0.0212,0.0001,99.8081,202.3578,48.9064,-17.1776,0.0,0.0001,2.2513,-0.0003,6.1535,35.5194,10.9918,27.1817,35.9437
262.0,527.0,11.0646,39.861,98.6816,222.9762,0.0178,0.0001,99.7991,202.3579,48.9064,-17.1776,0.0,0.0001,2.2549,0.0021,6.1534,35.5215,10.998,27.1822,35.944
263.0,529.0,11.0611,39.858,95.049,223.9485,0.023,0.0001,99.8047,202.3579,48.9064,-17.1777,0.0,0.0001,2.2604,0.0026,6.1552,35.5211,10.9942,27.1825,35.9445
264.0,531.0,11.0563,39.8527,98.6889,224.2677,0.0212,0.0001,99.8038,202.3579,48.9064,-17.1777,0.0,0.0001,2.2643,0.0017,6.156,35.5196,10.9893,27.1823,35.9445
265.0,533.0,11.0439,39.8399,98.68,224.7031,0.0196,0.0001,99.8112,202.3579,48.9064,-17.1777,0.0,0.0001,2.2668,0.0019,6.1556,35.518,10.9767,27.1833,35.946
266.0,535.0,11.0469,39.8448,80.2485,224.5483,0.022,0.0001,99.8016,202.358,48.9064,-17.1777,0.0,0.0001,2.2678,0.0009,6.1568,35.5192,10.9794,27.1838,35.9464
267.0,537.0,11.0412,39.8383,93.5714,224.6194,0.0191,0.0001,99.7958,202.358,48.9064,-17.1777,0.0,0.0001,2.2695,0.0003,6.1585,35.5172,10.9734,27.1833,35.9461
268.0,539.0,11.0256,39.8218,87.634,225.6978,0.018,0.0001,99.8112,202.358,48.9064,-17.1777,0.0,0.0001,2.2725,0.0018,6.1594,35.5147,10.9576,27.1842,35.9478
269.0,541.0,11.0234,39.82,98.6884,225.414,0.0217,0.0001,99.8112,202.358,48.9064,-17.1777,0.0,0.0001,2.2734,0.0006,6.1596,35.5143,10.9551,27.1844,35.948
270.0,543.0,11.0189,39.8159,98.6845,225.5207,0.0196,0.0001,99.8081,202.3581,48.9064,-17.1777,0.0,0.0001,2.2734,0.0003,6.1604,35.5137,10.9504,27.1848,35.9486
271.0,545.0,11.0149,39.8122,98.6871,225.4932,0.0233,0.0001,99.8059,202.3581,48.9063,-17.1777,0.0,0.0001,2.274,-0.0001,6.1622,35.5128,10.9461,27.1849,35.9489
272.0,547.0,11.007,39.805,98.68,224.7096,0.0195,0.0001,99.8236,202.3581,48.9063,-17.1777,0.0,0.0001,2.2712,-0.0016,6.1653,35.5124,10.938,27.1861,35.9504
273.0,549.0,10.9878,39.7834,89.0296,223.8798,0.0162,0.0001,99.8143,202.3581,48.9063,-17.1777,0.0,0.0001,2.2658,-0.0026,6.1692,35.5086,10.9186,27.1866,35.9518
274.0,551.0,10.9583,39.7508,98.6869,223.5047,0.0168,0.0001,99.8275,202.3581,48.9063,-17.1777,0.0,0.0001,2.2611,-0.0023,6.1714,35.5035,10.8891,27.188,35.9545
275.0,553.0,10.9414,39.7328,98.692,223.1742,0.018,0.0001,99.8051,202.3582,48.9063,-17.1777,0.0,0.0001,2.2569,-0.0021,6.1732,35.501,10.8719,27.1892,35.9564
276.0,555.0,10.9303,39.7208,83.0425,222.9463,0.02,0.0001,99.8202,202.3582,48.9063,-17.1777,0.0,0.0001,2.2535,-0.0018,6.1744,35.4989,10.8606,27.1896,35.9573
277.0,557.0,10.9123,39.7014,98.6842,221.9082,0.0189,0.0001,99.8163,202.3582,48.9063,-17.1777,0.0,0.0001,2.2476,-0.0028,6.1742,35.496,10.8425,27.1906,35.9591
278.0,559.0,10.9132,39.7047,92.1791,221.1407,0.0206,0.0001,99.8112,202.3582,48.9063,-17.1777,0.0,0.0001,2.2417,-0.0029,6.1734,35.4976,10.8432,27.1917,35.9601
279.0,561.0,10.9172,39.7134,98.6919,220.2929,0.0198,0.0001,99.8267,202.3583,48.9063,-17.1777,0.0,0.0001,2.2352,-0.0032,6.1732,35.5016,10.8468,27.1941,35.9624
280.0,563.0,10.9197,39.7183,98.6912,219.2027,0.0168,0.0001,99.8036,202.3583,48.9062,-17.1777,0.0,0.0001,2.2286,-0.0038,6.1735,35.503,10.849,27.1948,35.963
281.0,565.0,10.916,39.7148,98.6894,219.7966,0.0196,0.0001,99.8287,202.3583,48.9062,-17.1777,0.0,0.0001,2.2247,-0.0012,6.1747,35.5021,10.8451,27.1949,35.9632
282.0,567.0,10.9093,39.7085,98.68,219.3385,0.0222,0.0001,99.8037,202.3583,48.9062,-17.1777,0.0,0.0001,2.2217,-0.0015,6.1752,35.5014,10.8381,27.1956,35.9642
283.0,569.0,10.907,39.7069,98.68,218.2139,0.0199,0.0001,99.8099,202.3584,48.9062,-17.1777,0.0,0.0001,2.2176,-0.0032,6.1755,35.5012,10.8357,27.1959,35.9646
284.0,571.0,10.9048,39.7049,98.6837,218.0983,0.0196,0.0001,99.7922,202.3584,48.9062,-17.1777,0.0,0.0001,2.2134,-0.0025,6.1775,35.5007,10.8332,27.196,35.9648
285.0,573.0,10.8902,39.6893,98.6733,217.4429,0.0193,0.0001,99.8112,202.3584,48.9062,-17.1777,0.0,0.0001,2.2072,-0.0027,6.1817,35.4981,10.8183,27.1966,35.9661
286.0,575.0,10.8615,39.657,81.2491,215.8818,0.0225,0.0001,99.8112,202.3584,48.9062,-17.1777,0.0,0.0001,2.1979,-0.0041,6.1828,35.4925,10.7895,27.1974,35.9681
287.0,577.0,10.8486,39.6427,98.68,216.2569,0.0225,0.0001,99.8112,202.3585,48.9062,-17.1777,0.0,0.0001,2.1949,-0.0021,6.1816,35.4899,10.7764,27.1978,35.969
288.0,579.0,10.838,39.6316,96.1202,217.1596,0.0224,0.0001,99.8178,202.3585,48.9062,-17.1778,0.0,0.0001,2.1952,-0.0001,6.1885,35.488,10.7657,27.1982,35.97
289.0,581.0,10.8198,39.6106,98.5691,215.6003,0.0192,0.0001,99.8175,202.3585,48.9062,-17.1777,0.0,0.0001,2.1892,-0.0028,6.1917,35.4837,10.7472,27.1982,35.9708
290.0,583.0,10.7892,39.5776,98.6807,216.4282,0.0186,0.0001,99.8112,202.3585,48.9061,-17.1778,0.0,0.0001,2.188,-0.0005,6.1956,35.4793,10.7165,27.2003,35.9742
291.0,585.0,10.7807,39.5672,98.6829,216.8982,0.0212,0.0001,99.8255,202.3585,48.9061,-17.1778,0.0,0.0001,2.1885,0.0001,6.2,35.4763,10.7078,27.1995,35.9738
292.0,587.0,10.7512,39.5332,98.68,217.4596,0.0212,0.0001,99.8097,202.3586,48.9061,-17.1778,0.0,0.0001,2.1889,0.0005,6.212,35.4698,10.6782,27.1998,35.9754
293.0,589.0,10.6736,39.4408,77.3944,217.7674,0.0216,0.0001,99.8105,202.3586,48.9061,-17.1778,0.0,0.0001,2.1884,-0.0002,6.23,35.451,10.6007,27.1989,35.978
294.0,591.0,10.5608,39.3071,98.75,216.6916,0.0232,0.0001,99.8131,202.3586,48.9061,-17.1778,0.0,0.0001,2.183,-0.0029,6.2478,35.4247,10.4881,27.1984,35.9825
295.0,593.0,10.4313,39.1616,88.948,215.6387,0.0188,0.0001,99.6327,202.3586,48.9061,-17.1778,0.0,0.0001,2.1772,-0.0036,6.2432,35.4025,10.3589,27.204,35.9937
296.0,595.0,10.3978,39.1247,98.6968,216.0736,0.0182,0.0001,99.8112,202.3587,48.9061,-17.1778,0.0,0.0001,2.1749,-0.0017,6.245,35.3967,10.3253,27.2054,35.9966
297.0,597.0,10.3993,39.1279,98.4886,215.8235,0.0184,0.0001,99.8228,202.3587,48.9061,-17.1778,0.0,0.0001,2.1711,-0.0014,6.2457,35.3976,10.3266,27.2058,35.997
298.0,599.0,10.4162,39.1503,98.68,214.4645,0.0221,0.0001,99.826,202.3587,48.9061,-17.1778,0.0,0.0001,2.165,-0.0032,6.2469,35.403,10.3431,27.2072,35.9976
299.0,601.0,10.3975,39.1284,98.68,214.3111,0.0248,0.0001,99.8247,202.3587,48.9061,-17.1778,0.0,0.0001,2.1624,-0.0024,6.2463,35.3981,10.3242,27.2066,35.9979
300.0,603.0,10.3847,39.1167,98.68,214.9275,0.0242,0.0001,99.8396,202.3588,48.9061,-17.1778,0.0,0.0001,2.1615,-0.0005,6.2433,35.3978,10.3113,27.2086,36.0005
301.0,605.0,10.415,39.1561,72.8905,213.1666,0.0237,0.0001,99.8355,202.3588,48.906,-17.1778,0.0,0.0001,2.1547,-0.0029,6.2373,35.4075,10.3412,27.211,36.0014
302.0,607.0,10.4618,39.2175,98.68,211.6028,0.0223,0.0001,99.8401,202.3588,48.906,-17.1778,0.0,0.0001,2.1466,-0.0049,6.2375,35.4232,10.3876,27.2151,36.0034
303.0,609.0,10.473,39.2327,95.125,211.8195,0.0204,0.0001,99.8386,202.3588,48.906,-17.1778,0.0,0.0001,2.1434,-0.0026,6.2367,35.4268,10.3984,27.2159,36.0037
304.0,611.0,10.4697,39.2308,98.68,210.3233,0.0205,0.0001,99.8342,202.3589,48.906,-17.1778,0.0,0.0001,2.1346,-0.0038,6.2379,35.4271,10.3949,27.2168,36.0047
305.0,613.0,10.4654,39.2273,98.68,209.0584,0.016,0.0001,99.8441,202.3589,48.906,-17.1778,0.0,0.0001,2.1259,-0.0045,6.2389,35.4267,10.3903,27.2173,36.0054
306.0,615.0,10.4585,39.2205,69.711,208.8467,0.0213,0.0001,99.8522,202.3589,48.906,-17.1778,0.0,0.0001,2.1185,-0.0033,6.2456,35.4258,10.3832,27.2179,36.0063
307.0,617.0,10.4327,39.1906,87.1133,208.3551,0.0197,0.0001,99.8401,202.3589,48.906,-17.1778,0.0,0.0001,2.1129,-0.0031,6.2504,35.4197,10.3573,27.2176,36.0072
308.0,619.0,10.3859,39.1396,87.5237,208.6406,0.0229,0.0001,99.8401,202.3589,48.906,-17.1778,0.0,0.0001,2.1111,-0.0014,6.2468,35.4127,10.3105,27.2204,36.0121
309.0,621.0,10.3671,39.1217,97.5232,209.2887,0.0201,0.0001,99.8574,202.359,48.906,-17.1778,0.0,0.0001,2.111,-0.0001,6.2503,35.4119,10.2915,27.2231,36.0156
310.0,623.0,10.3651,39.1205,98.68,207.9336,0.0176,0.0001,99.8401,202.359,48.906,-17.1778,0.0,0.0001,2.1063,-0.0024,6.2524,35.4118,10.2893,27.2235,36.016
311.0,625.0,10.3636,39.1206,98.68,207.2099,0.019,0.0001,99.8485,202.359,48.906,-17.1778,0.0,0.0001,2.1011,-0.0027,6.2521,35.4123,10.2875,27.2242,36.0168
312.0,627.0,10.3564,39.1143,98.68,208.0428,0.0188,0.0001,99.8081,202.359,48.906,-17.1778,0.0,0.0001,2.0999,-0.0004,6.2552,35.4119,10.28,27.2252,36.0181
313.0,629.0,10.3527,39.1108,98.3086,207.6355,0.0191,0.0001,99.8427,202.3591,48.906,-17.1778,0.0,0.0001,2.0983,-0.0011,6.2567,35.4111,10.2761,27.2252,36.0183
314.0,631.0,10.3296,39.0856,98.7591,207.3793,0.0199,0.0001,99.8623,202.3591,48.906,-17.1778,0.0,0.0001,2.0977,-0.0012,6.2541,35.4073,10.2529,27.2263,36.0204
315.0,633.0,10.3241,39.0823,98.68,207.9627,0.0232,0.0001,99.853,202.3591,48.906,-17.1778,0.0,0.0001,2.0971,0.0,6.2568,35.4083,10.2471,27.2281,36.0225
316.0,635.0,10.3324,39.0918,98.68,207.0578,0.0214,0.0001,99.7851,202.3591,48.9059,-17.1778,0.0,0.0001,2.0937,-0.0016,6.2571,35.4091,10.2553,27.2273,36.0213
317.0,637.0,10.3283,39.0922,98.68,206.3831,0.0236,0.0001,99.869,202.3591,48.906,-17.1778,0.0,0.0001,2.0907,-0.0024,6.2567,35.4127,10.2509,27.2309,36.025
318.0,639.0,10.3248,39.0911,98.68,206.8646,0.0208,0.0001,99.869,202.3592,48.906,-17.1778,0.0,0.0001,2.0892,-0.001,6.2601,35.4141,10.2472,27.2326,36.0268
319.0,641.0,10.3218,39.0897,71.9461,206.5636,0.0164,0.0001,99.869,202.3592,48.906,-17.1778,0.0,0.0001,2.086,-0.0015,6.2699,35.4148,10.2439,27.2337,36.0281
320.0,643.0,10.2676,39.0301,98.6803,204.7994,0.0197,0.0001,99.8674,202.3592,48.906,-17.1779,0.0,0.0001,2.0788,-0.0037,6.266,35.406,10.1897,27.2363,36.0331
321.0,645.0,10.222,38.9776,96.7883,205.0226,0.0197,0.0001,99.8819,202.3592,48.906,-17.1778,0.0,0.0001,2.0743,-0.0017,6.2689,35.3958,10.144,27.2363,36.0352
322.0,647.0,10.2479,39.0125,98.68,204.2245,0.0214,0.0001,99.8918,202.3593,48.9059,-17.1778,0.0,0.0001,2.0689,-0.0024,6.2706,35.4053,10.1695,27.2393,36.0369
323.0,649.0,10.2285,38.9936,98.68,203.9157,0.022,0.0001,99.8786,202.3593,48.9059,-17.1779,0.0,0.0001,2.0668,-0.0021,6.27,35.404,10.1499,27.2416,36.0401
324.0,651.0,10.2167,38.9821,87.5152,204.6415,0.023,0.0,99.8896,202.3593,48.9059,-17.1779,0.0,0.0001,2.0647,-0.0007,6.2779,35.403,10.138,27.2429,36.0419
325.0,653.0,10.202,38.9641,98.68,202.5654,0.0194,0.0,99.8914,202.3593,48.9059,-17.1778,0.0,0.0001,2.0565,-0.0041,6.289,35.3983,10.1231,27.2418,36.0415
326.0,655.0,10.0988,38.8516,98.68,199.7121,0.0227,0.0,99.8978,202.3594,48.9059,-17.1779,0.0,0.0001,2.043,-0.007,6.2875,35.3832,10.0201,27.2479,36.0521
327.0,657.0,10.1037,38.8582,98.68,199.8297,0.0207,0.0,99.8978,202.3594,48.9059,-17.1779,0.0,0.0001,2.0363,-0.0048,6.2891,35.3842,10.0248,27.2479,36.0519
328.0,659.0,10.1043,38.86,98.68,200.0728,0.0209,0.0,99.8942,202.3594,48.9059,-17.1779,0.0,0.0001,2.0315,-0.0025,6.2899,35.3846,10.0252,27.2481,36.0521
329.0,661.0,10.0934,38.8499,82.8106,199.5537,0.0211,0.0,99.8978,202.3594,48.9059,-17.1779,0.0,0.0001,2.0262,-0.0024,6.2911,35.3842,10.0141,27.2497,36.0542
330.0,663.0,10.0919,38.8504,98.6795,198.1874,0.0223,0.0,99.8978,202.3594,48.9059,-17.1779,0.0,0.0001,2.0193,-0.0037,6.2926,35.3853,10.0123,27.2508,36.0554
331.0,665.0,10.079,38.8376,98.68,198.0994,0.0208,0.0,99.8978,202.3595,48.9059,-17.1779,0.0,0.0001,2.0153,-0.0028,6.2916,35.3839,9.9993,27.252,36.0571
332.0,667.0,10.0766,38.8375,75.2318,198.2585,0.0193,0.0,99.9001,202.3595,48.9059,-17.1779,0.0,0.0001,2.013,-0.0013,6.2886,35.3852,9.9967,27.2534,36.0587
333.0,669.0,10.0983,38.8661,98.6812,198.4986,0.0188,0.0001,99.8439,202.3595,48.9059,-17.1779,0.0,0.0001,2.0115,-0.0004,6.2877,35.3923,10.0179,27.2554,36.0596
334.0,671.0,10.1105,38.8851,91.0431,196.5419,0.0212,0.0,99.8978,202.3595,48.9059,-17.1779,0.0,0.0001,2.0046,-0.0035,6.2923,35.3989,10.0298,27.2584,36.062
335.0,673.0,10.0985,38.8717,98.68,195.6414,0.0223,0.0,99.8978,202.3596,48.9059,-17.1779,0.0,0.0001,1.9989,-0.0042,6.2945,35.3959,10.0177,27.2582,36.0624
336.0,675.0,10.0595,38.8302,98.68,194.8003,0.0184,0.0,99.9,202.3596,48.9059,-17.1779,0.0,0.0001,1.9909,-0.0039,6.2972,35.3909,9.9786,27.261,36.0669
337.0,677.0,10.0472,38.8181,98.68,193.6942,0.0178,0.0,99.8955,202.3596,48.9059,-17.1779,0.0,0.0001,1.9811,-0.0039,6.3008,35.3895,9.9661,27.2621,36.0686
338.0,679.0,10.0203,38.7895,98.68,194.2825,0.0213,0.0,99.8978,202.3596,48.9059,-17.1779,0.0,0.0001,1.9787,-0.0017,6.3011,35.3858,9.9391,27.2639,36.0715
339.0,681.0,10.0137,38.7822,98.6102,194.4989,0.022,0.0,99.8978,202.3596,48.9059,-17.1779,0.0,0.0001,1.978,-0.0007,6.2972,35.3839,9.9323,27.2635,36.0715
340.0,683.0,10.0273,38.8018,98.68,194.995,0.02,0.0,99.8978,202.3597,48.9059,-17.1779,0.0,0.0001,1.979,0.0004,6.2942,35.3896,9.9456,27.2657,36.073
341.0,685.0,10.058,38.8401,98.68,195.7703,0.0201,0.0,99.8975,202.3597,48.9058,-17.1779,0.0,0.0001,1.9818,0.0014,6.2901,35.3979,9.9759,27.267,36.0729
342.0,687.0,10.0786,38.8689,68.6563,195.761,0.0168,0.0,99.9059,202.3597,48.9058,-17.1779,0.0,0.0001,1.9841,0.0006,6.2893,35.4061,9.9961,27.2699,36.0748
343.0,689.0,10.0917,38.885,98.681,195.5825,0.0181,0.0,99.8978,202.3597,48.9058,-17.1779,0.0,0.0001,1.9841,0.0,6.2917,35.4089,10.0089,27.2699,36.0742
344.0,691.0,10.0817,38.8745,95.6446,195.5683,0.0191,0.0,99.9002,202.3598,48.9058,-17.1779,0.0,0.0001,1.9828,-0.0006,6.3022,35.407,9.9987,27.2702,36.075
345.0,693.0,10.0137,38.7965,98.68,194.5741,0.0177,0.0,99.9047,202.3598,48.9058,-17.1779,0.0,0.0001,1.978,-0.0021,6.3046,35.3931,9.9308,27.2709,36.0788
346.0,695.0,9.9927,38.7726,98.68,193.8533,0.0166,0.0,99.8978,202.3598,48.9058,-17.1779,0.0,0.0001,1.9743,-0.0027,6.3048,35.3882,9.9097,27.2708,36.0796
347.0,697.0,9.9532,38.7277,98.4376,194.2059,0.0188,0.0,99.9058,202.3598,48.9058,-17.1779,0.0,0.0001,1.9708,-0.0019,6.3261,35.3799,9.8701,27.271,36.0817
348.0,699.0,9.9228,38.692,98.68,193.0009,0.0225,0.0,99.8985,202.3598,48.9058,-17.1779,0.0,0.0001,1.9634,-0.0038,6.3419,35.3724,9.8397,27.2704,36.0824
349.0,701.0,9.773,38.5213,98.68,192.8138,0.0236,0.0,99.8978,202.3599,48.9058,-17.1779,0.0,0.0001,1.9573,-0.003,6.35,35.3428,9.6904,27.2726,36.0914
350.0,703.0,9.6248,38.3537,84.5337,193.86,0.0212,0.0,99.902,202.3599,48.9058,-17.1779,0.0,0.0001,1.955,-0.001,6.3721,35.3144,9.5426,27.2752,36.1007
351.0,705.0,9.5538,38.2738,81.7682,193.5647,0.0192,0.0,99.9039,202.3599,48.9058,-17.1779,0.0,0.0001,1.9524,-0.0014,6.3769,35.3009,9.4719,27.2765,36.1052
352.0,707.0,9.5002,38.2144,94.7539,193.4925,0.0216,0.0,99.897,202.3599,48.9058,-17.1779,0.0,0.0001,1.9512,-0.001,6.3755,35.2912,9.4183,27.2778,36.109
353.0,709.0,9.4933,38.208,98.68,193.1195,0.0214,0.0,99.9049,202.36,48.9058,-17.1779,0.0,0.0001,1.9482,-0.0011,6.3725,35.2902,9.4111,27.2782,36.1097
354.0,711.0,9.5234,38.2455,98.68,193.0046,0.0237,0.0,99.8994,202.36,48.9058,-17.1779,0.0,0.0001,1.9463,-0.0008,6.374,35.2986,9.4408,27.2798,36.1099
355.0,713.0,9.5254,38.2504,98.68,191.9917,0.0232,0.0,99.9003,202.36,48.9058,-17.1779,0.0,0.0001,1.9432,-0.0022,6.3731,35.3009,9.4426,27.2813,36.1113
356.0,715.0,9.5125,38.2389,65.2263,191.866,0.0225,0.0,99.8851,202.36,48.9057,-17.1779,0.0,0.0001,1.9392,-0.0014,6.3702,35.3007,9.4295,27.2833,36.1139
357.0,717.0,9.5313,38.2652,98.68,191.751,0.0178,0.0,99.9014,202.3601,48.9057,-17.1779,0.0,0.0001,1.9371,-0.0012,6.3717,35.3084,9.4479,27.2863,36.116
358.0,719.0,9.5626,38.3025,89.8284,191.8847,0.022,0.0,99.8987,202.3601,48.9057,-17.1779,0.0,0.0001,1.9374,-0.0002,6.3602,35.3155,9.4788,27.2867,36.1149
359.0,721.0,9.5591,38.3013,98.68,190.5749,0.0211,0.0,99.9018,202.3601,48.9057,-17.1779,0.0,0.0001,1.9345,-0.0016,6.341,35.3169,9.4752,27.2884,36.1168
360.0,723.0,9.6502,38.4178,98.68,189.5434,0.0211,0.0,99.9165,202.3601,48.9057,-17.1779,0.0,0.0001,1.9297,-0.0031,6.35,35.3466,9.5655,27.2966,36.1206
361.0,725.0,9.7545,38.5499,98.68,188.0938,0.0196,0.0001,99.7726,202.3601,48.9057,-17.1779,0.0,0.0001,1.9241,-0.0041,6.3372,35.3792,9.6689,27.3047,36.1239
362.0,727.0,9.7611,38.5577,98.68,188.8709,0.0185,0.0001,99.6881,202.3602,48.9057,-17.1779,0.0,0.0001,1.9221,-0.0008,6.3264,35.38,9.6753,27.3041,36.1231
363.0,729.0,9.8275,38.641,56.5821,187.6397,0.0202,0.0001,99.8062,202.3602,48.9057,-17.1779,0.0,0.0001,1.917,-0.0028,6.33,35.3995,9.7411,27.3083,36.1242
364.0,731.0,9.8303,38.652,98.6991,187.4873,0.0193,0.0001,99.8142,202.3602,48.9057,-17.1779,0.0,0.0001,1.9145,-0.0021,6.3277,35.4071,9.7437,27.3138,36.1294
365.0,733.0,9.8213,38.6405,98.68,187.3755,0.0187,0.0001,99.8061,202.3602,48.9057,-17.1779,0.0,0.0001,1.9105,-0.0016,6.3324,35.4034,9.7344,27.3125,36.1285
366.0,735.0,9.7921,38.6167,51.2529,186.141,0.0226,0.0001,99.8401,202.3603,48.9057,-17.1779,0.0,0.0001,1.9041,-0.0031,6.3358,35.4065,9.7052,27.3199,36.1371
367.0,737.0,9.7789,38.6028,89.9461,186.4835,0.0266,0.0001,99.8343,202.3603,48.9057,-17.1779,0.0,0.0001,1.9021,-0.0019,6.3404,35.4043,9.6918,27.3204,36.1383
368.0,739.0,9.7476,38.5678,94.0583,186.4904,0.0229,0.0001,99.8211,202.3603,48.9057,-17.1779,0.0,0.0001,1.8993,-0.0016,6.3505,35.3982,9.6604,27.321,36.1403
369.0,741.0,9.6816,38.4913,98.68,185.6264,0.0199,0.0001,99.8401,202.3603,48.9057,-17.1779,0.0,0.0001,1.8946,-0.0021,6.3475,35.3832,9.5945,27.3203,36.1427
370.0,743.0,9.6684,38.485,98.68,185.4579,0.0203,0.0001,99.8684,202.3603,48.9057,-17.1779,0.0,0.0001,1.8916,-0.0016,6.3462,35.3888,9.5811,27.3269,36.1497
371.0,745.0,9.6818,38.5025,98.68,185.6537,0.018,0.0001,99.8789,202.3604,48.9057,-17.1779,0.0,0.0001,1.8901,-0.0007,6.3456,35.3927,9.5942,27.3278,36.15
372.0,747.0,9.6895,38.5131,98.68,185.7267,0.0211,0.0,99.8978,202.3604,48.9057,-17.1779,0.0,0.0001,1.8895,-0.0004,6.3446,35.3951,9.6016,27.3284,36.1503
373.0,749.0,9.6939,38.5193,98.68,185.5439,0.0206,0.0001,99.8609,202.3604,48.9057,-17.1779,0.0,0.0001,1.8889,-0.0004,6.339,35.3965,9.6058,27.3288,36.1504
374.0,751.0,9.7003,38.5279,98.68,185.5887,0.0224,0.0,99.9176,202.3604,48.9057,-17.1779,0.0,0.0001,1.8881,-0.0002,6.3385,35.3983,9.6119,27.3292,36.1506
375.0,753.0,9.7373,38.5775,98.68,185.4189,0.0229,0.0,99.9202,202.3605,48.9057,-17.1779,0.0,0.0001,1.8874,-0.0005,6.3409,35.412,9.6485,27.3338,36.1534
376.0,755.0,9.7213,38.5616,98.68,184.7762,0.0237,0.0,99.9123,202.3605,48.9057,-17.1779,0.0,0.0001,1.884,-0.0014,6.3435,35.4103,9.6323,27.3352,36.1555
377.0,757.0,9.6954,38.5349,72.512,184.364,0.0207,0.0,99.9258,202.3605,48.9057,-17.1779,0.0,0.0001,1.8822,-0.0013,6.335,35.4076,9.6064,27.3374,36.1588
378.0,759.0,9.7265,38.5772,97.2017,184.3283,0.019,0.0,99.9236,202.3605,48.9056,-17.1779,0.0,0.0001,1.8801,-0.0009,6.3351,35.4197,9.637,27.3417,36.1617
379.0,761.0,9.7586,38.6169,97.8029,184.3526,0.0178,0.0,99.9134,202.3605,48.9056,-17.1779,0.0,0.0001,1.8791,-0.0006,6.3368,35.4279,9.6686,27.3428,36.1613
380.0,763.0,9.7494,38.608,98.68,184.2556,0.0191,0.0,99.9062,202.3606,48.9056,-17.1779,0.0,0.0001,1.8777,-0.0007,6.3393,35.4269,9.6592,27.3436,36.1625
381.0,765.0,9.7333,38.5927,92.172,183.9127,0.023,0.0,99.9267,202.3606,48.9056,-17.1779,0.0,0.0001,1.8754,-0.0011,6.3427,35.4259,9.6429,27.3456,36.1652
382.0,767.0,9.7082,38.5663,88.8497,183.7135,0.0217,0.0,99.9267,202.3606,48.9056,-17.1779,0.0,0.0001,1.8731,-0.0011,6.3458,35.4226,9.6177,27.3472,36.168
383.0,769.0,9.6923,38.5509,98.68,183.6296,0.0226,0.0,99.9107,202.3606,48.9056,-17.1779,0.0,0.0001,1.8718,-0.0009,6.3478,35.4215,9.6016,27.3491,36.1705
384.0,771.0,9.6696,38.5289,98.68,183.3939,0.019,0.0,99.9153,202.3607,48.9056,-17.1779,0.0,0.0001,1.8678,-0.0012,6.3533,35.4201,9.5789,27.3518,36.1743
385.0,773.0,9.6646,38.5262,98.68,182.6641,0.0222,0.0,99.9038,202.3607,48.9056,-17.1779,0.0,0.0001,1.8658,-0.0025,6.3617,35.4216,9.5737,27.3538,36.1765
386.0,775.0,9.621,38.4789,98.68,182.8463,0.0232,0.0,99.9082,202.3607,48.9056,-17.1779,0.0,0.0001,1.8648,-0.0015,6.3621,35.4148,9.5301,27.3559,36.1805
387.0,777.0,9.5674,38.4208,82.6157,183.6596,0.0201,0.0,99.8986,202.3607,48.9056,-17.1779,0.0,0.0001,1.8638,0.0002,6.3643,35.4066,9.4766,27.3583,36.1854
388.0,779.0,9.5556,38.4085,92.2347,183.628,0.0198,0.0,99.9191,202.3607,48.9056,-17.1779,0.0,0.0001,1.8619,-0.0005,6.3771,35.4048,9.4646,27.3589,36.1865
389.0,781.0,9.5179,38.3663,98.6482,182.775,0.0211,0.0,99.9012,202.3608,48.9056,-17.1779,0.0,0.0001,1.8606,-0.0016,6.3756,35.3972,9.4268,27.3593,36.1886
390.0,783.0,9.3618,38.1885,98.68,184.8876,0.0229,0.0,99.907,202.3608,48.9056,-17.1779,0.0,0.0001,1.8618,0.0013,6.398,35.3656,9.2714,27.3603,36.1967
391.0,785.0,9.3153,38.1344,98.68,184.2953,0.0247,0.0,99.9011,202.3608,48.9056,-17.1779,0.0,0.0001,1.8583,-0.0015,6.4411,35.3545,9.2249,27.3592,36.1979
392.0,787.0,9.2,37.9824,98.68,184.4493,0.0249,0.0,99.9044,202.3608,48.9056,-17.1778,0.0,0.0001,1.8565,-0.0013,6.4504,35.3092,9.1102,27.3426,36.1868
393.0,789.0,8.9566,37.7324,44.3438,185.8499,0.0234,0.0,99.9014,202.3608,48.9056,-17.1778,0.0,0.0001,1.8594,0.0018,6.439,35.288,8.8679,27.3651,36.2202
394.0,791.0,8.9572,37.7378,95.7199,187.4156,0.0192,0.0,99.8859,202.3609,48.9056,-17.1779,0.0,0.0001,1.8652,0.0025,6.4535,35.2919,8.8682,27.3681,36.2231
395.0,793.0,8.9804,37.7578,98.6942,186.9094,0.0195,0.0,99.9069,202.3609,48.9056,-17.1778,0.0,0.0001,1.8663,0.0005,6.4561,35.289,8.891,27.3621,36.2162
396.0,795.0,8.9522,37.7342,98.68,186.8178,0.0235,0.0,99.9069,202.3609,48.9056,-17.1778,0.0,0.0001,1.8667,0.0,6.4606,35.2912,8.8628,27.3684,36.2237
397.0,797.0,8.9283,37.7102,98.68,186.8466,0.0241,0.0,99.9017,202.3609,48.9056,-17.1778,0.0,0.0001,1.8664,-0.0001,6.4628,35.2889,8.8388,27.3704,36.2268
398.0,799.0,8.9143,37.6938,80.5529,187.2872,0.0248,0.0,99.9068,202.361,48.9056,-17.1778,0.0,0.0001,1.8669,0.0003,6.4681,35.2847,8.8247,27.3694,36.2265
399.0,801.0,8.8795,37.6577,98.68,187.6727,0.025,0.0,99.9074,202.361,48.9056,-17.1778,0.0,0.0001,1.8679,0.0006,6.4674,35.2805,8.7899,27.3717,36.2303
400.0,803.0,8.8603,37.6433,98.68,188.3542,0.0202,0.0,99.9044,202.361,48.9056,-17.1778,0.0,0.0001,1.8713,0.0013,6.467,35.2836,8.7706,27.3771,36.2366
401.0,805.0,8.87,37.6586,98.68,188.0847,0.0239,0.0,99.8973,202.361,48.9056,-17.1778,0.0,0.0001,1.8718,0.0004,6.4663,35.2889,8.7799,27.3798,36.2388
402.0,807.0,8.8678,37.6595,98.68,187.819,0.023,0.0,99.9167,202.3611,48.9056,-17.1778,0.0,0.0001,1.8717,-0.0002,6.4676,35.2908,8.7775,27.3817,36.2407
403.0,809.0,8.8684,37.6608,75.769,187.5566,0.0211,0.0,99.869,202.3611,48.9056,-17.1778,0.0,0.0001,1.8703,-0.0006,6.4678,35.2909,8.7779,27.3817,36.2407
404.0,811.0,8.8566,37.6506,98.6763,187.4867,0.0211,0.0,99.8904,202.3611,48.9056,-17.1778,0.0,0.0001,1.8694,-0.0004,6.4623,35.291,8.7659,27.3837,36.2433
405.0,813.0,8.8738,37.6843,95.4475,187.1075,0.0203,0.0,99.9267,202.3611,48.9056,-17.1778,0.0,0.0001,1.8675,-0.0008,6.461,35.3084,8.7827,27.3947,36.2532
406.0,815.0,8.8987,37.715,98.6823,185.8422,0.0233,0.0,99.9148,202.3611,48.9056,-17.1778,0.0,0.0001,1.8636,-0.0022,6.4583,35.3149,8.8072,27.3959,36.2533
407.0,817.0,8.9142,37.7353,98.68,186.1518,0.0259,0.0,99.9195,202.3612,48.9056,-17.1778,0.0,0.0001,1.8616,-0.0008,6.4581,35.3199,8.8224,27.3974,36.254
408.0,819.0,8.926,37.7507,98.68,185.7866,0.0241,0.0,99.9272,202.3612,48.9056,-17.1778,0.0,0.0001,1.8591,-0.0008,6.4497,35.3236,8.8339,27.3984,36.2545
409.0,821.0,8.9644,37.7999,62.3763,185.2495,0.0195,0.0,99.937,202.3612,48.9056,-17.1778,0.0,0.0001,1.8553,-0.0014,6.452,35.336,8.8718,27.402,36.2563
410.0,823.0,8.9887,37.8303,98.68,184.6135,0.022,0.0,99.9267,202.3612,48.9056,-17.1778,0.0,0.0001,1.8554,-0.0021,6.4536,35.3426,8.8957,27.4034,36.2565
411.0,825.0,8.9464,37.7859,87.626,185.2217,0.0217,0.0,99.918,202.3612,48.9056,-17.1778,0.0,0.0001,1.8554,-0.0008,6.4579,35.3373,8.8534,27.406,36.2611
412.0,827.0,8.9313,37.769,98.68,185.8567,0.0206,0.0,99.9103,202.3613,48.9056,-17.1778,0.0,0.0001,1.8554,0.0002,6.4606,35.3336,8.8383,27.4056,36.2613
413.0,829.0,8.8994,37.7383,98.68,186.771,0.02,0.0,99.946,202.3613,48.9056,-17.1778,0.0,0.0001,1.8554,0.0014,6.4615,35.3322,8.8063,27.4095,36.2667
414.0,831.0,8.8997,37.741,96.334,187.1639,0.0233,0.0,99.9363,202.3613,48.9056,-17.1778,0.0,0.0001,1.8596,0.0014,6.4646,35.3338,8.8064,27.4108,36.268
415.0,833.0,8.8798,37.7205,62.9218,187.3363,0.0239,0.0,99.9351,202.3613,48.9056,-17.1778,0.0,0.0001,1.8596,0.001,6.4664,35.3309,8.7863,27.4118,36.2698
416.0,835.0,8.8616,37.7024,84.14,186.7111,0.021,0.0,99.9303,202.3614,48.9056,-17.1778,0.0,0.0001,1.8588,-0.0003,6.4664,35.3292,8.768,27.4133,36.2722
417.0,837.0,8.862,37.7043,98.68,185.8196,0.0205,0.0,99.9432,202.3614,48.9056,-17.1778,0.0,0.0001,1.8561,-0.0014,6.4618,35.3299,8.7682,27.4138,36.2727
418.0,839.0,8.8731,37.7234,98.68,185.0537,0.019,0.0,99.9508,202.3614,48.9056,-17.1778,0.0,0.0001,1.8519,-0.0018,6.457,35.338,8.7789,27.4185,36.2768
419.0,841.0,8.901,37.7621,98.68,183.9893,0.0187,0.0,99.9446,202.3614,48.9055,-17.1778,0.0,0.0001,1.8492,-0.0021,6.4378,35.3499,8.8065,27.4234,36.2803
420.0,843.0,8.9919,37.8787,98.68,183.9313,0.0211,0.0,99.9419,202.3615,48.9055,-17.1778,0.0,0.0001,1.8452,-0.0014,6.4362,35.3811,8.8965,27.4334,36.2859
421.0,845.0,9.0504,37.9471,98.68,183.2606,0.0239,0.0,99.9556,202.3615,48.9055,-17.1778,0.0,0.0001,1.8428,-0.0023,6.4411,35.3938,8.9544,27.434,36.2838
422.0,847.0,9.055,37.9553,78.3462,183.3546,0.0237,0.0,99.9398,202.3615,48.9055,-17.1778,0.0,0.0001,1.8406,-0.0017,6.4483,35.397,8.9588,27.4359,36.2854
423.0,849.0,8.9925,37.8867,98.68,183.431,0.0235,0.0,99.9392,202.3615,48.9055,-17.1778,0.0,0.0001,1.8382,-0.0009,6.4456,35.3863,8.8965,27.4375,36.2899
424.0,851.0,8.9884,37.8836,98.68,184.1562,0.0195,0.0,99.9445,202.3615,48.9055,-17.1778,0.0,0.0001,1.8379,0.0,6.4549,35.3861,8.8921,27.4381,36.2907
425.0,853.0,8.9661,37.8598,32.1159,183.725,0.0208,0.0,99.9398,202.3616,48.9055,-17.1778,0.0,0.0001,1.837,-0.0009,6.4612,35.3824,8.8697,27.4388,36.2924
426.0,855.0,8.9067,37.792,98.68,184.5354,0.0228,0.0,99.935,202.3616,48.9055,-17.1778,0.0,0.0001,1.8381,0.0003,6.4654,35.3693,8.8104,27.438,36.2945
427.0,857.0,8.8653,37.7465,88.365,185.3885,0.0208,0.0,99.9419,202.3616,48.9055,-17.1778,0.0,0.0001,1.84,0.0011,6.4709,35.3618,8.769,27.4387,36.2971
428.0,859.0,8.8352,37.7182,98.68,185.1708,0.0239,0.0,99.9413,202.3616,48.9056,-17.1778,0.0,0.0001,1.8394,-0.0004,6.4881,35.3612,8.739,27.443,36.3027
429.0,861.0,8.7642,37.6353,98.68,185.0763,0.0226,0.0,99.9453,202.3617,48.9056,-17.1778,0.0,0.0001,1.8382,-0.0007,6.4983,35.3436,8.6681,27.4404,36.3035
430.0,863.0,8.6577,37.5212,98.68,186.6881,0.0218,0.0,99.9368,202.3617,48.9056,-17.1778,0.0,0.0001,1.8409,0.0014,6.5062,35.3282,8.5621,27.4451,36.3131
431.0,865.0,8.6224,37.4826,98.68,187.4732,0.0201,0.0,99.9345,202.3617,48.9056,-17.1778,0.0,0.0001,1.8437,0.0015,6.5198,35.3217,8.5268,27.4455,36.3152
432.0,867.0,8.5283,37.3774,98.68,187.5326,0.0199,0.0,99.9413,202.3617,48.9056,-17.1778,0.0,0.0001,1.8437,0.0005,6.5318,35.3033,8.4331,27.4458,36.3198
433.0,869.0,8.4657,37.3081,98.68,187.547,0.0191,0.0,99.95,202.3617,48.9055,-17.1778,0.0,0.0001,1.8436,0.0002,6.5335,35.2915,8.3707,27.4462,36.3232
434.0,871.0,8.3965,37.239,98.68,187.6258,0.023,0.0,99.9494,202.3618,48.9055,-17.1778,0.0,0.0001,1.8436,0.0003,6.53,35.2862,8.3017,27.4527,36.3328
435.0,873.0,8.4225,37.2748,94.9881,186.5931,0.0225,0.0,99.9556,202.3618,48.9055,-17.1778,0.0,0.0001,1.8435,-0.0014,6.5303,35.2974,8.3273,27.4575,36.3364
436.0,875.0,8.4319,37.2853,79.0024,186.3261,0.0229,0.0,99.9524,202.3618,48.9055,-17.1778,0.0,0.0001,1.84,-0.0018,6.5437,35.2983,8.3364,27.4568,36.3352
437.0,877.0,8.3631,37.2102,92.4037,186.1339,0.0212,0.0,99.9525,202.3618,48.9055,-17.1778,0.0,0.0001,1.8365,-0.0014,6.5473,35.2862,8.2677,27.4579,36.3396
438.0,879.0,8.2996,37.1429,98.68,188.0852,0.019,0.0,99.9556,202.3619,48.9055,-17.1778,0.0,0.0001,1.8397,0.0018,6.547,35.2771,8.2045,27.4605,36.3451
439.0,881.0,8.2817,37.1235,98.5917,188.2346,0.0211,0.0,99.9338,202.3619,48.9055,-17.1778,0.0,0.0001,1.8404,0.0008,6.5628,35.2735,8.1865,27.4604,36.3459
440.0,883.0,8.2675,37.1095,98.68,188.3222,0.0213,0.0,99.945,202.3619,48.9055,-17.1778,0.0,0.0001,1.8406,0.0001,6.5753,35.2719,8.1721,27.4614,36.3475
441.0,885.0,8.2059,37.045,98.68,188.6156,0.0214,0.0,99.9556,202.3619,48.9055,-17.1778,0.0,0.0001,1.8413,0.0002,6.5822,35.2638,8.1107,27.4643,36.3534
442.0,887.0,8.1197,36.9476,98.68,189.4868,0.025,0.0,99.9586,202.3619,48.9055,-17.1777,0.0,0.0001,1.8417,0.0011,6.5883,35.2451,8.0248,27.4627,36.3559
443.0,889.0,8.0285,36.8499,81.7493,190.6074,0.0243,0.0,99.9556,202.362,48.9055,-17.1778,0.0,0.0001,1.8436,0.0002,6.6414,35.2311,7.934,27.4654,36.3629
444.0,891.0,7.7915,36.5826,92.4747,190.8932,0.0233,0.0,99.9695,202.362,48.9055,-17.1777,0.0,0.0001,1.8431,-0.0005,6.6682,35.1808,7.6984,27.4609,36.3698
445.0,893.0,7.5884,36.3634,98.6805,192.9577,0.0199,0.0,99.9556,202.362,48.9055,-17.1777,0.0,0.0001,1.8498,0.0027,6.6639,35.1477,7.4965,27.4645,36.3831
446.0,895.0,7.5547,36.3335,98.68,194.3043,0.0222,0.0,99.9508,202.362,48.9055,-17.1777,0.0,0.0001,1.8534,0.0039,6.6619,35.1483,7.4627,27.4698,36.3899
447.0,897.0,7.5776,36.3617,98.68,193.8604,0.021,0.0,99.9628,202.3621,48.9055,-17.1778,0.0,0.0001,1.8569,0.0018,6.6618,35.1547,7.4853,27.4716,36.3906
448.0,899.0,7.5736,36.3608,80.7222,193.2744,0.0224,0.0,99.9685,202.3621,48.9055,-17.1777,0.0,0.0001,1.8588,0.001,6.641,35.1572,7.4811,27.4742,36.3933
449.0,901.0,7.6181,36.4131,98.68,193.9336,0.0253,0.0,99.9687,202.3621,48.9055,-17.1777,0.0,0.0001,1.8616,0.0027,6.6048,35.1679,7.5251,27.4762,36.3932
450.0,903.0,7.9248,36.7768,98.68,192.2284,0.0207,0.0,99.97,202.3621,48.9055,-17.1777,0.0,0.0001,1.8605,-0.0006,6.6045,35.2502,7.8295,27.496,36.3979
451.0,905.0,7.9651,36.8198,98.68,190.3095,0.0218,0.0,99.9989,202.3622,48.9055,-17.1777,0.0,0.0001,1.8572,-0.003,6.6022,35.2551,7.8692,27.4939,36.394
452.0,907.0,7.9665,36.8234,98.68,190.3944,0.0195,0.0,100.0061,202.3622,48.9055,-17.1777,0.0,0.0001,1.8539,-0.0019,6.6024,35.2565,7.8704,27.4949,36.3948
453.0,909.0,7.9597,36.8162,77.2095,190.3853,0.0222,0.0,100.0067,202.3622,48.9055,-17.1777,0.0,0.0001,1.8518,-0.0012,6.6016,35.2546,7.8634,27.4945,36.3948
454.0,911.0,7.9721,36.8315,98.68,190.6659,0.0233,0.0,99.9948,202.3622,48.9055,-17.1777,0.0,0.0001,1.8498,-0.0006,6.6037,35.2577,7.8755,27.4951,36.3948
455.0,913.0,7.9757,36.8356,97.255,191.3742,0.0242,0.0,100.0165,202.3622,48.9055,-17.1777,0.0,0.0001,1.8503,0.0,6.6171,35.2577,7.8789,27.4946,36.3941
456.0,915.0,7.9801,36.8406,98.68,190.3449,0.0201,0.0,100.0133,202.3623,48.9054,-17.1777,0.0,0.0001,1.8432,-0.0039,6.6899,35.2577,7.8831,27.4939,36.3933
457.0,917.0,7.5231,36.3264,98.68,193.2584,0.0252,0.0,100.0157,202.3623,48.9054,-17.1777,0.0,0.0001,1.8449,0.0012,6.6933,35.162,7.429,27.4854,36.4069
458.0,919.0,7.4065,36.2075,98.6806,197.1918,0.0238,0.0,100.0163,202.3623,48.9054,-17.1777,0.0,0.0001,1.8538,0.0054,6.7027,35.1497,7.3129,27.4925,36.4195
459.0,921.0,7.3794,36.1821,29.5993,196.6791,0.0212,0.0,100.0133,202.3623,48.9054,-17.1777,0.0,0.0001,1.8606,0.0027,6.7105,35.1487,7.2859,27.4956,36.4238
460.0,923.0,7.3278,36.124,98.68,197.366,0.0199,0.0,100.0133,202.3623,48.9054,-17.1777,0.0,0.0001,1.8613,0.0027,6.7123,35.1368,7.2345,27.4935,36.4244
461.0,925.0,7.2757,36.0718,91.8071,198.4228,0.0231,0.0,100.0302,202.3624,48.9054,-17.1777,0.0,0.0001,1.872,0.0027,6.7136,35.1316,7.1825,27.4968,36.4301
462.0,927.0,7.2671,36.0647,98.68,198.4918,0.0215,0.0,100.0422,202.3624,48.9054,-17.1777,0.0,0.0001,1.8755,0.0014,6.7147,35.1312,7.1737,27.4978,36.4315
463.0,929.0,7.2621,36.0611,98.68,198.4741,0.0206,0.0,100.0422,202.3624,48.9054,-17.1777,0.0,0.0001,1.8771,0.0008,6.7174,35.1315,7.1685,27.4988,36.4327
464.0,931.0,7.2566,36.0565,98.68,197.9533,0.0212,0.0,100.0422,202.3625,48.9054,-17.1777,0.0,0.0001,1.8755,-0.0005,6.7245,35.1312,7.1628,27.4994,36.4336
465.0,933.0,7.2236,36.0232,98.68,197.7939,0.021,0.0,100.0485,202.3625,48.9054,-17.1777,0.0,0.0001,1.8759,-0.0004,6.718,35.1273,7.1299,27.5009,36.4367
466.0,935.0,7.1928,35.9965,98.68,198.9848,0.0237,0.0,100.046,202.3625,48.9054,-17.1777,0.0,0.0001,1.8779,0.0008,6.7272,35.1284,7.099,27.5061,36.4433
467.0,937.0,7.1869,35.9922,98.68,198.5989,0.0232,0.0,100.0479,202.3625,48.9054,-17.1777,0.0,0.0001,1.8777,-0.0003,6.7303,35.1287,7.0929,27.5072,36.4447
468.0,939.0,7.163,35.9707,98.68,198.6445,0.0245,0.0,100.0566,202.3625,48.9054,-17.1777,0.0,0.0001,1.8784,-0.0001,6.7271,35.1285,7.0691,27.5104,36.449
469.0,941.0,7.1614,35.97,68.3544,199.0117,0.0251,0.0,100.0626,202.3626,48.9054,-17.1777,0.0,0.0001,1.8791,0.0004,6.7287,35.1284,7.0673,27.5106,36.4493
470.0,943.0,7.1681,35.978,95.2087,198.7742,0.0234,0.0,100.0617,202.3626,48.9054,-17.1777,0.0,0.0001,1.8779,-0.0001,6.7269,35.1296,7.0737,27.5106,36.449
471.0,945.0,7.1618,35.9758,98.68,198.4089,0.0179,0.0,100.0566,202.3626,48.9053,-17.1777,0.0,0.0001,1.8779,-0.0002,6.7128,35.1326,7.0672,27.5139,36.4525
472.0,947.0,7.1954,36.0228,98.68,198.8356,0.0163,0.0,100.0568,202.3626,48.9053,-17.1777,0.0,0.0001,1.8801,0.001,6.6927,35.1489,7.1004,27.5221,36.459
473.0,949.0,7.3736,36.2231,98.68,197.6757,0.021,0.0,100.0704,202.3626,48.9053,-17.1777,0.0,0.0001,1.883,0.0014,6.6231,35.1859,7.277,27.5261,36.4543
474.0,951.0,7.6579,36.5708,85.0021,195.8256,0.0228,0.0,100.0711,202.3627,48.9053,-17.1777,0.0,0.0001,1.8803,-0.0014,6.6197,35.2741,7.559,27.5545,36.4684
475.0,953.0,8.014,36.9666,98.68,192.2029,0.0206,0.0,100.0768,202.3627,48.9053,-17.1777,0.0,0.0001,1.869,-0.0044,6.5905,35.3408,7.9123,27.5548,36.4517
476.0,955.0,8.0626,37.0129,98.68,188.8176,0.0197,0.0,100.0755,202.3627,48.9053,-17.1777,0.0,0.0001,1.8561,-0.008,6.5966,35.3406,7.9605,27.5475,36.4421
477.0,957.0,8.004,36.9638,98.68,189.7053,0.0218,0.0,100.0784,202.3627,48.9053,-17.1777,0.0,0.0001,1.8495,-0.0046,6.5986,35.3459,7.902,27.5604,36.4576
478.0,959.0,7.9582,36.9127,98.68,191.2421,0.0194,0.0,100.0902,202.3628,48.9053,-17.1777,0.0,0.0001,1.8461,-0.0017,6.627,35.3361,7.8563,27.5596,36.459
479.0,961.0,7.8417,36.779,75.2644,191.4043,0.0193,0.0,100.0868,202.3628,48.9053,-17.1777,0.0,0.0001,1.8449,-0.0004,6.6168,35.3088,7.7404,27.5554,36.4605
480.0,963.0,7.7233,36.6601,98.68,194.4606,0.0196,0.0,100.0711,202.3628,48.9053,-17.1777,0.0,0.0001,1.847,0.0044,6.6003,35.2992,7.6226,27.5652,36.4758
481.0,965.0,7.9354,36.9121,98.68,192.6653,0.02,0.0,100.0711,202.3628,48.9053,-17.1777,0.0,0.0001,1.8492,0.0006,6.6041,35.3556,7.8329,27.5784,36.4786
482.0,967.0,7.9361,36.9063,73.3147,190.9084,0.02,0.0,100.0711,202.3629,48.9052,-17.1777,0.0,0.0001,1.8472,-0.0022,6.6156,35.3478,7.8333,27.5722,36.4725
483.0,969.0,7.9136,36.8829,98.68,191.2047,0.0168,0.0,100.0494,202.3629,48.9052,-17.1777,0.0,0.0001,1.8437,-0.0015,6.624,35.3444,7.8109,27.5729,36.4743
484.0,971.0,7.8407,36.8006,88.8078,192.038,0.0194,0.0,100.0711,202.3629,48.9052,-17.1777,0.0,0.0001,1.844,0.0,6.6257,35.3285,7.7382,27.5712,36.4761
485.0,973.0,7.788,36.7433,98.68,193.1166,0.0241,0.0,100.0739,202.3629,48.9052,-17.1777,0.0,0.0001,1.8474,0.0012,6.6263,35.3191,7.6857,27.5716,36.479
486.0,975.0,7.7862,36.7419,98.68,193.0999,0.023,0.0,100.0543,202.363,48.9052,-17.1777,0.0,0.0001,1.849,0.0006,6.6262,35.3184,7.6837,27.5713,36.4789
487.0,977.0,7.7865,36.7429,98.621,193.2494,0.0221,0.0,100.0659,202.363,48.9052,-17.1777,0.0,0.0001,1.8498,0.0004,6.628,35.3182,7.6837,27.5712,36.4787
488.0,979.0,7.7751,36.7316,98.643,192.9921,0.0238,0.0,100.0516,202.363,48.9052,-17.1777,0.0,0.0001,1.8496,-0.0002,6.6291,35.3165,7.6722,27.5715,36.4796
489.0,981.0,7.7527,36.7092,98.68,193.2504,0.0225,0.0,100.0169,202.3631,48.9052,-17.1777,0.0,0.0001,1.8498,0.0001,6.6306,35.3141,7.6497,27.5729,36.482
490.0,983.0,7.7569,36.7166,81.3334,193.8649,0.0217,0.0,100.0348,202.3631,48.9052,-17.1777,0.0,0.0001,1.851,0.0008,6.6302,35.3168,7.6537,27.5745,36.4834
491.0,985.0,7.76,36.7208,94.6277,193.7934,0.019,0.0,100.0194,202.3631,48.9052,-17.1777,0.0,0.0001,1.8523,0.0002,6.6325,35.3173,7.6566,27.5745,36.4832
492.0,987.0,7.7152,36.6719,98.68,193.9906,0.0226,0.0,100.0126,202.3632,48.9051,-17.1776,0.0,0.0001,1.8498,-0.0005,6.6575,35.309,7.6118,27.5745,36.4854
493.0,989.0,7.5458,36.4878,86.4548,195.5232,0.0218,0.0,99.9944,202.3632,48.9051,-17.1776,0.0,0.0001,1.8535,0.0009,6.6789,35.2799,7.4435,27.5762,36.4952
494.0,991.0,7.4014,36.3341,98.68,196.6367,0.0203,0.0,100.0015,202.3633,48.9051,-17.1776,0.0,0.0001,1.8561,0.0012,6.6958,35.2583,7.3,27.5799,36.5058
495.0,993.0,7.3523,36.2784,98.68,197.7609,0.0208,0.0,99.9947,202.3633,48.9051,-17.1776,0.0,0.0001,1.8617,0.0016,6.6959,35.2466,7.251,27.5776,36.506
496.0,995.0,7.3473,36.2743,84.7735,197.7186,0.0221,0.0,99.9972,202.3633,48.9051,-17.1776,0.0,0.0001,1.8645,0.0008,6.6949,35.2463,7.2459,27.5781,36.5068
497.0,997.0,7.3499,36.2783,97.9738,197.593,0.0234,0.0,99.8938,202.3634,48.9051,-17.1776,0.0,0.0001,1.8657,0.0001,6.6962,35.2471,7.2482,27.5785,36.507
498.0,999.0,7.3732,36.3074,90.6036,197.6855,0.0213,0.0,99.9469,202.3635,48.905,-17.1776,0.0,0.0001,1.8663,0.0001,6.6965,35.2541,7.2711,27.5807,36.508
499.0,1001.0,7.3541,36.2881,93.8459,198.2184,0.02,0.0001,99.6624,202.3636,48.905,-17.1776,0.0,0.0001,1.8676,0.0001,6.7059,35.2514,7.2519,27.5813,36.5096
500.0,1003.0,7.1796,36.0996,95.3487,199.6014,0.0198,0.0002,99.4871,202.3639,48.9049,-17.1776,0.0,0.0001,1.8727,0.0001,6.7269,35.222,7.0786,27.5827,36.5195
501.0,1005.0,7.0596,35.9729,95.239,200.8995,0.0205,0.0002,99.613,202.3644,48.9048,-17.1776,0.0,0.0001,1.8788,0.0003,6.7407,35.2043,6.9592,27.5856,36.5281
502.0,1007.0,7.3225,36.2722,94.7033,197.5171,0.0213,0.0001,99.6188,202.3652,48.9047,-17.1775,0.0,0.0001,1.865,-0.0002,6.6949,35.2633,7.2199,27.5952,36.5248
503.0,1009.0,7.5225,36.5013,97.1532,194.9109,0.0209,0.0001,99.632,202.3657,48.9047,-17.1775,0.0,0.0001,1.8537,-0.0009,6.6699,35.309,7.4182,27.6027,36.5225
