Datacycle,press,temp,cond,alt,oxygen,fluor,atten,trans,jday,lat,lon,PAR,UPAR,oxV,oxdVdt,oxysat,salin,potemp,sigma0,sigma2
1.0,3.0,15.4979,44.1094,98.71,245.6737,0.9329,0.0032,92.4094,202.1113,48.7303,-17.182,0.0,0.0001,2.7354,0.0001,5.6097,35.6321,15.4973,26.3485,34.9381
2.0,5.0,15.4977,44.11,94.9278,245.6321,0.9244,0.0031,92.451,202.1114,48.7303,-17.182,0.0,0.0001,2.7352,0.0,5.6097,35.6324,15.497,26.3488,34.9384
3.0,7.0,15.4987,44.1116,88.0758,245.8099,0.9157,0.0031,92.4743,202.1116,48.7302,-17.182,0.0,0.0001,2.7353,0.0003,5.6096,35.6322,15.4976,26.3485,34.9381
4.0,9.0,15.4998,44.1129,98.71,245.8698,0.9206,0.0031,92.4628,202.1117,48.7302,-17.182,0.0,0.0001,2.7362,-0.0002,5.6095,35.6315,15.4983,26.3478,34.9374
5.0,11.0,15.5001,44.1134,87.2628,245.6952,0.9239,0.0031,92.476,202.1118,48.7302,-17.182,0.0,0.0001,2.7344,-0.0003,5.6095,35.6309,15.4984,26.3473,34.9369
6.0,13.0,15.5011,44.1152,79.8941,245.8763,0.9244,0.0031,92.4541,202.1119,48.7302,-17.182,0.0,0.0001,2.7344,0.0002,5.6096,35.6308,15.4991,26.3471,34.9366
7.0,15.0,15.4957,44.1146,95.749,245.7914,0.9359,0.0031,92.4591,202.1119,48.7302,-17.182,0.0,0.0001,2.7335,-0.0003,5.6111,35.6343,15.4933,26.3511,34.9408
8.0,17.0,15.4867,44.1115,98.71,245.9818,0.9297,0.003,92.658,202.112,48.7302,-17.182,0.0,0.0001,2.7341,0.0001,5.6112,35.6388,15.4841,26.3566,34.9466
9.0,19.0,15.4813,44.1097,98.1916,245.8746,0.915,0.003,92.6596,202.112,48.7302,-17.182,0.0,0.0001,2.7334,-0.0003,5.6114,35.6414,15.4784,26.3599,34.9501
10.0,21.0,15.477,44.1089,98.71,245.7188,0.9276,0.003,92.7613,202.1121,48.7302,-17.182,0.0,0.0001,2.7311,-0.0003,5.6108,35.6436,15.4738,26.3627,34.9529
11.0,23.0,15.481,44.1121,96.1994,245.6461,0.9451,0.0031,92.637,202.1121,48.7302,-17.182,0.0,0.0001,2.73,-0.0002,5.6106,35.6421,15.4774,26.3607,34.9508
12.0,25.0,15.4652,44.104,97.2354,245.8207,0.9561,0.0031,92.6706,202.1122,48.7302,-17.182,0.0,0.0001,2.7301,-0.0004,5.6137,35.6484,15.4614,26.3691,34.9598
13.0,27.0,15.417,44.0658,98.5214,245.6045,0.9627,0.0029,93.0716,202.1122,48.7302,-17.1819,0.0,0.0001,2.7272,-0.0005,5.6161,35.6568,15.4128,26.3865,34.9788
14.0,29.0,15.3199,43.9748,98.443,244.3947,0.9208,0.0026,93.7706,202.1123,48.7302,-17.1819,0.0,0.0001,2.717,-0.0035,5.6317,35.6616,15.3155,26.4121,35.0077
15.0,31.0,15.2676,43.928,98.507,244.0287,0.8347,0.0022,94.7326,202.1123,48.7302,-17.1819,0.0,0.0001,2.7057,-0.0011,5.6352,35.6658,15.2629,26.4271,35.0245
16.0,33.0,15.2375,43.8993,80.3908,243.4581,0.803,0.002,95.2161,202.1124,48.7302,-17.1819,0.0,0.0001,2.7021,-0.0019,5.6387,35.6663,15.2325,26.4342,35.0327
17.0,35.0,15.2209,43.8849,96.3573,242.9513,0.7417,0.0018,95.5645,202.1124,48.7302,-17.1819,0.0,0.0001,2.6941,-0.0015,5.6405,35.6674,15.2155,26.4389,35.038
18.0,37.0,15.2087,43.875,98.4488,241.9359,0.7009,0.0017,95.7758,202.1124,48.7302,-17.1819,0.0,0.0001,2.6875,-0.0027,5.6434,35.6688,15.203,26.4427,35.0422
19.0,39.0,15.107,43.7801,98.71,241.5772,0.6684,0.0016,96.0772,202.1125,48.7302,-17.1819,0.0,0.0001,2.6785,-0.0032,5.6626,35.6741,15.101,26.4695,35.0726
20.0,41.0,14.9773,43.6501,96.0363,238.0858,0.6856,0.0014,96.4202,202.1125,48.7302,-17.1819,0.0,0.0001,2.6588,-0.0095,5.6656,35.6732,14.9711,26.4976,35.1053
21.0,43.0,14.8673,43.5451,84.1054,238.6046,0.5358,0.0012,97.0702,202.1125,48.7302,-17.1819,0.0,0.0001,2.6445,-0.005,5.6954,35.6768,14.8608,26.5246,35.1363
22.0,45.0,14.6982,43.3814,94.8696,235.7003,0.4234,0.001,97.5354,202.1126,48.7302,-17.1819,0.0,0.0001,2.6234,-0.0077,5.6972,35.6807,14.6914,26.5648,35.1825
23.0,47.0,14.579,43.2804,98.4706,237.9238,0.3072,0.0009,97.7633,202.1126,48.7302,-17.1819,0.0,0.0001,2.6225,0.0001,5.7102,35.6964,14.5719,26.6029,35.2247
24.0,49.0,14.5519,43.2584,98.5491,235.3971,0.2841,0.0009,97.7886,202.1126,48.7302,-17.1819,0.0,0.0001,2.6072,-0.006,5.7267,35.7004,14.5446,26.6119,35.2346
25.0,51.0,14.4189,43.1425,96.3591,236.0092,0.254,0.0008,97.9612,202.1127,48.7302,-17.1819,0.0,0.0001,2.5987,-0.0024,5.7483,35.7148,14.4113,26.6518,35.2793
26.0,53.0,14.2233,42.9784,76.6912,233.0338,0.2248,0.0008,98.1422,202.1127,48.7302,-17.1819,0.0,0.0001,2.5777,-0.0076,5.7671,35.7426,14.2155,26.7153,35.3496
27.0,55.0,14.0586,42.836,88.1735,232.1993,0.1961,0.0006,98.4361,202.1127,48.7302,-17.1819,0.0,0.0001,2.558,-0.0068,5.8013,35.7619,14.0506,26.7654,35.4054
28.0,57.0,13.7904,42.5959,87.7246,229.447,0.1595,0.0005,98.7549,202.1128,48.7301,-17.1819,0.0,0.0001,2.5389,-0.0075,5.7878,35.7861,13.7823,26.8408,35.4904
29.0,59.0,13.7495,42.5617,87.2756,232.5441,0.1298,0.0004,98.8979,202.1128,48.7301,-17.1818,0.0,0.0001,2.5435,0.0008,5.8057,35.7912,13.7411,26.8534,35.5045
30.0,61.0,13.7851,42.5908,94.2069,229.6131,0.1274,0.0004,98.9381,202.1128,48.7301,-17.1818,0.0,0.0001,2.5278,-0.007,5.8251,35.7846,13.7764,26.8409,35.4907
31.0,63.0,13.5905,42.412,98.7047,229.3369,0.1211,0.0004,99.073,202.1129,48.7301,-17.1818,0.0,0.0001,2.5174,-0.0043,5.832,35.7973,13.5815,26.8915,35.5485
32.0,65.0,13.5242,42.3455,96.482,228.7244,0.0796,0.0003,99.1364,202.1129,48.7301,-17.1818,0.0,0.0001,2.5068,-0.0028,5.8366,35.7959,13.515,26.9042,35.5637
33.0,67.0,13.459,42.2759,76.515,229.0854,0.0738,0.0005,98.8957,202.1129,48.7301,-17.1818,0.0,0.0001,2.5034,-0.001,5.8439,35.7903,13.4495,26.9134,35.5755
34.0,69.0,13.4454,42.261,98.7018,228.9127,0.0711,0.0003,99.2333,202.113,48.7301,-17.1818,0.0,0.0001,2.5007,-0.0011,5.8467,35.7882,13.4357,26.9146,35.5772
35.0,71.0,13.3963,42.21,84.2607,229.2917,0.0675,0.0002,99.418,202.113,48.7301,-17.1818,0.0,0.0001,2.5004,-0.0001,5.8509,35.7851,13.3863,26.9225,35.5869
36.0,73.0,13.369,42.1823,83.8079,229.2038,0.0578,0.0002,99.4704,202.113,48.7301,-17.1818,0.0,0.0001,2.4986,-0.0001,5.8525,35.7836,13.3587,26.9269,35.5925
37.0,75.0,13.3461,42.16,94.0278,229.4197,0.0552,0.0002,99.5171,202.1131,48.7301,-17.1818,0.0,0.0001,2.4989,-0.0003,5.8555,35.783,13.3356,26.9312,35.5977
38.0,77.0,13.342,42.1571,98.6929,230.0767,0.0577,0.0002,99.5544,202.1131,48.7301,-17.1818,0.0,0.0001,2.5008,0.0015,5.8548,35.7834,13.3312,26.9325,35.599
39.0,79.0,13.3361,42.151,96.5298,230.0435,0.0561,0.0002,99.5829,202.1131,48.7301,-17.1818,0.0,0.0001,2.5026,0.0002,5.8562,35.7822,13.325,26.9329,35.5997
40.0,81.0,13.3349,42.1514,77.9147,230.6447,0.0487,0.0002,99.6067,202.1132,48.7301,-17.1818,0.0,0.0001,2.5045,0.0012,5.8585,35.7829,13.3236,26.9336,35.6005
41.0,83.0,13.3129,42.1277,98.389,230.5086,0.0496,0.0001,99.6235,202.1132,48.7301,-17.1818,0.0,0.0001,2.505,-0.0003,5.8621,35.7802,13.3013,26.9362,35.604
42.0,85.0,13.286,42.0968,98.7003,230.8874,0.0527,0.0001,99.6232,202.1132,48.7301,-17.1818,0.0,0.0001,2.5056,0.0007,5.8635,35.7752,13.2741,26.9379,35.6068
43.0,87.0,13.2726,42.0822,98.7004,231.3956,0.0526,0.0001,99.6228,202.1133,48.7301,-17.1818,0.0,0.0001,2.5081,0.0011,5.8636,35.7732,13.2604,26.9391,35.6085
44.0,89.0,13.2483,42.0556,80.6673,231.796,0.0463,0.0001,99.604,202.1133,48.7301,-17.1817,0.0,0.0001,2.5096,0.0005,5.8742,35.77,13.2359,26.9416,35.612
45.0,91.0,13.185,41.9829,89.2387,232.4347,0.0469,0.0001,99.6763,202.1133,48.7301,-17.1817,0.0,0.0001,2.5135,0.0012,5.873,35.7593,13.1723,26.9464,35.6193
46.0,93.0,13.1721,41.9699,98.6987,232.427,0.0421,0.0001,99.7043,202.1134,48.7301,-17.1817,0.0,0.0001,2.5145,0.0001,5.8764,35.7581,13.1591,26.9481,35.6216
47.0,95.0,13.1747,41.9731,86.1858,232.5148,0.0411,0.0001,99.6759,202.1134,48.7301,-17.1817,0.0,0.0001,2.5132,0.0002,5.8807,35.7579,13.1615,26.9475,35.6209
48.0,97.0,13.1345,41.9297,98.6985,232.4461,0.0399,0.0001,99.7535,202.1135,48.7301,-17.1817,0.0,0.0001,2.5134,-0.0004,5.8812,35.7535,13.1209,26.9524,35.6273
49.0,99.0,13.132,41.928,85.7348,232.5037,0.0366,0.0001,99.7522,202.1135,48.7301,-17.1817,0.0,0.0001,2.513,-0.0004,5.8831,35.7533,13.1182,26.9527,35.6278
50.0,101.0,13.1152,41.9111,98.6773,232.2915,0.0337,0.0001,99.7896,202.1136,48.7301,-17.1817,0.0,0.0001,2.51,-0.0004,5.8849,35.7523,13.1011,26.9555,35.6312
51.0,103.0,13.1064,41.9031,88.6482,232.9323,0.0346,0.0001,99.7938,202.1136,48.7301,-17.1816,0.0,0.0001,2.5128,0.0006,5.8852,35.7521,13.0921,26.9571,35.6332
52.0,105.0,13.0947,41.8924,97.3013,233.0623,0.0318,0.0001,99.8155,202.1137,48.7301,-17.1816,0.0,0.0001,2.5142,0.0001,5.8867,35.752,13.0801,26.9595,35.636
53.0,107.0,13.0847,41.8817,89.489,232.934,0.0331,0.0001,99.8301,202.1138,48.7301,-17.1816,0.0,0.0001,2.513,-0.0002,5.8886,35.7507,13.0699,26.9606,35.6375
54.0,109.0,13.0471,41.8396,77.2058,232.6777,0.0346,0.0001,99.8434,202.114,48.7301,-17.1816,0.0,0.0001,2.5093,-0.0003,5.8922,35.7447,13.032,26.9636,35.642
55.0,111.0,13.0436,41.8355,98.7,232.0366,0.0375,0.0001,99.835,202.114,48.7301,-17.1816,0.0,0.0001,2.5041,-0.0012,5.8958,35.7433,13.0283,26.9633,35.6419
56.0,113.0,12.993,41.7774,88.8954,232.3561,0.036,0.0001,99.8391,202.1141,48.7301,-17.1816,0.0,0.0001,2.5025,-0.0001,5.9011,35.7345,12.9773,26.9668,35.6475
57.0,115.0,12.9566,41.7335,98.7064,231.5625,0.0361,0.0001,99.8176,202.1142,48.7301,-17.1815,0.0,0.0001,2.4971,-0.0016,5.9062,35.7262,12.9407,26.9677,35.65
58.0,117.0,12.8943,41.6636,89.1679,231.9683,0.0333,0.0001,99.8279,202.1142,48.7301,-17.1815,0.0,0.0001,2.4952,-0.0004,5.9141,35.7172,12.8783,26.9733,35.658
59.0,119.0,12.8539,41.6142,96.8525,231.4878,0.0331,0.0001,99.8402,202.1143,48.7301,-17.1815,0.0,0.0001,2.491,-0.0011,5.9176,35.7072,12.8376,26.9738,35.6602
60.0,121.0,12.8448,41.6045,98.7039,232.0216,0.0329,0.0001,99.8338,202.1143,48.7301,-17.1815,0.0,0.0001,2.4918,0.0002,5.9185,35.7055,12.8282,26.9743,35.6611
61.0,123.0,12.8333,41.5923,89.9499,232.0285,0.0324,0.0001,99.8266,202.1144,48.7301,-17.1815,0.0,0.0001,2.4913,-0.0001,5.9215,35.7037,12.8164,26.9753,35.6626
62.0,125.0,12.8062,41.5608,98.7062,232.205,0.0332,0.0001,99.8427,202.1144,48.7301,-17.1815,0.0,0.0001,2.4903,-0.0004,5.9299,35.6983,12.7891,26.9766,35.665
63.0,127.0,12.7445,41.4893,98.704,232.966,0.0303,0.0001,99.8401,202.1144,48.73,-17.1815,0.0,0.0001,2.4926,0.0014,5.9273,35.6869,12.7271,26.9801,35.6711
64.0,129.0,12.7399,41.4833,51.3345,233.2936,0.0292,0.0001,99.8335,202.1145,48.7301,-17.1815,0.0,0.0001,2.4946,0.0006,5.9373,35.6849,12.7223,26.9796,35.6707
65.0,131.0,12.702,41.4406,98.7025,233.0336,0.0306,0.0001,99.8431,202.1145,48.7301,-17.1815,0.0,0.0001,2.4934,-0.0008,5.9419,35.6787,12.6842,26.9824,35.6751
66.0,133.0,12.6703,41.4055,98.6918,232.4386,0.0322,0.0001,99.847,202.1145,48.73,-17.1815,0.0,0.0001,2.4896,-0.0018,5.9443,35.674,12.6522,26.9851,35.6791
67.0,135.0,12.6486,41.3811,73.139,233.3226,0.0314,0.0001,99.8513,202.1146,48.73,-17.1815,0.0,0.0001,2.4906,0.0006,5.9462,35.6702,12.6303,26.9865,35.6814
68.0,137.0,12.6332,41.3644,90.0819,232.7004,0.0297,0.0001,99.8611,202.1146,48.73,-17.1815,0.0,0.0001,2.4884,-0.0012,5.9483,35.6678,12.6147,26.9877,35.6832
69.0,139.0,12.6187,41.3477,98.7004,232.6387,0.0275,0.0001,99.8234,202.1146,48.73,-17.1815,0.0,0.0001,2.4858,-0.0009,5.9511,35.6647,12.5999,26.9883,35.6844
70.0,141.0,12.6076,41.3359,98.71,232.662,0.0279,0.0001,99.8613,202.1146,48.73,-17.1815,0.0,0.0001,2.484,-0.0008,5.9553,35.6629,12.5885,26.9891,35.6857
71.0,143.0,12.5612,41.2842,98.695,232.7038,0.0335,0.0001,99.8475,202.1147,48.73,-17.1815,0.0,0.0001,2.4826,-0.0007,5.9596,35.656,12.5418,26.993,35.6915
72.0,145.0,12.534,41.2533,98.71,232.2887,0.0313,0.0001,99.8464,202.1147,48.73,-17.1815,0.0,0.0001,2.4794,-0.0013,5.9622,35.6512,12.5145,26.9947,35.6943
73.0,147.0,12.5118,41.229,98.7069,231.928,0.0295,0.0001,99.8604,202.1147,48.73,-17.1815,0.0,0.0001,2.4751,-0.0017,5.9672,35.6477,12.492,26.9965,35.697
74.0,149.0,12.48,41.1945,98.7046,231.53,0.0297,0.0001,99.8588,202.1148,48.73,-17.1815,0.0,0.0001,2.4703,-0.0021,5.9736,35.6435,12.4599,26.9995,35.7014
75.0,151.0,12.4482,41.1572,28.32,231.4563,0.0266,0.0001,99.8337,202.1148,48.73,-17.1814,0.0,0.0001,2.4672,-0.0015,5.9765,35.6369,12.4279,27.0007,35.7039
76.0,153.0,12.4002,41.1052,93.4769,230.4689,0.0252,0.0001,99.8273,202.1148,48.73,-17.1814,0.0,0.0001,2.4609,-0.0029,5.9797,35.6314,12.3797,27.0059,35.711
77.0,155.0,12.3764,41.0801,98.6894,230.6612,0.0278,0.0001,99.8291,202.1148,48.73,-17.1814,0.0,0.0001,2.4571,-0.0012,5.9823,35.6286,12.3557,27.0084,35.7146
78.0,157.0,12.3715,41.0743,98.692,230.8244,0.0296,0.0001,99.8333,202.1149,48.73,-17.1814,0.0,0.0001,2.4562,-0.0006,5.986,35.6268,12.3505,27.008,35.7144
79.0,159.0,12.3489,41.0492,98.7029,231.0916,0.031,0.0001,99.8346,202.1149,48.73,-17.1814,0.0,0.0001,2.4554,-0.0002,5.9892,35.6232,12.3276,27.0097,35.717
80.0,161.0,12.3147,41.0107,98.6875,231.3037,0.0285,0.0001,99.8206,202.1149,48.73,-17.1814,0.0,0.0001,2.4564,0.0001,5.9917,35.6174,12.2932,27.012,35.7207
81.0,163.0,12.2864,40.9807,98.6882,231.269,0.0282,0.0001,99.8246,202.1149,48.73,-17.1814,0.0,0.0001,2.4542,-0.0002,5.9948,35.6142,12.2647,27.015,35.7249
82.0,165.0,12.2636,40.9565,70.9493,231.4603,0.028,0.0001,99.8126,202.115,48.73,-17.1814,0.0,0.0001,2.4545,-0.0002,5.9977,35.6114,12.2416,27.0174,35.7282
83.0,167.0,12.2491,40.9412,93.9111,231.854,0.0275,0.0001,99.8229,202.115,48.73,-17.1814,0.0,0.0001,2.4542,0.0002,6.0014,35.6094,12.2269,27.0187,35.7302
84.0,169.0,12.2324,40.9209,93.482,231.9032,0.0231,0.0001,99.7968,202.115,48.73,-17.1814,0.0,0.0001,2.4542,0.0001,6.0031,35.6046,12.21,27.0183,35.7304
85.0,171.0,12.2086,40.8966,98.7022,231.9556,0.0248,0.0001,99.8208,202.115,48.73,-17.1814,0.0,0.0001,2.4542,0.0,6.0048,35.603,12.1859,27.0217,35.7348
86.0,173.0,12.1881,40.8748,81.876,231.9224,0.0216,0.0001,99.8261,202.115,48.73,-17.1814,0.0,0.0001,2.4544,-0.0002,6.0071,35.6003,12.1651,27.0236,35.7376
87.0,175.0,12.1717,40.8576,86.8868,231.5683,0.0267,0.0001,99.8335,202.1151,48.73,-17.1814,0.0,0.0001,2.4523,-0.0011,6.0097,35.5982,12.1485,27.0252,35.7398
88.0,177.0,12.1583,40.8433,98.71,231.1338,0.0263,0.0001,99.8147,202.1151,48.73,-17.1814,0.0,0.0001,2.4483,-0.002,6.0153,35.5961,12.1349,27.0262,35.7414
89.0,179.0,12.1374,40.8192,98.71,231.1546,0.0298,0.0001,99.8401,202.1151,48.73,-17.1814,0.0,0.0001,2.4464,-0.0014,6.0179,35.5917,12.1137,27.0269,35.743
90.0,181.0,12.1015,40.7794,98.6987,231.8498,0.0266,0.0001,99.8344,202.1151,48.73,-17.1814,0.0,0.0001,2.4472,0.0002,6.02,35.5863,12.0777,27.0297,35.7473
91.0,183.0,12.0801,40.7565,98.704,231.7207,0.0237,0.0001,99.8469,202.1151,48.73,-17.1814,0.0,0.0001,2.4463,-0.0006,6.0254,35.5836,12.056,27.0318,35.7503
92.0,185.0,12.0443,40.7154,78.9274,232.0768,0.0272,0.0001,99.8545,202.1152,48.73,-17.1814,0.0,0.0001,2.4466,0.0002,6.0267,35.5767,12.02,27.0334,35.7534
93.0,187.0,12.0229,40.6928,83.9855,232.8597,0.0263,0.0001,99.8454,202.1152,48.73,-17.1814,0.0,0.0001,2.4495,0.0011,6.0285,35.574,11.9983,27.0354,35.7563
94.0,189.0,12.0165,40.6885,97.0424,232.8591,0.0255,0.0001,99.869,202.1152,48.73,-17.1814,0.0,0.0001,2.4512,0.0002,6.0302,35.575,11.9917,27.0375,35.7586
95.0,191.0,12.0028,40.6715,98.7018,234.6795,0.0255,0.0001,99.863,202.1152,48.73,-17.1814,0.0,0.0001,2.4575,0.0035,6.0312,35.5706,11.9777,27.0368,35.7585
96.0,193.0,11.9914,40.6608,98.7025,236.8102,0.026,0.0001,99.8545,202.1153,48.73,-17.1814,0.0,0.0001,2.4687,0.0058,6.0338,35.57,11.9661,27.0386,35.7608
97.0,195.0,11.9743,40.6417,98.7083,237.8495,0.024,0.0001,99.8544,202.1153,48.73,-17.1814,0.0,0.0001,2.4787,0.0049,6.0355,35.5671,11.9487,27.0396,35.7625
98.0,197.0,11.9567,40.6227,79.5466,238.0412,0.0263,0.0001,99.8555,202.1153,48.73,-17.1814,0.0,0.0001,2.4849,0.0025,6.0378,35.5641,11.9309,27.0407,35.7644
99.0,199.0,11.9413,40.6065,74.33,238.3482,0.0453,0.0001,99.8623,202.1153,48.73,-17.1814,0.0,0.0001,2.4883,0.0017,6.0393,35.5621,11.9153,27.0422,35.7665
100.0,201.0,11.9343,40.5997,98.6929,238.3103,0.0558,0.0001,99.869,202.1154,48.73,-17.1814,0.0,0.0001,2.4898,0.001,6.0379,35.5614,11.9081,27.043,35.7676
101.0,203.0,11.9277,40.5936,98.7067,238.3824,0.0305,0.0001,99.8705,202.1154,48.73,-17.1813,0.0,0.0001,2.4917,0.0,6.0408,35.5606,11.9012,27.0437,35.7686
102.0,205.0,11.9188,40.5832,56.4693,235.8046,0.0289,0.0,99.8887,202.1154,48.73,-17.1813,0.0,0.0001,2.4806,-0.005,6.0426,35.5581,11.892,27.0435,35.7688
103.0,207.0,11.8945,40.5577,98.6987,234.6323,0.0266,0.0,99.8947,202.1155,48.73,-17.1813,0.0,0.0001,2.4707,-0.0049,6.0426,35.5554,11.8675,27.0461,35.7724
104.0,209.0,11.8983,40.5623,85.8318,235.626,0.0237,0.0,99.9007,202.1155,48.73,-17.1813,0.0,0.0001,2.4686,-0.0011,6.0448,35.5555,11.871,27.0455,35.7717
105.0,211.0,11.8897,40.5542,98.7046,234.1301,0.0254,0.0,99.894,202.1155,48.73,-17.1813,0.0,0.0001,2.4607,-0.0032,6.0459,35.5549,11.8622,27.0467,35.7732
106.0,213.0,11.8778,40.5421,98.7019,233.2563,0.0261,0.0,99.9228,202.1155,48.73,-17.1813,0.0,0.0001,2.4509,-0.0028,6.0463,35.5534,11.85,27.0479,35.775
107.0,215.0,11.875,40.5401,98.6982,233.1553,0.024,0.0,99.926,202.1156,48.73,-17.1813,0.0,0.0001,2.447,-0.0015,6.0464,35.5532,11.8469,27.0483,35.7755
108.0,217.0,11.8713,40.5368,84.4683,233.775,0.0246,0.0,99.9105,202.1156,48.73,-17.1813,0.0,0.0001,2.4472,0.0002,6.0475,35.5526,11.8429,27.0486,35.7759
109.0,219.0,11.8667,40.5324,98.695,233.5226,0.0242,0.0,99.9078,202.1156,48.73,-17.1813,0.0,0.0001,2.4463,-0.0005,6.0473,35.552,11.8382,27.049,35.7766
110.0,221.0,11.8678,40.5357,74.1797,232.5749,0.0267,0.0,99.9123,202.1157,48.73,-17.1813,0.0,0.0001,2.4416,-0.002,6.0477,35.5532,11.839,27.0498,35.7773
111.0,223.0,11.8677,40.5365,83.8671,232.0203,0.0286,0.0,99.9223,202.1157,48.73,-17.1813,0.0,0.0001,2.4371,-0.0022,6.0489,35.5533,11.8387,27.0499,35.7774
112.0,225.0,11.8565,40.5249,98.7021,232.7667,0.0283,0.0,99.9267,202.1157,48.73,-17.1813,0.0,0.0001,2.4363,0.0002,6.0488,35.5516,11.8272,27.0509,35.7788
113.0,227.0,11.8566,40.5263,98.7021,232.6644,0.0235,0.0,99.9267,202.1158,48.73,-17.1813,0.0,0.0001,2.4359,-0.0002,6.0492,35.552,11.827,27.0512,35.7792
114.0,229.0,11.8527,40.5234,98.5347,232.0998,0.0233,0.0,99.9178,202.1158,48.73,-17.1813,0.0,0.0001,2.4333,-0.0013,6.0506,35.5519,11.8228,27.0519,35.7801
115.0,231.0,11.8422,40.513,98.705,231.8045,0.0229,0.0,99.9267,202.1158,48.73,-17.1813,0.0,0.0001,2.4298,-0.0012,6.0504,35.5508,11.8121,27.0531,35.7817
116.0,233.0,11.841,40.5137,98.7013,231.9381,0.0246,0.0,99.9181,202.1158,48.73,-17.1813,0.0,0.0001,2.4286,-0.0006,6.0531,35.5518,11.8106,27.0542,35.7828
117.0,235.0,11.8213,40.4927,77.3606,231.4057,0.0235,0.0,99.9267,202.1159,48.73,-17.1813,0.0,0.0001,2.4245,-0.0014,6.056,35.5492,11.7907,27.056,35.7854
118.0,237.0,11.8024,40.4747,98.6953,231.0709,0.0206,0.0,99.9291,202.1159,48.73,-17.1813,0.0,0.0001,2.4212,-0.0013,6.0568,35.5485,11.7716,27.059,35.7892
119.0,239.0,11.7983,40.471,90.9998,230.7507,0.0258,0.0,99.9535,202.1159,48.73,-17.1813,0.0,0.0001,2.4179,-0.0016,6.0593,35.5481,11.7673,27.0595,35.7899
120.0,241.0,11.7787,40.4501,98.5299,230.262,0.0253,0.0,99.9388,202.116,48.73,-17.1813,0.0,0.0001,2.4126,-0.0017,6.0632,35.5454,11.7474,27.0612,35.7925
121.0,243.0,11.7537,40.4221,98.7037,229.8213,0.0276,0.0,99.9428,202.116,48.73,-17.1812,0.0,0.0001,2.4078,-0.0017,6.066,35.541,11.7221,27.0626,35.7949
122.0,245.0,11.7276,40.3945,98.6987,229.6721,0.0291,0.0,99.9363,202.116,48.73,-17.1812,0.0,0.0001,2.4048,-0.0012,6.0664,35.538,11.6958,27.0652,35.7986
123.0,247.0,11.7228,40.3905,77.5374,229.1385,0.0248,0.0,99.9384,202.1161,48.73,-17.1812,0.0,0.0001,2.4,-0.0015,6.0689,35.5376,11.6908,27.0659,35.7995
124.0,249.0,11.701,40.3666,92.9943,228.7836,0.0189,0.0,99.9256,202.1161,48.73,-17.1812,0.0,0.0001,2.3956,-0.0014,6.0706,35.534,11.6688,27.0672,35.8018
125.0,251.0,11.6924,40.3574,98.7,228.0965,0.0217,0.0,99.9268,202.1161,48.73,-17.1812,0.0,0.0001,2.3898,-0.002,6.0752,35.5324,11.66,27.0677,35.8026
126.0,253.0,11.6675,40.3303,83.5108,226.8503,0.0231,0.0,99.9195,202.1162,48.73,-17.1812,0.0,0.0001,2.3827,-0.0034,6.0766,35.5286,11.6348,27.0695,35.8054
127.0,255.0,11.6362,40.2967,91.8233,226.5682,0.0223,0.0,99.9234,202.1162,48.73,-17.1812,0.0,0.0001,2.3757,-0.0022,6.0801,35.5246,11.6033,27.0723,35.8096
128.0,257.0,11.6216,40.2805,98.695,225.6964,0.0246,0.0,99.9267,202.1162,48.73,-17.1812,0.0,0.0001,2.3681,-0.0025,6.0807,35.5217,11.5885,27.0728,35.8107
129.0,259.0,11.618,40.277,98.6994,225.7316,0.0236,0.0,99.9175,202.1163,48.73,-17.1812,0.0,0.0001,2.3655,-0.0013,6.0826,35.5209,11.5846,27.073,35.8111
130.0,261.0,11.6045,40.2631,82.9394,226.2481,0.0256,0.0,99.9206,202.1163,48.73,-17.1812,0.0,0.0001,2.3646,0.0001,6.0841,35.5192,11.5708,27.0742,35.8129
131.0,263.0,11.5916,40.2514,96.4399,225.9838,0.0221,0.0,99.9218,202.1163,48.73,-17.1812,0.0,0.0001,2.3629,-0.0005,6.0853,35.519,11.5578,27.0765,35.8157
132.0,265.0,11.5831,40.2437,98.7014,227.4799,0.0218,0.0,99.9293,202.1164,48.73,-17.1812,0.0,0.0001,2.3683,0.0019,6.0886,35.5187,11.5491,27.0779,35.8174
133.0,267.0,11.5587,40.218,98.7046,228.311,0.0216,0.0,99.9409,202.1164,48.73,-17.1812,0.0,0.0001,2.3731,0.0022,6.0901,35.516,11.5244,27.0805,35.821
134.0,269.0,11.5468,40.2078,82.6628,229.2156,0.0228,0.0,99.9512,202.1164,48.73,-17.1812,0.0,0.0001,2.3797,0.0026,6.0902,35.5165,11.5123,27.0831,35.8242
135.0,271.0,11.5458,40.2079,92.5985,229.1718,0.0239,0.0,99.9519,202.1165,48.73,-17.1812,0.0,0.0001,2.3834,0.0008,6.0905,35.5166,11.511,27.0834,35.8245
136.0,273.0,11.544,40.2071,98.6971,229.122,0.0226,0.0,99.9377,202.1165,48.73,-17.1812,0.0,0.0001,2.3834,0.0001,6.0917,35.5167,11.509,27.0839,35.825
137.0,275.0,11.5337,40.1972,98.6976,228.5253,0.0209,0.0,99.946,202.1165,48.73,-17.1812,0.0,0.0001,2.3808,-0.0012,6.0945,35.5158,11.4984,27.0852,35.8268
138.0,277.0,11.5082,40.1717,81.3326,228.3485,0.0211,0.0,99.9301,202.1166,48.73,-17.1811,0.0,0.0001,2.378,-0.0008,6.0957,35.5141,11.4727,27.0887,35.8313
139.0,279.0,11.5035,40.1692,87.1793,229.7553,0.0238,0.0,99.9503,202.1166,48.73,-17.1811,0.0,0.0001,2.383,0.0016,6.0961,35.5152,11.4678,27.0904,35.8333
140.0,281.0,11.5022,40.1686,98.6964,229.2008,0.0226,0.0,99.9452,202.1166,48.73,-17.1811,0.0,0.0001,2.381,-0.0002,6.0964,35.5152,11.4662,27.0907,35.8336
141.0,283.0,11.497,40.1641,98.6944,229.103,0.0203,0.0,99.9516,202.1167,48.73,-17.1811,0.0,0.0001,2.3809,-0.0004,6.0978,35.5147,11.4608,27.0914,35.8345
142.0,285.0,11.4873,40.1547,98.6868,228.9647,0.0234,0.0,99.9479,202.1167,48.73,-17.1811,0.0,0.0001,2.3797,-0.0007,6.0998,35.5138,11.4509,27.0926,35.8361
143.0,287.0,11.4765,40.1445,71.9486,229.2148,0.0236,0.0,99.9388,202.1167,48.73,-17.1811,0.0,0.0001,2.3795,0.0001,6.0982,35.5133,11.4397,27.0942,35.8382
144.0,289.0,11.4658,40.1346,98.6873,228.984,0.0251,0.0,99.9414,202.1168,48.73,-17.1811,0.0,0.0001,2.378,-0.0007,6.1025,35.5128,11.4288,27.0959,35.8403
145.0,291.0,11.4523,40.1212,79.7647,227.8537,0.0245,0.0,99.9368,202.1168,48.73,-17.1811,0.0,0.0001,2.3717,-0.002,6.103,35.5118,11.4151,27.0976,35.8426
146.0,293.0,11.4488,40.1208,87.481,228.4324,0.0247,0.0,99.9267,202.1168,48.7299,-17.1811,0.0,0.0001,2.3709,0.0,6.1023,35.5138,11.4113,27.0999,35.845
147.0,295.0,11.4516,40.1266,98.6903,228.203,0.0198,0.0,99.9301,202.1169,48.7299,-17.1811,0.0,0.0001,2.3692,-0.0005,6.1025,35.5159,11.4139,27.1011,35.8461
148.0,297.0,11.4555,40.1314,98.701,228.108,0.0177,0.0,99.9306,202.1169,48.7299,-17.1811,0.0,0.0001,2.3685,-0.0004,6.0997,35.516,11.4175,27.1005,35.8453
149.0,299.0,11.4749,40.1602,98.6498,227.8166,0.0185,0.0,99.9315,202.1169,48.7299,-17.1811,0.0,0.0001,2.3675,-0.0006,6.0981,35.525,11.4367,27.1039,35.8478
150.0,301.0,11.4781,40.1651,98.6924,228.1281,0.0208,0.0,99.9267,202.117,48.7299,-17.1811,0.0,0.0001,2.3675,0.0002,6.0955,35.526,11.4395,27.1041,35.8479
151.0,303.0,11.5448,40.2504,98.6936,227.9148,0.0197,0.0,99.925,202.117,48.7299,-17.1811,0.0,0.0001,2.3682,0.0003,6.0883,35.5451,11.5059,27.1066,35.8475
152.0,305.0,11.5505,40.2618,83.2444,227.7279,0.0237,0.0,99.9111,202.117,48.7299,-17.1811,0.0,0.0001,2.3686,0.0001,6.0746,35.5501,11.5113,27.1094,35.85
153.0,307.0,11.6472,40.3846,92.0533,227.6148,0.0244,0.0,99.9049,202.1171,48.7299,-17.1811,0.0,0.0001,2.3685,-0.0002,6.0733,35.5776,11.6075,27.1127,35.8491
154.0,309.0,11.6551,40.3953,98.6467,227.9503,0.022,0.0,99.9078,202.1171,48.7299,-17.1811,0.0,0.0001,2.3686,0.0002,6.0758,35.5797,11.6151,27.113,35.849
155.0,311.0,11.6601,40.4017,98.5147,227.4552,0.0223,0.0,99.9012,202.1171,48.7299,-17.1811,0.0,0.0001,2.3674,-0.0005,6.0739,35.5803,11.6198,27.1125,35.8483
156.0,313.0,11.6528,40.3934,98.6967,227.6798,0.0222,0.0,99.8959,202.1172,48.7299,-17.1811,0.0,0.0001,2.3661,-0.0008,6.0859,35.5784,11.6123,27.1125,35.8487
157.0,315.0,11.5844,40.3051,79.2175,226.5975,0.019,0.0,99.9012,202.1172,48.7299,-17.1811,0.0,0.0001,2.36,-0.003,6.0974,35.5558,11.5438,27.1078,35.847
158.0,317.0,11.4818,40.1906,92.5375,226.5463,0.0236,0.0,99.9037,202.1172,48.7299,-17.1811,0.0,0.0001,2.3552,-0.0016,6.0977,35.5404,11.4412,27.1151,35.8586
159.0,319.0,11.4813,40.1907,95.6201,226.4315,0.0236,0.0,99.8962,202.1173,48.7299,-17.1811,0.0,0.0001,2.3522,-0.001,6.0972,35.5402,11.4405,27.115,35.8586
160.0,321.0,11.4857,40.1966,98.3572,226.4643,0.0231,0.0,99.8978,202.1173,48.7299,-17.1811,0.0,0.0001,2.3502,-0.0006,6.0997,35.541,11.4446,27.1148,35.8582
161.0,323.0,11.4748,40.1844,98.6896,226.0468,0.0213,0.0001,99.8749,202.1173,48.7299,-17.181,0.0,0.0001,2.3465,-0.0015,6.1071,35.5383,11.4334,27.1149,35.8588
162.0,325.0,11.4137,40.1143,98.6966,225.6532,0.0203,0.0,99.89,202.1173,48.7299,-17.181,0.0,0.0001,2.3431,-0.0013,6.1082,35.5268,11.3721,27.1173,35.8639
163.0,327.0,11.4059,40.1065,84.9769,225.4813,0.0205,0.0001,99.8689,202.1174,48.7299,-17.181,0.0,0.0001,2.3392,-0.0011,6.1111,35.5256,11.3641,27.1179,35.8648
164.0,329.0,11.3967,40.0959,77.5629,225.0714,0.0198,0.0001,99.8834,202.1174,48.7299,-17.181,0.0,0.0001,2.3346,-0.0015,6.1158,35.5231,11.3547,27.1177,35.865
165.0,331.0,11.3524,40.0435,98.696,225.3696,0.0207,0.0001,99.8738,202.1174,48.7299,-17.181,0.0,0.0001,2.335,-0.0003,6.1124,35.513,11.3102,27.1181,35.8673
166.0,333.0,11.3742,40.0723,96.8143,225.521,0.0197,0.0001,99.8637,202.1175,48.7299,-17.181,0.0,0.0001,2.3353,0.0002,6.1095,35.5195,11.3318,27.1192,35.8674
167.0,335.0,11.3969,40.103,84.2533,226.2634,0.0196,0.0001,99.8453,202.1175,48.7299,-17.181,0.0,0.0001,2.3379,0.001,6.1131,35.5272,11.3541,27.121,35.8682
168.0,337.0,11.378,40.0829,91.3856,226.0488,0.0173,0.0001,99.8393,202.1175,48.7299,-17.181,0.0,0.0001,2.338,-0.0004,6.1174,35.5246,11.335,27.1226,35.8706
169.0,339.0,11.3392,40.0389,98.6967,228.6597,0.0188,0.0001,99.8401,202.1176,48.7299,-17.181,0.0,0.0001,2.3479,0.0043,6.1146,35.5174,11.296,27.1242,35.8739
170.0,341.0,11.3475,40.0506,98.6942,228.6371,0.0225,0.0001,99.8298,202.1176,48.7299,-17.181,0.0,0.0001,2.3535,0.0013,6.1151,35.5202,11.3041,27.1249,35.8742
171.0,343.0,11.3537,40.0598,92.6192,230.2981,0.0236,0.0001,99.8238,202.1176,48.7299,-17.181,0.0,0.0001,2.3629,0.0032,6.1128,35.5225,11.31,27.1256,35.8746
172.0,345.0,11.369,40.0806,95.339,231.0844,0.0268,0.0001,99.8193,202.1177,48.7299,-17.181,0.0,0.0001,2.3706,0.0029,6.1112,35.5273,11.325,27.1265,35.8749
173.0,347.0,11.3817,40.0974,98.3139,231.6962,0.0265,0.0001,99.8175,202.1177,48.7299,-17.181,0.0,0.0001,2.3777,0.0023,6.1085,35.531,11.3375,27.127,35.8749
174.0,349.0,11.404,40.1271,84.2965,232.7815,0.0244,0.0001,99.7938,202.1177,48.7299,-17.181,0.0,0.0001,2.3845,0.0026,6.1078,35.5381,11.3593,27.1286,35.8754
175.0,351.0,11.4079,40.1331,88.4625,232.1564,0.0251,0.0001,99.8037,202.1178,48.7299,-17.181,0.0,0.0001,2.3856,0.0004,6.1063,35.5395,11.363,27.1289,35.8756
176.0,353.0,11.4165,40.145,98.6998,232.2783,0.0213,0.0001,99.8033,202.1178,48.7299,-17.181,0.0,0.0001,2.3864,0.0003,6.1044,35.5421,11.3713,27.1294,35.8757
177.0,355.0,11.433,40.1669,98.6991,232.5834,0.0182,0.0001,99.7943,202.1178,48.7299,-17.181,0.0,0.0001,2.3886,0.0006,6.1023,35.547,11.3875,27.1302,35.8758
178.0,357.0,11.4456,40.1851,98.6875,232.5948,0.0215,0.0001,99.8004,202.1179,48.7299,-17.181,0.0,0.0001,2.3895,0.0002,6.1022,35.552,11.3999,27.1318,35.8768
179.0,359.0,11.4466,40.1879,98.694,231.8555,0.0236,0.0001,99.7939,202.1179,48.7299,-17.181,0.0,0.0001,2.3854,-0.0015,6.1078,35.5532,11.4006,27.1325,35.8776
180.0,361.0,11.4023,40.1376,98.6997,232.7938,0.0225,0.0001,99.7943,202.1179,48.7298,-17.181,0.0,0.0001,2.3862,0.0009,6.1084,35.5449,11.3561,27.1344,35.8813
181.0,363.0,11.3874,40.1218,90.1559,233.2409,0.0231,0.0001,99.7911,202.118,48.7298,-17.181,0.0,0.0001,2.3898,0.0005,6.1107,35.5425,11.341,27.1354,35.883
182.0,365.0,11.383,40.1177,93.6899,233.4541,0.0193,0.0001,99.7922,202.118,48.7298,-17.1809,0.0,0.0001,2.3898,0.0006,6.1119,35.5419,11.3363,27.1357,35.8835
183.0,367.0,11.3752,40.1098,98.6875,233.1069,0.0203,0.0001,99.7857,202.118,48.7298,-17.1809,0.0,0.0001,2.3899,-0.0004,6.1121,35.5407,11.3283,27.1363,35.8844
184.0,369.0,11.3709,40.1062,98.6539,233.3474,0.0218,0.0001,99.7816,202.1181,48.7298,-17.1809,0.0,0.0001,2.3894,0.0001,6.1137,35.5403,11.3238,27.1369,35.8851
185.0,371.0,11.3582,40.0926,98.686,233.5786,0.0243,0.0001,99.788,202.1181,48.7298,-17.1809,0.0,0.0001,2.3883,0.0001,6.1151,35.5382,11.3109,27.1376,35.8865
186.0,373.0,11.3514,40.0868,98.6875,232.6562,0.0209,0.0001,99.7824,202.1181,48.7298,-17.1809,0.0,0.0001,2.3872,-0.0017,6.1144,35.5383,11.3039,27.139,35.8881
187.0,375.0,11.3479,40.0839,88.1054,232.9414,0.0212,0.0001,99.7811,202.1182,48.7298,-17.1809,0.0,0.0001,2.3857,-0.0004,6.1153,35.5377,11.3,27.1393,35.8885
188.0,377.0,11.3462,40.0837,98.6997,231.9393,0.0242,0.0001,99.7764,202.1182,48.7298,-17.1809,0.0,0.0001,2.3813,-0.0021,6.1161,35.5382,11.2981,27.14,35.8893
189.0,379.0,11.3404,40.0781,98.1769,232.0545,0.0207,0.0001,99.7824,202.1182,48.7298,-17.1809,0.0,0.0001,2.3794,-0.0011,6.1165,35.5373,11.2921,27.1404,35.89
190.0,381.0,11.3392,40.0773,98.7005,231.9841,0.0216,0.0001,99.7776,202.1183,48.7298,-17.1809,0.0,0.0001,2.3771,-0.0007,6.1161,35.537,11.2906,27.1404,35.8901
191.0,383.0,11.3391,40.0781,91.8357,232.1276,0.0247,0.0001,99.7727,202.1183,48.7298,-17.1809,0.0,0.0001,2.3764,-0.0005,6.1187,35.537,11.2902,27.1405,35.8902
192.0,385.0,11.323,40.0602,84.0191,232.1685,0.0247,0.0001,99.7679,202.1183,48.7298,-17.1809,0.0,0.0001,2.375,-0.0001,6.1189,35.5336,11.274,27.1409,35.8913
193.0,387.0,11.3032,40.0392,96.0762,232.9164,0.0234,0.0001,99.7658,202.1184,48.7298,-17.1809,0.0,0.0001,2.3779,0.0009,6.121,35.5309,11.2538,27.1425,35.8937
194.0,389.0,11.3122,40.0498,98.7023,232.6504,0.0209,0.0001,99.7365,202.1184,48.7298,-17.1809,0.0,0.0001,2.3775,-0.0001,6.1237,35.5321,11.2627,27.1418,35.8927
195.0,391.0,11.285,40.0195,67.2745,232.4562,0.021,0.0001,99.7565,202.1184,48.7298,-17.1808,0.0,0.0001,2.3759,-0.0007,6.1265,35.5272,11.2353,27.1431,35.8951
196.0,393.0,11.2686,40.0019,98.7679,232.5713,0.0261,0.0001,99.7655,202.1185,48.7298,-17.1808,0.0,0.0001,2.3746,0.0,6.1252,35.5244,11.2187,27.144,35.8967
197.0,395.0,11.2572,39.9938,92.9978,233.0933,0.0233,0.0001,99.7535,202.1185,48.7298,-17.1808,0.0,0.0001,2.3771,0.0006,6.1263,35.5266,11.207,27.1478,35.901
198.0,397.0,11.2713,40.011,98.6905,230.6765,0.0205,0.0001,99.7435,202.1185,48.7298,-17.1808,0.0,0.0001,2.368,-0.0035,6.1257,35.5293,11.2209,27.1473,35.8999
199.0,399.0,11.2712,40.0161,98.6915,228.6837,0.0224,0.0001,99.7351,202.1186,48.7298,-17.1808,0.0,0.0001,2.3562,-0.0052,6.1256,35.5336,11.2205,27.1508,35.9033
200.0,401.0,11.273,40.019,90.6259,228.9863,0.0257,0.0001,99.741,202.1186,48.7298,-17.1808,0.0,0.0001,2.3504,-0.0023,6.1251,35.5338,11.222,27.1507,35.9032
201.0,403.0,11.275,40.0222,98.7095,229.0783,0.023,0.0001,99.739,202.1186,48.7298,-17.1808,0.0,0.0001,2.3466,-0.0008,6.1248,35.5342,11.2237,27.1506,35.903
202.0,405.0,11.2766,40.0254,98.6895,228.7992,0.0235,0.0001,99.7386,202.1187,48.7298,-17.1808,0.0,0.0001,2.3445,-0.0009,6.1244,35.535,11.2251,27.151,35.9034
203.0,407.0,11.2791,40.0296,98.692,228.719,0.0207,0.0001,99.7231,202.1187,48.7298,-17.1808,0.0,0.0001,2.3431,-0.0006,6.1231,35.5358,11.2273,27.1512,35.9035
204.0,409.0,11.2898,40.0446,97.8481,228.8289,0.0231,0.0001,99.7246,202.1187,48.7298,-17.1808,0.0,0.0001,2.3434,-0.0001,6.1235,35.5394,11.2377,27.1521,35.9038
205.0,411.0,11.2915,40.0472,87.2106,229.3681,0.0205,0.0001,99.7408,202.1187,48.7298,-17.1808,0.0,0.0001,2.3437,0.0006,6.1238,35.5396,11.2392,27.152,35.9037
206.0,413.0,11.2835,40.0389,96.7107,228.7386,0.0234,0.0001,99.7267,202.1188,48.7298,-17.1808,0.0,0.0001,2.3419,-0.0008,6.124,35.5381,11.231,27.1523,35.9044
207.0,415.0,11.2816,40.0374,98.6941,228.8801,0.0176,0.0001,99.7267,202.1188,48.7298,-17.1808,0.0,0.0001,2.3407,-0.0002,6.123,35.5377,11.2287,27.1524,35.9046
208.0,417.0,11.2855,40.0434,87.8157,228.978,0.0188,0.0001,99.7246,202.1188,48.7298,-17.1807,0.0,0.0001,2.3407,0.0001,6.1216,35.539,11.2324,27.1528,35.9048
209.0,419.0,11.2979,40.0604,98.7054,229.8005,0.0206,0.0001,99.727,202.1189,48.7298,-17.1807,0.0,0.0001,2.3449,0.001,6.1212,35.543,11.2445,27.1536,35.9051
210.0,421.0,11.3009,40.0663,98.6996,230.337,0.0218,0.0001,99.7246,202.1189,48.7298,-17.1807,0.0,0.0001,2.3479,0.0013,6.1219,35.5452,11.2472,27.1548,35.9061
211.0,423.0,11.2992,40.0669,98.68,231.6987,0.0194,0.0001,99.7206,202.1189,48.7298,-17.1807,0.0,0.0001,2.3535,0.0031,6.1228,35.5465,11.2453,27.1563,35.9076
212.0,425.0,11.289,40.0569,87.9619,232.7126,0.0196,0.0001,99.7134,202.119,48.7298,-17.1807,0.0,0.0001,2.3618,0.0029,6.1245,35.5455,11.2349,27.1574,35.9092
213.0,427.0,11.2749,40.0421,98.6855,234.4825,0.021,0.0001,99.6957,202.119,48.7298,-17.1807,0.0,0.0001,2.3714,0.0044,6.1234,35.5434,11.2206,27.1584,35.9108
214.0,429.0,11.2732,40.0411,79.3926,233.3614,0.0219,0.0001,99.7056,202.119,48.7298,-17.1807,0.0,0.0001,2.3716,0.0004,6.1251,35.5432,11.2186,27.1586,35.9111
215.0,431.0,11.2696,40.0384,98.755,234.5404,0.0258,0.0001,99.6957,202.119,48.7298,-17.1807,0.0,0.0001,2.3748,0.0021,6.1252,35.5431,11.2147,27.1592,35.9119
216.0,433.0,11.269,40.0388,93.3982,234.5602,0.0225,0.0001,99.6957,202.1191,48.7298,-17.1807,0.0,0.0001,2.3781,0.0011,6.1259,35.5432,11.2139,27.1594,35.9121
217.0,435.0,11.2669,40.037,98.6842,233.648,0.0221,0.0001,99.6957,202.1191,48.7298,-17.1807,0.0,0.0001,2.3773,-0.0011,6.1263,35.5427,11.2115,27.1595,35.9123
218.0,437.0,11.261,40.031,98.6875,234.1495,0.0199,0.0001,99.6934,202.1191,48.7298,-17.1807,0.0,0.0001,2.3767,0.0001,6.1269,35.5413,11.2053,27.1596,35.9126
219.0,439.0,11.2592,40.03,98.6995,234.2066,0.0235,0.0001,99.6957,202.1192,48.7298,-17.1807,0.0,0.0001,2.3765,0.0001,6.1271,35.5412,11.2034,27.1599,35.913
220.0,441.0,11.2555,40.0265,98.6108,234.0108,0.0237,0.0001,99.6849,202.1192,48.7298,-17.1806,0.0,0.0001,2.3756,-0.0005,6.1277,35.5405,11.1994,27.16,35.9134
221.0,443.0,11.2509,40.0219,98.6895,234.0702,0.0217,0.0001,99.6918,202.1192,48.7298,-17.1806,0.0,0.0001,2.3747,-0.0004,6.1291,35.5395,11.1946,27.1602,35.9137
222.0,445.0,11.2403,40.0107,98.6929,233.5045,0.0216,0.0001,99.6957,202.1192,48.7298,-17.1806,0.0,0.0001,2.3712,-0.0012,6.1294,35.5377,11.1837,27.1607,35.9147
223.0,447.0,11.2393,40.0106,75.8796,233.4364,0.0243,0.0001,99.6957,202.1193,48.7298,-17.1806,0.0,0.0001,2.3699,-0.0009,6.1308,35.5376,11.1825,27.1609,35.915
224.0,449.0,11.2318,40.0028,93.9885,233.3324,0.0233,0.0001,99.6892,202.1193,48.7298,-17.1806,0.0,0.0001,2.3682,-0.0007,6.1301,35.5362,11.1747,27.1612,35.9156
225.0,451.0,11.2274,39.9993,98.7069,233.7493,0.0213,0.0001,99.6912,202.1193,48.7298,-17.1806,0.0,0.0001,2.3685,0.0001,6.1329,35.5358,11.1701,27.1618,35.9164
226.0,453.0,11.2234,39.9946,98.7014,233.0981,0.0206,0.0001,99.6957,202.1194,48.7298,-17.1806,0.0,0.0001,2.3659,-0.0014,6.136,35.5344,11.1659,27.1615,35.9162
227.0,455.0,11.1957,39.9639,85.3871,231.8662,0.0213,0.0001,99.6957,202.1194,48.7298,-17.1806,0.0,0.0001,2.3603,-0.0031,6.1361,35.5297,11.1379,27.1629,35.9189
228.0,457.0,11.1924,39.961,98.6954,232.1824,0.0204,0.0001,99.6957,202.1194,48.7298,-17.1806,0.0,0.0001,2.357,-0.0011,6.136,35.5289,11.1344,27.163,35.9191
229.0,459.0,11.1915,39.9611,98.7001,232.4685,0.022,0.0001,99.6799,202.1194,48.7298,-17.1806,0.0,0.0001,2.356,-0.0001,6.1363,35.529,11.1332,27.1633,35.9195
230.0,461.0,11.1883,39.9583,98.6933,232.5643,0.0233,0.0001,99.6384,202.1195,48.7298,-17.1805,0.0,0.0001,2.3558,-0.0002,6.1385,35.5286,11.1299,27.1636,35.9199
231.0,463.0,11.1808,39.9515,71.4815,232.6392,0.0225,0.0001,99.6779,202.1195,48.7298,-17.1805,0.0,0.0001,2.3553,-0.0002,6.1411,35.528,11.122,27.1646,35.9212
232.0,465.0,11.1564,39.9246,98.7206,232.6936,0.0254,0.0001,99.6869,202.1195,48.7298,-17.1805,0.0,0.0001,2.3553,-0.0003,6.1444,35.5238,11.0975,27.1657,35.9234
233.0,467.0,11.1346,39.9004,97.7573,231.8293,0.0218,0.0001,99.6936,202.1195,48.7298,-17.1805,0.0,0.0001,2.3507,-0.0018,6.147,35.52,11.0755,27.1668,35.9255
234.0,469.0,11.1128,39.8767,98.69,231.2311,0.0226,0.0001,99.6957,202.1196,48.7298,-17.1805,0.0,0.0001,2.3458,-0.0018,6.1464,35.5165,11.0535,27.1681,35.9277
235.0,471.0,11.1161,39.8822,98.6991,231.4199,0.0197,0.0001,99.6861,202.1196,48.7298,-17.1805,0.0,0.0001,2.3437,-0.0007,6.1466,35.5179,11.0565,27.1687,35.9281
236.0,473.0,11.1157,39.8832,39.7232,231.8351,0.0207,0.0001,99.6957,202.1196,48.7298,-17.1805,0.0,0.0001,2.3443,0.0004,6.1451,35.5183,11.0559,27.1691,35.9286
237.0,475.0,11.1109,39.8792,95.9136,231.7429,0.0232,0.0001,99.6949,202.1197,48.7298,-17.1805,0.0,0.0001,2.3442,-0.0003,6.1478,35.5182,11.0509,27.1699,35.9296
238.0,477.0,11.1055,39.875,98.6858,231.3417,0.0227,0.0001,99.6913,202.1197,48.7298,-17.1805,0.0,0.0001,2.3413,-0.0008,6.1486,35.5182,11.0452,27.171,35.9309
239.0,479.0,11.0999,39.8717,98.7018,232.2284,0.0212,0.0001,99.699,202.1197,48.7298,-17.1805,0.0,0.0001,2.3433,0.001,6.1497,35.5192,11.0393,27.1729,35.933
240.0,481.0,11.0928,39.8639,77.3982,231.9989,0.0207,0.0001,99.6957,202.1197,48.7298,-17.1805,0.0,0.0001,2.3431,0.0,6.1501,35.5177,11.0321,27.173,35.9334
241.0,483.0,11.0908,39.8626,75.3833,231.7498,0.0236,0.0001,99.6957,202.1198,48.7298,-17.1805,0.0,0.0001,2.3414,-0.0005,6.1509,35.5176,11.0298,27.1733,35.9339
242.0,485.0,11.0834,39.8548,93.1231,231.5786,0.0225,0.0001,99.6935,202.1198,48.7298,-17.1805,0.0,0.0001,2.3396,-0.0008,6.1538,35.5159,11.0222,27.1734,35.9343
243.0,487.0,11.0656,39.8362,98.6912,230.6745,0.0215,0.0001,99.6924,202.1198,48.7298,-17.1805,0.0,0.0001,2.3356,-0.0021,6.1563,35.5137,11.0042,27.175,35.9366
244.0,489.0,11.0473,39.8162,98.6875,230.5053,0.0209,0.0001,99.6957,202.1198,48.7298,-17.1804,0.0,0.0001,2.3322,-0.0016,6.1566,35.5104,10.9857,27.1758,35.9382
245.0,491.0,11.0414,39.81,98.6825,230.6172,0.0212,0.0001,99.6957,202.1199,48.7298,-17.1804,0.0,0.0001,2.33,-0.0009,6.1593,35.509,10.9795,27.1758,35.9385
246.0,493.0,11.015,39.7806,98.686,230.2239,0.0221,0.0001,99.6957,202.1199,48.7298,-17.1804,0.0,0.0001,2.3277,-0.0014,6.1574,35.5042,10.953,27.1769,35.9408
247.0,495.0,11.0077,39.773,82.968,230.4408,0.0208,0.0001,99.6928,202.1199,48.7298,-17.1804,0.0,0.0001,2.3263,-0.0008,6.1646,35.5029,10.9454,27.1773,35.9415
248.0,497.0,10.9911,39.7554,98.695,230.0101,0.0222,0.0001,99.6957,202.1199,48.7298,-17.1804,0.0,0.0001,2.3227,-0.0015,6.1698,35.5005,10.9287,27.1785,35.9434
249.0,499.0,10.9583,39.7198,79.5925,229.3154,0.0206,0.0001,99.6991,202.12,48.7298,-17.1804,0.0,0.0001,2.3182,-0.0022,6.17,35.4955,10.8957,27.1805,35.9469
250.0,501.0,10.9438,39.7056,77.3845,228.5948,0.0203,0.0001,99.7093,202.12,48.7298,-17.1804,0.0,0.0001,2.3135,-0.0025,6.1693,35.4944,10.881,27.1823,35.9493
251.0,503.0,10.9481,39.7132,91.113,228.9372,0.0189,0.0001,99.6957,202.12,48.7298,-17.1804,0.0,0.0001,2.3119,-0.0009,6.1681,35.4971,10.8851,27.1838,35.9505
252.0,505.0,10.9543,39.7222,98.6879,229.3411,0.0217,0.0001,99.7085,202.12,48.7298,-17.1804,0.0,0.0001,2.3118,0.0001,6.1677,35.4993,10.891,27.1844,35.9509
253.0,507.0,10.9603,39.7311,98.6982,229.4218,0.0212,0.0001,99.7005,202.1201,48.7298,-17.1804,0.0,0.0001,2.3126,0.0,6.1678,35.5016,10.8967,27.1851,35.9513
254.0,509.0,10.9611,39.7337,98.6926,229.0975,0.0237,0.0001,99.692,202.1201,48.7298,-17.1804,0.0,0.0001,2.3103,-0.0006,6.1687,35.5024,10.8973,27.1856,35.9518
255.0,511.0,10.9562,39.7296,98.6837,229.1535,0.021,0.0001,99.6914,202.1201,48.7298,-17.1804,0.0,0.0001,2.3098,-0.0003,6.169,35.5021,10.8921,27.1864,35.9527
256.0,513.0,10.952,39.7261,98.6984,228.6846,0.0164,0.0001,99.6982,202.1201,48.7298,-17.1804,0.0,0.0001,2.3076,-0.001,6.1694,35.5018,10.8876,27.1869,35.9535
257.0,515.0,10.949,39.7242,98.695,228.5193,0.0192,0.0001,99.6964,202.1202,48.7298,-17.1804,0.0,0.0001,2.304,-0.0009,6.17,35.5017,10.8843,27.1874,35.9541
258.0,517.0,10.9474,39.7239,98.68,228.6018,0.0204,0.0001,99.7005,202.1202,48.7298,-17.1804,0.0,0.0001,2.304,-0.0006,6.1711,35.5022,10.8826,27.1882,35.9549
259.0,519.0,10.9435,39.7198,77.1779,228.4005,0.0212,0.0001,99.6957,202.1202,48.7298,-17.1804,0.0,0.0001,2.3028,-0.0009,6.1726,35.5012,10.8784,27.1881,35.955
260.0,521.0,10.9305,39.7067,81.0118,227.8646,0.0231,0.0001,99.71,202.1202,48.7298,-17.1804,0.0,0.0001,2.2994,-0.0015,6.1728,35.4996,10.8653,27.1893,35.9568
261.0,523.0,10.9225,39.699,95.289,227.7485,0.0237,0.0001,99.7184,202.1202,48.7298,-17.1804,0.0,0.0001,2.2974,-0.0012,6.1727,35.4986,10.857,27.19,35.9578
262.0,525.0,10.922,39.6998,98.6835,227.4487,0.0252,0.0001,99.706,202.1203,48.7298,-17.1804,0.0,0.0001,2.2943,-0.0013,6.1746,35.4991,10.8562,27.1905,35.9584
263.0,527.0,10.9073,39.6853,98.6205,226.2699,0.0248,0.0001,99.7101,202.1203,48.7298,-17.1804,0.0,0.0001,2.2885,-0.0026,6.1734,35.4978,10.8413,27.1923,35.9608
264.0,529.0,10.9161,39.6996,98.71,227.0989,0.0236,0.0001,99.6957,202.1203,48.7297,-17.1804,0.0,0.0001,2.2885,-0.0003,6.1733,35.5026,10.8497,27.1944,35.9625
265.0,531.0,10.9187,39.7041,98.6925,227.7535,0.0209,0.0001,99.6677,202.1203,48.7297,-17.1804,0.0,0.0001,2.2897,0.0008,6.1754,35.5038,10.8521,27.195,35.9629
266.0,533.0,10.9166,39.702,98.6892,227.7603,0.0225,0.0001,99.7046,202.1204,48.7297,-17.1804,0.0,0.0001,2.2897,0.0003,6.1798,35.503,10.8498,27.1947,35.9628
267.0,535.0,10.8754,39.6556,74.6358,225.9858,0.0201,0.0001,99.7054,202.1204,48.7298,-17.1804,0.0,0.0001,2.2829,-0.0028,6.1817,35.4954,10.8085,27.1962,35.9661
268.0,537.0,10.8607,39.6407,84.0813,225.3387,0.0185,0.0001,99.7246,202.1204,48.7297,-17.1804,0.0,0.0001,2.2775,-0.0029,6.1822,35.4939,10.7936,27.1978,35.9683
269.0,539.0,10.8556,39.6386,93.5268,225.5994,0.0216,0.0001,99.7081,202.1204,48.7297,-17.1804,0.0,0.0001,2.2752,-0.0015,6.183,35.4958,10.7883,27.2002,35.9709
270.0,541.0,10.8509,39.6354,98.68,224.201,0.0215,0.0001,99.7246,202.1205,48.7297,-17.1804,0.0,0.0001,2.2682,-0.0036,6.1873,35.4961,10.7833,27.2014,35.9723
271.0,543.0,10.8372,39.6205,98.4147,219.9894,0.0221,0.0001,99.7246,202.1205,48.7297,-17.1803,0.0,0.0001,2.2493,-0.009,6.1902,35.4936,10.7695,27.2019,35.9734
272.0,545.0,10.7958,39.5741,98.68,211.9395,0.0207,0.0001,99.7246,202.1205,48.7297,-17.1804,0.0,0.0001,2.2128,-0.019,6.1843,35.4864,10.7279,27.2038,35.9771
273.0,547.0,10.8168,39.6046,98.6864,220.3626,0.0207,0.0001,99.7246,202.1205,48.7297,-17.1803,0.0,0.0001,2.2212,0.0038,6.1763,35.4957,10.7486,27.2073,35.9796
274.0,549.0,10.8752,39.6795,98.6834,230.3174,0.0208,0.0001,99.7095,202.1205,48.7297,-17.1803,0.0,0.0001,2.2569,0.0187,6.1729,35.5133,10.8066,27.2106,35.9803
275.0,551.0,10.9102,39.7241,66.1878,234.0366,0.0202,0.0001,99.7174,202.1206,48.7297,-17.1803,0.0,0.0001,2.2912,0.017,6.1718,35.5233,10.8412,27.2121,35.9803
276.0,553.0,10.9241,39.7422,98.6845,233.8269,0.0226,0.0001,99.7189,202.1206,48.7297,-17.1803,0.0,0.0001,2.3109,0.0094,6.1711,35.527,10.8547,27.2125,35.9801
277.0,555.0,10.9271,39.7466,98.6957,233.409,0.0219,0.0001,99.7102,202.1206,48.7297,-17.1803,0.0,0.0001,2.3194,0.0047,6.1714,35.5275,10.8574,27.2125,35.9799
278.0,557.0,10.9293,39.7498,98.6925,232.8118,0.0195,0.0001,99.7122,202.1206,48.7297,-17.1803,0.0,0.0001,2.3222,0.0016,6.1728,35.5279,10.8593,27.2124,35.9798
279.0,559.0,10.9193,39.739,98.6856,232.5465,0.0208,0.0001,99.7031,202.1207,48.7297,-17.1803,0.0,0.0001,2.3226,0.0002,6.1737,35.5259,10.8491,27.2127,35.9805
280.0,561.0,10.9127,39.7329,68.7984,231.9988,0.0206,0.0001,99.7117,202.1207,48.7297,-17.1803,0.0,0.0001,2.3209,-0.0009,6.1741,35.5253,10.8423,27.2134,35.9815
281.0,563.0,10.9079,39.728,93.1685,231.9605,0.0215,0.0001,99.6957,202.1207,48.7297,-17.1803,0.0,0.0001,2.3195,-0.0007,6.1754,35.5239,10.8373,27.2133,35.9816
282.0,565.0,10.9028,39.723,87.7994,231.2899,0.0201,0.0001,99.6694,202.1207,48.7297,-17.1803,0.0,0.0001,2.3162,-0.0018,6.1762,35.523,10.8319,27.2135,35.9821
283.0,567.0,10.8939,39.7137,98.695,231.4638,0.021,0.0001,99.6781,202.1207,48.7297,-17.1803,0.0,0.0001,2.315,-0.0009,6.1764,35.5217,10.8228,27.2142,35.9831
284.0,569.0,10.8917,39.7122,98.68,231.5671,0.0193,0.0001,99.704,202.1208,48.7297,-17.1803,0.0,0.0001,2.3144,-0.0005,6.1767,35.5215,10.8204,27.2145,35.9835
285.0,571.0,10.8892,39.7103,98.7008,231.2608,0.0207,0.0001,99.7,202.1208,48.7297,-17.1803,0.0,0.0001,2.3124,-0.0009,6.1772,35.521,10.8177,27.2146,35.9837
286.0,573.0,10.8854,39.7073,98.6927,231.3298,0.02,0.0001,99.6957,202.1208,48.7297,-17.1803,0.0,0.0001,2.3101,-0.0004,6.1778,35.5205,10.8136,27.2149,35.9842
287.0,575.0,10.8828,39.7054,98.6941,231.3956,0.0181,0.0001,99.6957,202.1208,48.7297,-17.1803,0.0,0.0001,2.3101,-0.0003,6.1793,35.5204,10.8107,27.2154,35.9848
288.0,577.0,10.879,39.7023,75.746,231.4959,0.0184,0.0001,99.6957,202.1209,48.7297,-17.1803,0.0,0.0001,2.3101,-0.0001,6.1796,35.5203,10.8068,27.216,35.9856
289.0,579.0,10.8689,39.6935,98.6915,231.4709,0.0161,0.0001,99.7094,202.1209,48.7297,-17.1803,0.0,0.0001,2.3096,-0.0003,6.1799,35.5202,10.7964,27.2178,35.9878
290.0,581.0,10.8653,39.6913,55.6915,231.3988,0.0173,0.0001,99.6957,202.1209,48.7297,-17.1803,0.0,0.0001,2.3088,-0.0004,6.18,35.5204,10.7925,27.2187,35.9889
291.0,583.0,10.8645,39.6913,79.6533,231.7999,0.0186,0.0001,99.7069,202.1209,48.7297,-17.1803,0.0,0.0001,2.3094,0.0004,6.18,35.5204,10.7915,27.2188,35.989
292.0,585.0,10.8637,39.6914,94.512,232.1094,0.0184,0.0001,99.711,202.1209,48.7297,-17.1803,0.0,0.0001,2.3104,0.0007,6.18,35.5206,10.7904,27.2192,35.9894
293.0,587.0,10.8636,39.6923,97.1093,232.1267,0.0193,0.0001,99.7024,202.121,48.7297,-17.1803,0.0,0.0001,2.3114,0.0003,6.18,35.5206,10.79,27.2192,35.9895
294.0,589.0,10.8639,39.6938,98.6964,232.1819,0.0177,0.0001,99.6957,202.121,48.7297,-17.1803,0.0,0.0001,2.3114,0.0003,6.1799,35.521,10.7901,27.2195,35.9898
295.0,591.0,10.8643,39.695,98.6825,232.3765,0.0207,0.0001,99.6958,202.121,48.7297,-17.1803,0.0,0.0001,2.3124,0.0003,6.18,35.521,10.7903,27.2195,35.9898
296.0,593.0,10.8647,39.6967,98.6864,232.2027,0.0224,0.0001,99.6957,202.121,48.7297,-17.1803,0.0,0.0001,2.3126,-0.0002,6.1805,35.5214,10.7905,27.2198,35.9901
297.0,595.0,10.8614,39.6944,98.691,232.0417,0.0225,0.0001,99.6942,202.1211,48.7297,-17.1803,0.0,0.0001,2.3102,-0.0006,6.1825,35.5214,10.7869,27.2204,35.9909
298.0,597.0,10.8522,39.685,98.6892,232.0981,0.0207,0.0001,99.6989,202.1211,48.7297,-17.1803,0.0,0.0001,2.3099,-0.0005,6.1843,35.5199,10.7775,27.2209,35.9918
299.0,599.0,10.8377,39.6703,98.6815,232.2155,0.0187,0.0001,99.6961,202.1211,48.7297,-17.1803,0.0,0.0001,2.3094,-0.0001,6.1848,35.5181,10.7627,27.2223,35.9937
300.0,601.0,10.829,39.6623,98.6931,231.8165,0.023,0.0001,99.7044,202.1211,48.7297,-17.1803,0.0,0.0001,2.3078,-0.0009,6.1859,35.5178,10.7538,27.2236,35.9954
301.0,603.0,10.826,39.6599,67.9279,231.7138,0.018,0.0001,99.6978,202.1212,48.7297,-17.1803,0.0,0.0001,2.3056,-0.0009,6.1871,35.5176,10.7506,27.224,35.996
302.0,605.0,10.8133,39.647,98.5725,231.0636,0.0184,0.0001,99.6957,202.1212,48.7297,-17.1803,0.0,0.0001,2.3022,-0.0018,6.1897,35.5159,10.7377,27.225,35.9976
303.0,607.0,10.7998,39.6331,98.7064,230.6249,0.0204,0.0001,99.6957,202.1212,48.7297,-17.1803,0.0,0.0001,2.2978,-0.0022,6.1964,35.514,10.724,27.226,35.9991
304.0,609.0,10.7677,39.5954,98.6875,229.4954,0.0215,0.0001,99.6914,202.1212,48.7297,-17.1803,0.0,0.0001,2.2914,-0.0035,6.2002,35.5063,10.6917,27.2258,36.0003
305.0,611.0,10.7217,39.5446,81.6435,226.556,0.0189,0.0001,99.6957,202.1212,48.7297,-17.1803,0.0,0.0001,2.277,-0.0072,6.2037,35.4989,10.6457,27.2283,36.0048
306.0,613.0,10.7099,39.5314,91.8499,226.1756,0.0213,0.0001,99.6957,202.1213,48.7297,-17.1803,0.0,0.0001,2.2664,-0.0051,6.212,35.4964,10.6337,27.2284,36.0055
307.0,615.0,10.6609,39.475,98.68,224.1203,0.0204,0.0001,99.7025,202.1213,48.7297,-17.1803,0.0,0.0001,2.2533,-0.0066,6.2166,35.4861,10.5847,27.2291,36.0084
308.0,617.0,10.6105,39.4183,98.6875,220.1599,0.0209,0.0001,99.6919,202.1213,48.7297,-17.1803,0.0,0.0001,2.2324,-0.0107,6.2213,35.477,10.5342,27.2311,36.0126
309.0,619.0,10.5955,39.4014,98.68,218.6662,0.0224,0.0001,99.6957,202.1213,48.7297,-17.1803,0.0,0.0001,2.2175,-0.0099,6.2237,35.4737,10.5191,27.2312,36.0133
310.0,621.0,10.5614,39.3628,98.6836,218.0714,0.0222,0.0001,99.6957,202.1214,48.7297,-17.1803,0.0,0.0001,2.2049,-0.0084,6.2389,35.4671,10.4849,27.2321,36.0158
311.0,623.0,10.4531,39.2386,82.6211,213.8933,0.0219,0.0001,99.7098,202.1214,48.7297,-17.1803,0.0,0.0001,2.1791,-0.0109,6.2398,35.4457,10.3769,27.2345,36.023
312.0,625.0,10.4377,39.2238,98.5554,212.1173,0.0207,0.0001,99.6957,202.1214,48.7297,-17.1803,0.0,0.0001,2.1561,-0.0082,6.2429,35.4448,10.3612,27.2365,36.0256
313.0,627.0,10.4434,39.2322,98.641,212.232,0.0216,0.0001,99.7063,202.1214,48.7297,-17.1803,0.0,0.0001,2.1476,-0.0052,6.2449,35.447,10.3666,27.2373,36.0261
314.0,629.0,10.4142,39.1996,98.68,210.4241,0.0202,0.0001,99.6736,202.1214,48.7297,-17.1803,0.0,0.0001,2.1377,-0.0067,6.2472,35.4414,10.3374,27.2381,36.0282
315.0,631.0,10.3941,39.1773,98.68,209.7208,0.0219,0.0001,99.6957,202.1215,48.7297,-17.1803,0.0,0.0001,2.1275,-0.0052,6.2472,35.4375,10.3171,27.2386,36.0296
316.0,633.0,10.3884,39.1725,78.5367,209.5015,0.0223,0.0001,99.6957,202.1215,48.7297,-17.1803,0.0,0.0001,2.1196,-0.003,6.2457,35.4372,10.3112,27.2394,36.0307
317.0,635.0,10.3917,39.1786,98.6805,209.6874,0.021,0.0001,99.6923,202.1215,48.7297,-17.1803,0.0,0.0001,2.1169,-0.0016,6.2423,35.4393,10.3142,27.2405,36.0316
318.0,637.0,10.4045,39.1958,93.4874,211.2694,0.0202,0.0001,99.6903,202.1215,48.7297,-17.1803,0.0,0.0001,2.1199,0.0015,6.2449,35.4435,10.3267,27.2416,36.0321
319.0,639.0,10.4158,39.213,98.6848,211.969,0.0212,0.0001,99.6899,202.1216,48.7297,-17.1803,0.0,0.0001,2.1232,0.0017,6.2495,35.4489,10.3377,27.2439,36.0339
320.0,641.0,10.3559,39.1485,98.6795,211.0582,0.0212,0.0001,99.7005,202.1216,48.7297,-17.1803,0.0,0.0001,2.1228,-0.0004,6.2445,35.4412,10.2778,27.2483,36.041
321.0,643.0,10.4007,39.207,98.683,212.2728,0.0208,0.0001,99.6957,202.1216,48.7297,-17.1803,0.0,0.0001,2.1255,0.0017,6.2435,35.4558,10.3221,27.252,36.0426
322.0,645.0,10.4059,39.2128,98.68,212.3988,0.023,0.0001,99.702,202.1216,48.7297,-17.1803,0.0,0.0001,2.1286,0.0013,6.2398,35.4557,10.327,27.2511,36.0414
323.0,647.0,10.4277,39.2419,98.68,210.7097,0.0226,0.0001,99.7006,202.1217,48.7297,-17.1803,0.0,0.0001,2.1241,-0.0025,6.2477,35.4631,10.3485,27.2531,36.0425
324.0,649.0,10.403,39.2133,83.3498,207.7542,0.021,0.0001,99.6957,202.1217,48.7297,-17.1803,0.0,0.0001,2.112,-0.0063,6.2487,35.4571,10.3236,27.2528,36.0433
325.0,651.0,10.3719,39.1788,83.9587,206.1817,0.0199,0.0001,99.699,202.1217,48.7297,-17.1804,0.0,0.0001,2.0976,-0.0065,6.2598,35.4516,10.2924,27.254,36.0458
326.0,653.0,10.3767,39.1853,91.8466,205.973,0.0224,0.0001,99.6923,202.1217,48.7297,-17.1803,0.0,0.0001,2.0874,-0.0054,6.2842,35.4528,10.297,27.2541,36.0458
327.0,655.0,10.2254,39.0073,98.68,202.8162,0.0215,0.0001,99.7237,202.1217,48.7297,-17.1803,0.0,0.0001,2.0673,-0.0097,6.3163,35.4183,10.1462,27.2534,36.0519
328.0,657.0,9.943,38.6808,98.68,197.6301,0.0209,0.0001,99.7366,202.1218,48.7297,-17.1804,0.0,0.0001,2.0402,-0.0137,6.3178,35.3597,9.8649,27.2561,36.0673
329.0,659.0,9.9006,38.6327,98.68,196.8461,0.0181,0.0001,99.7246,202.1218,48.7297,-17.1803,0.0,0.0001,2.0212,-0.0094,6.3166,35.3511,9.8225,27.2567,36.0697
330.0,661.0,9.9011,38.6352,64.7168,197.7166,0.0224,0.0001,99.7246,202.1218,48.7297,-17.1803,0.0,0.0001,2.0149,-0.0036,6.2982,35.3522,9.8227,27.2575,36.0705
331.0,663.0,9.9901,38.7457,87.254,199.7429,0.0233,0.0001,99.7246,202.1218,48.7297,-17.1804,0.0,0.0001,2.0162,0.001,6.2977,35.3773,9.911,27.262,36.071
332.0,665.0,10.0373,38.8065,96.7792,199.3649,0.0184,0.0001,99.7299,202.1219,48.7297,-17.1804,0.0,0.0001,2.0158,0.0,6.2977,35.3925,9.9577,27.2659,36.0727
333.0,667.0,10.0291,38.8004,98.68,198.6781,0.0203,0.0001,99.7345,202.1219,48.7297,-17.1804,0.0,0.0001,2.0136,-0.0012,6.2978,35.3935,9.9494,27.2681,36.0752
334.0,669.0,10.036,38.8104,98.68,199.2887,0.0195,0.0001,99.7466,202.1219,48.7297,-17.1804,0.0,0.0001,2.013,-0.0001,6.3059,35.3961,9.956,27.269,36.0758
335.0,671.0,9.9949,38.7665,98.68,198.9972,0.0197,0.0001,99.7579,202.1219,48.7297,-17.1804,0.0,0.0001,2.0123,-0.0006,6.3051,35.3905,9.9148,27.2717,36.0803
336.0,673.0,9.9697,38.7429,98.68,198.0364,0.0234,0.0001,99.7419,202.122,48.7297,-17.1804,0.0,0.0001,2.0087,-0.0017,6.2998,35.3899,9.8895,27.2756,36.0853
337.0,675.0,10.0113,38.7948,56.2117,200.0688,0.0244,0.0001,99.7535,202.122,48.7297,-17.1804,0.0,0.0001,2.0128,0.0024,6.2989,35.4016,9.9306,27.2776,36.0854
338.0,677.0,10.0194,38.8069,98.6797,200.3007,0.0249,0.0001,99.7483,202.122,48.7297,-17.1804,0.0,0.0001,2.0154,0.0017,6.2997,35.4052,9.9384,27.2791,36.0865
339.0,679.0,10.0195,38.8097,98.68,199.0423,0.024,0.0001,99.7437,202.122,48.7297,-17.1804,0.0,0.0001,2.0142,-0.0012,6.3,35.407,9.9383,27.2805,36.0879
340.0,681.0,10.0152,38.8079,98.68,200.0342,0.0232,0.0001,99.739,202.122,48.7297,-17.1804,0.0,0.0001,2.0154,0.0007,6.2995,35.4085,9.9337,27.2825,36.0901
341.0,683.0,10.0163,38.8124,98.68,201.0705,0.0231,0.0001,99.7147,202.1221,48.7297,-17.1804,0.0,0.0001,2.0196,0.0015,6.3077,35.4111,9.9346,27.2843,36.0918
342.0,685.0,9.9883,38.7806,98.68,199.5891,0.021,0.0001,99.7263,202.1221,48.7297,-17.1804,0.0,0.0001,2.0143,-0.0019,6.3116,35.4052,9.9065,27.2846,36.0933
343.0,687.0,9.941,38.731,67.5903,196.9174,0.0187,0.0001,99.739,202.1221,48.7297,-17.1804,0.0,0.0001,2.0068,-0.0057,6.3118,35.3998,9.8593,27.2885,36.0993
344.0,689.0,9.9305,38.7215,93.9561,197.2705,0.0228,0.0001,99.7535,202.1221,48.7297,-17.1804,0.0,0.0001,2.0008,-0.003,6.3169,35.3994,9.8486,27.29,36.1012
345.0,691.0,9.9018,38.6889,98.68,197.5407,0.0235,0.0001,99.7094,202.1222,48.7297,-17.1804,0.0,0.0001,1.9974,-0.0016,6.3207,35.3931,9.8197,27.2899,36.1025
346.0,693.0,9.8488,38.6329,98.68,195.4807,0.0214,0.0001,99.7607,202.1222,48.7297,-17.1804,0.0,0.0001,1.9867,-0.0043,6.3281,35.3865,9.7667,27.2938,36.1087
347.0,695.0,9.8278,38.6104,66.0247,191.9561,0.018,0.0001,99.7663,202.1222,48.7297,-17.1804,0.0,0.0001,1.9721,-0.0082,6.3283,35.3832,9.7456,27.2948,36.1107
348.0,697.0,9.8155,38.6007,98.6783,192.8153,0.0199,0.0001,99.7535,202.1222,48.7297,-17.1804,0.0,0.0001,1.9681,-0.0045,6.3286,35.3843,9.7331,27.2978,36.1142
349.0,699.0,9.825,38.6149,98.68,195.9229,0.0207,0.0001,99.7443,202.1222,48.7297,-17.1804,0.0,0.0001,1.9707,0.0018,6.3323,35.3889,9.7423,27.2998,36.1157
350.0,701.0,9.7948,38.5816,98.68,196.0339,0.0236,0.0001,99.7342,202.1223,48.7297,-17.1804,0.0,0.0001,1.9728,0.001,6.3363,35.3833,9.712,27.3006,36.1179
351.0,703.0,9.7749,38.5608,98.68,195.3877,0.0233,0.0001,99.7525,202.1223,48.7297,-17.1804,0.0,0.0001,1.9712,-0.0006,6.3422,35.3803,9.692,27.3016,36.1198
352.0,705.0,9.7347,38.518,98.68,193.8966,0.021,0.0001,99.7535,202.1223,48.7297,-17.1804,0.0,0.0001,1.9652,-0.0029,6.3449,35.3751,9.6517,27.3043,36.1243
353.0,707.0,9.7049,38.4884,72.3268,192.5089,0.0227,0.0001,99.7581,202.1223,48.7297,-17.1804,0.0,0.0001,1.9585,-0.0037,6.3409,35.3728,9.6219,27.3076,36.1289
354.0,709.0,9.7211,38.5124,98.68,193.8714,0.0219,0.0001,99.7349,202.1224,48.7297,-17.1804,0.0,0.0001,1.9584,-0.0003,6.3401,35.3806,9.6377,27.3111,36.1316
355.0,711.0,9.7326,38.5252,98.68,195.5914,0.0213,0.0001,99.7246,202.1224,48.7297,-17.1804,0.0,0.0001,1.9618,0.0021,6.3501,35.3816,9.6489,27.3099,36.1299
356.0,713.0,9.715,38.503,64.3156,193.9728,0.02,0.0001,99.7312,202.1224,48.7297,-17.1804,0.0,0.0001,1.9578,-0.0016,6.3583,35.3752,9.6311,27.3079,36.1288
357.0,715.0,9.6174,38.398,86.9486,190.7157,0.0217,0.0001,99.7824,202.1224,48.7297,-17.1804,0.0,0.0001,1.9453,-0.0062,6.3612,35.3619,9.5338,27.3138,36.139
358.0,717.0,9.5963,38.3746,98.6783,189.5022,0.0188,0.0001,99.7824,202.1225,48.7297,-17.1804,0.0,0.0001,1.9365,-0.0057,6.3646,35.3575,9.5126,27.314,36.1402
359.0,719.0,9.574,38.3503,98.68,189.1547,0.0208,0.0001,99.7919,202.1225,48.7297,-17.1804,0.0,0.0001,1.9271,-0.0039,6.3624,35.3534,9.4901,27.3145,36.1417
360.0,721.0,9.5644,38.3474,98.68,189.1677,0.0214,0.0001,99.7949,202.1225,48.7297,-17.1804,0.0,0.0001,1.9235,-0.0026,6.3608,35.3591,9.4804,27.3205,36.1481
361.0,723.0,9.5824,38.3705,98.68,191.3447,0.0227,0.0001,99.7824,202.1225,48.7297,-17.1804,0.0,0.0001,1.9279,0.0011,6.3653,35.3644,9.498,27.3218,36.1485
362.0,725.0,9.5635,38.3545,98.5642,192.491,0.0233,0.0001,99.7654,202.1225,48.7297,-17.1804,0.0,0.0001,1.9323,0.002,6.3695,35.3652,9.479,27.3256,36.1531
363.0,727.0,9.5351,38.3251,98.68,190.9774,0.0255,0.0001,99.7786,202.1226,48.7297,-17.1804,0.0,0.0001,1.9308,-0.0012,6.3713,35.3619,9.4505,27.3277,36.1565
364.0,729.0,9.5223,38.3116,98.68,189.8568,0.0182,0.0001,99.7824,202.1226,48.7297,-17.1804,0.0,0.0001,1.9248,-0.0025,6.3728,35.3596,9.4375,27.3281,36.1575
365.0,731.0,9.5137,38.3033,98.68,190.0543,0.0204,0.0001,99.7824,202.1226,48.7297,-17.1804,0.0,0.0001,1.9231,-0.0016,6.3731,35.3588,9.4287,27.329,36.1587
366.0,733.0,9.5058,38.2966,69.3727,190.5935,0.0214,0.0001,99.7824,202.1226,48.7297,-17.1804,0.0,0.0001,1.9231,-0.0003,6.3743,35.3587,9.4207,27.3302,36.1603
367.0,735.0,9.5007,38.2924,98.6808,190.6646,0.0215,0.0001,99.7784,202.1226,48.7297,-17.1804,0.0,0.0001,1.9227,-0.0002,6.3763,35.3586,9.4154,27.331,36.1613
368.0,737.0,9.4889,38.2814,91.7771,190.7424,0.0228,0.0001,99.7824,202.1227,48.7297,-17.1804,0.0,0.0001,1.9218,-0.0001,6.3776,35.358,9.4034,27.3325,36.1634
369.0,739.0,9.4731,38.2669,98.6576,190.282,0.0231,0.0001,99.7867,202.1227,48.7297,-17.1804,0.0,0.0001,1.9209,-0.0008,6.3783,35.3573,9.3874,27.3347,36.1662
370.0,741.0,9.4685,38.2646,98.3935,189.8643,0.0235,0.0001,99.7883,202.1227,48.7297,-17.1804,0.0,0.0001,1.9172,-0.0011,6.3782,35.3585,9.3826,27.3363,36.1681
371.0,743.0,9.4653,38.2662,98.68,189.815,0.024,0.0001,99.7824,202.1227,48.7297,-17.1804,0.0,0.0001,1.9164,-0.0009,6.3791,35.3624,9.3791,27.34,36.1718
372.0,745.0,9.4661,38.2703,98.68,189.5772,0.022,0.0001,99.7979,202.1228,48.7297,-17.1804,0.0,0.0001,1.9124,-0.0011,6.3811,35.365,9.3797,27.3419,36.1737
373.0,747.0,9.4518,38.2564,98.68,188.9005,0.0221,0.0001,99.7872,202.1228,48.7297,-17.1804,0.0,0.0001,1.9107,-0.0018,6.382,35.364,9.3653,27.3435,36.176
374.0,749.0,9.4446,38.2492,68.6412,188.6865,0.0236,0.0001,99.7911,202.1228,48.7297,-17.1805,0.0,0.0001,1.9085,-0.0015,6.3828,35.3627,9.3579,27.3438,36.1765
375.0,751.0,9.4363,38.2418,95.1021,189.0095,0.0239,0.0001,99.7821,202.1228,48.7297,-17.1805,0.0,0.0001,1.906,-0.0006,6.3844,35.3622,9.3494,27.3448,36.1779
376.0,753.0,9.4272,38.2361,94.5337,188.6437,0.0232,0.0001,99.7953,202.1229,48.7297,-17.1805,0.0,0.0001,1.9046,-0.001,6.3852,35.3642,9.3401,27.3479,36.1814
377.0,755.0,9.4182,38.2298,98.68,188.3262,0.0231,0.0001,99.8045,202.1229,48.7297,-17.1805,0.0,0.0001,1.9021,-0.0012,6.3855,35.3657,9.3308,27.3506,36.1845
378.0,757.0,9.4157,38.228,98.68,187.9989,0.0208,0.0001,99.7989,202.1229,48.7297,-17.1805,0.0,0.0001,1.8993,-0.0012,6.3861,35.3655,9.3281,27.3508,36.1848
379.0,759.0,9.4117,38.2268,74.0579,187.6139,0.0218,0.0001,99.8009,202.1229,48.7297,-17.1805,0.0,0.0001,1.8987,-0.0015,6.3888,35.3672,9.324,27.3529,36.1871
380.0,761.0,9.4064,38.223,88.8494,187.0266,0.0181,0.0001,99.8112,202.123,48.7297,-17.1805,0.0,0.0001,1.8923,-0.002,6.3919,35.3677,9.3184,27.3542,36.1886
381.0,763.0,9.374,38.1916,85.6512,186.7773,0.02,0.0001,99.8248,202.123,48.7297,-17.1805,0.0,0.0001,1.8896,-0.0017,6.3921,35.366,9.2859,27.3582,36.194
382.0,765.0,9.367,38.1874,98.68,186.7928,0.0187,0.0001,99.805,202.123,48.7297,-17.1805,0.0,0.0001,1.8877,-0.001,6.3906,35.3674,9.2787,27.3605,36.1966
383.0,767.0,9.3717,38.1926,98.68,187.0478,0.0195,0.0001,99.8168,202.123,48.7297,-17.1805,0.0,0.0001,1.8871,-0.0002,6.3903,35.3675,9.2831,27.3598,36.1958
384.0,769.0,9.3837,38.2104,98.68,186.3647,0.0206,0.0001,99.831,202.123,48.7297,-17.1805,0.0,0.0001,1.8856,-0.0014,6.3958,35.3734,9.2949,27.3625,36.1979
385.0,771.0,9.357,38.1825,98.68,186.2623,0.0207,0.0001,99.8221,202.1231,48.7297,-17.1805,0.0,0.0001,1.8816,-0.0011,6.3972,35.3696,9.2681,27.3639,36.2005
386.0,773.0,9.3331,38.1565,79.896,187.12,0.0222,0.0001,99.8143,202.1231,48.7297,-17.1805,0.0,0.0001,1.8828,0.0006,6.3957,35.3652,9.2441,27.3645,36.2021
387.0,775.0,9.337,38.1631,98.6787,186.6169,0.02,0.0001,99.8143,202.1231,48.7297,-17.1805,0.0,0.0001,1.8828,-0.0004,6.3935,35.3673,9.2477,27.3656,36.203
388.0,777.0,9.3493,38.1837,98.68,186.0504,0.0154,0.0001,99.8171,202.1231,48.7297,-17.1805,0.0,0.0001,1.8802,-0.001,6.3903,35.3757,9.2597,27.3701,36.2069
389.0,779.0,9.3702,38.2129,78.3542,185.1908,0.0161,0.0001,99.8165,202.1232,48.7297,-17.1805,0.0,0.0001,1.8772,-0.0021,6.3921,35.3845,9.2802,27.3736,36.2094
390.0,781.0,9.373,38.2189,89.4941,184.5586,0.0199,0.0001,99.8269,202.1232,48.7297,-17.1805,0.0,0.0001,1.8715,-0.0023,6.3961,35.387,9.2827,27.3752,36.2108
391.0,783.0,9.3491,38.1967,85.3343,184.3592,0.0209,0.0001,99.8289,202.1232,48.7297,-17.1805,0.0,0.0001,1.8684,-0.002,6.3964,35.3867,9.2587,27.3789,36.2156
392.0,785.0,9.3322,38.1818,97.3377,184.2487,0.0213,0.0001,99.8302,202.1232,48.7297,-17.1805,0.0,0.0001,1.8681,-0.0015,6.3985,35.3871,9.2418,27.382,36.2194
393.0,787.0,9.3257,38.1769,98.68,183.832,0.0244,0.0001,99.8295,202.1233,48.7297,-17.1805,0.0,0.0001,1.8615,-0.0015,6.4012,35.3875,9.235,27.3834,36.2211
394.0,789.0,9.2987,38.1507,98.68,184.1576,0.0244,0.0001,99.8256,202.1233,48.7297,-17.1805,0.0,0.0001,1.8608,-0.0007,6.4037,35.3859,9.2079,27.3866,36.2255
395.0,791.0,9.2829,38.137,98.68,184.3024,0.0244,0.0001,99.8188,202.1233,48.7297,-17.1805,0.0,0.0001,1.86,-0.0005,6.4097,35.3864,9.1919,27.3896,36.2292
396.0,793.0,9.2467,38.0982,98.68,184.262,0.0193,0.0001,99.8107,202.1233,48.7297,-17.1805,0.0,0.0001,1.8584,-0.0006,6.4138,35.3808,9.1557,27.3911,36.2324
397.0,795.0,9.2157,38.0669,98.68,184.6577,0.0185,0.0001,99.8135,202.1233,48.7297,-17.1805,0.0,0.0001,1.8584,0.0,6.417,35.3778,9.1246,27.3939,36.2365
398.0,797.0,9.2042,38.0551,98.68,184.1913,0.0215,0.0001,99.8112,202.1234,48.7297,-17.1806,0.0,0.0001,1.8566,-0.0008,6.4192,35.3761,9.113,27.3945,36.2376
399.0,799.0,9.1792,38.0342,98.68,183.9769,0.0194,0.0001,99.8112,202.1234,48.7297,-17.1806,0.0,0.0001,1.8559,-0.001,6.4192,35.3782,9.0879,27.4002,36.2444
400.0,801.0,9.1746,38.0314,72.4211,184.0655,0.0195,0.0001,99.8181,202.1234,48.7297,-17.1806,0.0,0.0001,1.8547,-0.0005,6.4195,35.379,9.0832,27.4016,36.246
401.0,803.0,9.1717,38.0298,95.3445,184.2074,0.0212,0.0001,99.8172,202.1234,48.7297,-17.1806,0.0,0.0001,1.8544,-0.0002,6.419,35.3795,9.0801,27.4025,36.247
402.0,805.0,9.1753,38.0371,97.6326,184.1795,0.0218,0.0001,99.8199,202.1234,48.7297,-17.1806,0.0,0.0001,1.8538,-0.0003,6.4229,35.3825,9.0834,27.4043,36.2487
403.0,807.0,9.15,38.0133,98.68,183.8525,0.0208,0.0001,99.8135,202.1235,48.7297,-17.1806,0.0,0.0001,1.8517,-0.0008,6.4249,35.3817,9.0579,27.4078,36.2533
404.0,809.0,9.139,38.0048,86.0832,183.7843,0.0195,0.0001,99.8401,202.1235,48.7297,-17.1806,0.0,0.0001,1.8498,-0.0006,6.4238,35.3827,9.0468,27.4104,36.2563
405.0,811.0,9.1306,37.9973,87.9185,183.897,0.0211,0.0001,99.8159,202.1235,48.7297,-17.1806,0.0,0.0001,1.85,-0.0002,6.4241,35.3822,9.0382,27.4114,36.2578
406.0,813.0,9.1366,38.0066,98.68,183.87,0.0198,0.0001,99.8157,202.1235,48.7297,-17.1806,0.0,0.0001,1.8492,-0.0005,6.43,35.3851,9.0439,27.4128,36.2588
407.0,815.0,9.1208,37.9916,98.68,183.3931,0.0202,0.0001,99.8032,202.1236,48.7297,-17.1806,0.0,0.0001,1.8462,-0.0013,6.4361,35.3843,9.028,27.4147,36.2614
408.0,817.0,9.0812,37.9499,98.68,183.5962,0.0187,0.0001,99.827,202.1236,48.7297,-17.1806,0.0,0.0001,1.8462,-0.0008,6.437,35.3791,8.9884,27.417,36.2655
409.0,819.0,9.052,37.9205,98.68,183.7132,0.0216,0.0001,99.8218,202.1236,48.7297,-17.1806,0.0,0.0001,1.8449,-0.0004,6.4379,35.3764,8.9591,27.4196,36.2695
410.0,821.0,9.0482,37.9184,78.2268,183.6968,0.0226,0.0001,99.8144,202.1236,48.7297,-17.1806,0.0,0.0001,1.8437,-0.0003,6.4393,35.377,8.9551,27.4207,36.2708
411.0,823.0,9.035,37.9066,98.564,183.5167,0.0191,0.0001,99.8249,202.1237,48.7297,-17.1806,0.0,0.0001,1.8434,-0.0005,6.4387,35.3767,8.9418,27.4227,36.2733
412.0,825.0,9.0374,37.9151,98.6429,183.4115,0.0199,0.0001,99.835,202.1237,48.7297,-17.1806,0.0,0.0001,1.8425,-0.0005,6.4389,35.3822,8.9439,27.4267,36.2771
413.0,827.0,9.0372,37.9161,98.68,183.5397,0.0213,0.0001,99.8363,202.1237,48.7297,-17.1806,0.0,0.0001,1.841,-0.0006,6.4482,35.3827,8.9434,27.4272,36.2776
414.0,829.0,9.014,37.8875,98.68,182.9315,0.0206,0.0001,99.8312,202.1237,48.7297,-17.1806,0.0,0.0001,1.84,-0.001,6.4405,35.3749,8.9202,27.4248,36.2764
415.0,831.0,8.9886,37.8694,70.7842,183.9987,0.0175,0.0001,99.8361,202.1237,48.7297,-17.1806,0.0,0.0001,1.8403,0.0009,6.4391,35.38,8.8946,27.4328,36.2855
416.0,833.0,9.0473,37.9444,98.68,183.0274,0.018,0.0001,99.7823,202.1238,48.7297,-17.1806,0.0,0.0001,1.8386,-0.001,6.4386,35.3994,8.9528,27.4387,36.2885
417.0,835.0,9.0232,37.922,91.605,183.1351,0.0189,0.0001,99.8225,202.1238,48.7297,-17.1807,0.0,0.0001,1.8376,-0.0004,6.4393,35.3989,8.9285,27.4422,36.2931
418.0,837.0,9.0357,37.9405,98.68,183.3618,0.021,0.0001,99.8072,202.1238,48.7297,-17.1807,0.0,0.0001,1.8374,-0.0003,6.4487,35.405,8.9408,27.445,36.2952
419.0,839.0,9.0059,37.9061,98.3545,183.0056,0.0202,0.0001,99.8281,202.1238,48.7297,-17.1807,0.0,0.0001,1.8371,-0.0012,6.4572,35.3979,8.9109,27.4443,36.2959
420.0,841.0,8.9217,37.8139,98.68,184.0153,0.0232,0.0001,99.8279,202.1239,48.7296,-17.1807,0.0,0.0001,1.8367,0.0007,6.4571,35.3836,8.827,27.4465,36.302
421.0,843.0,8.9076,37.8007,98.68,184.3717,0.0217,0.0001,99.8267,202.1239,48.7296,-17.1807,0.0,0.0001,1.8379,0.0009,6.4556,35.3828,8.8127,27.4482,36.3043
422.0,845.0,8.9171,37.8153,98.68,183.7907,0.0208,0.0001,99.8257,202.1239,48.7296,-17.1807,0.0,0.0001,1.8377,-0.0003,6.457,35.3878,8.8219,27.4506,36.3063
423.0,847.0,8.9101,37.8101,79.2407,183.5653,0.0196,0.0001,99.8365,202.1239,48.7296,-17.1807,0.0,0.0001,1.837,-0.0006,6.4577,35.3885,8.8147,27.4524,36.3084
424.0,849.0,8.9062,37.8075,96.2207,183.6072,0.025,0.0001,99.8269,202.124,48.7296,-17.1807,0.0,0.0001,1.8364,-0.0004,6.4581,35.3888,8.8106,27.4532,36.3094
425.0,851.0,8.9032,37.8055,94.3813,184.0674,0.0206,0.0001,99.8279,202.124,48.7296,-17.1807,0.0,0.0001,1.8364,0.0002,6.4603,35.3886,8.8074,27.4536,36.3099
426.0,853.0,8.8958,37.798,98.68,183.8433,0.0192,0.0001,99.8248,202.124,48.7296,-17.1807,0.0,0.0001,1.8351,-0.0006,6.4696,35.3872,8.7998,27.4537,36.3104
427.0,855.0,8.8523,37.7506,98.68,183.8611,0.019,0.0001,99.8353,202.124,48.7296,-17.1807,0.0,0.0001,1.8339,-0.0006,6.4756,35.3797,8.7563,27.4548,36.3134
428.0,857.0,8.8032,37.7012,79.4194,184.7211,0.0196,0.0001,99.8084,202.1241,48.7296,-17.1807,0.0,0.0001,1.8359,0.0008,6.4765,35.3756,8.7073,27.4593,36.3202
429.0,859.0,8.773,37.6706,98.1166,184.5052,0.0209,0.0001,99.7942,202.1241,48.7296,-17.1807,0.0,0.0001,1.8359,0.0002,6.4744,35.3725,8.6771,27.4617,36.324
430.0,861.0,8.7869,37.6901,86.1394,184.5867,0.0248,0.0001,99.8234,202.1241,48.7296,-17.1807,0.0,0.0001,1.8364,0.0001,6.4728,35.3783,8.6907,27.4641,36.3257
431.0,863.0,8.7965,37.7044,98.68,184.6213,0.0238,0.0001,99.8256,202.1241,48.7296,-17.1807,0.0,0.0001,1.8364,0.0,6.4782,35.383,8.7,27.4663,36.3274
432.0,865.0,8.7976,37.7086,98.68,184.108,0.0221,0.0001,99.8345,202.1241,48.7296,-17.1807,0.0,0.0001,1.8345,-0.0008,6.4761,35.3857,8.7008,27.4683,36.3293
433.0,867.0,8.7802,37.6959,98.68,184.4956,0.0206,0.0001,99.826,202.1242,48.7296,-17.1807,0.0,0.0001,1.8349,0.0001,6.4741,35.3884,8.6833,27.4732,36.3349
434.0,869.0,8.7913,37.7148,98.68,183.9032,0.0208,0.0001,99.8344,202.1242,48.7296,-17.1807,0.0,0.0001,1.8325,-0.0011,6.4819,35.3962,8.6941,27.4776,36.3388
435.0,871.0,8.7695,37.6922,98.68,183.8085,0.0228,0.0001,99.8273,202.1242,48.7296,-17.1807,0.0,0.0001,1.8315,-0.001,6.4791,35.3934,8.6722,27.4789,36.341
436.0,873.0,8.7361,37.6593,80.3847,184.5729,0.0205,0.0001,99.8287,202.1242,48.7296,-17.1807,0.0,0.0001,1.8327,0.0006,6.4742,35.3912,8.6388,27.4824,36.3461
437.0,875.0,8.7716,37.7035,98.68,184.6032,0.0219,0.0001,99.8225,202.1242,48.7296,-17.1807,0.0,0.0001,1.8339,0.0005,6.471,35.4015,8.6738,27.4849,36.3469
438.0,877.0,8.8303,37.7773,86.1717,183.8741,0.0187,0.0001,99.8323,202.1243,48.7296,-17.1807,0.0,0.0001,1.8318,-0.0006,6.4656,35.4195,8.7319,27.4898,36.349
439.0,879.0,8.844,37.8001,98.7459,183.396,0.0174,0.0001,99.8223,202.1243,48.7296,-17.1807,0.0,0.0001,1.829,-0.0013,6.4727,35.4289,8.7451,27.4951,36.3535
440.0,881.0,8.8197,37.7764,86.2129,182.931,0.0227,0.0001,99.8305,202.1243,48.7296,-17.1807,0.0,0.0001,1.827,-0.0018,6.4734,35.4271,8.7208,27.4976,36.3572
441.0,883.0,8.7854,37.7411,95.9824,183.5732,0.0217,0.0001,99.8186,202.1243,48.7296,-17.1807,0.0,0.0001,1.8265,-0.0004,6.4763,35.4234,8.6866,27.5001,36.3612
442.0,885.0,8.7833,37.7419,98.68,183.5577,0.0218,0.0001,99.8289,202.1244,48.7296,-17.1807,0.0,0.0001,1.8254,-0.0006,6.4824,35.4256,8.6842,27.5022,36.3634
443.0,887.0,8.7371,37.6929,98.68,183.9843,0.0186,0.0001,99.8305,202.1244,48.7296,-17.1807,0.0,0.0001,1.8256,0.0,6.4881,35.4189,8.6381,27.5043,36.3676
444.0,889.0,8.6856,37.6355,98.68,184.1733,0.018,0.0001,99.8341,202.1244,48.7296,-17.1807,0.0,0.0001,1.8252,-0.0003,6.4999,35.4088,8.5867,27.5044,36.3702
445.0,891.0,8.6242,37.5687,98.68,184.072,0.0152,0.0001,99.8293,202.1244,48.7296,-17.1808,0.0,0.0001,1.8245,-0.0004,6.5009,35.3987,8.5255,27.5062,36.3747
446.0,893.0,8.5963,37.5431,98.68,184.7843,0.0214,0.0001,99.8339,202.1245,48.7296,-17.1807,0.0,0.0001,1.8257,0.0008,6.4984,35.3986,8.4975,27.5104,36.3803
447.0,895.0,8.6169,37.5713,98.68,185.0458,0.023,0.0001,99.8144,202.1245,48.7296,-17.1807,0.0,0.0001,1.8278,0.0008,6.4989,35.4069,8.5178,27.5138,36.3826
448.0,897.0,8.6197,37.5772,98.68,185.2493,0.0195,0.0001,99.7904,202.1245,48.7296,-17.1807,0.0,0.0001,1.8284,0.0005,6.5027,35.4094,8.5203,27.5154,36.384
449.0,899.0,8.5991,37.5563,83.5153,184.8821,0.0224,0.0001,99.8112,202.1245,48.7296,-17.1807,0.0,0.0001,1.8278,-0.0004,6.5068,35.4071,8.4996,27.5168,36.3864
450.0,901.0,8.5744,37.5311,95.716,185.1191,0.0225,0.0001,99.8228,202.1245,48.7296,-17.1807,0.0,0.0001,1.8278,-0.0001,6.5087,35.4042,8.4748,27.5184,36.3892
451.0,903.0,8.5511,37.5102,97.1617,185.6591,0.0193,0.0001,99.8163,202.1246,48.7296,-17.1807,0.0,0.0001,1.8291,0.0006,6.5093,35.4043,8.4514,27.5221,36.3939
452.0,905.0,8.547,37.5077,98.68,185.5803,0.0176,0.0001,99.8112,202.1246,48.7296,-17.1807,0.0,0.0001,1.8291,0.0001,6.5131,35.4049,8.4471,27.5233,36.3952
453.0,907.0,8.5378,37.4989,98.5656,185.7103,0.0189,0.0001,99.8103,202.1246,48.7296,-17.1808,0.0,0.0001,1.8283,-0.0003,6.5271,35.4039,8.4378,27.524,36.3964
454.0,909.0,8.4701,37.4253,98.68,186.0211,0.0185,0.0001,99.8293,202.1246,48.7296,-17.1808,0.0,0.0001,1.8284,-0.0001,6.5341,35.3925,8.3702,27.5255,36.4011
455.0,911.0,8.3963,37.3479,98.68,186.7167,0.0208,0.0001,99.8352,202.1247,48.7296,-17.1808,0.0,0.0001,1.8303,0.0007,6.5384,35.3833,8.2967,27.5297,36.4086
456.0,913.0,8.3568,37.307,98.5526,186.9435,0.0205,0.0001,99.8441,202.1247,48.7296,-17.1808,0.0,0.0001,1.8312,0.0006,6.5416,35.3785,8.2572,27.532,36.4128
457.0,915.0,8.348,37.298,80.8144,186.9054,0.019,0.0001,99.8401,202.1247,48.7296,-17.1808,0.0,0.0001,1.8313,0.0,6.5449,35.3769,8.2483,27.5321,36.4133
458.0,917.0,8.3164,37.2651,92.4708,186.9756,0.0182,0.0001,99.8401,202.1247,48.7296,-17.1808,0.0,0.0001,1.8312,0.0001,6.5461,35.3727,8.2167,27.5337,36.4163
459.0,919.0,8.3104,37.2607,98.68,187.4102,0.0183,0.0001,99.8383,202.1248,48.7296,-17.1808,0.0,0.0001,1.8318,0.0006,6.5469,35.3728,8.2105,27.5347,36.4176
460.0,921.0,8.2969,37.2479,98.4647,187.5763,0.017,0.0001,99.8339,202.1248,48.7296,-17.1808,0.0,0.0001,1.8336,0.0005,6.5474,35.3718,8.1968,27.5361,36.4196
461.0,923.0,8.2938,37.2477,98.585,187.274,0.0199,0.0001,99.8401,202.1248,48.7296,-17.1808,0.0,0.0001,1.8339,0.0,6.5436,35.3738,8.1936,27.5381,36.4218
462.0,925.0,8.3148,37.276,98.68,187.5057,0.0208,0.0001,99.8401,202.1248,48.7296,-17.1808,0.0,0.0001,1.8337,0.0002,6.5426,35.3819,8.2141,27.5413,36.424
463.0,927.0,8.3182,37.2827,98.68,187.2066,0.0241,0.0001,99.8401,202.1248,48.7296,-17.1808,0.0,0.0001,1.8325,-0.0006,6.5515,35.3849,8.2173,27.5432,36.4257
464.0,929.0,8.2976,37.2665,77.5427,187.1401,0.0227,0.0001,99.8401,202.1249,48.7296,-17.1808,0.0,0.0001,1.8315,-0.0006,6.5521,35.3872,8.1966,27.5482,36.4316
465.0,931.0,8.258,37.2273,98.5171,187.9272,0.0181,0.0001,99.8401,202.1249,48.7296,-17.1808,0.0,0.0001,1.8327,0.0008,6.5506,35.3843,8.1571,27.5519,36.4371
466.0,933.0,8.2665,37.24,94.4709,187.8281,0.0187,0.0001,99.8401,202.1249,48.7296,-17.1808,0.0,0.0001,1.8339,0.0004,6.5469,35.3885,8.1653,27.554,36.4387
467.0,935.0,8.2922,37.2735,98.68,187.6224,0.0187,0.0001,99.8229,202.1249,48.7296,-17.1808,0.0,0.0001,1.8335,0.0,6.5448,35.3973,8.1906,27.557,36.4405
468.0,937.0,8.3026,37.2867,98.68,187.429,0.0193,0.0001,99.8279,202.125,48.7296,-17.1808,0.0,0.0001,1.8333,-0.0003,6.5442,35.4001,8.2006,27.5577,36.4406
469.0,939.0,8.31,37.2966,78.95,187.3076,0.021,0.0001,99.8401,202.125,48.7296,-17.1808,0.0,0.0001,1.8321,-0.0005,6.5422,35.4023,8.2078,27.5583,36.441
470.0,941.0,8.3131,37.3014,98.6761,187.5616,0.0246,0.0001,99.832,202.125,48.7296,-17.1808,0.0,0.0001,1.8321,0.0,6.5425,35.4034,8.2107,27.5587,36.4412
471.0,943.0,8.3233,37.3155,98.68,187.5774,0.0227,0.0001,99.8331,202.125,48.7296,-17.1808,0.0,0.0001,1.8323,-0.0001,6.5429,35.4072,8.2205,27.5602,36.4422
472.0,945.0,8.3129,37.3053,98.68,187.58,0.0234,0.0001,99.8315,202.1251,48.7296,-17.1808,0.0,0.0001,1.8315,-0.0002,6.5466,35.4058,8.2099,27.5607,36.4432
473.0,947.0,8.3138,37.3078,98.68,187.4744,0.0243,0.0001,99.8343,202.1251,48.7296,-17.1808,0.0,0.0001,1.8302,-0.0009,6.5606,35.4064,8.2106,27.5611,36.4436
474.0,949.0,8.2742,37.2642,98.68,187.285,0.0228,0.0001,99.8283,202.1251,48.7296,-17.1808,0.0,0.0001,1.8283,-0.0012,6.5706,35.399,8.1711,27.5614,36.4457
475.0,951.0,8.1873,37.1696,80.7811,187.9606,0.0186,0.0001,99.8334,202.1251,48.7296,-17.1808,0.0,0.0001,1.8286,-0.0001,6.5699,35.3846,8.0847,27.5632,36.4517
476.0,953.0,8.1371,37.1189,96.9736,189.0181,0.0165,0.0001,99.8353,202.1251,48.7296,-17.1808,0.0,0.0001,1.8319,0.0013,6.5644,35.3798,8.0345,27.5671,36.4578
477.0,955.0,8.1831,37.1746,98.68,188.8532,0.0198,0.0001,99.8401,202.1252,48.7296,-17.1808,0.0,0.0001,1.8317,0.0003,6.5729,35.3923,8.08,27.5699,36.4585
478.0,957.0,8.1698,37.1599,98.68,188.4374,0.0193,0.0001,99.8367,202.1252,48.7296,-17.1808,0.0,0.0001,1.8315,-0.0006,6.5771,35.389,8.0666,27.5694,36.4586
479.0,959.0,8.093,37.0792,98.68,189.2043,0.0207,0.0001,99.8401,202.1252,48.7296,-17.1808,0.0,0.0001,1.8318,0.0001,6.5908,35.3789,7.99,27.5731,36.4659
480.0,961.0,8.0265,37.008,52.4115,189.3784,0.024,0.0001,99.8329,202.1252,48.7296,-17.1808,0.0,0.0001,1.8315,0.0,6.5963,35.3687,7.9238,27.575,36.4709
481.0,963.0,7.995,36.9747,98.6775,190.0814,0.0251,0.0001,99.8304,202.1253,48.7296,-17.1808,0.0,0.0001,1.8337,0.0008,6.5979,35.3639,7.8923,27.576,36.4734
482.0,965.0,7.9646,36.9421,93.703,190.7704,0.0232,0.0001,99.818,202.1253,48.7296,-17.1808,0.0,0.0001,1.8358,0.0008,6.6106,35.3583,7.8619,27.5762,36.475
483.0,967.0,7.891,36.8611,98.68,190.7678,0.0206,0.0001,99.8401,202.1253,48.7296,-17.1808,0.0,0.0001,1.8364,0.0,6.6211,35.3444,7.7886,27.5762,36.4786
484.0,969.0,7.8365,36.8054,98.68,191.5181,0.0202,0.0001,99.8401,202.1253,48.7296,-17.1808,0.0,0.0001,1.8379,0.001,6.6212,35.3387,7.7343,27.5798,36.4847
485.0,971.0,7.8106,36.7797,90.8439,192.2023,0.0194,0.0001,99.8401,202.1253,48.7296,-17.1808,0.0,0.0001,1.8405,0.0017,6.6198,35.3365,7.7084,27.5819,36.488
486.0,973.0,7.8194,36.7936,82.3019,192.1013,0.0181,0.0001,99.8401,202.1254,48.7296,-17.1808,0.0,0.0001,1.843,0.0008,6.6179,35.3414,7.7168,27.5845,36.4902
487.0,975.0,7.8236,36.8014,92.8498,191.8729,0.0217,0.0001,99.8197,202.1254,48.7296,-17.1808,0.0,0.0001,1.8434,0.0,6.6204,35.3446,7.7208,27.5864,36.4918
488.0,977.0,7.8204,36.802,98.68,191.4673,0.0211,0.0001,99.8341,202.1254,48.7296,-17.1808,0.0,0.0001,1.8425,-0.0006,6.6211,35.3475,7.7174,27.5892,36.4947
489.0,979.0,7.8007,36.7842,98.68,191.8886,0.0227,0.0001,99.831,202.1255,48.7296,-17.1808,0.0,0.0001,1.8425,0.0,6.6208,35.3473,7.6976,27.592,36.4984
490.0,981.0,7.7916,36.7772,98.68,192.0328,0.0196,0.0001,99.8306,202.1255,48.7296,-17.1808,0.0,0.0001,1.843,-0.0001,6.6262,35.3481,7.6884,27.594,36.5009
491.0,983.0,7.7725,36.7622,86.9014,192.5796,0.02,0.0001,99.8367,202.1255,48.7296,-17.1808,0.0,0.0001,1.8433,0.0007,6.6272,35.3501,7.6692,27.5984,36.5061
492.0,985.0,7.7692,36.7601,98.68,192.3413,0.0214,0.0001,99.8348,202.1255,48.7296,-17.1808,0.0,0.0001,1.8436,0.0,6.6276,35.3504,7.6657,27.5992,36.507
493.0,987.0,7.7655,36.7589,98.4829,192.4511,0.0215,0.0001,99.8401,202.1256,48.7296,-17.1808,0.0,0.0001,1.8437,0.0001,6.627,35.3518,7.6617,27.6008,36.5089
494.0,989.0,7.765,36.7597,84.9179,192.4493,0.0225,0.0001,99.8431,202.1256,48.7296,-17.1808,0.0,0.0001,1.8437,0.0,6.628,35.3523,7.661,27.6013,36.5094
495.0,991.0,7.7639,36.7604,98.68,192.5622,0.0203,0.0001,99.8401,202.1256,48.7296,-17.1808,0.0,0.0001,1.8437,0.0001,6.6286,35.3531,7.6597,27.6022,36.5102
496.0,993.0,7.7547,36.7516,98.68,192.4991,0.0187,0.0001,99.7955,202.1257,48.7296,-17.1808,0.0,0.0001,1.8431,-0.0002,6.6334,35.3522,7.6503,27.6028,36.5114
497.0,995.0,7.7188,36.7162,98.68,192.8613,0.0187,0.0001,99.8285,202.1257,48.7296,-17.1808,0.0,0.0001,1.8437,0.0003,6.635,35.3492,7.6145,27.6057,36.516
498.0,997.0,7.7122,36.7117,98.68,193.1108,0.0212,0.0001,99.8443,202.1258,48.7296,-17.1808,0.0,0.0001,1.8447,0.0001,6.6367,35.3501,7.6077,27.6074,36.5179
499.0,999.0,7.698,36.6988,97.9536,193.0252,0.0255,0.0001,99.8491,202.1258,48.7296,-17.1808,0.0,0.0001,1.8438,0.0,6.6375,35.3497,7.5934,27.6092,36.5204
500.0,1001.0,7.6757,36.677,91.603,193.4549,0.0209,0.0001,99.8445,202.1259,48.7296,-17.1808,0.0,0.0001,1.8457,0.0002,6.6409,35.3477,7.5711,27.6109,36.5231
501.0,1003.0,7.6771,36.6811,98.5485,193.5758,0.0211,0.0001,99.8427,202.1259,48.7296,-17.1808,0.0,0.0001,1.8462,0.0002,6.642,35.3497,7.5722,27.6124,36.5245
502.0,1005.0,7.6847,36.6934,91.5752,193.5491,0.0191,0.0001,99.8421,202.126,48.7296,-17.1808,0.0,0.0001,1.8469,0.0,6.6387,35.3545,7.5795,27.615,36.5267
503.0,1007.0,7.7034,36.717,97.2888,193.3531,0.0196,0.0001,99.8321,202.1261,48.7296,-17.1808,0.0,0.0001,1.846,-0.0001,6.6378,35.3601,7.5978,27.6168,36.5276
504.0,1009.0,7.7013,36.7155,93.0973,193.5283,0.021,0.0001,99.826,202.1262,48.7296,-17.1808,0.0,0.0001,1.8459,0.0001,6.6375,35.3595,7.5955,27.6166,36.5275
505.0,1011.0,7.7022,36.7165,93.928,193.4999,0.0202,0.0001,99.8091,202.1264,48.7296,-17.1808,0.0,0.0001,1.8461,-0.0001,6.6378,35.3587,7.5963,27.6159,36.5268
506.0,1013.0,7.6816,36.6968,95.3581,193.6509,0.0195,0.0001,99.779,202.1266,48.7296,-17.1807,0.0,0.0001,1.846,0.0,6.6403,35.3576,7.5756,27.6181,36.5299
