Datacycle,press,temp,cond,alt,oxygen,fluor,atten,trans,jday,lat,lon,PAR,UPAR,oxV,oxdVdt,oxysat,salin,potemp,sigma0,sigma2
1.0,1.0,15.0951,43.6539,47.5661,246.3,1.102,0.0035,91.6131,203.2395,49.085,-16.912,0.0,0.0001,2.7281,-0.0006,5.6568,35.5855,15.0949,26.4025,35.007
2.0,3.0,15.0953,43.6548,78.4231,246.5284,1.0902,0.0035,91.5264,203.2396,49.085,-16.912,0.0,0.0001,2.7277,0.0004,5.6567,35.5855,15.0948,26.4025,35.007
3.0,5.0,15.0953,43.6558,42.4591,247.0715,1.0985,0.0035,91.5912,203.2398,49.0849,-16.912,0.0,0.0001,2.7323,0.0003,5.6567,35.5856,15.0946,26.4027,35.0072
4.0,7.0,15.0952,43.6566,75.3212,247.4069,1.1112,0.0035,91.6446,203.2399,49.0849,-16.912,0.0,0.0001,2.7353,0.0,5.6567,35.5856,15.0942,26.4028,35.0073
5.0,9.0,15.0957,43.6582,74.7639,247.8099,1.1011,0.0035,91.6105,203.24,49.0849,-16.912,0.0,0.0001,2.7373,0.0006,5.6565,35.5857,15.0944,26.4028,35.0073
6.0,11.0,15.0971,43.6603,93.5562,247.8871,1.0878,0.0035,91.651,203.2401,49.0848,-16.912,0.0,0.0001,2.7386,0.0001,5.6564,35.5855,15.0955,26.4024,35.0069
7.0,13.0,15.0979,43.6621,90.1905,247.9548,1.1076,0.0035,91.6201,203.2402,49.0848,-16.912,0.0,0.0001,2.7391,-0.0002,5.6564,35.5855,15.0959,26.4023,35.0068
8.0,15.0,15.0981,43.663,95.56,247.7134,1.247,0.0035,91.6436,203.2403,49.0848,-16.912,0.0,0.0001,2.7369,-0.0006,5.6564,35.5854,15.0959,26.4023,35.0067
9.0,17.0,15.098,43.6637,98.71,247.3622,1.1487,0.0035,91.6221,203.2403,49.0848,-16.912,0.0,0.0001,2.7326,-0.001,5.6565,35.5855,15.0954,26.4024,35.0069
10.0,19.0,15.0962,43.6634,85.6698,248.2396,1.0914,0.0035,91.7275,203.2403,49.0848,-16.912,0.0,0.0001,2.7369,0.001,5.6564,35.5859,15.0933,26.4032,35.0077
11.0,21.0,15.0975,43.6655,81.5696,247.8961,1.0761,0.0035,91.6982,203.2404,49.0848,-16.912,0.0,0.0001,2.7363,-0.0006,5.6563,35.586,15.0944,26.403,35.0075
12.0,23.0,15.0989,43.6679,88.0761,248.1748,1.078,0.0035,91.6715,203.2404,49.0848,-16.912,0.0,0.0001,2.7376,0.0001,5.6564,35.5859,15.0954,26.4027,35.0072
13.0,25.0,15.0982,43.6682,98.71,247.9917,1.0744,0.0035,91.7437,203.2404,49.0848,-16.912,0.0,0.0001,2.7349,-0.0007,5.6599,35.586,15.0945,26.403,35.0075
14.0,27.0,15.0753,43.6503,98.71,247.1268,1.0592,0.0034,91.8727,203.2405,49.0847,-16.912,0.0,0.0001,2.7286,-0.003,5.6706,35.5895,15.0712,26.4108,35.0161
15.0,29.0,14.9531,43.5374,98.71,246.7706,0.9378,0.0027,93.5385,203.2405,49.0847,-16.912,0.0,0.0001,2.7216,-0.0026,5.6775,35.597,14.9486,26.4437,35.0533
16.0,31.0,14.8896,43.4788,98.71,244.9502,0.8133,0.0024,94.0948,203.2405,49.0847,-16.912,0.0,0.0001,2.706,-0.0059,5.6961,35.6007,14.8849,26.4606,35.0724
17.0,33.0,14.7258,43.3236,80.6897,243.1227,0.6942,0.002,95.0795,203.2406,49.0847,-16.9121,0.0,0.0001,2.6834,-0.008,5.7311,35.6071,14.7209,26.5015,35.1191
18.0,35.0,14.4738,43.086,82.6569,238.5018,0.567,0.0016,96.0525,203.2406,49.0847,-16.9121,0.0,0.0001,2.6551,-0.0121,5.7165,35.6185,14.4686,26.5651,35.1917
19.0,37.0,14.3081,42.9319,91.3982,241.6572,0.4501,0.0013,96.6947,203.2406,49.0847,-16.9121,0.0,0.0001,2.6517,-0.0019,5.7474,35.6276,14.3026,26.6079,35.2404
20.0,39.0,14.2596,42.8842,98.71,238.0807,0.4369,0.0013,96.9187,203.2407,49.0847,-16.9121,0.0,0.0001,2.6286,-0.0088,5.7632,35.6273,14.2538,26.6181,35.2524
21.0,41.0,14.162,42.7897,64.2796,238.5087,0.3684,0.0012,97.1725,203.2407,49.0847,-16.9121,0.0,0.0001,2.6146,-0.0054,5.8006,35.6287,14.156,26.64,35.278
22.0,43.0,13.8503,42.4708,98.71,236.2986,0.3045,0.0009,97.6498,203.2407,49.0847,-16.9121,0.0,0.0001,2.5852,-0.0108,5.873,35.6185,13.8441,26.6981,35.3477
23.0,45.0,13.304,41.9096,98.71,236.0959,0.2111,0.0007,98.1664,203.2408,49.0847,-16.9121,0.0,0.0001,2.566,-0.0073,5.9092,35.5975,13.2977,26.7953,35.4657
24.0,47.0,12.9592,41.571,93.0076,236.8621,0.1509,0.0006,98.4434,203.2408,49.0847,-16.9121,0.0,0.0001,2.5567,-0.0023,5.9231,35.5976,12.9528,26.8656,35.5491
25.0,49.0,12.8545,41.4694,88.4441,236.6412,0.1356,0.0006,98.5507,203.2408,49.0846,-16.9121,0.0,0.0001,2.5487,-0.0034,5.9519,35.598,12.8479,26.8871,35.5746
26.0,51.0,12.6463,41.2737,98.529,235.9409,0.1159,0.0005,98.7698,203.2408,49.0846,-16.9121,0.0,0.0001,2.5388,-0.0039,5.9687,35.6056,12.6394,26.9346,35.63
27.0,53.0,12.4608,41.0866,90.9701,236.1136,0.0938,0.0004,98.9306,203.2409,49.0846,-16.9121,0.0,0.0001,2.5333,-0.0016,5.9746,35.5996,12.4537,26.9666,35.6693
28.0,55.0,12.4078,41.0533,83.4112,236.3453,0.0713,0.0003,99.2109,203.2409,49.0846,-16.9121,0.0,0.0001,2.5318,-0.0005,5.9735,35.6167,12.4005,26.9904,35.695
29.0,57.0,12.4263,41.0811,82.832,235.8065,0.0581,0.0003,99.3471,203.241,49.0846,-16.9121,0.0,0.0001,2.5276,-0.0016,5.9792,35.6253,12.4187,26.9935,35.6972
30.0,59.0,12.3867,41.0406,96.818,235.3197,0.053,0.0002,99.4142,203.241,49.0846,-16.9121,0.0,0.0001,2.5218,-0.0022,5.9885,35.6228,12.3788,26.9994,35.7047
31.0,61.0,12.3188,40.9658,98.71,235.4366,0.0527,0.0002,99.4593,203.241,49.0846,-16.9121,0.0,0.0001,2.519,-0.001,5.9902,35.614,12.3107,27.0059,35.714
32.0,63.0,12.2932,40.9415,84.9388,235.6534,0.0516,0.0002,99.5017,203.2411,49.0846,-16.9121,0.0,0.0001,2.5185,-0.0005,5.9925,35.6137,12.2848,27.0107,35.7198
33.0,65.0,12.2752,40.922,91.79,234.7447,0.0453,0.0002,99.5576,203.2411,49.0846,-16.9121,0.0,0.0001,2.513,-0.002,5.9945,35.6111,12.2666,27.0123,35.7221
34.0,67.0,12.2675,40.9152,98.6412,235.2892,0.0477,0.0002,99.5802,203.2411,49.0846,-16.9121,0.0,0.0001,2.513,0.0001,5.9919,35.6108,12.2586,27.0136,35.7238
35.0,69.0,12.2614,40.9094,95.3267,235.6484,0.0454,0.0002,99.5942,203.2412,49.0846,-16.9121,0.0,0.0001,2.5143,0.0,5.9975,35.6101,12.2522,27.0143,35.7247
36.0,71.0,12.2181,40.8609,96.0647,234.6117,0.0467,0.0002,99.5958,203.2412,49.0845,-16.9121,0.0,0.0001,2.5081,-0.0025,6.0074,35.6031,12.2087,27.0173,35.7295
37.0,73.0,12.1752,40.8135,97.7698,234.9969,0.0497,0.0001,99.6443,203.2412,49.0845,-16.9121,0.0,0.0001,2.5065,-0.0007,6.0079,35.5969,12.1655,27.0209,35.7349
38.0,75.0,12.1529,40.7921,98.6523,234.7262,0.0438,0.0001,99.6958,203.2412,49.0845,-16.9121,0.0,0.0001,2.5034,-0.0011,6.0122,35.5964,12.143,27.0249,35.7398
39.0,77.0,12.1281,40.7677,98.71,234.5996,0.0397,0.0001,99.7927,203.2413,49.0845,-16.9121,0.0,0.0001,2.5006,-0.0008,6.0145,35.5954,12.1179,27.029,35.7449
40.0,79.0,12.1063,40.7444,96.5589,234.9653,0.0362,0.0001,99.8198,203.2413,49.0845,-16.9121,0.0,0.0001,2.5004,-0.0002,6.0198,35.5926,12.0959,27.0311,35.7479
41.0,81.0,12.0701,40.702,77.9564,235.538,0.0341,0.0001,99.7904,203.2414,49.0845,-16.9121,0.0,0.0001,2.5009,0.0003,6.028,35.585,12.0595,27.0322,35.7505
42.0,83.0,12.0121,40.6328,94.7224,240.5648,0.0341,0.0001,99.8629,203.2414,49.0845,-16.9121,0.0,0.0001,2.5206,0.0105,6.0243,35.5717,12.0012,27.0331,35.7539
43.0,85.0,11.9971,40.6168,98.7009,239.9977,0.0357,0.0001,99.8742,203.2414,49.0845,-16.9121,0.0,0.0001,2.5312,0.003,6.0313,35.5696,11.986,27.0344,35.7558
44.0,87.0,11.9716,40.5881,78.8796,243.8679,0.0334,0.0,99.9071,203.2415,49.0845,-16.9121,0.0,0.0001,2.5508,0.0077,6.0338,35.5647,11.9602,27.0355,35.7581
45.0,89.0,11.9696,40.5868,92.205,243.3973,0.0261,0.0,99.9135,203.2415,49.0845,-16.9121,0.0,0.0001,2.5586,0.0033,6.0329,35.5646,11.958,27.0359,35.7585
46.0,91.0,11.9672,40.5857,90.5564,242.5896,0.0279,0.0,99.9306,203.2415,49.0845,-16.9122,0.0,0.0001,2.5585,-0.0003,6.0339,35.5649,11.9554,27.0366,35.7593
47.0,93.0,11.9624,40.5816,93.2743,241.7502,0.0288,0.0,99.9448,203.2416,49.0844,-16.9122,0.0,0.0001,2.5531,-0.0017,6.0364,35.5646,11.9503,27.0373,35.7603
48.0,95.0,11.9504,40.5691,95.9921,242.5484,0.0263,0.0,99.9455,203.2416,49.0844,-16.9122,0.0,0.0001,2.554,0.0007,6.0351,35.5629,11.938,27.0384,35.7618
49.0,97.0,11.9293,40.5468,98.71,241.7755,0.0309,0.0,99.9448,203.2416,49.0844,-16.9122,0.0,0.0001,2.5516,-0.0015,6.0383,35.5604,11.9166,27.0405,35.7649
50.0,99.0,11.933,40.5531,98.71,241.1122,0.0283,0.0,99.9542,203.2417,49.0844,-16.9122,0.0,0.0001,2.5471,-0.0012,6.0386,35.5619,11.9201,27.0411,35.7652
51.0,101.0,11.9321,40.5534,84.05,241.1185,0.026,0.0,99.9675,203.2417,49.0844,-16.9122,0.0,0.0001,2.5426,-0.0009,6.0396,35.5622,11.9189,27.0415,35.7657
52.0,103.0,11.9249,40.5457,95.2037,240.6098,0.0242,0.0,99.9598,203.2417,49.0844,-16.9122,0.0,0.0001,2.5392,-0.0013,6.0395,35.5607,11.9115,27.0418,35.7663
53.0,105.0,11.9271,40.5509,98.7006,239.6948,0.0277,0.0,99.9712,203.2418,49.0844,-16.9122,0.0,0.0001,2.5338,-0.0023,6.0394,35.5628,11.9134,27.043,35.7674
54.0,107.0,11.9226,40.5475,98.6,239.9029,0.0293,0.0,99.9999,203.2418,49.0844,-16.9122,0.0,0.0001,2.5308,-0.0008,6.0396,35.5628,11.9087,27.0439,35.7685
55.0,109.0,11.9258,40.5517,98.695,239.3499,0.0289,0.0,100.003,203.2418,49.0844,-16.9122,0.0,0.0001,2.5273,-0.0014,6.0399,35.5632,11.9116,27.0437,35.7682
56.0,111.0,11.9159,40.5422,88.9036,239.6956,0.0302,0.0,99.9974,203.2419,49.0844,-16.9122,0.0,0.0001,2.5266,-0.0001,6.0407,35.5624,11.9014,27.0451,35.77
57.0,113.0,11.9169,40.544,95.9191,239.4562,0.0298,0.0,100.0043,203.242,49.0843,-16.9122,0.0,0.0001,2.5243,-0.0003,6.0409,35.5622,11.9021,27.0448,35.7696
58.0,115.0,11.9135,40.5411,87.3836,239.3225,0.0287,0.0,100.0051,203.2421,49.0843,-16.9122,0.0,0.0001,2.5225,-0.0001,6.0415,35.5619,11.8985,27.0452,35.7702
59.0,117.0,11.9051,40.5323,98.71,239.601,0.0297,0.0,100.0138,203.2422,49.0843,-16.9122,0.0,0.0001,2.5226,0.0,6.0457,35.5604,11.8899,27.0457,35.771
60.0,119.0,11.8626,40.4875,87.5619,239.6652,0.0285,0.0,100.0157,203.2423,49.0843,-16.9122,0.0,0.0001,2.5221,0.0,6.0473,35.5561,11.8471,27.0505,35.7776
61.0,121.0,11.8583,40.4832,97.403,239.591,0.0287,0.0,100.024,203.2423,49.0842,-16.9122,0.0,0.0001,2.5219,-0.0005,6.0487,35.5552,11.8426,27.0507,35.778
62.0,123.0,11.8419,40.4665,98.71,238.3985,0.0315,0.0,99.9935,203.2424,49.0842,-16.9122,0.0,0.0001,2.5146,-0.002,6.0498,35.5533,11.8258,27.0524,35.7804
63.0,125.0,11.8437,40.4693,82.9253,238.3656,0.0296,0.0,99.9926,203.2424,49.0842,-16.9122,0.0,0.0001,2.511,-0.0011,6.0519,35.5536,11.8275,27.0523,35.7803
64.0,127.0,11.8274,40.4534,98.71,237.2459,0.0309,0.0,99.9992,203.2425,49.0842,-16.9122,0.0,0.0001,2.5038,-0.0024,6.0531,35.5528,11.811,27.0549,35.7835
65.0,129.0,11.8229,40.4501,98.7006,236.8443,0.0278,0.0,99.974,203.2425,49.0842,-16.9122,0.0,0.0001,2.4981,-0.0017,6.0525,35.5528,11.8061,27.0558,35.7846
66.0,131.0,11.8255,40.4562,73.719,237.6919,0.0297,0.0,99.8603,203.2425,49.0842,-16.9122,0.0,0.0001,2.4992,0.0007,6.0528,35.5553,11.8085,27.0573,35.786
67.0,133.0,11.8171,40.4487,93.8093,236.1004,0.0264,0.0,99.9866,203.2426,49.0842,-16.9122,0.0,0.0001,2.4924,-0.0026,6.0557,35.5552,11.7999,27.0589,35.7879
68.0,135.0,11.8017,40.4325,98.68,235.8505,0.0255,0.0,99.97,203.2426,49.0842,-16.9122,0.0,0.0001,2.4864,-0.0015,6.0566,35.5531,11.7842,27.0602,35.7898
69.0,137.0,11.7949,40.4261,98.71,236.7062,0.0292,0.0,99.9809,203.2426,49.0842,-16.9122,0.0,0.0001,2.4881,0.0009,6.0556,35.5523,11.7771,27.0609,35.7909
70.0,139.0,11.7891,40.4206,91.495,236.5153,0.0299,0.0,99.9849,203.2427,49.0842,-16.9122,0.0,0.0001,2.488,-0.0002,6.0573,35.5517,11.7711,27.0616,35.7918
71.0,141.0,11.7922,40.4255,86.0666,235.9615,0.0285,0.0,99.9805,203.2427,49.0841,-16.9123,0.0,0.0001,2.4847,-0.0011,6.0592,35.5527,11.774,27.0618,35.7919
72.0,143.0,11.7749,40.4097,98.71,235.6151,0.033,0.0,99.9792,203.2427,49.0841,-16.9123,0.0,0.0001,2.4816,-0.0012,6.0581,35.5529,11.7564,27.0653,35.7961
73.0,145.0,11.7807,40.4197,74.0901,234.816,0.0291,0.0,100.0029,203.2428,49.0841,-16.9123,0.0,0.0001,2.4764,-0.0021,6.0579,35.5562,11.7619,27.0669,35.7974
74.0,147.0,11.7815,40.4225,93.2003,235.3528,0.0307,0.0,99.9872,203.2428,49.0841,-16.9123,0.0,0.0001,2.476,0.0,6.0579,35.5573,11.7625,27.0676,35.7981
75.0,149.0,11.7846,40.428,95.9551,233.5934,0.0294,0.0,99.9556,203.2428,49.0841,-16.9123,0.0,0.0001,2.4684,-0.0035,6.0588,35.559,11.7654,27.0684,35.7987
76.0,151.0,11.7753,40.4208,98.71,233.8696,0.0302,0.0,99.9306,203.2429,49.0841,-16.9123,0.0,0.0001,2.4644,-0.0013,6.061,35.5598,11.7558,27.0708,35.8015
77.0,153.0,11.7601,40.405,98.7062,234.2032,0.0307,0.0,99.9358,203.2429,49.0841,-16.9123,0.0,0.0001,2.464,-0.0001,6.0613,35.558,11.7403,27.0723,35.8037
78.0,155.0,11.7564,40.4028,98.1644,234.5887,0.0259,0.0,99.9505,203.243,49.0841,-16.9123,0.0,0.0001,2.4651,0.0004,6.0621,35.5583,11.7363,27.0733,35.8048
79.0,157.0,11.7531,40.3998,97.6227,234.5723,0.0295,0.0,99.9437,203.243,49.0841,-16.9123,0.0,0.0001,2.4654,-0.0001,6.063,35.5578,11.7328,27.0737,35.8053
80.0,159.0,11.7391,40.3858,86.1821,235.1935,0.0302,0.0,99.9482,203.243,49.0841,-16.9123,0.0,0.0001,2.4672,0.0009,6.0637,35.5564,11.7185,27.0752,35.8075
81.0,161.0,11.7313,40.3779,95.5536,234.8317,0.0301,0.0,99.9405,203.243,49.084,-16.9123,0.0,0.0001,2.4664,-0.0004,6.065,35.5553,11.7106,27.0759,35.8084
82.0,163.0,11.7268,40.3742,98.34,235.3361,0.0263,0.0,99.9303,203.2431,49.084,-16.9123,0.0,0.0001,2.4684,0.0007,6.0645,35.5551,11.7057,27.0766,35.8094
83.0,165.0,11.7162,40.3626,98.6464,235.4068,0.0309,0.0,99.9269,203.2431,49.084,-16.9123,0.0,0.0001,2.4689,0.0,6.07,35.5531,11.695,27.0771,35.8103
84.0,167.0,11.6882,40.332,98.71,235.9119,0.0277,0.0,99.9224,203.2431,49.084,-16.9123,0.0,0.0001,2.4698,0.0008,6.072,35.5488,11.6667,27.0792,35.8136
85.0,169.0,11.6759,40.3207,82.7786,236.393,0.0283,0.0,99.9301,203.2432,49.084,-16.9123,0.0,0.0001,2.4722,0.0011,6.0724,35.5486,11.6541,27.0814,35.8163
86.0,171.0,11.6718,40.3182,95.8406,235.94,0.029,0.0,99.9043,203.2432,49.084,-16.9123,0.0,0.0001,2.4713,-0.0005,6.0743,35.5491,11.6498,27.0826,35.8177
87.0,173.0,11.6586,40.3049,98.71,235.709,0.027,0.0,99.9305,203.2433,49.084,-16.9123,0.0,0.0001,2.4693,-0.0009,6.0759,35.5478,11.6364,27.0841,35.8198
88.0,175.0,11.6448,40.2912,98.485,236.3608,0.0278,0.0,99.9128,203.2433,49.084,-16.9123,0.0,0.0001,2.4706,0.0004,6.0787,35.5464,11.6223,27.0857,35.8219
89.0,177.0,11.6257,40.2702,88.4174,236.4047,0.0293,0.0,99.8664,203.2433,49.084,-16.9123,0.0,0.0001,2.4712,0.0,6.0791,35.5431,11.6029,27.0868,35.8238
90.0,179.0,11.6075,40.2507,78.3499,236.6483,0.0263,0.0,99.9012,203.2434,49.084,-16.9123,0.0,0.0001,2.4718,0.0001,6.0809,35.5404,11.5845,27.0881,35.826
91.0,181.0,11.6082,40.2528,95.9829,236.2923,0.0255,0.0,99.8949,203.2434,49.0839,-16.9123,0.0,0.0001,2.4701,-0.0006,6.0811,35.541,11.5849,27.0885,35.8263
92.0,183.0,11.6091,40.2552,86.9179,236.7237,0.0242,0.0,99.8925,203.2434,49.0839,-16.9123,0.0,0.0001,2.4703,0.0004,6.0808,35.5416,11.5855,27.0888,35.8266
93.0,185.0,11.6087,40.2568,77.8529,236.6595,0.0374,0.0001,99.8551,203.2435,49.0839,-16.9123,0.0,0.0001,2.4711,-0.0001,6.0811,35.5425,11.5849,27.0897,35.8275
94.0,187.0,11.6114,40.2598,98.6971,235.7401,0.028,0.0,99.8834,203.2435,49.0839,-16.9123,0.0,0.0001,2.4697,-0.0024,6.0814,35.5424,11.5874,27.0892,35.8268
95.0,189.0,11.6057,40.2586,84.5641,236.4264,0.0287,0.0001,99.893,203.2435,49.0839,-16.9123,0.0,0.0001,2.4682,0.0,6.081,35.5456,11.5815,27.0928,35.8306
96.0,191.0,11.6017,40.2557,98.6987,236.5015,0.0275,0.0,99.8866,203.2436,49.0839,-16.9123,0.0,0.0001,2.4682,0.0,6.0816,35.5456,11.5772,27.0936,35.8316
97.0,193.0,11.6015,40.2558,96.3276,236.4066,0.0283,0.0,99.8841,203.2436,49.0839,-16.9123,0.0,0.0001,2.4664,-0.0003,6.0823,35.5451,11.5768,27.0933,35.8313
98.0,195.0,11.5961,40.252,93.9564,236.5515,0.0261,0.0001,99.8308,203.2436,49.0839,-16.9123,0.0,0.0001,2.4673,0.0,6.0823,35.5454,11.571,27.0946,35.8329
99.0,197.0,11.5982,40.2547,98.71,236.0984,0.0293,0.0,99.8873,203.2437,49.0838,-16.9123,0.0,0.0001,2.4651,-0.0011,6.0839,35.5456,11.5729,27.0944,35.8326
100.0,199.0,11.5671,40.2214,73.717,236.6038,0.0283,0.0001,99.8562,203.2437,49.0838,-16.9123,0.0,0.0001,2.4655,0.0,6.0869,35.5415,11.5416,27.097,35.8365
101.0,201.0,11.5468,40.198,96.263,236.5272,0.0268,0.0001,99.8571,203.2438,49.0838,-16.9123,0.0,0.0001,2.4641,-0.0003,6.0896,35.5368,11.5211,27.0973,35.8377
102.0,203.0,11.5239,40.173,98.6927,236.819,0.0254,0.0001,99.8883,203.2438,49.0838,-16.9123,0.0,0.0001,2.4643,0.0002,6.0924,35.5333,11.4979,27.0989,35.8402
103.0,205.0,11.5239,40.1746,98.6987,236.9144,0.0282,0.0001,99.845,203.2439,49.0838,-16.9123,0.0,0.0001,2.4653,0.0,6.0918,35.5339,11.4977,27.0994,35.8407
104.0,207.0,11.5263,40.1784,98.71,236.138,0.0269,0.0001,99.8723,203.2439,49.0838,-16.9123,0.0,0.0001,2.4617,-0.0014,6.092,35.5346,11.4998,27.0996,35.8408
105.0,209.0,11.5296,40.1835,63.1352,236.7375,0.0278,0.0001,99.8684,203.244,49.0838,-16.9123,0.0,0.0001,2.4625,0.0003,6.0912,35.5356,11.5029,27.0998,35.8409
106.0,211.0,11.5361,40.1935,97.4944,236.484,0.0258,0.0001,99.867,203.244,49.0837,-16.9123,0.0,0.0001,2.4612,-0.0004,6.0909,35.5382,11.509,27.1006,35.8415
107.0,213.0,11.5364,40.1947,87.5523,235.8343,0.0288,0.0001,99.8654,203.2441,49.0837,-16.9123,0.0,0.0001,2.4581,-0.0015,6.0911,35.5385,11.5092,27.1008,35.8417
108.0,215.0,11.5306,40.1921,98.696,235.989,0.0268,0.0001,99.849,203.2441,49.0837,-16.9123,0.0,0.0001,2.4559,-0.0004,6.0926,35.5403,11.5031,27.1033,35.8444
109.0,217.0,11.5166,40.1778,98.71,235.4663,0.0254,0.0001,99.8275,203.2441,49.0837,-16.9123,0.0,0.0001,2.453,-0.0013,6.0925,35.5389,11.4888,27.1049,35.8466
110.0,219.0,11.4995,40.1582,91.4501,235.753,0.0257,0.0001,99.8518,203.2442,49.0837,-16.9123,0.0,0.0001,2.4521,-0.0004,6.0957,35.535,11.4715,27.1052,35.8476
111.0,221.0,11.4888,40.1473,98.643,235.3072,0.0273,0.0001,99.8396,203.2442,49.0837,-16.9123,0.0,0.0001,2.4487,-0.001,6.0983,35.5336,11.4606,27.1061,35.849
112.0,223.0,11.4685,40.1254,76.5696,235.3268,0.0252,0.0001,99.8467,203.2443,49.0836,-16.9123,0.0,0.0001,2.4463,-0.0004,6.1005,35.5304,11.4401,27.1075,35.8512
113.0,225.0,11.459,40.1158,93.8773,234.5329,0.0254,0.0001,99.8112,203.2443,49.0836,-16.9123,0.0,0.0001,2.442,-0.0016,6.1008,35.5291,11.4303,27.1083,35.8524
114.0,227.0,11.447,40.1031,98.577,234.953,0.0256,0.0001,99.8329,203.2444,49.0836,-16.9123,0.0,0.0001,2.4414,-0.0003,6.103,35.5274,11.4181,27.1092,35.8539
115.0,229.0,11.4252,40.0791,98.71,234.6693,0.0279,0.0001,99.8401,203.2444,49.0836,-16.9123,0.0,0.0001,2.4389,-0.0006,6.1043,35.5235,11.396,27.1103,35.8559
116.0,231.0,11.4216,40.0772,67.0567,234.4863,0.0257,0.0001,99.8331,203.2445,49.0836,-16.9123,0.0,0.0001,2.4372,-0.0008,6.1058,35.5244,11.3922,27.1117,35.8575
117.0,233.0,11.4051,40.0607,96.4071,232.6167,0.0225,0.0001,99.82,203.2445,49.0836,-16.9123,0.0,0.0001,2.4246,-0.0026,6.1091,35.5228,11.3755,27.1136,35.86
118.0,235.0,11.3977,40.0536,98.71,233.005,0.0238,0.0001,99.8473,203.2446,49.0836,-16.9123,0.0,0.0001,2.4225,-0.0007,6.1091,35.522,11.3678,27.1144,35.8612
119.0,237.0,11.4017,40.0601,78.85,232.9421,0.0233,0.0001,99.8483,203.2446,49.0835,-16.9123,0.0,0.0001,2.4201,-0.0002,6.1081,35.5236,11.3716,27.1149,35.8615
120.0,239.0,11.3999,40.0619,95.3061,232.8423,0.0239,0.0001,99.8521,203.2447,49.0835,-16.9123,0.0,0.0001,2.4194,-0.0004,6.1093,35.5264,11.3695,27.1175,35.8641
121.0,241.0,11.3923,40.0565,98.7,233.1511,0.0254,0.0001,99.8541,203.2447,49.0835,-16.9123,0.0,0.0001,2.4195,0.0004,6.1091,35.5275,11.3617,27.1199,35.8668
122.0,243.0,11.3887,40.0542,72.4959,233.2759,0.0238,0.0001,99.8503,203.2447,49.0835,-16.9123,0.0,0.0001,2.4212,0.0001,6.1098,35.5277,11.3578,27.1207,35.8678
123.0,245.0,11.4002,40.0705,97.0066,233.4208,0.0256,0.0001,99.8399,203.2448,49.0835,-16.9123,0.0,0.0001,2.4219,0.0003,6.1085,35.5319,11.369,27.1219,35.8685
124.0,247.0,11.4076,40.0811,61.8179,233.6568,0.0247,0.0001,99.8455,203.2448,49.0835,-16.9123,0.0,0.0001,2.4228,0.0006,6.1056,35.5345,11.3761,27.1226,35.8688
125.0,249.0,11.4325,40.1128,95.9783,234.1734,0.0222,0.0001,99.8454,203.2449,49.0835,-16.9123,0.0,0.0001,2.4262,0.001,6.1039,35.541,11.4008,27.1231,35.8682
126.0,251.0,11.4431,40.1275,98.6959,234.1386,0.0217,0.0001,99.8292,203.2449,49.0834,-16.9123,0.0,0.0001,2.4279,0.0002,6.1019,35.5447,11.4111,27.124,35.8687
127.0,253.0,11.455,40.1435,98.6989,235.1537,0.0231,0.0001,99.8268,203.245,49.0834,-16.9124,0.0,0.0001,2.431,0.0018,6.1018,35.5479,11.4227,27.1243,35.8685
128.0,255.0,11.4547,40.1437,98.702,234.7994,0.0243,0.0001,99.8282,203.245,49.0834,-16.9124,0.0,0.0001,2.4326,0.0003,6.1008,35.5478,11.4222,27.1244,35.8686
129.0,257.0,11.4579,40.1491,86.6271,235.0933,0.0219,0.0001,99.8193,203.2451,49.0834,-16.9124,0.0,0.0001,2.4343,0.0004,6.0992,35.549,11.4252,27.1248,35.8688
130.0,259.0,11.4666,40.1611,87.3172,235.0706,0.0218,0.0001,99.8401,203.2451,49.0834,-16.9124,0.0,0.0001,2.4343,0.0002,6.0985,35.5517,11.4335,27.1253,35.869
131.0,261.0,11.4743,40.1718,96.3578,235.2392,0.0226,0.0001,99.8258,203.2451,49.0834,-16.9124,0.0,0.0001,2.4349,0.0004,6.0978,35.5539,11.441,27.1256,35.869
132.0,263.0,11.4789,40.1787,84.4208,235.0525,0.0195,0.0001,99.7905,203.2452,49.0834,-16.9124,0.0,0.0001,2.4349,-0.0006,6.0994,35.5554,11.4453,27.126,35.8691
133.0,265.0,11.481,40.1827,91.5623,234.7705,0.0234,0.0001,99.8112,203.2452,49.0834,-16.9124,0.0,0.0001,2.4328,-0.001,6.0997,35.5565,11.4471,27.1265,35.8696
134.0,267.0,11.4349,40.13,98.7037,235.6392,0.0238,0.0001,99.8056,203.2452,49.0834,-16.9124,0.0,0.0001,2.4352,0.0009,6.0996,35.5477,11.4008,27.1282,35.8733
135.0,269.0,11.4403,40.1372,98.7008,235.0615,0.0208,0.0001,99.8042,203.2453,49.0833,-16.9124,0.0,0.0001,2.4333,-0.0009,6.1032,35.5489,11.406,27.1282,35.8731
136.0,271.0,11.4373,40.138,63.3143,235.5786,0.0237,0.0001,99.8112,203.2453,49.0833,-16.9124,0.0,0.0001,2.4333,0.0006,6.1029,35.5517,11.4027,27.131,35.876
137.0,273.0,11.4384,40.1407,85.2197,235.4895,0.0219,0.0001,99.802,203.2453,49.0833,-16.9124,0.0,0.0001,2.4335,0.0001,6.1026,35.5523,11.4036,27.1313,35.8762
138.0,275.0,11.4386,40.1417,98.5575,235.6927,0.0225,0.0001,99.7989,203.2453,49.0833,-16.9124,0.0,0.0001,2.4346,0.0002,6.1029,35.5523,11.4035,27.1314,35.8763
139.0,277.0,11.4361,40.14,98.6991,235.8671,0.0219,0.0001,99.8064,203.2454,49.0833,-16.9124,0.0,0.0001,2.4351,0.0002,6.1033,35.552,11.4008,27.1316,35.8766
140.0,279.0,11.4347,40.1393,51.6426,235.6234,0.0227,0.0001,99.799,203.2454,49.0833,-16.9124,0.0,0.0001,2.4343,-0.0007,6.1043,35.5519,11.3991,27.1318,35.8769
141.0,281.0,11.4301,40.1358,93.9291,235.6581,0.0217,0.0001,99.7716,203.2455,49.0833,-16.9124,0.0,0.0001,2.4337,-0.0003,6.1036,35.5518,11.3942,27.1327,35.878
142.0,283.0,11.4264,40.1326,98.2089,236.1589,0.0217,0.0001,99.792,203.2455,49.0833,-16.9124,0.0,0.0001,2.4354,0.0004,6.1042,35.5513,11.3903,27.133,35.8785
143.0,285.0,11.4263,40.1334,98.6935,235.6409,0.0207,0.0001,99.7972,203.2455,49.0833,-16.9124,0.0,0.0001,2.4335,-0.0009,6.1052,35.5514,11.39,27.1331,35.8786
144.0,287.0,11.4212,40.1294,98.71,236.0219,0.0196,0.0001,99.8028,203.2456,49.0832,-16.9124,0.0,0.0001,2.4335,0.0002,6.1048,35.5514,11.3845,27.1341,35.8798
145.0,289.0,11.4227,40.1322,65.0018,236.3558,0.02,0.0001,99.8032,203.2456,49.0832,-16.9124,0.0,0.0001,2.435,0.0006,6.1049,35.5517,11.3858,27.1342,35.8798
146.0,291.0,11.4237,40.134,95.5733,236.1422,0.0208,0.0001,99.7996,203.2456,49.0832,-16.9124,0.0,0.0001,2.435,-0.0004,6.1058,35.5519,11.3865,27.1342,35.8798
147.0,293.0,11.4168,40.1273,98.6875,235.4002,0.0209,0.0001,99.8112,203.2457,49.0832,-16.9124,0.0,0.0001,2.4312,-0.0017,6.1068,35.5511,11.3794,27.1349,35.8808
148.0,295.0,11.4109,40.1222,98.7025,235.4412,0.0204,0.0001,99.7838,203.2457,49.0832,-16.9124,0.0,0.0001,2.4294,-0.0009,6.1068,35.5507,11.3733,27.1357,35.8819
149.0,297.0,11.3986,40.1097,73.5207,235.2969,0.0231,0.0001,99.787,203.2457,49.0832,-16.9124,0.0,0.0001,2.4273,-0.0011,6.1088,35.5491,11.3608,27.1368,35.8835
150.0,299.0,11.3908,40.1019,84.0551,234.0147,0.0189,0.0001,99.8005,203.2458,49.0832,-16.9123,0.0,0.0001,2.4186,-0.0021,6.1103,35.548,11.3527,27.1375,35.8845
151.0,301.0,11.3878,40.0994,98.71,234.0858,0.0193,0.0001,99.7934,203.2458,49.0832,-16.9123,0.0,0.0001,2.4164,-0.0012,6.1096,35.5477,11.3495,27.1378,35.8849
152.0,303.0,11.381,40.0923,98.6984,234.4422,0.0233,0.0001,99.787,203.2458,49.0832,-16.9123,0.0,0.0001,2.4164,-0.0001,6.1109,35.5461,11.3424,27.1379,35.8853
153.0,305.0,11.3794,40.0903,98.6979,232.927,0.0224,0.0001,99.7828,203.2459,49.0832,-16.9123,0.0,0.0001,2.4094,-0.0029,6.1131,35.545,11.3406,27.1374,35.8849
154.0,307.0,11.3638,40.0739,75.5677,232.5787,0.0222,0.0001,99.7882,203.2459,49.0832,-16.9123,0.0,0.0001,2.4031,-0.0016,6.1119,35.5426,11.3247,27.1385,35.8867
155.0,309.0,11.3676,40.0795,98.7029,232.8566,0.0194,0.0001,99.7804,203.2459,49.0832,-16.9123,0.0,0.0001,2.4019,-0.0004,6.1117,35.5437,11.3283,27.1386,35.8867
156.0,311.0,11.377,40.0923,98.695,232.6233,0.0213,0.0001,99.7778,203.246,49.0832,-16.9123,0.0,0.0001,2.3993,-0.0007,6.1119,35.5465,11.3374,27.1391,35.8868
157.0,313.0,11.3562,40.0682,81.1964,232.5724,0.0212,0.0001,99.7803,203.246,49.0831,-16.9124,0.0,0.0001,2.3983,-0.0006,6.1159,35.5417,11.3163,27.1393,35.8879
158.0,315.0,11.3395,40.0506,96.9507,231.6325,0.0188,0.0001,99.7756,203.246,49.0831,-16.9124,0.0,0.0001,2.3928,-0.0017,6.1154,35.5394,11.2995,27.1406,35.8899
159.0,317.0,11.3443,40.0574,98.7213,232.058,0.0183,0.0001,99.7824,203.2461,49.0831,-16.9124,0.0,0.0001,2.392,-0.0003,6.1159,35.5405,11.3039,27.1407,35.8898
160.0,319.0,11.3383,40.0523,98.6877,231.7115,0.0202,0.0001,99.7651,203.2461,49.0831,-16.9124,0.0,0.0001,2.3898,-0.0007,6.1158,35.5406,11.2977,27.1419,35.8912
161.0,321.0,11.3439,40.061,87.8755,231.3278,0.0199,0.0001,99.7689,203.2461,49.0831,-16.9124,0.0,0.0001,2.3869,-0.0008,6.1151,35.5428,11.3031,27.1426,35.8917
162.0,323.0,11.3512,40.0709,98.6964,231.343,0.0234,0.0001,99.7824,203.2462,49.0831,-16.9124,0.0,0.0001,2.3856,-0.0005,6.1152,35.5448,11.3101,27.1429,35.8917
163.0,325.0,11.3474,40.0684,98.7006,230.681,0.0274,0.0001,99.7815,203.2462,49.0831,-16.9123,0.0,0.0001,2.3828,-0.0016,6.1151,35.5451,11.3061,27.1439,35.8928
164.0,327.0,11.3458,40.068,83.0871,230.8553,0.0247,0.0001,99.7809,203.2462,49.083,-16.9122,0.0,0.0001,2.3809,-0.0006,6.1156,35.5454,11.3042,27.1444,35.8934
165.0,329.0,11.3429,40.066,98.6634,231.0786,0.0231,0.0001,99.7824,203.2463,49.0831,-16.9123,0.0,0.0001,2.3809,0.0002,6.1161,35.5453,11.301,27.1449,35.8941
166.0,331.0,11.3387,40.0632,98.6993,231.9061,0.0233,0.0001,99.7804,203.2463,49.0831,-16.9123,0.0,0.0001,2.3835,0.0009,6.1173,35.5457,11.2966,27.1461,35.8954
167.0,333.0,11.3311,40.0559,98.7,230.8511,0.0236,0.0001,99.7716,203.2463,49.083,-16.9123,0.0,0.0001,2.381,-0.0014,6.1168,35.5446,11.2888,27.1467,35.8964
168.0,335.0,11.3268,40.0529,85.3148,231.403,0.0213,0.0001,99.7665,203.2464,49.083,-16.9123,0.0,0.0001,2.3811,0.0,6.1185,35.545,11.2842,27.1479,35.8977
169.0,337.0,11.3181,40.0441,93.9985,232.0437,0.0226,0.0001,99.7793,203.2464,49.083,-16.9124,0.0,0.0001,2.3826,0.0009,6.1199,35.5436,11.2752,27.1484,35.8986
170.0,339.0,11.3066,40.0323,98.6756,232.3365,0.0259,0.0001,99.7804,203.2464,49.083,-16.9124,0.0,0.0001,2.3848,0.0008,6.1208,35.542,11.2635,27.1494,35.9001
171.0,341.0,11.3043,40.0304,98.4945,232.8857,0.0257,0.0001,99.7783,203.2465,49.083,-16.9124,0.0,0.0001,2.3875,0.0013,6.1207,35.5417,11.261,27.1495,35.9003
172.0,343.0,11.3021,40.0288,98.6901,233.2926,0.0247,0.0001,99.7795,203.2465,49.083,-16.9124,0.0,0.0001,2.392,0.0009,6.1215,35.5414,11.2585,27.1498,35.9007
173.0,345.0,11.2939,40.0204,48.4998,234.5316,0.0227,0.0001,99.7963,203.2466,49.083,-16.9124,0.0,0.0001,2.3963,0.0023,6.1233,35.5398,11.2501,27.1501,35.9014
174.0,347.0,11.2829,40.0089,98.695,235.1658,0.0164,0.0001,99.8016,203.2466,49.083,-16.9124,0.0,0.0001,2.4005,0.0028,6.123,35.5382,11.2388,27.151,35.9027
175.0,349.0,11.2766,40.0026,93.0235,234.8121,0.0217,0.0001,99.727,203.2466,49.083,-16.9124,0.0,0.0001,2.4019,0.0008,6.1243,35.5372,11.2323,27.1514,35.9034
176.0,351.0,11.2733,40.0,82.3505,234.9091,0.019,0.0001,99.7436,203.2466,49.083,-16.9124,0.0,0.0001,2.4032,0.0002,6.1273,35.537,11.2288,27.1518,35.904
177.0,353.0,11.2575,39.9836,98.6918,235.0303,0.0212,0.0001,99.8072,203.2467,49.0829,-16.9124,0.0,0.0001,2.4035,0.0001,6.128,35.5347,11.2127,27.1531,35.9059
178.0,355.0,11.2528,39.9794,98.71,235.5651,0.021,0.0001,99.7751,203.2467,49.0829,-16.9124,0.0,0.0001,2.4053,0.001,6.1274,35.5343,11.2078,27.1537,35.9067
179.0,357.0,11.2596,39.9893,98.707,233.7949,0.0236,0.0001,99.7899,203.2467,49.0829,-16.9124,0.0,0.0001,2.3991,-0.0024,6.1265,35.5369,11.2143,27.1545,35.9072
180.0,359.0,11.2628,39.9948,80.4329,232.4786,0.0239,0.0001,99.7824,203.2468,49.0829,-16.9124,0.0,0.0001,2.389,-0.0027,6.1265,35.5384,11.2172,27.1551,35.9077
181.0,361.0,11.2625,39.9957,97.301,232.7989,0.0204,0.0001,99.7824,203.2468,49.0829,-16.9124,0.0,0.0001,2.3861,-0.0008,6.1266,35.5386,11.2167,27.1554,35.908
182.0,363.0,11.261,39.9949,98.2957,232.6324,0.0223,0.0001,99.7739,203.2468,49.0829,-16.9124,0.0,0.0001,2.3841,-0.0007,6.1271,35.5382,11.2149,27.1554,35.9081
183.0,365.0,11.257,39.9917,98.6962,232.5244,0.0244,0.0001,99.7519,203.2469,49.0829,-16.9124,0.0,0.0001,2.3822,-0.0006,6.1286,35.538,11.2107,27.156,35.9089
184.0,367.0,11.2466,39.9812,77.9491,232.645,0.0227,0.0001,99.7609,203.2469,49.0829,-16.9124,0.0,0.0001,2.3812,-0.0001,6.1291,35.5367,11.2001,27.1569,35.9103
185.0,369.0,11.2441,39.9794,86.0446,232.4845,0.0215,0.0001,99.7605,203.2469,49.0829,-16.9124,0.0,0.0001,2.38,-0.0004,6.1294,35.5364,11.1973,27.1572,35.9106
186.0,371.0,11.2415,39.9772,98.71,232.424,0.0205,0.0001,99.7728,203.247,49.0829,-16.9124,0.0,0.0001,2.3794,-0.0004,6.1289,35.5359,11.1945,27.1574,35.9109
187.0,373.0,11.24,39.9764,98.6908,232.4699,0.0195,0.0001,99.7573,203.247,49.0829,-16.9124,0.0,0.0001,2.3794,-0.0004,6.13,35.5357,11.1927,27.1576,35.9112
188.0,375.0,11.2341,39.9714,98.6978,232.265,0.0214,0.0001,99.7788,203.247,49.0828,-16.9124,0.0,0.0001,2.3769,-0.0003,6.1301,35.5353,11.1865,27.1584,35.9123
189.0,377.0,11.2326,39.9706,98.6997,232.1112,0.0215,0.0001,99.7535,203.2471,49.0828,-16.9124,0.0,0.0001,2.3752,-0.0006,6.131,35.5354,11.1848,27.1587,35.9127
190.0,379.0,11.2314,39.9697,98.6962,231.9976,0.0254,0.0001,99.7631,203.2471,49.0828,-16.9124,0.0,0.0001,2.3736,-0.0006,6.1318,35.5347,11.1834,27.1585,35.9125
191.0,381.0,11.2229,39.9617,80.794,232.3939,0.0231,0.0001,99.7559,203.2471,49.0828,-16.9124,0.0,0.0001,2.3741,0.0001,6.1334,35.5339,11.1747,27.1595,35.9139
192.0,383.0,11.2132,39.9517,92.9634,232.5481,0.0247,0.0001,99.7535,203.2472,49.0828,-16.9124,0.0,0.0001,2.3741,0.0002,6.1346,35.5325,11.1647,27.1602,35.9151
193.0,385.0,11.2059,39.9446,98.7058,232.852,0.022,0.0001,99.7535,203.2472,49.0828,-16.9124,0.0,0.0001,2.3748,0.0005,6.1354,35.5316,11.1572,27.1609,35.916
194.0,387.0,11.1987,39.9377,98.7,233.3756,0.0228,0.0001,99.7782,203.2472,49.0828,-16.9124,0.0,0.0001,2.3772,0.0011,6.1356,35.5307,11.1497,27.1615,35.917
195.0,389.0,11.1948,39.9347,87.209,233.6636,0.0254,0.0001,99.7824,203.2472,49.0828,-16.9124,0.0,0.0001,2.3794,0.0011,6.1349,35.5304,11.1456,27.1621,35.9177
196.0,391.0,11.1934,39.9339,94.7195,233.378,0.0197,0.0001,99.7745,203.2473,49.0828,-16.9124,0.0,0.0001,2.3797,-0.0001,6.1367,35.5302,11.1439,27.1622,35.918
197.0,393.0,11.1896,39.9306,98.6982,233.5134,0.025,0.0001,99.7794,203.2473,49.0828,-16.9124,0.0,0.0001,2.3791,0.0,6.1379,35.5298,11.1398,27.1627,35.9185
198.0,395.0,11.1831,39.9245,98.6943,233.5161,0.0272,0.0001,99.7785,203.2473,49.0828,-16.9124,0.0,0.0001,2.3792,-0.0002,6.1374,35.529,11.1331,27.1633,35.9194
199.0,397.0,11.179,39.9209,98.6943,233.8232,0.0268,0.0001,99.7824,203.2473,49.0827,-16.9124,0.0,0.0001,2.3797,0.0005,6.1373,35.5285,11.1288,27.1637,35.9201
200.0,399.0,11.1798,39.9234,87.1454,233.9734,0.0214,0.0001,99.6763,203.2473,49.0827,-16.9124,0.0,0.0001,2.3809,0.0003,6.1374,35.5294,11.1293,27.1643,35.9206
201.0,401.0,11.1827,39.9282,98.7046,232.6792,0.0237,0.0001,99.7593,203.2474,49.0827,-16.9124,0.0,0.0001,2.3763,-0.0023,6.1377,35.5304,11.1319,27.1646,35.9208
202.0,403.0,11.1809,39.929,98.4511,233.4321,0.0217,0.0001,99.7535,203.2474,49.0827,-16.9124,0.0,0.0001,2.3766,0.0,6.1383,35.5319,11.1298,27.1661,35.9224
203.0,405.0,11.1737,39.9216,98.705,233.7164,0.0213,0.0001,99.7535,203.2474,49.0827,-16.9124,0.0,0.0001,2.377,0.0003,6.1393,35.5307,11.1224,27.1666,35.9231
204.0,407.0,11.1683,39.9163,98.6878,233.593,0.0216,0.0001,99.7535,203.2474,49.0827,-16.9124,0.0,0.0001,2.3765,-0.0001,6.1396,35.53,11.1168,27.1671,35.9239
205.0,409.0,11.1658,39.9146,98.695,233.502,0.0192,0.0001,99.7535,203.2475,49.0827,-16.9124,0.0,0.0001,2.3748,-0.0003,6.139,35.5297,11.1141,27.1673,35.9242
206.0,411.0,11.1682,39.9192,62.8489,232.8518,0.0249,0.0001,99.7535,203.2475,49.0827,-16.9124,0.0,0.0001,2.3727,-0.0013,6.1394,35.531,11.1163,27.1679,35.9247
207.0,413.0,11.1687,39.9211,98.6954,231.7944,0.0225,0.0001,99.7427,203.2475,49.0827,-16.9124,0.0,0.0001,2.3672,-0.0029,6.1407,35.5316,11.1165,27.1683,35.9251
208.0,415.0,11.1615,39.9136,90.8178,231.7625,0.0225,0.0001,99.7535,203.2475,49.0827,-16.9124,0.0,0.0001,2.3635,-0.0018,6.1419,35.5302,11.109,27.1686,35.9257
209.0,417.0,11.1532,39.9052,98.6926,231.0027,0.0245,0.0001,99.7535,203.2476,49.0827,-16.9124,0.0,0.0001,2.3587,-0.0027,6.144,35.5289,11.1006,27.1692,35.9267
210.0,419.0,11.1395,39.8904,97.9586,230.4616,0.0248,0.0001,99.739,203.2476,49.0827,-16.9124,0.0,0.0001,2.3537,-0.0025,6.1437,35.5265,11.0866,27.1699,35.928
211.0,421.0,11.1285,39.879,98.7025,231.3705,0.0251,0.0001,99.7535,203.2476,49.0827,-16.9124,0.0,0.0001,2.3539,0.0001,6.144,35.5248,11.0754,27.1706,35.9292
212.0,423.0,11.1237,39.8745,98.6935,231.5044,0.0232,0.0001,99.7443,203.2476,49.0827,-16.9124,0.0,0.0001,2.3541,-0.0001,6.1461,35.5241,11.0703,27.171,35.9298
213.0,425.0,11.12,39.8712,98.69,231.339,0.019,0.0001,99.7535,203.2477,49.0827,-16.9124,0.0,0.0001,2.3526,-0.0005,6.1476,35.5235,11.0664,27.1712,35.9302
214.0,427.0,11.1125,39.8637,67.2697,232.7935,0.0201,0.0001,99.7535,203.2477,49.0826,-16.9124,0.0,0.0001,2.3573,0.0022,6.1481,35.5223,11.0586,27.1717,35.931
215.0,429.0,11.1041,39.8559,88.362,233.8729,0.02,0.0001,99.7535,203.2477,49.0826,-16.9124,0.0,0.0001,2.3632,0.003,6.1485,35.5215,11.05,27.1727,35.9324
216.0,431.0,11.1014,39.8534,96.7664,233.1902,0.0234,0.0001,99.7535,203.2477,49.0826,-16.9124,0.0,0.0001,2.3636,0.0003,6.1494,35.521,11.0471,27.1729,35.9326
217.0,433.0,11.0975,39.8498,98.6961,231.724,0.0225,0.0001,99.7535,203.2477,49.0826,-16.9124,0.0,0.0001,2.3588,-0.0024,6.1504,35.5205,11.0429,27.1732,35.9331
218.0,435.0,11.0883,39.841,98.6957,230.0415,0.0215,0.0001,99.7538,203.2478,49.0826,-16.9124,0.0,0.0001,2.3503,-0.0045,6.1506,35.5194,11.0335,27.1741,35.9345
219.0,437.0,11.0864,39.8401,98.7044,231.8239,0.0188,0.0001,99.7672,203.2478,49.0826,-16.9124,0.0,0.0001,2.3512,0.0004,6.1506,35.5195,11.0313,27.1746,35.935
220.0,439.0,11.0843,39.8386,76.1722,232.4894,0.0188,0.0001,99.7641,203.2478,49.0826,-16.9124,0.0,0.0001,2.3528,0.0012,6.1512,35.5192,11.029,27.1748,35.9353
221.0,441.0,11.0808,39.8356,85.8151,231.7963,0.0205,0.0001,99.7535,203.2478,49.0826,-16.9124,0.0,0.0001,2.3522,-0.0008,6.1523,35.5189,11.0253,27.1751,35.9358
222.0,443.0,11.0743,39.8296,98.7025,231.6585,0.0197,0.0001,99.7535,203.2479,49.0826,-16.9124,0.0,0.0001,2.351,-0.0008,6.1522,35.5182,11.0186,27.1759,35.9368
223.0,445.0,11.0719,39.8285,98.695,232.7776,0.0166,0.0001,99.7535,203.2479,49.0826,-16.9124,0.0,0.0001,2.3534,0.0012,6.1521,35.5183,11.0158,27.1765,35.9376
224.0,447.0,11.0706,39.8284,98.7,232.8839,0.0207,0.0001,99.7592,203.2479,49.0826,-16.9124,0.0,0.0001,2.3553,0.0011,6.1522,35.5187,11.0143,27.177,35.9382
225.0,449.0,11.075,39.8333,98.6995,232.7243,0.0214,0.0001,99.7535,203.2479,49.0826,-16.9124,0.0,0.0001,2.3554,0.0001,6.1529,35.5186,11.0185,27.1762,35.9372
226.0,451.0,11.0727,39.8325,98.688,233.5424,0.0232,0.0001,99.7824,203.2479,49.0826,-16.9124,0.0,0.0001,2.3565,0.0014,6.1525,35.5193,11.0159,27.1772,35.9382
227.0,453.0,11.0675,39.8285,75.1271,234.7024,0.0216,0.0001,99.7293,203.248,49.0826,-16.9124,0.0,0.0001,2.3626,0.0029,6.153,35.5192,11.0105,27.1782,35.9394
228.0,455.0,11.0644,39.8262,98.6985,233.3133,0.0221,0.0001,99.7776,203.248,49.0826,-16.9124,0.0,0.0001,2.3612,-0.0009,6.1541,35.5191,11.0072,27.1787,35.9401
229.0,457.0,11.0607,39.8235,98.6954,232.5172,0.0227,0.0001,99.7535,203.248,49.0826,-16.9124,0.0,0.0001,2.3565,-0.0018,6.1544,35.5189,11.0032,27.1792,35.9408
230.0,459.0,11.056,39.8196,98.71,233.1628,0.0246,0.0001,99.7535,203.248,49.0826,-16.9124,0.0,0.0001,2.3565,0.0001,6.1542,35.5184,10.9982,27.1798,35.9416
231.0,461.0,11.0528,39.8169,98.695,233.5023,0.0245,0.0001,99.7536,203.2481,49.0826,-16.9124,0.0,0.0001,2.3573,0.0004,6.1552,35.5181,10.9947,27.1802,35.9421
232.0,463.0,11.0536,39.8177,69.338,232.0133,0.0234,0.0001,99.7824,203.2481,49.0825,-16.9124,0.0,0.0001,2.3528,-0.0026,6.1557,35.5174,10.9954,27.1795,35.9414
233.0,465.0,11.0477,39.813,98.68,231.6655,0.0241,0.0001,99.7824,203.2481,49.0825,-16.9124,0.0,0.0001,2.3494,-0.0026,6.156,35.5176,10.9892,27.1808,35.943
234.0,467.0,11.0467,39.8129,95.2899,232.3732,0.0236,0.0001,99.7661,203.2481,49.0825,-16.9124,0.0,0.0001,2.3492,-0.0004,6.1566,35.5174,10.9879,27.1809,35.9431
235.0,469.0,11.0352,39.8013,98.696,231.7554,0.0217,0.0001,99.7724,203.2482,49.0825,-16.9124,0.0,0.0001,2.3447,-0.0014,6.158,35.5159,10.9762,27.1818,35.9445
236.0,471.0,11.0317,39.798,98.7006,229.7997,0.0217,0.0001,99.7745,203.2482,49.0825,-16.9124,0.0,0.0001,2.3365,-0.0042,6.1583,35.5152,10.9725,27.1819,35.9448
237.0,473.0,11.0287,39.7957,77.4987,230.4414,0.0221,0.0001,99.7795,203.2482,49.0825,-16.9124,0.0,0.0001,2.3346,-0.0015,6.1583,35.515,10.9692,27.1824,35.9454
238.0,475.0,11.0278,39.7959,63.5798,231.0052,0.0198,0.0001,99.7379,203.2482,49.0825,-16.9124,0.0,0.0001,2.3346,-0.0001,6.1586,35.5151,10.968,27.1827,35.9458
239.0,477.0,11.0264,39.7952,91.7789,230.7594,0.0183,0.0001,99.7685,203.2483,49.0825,-16.9124,0.0,0.0001,2.3334,-0.0007,6.1599,35.5149,10.9663,27.1828,35.946
240.0,479.0,11.023,39.7922,98.6929,230.4893,0.0207,0.0001,99.7824,203.2483,49.0825,-16.9124,0.0,0.0001,2.332,-0.001,6.159,35.5142,10.9628,27.183,35.9463
241.0,481.0,11.0143,39.7831,98.694,230.2268,0.0227,0.0001,99.7824,203.2483,49.0825,-16.9124,0.0,0.0001,2.3309,-0.0013,6.1609,35.5126,10.9538,27.1834,35.947
242.0,483.0,11.0054,39.7738,98.6978,229.3245,0.0198,0.0001,99.7776,203.2483,49.0825,-16.9124,0.0,0.0001,2.325,-0.0024,6.163,35.5113,10.9447,27.184,35.948
243.0,485.0,10.9937,39.762,98.695,228.0497,0.0196,0.0001,99.7484,203.2483,49.0825,-16.9124,0.0,0.0001,2.3161,-0.0034,6.1643,35.5098,10.9327,27.185,35.9496
244.0,487.0,10.9915,39.7599,98.68,228.1091,0.0219,0.0001,99.7576,203.2484,49.0825,-16.9124,0.0,0.0001,2.3132,-0.0021,6.1643,35.5088,10.9303,27.1846,35.9493
245.0,489.0,10.984,39.7526,98.6842,227.3289,0.0199,0.0001,99.7404,203.2484,49.0825,-16.9124,0.0,0.0001,2.3082,-0.0029,6.1653,35.5078,10.9226,27.1852,35.9503
246.0,491.0,10.9763,39.7446,98.6874,226.5895,0.0217,0.0001,99.7609,203.2484,49.0824,-16.9124,0.0,0.0001,2.3007,-0.0027,6.1663,35.5063,10.9146,27.1856,35.951
247.0,493.0,10.9715,39.7406,71.8927,226.4798,0.0197,0.0001,99.7354,203.2484,49.0824,-16.9124,0.0,0.0001,2.2968,-0.0018,6.1671,35.5062,10.9096,27.1864,35.952
248.0,495.0,10.967,39.7375,98.695,228.5204,0.0216,0.0001,99.7561,203.2485,49.0824,-16.9124,0.0,0.0001,2.3014,0.0027,6.1673,35.5066,10.9049,27.1875,35.9533
249.0,497.0,10.9643,39.7352,91.6515,229.8343,0.0192,0.0001,99.7807,203.2485,49.0824,-16.9124,0.0,0.0001,2.3068,0.0039,6.1675,35.5062,10.902,27.1877,35.9536
250.0,499.0,10.9627,39.7343,98.7046,229.3333,0.0204,0.0001,99.7769,203.2485,49.0824,-16.9124,0.0,0.0001,2.3096,0.0013,6.1681,35.5059,10.9002,27.1879,35.9538
251.0,501.0,10.9593,39.7313,98.4803,229.667,0.0206,0.0001,99.7607,203.2485,49.0824,-16.9124,0.0,0.0001,2.3126,0.0012,6.1687,35.5051,10.8964,27.1879,35.9541
252.0,503.0,10.9543,39.7271,98.68,229.1505,0.0206,0.0001,99.7792,203.2485,49.0824,-16.9124,0.0,0.0001,2.3118,-0.0003,6.1691,35.505,10.8913,27.1888,35.9551
253.0,505.0,10.9499,39.724,98.6999,230.7703,0.0261,0.0001,99.776,203.2486,49.0824,-16.9124,0.0,0.0001,2.3163,0.0023,6.1704,35.5051,10.8866,27.1897,35.9563
254.0,507.0,10.9469,39.721,98.695,231.9993,0.0225,0.0001,99.7824,203.2486,49.0824,-16.9124,0.0,0.0001,2.3228,0.0031,6.1714,35.5042,10.8834,27.1896,35.9563
255.0,509.0,10.9348,39.7091,73.0575,231.9195,0.018,0.0001,99.7883,203.2486,49.0824,-16.9124,0.0,0.0001,2.3255,0.0021,6.1707,35.5033,10.871,27.1911,35.9583
256.0,511.0,10.936,39.7132,98.6955,230.5715,0.0212,0.0001,99.7824,203.2486,49.0824,-16.9124,0.0,0.0001,2.3232,-0.0013,6.1706,35.5052,10.872,27.1924,35.9596
257.0,513.0,10.9388,39.7185,91.3948,230.9223,0.0226,0.0001,99.7786,203.2487,49.0824,-16.9124,0.0,0.0001,2.3225,-0.0002,6.1712,35.5068,10.8745,27.1932,35.9602
258.0,515.0,10.9328,39.7134,98.6406,231.8521,0.021,0.0001,99.7835,203.2487,49.0824,-16.9124,0.0,0.0001,2.325,0.0011,6.173,35.5067,10.8682,27.1943,35.9616
259.0,517.0,10.9239,39.7043,98.3989,233.3524,0.0228,0.0001,99.7936,203.2487,49.0823,-16.9124,0.0,0.0001,2.332,0.0031,6.1734,35.5054,10.8591,27.1949,35.9626
260.0,519.0,10.9188,39.6998,98.6858,234.8726,0.0194,0.0001,99.779,203.2487,49.0823,-16.9124,0.0,0.0001,2.3382,0.0046,6.1743,35.5047,10.8538,27.1954,35.9633
261.0,521.0,10.9099,39.6906,98.6985,234.8059,0.0194,0.0001,99.8031,203.2487,49.0823,-16.9124,0.0,0.0001,2.3433,0.0024,6.1763,35.5032,10.8446,27.1959,35.9642
262.0,523.0,10.8987,39.6785,98.7025,234.2978,0.0204,0.0001,99.7975,203.2488,49.0823,-16.9124,0.0,0.0001,2.3438,0.0003,6.1785,35.5013,10.8333,27.1964,35.9652
263.0,525.0,10.8919,39.6712,77.6867,233.8065,0.0172,0.0001,99.7848,203.2488,49.0823,-16.9124,0.0,0.0001,2.3419,-0.0009,6.1807,35.4998,10.8263,27.1965,35.9656
264.0,527.0,10.8671,39.6443,93.1474,233.1708,0.0185,0.0001,99.7838,203.2488,49.0823,-16.9124,0.0,0.0001,2.3387,-0.0018,6.1813,35.4959,10.8013,27.1979,35.9681
265.0,529.0,10.864,39.6418,96.2408,232.9415,0.0223,0.0001,99.7716,203.2488,49.0823,-16.9124,0.0,0.0001,2.3378,-0.0016,6.1813,35.4952,10.7979,27.1981,35.9684
266.0,531.0,10.8597,39.6376,98.6894,233.8503,0.019,0.0001,99.8112,203.2489,49.0823,-16.9124,0.0,0.0001,2.337,0.0005,6.182,35.4944,10.7934,27.1982,35.9687
267.0,533.0,10.8508,39.6291,98.4571,233.8095,0.0215,0.0001,99.7959,203.2489,49.0823,-16.9124,0.0,0.0001,2.3371,0.0,6.1833,35.4936,10.7843,27.1992,35.9701
268.0,535.0,10.8469,39.6266,98.695,233.0966,0.0188,0.0001,99.8112,203.2489,49.0823,-16.9124,0.0,0.0001,2.3346,-0.0014,6.1837,35.4939,10.7802,27.2002,35.9713
269.0,537.0,10.8448,39.6254,98.6997,233.2651,0.0177,0.0001,99.7968,203.2489,49.0823,-16.9124,0.0,0.0001,2.3333,-0.0007,6.1839,35.494,10.7779,27.2007,35.9719
270.0,539.0,10.8431,39.6253,98.6131,233.4259,0.0183,0.0001,99.801,203.249,49.0823,-16.9125,0.0,0.0001,2.3329,-0.0002,6.1844,35.4945,10.7758,27.2015,35.9727
271.0,541.0,10.8396,39.6236,78.6866,233.4907,0.0205,0.0001,99.8078,203.249,49.0823,-16.9125,0.0,0.0001,2.3327,-0.0002,6.1848,35.4951,10.7721,27.2026,35.974
272.0,543.0,10.8351,39.62,89.9029,233.5862,0.0201,0.0001,99.8143,203.249,49.0823,-16.9124,0.0,0.0001,2.3327,0.0001,6.1839,35.495,10.7673,27.2034,35.975
273.0,545.0,10.8391,39.6259,98.696,233.4714,0.0203,0.0001,99.8112,203.249,49.0823,-16.9124,0.0,0.0001,2.3322,-0.0003,6.1838,35.4963,10.7711,27.2037,35.9751
274.0,547.0,10.842,39.6309,98.6975,233.9747,0.0189,0.0001,99.8064,203.2491,49.0822,-16.9125,0.0,0.0001,2.3332,0.0007,6.184,35.4976,10.7738,27.2042,35.9755
275.0,549.0,10.8413,39.631,98.6905,233.4648,0.0202,0.0001,99.8112,203.2491,49.0822,-16.9125,0.0,0.0001,2.3321,-0.0006,6.1833,35.4976,10.7728,27.2045,35.9758
276.0,551.0,10.8402,39.6318,74.8926,233.8071,0.021,0.0001,99.8053,203.2491,49.0822,-16.9124,0.0,0.0001,2.3323,0.0001,6.1823,35.4985,10.7715,27.2054,35.9768
277.0,553.0,10.8531,39.6503,98.68,234.6636,0.0223,0.0001,99.8112,203.2491,49.0822,-16.9124,0.0,0.0001,2.3358,0.0016,6.1825,35.5038,10.784,27.2072,35.978
278.0,555.0,10.8513,39.6488,91.3816,235.2357,0.0198,0.0001,99.8206,203.2491,49.0822,-16.9125,0.0,0.0001,2.3395,0.0014,6.1815,35.503,10.782,27.2069,35.9778
279.0,557.0,10.8547,39.6547,98.6905,235.2857,0.0225,0.0001,99.8199,203.2492,49.0822,-16.9125,0.0,0.0001,2.3411,0.0007,6.1814,35.5048,10.7851,27.2078,35.9785
280.0,559.0,10.8645,39.6695,98.6883,235.2964,0.0216,0.0001,99.813,203.2492,49.0822,-16.9125,0.0,0.0001,2.3419,0.0002,6.1823,35.5093,10.7945,27.2096,35.9799
281.0,561.0,10.8633,39.6685,98.689,235.6779,0.0195,0.0001,99.8228,203.2492,49.0822,-16.9125,0.0,0.0001,2.3434,0.0008,6.1812,35.5087,10.7931,27.2094,35.9797
282.0,563.0,10.845,39.6497,98.6825,235.9186,0.0193,0.0001,99.811,203.2492,49.0822,-16.9125,0.0,0.0001,2.3445,0.001,6.1822,35.5064,10.7747,27.2109,35.9821
283.0,565.0,10.8471,39.6522,90.3098,235.3055,0.0213,0.0001,99.7996,203.2493,49.0822,-16.9125,0.0,0.0001,2.3429,-0.0009,6.1889,35.5064,10.7765,27.2106,35.9816
284.0,567.0,10.8112,39.6112,98.6991,232.682,0.0187,0.0001,99.8155,203.2493,49.0822,-16.9125,0.0,0.0001,2.3309,-0.0048,6.1925,35.499,10.7405,27.2113,35.984
285.0,569.0,10.7817,39.5776,98.6958,231.2265,0.0237,0.0001,99.8061,203.2493,49.0822,-16.9125,0.0,0.0001,2.3208,-0.0055,6.1929,35.4928,10.7109,27.2118,35.9857
286.0,571.0,10.7767,39.5734,79.8761,231.3486,0.0204,0.0001,99.8076,203.2493,49.0821,-16.9125,0.0,0.0001,2.3152,-0.003,6.1922,35.4924,10.7056,27.2125,35.9866
287.0,573.0,10.7752,39.5725,98.6917,232.1374,0.0187,0.0001,99.8112,203.2493,49.0821,-16.9125,0.0,0.0001,2.3141,-0.0006,6.1931,35.4921,10.7038,27.2125,35.9868
288.0,575.0,10.774,39.5721,91.6165,232.2114,0.0146,0.0001,99.8134,203.2494,49.0821,-16.9125,0.0,0.0001,2.3133,-0.0004,6.1935,35.4921,10.7025,27.2128,35.9871
289.0,577.0,10.7719,39.5707,98.701,231.6436,0.0175,0.0001,99.7844,203.2494,49.0821,-16.9125,0.0,0.0001,2.3111,-0.0013,6.1944,35.4919,10.7001,27.2131,35.9875
290.0,579.0,10.7689,39.5681,98.698,231.3269,0.0183,0.0001,99.8027,203.2494,49.0821,-16.9125,0.0,0.0001,2.3089,-0.0016,6.1936,35.4914,10.6969,27.2132,35.9877
291.0,581.0,10.7626,39.5629,98.7002,232.1256,0.0178,0.0001,99.7877,203.2494,49.0821,-16.9125,0.0,0.0001,2.3094,0.0002,6.1951,35.4912,10.6903,27.2142,35.989
292.0,583.0,10.7596,39.5601,98.6854,231.3939,0.0199,0.0001,99.816,203.2495,49.0821,-16.9125,0.0,0.0001,2.3075,-0.0014,6.1962,35.4906,10.6871,27.2144,35.9893
293.0,585.0,10.7509,39.5527,98.6879,231.359,0.019,0.0001,99.8027,203.2495,49.0821,-16.9125,0.0,0.0001,2.3049,-0.001,6.1959,35.4905,10.6781,27.2159,35.9912
294.0,587.0,10.7499,39.5552,98.6962,232.3661,0.0197,0.0001,99.8076,203.2495,49.0821,-16.9125,0.0,0.0001,2.3068,0.0013,6.1955,35.4928,10.6768,27.2179,35.9933
295.0,589.0,10.7498,39.5556,92.4482,232.2398,0.0165,0.0001,99.7936,203.2495,49.0821,-16.9125,0.0,0.0001,2.3078,0.0003,6.1964,35.4926,10.6765,27.2178,35.9932
296.0,591.0,10.7507,39.5581,75.868,232.7512,0.0158,0.0001,99.7928,203.2496,49.0821,-16.9125,0.0,0.0001,2.3089,0.001,6.1967,35.4934,10.6771,27.2184,35.9937
297.0,593.0,10.7511,39.5602,98.68,232.5598,0.0162,0.0001,99.8112,203.2496,49.0821,-16.9125,0.0,0.0001,2.3087,0.0005,6.1977,35.4944,10.6773,27.2191,35.9944
298.0,595.0,10.7425,39.551,93.9352,232.1479,0.0184,0.0001,99.8054,203.2496,49.0821,-16.9125,0.0,0.0001,2.3076,-0.0005,6.1973,35.4925,10.6685,27.2192,35.9949
299.0,597.0,10.7411,39.5516,98.6994,232.5659,0.0182,0.0001,99.8142,203.2496,49.082,-16.9125,0.0,0.0001,2.3083,0.0003,6.1968,35.4935,10.6669,27.2203,35.996
300.0,599.0,10.7456,39.5585,98.5017,234.0136,0.0185,0.0001,99.8201,203.2497,49.082,-16.9125,0.0,0.0001,2.3129,0.0025,6.1974,35.4951,10.6711,27.2208,35.9963
301.0,601.0,10.7445,39.5579,98.6883,234.2677,0.0194,0.0001,99.8112,203.2497,49.082,-16.9125,0.0,0.0001,2.3156,0.002,6.1975,35.4948,10.6697,27.2208,35.9964
302.0,603.0,10.7391,39.5533,98.7036,234.6848,0.0196,0.0001,99.8136,203.2497,49.082,-16.9125,0.0,0.0001,2.3194,0.0016,6.1987,35.4946,10.664,27.2216,35.9974
303.0,605.0,10.7318,39.5459,98.6875,234.221,0.0204,0.0001,99.7928,203.2497,49.082,-16.9125,0.0,0.0001,2.3199,-0.0001,6.1992,35.4933,10.6565,27.222,35.9982
304.0,607.0,10.7286,39.5438,78.007,234.218,0.0233,0.0001,99.8146,203.2497,49.082,-16.9125,0.0,0.0001,2.3193,-0.0001,6.1995,35.4934,10.6531,27.2227,35.999
305.0,609.0,10.7276,39.5435,98.695,234.0594,0.02,0.0001,99.8112,203.2498,49.082,-16.9125,0.0,0.0001,2.3187,-0.0005,6.1992,35.4933,10.6519,27.2228,35.9992
306.0,611.0,10.7261,39.5435,90.3018,234.5315,0.0201,0.0001,99.8163,203.2498,49.082,-16.9125,0.0,0.0001,2.3196,0.0003,6.1999,35.4939,10.6502,27.2235,36.0
307.0,613.0,10.7217,39.541,98.6314,233.7499,0.0204,0.0001,99.8158,203.2498,49.082,-16.9125,0.0,0.0001,2.3168,-0.0012,6.2027,35.4946,10.6455,27.225,36.0016
308.0,615.0,10.7067,39.5258,98.3245,232.833,0.0226,0.0001,99.8112,203.2498,49.082,-16.9125,0.0,0.0001,2.3113,-0.0023,6.2049,35.4929,10.6303,27.2263,36.0036
309.0,617.0,10.6928,39.5111,98.68,233.0965,0.023,0.0001,99.8098,203.2499,49.082,-16.9125,0.0,0.0001,2.3098,-0.0012,6.2057,35.4908,10.6162,27.2272,36.0051
310.0,619.0,10.684,39.5027,98.6864,233.3255,0.0201,0.0001,99.8105,203.2499,49.082,-16.9125,0.0,0.0001,2.3091,-0.0005,6.2061,35.4901,10.6073,27.2283,36.0065
311.0,621.0,10.6776,39.4966,84.3961,233.3881,0.0208,0.0001,99.8147,203.2499,49.082,-16.9125,0.0,0.0001,2.3083,-0.0003,6.2069,35.4891,10.6006,27.2287,36.0072
312.0,623.0,10.6736,39.4935,87.6414,232.9618,0.0196,0.0001,99.816,203.2499,49.0819,-16.9125,0.0,0.0001,2.3063,-0.0011,6.2087,35.489,10.5963,27.2293,36.0081
313.0,625.0,10.6688,39.4888,88.7029,232.4686,0.0191,0.0001,99.8112,203.2499,49.0819,-16.9125,0.0,0.0001,2.3035,-0.0017,6.2079,35.4882,10.5913,27.2296,36.0085
314.0,627.0,10.6583,39.4776,94.9996,232.8923,0.0216,0.0001,99.8112,203.25,49.0819,-16.9125,0.0,0.0001,2.3036,-0.0005,6.2081,35.4861,10.5806,27.2299,36.0093
315.0,629.0,10.6512,39.4713,98.6867,233.1355,0.0235,0.0001,99.8217,203.25,49.0819,-16.9125,0.0,0.0001,2.3034,-0.0003,6.2127,35.4858,10.5732,27.231,36.0107
316.0,631.0,10.6445,39.4649,87.3074,231.602,0.0228,0.0001,99.8143,203.25,49.0819,-16.9125,0.0,0.0001,2.2968,-0.0028,6.215,35.485,10.5664,27.2316,36.0116
317.0,633.0,10.6204,39.4382,98.68,231.5271,0.022,0.0001,99.8208,203.25,49.0819,-16.9125,0.0,0.0001,2.2943,-0.0023,6.2154,35.4806,10.5421,27.2325,36.0135
318.0,635.0,10.6103,39.429,98.68,231.9515,0.0227,0.0001,99.8203,203.2501,49.0819,-16.9125,0.0,0.0001,2.294,-0.0008,6.2156,35.4801,10.5317,27.2339,36.0154
319.0,637.0,10.5975,39.4163,98.695,231.9575,0.0192,0.0001,99.8067,203.2501,49.0819,-16.9125,0.0,0.0001,2.2915,-0.0006,6.2195,35.4786,10.5187,27.2351,36.0172
320.0,639.0,10.5944,39.4124,98.7008,230.3481,0.0167,0.0001,99.8236,203.2501,49.0819,-16.9125,0.0,0.0001,2.285,-0.0031,6.2218,35.477,10.5155,27.2344,36.0167
321.0,641.0,10.5703,39.3874,88.2212,229.896,0.0203,0.0001,99.813,203.2501,49.0819,-16.9125,0.0,0.0001,2.2794,-0.0028,6.2227,35.4742,10.4912,27.2365,36.0198
322.0,643.0,10.5621,39.3784,90.45,230.424,0.0294,0.0001,99.8279,203.2502,49.0819,-16.9126,0.0,0.0001,2.2784,-0.001,6.2231,35.472,10.4828,27.2363,36.02
323.0,645.0,10.5571,39.3746,96.8017,230.3425,0.0233,0.0001,99.8112,203.2502,49.0819,-16.9125,0.0,0.0001,2.2769,-0.0009,6.2236,35.4724,10.4775,27.2375,36.0214
324.0,647.0,10.5554,39.3736,97.4492,230.1231,0.0214,0.0001,99.824,203.2502,49.0819,-16.9126,0.0,0.0001,2.2759,-0.001,6.2242,35.4724,10.4756,27.2379,36.0218
325.0,649.0,10.5501,39.3688,98.6904,229.9154,0.023,0.0001,99.8119,203.2502,49.0819,-16.9125,0.0,0.0001,2.2729,-0.001,6.2247,35.4717,10.4702,27.2383,36.0225
326.0,651.0,10.5456,39.365,98.6893,229.756,0.0209,0.0001,99.8125,203.2502,49.0818,-16.9126,0.0,0.0001,2.2706,-0.001,6.2275,35.4713,10.4653,27.2388,36.0232
327.0,653.0,10.5363,39.355,46.5592,229.1995,0.0186,0.0001,99.8006,203.2503,49.0818,-16.9126,0.0,0.0001,2.2669,-0.0017,6.2302,35.4694,10.4559,27.239,36.0238
328.0,655.0,10.5174,39.3353,98.6693,228.5141,0.0185,0.0001,99.8191,203.2503,49.0818,-16.9126,0.0,0.0001,2.263,-0.0025,6.231,35.4669,10.4368,27.2405,36.0261
329.0,657.0,10.5025,39.3201,92.3497,228.0795,0.0233,0.0001,99.8122,203.2503,49.0818,-16.9126,0.0,0.0001,2.2587,-0.0022,6.2311,35.465,10.4217,27.2417,36.0279
330.0,659.0,10.5002,39.3185,98.6889,228.2294,0.0221,0.0001,99.8,203.2503,49.0818,-16.9126,0.0,0.0001,2.2559,-0.0011,6.2324,35.4646,10.4192,27.2418,36.0282
331.0,661.0,10.4944,39.3125,98.6903,227.2927,0.0205,0.0001,99.8112,203.2504,49.0818,-16.9126,0.0,0.0001,2.2508,-0.0023,6.2348,35.4634,10.4131,27.2419,36.0286
332.0,663.0,10.4809,39.2997,98.68,226.5129,0.0191,0.0001,99.7989,203.2504,49.0818,-16.9126,0.0,0.0001,2.2466,-0.0029,6.2341,35.4626,10.3994,27.2437,36.031
333.0,665.0,10.4702,39.2893,98.68,226.4755,0.0199,0.0001,99.7899,203.2504,49.0818,-16.9126,0.0,0.0001,2.2454,-0.0023,6.2335,35.4618,10.3885,27.245,36.0327
334.0,667.0,10.4723,39.2925,98.6876,227.1316,0.0212,0.0001,99.7909,203.2504,49.0818,-16.9126,0.0,0.0001,2.2423,-0.0006,6.236,35.4621,10.3904,27.2449,36.0325
335.0,669.0,10.4657,39.2871,98.68,226.0788,0.0197,0.0001,99.7887,203.2505,49.0818,-16.9126,0.0,0.0001,2.2383,-0.0022,6.2372,35.462,10.3835,27.246,36.0339
336.0,671.0,10.4594,39.282,98.6827,225.7985,0.0224,0.0001,99.8062,203.2505,49.0818,-16.9126,0.0,0.0001,2.2359,-0.002,6.2379,35.4622,10.377,27.2474,36.0355
337.0,673.0,10.4547,39.2784,97.2154,225.655,0.0239,0.0001,99.7953,203.2505,49.0818,-16.9126,0.0,0.0001,2.2335,-0.0017,6.2378,35.4621,10.3721,27.2482,36.0366
338.0,675.0,10.4507,39.2754,98.5847,225.8496,0.0227,0.0001,99.8043,203.2505,49.0818,-16.9126,0.0,0.0001,2.232,-0.0008,6.2381,35.4622,10.3678,27.249,36.0375
339.0,677.0,10.4489,39.2738,96.3552,225.7284,0.0207,0.0001,99.7859,203.2505,49.0818,-16.9126,0.0,0.0001,2.2304,-0.0008,6.2389,35.4615,10.3659,27.2488,36.0375
340.0,679.0,10.4444,39.2702,98.68,224.9268,0.0227,0.0001,99.8054,203.2506,49.0817,-16.9126,0.0,0.0001,2.2259,-0.0018,6.2401,35.4615,10.3611,27.2496,36.0384
341.0,681.0,10.4389,39.2662,98.695,224.5679,0.0211,0.0001,99.7923,203.2506,49.0817,-16.9126,0.0,0.0001,2.2224,-0.0018,6.2411,35.4619,10.3554,27.2509,36.04
342.0,683.0,10.4299,39.2596,86.0892,224.2418,0.022,0.0001,99.7927,203.2506,49.0817,-16.9126,0.0,0.0001,2.2197,-0.0017,6.2416,35.4628,10.3461,27.2533,36.0427
343.0,685.0,10.4229,39.2534,98.686,224.5991,0.0208,0.0001,99.7944,203.2506,49.0817,-16.9126,0.0,0.0001,2.2182,-0.0005,6.2435,35.4624,10.3388,27.2542,36.044
344.0,687.0,10.4154,39.2459,98.68,222.9466,0.0193,0.0001,99.7936,203.2507,49.0817,-16.9126,0.0,0.0001,2.2117,-0.0031,6.2445,35.4613,10.3312,27.2547,36.0448
345.0,689.0,10.4062,39.2375,98.68,221.9451,0.0236,0.0001,99.7906,203.2507,49.0817,-16.9126,0.0,0.0001,2.205,-0.0035,6.2457,35.4609,10.3218,27.2561,36.0466
346.0,691.0,10.3984,39.2297,98.6858,221.4483,0.0202,0.0001,99.7869,203.2507,49.0817,-16.9126,0.0,0.0001,2.1988,-0.003,6.2468,35.4598,10.3138,27.2566,36.0474
347.0,693.0,10.3894,39.2204,82.7704,220.1088,0.0194,0.0001,99.7824,203.2507,49.0817,-16.9126,0.0,0.0001,2.1913,-0.004,6.2475,35.4581,10.3045,27.2569,36.0482
348.0,695.0,10.3841,39.2156,98.5437,220.0002,0.0238,0.0001,99.7958,203.2507,49.0817,-16.9126,0.0,0.0001,2.1873,-0.003,6.248,35.4575,10.2991,27.2574,36.0489
349.0,697.0,10.3729,39.2038,98.4814,220.1213,0.0244,0.0001,99.7885,203.2508,49.0817,-16.9126,0.0,0.0001,2.1835,-0.0019,6.2527,35.4556,10.2877,27.2579,36.0499
350.0,699.0,10.3573,39.1849,98.6826,217.2304,0.0201,0.0001,99.7882,203.2508,49.0817,-16.9126,0.0,0.0001,2.171,-0.0057,6.2557,35.4509,10.2719,27.257,36.0497
351.0,701.0,10.3255,39.1535,98.6841,215.5964,0.0203,0.0001,99.786,203.2508,49.0817,-16.9126,0.0,0.0001,2.1588,-0.0062,6.2567,35.4489,10.24,27.261,36.0551
352.0,703.0,10.3224,39.1519,98.68,216.2587,0.0208,0.0001,99.7824,203.2508,49.0817,-16.9126,0.0,0.0001,2.1531,-0.0027,6.2589,35.4494,10.2366,27.262,36.0562
353.0,705.0,10.3035,39.1334,76.8226,215.2535,0.0196,0.0001,99.7893,203.2509,49.0817,-16.9126,0.0,0.0001,2.147,-0.0034,6.259,35.4481,10.2176,27.2643,36.0593
354.0,707.0,10.2994,39.1298,98.68,215.4213,0.0184,0.0001,99.7837,203.2509,49.0817,-16.9126,0.0,0.0001,2.1439,-0.002,6.2596,35.4476,10.2133,27.2646,36.0599
355.0,709.0,10.296,39.1274,95.9913,215.3924,0.0206,0.0002,99.5319,203.2509,49.0817,-16.9126,0.0,0.0001,2.1412,-0.0014,6.2616,35.4477,10.2096,27.2654,36.0608
356.0,711.0,10.2872,39.1197,98.5912,214.8339,0.0129,0.0002,99.5751,203.2509,49.0816,-16.9126,0.0,0.0001,2.1366,-0.0018,6.265,35.4474,10.2006,27.2667,36.0625
357.0,713.0,10.2632,39.0941,98.4942,213.4006,0.0164,0.0002,99.5717,203.251,49.0816,-16.9126,0.0,0.0001,2.1298,-0.0035,6.2662,35.4438,10.1764,27.2681,36.0649
358.0,715.0,10.25,39.0824,98.68,212.7201,0.0163,0.0002,99.5969,203.251,49.0816,-16.9126,0.0,0.0001,2.1237,-0.0032,6.2664,35.4439,10.1631,27.2706,36.0679
359.0,717.0,10.2479,39.0814,98.68,212.8465,0.0197,0.0001,99.6176,203.251,49.0816,-16.9127,0.0,0.0001,2.1209,-0.002,6.2657,35.4441,10.1609,27.2711,36.0686
360.0,719.0,10.2467,39.0826,98.68,213.6513,0.019,0.0001,99.7604,203.251,49.0816,-16.9127,0.0,0.0001,2.1209,0.0,6.2656,35.4457,10.1593,27.2726,36.0701
361.0,721.0,10.2484,39.0859,75.6529,214.3262,0.022,0.0001,99.7175,203.251,49.0816,-16.9127,0.0,0.0001,2.1232,0.0006,6.2678,35.4465,10.1608,27.273,36.0704
362.0,723.0,10.2445,39.0821,93.5596,214.3479,0.0193,0.0001,99.7384,203.2511,49.0816,-16.9127,0.0,0.0001,2.1233,0.0002,6.2715,35.4456,10.1567,27.273,36.0706
363.0,725.0,10.2235,39.0602,98.68,214.0154,0.0209,0.0001,99.7318,203.2511,49.0816,-16.9127,0.0,0.0001,2.123,-0.0006,6.2711,35.4429,10.1355,27.2745,36.0731
364.0,727.0,10.1984,39.0339,98.68,214.4946,0.0215,0.0001,99.7315,203.2511,49.0816,-16.9127,0.0,0.0001,2.1231,0.0001,6.2759,35.4395,10.1103,27.2763,36.0759
365.0,729.0,10.1809,39.0153,98.68,212.5083,0.0205,0.0001,99.7372,203.2511,49.0816,-16.9127,0.0,0.0001,2.1162,-0.003,6.2792,35.4368,10.0927,27.2772,36.0776
366.0,731.0,10.163,38.9962,63.5727,210.0601,0.0208,0.0001,99.7306,203.2512,49.0816,-16.9127,0.0,0.0001,2.103,-0.0055,6.2835,35.4338,10.0745,27.278,36.0793
367.0,733.0,10.1342,38.9662,90.2876,208.3121,0.022,0.0001,99.7535,203.2512,49.0816,-16.9127,0.0,0.0001,2.0906,-0.0061,6.2858,35.4305,10.0456,27.2805,36.083
368.0,735.0,10.1227,38.9546,98.5281,207.9695,0.0232,0.0001,99.7535,203.2512,49.0816,-16.9127,0.0,0.0001,2.084,-0.0048,6.2877,35.4292,10.0339,27.2814,36.0844
369.0,737.0,10.1076,38.9389,98.68,207.4705,0.0236,0.0001,99.7824,203.2512,49.0816,-16.9127,0.0,0.0001,2.0775,-0.0042,6.2901,35.4271,10.0187,27.2824,36.0861
370.0,739.0,10.0882,38.9193,98.68,206.7571,0.0225,0.0001,99.7701,203.2512,49.0816,-16.9127,0.0,0.0001,2.0697,-0.0038,6.292,35.4251,9.9992,27.2842,36.0887
371.0,741.0,10.0677,38.8981,98.68,206.1814,0.0227,0.0001,99.7713,203.2513,49.0816,-16.9127,0.0,0.0001,2.0624,-0.003,6.2937,35.4225,9.9785,27.2857,36.0912
372.0,743.0,10.0645,38.8975,98.68,206.2118,0.0201,0.0001,99.7665,203.2513,49.0816,-16.9127,0.0,0.0001,2.0586,-0.0019,6.2956,35.4243,9.9751,27.2877,36.0933
373.0,745.0,10.0475,38.8821,84.1977,207.0867,0.0182,0.0001,99.7521,203.2513,49.0816,-16.9127,0.0,0.0001,2.0586,-0.0001,6.301,35.4243,9.958,27.2907,36.097
374.0,747.0,10.0315,38.8645,98.6782,207.1473,0.0182,0.0001,99.7481,203.2513,49.0816,-16.9127,0.0,0.0001,2.0576,-0.0005,6.3106,35.4208,9.9418,27.2907,36.0978
375.0,749.0,9.9508,38.7747,98.68,206.0918,0.0219,0.0001,99.7495,203.2514,49.0816,-16.9127,0.0,0.0001,2.0536,-0.0022,6.3176,35.4071,9.8613,27.2938,36.1044
376.0,751.0,9.9024,38.7208,98.68,203.6888,0.0199,0.0001,99.7692,203.2514,49.0816,-16.9127,0.0,0.0001,2.0416,-0.0051,6.3249,35.3983,9.8129,27.2952,36.108
377.0,753.0,9.8389,38.6506,98.68,201.5096,0.0209,0.0001,99.7824,203.2514,49.0816,-16.9127,0.0,0.0001,2.0279,-0.0065,6.3254,35.3877,9.7495,27.2976,36.1133
378.0,755.0,9.8378,38.6499,96.2913,201.7019,0.0244,0.0001,99.7824,203.2514,49.0816,-16.9127,0.0,0.0001,2.0231,-0.0043,6.3266,35.3871,9.7482,27.2974,36.1131
379.0,757.0,9.8206,38.6319,76.7802,202.4238,0.0215,0.0001,99.7824,203.2515,49.0816,-16.9127,0.0,0.0001,2.0193,-0.0018,6.3341,35.3843,9.7308,27.2981,36.1146
380.0,759.0,9.7849,38.594,96.114,200.5207,0.0166,0.0001,99.7824,203.2515,49.0815,-16.9127,0.0,0.0001,2.0107,-0.0042,6.3384,35.3797,9.6951,27.3006,36.1187
381.0,761.0,9.7546,38.5617,98.68,199.0441,0.0184,0.0001,99.7724,203.2515,49.0815,-16.9127,0.0,0.0001,2.0013,-0.005,6.34,35.3754,9.6647,27.3024,36.1218
382.0,763.0,9.7392,38.5476,98.68,199.1967,0.0202,0.0001,99.7877,203.2515,49.0815,-16.9127,0.0,0.0001,1.9955,-0.0029,6.3444,35.3749,9.6492,27.3047,36.1248
383.0,765.0,9.7174,38.5234,88.2007,198.708,0.0192,0.0001,99.7824,203.2516,49.0815,-16.9127,0.0,0.0001,1.9896,-0.0029,6.3505,35.3706,9.6272,27.3049,36.126
384.0,767.0,9.6832,38.4853,98.6785,197.3102,0.0213,0.0001,99.7826,203.2516,49.0815,-16.9127,0.0,0.0001,1.981,-0.004,6.3541,35.3641,9.593,27.3056,36.1283
385.0,769.0,9.6487,38.4507,98.68,196.1974,0.0207,0.0001,99.7949,203.2516,49.0815,-16.9127,0.0,0.0001,1.975,-0.0045,6.353,35.3614,9.5585,27.3093,36.1335
386.0,771.0,9.6327,38.4376,98.68,195.9162,0.0209,0.0001,99.7899,203.2516,49.0815,-16.9127,0.0,0.0001,1.9681,-0.0033,6.3558,35.3626,9.5422,27.3129,36.1378
387.0,773.0,9.6251,38.4312,98.68,195.0539,0.0217,0.0001,99.793,203.2516,49.0815,-16.9127,0.0,0.0001,1.9615,-0.0031,6.3549,35.3627,9.5345,27.3144,36.1395
388.0,775.0,9.6253,38.436,98.575,194.068,0.019,0.0001,99.7967,203.2517,49.0815,-16.9127,0.0,0.0001,1.9544,-0.0034,6.3534,35.3665,9.5345,27.3173,36.1424
389.0,777.0,9.6319,38.4516,83.97,193.1316,0.0221,0.0001,99.8017,203.2517,49.0815,-16.9127,0.0,0.0001,1.9476,-0.0034,6.3523,35.3749,9.5407,27.3229,36.1476
390.0,779.0,9.6464,38.4715,98.68,192.2347,0.0186,0.0001,99.7968,203.2517,49.0815,-16.9128,0.0,0.0001,1.9415,-0.0039,6.3528,35.3803,9.5549,27.3247,36.1488
391.0,781.0,9.6428,38.4701,98.68,192.7555,0.0193,0.0001,99.802,203.2517,49.0815,-16.9128,0.0,0.0001,1.9377,-0.0018,6.3554,35.3815,9.551,27.3263,36.1505
392.0,783.0,9.6247,38.4532,59.9405,191.7516,0.0244,0.0001,99.8026,203.2518,49.0815,-16.9128,0.0,0.0001,1.9323,-0.0026,6.357,35.3811,9.5328,27.329,36.154
393.0,785.0,9.6143,38.4441,90.6503,191.4122,0.0254,0.0001,99.7984,203.2518,49.0814,-16.9128,0.0,0.0001,1.9277,-0.0023,6.361,35.381,9.5222,27.3307,36.1562
394.0,787.0,9.6103,38.4404,98.6778,191.0705,0.0294,0.0001,99.8016,203.2518,49.0814,-16.9128,0.0,0.0001,1.9245,-0.0023,6.3623,35.3803,9.518,27.3309,36.1565
395.0,789.0,9.5815,38.4129,98.68,191.5307,0.0241,0.0001,99.7933,203.2518,49.0814,-16.9128,0.0,0.0001,1.924,-0.0009,6.3628,35.3792,9.4892,27.3349,36.1617
396.0,791.0,9.5691,38.402,98.68,191.6884,0.0232,0.0001,99.8014,203.2518,49.0814,-16.9128,0.0,0.0001,1.9231,-0.0005,6.3666,35.3792,9.4766,27.3369,36.1643
397.0,793.0,9.547,38.3797,98.68,191.5429,0.0218,0.0001,99.8018,203.2519,49.0814,-16.9128,0.0,0.0001,1.9206,-0.0007,6.3692,35.3768,9.4544,27.3388,36.1672
398.0,795.0,9.5369,38.3708,98.4089,191.1386,0.0198,0.0001,99.8112,203.2519,49.0814,-16.9128,0.0,0.0001,1.9191,-0.0013,6.3732,35.3769,9.4441,27.3405,36.1694
399.0,797.0,9.5228,38.3569,98.6814,190.8948,0.0227,0.0001,99.8163,203.2519,49.0814,-16.9128,0.0,0.0001,1.9162,-0.0014,6.3739,35.3756,9.4299,27.3419,36.1714
400.0,799.0,9.4941,38.3308,98.68,190.9827,0.0232,0.0001,99.8058,203.2519,49.0814,-16.9128,0.0,0.0001,1.9153,-0.0008,6.3748,35.3759,9.4011,27.3469,36.1777
401.0,801.0,9.4877,38.3266,98.68,191.8114,0.0187,0.0001,99.8112,203.252,49.0814,-16.9128,0.0,0.0001,1.9168,0.0006,6.3748,35.3771,9.3944,27.3489,36.1799
402.0,803.0,9.4861,38.327,64.5988,191.6834,0.0212,0.0001,99.8203,203.252,49.0814,-16.9128,0.0,0.0001,1.917,0.0001,6.3763,35.378,9.3927,27.35,36.181
403.0,805.0,9.4813,38.3241,98.679,190.5775,0.0238,0.0001,99.8125,203.252,49.0814,-16.9128,0.0,0.0001,1.9127,-0.0017,6.3791,35.3788,9.3876,27.3514,36.1827
404.0,807.0,9.4579,38.302,95.7341,188.6566,0.0233,0.0001,99.8236,203.252,49.0814,-16.9128,0.0,0.0001,1.9038,-0.0038,6.384,35.3781,9.364,27.3547,36.187
405.0,809.0,9.4281,38.2726,98.68,187.7596,0.0211,0.0001,99.8401,203.2521,49.0814,-16.9128,0.0,0.0001,1.8965,-0.0036,6.3838,35.376,9.3342,27.3581,36.1916
406.0,811.0,9.4178,38.2633,98.6783,188.5398,0.0214,0.0001,99.8263,203.2521,49.0814,-16.9128,0.0,0.0001,1.8952,-0.0015,6.3847,35.3755,9.3237,27.3594,36.1934
407.0,813.0,9.3963,38.2421,98.68,188.8907,0.023,0.0001,99.8241,203.2521,49.0814,-16.9128,0.0,0.0001,1.8937,-0.0008,6.3943,35.3738,9.302,27.3616,36.1967
408.0,815.0,9.3575,38.2025,98.68,187.3684,0.0234,0.0001,99.8401,203.2521,49.0814,-16.9128,0.0,0.0001,1.8866,-0.0029,6.4002,35.3699,9.2633,27.365,36.2018
409.0,817.0,9.3388,38.1839,98.68,187.1061,0.0231,0.0001,99.8401,203.2521,49.0814,-16.9128,0.0,0.0001,1.8828,-0.0025,6.4022,35.3683,9.2445,27.3668,36.2044
410.0,819.0,9.3084,38.1549,70.5297,186.9945,0.0205,0.0001,99.8437,203.2522,49.0813,-16.9128,0.0,0.0001,1.8802,-0.002,6.4027,35.3672,9.214,27.371,36.2099
411.0,821.0,9.2918,38.1416,96.0174,187.1452,0.0205,0.0001,99.8476,203.2522,49.0813,-16.9128,0.0,0.0001,1.8791,-0.0011,6.4028,35.3688,9.1972,27.375,36.2146
412.0,823.0,9.2909,38.1423,97.6356,186.9525,0.0232,0.0001,99.843,203.2522,49.0813,-16.9128,0.0,0.0001,1.8763,-0.0008,6.4002,35.3697,9.1961,27.3759,36.2155
413.0,825.0,9.3079,38.1647,98.68,186.937,0.0213,0.0001,99.8329,203.2522,49.0813,-16.9128,0.0,0.0001,1.8748,-0.0006,6.4021,35.375,9.2127,27.3773,36.2162
414.0,827.0,9.3111,38.1721,98.68,186.9443,0.0215,0.0001,99.8401,203.2523,49.0813,-16.9128,0.0,0.0001,1.8742,-0.0005,6.4023,35.3787,9.2156,27.3797,36.2184
415.0,829.0,9.2995,38.1615,98.68,187.0705,0.0237,0.0001,99.8545,203.2523,49.0813,-16.9129,0.0,0.0001,1.874,-0.0003,6.4033,35.3785,9.2039,27.3815,36.2206
416.0,831.0,9.2781,38.1427,75.203,186.7101,0.0221,0.0001,99.8473,203.2523,49.0813,-16.9129,0.0,0.0001,1.8729,-0.0008,6.406,35.379,9.1825,27.3854,36.2255
417.0,833.0,9.2678,38.1333,90.234,186.4197,0.0256,0.0001,99.8577,203.2523,49.0813,-16.9129,0.0,0.0001,1.8697,-0.0009,6.4073,35.3786,9.172,27.3868,36.2273
418.0,835.0,9.2618,38.1286,98.68,186.1165,0.0232,0.0001,99.8401,203.2523,49.0813,-16.9129,0.0,0.0001,1.8675,-0.0011,6.4084,35.3788,9.1658,27.3879,36.2288
419.0,837.0,9.2534,38.1218,98.68,186.2167,0.0244,0.0001,99.849,203.2524,49.0813,-16.9129,0.0,0.0001,1.8669,-0.0007,6.4083,35.3789,9.1571,27.3895,36.2307
420.0,839.0,9.2469,38.1165,98.68,186.9418,0.0229,0.0001,99.8603,203.2524,49.0813,-16.9129,0.0,0.0001,1.8674,0.0007,6.408,35.3789,9.1504,27.3905,36.232
421.0,841.0,9.2444,38.1152,98.68,186.6082,0.0201,0.0001,99.8509,203.2524,49.0813,-16.9129,0.0,0.0001,1.8665,-0.0003,6.4146,35.3791,9.1478,27.3911,36.2327
422.0,843.0,9.2198,38.0935,51.644,186.8047,0.0181,0.0001,99.8401,203.2524,49.0813,-16.9129,0.0,0.0001,1.8667,0.0,6.4178,35.3799,9.123,27.3958,36.2385
423.0,845.0,9.1947,38.0685,98.6812,187.1751,0.0172,0.0001,99.8401,203.2525,49.0813,-16.9129,0.0,0.0001,1.8669,0.0005,6.4197,35.378,9.0979,27.3984,36.2422
424.0,847.0,9.173,38.0448,98.68,187.3636,0.0239,0.0001,99.8457,203.2525,49.0813,-16.9129,0.0,0.0001,1.8672,0.0003,6.424,35.3737,9.076,27.3986,36.2434
425.0,849.0,9.1452,38.0145,98.68,187.2972,0.0238,0.0001,99.8401,203.2525,49.0813,-16.9129,0.0,0.0001,1.8673,0.0,6.4265,35.3685,9.0481,27.3991,36.2452
426.0,851.0,9.1295,37.999,98.68,187.7088,0.0206,0.0001,99.8401,203.2525,49.0813,-16.9129,0.0,0.0001,1.8676,0.0002,6.4348,35.367,9.0323,27.4004,36.2472
427.0,853.0,9.0992,37.965,98.68,187.2376,0.019,0.0001,99.8429,203.2526,49.0813,-16.9129,0.0,0.0001,1.8658,-0.0009,6.4414,35.3607,9.0021,27.4004,36.2486
428.0,855.0,9.0463,37.9095,82.3162,187.1318,0.0207,0.0001,99.8545,203.2526,49.0813,-16.9129,0.0,0.0001,1.8639,-0.001,6.4478,35.3541,8.9492,27.4038,36.2544
429.0,857.0,9.0135,37.8749,98.68,186.8148,0.0191,0.0001,99.8642,203.2526,49.0813,-16.9129,0.0,0.0001,1.862,-0.0011,6.4449,35.3496,8.9164,27.4055,36.2576
430.0,859.0,8.98,37.84,95.2744,187.5467,0.0209,0.0001,99.8783,203.2526,49.0812,-16.9129,0.0,0.0001,1.862,0.0,6.4506,35.3454,8.8828,27.4076,36.2612
431.0,861.0,8.9581,37.8192,98.68,187.0843,0.0217,0.0,99.8923,203.2526,49.0812,-16.9129,0.0,0.0001,1.8611,-0.0009,6.4587,35.3444,8.8608,27.4104,36.265
432.0,863.0,8.9158,37.7734,81.0541,187.1521,0.0206,0.0,99.8978,203.2527,49.0812,-16.9129,0.0,0.0001,1.8588,-0.0006,6.4628,35.3372,8.8186,27.4115,36.2681
433.0,865.0,8.8943,37.7522,98.6811,187.1438,0.0236,0.0,99.8978,203.2527,49.0812,-16.9129,0.0,0.0001,1.8576,-0.0007,6.469,35.3352,8.7969,27.4134,36.271
434.0,867.0,8.8692,37.7263,98.68,186.7911,0.0223,0.0,99.8978,203.2527,49.0812,-16.9129,0.0,0.0001,1.8556,-0.0011,6.4703,35.3323,8.7718,27.4151,36.2738
435.0,869.0,8.8399,37.6984,98.68,186.4659,0.021,0.0,99.8978,203.2527,49.0812,-16.913,0.0,0.0001,1.854,-0.0013,6.4683,35.3313,8.7425,27.419,36.279
436.0,871.0,8.8362,37.6997,98.68,186.3762,0.0196,0.0,99.905,203.2528,49.0812,-16.913,0.0,0.0001,1.8529,-0.0008,6.4679,35.3352,8.7385,27.4227,36.2828
437.0,873.0,8.8481,37.7171,98.68,186.0604,0.0201,0.0,99.9065,203.2528,49.0812,-16.913,0.0,0.0001,1.8498,-0.0009,6.4667,35.3407,8.7501,27.4252,36.2847
438.0,875.0,8.8494,37.7201,79.8736,185.6689,0.0218,0.0,99.9267,203.2528,49.0812,-16.913,0.0,0.0001,1.8468,-0.0011,6.4631,35.3415,8.7511,27.4257,36.2851
439.0,877.0,8.8601,37.7352,98.68,185.7682,0.0247,0.0,99.9195,203.2528,49.0812,-16.913,0.0,0.0001,1.8462,-0.0007,6.4659,35.346,8.7616,27.4275,36.2864
440.0,879.0,8.8778,37.7578,98.68,185.4022,0.0232,0.0,99.9154,203.2528,49.0812,-16.913,0.0,0.0001,1.8448,-0.0011,6.4666,35.3513,8.7789,27.4289,36.287
441.0,881.0,8.8525,37.7366,59.8747,185.3047,0.0229,0.0,99.9159,203.2529,49.0812,-16.913,0.0,0.0001,1.8427,-0.0009,6.4674,35.3532,8.7535,27.4344,36.2936
442.0,883.0,8.8379,37.7228,93.4261,185.5157,0.0228,0.0,99.9121,203.2529,49.0812,-16.913,0.0,0.0001,1.8416,-0.0004,6.4687,35.3523,8.7388,27.4361,36.2959
443.0,885.0,8.8407,37.7281,98.6811,184.8992,0.0216,0.0,99.918,203.2529,49.0812,-16.913,0.0,0.0001,1.8386,-0.0013,6.4726,35.3541,8.7413,27.4371,36.2968
444.0,887.0,8.8306,37.7214,98.68,184.7579,0.0196,0.0,99.9136,203.2529,49.0812,-16.913,0.0,0.0001,1.8376,-0.001,6.47,35.3561,8.731,27.4403,36.3004
445.0,889.0,8.8029,37.6908,98.68,185.1319,0.023,0.0,99.9251,203.253,49.0812,-16.913,0.0,0.0001,1.8371,-0.0004,6.4739,35.3505,8.7033,27.4403,36.3018
446.0,891.0,8.7841,37.6716,98.68,185.2248,0.0249,0.0,99.9164,203.253,49.0812,-16.913,0.0,0.0001,1.8363,-0.0006,6.4826,35.3482,8.6844,27.4415,36.3038
447.0,893.0,8.7622,37.6482,98.6782,185.0104,0.0253,0.0,99.9231,203.253,49.0812,-16.913,0.0,0.0001,1.8364,-0.0008,6.4814,35.3446,8.6624,27.4421,36.3055
448.0,895.0,8.7363,37.6249,98.6809,185.7637,0.0212,0.0,99.9267,203.253,49.0812,-16.913,0.0,0.0001,1.8364,0.0007,6.4817,35.3448,8.6365,27.4464,36.3108
449.0,897.0,8.7407,37.6314,98.68,185.5926,0.0222,0.0,99.9192,203.2531,49.0811,-16.913,0.0,0.0001,1.8364,0.0002,6.4779,35.3463,8.6405,27.4469,36.3112
450.0,899.0,8.7703,37.6702,98.68,185.5813,0.0246,0.0,99.9129,203.2531,49.0811,-16.913,0.0,0.0001,1.8364,-0.0001,6.4799,35.3569,8.6697,27.4506,36.3134
451.0,901.0,8.7756,37.6789,64.6359,185.4515,0.0242,0.0,99.9267,203.2531,49.0811,-16.913,0.0,0.0001,1.8358,-0.0003,6.4819,35.3598,8.6748,27.4521,36.3147
452.0,903.0,8.7453,37.6467,98.6765,185.3641,0.0203,0.0,99.9216,203.2531,49.0811,-16.913,0.0,0.0001,1.8352,-0.0004,6.4815,35.3552,8.6445,27.4533,36.3172
453.0,905.0,8.7478,37.651,98.4538,185.1536,0.02,0.0,99.9149,203.2531,49.0811,-16.913,0.0,0.0001,1.8339,-0.0005,6.4773,35.3564,8.6467,27.4539,36.3177
454.0,907.0,8.7562,37.6622,98.68,185.3819,0.0211,0.0,99.9267,203.2532,49.0811,-16.9131,0.0,0.0001,1.8351,0.0003,6.4646,35.3589,8.6548,27.4546,36.318
455.0,909.0,8.8366,37.7643,98.4598,185.102,0.0205,0.0,99.9133,203.2532,49.0811,-16.9131,0.0,0.0001,1.8343,-0.0004,6.4702,35.3852,8.7344,27.4626,36.3221
456.0,911.0,8.8244,37.7544,98.68,184.0509,0.0185,0.0,99.9267,203.2532,49.0811,-16.9131,0.0,0.0001,1.8315,-0.0021,6.4798,35.386,8.722,27.4652,36.3252
457.0,913.0,8.7786,37.7052,98.68,183.7623,0.0214,0.0,99.9357,203.2532,49.0811,-16.9131,0.0,0.0001,1.8254,-0.0021,6.4873,35.3791,8.6763,27.467,36.3292
458.0,915.0,8.7243,37.6489,98.68,184.2002,0.0201,0.0,99.9387,203.2533,49.0811,-16.9131,0.0,0.0001,1.8251,-0.0005,6.483,35.3727,8.6222,27.4705,36.3352
459.0,917.0,8.6963,37.6191,70.1153,184.6722,0.018,0.0,99.9366,203.2533,49.0811,-16.9131,0.0,0.0001,1.8253,0.0,6.489,35.3682,8.594,27.4715,36.3374
460.0,919.0,8.6956,37.6194,95.3347,184.5408,0.018,0.0,99.9309,203.2533,49.0811,-16.9131,0.0,0.0001,1.8245,-0.0002,6.4889,35.3685,8.5932,27.4719,36.3379
461.0,921.0,8.6892,37.6144,98.68,184.2905,0.0192,0.0,99.9556,203.2533,49.0811,-16.9131,0.0,0.0001,1.8238,-0.0006,6.4871,35.3686,8.5866,27.473,36.3393
462.0,923.0,8.6939,37.6212,98.68,184.4666,0.0186,0.0,99.9493,203.2534,49.0811,-16.9131,0.0,0.0001,1.8237,-0.0002,6.4881,35.3704,8.591,27.4737,36.3398
463.0,925.0,8.7113,37.6449,98.68,184.6116,0.0201,0.0,99.9267,203.2534,49.0811,-16.9131,0.0,0.0001,1.8236,0.0001,6.4863,35.377,8.6081,27.4761,36.3414
464.0,927.0,8.711,37.6436,81.0892,184.7763,0.023,0.0,99.9267,203.2534,49.0811,-16.9131,0.0,0.0001,1.8232,-0.0003,6.4997,35.375,8.6075,27.4747,36.34
465.0,929.0,8.6424,37.5792,98.68,184.5926,0.0206,0.0,99.9556,203.2534,49.0811,-16.9131,0.0,0.0001,1.8193,-0.0013,6.5241,35.3744,8.5391,27.485,36.3533
466.0,931.0,8.5623,37.4901,85.5924,184.8462,0.0206,0.0,99.9521,203.2534,49.0811,-16.9131,0.0,0.0001,1.8188,-0.0012,6.542,35.3592,8.4593,27.4855,36.3576
467.0,933.0,8.3877,37.2942,98.68,185.5952,0.0214,0.0,99.9598,203.2535,49.0811,-16.9131,0.0,0.0001,1.8188,0.0,6.5464,35.3249,8.2857,27.4855,36.3658
468.0,935.0,8.3252,37.2291,98.68,186.5014,0.0233,0.0,99.9556,203.2535,49.0811,-16.9131,0.0,0.0001,1.8217,0.0013,6.5419,35.3174,8.2235,27.4892,36.3724
469.0,937.0,8.3215,37.2335,98.68,187.1027,0.0221,0.0,99.9556,203.2535,49.081,-16.9131,0.0,0.0001,1.8248,0.0016,6.54,35.3247,8.2195,27.4956,36.3789
470.0,939.0,8.3606,37.2777,98.68,186.9421,0.0225,0.0,99.9508,203.2535,49.081,-16.9132,0.0,0.0001,1.8258,0.0007,6.5414,35.3316,8.2581,27.495,36.3765
471.0,941.0,8.3551,37.2729,75.4341,186.5741,0.0188,0.0,99.9532,203.2536,49.081,-16.9132,0.0,0.0001,1.8254,-0.0003,6.5456,35.3313,8.2525,27.4957,36.3774
472.0,943.0,8.3463,37.2631,98.678,186.2912,0.0205,0.0,99.9478,203.2536,49.081,-16.9132,0.0,0.0001,1.8246,-0.0008,6.5514,35.3288,8.2435,27.4951,36.3773
473.0,945.0,8.3062,37.2187,98.68,186.363,0.0178,0.0,99.95,203.2536,49.081,-16.9132,0.0,0.0001,1.8233,-0.0003,6.5465,35.3206,8.2034,27.4948,36.3789
474.0,947.0,8.2856,37.1988,98.68,187.0742,0.0196,0.0,99.9549,203.2536,49.081,-16.9132,0.0,0.0001,1.8245,0.0008,6.5469,35.3189,8.1827,27.4967,36.3817
475.0,949.0,8.3106,37.2297,98.68,186.6075,0.0214,0.0,99.9556,203.2537,49.081,-16.9132,0.0,0.0001,1.8242,-0.0001,6.5429,35.3263,8.2074,27.4987,36.3825
476.0,951.0,8.3364,37.2749,98.68,186.2097,0.022,0.0,99.9556,203.2537,49.081,-16.9132,0.0,0.0001,1.8236,-0.0006,6.5391,35.3475,8.2327,27.5114,36.3938
477.0,953.0,8.3304,37.2647,41.1635,186.6726,0.0248,0.0,99.9726,203.2537,49.081,-16.9132,0.0,0.0001,1.8236,0.0002,6.5371,35.3417,8.2265,27.5078,36.3905
478.0,955.0,8.3726,37.3153,96.4424,186.5457,0.0245,0.0,99.9556,203.2537,49.081,-16.9132,0.0,0.0001,1.8237,-0.0001,6.5409,35.3524,8.2682,27.5098,36.3905
479.0,957.0,8.3527,37.2945,98.68,185.7453,0.024,0.0,99.9608,203.2537,49.081,-16.9132,0.0,0.0001,1.8205,-0.0014,6.5459,35.3494,8.2482,27.5106,36.3922
480.0,959.0,8.3166,37.2516,98.68,186.5866,0.0242,0.0,99.9556,203.2538,49.081,-16.9132,0.0,0.0001,1.8217,0.0002,6.5445,35.339,8.2122,27.5079,36.3913
481.0,961.0,8.3122,37.2545,98.68,187.3945,0.0244,0.0,99.9556,203.2538,49.081,-16.9132,0.0,0.0001,1.823,0.0012,6.5459,35.3456,8.2075,27.5138,36.3973
482.0,963.0,8.307,37.2494,87.3998,187.0729,0.0222,0.0,99.9607,203.2538,49.081,-16.9132,0.0,0.0001,1.8236,0.0002,6.5497,35.3443,8.2022,27.5136,36.3973
483.0,965.0,8.2977,37.2404,98.68,187.3026,0.0206,0.0,99.9632,203.2538,49.081,-16.9132,0.0,0.0001,1.8238,0.0001,6.5546,35.3431,8.1926,27.5141,36.3983
484.0,967.0,8.2616,37.2009,98.68,188.3767,0.0193,0.0,99.9639,203.2539,49.081,-16.9132,0.0,0.0001,1.8253,0.0008,6.5765,35.336,8.1566,27.5141,36.4
485.0,969.0,8.2159,37.1419,98.68,187.9167,0.0202,0.0,99.9496,203.2539,49.081,-16.9132,0.0,0.0001,1.8248,-0.0007,6.588,35.3182,8.111,27.5071,36.3953
486.0,971.0,8.054,36.9747,98.68,189.2041,0.0261,0.0,99.9845,203.2539,49.081,-16.9133,0.0,0.0001,1.8254,0.0015,6.587,35.3012,7.95,27.5181,36.4138
487.0,973.0,8.0379,36.9578,83.3567,190.1781,0.0233,0.0,99.9581,203.2539,49.0809,-16.9133,0.0,0.0001,1.8297,0.0014,6.606,35.2982,7.9339,27.5181,36.4146
488.0,975.0,7.943,36.8514,98.68,190.2493,0.0236,0.0,99.9625,203.254,49.0809,-16.9133,0.0,0.0001,1.8308,0.0005,6.6141,35.2786,7.8394,27.5169,36.4179
489.0,977.0,7.8767,36.7823,98.68,190.8471,0.0213,0.0,99.9708,203.254,49.0809,-16.9133,0.0,0.0001,1.8339,0.0014,6.6077,35.2701,7.7734,27.5201,36.4242
490.0,979.0,7.8815,36.7924,59.2903,191.6284,0.0189,0.0,99.9556,203.254,49.0809,-16.9133,0.0,0.0001,1.8359,0.002,6.6107,35.2751,7.7779,27.5233,36.4272
491.0,981.0,7.8992,36.8128,90.2647,190.9989,0.0217,0.0,99.9555,203.254,49.0809,-16.9133,0.0,0.0001,1.8374,0.0006,6.5994,35.2785,7.7953,27.5234,36.4264
492.0,983.0,7.9641,36.8985,98.6789,190.2556,0.0209,0.0,99.9495,203.2541,49.0809,-16.9133,0.0,0.0001,1.8365,-0.0008,6.5989,35.3041,7.8595,27.534,36.4337
493.0,985.0,7.976,36.9133,98.68,189.9749,0.0212,0.0,99.9625,203.2541,49.0809,-16.9133,0.0,0.0001,1.8352,-0.001,6.5991,35.3069,7.871,27.5345,36.4336
494.0,987.0,7.9731,36.9118,98.68,190.2238,0.0212,0.0,99.9585,203.2541,49.0809,-16.9133,0.0,0.0001,1.8341,-0.0004,6.5996,35.3074,7.8679,27.5353,36.4346
495.0,989.0,7.9667,36.9056,98.68,190.239,0.021,0.0,99.9627,203.2541,49.0809,-16.9133,0.0,0.0001,1.834,-0.0004,6.6018,35.3065,7.8614,27.5355,36.4352
496.0,991.0,7.9537,36.8951,98.6073,189.9937,0.0209,0.0,99.97,203.2541,49.0809,-16.9133,0.0,0.0001,1.8315,-0.0007,6.6038,35.3072,7.8482,27.5381,36.4383
497.0,993.0,7.9439,36.8873,98.68,190.1948,0.0193,0.0,99.9845,203.2542,49.0809,-16.9133,0.0,0.0001,1.8319,-0.0002,6.6027,35.3075,7.8383,27.5398,36.4405
498.0,995.0,7.924,36.8696,98.68,190.8503,0.0201,0.0,99.97,203.2542,49.0809,-16.9133,0.0,0.0001,1.8333,0.0006,6.6066,35.3077,7.8182,27.5429,36.4445
499.0,997.0,7.905,36.8515,98.68,190.4008,0.0193,0.0,99.9695,203.2542,49.0809,-16.9133,0.0,0.0001,1.8321,-0.0004,6.6112,35.3065,7.7992,27.5448,36.4473
500.0,999.0,7.8913,36.8388,65.8637,190.7078,0.0194,0.0,99.9648,203.2542,49.0809,-16.9133,0.0,0.0001,1.8315,0.0002,6.6095,35.3059,7.7853,27.5464,36.4495
501.0,1001.0,7.89,36.8399,94.8304,190.9236,0.0214,0.0,99.9652,203.2543,49.0809,-16.9133,0.0,0.0001,1.833,0.0002,6.6131,35.3073,7.7839,27.5477,36.4508
502.0,1003.0,7.8786,36.831,98.681,191.1669,0.0211,0.0,99.9629,203.2543,49.0809,-16.9134,0.0,0.0001,1.8338,0.0002,6.6158,35.3083,7.7723,27.5503,36.4539
503.0,1005.0,7.8562,36.8147,89.7667,191.2731,0.0234,0.0,99.955,203.2544,49.0808,-16.9134,0.0,0.0001,1.8348,0.0,6.6167,35.3123,7.7498,27.5567,36.4613
504.0,1007.0,7.8474,36.81,93.314,191.3144,0.0207,0.0,99.9426,203.2545,49.0808,-16.9134,0.0,0.0001,1.8342,-0.0001,6.6187,35.3152,7.7409,27.5603,36.4653
505.0,1009.0,7.8315,36.7971,96.4159,191.3786,0.0219,0.0,99.9554,203.2547,49.0808,-16.9134,0.0,0.0001,1.8343,0.0,6.6186,35.3163,7.7248,27.5636,36.4693
506.0,1011.0,7.7964,36.7631,94.0939,191.8294,0.0216,0.0001,99.8734,203.2554,49.0806,-16.9136,0.0,0.0001,1.8363,0.0,6.6255,35.3144,7.6898,27.5672,36.4745
