Datacycle,press,temp,cond,alt,oxygen,fluor,atten,trans,jday,lat,lon,PAR,UPAR,oxV,oxdVdt,oxysat,salin,potemp,sigma0,sigma2
1.0,3.0,15.3484,43.9066,72.9252,244.7504,0.9779,0.0046,89.1265,217.8112,49.087,-16.6328,0.0,0.0001,2.7205,0.0003,5.6282,35.5842,15.3478,26.3452,34.9407
2.0,5.0,15.3487,43.9075,10.105,244.6948,0.9607,0.0046,89.181,217.8113,49.087,-16.6329,0.0,0.0001,2.7211,0.0,5.6281,35.5842,15.348,26.3451,34.9406
3.0,7.0,15.3489,43.9086,17.756,244.8631,0.9542,0.0046,89.1709,217.8114,49.087,-16.6329,0.0,0.0001,2.7216,0.0001,5.6282,35.5843,15.3479,26.3452,34.9407
4.0,9.0,15.3495,43.9104,93.9642,245.1509,1.0026,0.0047,89.0542,217.8115,49.087,-16.6329,0.0,0.0001,2.723,0.0002,5.6282,35.5842,15.348,26.3452,34.9407
5.0,11.0,15.3492,43.9108,98.71,244.8021,0.9806,0.0046,89.1893,217.8116,49.087,-16.6329,0.0,0.0001,2.721,-0.0005,5.628,35.5843,15.3476,26.3453,34.9408
6.0,13.0,15.35,43.9128,90.7394,244.8227,0.981,0.0046,89.2224,217.8117,49.087,-16.6329,0.0,0.0001,2.7193,-0.0004,5.628,35.5843,15.3479,26.3452,34.9407
7.0,15.0,15.3499,43.9134,79.6228,244.9147,1.0037,0.0046,89.2594,217.8117,49.087,-16.6329,0.0,0.0001,2.7189,0.0,5.6279,35.5843,15.3476,26.3453,34.9408
8.0,17.0,15.3512,43.9157,98.7,245.0156,0.9827,0.0046,89.2071,217.8118,49.087,-16.6329,0.0,0.0001,2.7186,0.0003,5.6279,35.5843,15.3485,26.3451,34.9406
9.0,19.0,15.3511,43.9162,91.5412,245.0017,0.9665,0.0046,89.2482,217.8118,49.087,-16.6329,0.0,0.0001,2.7195,0.0,5.6279,35.5843,15.3483,26.3451,34.9406
10.0,21.0,15.3515,43.9176,98.5982,244.8649,0.9648,0.0045,89.2577,217.8119,49.087,-16.6329,0.0,0.0001,2.7179,-0.0003,5.6278,35.5842,15.3482,26.3451,34.9406
11.0,23.0,15.3521,43.9189,86.126,244.9477,0.9467,0.0045,89.2643,217.8119,49.087,-16.6329,0.0,0.0001,2.7176,-0.0001,5.6277,35.5841,15.3486,26.3449,34.9404
12.0,25.0,15.3519,43.9197,77.3202,244.9515,0.9336,0.0045,89.3323,217.812,49.087,-16.6329,0.0,0.0001,2.717,-0.0002,5.6283,35.5841,15.3481,26.345,34.9405
13.0,27.0,15.3498,43.918,67.08,244.0524,0.9344,0.0044,89.5049,217.812,49.087,-16.6329,0.0,0.0001,2.7116,-0.0021,5.6286,35.5838,15.3456,26.3454,34.941
14.0,29.0,15.3469,43.9159,98.71,244.6714,0.9374,0.0044,89.5231,217.8121,49.0869,-16.6329,0.0,0.0001,2.7124,0.0003,5.6285,35.5836,15.3424,26.3459,34.9416
15.0,31.0,15.3454,43.915,80.0243,244.5455,0.9272,0.0044,89.5094,217.8121,49.087,-16.6329,0.0,0.0001,2.712,-0.0003,5.6289,35.5835,15.3407,26.3463,34.942
16.0,33.0,15.3417,43.912,98.71,243.522,0.9128,0.0043,89.6261,217.8122,49.0869,-16.633,0.0,0.0001,2.7048,-0.0023,5.6304,35.5832,15.3367,26.3469,34.9428
17.0,35.0,15.323,43.8936,70.7399,244.4125,0.914,0.0043,89.7926,217.8122,49.0869,-16.633,0.0,0.0001,2.7073,0.0008,5.6297,35.5823,15.3175,26.3505,34.9471
18.0,37.0,15.3265,43.8982,73.6209,243.4875,0.9234,0.0043,89.7177,217.8123,49.0869,-16.633,0.0,0.0001,2.7028,-0.0023,5.6344,35.5829,15.3209,26.3502,34.9466
19.0,39.0,15.2951,43.8661,59.1907,242.0125,0.8976,0.0042,90.1004,217.8123,49.0869,-16.633,0.0,0.0001,2.6905,-0.0034,5.6367,35.5813,15.2892,26.3561,34.9537
20.0,41.0,15.2741,43.8452,44.7606,242.6986,0.9089,0.0041,90.2135,217.8123,49.0869,-16.633,0.0,0.0001,2.6897,0.0001,5.6349,35.5806,15.2678,26.3603,34.9587
21.0,43.0,15.2708,43.8432,67.2093,242.8351,0.9343,0.0041,90.2047,217.8124,49.0869,-16.633,0.0,0.0001,2.6892,-0.0005,5.643,35.5811,15.2642,26.3615,34.96
22.0,45.0,15.152,43.7252,74.2994,241.3452,0.8799,0.0035,91.5925,217.8124,49.0869,-16.633,0.0,0.0001,2.6746,-0.0059,5.6789,35.5807,15.1451,26.3877,34.9904
23.0,47.0,14.3788,42.956,81.3895,234.0324,0.6758,0.0025,93.822,217.8125,49.0869,-16.633,0.0,0.0001,2.608,-0.0269,5.8491,35.58,14.3719,26.5553,35.1861
24.0,49.0,12.9065,41.4996,92.0479,237.8974,0.3167,0.0015,96.3589,217.8125,49.0869,-16.633,0.0,0.0001,2.5732,0.0001,5.8766,35.5779,12.8997,26.861,35.5468
25.0,51.0,12.4341,41.0464,98.71,229.7008,0.2375,0.0011,97.4029,217.8126,49.0869,-16.633,0.0,0.0001,2.516,-0.0201,5.992,35.5868,12.4272,26.9619,35.6658
26.0,53.0,12.2723,40.8904,98.71,232.3372,0.1064,0.0006,98.5671,217.8126,49.0869,-16.633,0.0,0.0001,2.5034,-0.0017,5.9641,35.5883,12.2652,26.9948,35.705
27.0,55.0,12.2383,40.8632,80.7252,233.7739,0.113,0.0005,98.636,217.8126,49.0869,-16.633,0.0,0.0001,2.5086,-0.0009,5.9808,35.5934,12.231,27.0055,35.717
28.0,57.0,12.1725,40.8007,66.343,232.0463,0.0759,0.0005,98.8584,217.8127,49.0869,-16.633,0.0,0.0001,2.4922,-0.0028,5.9995,35.5941,12.1649,27.0188,35.7329
29.0,59.0,12.1367,40.762,96.6263,234.3342,0.0653,0.0005,98.789,217.8127,49.0869,-16.633,0.0,0.0001,2.5005,0.0031,5.9904,35.5893,12.1289,27.0222,35.7377
30.0,61.0,12.1945,40.8177,96.0532,232.6408,0.0596,0.0006,98.5884,217.8128,49.0869,-16.6331,0.0,0.0001,2.4955,-0.0029,6.0054,35.5883,12.1865,27.0102,35.7235
31.0,63.0,12.101,40.7253,98.7079,232.6116,0.0537,0.0004,99.0316,217.8128,49.0869,-16.6331,0.0,0.0001,2.4876,-0.0011,6.0152,35.5862,12.0928,27.0267,35.7437
32.0,65.0,12.0791,40.7035,98.6934,233.6074,0.0611,0.0005,98.8994,217.8129,49.0869,-16.6331,0.0,0.0001,2.4932,0.0008,6.0091,35.5847,12.0705,27.0299,35.7478
33.0,67.0,12.096,40.7194,71.8523,233.1994,0.0611,0.0003,99.127,217.8129,49.0869,-16.6331,0.0,0.0001,2.4889,-0.0012,6.0257,35.5833,12.0872,27.0256,35.7428
34.0,69.0,12.0293,40.6498,86.2603,234.3133,0.0531,0.0003,99.1925,217.813,49.0869,-16.6331,0.0,0.0001,2.4924,0.0018,6.0189,35.578,12.0203,27.0343,35.7543
35.0,71.0,12.0199,40.6407,98.5879,234.0445,0.048,0.0003,99.2404,217.813,49.0869,-16.6331,0.0,0.0001,2.4927,-0.0003,6.0282,35.5774,12.0107,27.0357,35.756
36.0,73.0,11.9292,40.5433,98.7,234.2099,0.0413,0.0002,99.3845,217.8131,49.0869,-16.6331,0.0,0.0001,2.4897,-0.0008,6.0461,35.5675,11.9197,27.0455,35.7696
37.0,75.0,11.8678,40.4775,77.0297,235.1086,0.0315,0.0002,99.4428,217.8131,49.0869,-16.6331,0.0,0.0001,2.492,0.0018,6.0425,35.5608,11.8581,27.0521,35.7787
38.0,77.0,11.8559,40.4655,95.1835,234.9378,0.0375,0.0002,99.4638,217.8132,49.0869,-16.6331,0.0,0.0001,2.4937,-0.0006,6.0493,35.5596,11.8459,27.0535,35.7806
39.0,79.0,11.8386,40.4479,82.4692,233.8432,0.0305,0.0002,99.4936,217.8132,49.0869,-16.6331,0.0,0.0001,2.4867,-0.0022,6.0522,35.5581,11.8284,27.0557,35.7835
40.0,81.0,11.8015,40.4113,98.6946,234.3922,0.0307,0.0002,99.5303,217.8132,49.0869,-16.6331,0.0,0.0001,2.4864,-0.0006,6.0549,35.5566,11.791,27.0616,35.7909
41.0,83.0,11.7986,40.4107,98.7044,233.9266,0.0331,0.0002,99.5443,217.8133,49.0869,-16.6332,0.0,0.0001,2.4817,-0.0008,6.058,35.5579,11.7879,27.0632,35.7927
42.0,85.0,11.7828,40.3956,80.3928,233.2859,0.0331,0.0002,99.5581,217.8133,49.0869,-16.6332,0.0,0.0001,2.4765,-0.0013,6.0594,35.5574,11.7719,27.0659,35.796
43.0,87.0,11.7713,40.3852,96.629,233.3063,0.0327,0.0002,99.5561,217.8134,49.0869,-16.6332,0.0,0.0001,2.4751,-0.0005,6.0587,35.5571,11.7601,27.0679,35.7985
44.0,89.0,11.7724,40.3873,90.1746,233.3639,0.0321,0.0002,99.5686,217.8134,49.0869,-16.6332,0.0,0.0001,2.4741,-0.0004,6.0599,35.5576,11.761,27.0681,35.7986
45.0,91.0,11.7599,40.3756,98.6978,233.1418,0.0331,0.0002,99.5751,217.8135,49.0868,-16.6332,0.0,0.0001,2.4713,-0.0006,6.0617,35.557,11.7482,27.0701,35.8011
46.0,93.0,11.7454,40.3636,95.8255,233.341,0.0337,0.0002,99.5871,217.8135,49.0868,-16.6332,0.0,0.0001,2.4715,-0.0001,6.0616,35.558,11.7334,27.0737,35.8053
47.0,95.0,11.7474,40.3658,84.0525,233.6684,0.0362,0.0002,99.5915,217.8136,49.0868,-16.6332,0.0,0.0001,2.4712,0.0003,6.0668,35.5575,11.7352,27.0729,35.8045
48.0,97.0,11.7176,40.3354,83.5872,233.6661,0.035,0.0002,99.6091,217.8136,49.0868,-16.6332,0.0,0.0001,2.4717,-0.0001,6.0667,35.5553,11.7052,27.0769,35.8097
49.0,99.0,11.7114,40.3301,98.7001,233.9413,0.0332,0.0002,99.6122,217.8137,49.0868,-16.6332,0.0,0.0001,2.4733,-0.0001,6.0689,35.5549,11.6987,27.0779,35.8109
50.0,101.0,11.6754,40.2904,85.7185,235.5123,0.0368,0.0002,99.6028,217.8137,49.0868,-16.6332,0.0,0.0001,2.4766,0.0026,6.078,35.5493,11.6624,27.0804,35.815
51.0,103.0,11.6397,40.2537,90.4506,235.5765,0.0333,0.0002,99.5972,217.8139,49.0868,-16.6333,0.0,0.0001,2.4828,0.0003,6.0768,35.5465,11.6265,27.085,35.821
52.0,105.0,11.6243,40.238,98.7047,236.3294,0.0331,0.0002,99.5911,217.8139,49.0868,-16.6333,0.0,0.0001,2.4881,0.0007,6.0772,35.5451,11.6109,27.0868,35.8235
53.0,107.0,11.5966,40.2089,88.2464,236.9329,0.0353,0.0002,99.578,217.8141,49.0868,-16.6334,0.0,0.0001,2.4921,0.0,6.083,35.5418,11.5828,27.0895,35.8274
54.0,109.0,11.5897,40.2018,94.0948,237.3059,0.0347,0.0002,99.5773,217.8141,49.0868,-16.6333,0.0,0.0001,2.4928,0.001,6.0826,35.5408,11.5758,27.0901,35.8282
55.0,111.0,11.5792,40.1921,98.7,237.6686,0.0319,0.0002,99.575,217.8142,49.0868,-16.6334,0.0,0.0001,2.4954,0.0004,6.086,35.54,11.5649,27.0915,35.8301
56.0,113.0,11.5695,40.1823,98.5792,237.8139,0.0345,0.0002,99.577,217.8142,49.0868,-16.6334,0.0,0.0001,2.4971,0.0004,6.0847,35.5392,11.5551,27.0927,35.8317
57.0,115.0,11.5596,40.1726,75.1473,239.2741,0.0388,0.0002,99.5743,217.8142,49.0868,-16.6334,0.0,0.0001,2.5016,0.0028,6.0879,35.538,11.5449,27.0937,35.8332
58.0,117.0,11.557,40.1705,96.1124,239.3577,0.0365,0.0002,99.5754,217.8143,49.0868,-16.6334,0.0,0.0001,2.5063,0.0009,6.0896,35.5376,11.542,27.0939,35.8335
59.0,119.0,11.5402,40.1534,98.71,239.3616,0.0347,0.0002,99.5514,217.8143,49.0868,-16.6334,0.0,0.0001,2.5079,-0.0001,6.0903,35.5358,11.5251,27.0957,35.836
60.0,121.0,11.5343,40.1484,84.4499,239.7882,0.0332,0.0002,99.5506,217.8144,49.0868,-16.6334,0.0,0.0001,2.5094,0.0004,6.092,35.5358,11.5189,27.0969,35.8374
61.0,123.0,11.5151,40.1301,92.1062,240.19,0.0338,0.0002,99.5514,217.8144,49.0868,-16.6334,0.0,0.0001,2.5117,0.0004,6.0939,35.5351,11.4994,27.1,35.8413
62.0,125.0,11.5107,40.1271,93.1217,240.6058,0.0339,0.0002,99.5428,217.8145,49.0868,-16.6335,0.0,0.0001,2.5139,0.0007,6.0946,35.5354,11.4948,27.1011,35.8426
63.0,127.0,11.5084,40.1251,98.7087,241.0227,0.0335,0.0002,99.5344,217.8145,49.0868,-16.6335,0.0,0.0001,2.5166,0.0006,6.0963,35.5349,11.4923,27.1012,35.8428
64.0,129.0,11.4944,40.1121,98.6998,241.1326,0.0384,0.0002,99.5211,217.8146,49.0868,-16.6335,0.0,0.0001,2.5179,0.0002,6.0963,35.5345,11.478,27.1036,35.8458
65.0,131.0,11.4939,40.1127,85.9473,241.1341,0.033,0.0002,99.5103,217.8146,49.0868,-16.6335,0.0,0.0001,2.518,0.0,6.0963,35.5346,11.4773,27.1037,35.8459
66.0,133.0,11.4929,40.1123,95.6321,241.3112,0.0322,0.0002,99.5227,217.8147,49.0868,-16.6335,0.0,0.0001,2.5182,0.0001,6.0974,35.5345,11.476,27.1039,35.8461
67.0,135.0,11.4809,40.1026,93.986,241.4287,0.0319,0.0002,99.5006,217.8147,49.0868,-16.6335,0.0,0.0001,2.5189,0.0,6.0979,35.5352,11.4637,27.1068,35.8495
68.0,137.0,11.4819,40.1042,98.71,242.0145,0.0338,0.0002,99.4995,217.8148,49.0868,-16.6335,0.0,0.0001,2.5204,0.0011,6.0987,35.5353,11.4645,27.1067,35.8494
69.0,139.0,11.4758,40.0996,98.71,241.9947,0.0349,0.0002,99.4963,217.8148,49.0868,-16.6335,0.0,0.0001,2.522,0.0002,6.0984,35.5356,11.4581,27.1081,35.8511
70.0,141.0,11.4771,40.1016,90.8662,241.5697,0.0331,0.0002,99.4815,217.8149,49.0868,-16.6335,0.0,0.0001,2.52,-0.0006,6.0987,35.5355,11.4592,27.1079,35.8508
71.0,143.0,11.4735,40.0993,98.6265,241.8045,0.0315,0.0002,99.4625,217.8149,49.0868,-16.6336,0.0,0.0001,2.5188,0.0004,6.0993,35.5357,11.4553,27.1087,35.8518
72.0,145.0,11.4692,40.0964,87.916,242.0183,0.0307,0.0002,99.4627,217.815,49.0868,-16.6336,0.0,0.0001,2.5207,0.0001,6.0996,35.536,11.4507,27.1099,35.8531
73.0,147.0,11.4654,40.0941,98.6993,242.1728,0.0305,0.0002,99.4625,217.815,49.0868,-16.6336,0.0,0.0001,2.5205,0.0003,6.1009,35.5365,11.4467,27.111,35.8543
74.0,149.0,11.4545,40.0856,98.6178,242.1509,0.0313,0.0002,99.4642,217.8151,49.0868,-16.6336,0.0,0.0001,2.5205,0.0,6.1016,35.5377,11.4356,27.114,35.8578
75.0,151.0,11.4501,40.0835,98.71,242.0406,0.0323,0.0002,99.4512,217.8151,49.0868,-16.6336,0.0,0.0001,2.5201,-0.0005,6.1017,35.5387,11.4308,27.1156,35.8596
76.0,153.0,11.4532,40.0867,76.6932,241.8938,0.0316,0.0002,99.4478,217.8152,49.0868,-16.6336,0.0,0.0001,2.5179,-0.0004,6.103,35.5382,11.4338,27.1147,35.8586
77.0,155.0,11.4392,40.0769,95.2977,242.2134,0.0307,0.0002,99.4415,217.8152,49.0868,-16.6336,0.0,0.0001,2.5177,0.0005,6.1029,35.541,11.4194,27.1196,35.864
78.0,157.0,11.4376,40.0766,98.6288,242.107,0.0285,0.0002,99.4321,217.8153,49.0868,-16.6336,0.0,0.0001,2.5183,-0.0002,6.1028,35.5415,11.4177,27.1203,35.8647
79.0,159.0,11.4383,40.0781,97.7205,241.5298,0.0378,0.0002,99.407,217.8153,49.0868,-16.6336,0.0,0.0001,2.5144,-0.0011,6.1037,35.5413,11.4182,27.1201,35.8645
80.0,161.0,11.4342,40.0763,96.8122,242.0032,0.0303,0.0002,99.4088,217.8154,49.0868,-16.6336,0.0,0.0001,2.5155,0.0,6.1036,35.5424,11.4137,27.1217,35.8663
81.0,163.0,11.4342,40.0768,84.2465,242.1606,0.0285,0.0002,99.4042,217.8154,49.0868,-16.6336,0.0,0.0001,2.5157,0.0004,6.1039,35.5424,11.4136,27.1217,35.8664
82.0,165.0,11.4281,40.0737,90.0638,241.8475,0.0268,0.0002,99.4022,217.8154,49.0868,-16.6336,0.0,0.0001,2.5145,-0.0005,6.1041,35.544,11.4071,27.1242,35.8691
83.0,167.0,11.4289,40.0751,98.7531,241.9042,0.0278,0.0002,99.3863,217.8155,49.0868,-16.6336,0.0,0.0001,2.5132,-0.0001,6.1047,35.5439,11.4078,27.124,35.8689
84.0,169.0,11.4244,40.0735,98.71,242.2469,0.0277,0.0002,99.3824,217.8155,49.0868,-16.6336,0.0,0.0001,2.5145,0.0003,6.1049,35.5454,11.4029,27.1261,35.8711
85.0,171.0,11.4235,40.0737,89.3477,242.0626,0.0243,0.0002,99.3865,217.8156,49.0868,-16.6336,0.0,0.0001,2.514,-0.0004,6.1056,35.5458,11.4018,27.1266,35.8716
86.0,173.0,11.4192,40.072,98.7075,241.703,0.025,0.0002,99.3776,217.8156,49.0868,-16.6337,0.0,0.0001,2.5116,-0.0009,6.1056,35.5474,11.3973,27.1287,35.8739
87.0,175.0,11.4182,40.0726,72.8707,241.6157,0.0262,0.0003,99.3668,217.8157,49.0868,-16.6337,0.0,0.0001,2.51,-0.0007,6.1055,35.5481,11.396,27.1295,35.8748
88.0,177.0,11.418,40.0737,98.6964,241.4604,0.0237,0.0002,99.3735,217.8157,49.0868,-16.6337,0.0,0.0001,2.5071,-0.0002,6.1054,35.5483,11.3955,27.1297,35.875
89.0,179.0,11.4181,40.0747,94.1074,241.7521,0.0256,0.0003,99.359,217.8158,49.0868,-16.6337,0.0,0.0001,2.5079,0.0002,6.1056,35.5484,11.3954,27.1298,35.8751
90.0,181.0,11.4194,40.0764,98.7005,241.4474,0.0254,0.0003,99.3423,217.8158,49.0868,-16.6337,0.0,0.0001,2.5067,-0.0005,6.1057,35.5483,11.3965,27.1295,35.8748
91.0,183.0,11.418,40.0771,98.7056,241.4442,0.0246,0.0003,99.3414,217.8159,49.0868,-16.6337,0.0,0.0001,2.505,-0.0001,6.1057,35.5491,11.3947,27.1305,35.8758
92.0,185.0,11.4178,40.0786,92.0791,241.4003,0.0263,0.0003,99.3323,217.8159,49.0868,-16.6337,0.0,0.0001,2.5049,-0.0004,6.1056,35.5498,11.3943,27.1311,35.8764
93.0,187.0,11.4177,40.0808,98.71,240.8718,0.0259,0.0003,99.3229,217.816,49.0868,-16.6337,0.0,0.0001,2.5008,-0.0008,6.1056,35.551,11.3939,27.1321,35.8774
94.0,189.0,11.4151,40.0809,98.6967,241.5688,0.025,0.0003,99.337,217.816,49.0868,-16.6337,0.0,0.0001,2.5024,0.0007,6.1057,35.5528,11.3911,27.134,35.8794
95.0,191.0,11.4164,40.082,94.0887,241.2639,0.0239,0.0003,99.3163,217.8161,49.0868,-16.6337,0.0,0.0001,2.5024,-0.0004,6.1057,35.552,11.3922,27.1332,35.8786
96.0,193.0,11.4155,40.083,98.695,240.5613,0.0243,0.0003,99.3204,217.8161,49.0868,-16.6337,0.0,0.0001,2.4982,-0.0014,6.1059,35.5528,11.391,27.134,35.8794
97.0,195.0,11.4144,40.0835,97.9572,241.2145,0.0252,0.0003,99.297,217.8162,49.0868,-16.6337,0.0,0.0001,2.4998,0.0001,6.1058,35.5535,11.3896,27.1349,35.8803
98.0,197.0,11.4148,40.0848,98.7062,241.2353,0.0223,0.0003,99.2951,217.8162,49.0868,-16.6337,0.0,0.0001,2.499,0.0001,6.1059,35.5535,11.3898,27.1348,35.8803
99.0,199.0,11.4143,40.0857,76.7957,240.9127,0.022,0.0003,99.2998,217.8163,49.0868,-16.6337,0.0,0.0001,2.4979,-0.0008,6.1059,35.5541,11.3891,27.1354,35.8809
100.0,201.0,11.4146,40.0873,94.9629,241.2352,0.0248,0.0003,99.2783,217.8163,49.0868,-16.6337,0.0,0.0001,2.4982,0.0001,6.1059,35.5544,11.389,27.1356,35.8811
101.0,203.0,11.4147,40.0887,98.5822,241.1238,0.021,0.0003,99.2729,217.8164,49.0868,-16.6337,0.0,0.0001,2.4978,-0.0003,6.1059,35.5547,11.3889,27.1359,35.8814
102.0,205.0,11.4149,40.0901,98.695,240.7196,0.0248,0.0003,99.2738,217.8164,49.0868,-16.6337,0.0,0.0001,2.495,-0.0008,6.1058,35.555,11.3889,27.1362,35.8817
103.0,207.0,11.4149,40.0916,81.8266,240.8068,0.0231,0.0003,99.2704,217.8165,49.0868,-16.6337,0.0,0.0001,2.4944,-0.0004,6.1058,35.5555,11.3885,27.1366,35.8821
104.0,209.0,11.4154,40.0929,93.8919,240.586,0.0245,0.0003,99.2626,217.8165,49.0868,-16.6337,0.0,0.0001,2.4917,-0.0004,6.1058,35.5556,11.3888,27.1367,35.8821
105.0,211.0,11.4154,40.0943,98.7084,241.0184,0.0239,0.0003,99.2587,217.8165,49.0868,-16.6337,0.0,0.0001,2.4933,0.0003,6.1057,35.556,11.3886,27.137,35.8825
106.0,213.0,11.4161,40.096,98.695,240.9465,0.025,0.0003,99.2567,217.8166,49.0868,-16.6337,0.0,0.0001,2.4933,-0.0002,6.1057,35.5563,11.389,27.1371,35.8826
107.0,215.0,11.4161,40.0972,89.0113,240.8065,0.0238,0.0003,99.2446,217.8166,49.0868,-16.6337,0.0,0.0001,2.4924,-0.0004,6.1056,35.5565,11.3888,27.1373,35.8828
108.0,217.0,11.417,40.0996,89.465,240.7953,0.0261,0.0003,99.2337,217.8167,49.0868,-16.6337,0.0,0.0001,2.4904,0.0,6.1055,35.557,11.3894,27.1376,35.883
109.0,219.0,11.4175,40.1014,96.7,240.9026,0.0247,0.0003,99.2337,217.8167,49.0867,-16.6337,0.0,0.0001,2.4907,0.0002,6.1054,35.5573,11.3896,27.1378,35.8832
110.0,221.0,11.4176,40.1017,47.2125,240.6602,0.0249,0.0003,99.2337,217.8168,49.0867,-16.6337,0.0,0.0001,2.4902,-0.0007,6.1053,35.5569,11.3895,27.1375,35.8829
111.0,223.0,11.4182,40.1036,87.7333,240.4807,0.0271,0.0003,99.2337,217.8168,49.0867,-16.6337,0.0,0.0001,2.4887,-0.0008,6.1053,35.5574,11.3899,27.1379,35.8832
112.0,225.0,11.4187,40.1054,98.7353,241.0779,0.023,0.0003,99.23,217.8169,49.0867,-16.6337,0.0,0.0001,2.4905,0.0004,6.1053,35.5576,11.3901,27.138,35.8833
113.0,227.0,11.4192,40.1067,87.275,240.753,0.0224,0.0003,99.2198,217.8169,49.0867,-16.6337,0.0,0.0001,2.4896,-0.0007,6.105,35.5577,11.3903,27.138,35.8834
114.0,229.0,11.4202,40.1091,75.8147,240.9572,0.0222,0.0003,99.2249,217.8169,49.0867,-16.6337,0.0,0.0001,2.4891,0.0,6.1051,35.5581,11.3911,27.1382,35.8835
115.0,231.0,11.4207,40.1109,98.7019,240.9209,0.0242,0.0003,99.2116,217.817,49.0867,-16.6337,0.0,0.0001,2.4891,-0.0002,6.1049,35.5585,11.3913,27.1384,35.8837
116.0,233.0,11.4219,40.1132,98.71,240.9484,0.025,0.0003,99.2049,217.817,49.0867,-16.6337,0.0,0.0001,2.488,0.0,6.1047,35.5587,11.3922,27.1384,35.8837
117.0,235.0,11.4231,40.1163,87.7216,241.1494,0.0241,0.0003,99.2122,217.8171,49.0867,-16.6337,0.0,0.0001,2.4889,0.0002,6.1048,35.5595,11.3932,27.1389,35.8841
118.0,237.0,11.4228,40.1163,98.702,240.7644,0.0251,0.0003,99.2095,217.8171,49.0867,-16.6337,0.0,0.0001,2.4874,-0.0006,6.1047,35.5592,11.3927,27.1387,35.884
119.0,239.0,11.4228,40.1174,92.645,241.2058,0.0235,0.0003,99.2071,217.8172,49.0867,-16.6337,0.0,0.0001,2.4884,0.0003,6.1047,35.5593,11.3923,27.1389,35.8841
120.0,241.0,11.4231,40.1182,98.71,241.2165,0.0221,0.0003,99.1816,217.8172,49.0867,-16.6337,0.0,0.0001,2.4886,0.0,6.1046,35.5592,11.3924,27.1388,35.884
121.0,243.0,11.4232,40.1194,94.8806,241.0508,0.0219,0.0003,99.2049,217.8173,49.0867,-16.6337,0.0,0.0001,2.4874,-0.0003,6.1046,35.5594,11.3923,27.1389,35.8842
122.0,245.0,11.4231,40.12,91.0512,241.0143,0.0249,0.0003,99.1854,217.8173,49.0867,-16.6337,0.0,0.0001,2.4869,-0.0003,6.1046,35.5592,11.3919,27.1389,35.8842
123.0,247.0,11.4231,40.1212,10.2887,241.0456,0.0249,0.0003,99.1863,217.8174,49.0867,-16.6337,0.0,0.0001,2.4853,0.0,6.1046,35.5592,11.3916,27.1389,35.8842
124.0,249.0,11.4229,40.122,94.5813,241.3652,0.0238,0.0003,99.1859,217.8174,49.0867,-16.6337,0.0,0.0001,2.4875,0.0002,6.1046,35.5592,11.3912,27.139,35.8843
125.0,251.0,11.4235,40.1232,98.71,241.3474,0.0231,0.0003,99.176,217.8175,49.0867,-16.6337,0.0,0.0001,2.4869,0.0001,6.1046,35.5592,11.3915,27.139,35.8843
126.0,253.0,11.4235,40.1242,98.4978,241.2389,0.0218,0.0003,99.1843,217.8175,49.0867,-16.6337,0.0,0.0001,2.4861,-0.0001,6.1045,35.5593,11.3913,27.1391,35.8844
127.0,255.0,11.4239,40.1257,79.5983,241.1997,0.0214,0.0003,99.176,217.8175,49.0867,-16.6337,0.0,0.0001,2.4856,-0.0003,6.1045,35.5594,11.3914,27.1391,35.8844
128.0,257.0,11.4242,40.1266,98.6936,241.0875,0.0229,0.0003,99.176,217.8176,49.0867,-16.6337,0.0,0.0001,2.4847,-0.0004,6.1045,35.5594,11.3915,27.1391,35.8844
129.0,259.0,11.4244,40.1279,89.3625,240.999,0.0226,0.0003,99.176,217.8176,49.0867,-16.6337,0.0,0.0001,2.4826,-0.0002,6.1045,35.5594,11.3914,27.1391,35.8844
130.0,261.0,11.4239,40.1285,93.9546,241.2431,0.0219,0.0003,99.1686,217.8177,49.0867,-16.6337,0.0,0.0001,2.4839,0.0,6.1045,35.5594,11.3906,27.1392,35.8846
131.0,263.0,11.4238,40.1293,98.71,241.0124,0.0203,0.0003,99.176,217.8177,49.0867,-16.6338,0.0,0.0001,2.4815,-0.0002,6.1049,35.5593,11.3902,27.1392,35.8846
132.0,265.0,11.4214,40.1274,98.71,240.8291,0.0211,0.0003,99.1688,217.8178,49.0867,-16.6338,0.0,0.0001,2.4804,-0.0005,6.105,35.559,11.3877,27.1395,35.8849
133.0,267.0,11.421,40.1277,82.4557,240.6796,0.0219,0.0003,99.1607,217.8178,49.0867,-16.6337,0.0,0.0001,2.4787,-0.0004,6.1048,35.5588,11.3869,27.1395,35.885
134.0,269.0,11.4211,40.1287,98.695,240.8084,0.0216,0.0003,99.1471,217.8179,49.0867,-16.6337,0.0,0.0001,2.4774,0.0002,6.1049,35.5587,11.3867,27.1395,35.885
135.0,271.0,11.4182,40.1267,73.5177,241.3609,0.0213,0.0003,99.1548,217.8179,49.0867,-16.6337,0.0,0.0001,2.4799,0.0009,6.1051,35.5585,11.3836,27.1399,35.8855
136.0,273.0,11.4192,40.1285,88.111,241.0153,0.0233,0.0003,99.0945,217.818,49.0867,-16.6337,0.0,0.0001,2.4791,-0.0001,6.1052,35.5585,11.3844,27.1397,35.8853
137.0,275.0,11.4184,40.1283,98.71,240.871,0.0209,0.0003,99.1543,217.818,49.0867,-16.6337,0.0,0.0001,2.4781,-0.0006,6.106,35.5584,11.3833,27.1398,35.8855
138.0,277.0,11.413,40.123,82.5935,240.1065,0.0219,0.0003,99.1507,217.818,49.0867,-16.6337,0.0,0.0001,2.4739,-0.0018,6.1067,35.5574,11.3777,27.1401,35.886
139.0,279.0,11.4051,40.1154,98.7033,241.041,0.0243,0.0003,99.1211,217.8181,49.0867,-16.6337,0.0,0.0001,2.4757,0.0006,6.1063,35.5563,11.3695,27.1408,35.887
140.0,281.0,11.4052,40.116,98.71,240.7094,0.0225,0.0003,99.1562,217.8181,49.0867,-16.6337,0.0,0.0001,2.4753,-0.0004,6.1071,35.5562,11.3694,27.1408,35.887
141.0,283.0,11.4015,40.1131,69.6925,240.8666,0.0211,0.0003,99.1471,217.8182,49.0867,-16.6337,0.0,0.0001,2.4746,0.0001,6.1071,35.5557,11.3654,27.1411,35.8875
142.0,285.0,11.4017,40.1139,97.38,240.8115,0.0209,0.0003,99.1235,217.8182,49.0867,-16.6337,0.0,0.0001,2.4741,-0.0003,6.1078,35.5557,11.3654,27.1411,35.8875
143.0,287.0,11.399,40.1116,89.425,240.8959,0.0242,0.0003,99.1652,217.8183,49.0867,-16.6337,0.0,0.0001,2.4725,0.0003,6.108,35.5551,11.3624,27.1412,35.8877
144.0,289.0,11.3977,40.1112,98.7086,240.5127,0.0239,0.0003,99.1447,217.8183,49.0867,-16.6337,0.0,0.0001,2.4713,-0.0007,6.1089,35.5551,11.3608,27.1414,35.888
145.0,291.0,11.3904,40.1032,98.7053,239.9296,0.0206,0.0003,99.1213,217.8184,49.0867,-16.6337,0.0,0.0001,2.4665,-0.0014,6.1117,35.5532,11.3533,27.1414,35.8883
146.0,293.0,11.3704,40.0817,89.8354,239.6244,0.0196,0.0003,99.1471,217.8184,49.0867,-16.6337,0.0,0.0001,2.4641,-0.0013,6.1097,35.5501,11.333,27.1428,35.8906
147.0,295.0,11.3636,40.075,80.9655,240.3037,0.0213,0.0003,99.1341,217.8185,49.0867,-16.6337,0.0,0.0001,2.4658,0.0,6.1113,35.5495,11.3261,27.1436,35.8916
148.0,297.0,11.3542,40.0651,98.7025,239.3551,0.0201,0.0003,99.1579,217.8185,49.0867,-16.6337,0.0,0.0001,2.4611,-0.0017,6.1124,35.5476,11.3164,27.1439,35.8924
149.0,299.0,11.3352,40.0453,88.0657,240.3553,0.0225,0.0003,99.1404,217.8185,49.0867,-16.6337,0.0,0.0001,2.4626,0.0005,6.1168,35.5453,11.2972,27.1457,35.895
150.0,301.0,11.3425,40.0539,98.6696,239.9659,0.021,0.0003,99.1452,217.8186,49.0867,-16.6337,0.0,0.0001,2.4609,-0.0003,6.1149,35.546,11.3042,27.1449,35.8939
151.0,303.0,11.3307,40.0431,98.6962,239.2715,0.0208,0.0003,99.176,217.8187,49.0867,-16.6337,0.0,0.0001,2.4568,-0.0018,6.1203,35.5457,11.2922,27.1469,35.8964
152.0,305.0,11.3114,40.0221,98.71,239.0258,0.0216,0.0003,99.1657,217.8187,49.0867,-16.6337,0.0,0.0001,2.4547,-0.0016,6.1186,35.5427,11.2727,27.1482,35.8985
153.0,307.0,11.3078,40.019,82.8599,239.8366,0.021,0.0003,99.1548,217.8187,49.0867,-16.6337,0.0,0.0001,2.4569,0.0001,6.1179,35.5422,11.2688,27.1485,35.899
154.0,309.0,11.3105,40.0234,98.695,239.5845,0.0207,0.0003,99.1476,217.8188,49.0867,-16.6337,0.0,0.0001,2.4549,-0.0005,6.1197,35.5429,11.2713,27.1486,35.899
155.0,311.0,11.3067,40.0202,87.7163,239.7978,0.0238,0.0003,99.1545,217.8188,49.0867,-16.6337,0.0,0.0001,2.4549,0.0001,6.1194,35.5423,11.2672,27.1489,35.8994
156.0,313.0,11.3092,40.0233,98.695,239.3051,0.0204,0.0003,99.1688,217.8189,49.0867,-16.6337,0.0,0.0001,2.4531,-0.001,6.1207,35.5422,11.2694,27.1484,35.8989
157.0,315.0,11.3004,40.0147,98.71,239.9438,0.0238,0.0003,99.1602,217.8189,49.0867,-16.6337,0.0,0.0001,2.4539,0.0004,6.1213,35.5415,11.2604,27.1495,35.9003
158.0,317.0,11.2964,40.0115,84.7571,239.3016,0.0235,0.0003,99.1591,217.819,49.0867,-16.6337,0.0,0.0001,2.4514,-0.0009,6.1221,35.5411,11.2562,27.15,35.901
159.0,319.0,11.2918,40.007,98.6994,239.3471,0.0202,0.0003,99.1656,217.819,49.0867,-16.6336,0.0,0.0001,2.4492,-0.0003,6.1225,35.5402,11.2514,27.1502,35.9014
160.0,321.0,11.2821,39.9974,98.7075,239.7401,0.02,0.0003,99.1664,217.819,49.0867,-16.6336,0.0,0.0001,2.4513,0.0002,6.1221,35.539,11.2414,27.1511,35.9027
161.0,323.0,11.2837,40.0,68.1341,239.8644,0.0199,0.0003,99.1344,217.8191,49.0867,-16.6336,0.0,0.0001,2.4512,0.0001,6.1254,35.5395,11.2428,27.1512,35.9028
162.0,325.0,11.268,39.9838,98.703,239.5219,0.0214,0.0003,99.167,217.8191,49.0867,-16.6336,0.0,0.0001,2.4489,-0.0005,6.1262,35.5374,11.2268,27.1526,35.9048
163.0,327.0,11.2643,39.9805,98.7053,238.9934,0.0201,0.0003,99.1471,217.8192,49.0867,-16.6336,0.0,0.0001,2.4464,-0.0013,6.126,35.5369,11.2229,27.1529,35.9053
164.0,329.0,11.2604,39.9775,98.7052,239.7139,0.0219,0.0003,99.1719,217.8192,49.0867,-16.6336,0.0,0.0001,2.4478,0.0002,6.127,35.5366,11.2188,27.1535,35.906
165.0,331.0,11.2541,39.971,98.7031,239.0179,0.0194,0.0003,99.1547,217.8193,49.0867,-16.6336,0.0,0.0001,2.4448,-0.0012,6.1295,35.5355,11.2122,27.1538,35.9066
166.0,333.0,11.2406,39.9573,67.8853,239.3766,0.0191,0.0003,99.16,217.8193,49.0867,-16.6336,0.0,0.0001,2.4441,0.0001,6.1283,35.5338,11.1985,27.155,35.9085
167.0,335.0,11.2344,39.9519,96.6616,239.4839,0.0201,0.0003,99.1605,217.8194,49.0867,-16.6336,0.0,0.0001,2.4443,0.0,6.1299,35.5336,11.1921,27.156,35.9097
168.0,337.0,11.2318,39.95,89.6985,239.2626,0.0185,0.0003,99.162,217.8194,49.0867,-16.6336,0.0,0.0001,2.4426,-0.0006,6.1319,35.5335,11.1892,27.1565,35.9103
169.0,339.0,11.2226,39.9411,98.71,239.1919,0.0169,0.0003,99.176,217.8195,49.0867,-16.6336,0.0,0.0001,2.441,-0.0004,6.1319,35.5326,11.1798,27.1575,35.9117
170.0,341.0,11.2134,39.933,98.7029,239.6527,0.0201,0.0003,99.1676,217.8195,49.0867,-16.6336,0.0,0.0001,2.4423,0.0001,6.1337,35.5324,11.1703,27.1591,35.9137
171.0,343.0,11.2006,39.9221,72.1334,239.3379,0.0235,0.0003,99.176,217.8195,49.0867,-16.6336,0.0,0.0001,2.4408,-0.0005,6.1344,35.533,11.1572,27.1619,35.9171
172.0,345.0,11.1906,39.9116,98.6981,239.7327,0.0228,0.0003,99.1849,217.8196,49.0867,-16.6336,0.0,0.0001,2.4417,0.0001,6.1363,35.5314,11.1471,27.1626,35.9181
173.0,347.0,11.1868,39.9085,76.2245,239.429,0.0252,0.0003,99.1904,217.8196,49.0867,-16.6336,0.0,0.0001,2.4398,-0.0005,6.1364,35.531,11.143,27.163,35.9187
174.0,349.0,11.1837,39.9071,91.1953,239.9433,0.0241,0.0003,99.1826,217.8197,49.0867,-16.6336,0.0,0.0001,2.4413,0.0004,6.1376,35.5315,11.1397,27.164,35.9199
175.0,351.0,11.1763,39.9009,98.6987,239.8668,0.02,0.0003,99.1941,217.8197,49.0867,-16.6336,0.0,0.0001,2.4415,-0.0001,6.1375,35.5317,11.132,27.1656,35.9218
176.0,353.0,11.1717,39.8981,98.6269,239.6942,0.0206,0.0003,99.1836,217.8197,49.0867,-16.6336,0.0,0.0001,2.4404,-0.0005,6.1388,35.5325,11.1271,27.1671,35.9235
177.0,355.0,11.1662,39.8947,98.71,240.0525,0.0224,0.0003,99.1847,217.8198,49.0867,-16.6336,0.0,0.0001,2.4399,0.0005,6.1394,35.5335,11.1214,27.1689,35.9255
178.0,357.0,11.1638,39.8931,98.7069,240.6404,0.021,0.0003,99.1872,217.8198,49.0867,-16.6336,0.0,0.0001,2.4424,0.0012,6.1384,35.5332,11.1188,27.1692,35.9259
179.0,359.0,11.1642,39.8943,83.7613,240.0013,0.0183,0.0003,99.1995,217.8198,49.0867,-16.6336,0.0,0.0001,2.4418,-0.0009,6.1399,35.5334,11.1189,27.1693,35.926
180.0,361.0,11.1604,39.8923,90.9894,239.8589,0.0181,0.0003,99.2049,217.8199,49.0867,-16.6336,0.0,0.0001,2.4396,-0.0006,6.1402,35.534,11.1149,27.1705,35.9273
181.0,363.0,11.1587,39.8917,98.2375,240.4763,0.0242,0.0003,99.2049,217.8199,49.0867,-16.6336,0.0,0.0001,2.4409,0.0006,6.1403,35.5342,11.113,27.1711,35.928
182.0,365.0,11.1585,39.8941,98.3464,240.8607,0.0249,0.0003,99.209,217.82,49.0867,-16.6336,0.0,0.0001,2.4432,0.0008,6.1402,35.5359,11.1125,27.1725,35.9294
183.0,367.0,11.1588,39.8958,93.4746,240.6778,0.0203,0.0003,99.2072,217.82,49.0868,-16.6336,0.0,0.0001,2.4442,-0.0004,6.1404,35.5364,11.1125,27.1728,35.9297
184.0,369.0,11.1574,39.896,81.6439,240.3096,0.0201,0.0003,99.2148,217.82,49.0867,-16.6336,0.0,0.0001,2.4411,-0.0007,6.1404,35.537,11.1109,27.1736,35.9306
185.0,371.0,11.1557,39.8957,89.0745,241.0563,0.0221,0.0003,99.2234,217.8201,49.0867,-16.6336,0.0,0.0001,2.442,0.0008,6.1406,35.5374,11.1089,27.1743,35.9313
186.0,373.0,11.1553,39.8963,98.7046,240.6989,0.0215,0.0003,99.2258,217.8201,49.0867,-16.6336,0.0,0.0001,2.4422,-0.0003,6.1406,35.5376,11.1083,27.1746,35.9316
187.0,375.0,11.1543,39.8967,59.9077,241.0661,0.0198,0.0003,99.2291,217.8201,49.0868,-16.6336,0.0,0.0001,2.4431,0.0004,6.1408,35.538,11.107,27.1751,35.9322
188.0,377.0,11.1541,39.8973,59.9073,240.8715,0.0181,0.0003,99.2095,217.8202,49.0868,-16.6336,0.0,0.0001,2.4426,-0.0005,6.1411,35.5381,11.1066,27.1752,35.9323
189.0,379.0,11.1498,39.8952,96.7317,240.9386,0.021,0.0003,99.2379,217.8202,49.0867,-16.6336,0.0,0.0001,2.4421,-0.0002,6.1412,35.539,11.1019,27.1768,35.9341
190.0,381.0,11.1501,39.8962,98.71,241.0559,0.0188,0.0003,99.2447,217.8202,49.0867,-16.6336,0.0,0.0001,2.4422,0.0,6.1415,35.539,11.1021,27.1768,35.9341
191.0,383.0,11.1473,39.8952,98.6894,242.2377,0.0211,0.0003,99.2337,217.8203,49.0868,-16.6336,0.0,0.0001,2.4464,0.002,6.1413,35.5397,11.099,27.1779,35.9353
192.0,385.0,11.1471,39.8958,90.6979,241.2828,0.0191,0.0003,99.24,217.8203,49.0868,-16.6336,0.0,0.0001,2.4454,-0.0007,6.1417,35.5398,11.0986,27.178,35.9355
193.0,387.0,11.1464,39.8962,98.71,241.3188,0.0197,0.0003,99.2488,217.8203,49.0868,-16.6336,0.0,0.0001,2.4426,0.0,6.1416,35.5398,11.0976,27.1783,35.9357
194.0,389.0,11.1455,39.8966,98.7033,241.6074,0.0214,0.0003,99.2326,217.8204,49.0867,-16.6336,0.0,0.0001,2.4441,0.0004,6.1417,35.5401,11.0964,27.1787,35.9362
195.0,391.0,11.146,39.8976,81.804,241.3327,0.0188,0.0003,99.2518,217.8204,49.0868,-16.6335,0.0,0.0001,2.4432,-0.0004,6.142,35.54,11.0966,27.1786,35.936
196.0,393.0,11.1438,39.8969,98.7062,240.6454,0.0192,0.0003,99.2448,217.8205,49.0868,-16.6335,0.0,0.0001,2.4396,-0.0016,6.1421,35.5405,11.0943,27.1794,35.9369
197.0,395.0,11.1439,39.898,89.5369,240.5665,0.018,0.0003,99.2472,217.8205,49.0868,-16.6335,0.0,0.0001,2.4379,-0.0013,6.142,35.5407,11.0941,27.1796,35.9371
198.0,397.0,11.1427,39.8981,93.8358,241.5069,0.021,0.0003,99.2359,217.8205,49.0868,-16.6335,0.0,0.0001,2.4406,0.0006,6.1419,35.5408,11.0926,27.1799,35.9376
199.0,399.0,11.1435,39.8997,98.7,241.0008,0.023,0.0003,99.2496,217.8206,49.0868,-16.6335,0.0,0.0001,2.44,-0.0012,6.1423,35.5407,11.0932,27.1797,35.9374
200.0,401.0,11.1421,39.8995,98.6985,241.0034,0.0189,0.0003,99.2534,217.8206,49.0868,-16.6335,0.0,0.0001,2.4383,-0.0007,6.1422,35.5411,11.0915,27.1803,35.938
201.0,403.0,11.1419,39.9002,98.71,240.9123,0.0242,0.0003,99.2549,217.8206,49.0868,-16.6335,0.0,0.0001,2.4377,-0.0007,6.142,35.541,11.0911,27.1804,35.9381
202.0,405.0,11.1416,39.9008,90.0035,241.1581,0.022,0.0003,99.2305,217.8206,49.0868,-16.6335,0.0,0.0001,2.4374,-0.0001,6.142,35.5412,11.0905,27.1806,35.9383
203.0,407.0,11.1425,39.9026,81.5494,240.5102,0.0178,0.0003,99.2337,217.8207,49.0868,-16.6335,0.0,0.0001,2.4347,-0.0013,6.1422,35.5411,11.0911,27.1804,35.9381
204.0,409.0,11.141,39.9028,73.0953,241.2841,0.0196,0.0003,99.2436,217.8207,49.0868,-16.6335,0.0,0.0001,2.4356,0.0005,6.1422,35.5415,11.0893,27.1811,35.9389
205.0,411.0,11.1423,39.9043,91.5249,240.3579,0.0211,0.0003,99.2407,217.8208,49.0868,-16.6335,0.0,0.0001,2.4325,-0.0013,6.1424,35.5413,11.0904,27.1807,35.9384
206.0,413.0,11.1404,39.9045,98.7044,240.8974,0.0167,0.0003,99.2502,217.8208,49.0868,-16.6335,0.0,0.0001,2.4326,0.0002,6.1423,35.5422,11.0882,27.1818,35.9396
207.0,415.0,11.1403,39.9052,98.7011,240.99,0.0215,0.0003,99.2515,217.8208,49.0868,-16.6335,0.0,0.0001,2.4336,-0.0001,6.1424,35.5422,11.0879,27.1819,35.9397
208.0,417.0,11.1404,39.9065,98.71,240.9194,0.024,0.0004,98.9033,217.8209,49.0868,-16.6335,0.0,0.0001,2.4322,-0.0001,6.1424,35.5426,11.0877,27.1823,35.9401
209.0,419.0,11.14,39.9075,98.4638,241.1636,0.0205,0.0003,99.2501,217.8209,49.0868,-16.6335,0.0,0.0001,2.4334,0.0002,6.1424,35.543,11.0871,27.1827,35.9405
210.0,421.0,11.1401,39.9087,98.6998,240.952,0.022,0.0003,99.2526,217.8209,49.0868,-16.6335,0.0,0.0001,2.4328,-0.0005,6.1424,35.5434,11.0869,27.183,35.9408
211.0,423.0,11.1397,39.9107,76.4228,241.013,0.0213,0.0003,99.2582,217.821,49.0868,-16.6335,0.0,0.0001,2.4318,-0.0001,6.1424,35.5445,11.0862,27.184,35.9418
212.0,425.0,11.1399,39.9115,95.8243,241.1938,0.0195,0.0003,99.2541,217.821,49.0868,-16.6335,0.0,0.0001,2.4327,0.0,6.1424,35.5444,11.0862,27.1839,35.9418
213.0,427.0,11.1397,39.9129,98.6668,240.6115,0.3535,0.0003,99.2592,217.821,49.0868,-16.6335,0.0,0.0001,2.4291,-0.001,6.1422,35.5452,11.0858,27.1846,35.9425
214.0,429.0,11.1403,39.9148,98.1788,240.455,0.2315,0.0003,99.2481,217.8211,49.0868,-16.6335,0.0,0.0001,2.4277,-0.0009,6.1422,35.5456,11.0861,27.1849,35.9427
215.0,431.0,11.1413,39.9182,98.71,241.4052,0.0548,0.0003,99.2462,217.8211,49.0868,-16.6334,0.0,0.0001,2.4295,0.0011,6.1422,35.547,11.0868,27.1858,35.9436
216.0,433.0,11.1414,39.9196,91.5177,240.6747,0.0196,0.0003,99.2315,217.8211,49.0868,-16.6335,0.0,0.0001,2.4279,-0.0007,6.1419,35.5476,11.0867,27.1863,35.9441
217.0,435.0,11.1438,39.9251,89.1868,239.8666,0.0206,0.0003,99.2433,217.8212,49.0868,-16.6334,0.0,0.0001,2.4231,-0.0015,6.1416,35.5497,11.0887,27.1876,35.9452
218.0,437.0,11.1447,39.9277,98.71,240.7862,0.0194,0.0003,99.2439,217.8212,49.0867,-16.6334,0.0,0.0001,2.4237,0.0005,6.1417,35.5506,11.0894,27.1881,35.9457
219.0,439.0,11.1447,39.929,90.2164,241.0859,0.02,0.0003,99.2388,217.8212,49.0868,-16.6334,0.0,0.0001,2.4275,0.0004,6.1416,35.5509,11.0892,27.1884,35.946
220.0,441.0,11.1452,39.9299,98.695,240.1426,0.0165,0.0003,99.2337,217.8213,49.0868,-16.6334,0.0,0.0001,2.4244,-0.0016,6.1411,35.5507,11.0894,27.1882,35.9459
221.0,443.0,11.1458,39.9323,80.717,240.5935,0.0179,0.0003,99.2452,217.8213,49.0867,-16.6334,0.0,0.0001,2.4237,-0.0004,6.1411,35.5516,11.0898,27.1889,35.9465
222.0,445.0,11.1472,39.9367,98.7006,240.882,0.022,0.0003,99.2409,217.8213,49.0867,-16.6334,0.0,0.0001,2.4243,0.0002,6.1412,35.5538,11.0909,27.1903,35.9479
223.0,447.0,11.1474,39.938,98.6945,240.7696,0.0225,0.0003,99.24,217.8214,49.0868,-16.6334,0.0,0.0001,2.4248,-0.0001,6.1411,35.554,11.0909,27.1905,35.9481
224.0,449.0,11.1479,39.9388,98.68,240.5585,0.0226,0.0003,99.2433,217.8214,49.0867,-16.6334,0.0,0.0001,2.4228,-0.0006,6.1409,35.5536,11.0911,27.1902,35.9477
225.0,451.0,11.1486,39.942,84.2915,240.7267,0.0176,0.0003,99.2397,217.8214,49.0867,-16.6334,0.0,0.0001,2.4228,0.0,6.141,35.5549,11.0916,27.1911,35.9486
226.0,453.0,11.1487,39.9432,98.6987,240.7715,0.0195,0.0003,99.2393,217.8215,49.0867,-16.6334,0.0,0.0001,2.4232,-0.0001,6.1409,35.555,11.0914,27.1912,35.9487
227.0,455.0,11.149,39.9438,98.7029,241.163,0.0197,0.0003,99.2429,217.8215,49.0867,-16.6334,0.0,0.0001,2.4237,0.0005,6.1407,35.5546,11.0914,27.1909,35.9484
228.0,457.0,11.1497,39.9466,79.1042,240.9487,0.0216,0.0003,99.2378,217.8216,49.0867,-16.6334,0.0,0.0001,2.4237,-0.0003,6.1407,35.5558,11.0919,27.1917,35.9492
229.0,459.0,11.1499,39.9479,96.1605,240.9426,0.0198,0.0003,99.2418,217.8216,49.0867,-16.6334,0.0,0.0001,2.423,-0.0002,6.1405,35.5559,11.0917,27.1918,35.9493
230.0,461.0,11.1505,39.9501,98.6902,241.0613,0.0204,0.0003,99.2337,217.8216,49.0867,-16.6334,0.0,0.0001,2.4229,0.0,6.1404,35.5568,11.0922,27.1925,35.9499
231.0,463.0,11.151,39.9523,98.7062,240.9688,0.0185,0.0003,99.2231,217.8216,49.0867,-16.6334,0.0,0.0001,2.4225,-0.0002,6.1405,35.5576,11.0924,27.1931,35.9505
232.0,465.0,11.151,39.9533,91.8888,241.063,0.018,0.0003,99.236,217.8217,49.0867,-16.6334,0.0,0.0001,2.4225,-0.0001,6.1404,35.5577,11.0921,27.1932,35.9506
233.0,467.0,11.1512,39.9548,98.71,241.0681,0.017,0.0014,96.4014,217.8217,49.0867,-16.6334,0.0,0.0001,2.422,-0.0002,6.1403,35.5581,11.092,27.1935,35.9509
234.0,469.0,11.1512,39.957,98.698,240.8106,0.019,0.0003,99.2337,217.8218,49.0867,-16.6334,0.0,0.0001,2.42,-0.0008,6.1403,35.5595,11.0918,27.1946,35.952
235.0,471.0,11.1512,39.9583,87.4467,241.5805,0.0202,0.0003,99.2254,217.8218,49.0867,-16.6334,0.0,0.0001,2.423,0.0008,6.1403,35.5599,11.0915,27.195,35.9524
236.0,473.0,11.1512,39.9592,98.687,241.2883,0.021,0.0003,99.2098,217.8218,49.0867,-16.6334,0.0,0.0001,2.4228,-0.0002,6.1403,35.5599,11.0913,27.1951,35.9525
237.0,475.0,11.1512,39.9608,98.71,240.8248,0.0204,0.0003,99.2212,217.8219,49.0867,-16.6334,0.0,0.0001,2.42,-0.001,6.1402,35.5606,11.091,27.1956,35.9531
238.0,477.0,11.1514,39.9619,98.6912,241.2231,0.0173,0.0003,99.203,217.8219,49.0867,-16.6334,0.0,0.0001,2.42,0.0,6.1402,35.5607,11.091,27.1957,35.9532
239.0,479.0,11.1514,39.9635,80.8184,241.5544,0.0195,0.0003,99.1697,217.8219,49.0867,-16.6334,0.0,0.0001,2.4224,0.0004,6.1402,35.5611,11.0906,27.1961,35.9535
240.0,481.0,11.1517,39.9644,98.7025,240.8519,0.0209,0.0003,99.2103,217.822,49.0867,-16.6334,0.0,0.0001,2.4192,-0.0011,6.1402,35.561,11.0907,27.196,35.9535
241.0,483.0,11.1514,39.9658,97.9927,240.9032,0.0191,0.0003,99.2175,217.822,49.0867,-16.6334,0.0,0.0001,2.4176,-0.0005,6.1403,35.5617,11.0902,27.1966,35.9541
242.0,485.0,11.1509,39.9665,98.7025,241.4816,0.0196,0.0003,99.2103,217.822,49.0867,-16.6334,0.0,0.0001,2.4186,0.0006,6.1402,35.562,11.0893,27.197,35.9545
243.0,487.0,11.1505,39.967,98.6967,241.4754,0.0192,0.0003,99.1779,217.8221,49.0867,-16.6334,0.0,0.0001,2.4199,0.0002,6.1403,35.5621,11.0887,27.1972,35.9547
244.0,489.0,11.1505,39.968,84.4258,241.165,0.0193,0.0003,99.2237,217.8221,49.0867,-16.6334,0.0,0.0001,2.418,-0.0005,6.1404,35.5622,11.0885,27.1973,35.9548
245.0,491.0,11.1501,39.9689,98.7033,241.362,0.0187,0.0003,99.2239,217.8221,49.0867,-16.6334,0.0,0.0001,2.4176,0.0,6.1403,35.5624,11.0878,27.1977,35.9552
246.0,493.0,11.1503,39.9711,98.71,241.587,0.0234,0.0003,99.1963,217.8222,49.0867,-16.6334,0.0,0.0001,2.4186,0.0003,6.1402,35.5634,11.0877,27.1984,35.956
247.0,495.0,11.1507,39.9729,86.8174,241.2547,0.0197,0.0003,99.2083,217.8222,49.0867,-16.6334,0.0,0.0001,2.4176,-0.0004,6.1402,35.5641,11.0879,27.1989,35.9564
248.0,497.0,11.1506,39.9737,98.705,241.2726,0.0203,0.0003,99.2056,217.8222,49.0867,-16.6334,0.0,0.0001,2.417,-0.0004,6.1402,35.5642,11.0876,27.199,35.9566
249.0,499.0,11.1495,39.974,98.6992,241.6601,0.0171,0.0003,99.2022,217.8223,49.0867,-16.6334,0.0,0.0001,2.4175,0.0004,6.1404,35.5646,11.0861,27.1997,35.9572
250.0,501.0,11.1484,39.9741,98.7025,241.069,0.0185,0.0003,99.1962,217.8223,49.0867,-16.6334,0.0,0.0001,2.4157,-0.001,6.1407,35.5651,11.0849,27.2003,35.9579
251.0,503.0,11.1474,39.9747,80.8758,241.4508,0.0181,0.0003,99.1868,217.8223,49.0867,-16.6334,0.0,0.0001,2.4159,0.0,6.1405,35.5656,11.0836,27.2009,35.9585
252.0,505.0,11.1451,39.9731,97.071,241.9745,0.0168,0.0003,99.1864,217.8224,49.0867,-16.6334,0.0,0.0001,2.4176,0.0007,6.1409,35.5653,11.081,27.2011,35.9589
253.0,507.0,11.1443,39.9736,98.71,241.7002,0.0193,0.0003,99.2003,217.8224,49.0867,-16.6334,0.0,0.0001,2.4173,-0.0002,6.141,35.5657,11.08,27.2017,35.9595
254.0,509.0,11.1438,39.9741,98.7025,241.3633,0.0214,0.0003,99.2049,217.8224,49.0867,-16.6334,0.0,0.0001,2.4164,-0.0008,6.141,35.5659,11.0792,27.202,35.9598
255.0,511.0,11.1442,39.9754,73.5468,241.3616,0.018,0.0003,99.185,217.8224,49.0867,-16.6334,0.0,0.0001,2.4139,-0.0006,6.141,35.566,11.0794,27.202,35.9598
256.0,513.0,11.1442,39.9768,98.6981,241.7957,0.0156,0.0003,99.198,217.8225,49.0867,-16.6334,0.0,0.0001,2.4148,0.0004,6.1409,35.5662,11.0791,27.2022,35.96
257.0,515.0,11.144,39.9775,95.7863,241.7751,0.0199,0.0003,99.1768,217.8225,49.0867,-16.6334,0.0,0.0001,2.4157,0.0001,6.141,35.5663,11.0786,27.2024,35.9602
258.0,517.0,11.1438,39.9783,98.6923,241.5188,0.0168,0.0003,99.2049,217.8225,49.0867,-16.6334,0.0,0.0001,2.4138,-0.0006,6.1411,35.5664,11.0781,27.2025,35.9604
259.0,519.0,11.1433,39.9789,98.71,241.1974,0.0205,0.0003,99.176,217.8226,49.0867,-16.6334,0.0,0.0001,2.4127,-0.0011,6.141,35.5668,11.0774,27.203,35.9609
260.0,521.0,11.1433,39.9799,61.2422,241.2117,0.0217,0.0003,99.1702,217.8226,49.0867,-16.6334,0.0,0.0001,2.4111,-0.0008,6.141,35.567,11.0773,27.2032,35.9611
261.0,523.0,11.1436,39.9812,98.6946,241.2052,0.0196,0.0003,99.176,217.8226,49.0867,-16.6334,0.0,0.0001,2.4103,-0.0004,6.141,35.5671,11.0773,27.2032,35.9611
262.0,525.0,11.1429,39.9816,92.848,241.6053,0.0188,0.0003,99.1857,217.8226,49.0867,-16.6334,0.0,0.0001,2.4113,0.0001,6.1411,35.5672,11.0762,27.2035,35.9614
263.0,527.0,11.1425,39.9823,98.6975,241.6761,0.0183,0.0003,99.1977,217.8227,49.0867,-16.6334,0.0,0.0001,2.4115,-0.0001,6.1413,35.5673,11.0756,27.2037,35.9616
264.0,529.0,11.1424,39.9831,98.7046,241.7369,0.0199,0.0003,99.173,217.8227,49.0867,-16.6334,0.0,0.0001,2.4113,0.0001,6.1413,35.5674,11.0752,27.2038,35.9618
265.0,531.0,11.1408,39.9826,98.7061,241.2782,0.0211,0.0003,99.185,217.8227,49.0867,-16.6334,0.0,0.0001,2.41,-0.0009,6.1419,35.5675,11.0734,27.2043,35.9623
266.0,533.0,11.139,39.9816,84.0826,241.3398,0.0219,0.0003,99.1657,217.8227,49.0867,-16.6334,0.0,0.0001,2.4088,-0.0005,6.1418,35.5676,11.0714,27.2047,35.9628
267.0,535.0,11.1348,39.979,92.878,241.3003,0.019,0.0003,99.1486,217.8228,49.0867,-16.6334,0.0,0.0001,2.4075,-0.0003,6.1417,35.568,11.0669,27.2058,35.9641
268.0,537.0,11.1357,39.9807,72.3274,240.4217,0.0201,0.0003,99.167,217.8228,49.0867,-16.6334,0.0,0.0001,2.404,-0.0019,6.1421,35.5679,11.0675,27.2057,35.9639
269.0,539.0,11.1353,39.9816,98.695,241.3221,0.022,0.0003,99.176,217.8228,49.0867,-16.6334,0.0,0.0001,2.4043,0.0004,6.142,35.5679,11.0667,27.2058,35.9641
270.0,541.0,11.1347,39.9819,86.5335,241.6525,0.019,0.0003,99.1657,217.8228,49.0867,-16.6334,0.0,0.0001,2.4051,0.001,6.1421,35.568,11.0659,27.206,35.9643
271.0,543.0,11.1351,39.9829,98.7015,241.9478,0.0155,0.0003,99.1673,217.8229,49.0867,-16.6334,0.0,0.0001,2.4078,0.0008,6.1419,35.568,11.0661,27.2059,35.9643
272.0,545.0,11.1358,39.984,98.6903,241.4794,0.02,0.0003,99.1712,217.8229,49.0867,-16.6334,0.0,0.0001,2.4068,-0.0005,6.1424,35.5679,11.0666,27.2058,35.9641
273.0,547.0,11.1337,39.983,98.5962,241.3862,0.0164,0.0003,99.176,217.8229,49.0866,-16.6334,0.0,0.0001,2.4048,-0.0007,6.1428,35.5678,11.0642,27.2062,35.9646
274.0,549.0,11.1316,39.982,98.71,240.9867,0.017,0.0003,99.176,217.823,49.0866,-16.6334,0.0,0.0001,2.4036,-0.0012,6.1425,35.568,11.0619,27.2068,35.9653
275.0,551.0,11.1301,39.9817,98.6933,240.9147,0.0179,0.0003,99.176,217.823,49.0866,-16.6334,0.0,0.0001,2.4029,-0.0011,6.1422,35.5683,11.0602,27.2073,35.9659
276.0,553.0,11.1271,39.9797,92.1468,241.645,0.0183,0.0003,99.144,217.823,49.0867,-16.6334,0.0,0.0001,2.4047,0.0004,6.1426,35.5682,11.0569,27.2079,35.9666
277.0,555.0,11.1288,39.9819,98.6962,240.8334,0.019,0.0003,99.176,217.8231,49.0866,-16.6334,0.0,0.0001,2.402,-0.0018,6.1434,35.568,11.0583,27.2074,35.9661
278.0,557.0,11.1266,39.9807,89.2523,240.9013,0.0169,0.0003,99.1567,217.8231,49.0866,-16.6334,0.0,0.0001,2.4,-0.0011,6.1435,35.568,11.0559,27.2079,35.9666
279.0,559.0,11.1265,39.9814,98.692,241.2185,0.018,0.0003,99.176,217.8231,49.0866,-16.6334,0.0,0.0001,2.3996,-0.0002,6.1432,35.5681,11.0555,27.208,35.9667
280.0,561.0,11.124,39.9802,98.6916,241.6009,0.0204,0.0003,99.176,217.8231,49.0866,-16.6334,0.0,0.0001,2.4017,0.0005,6.143,35.5681,11.0528,27.2085,35.9674
281.0,563.0,11.1247,39.9816,98.6344,241.6287,0.0163,0.0003,99.1713,217.8231,49.0866,-16.6334,0.0,0.0001,2.4017,0.0001,6.1436,35.5681,11.0532,27.2084,35.9673
282.0,565.0,11.1226,39.9803,98.6975,240.7501,0.0216,0.0003,99.1657,217.8232,49.0866,-16.6334,0.0,0.0001,2.3989,-0.0019,6.1447,35.5679,11.0509,27.2087,35.9677
283.0,567.0,11.1188,39.9773,61.9137,240.5548,0.0185,0.0003,99.176,217.8232,49.0866,-16.6334,0.0,0.0001,2.3966,-0.0017,6.1449,35.5678,11.0468,27.2093,35.9685
284.0,569.0,11.1154,39.9749,98.8687,240.7955,0.0157,0.0003,99.176,217.8232,49.0866,-16.6334,0.0,0.0001,2.3956,-0.0008,6.1448,35.5677,11.0432,27.2099,35.9692
285.0,571.0,11.1146,39.9749,93.6466,241.0272,0.019,0.0003,99.1655,217.8232,49.0866,-16.6334,0.0,0.0001,2.3954,-0.0001,6.1442,35.5675,11.0421,27.21,35.9693
286.0,573.0,11.1151,39.9763,98.5908,241.3245,0.0171,0.0003,99.1746,217.8233,49.0866,-16.6334,0.0,0.0001,2.3971,0.0,6.1446,35.5677,11.0424,27.2101,35.9694
287.0,575.0,11.1164,39.9783,98.71,240.1821,0.0178,0.0003,99.1657,217.8233,49.0866,-16.6334,0.0,0.0001,2.3927,-0.0023,6.1459,35.5676,11.0434,27.2098,35.9691
288.0,577.0,11.11,39.9727,98.71,240.5349,0.0174,0.0003,99.176,217.8233,49.0866,-16.6334,0.0,0.0001,2.3922,-0.0012,6.1455,35.5674,11.0368,27.2109,35.9704
289.0,579.0,11.1085,39.9718,98.6875,241.2241,0.0211,0.0003,99.176,217.8233,49.0866,-16.6334,0.0,0.0001,2.3933,0.0005,6.145,35.567,11.0351,27.2109,35.9705
290.0,581.0,11.1058,39.9703,87.0007,241.3903,0.0188,0.0003,99.1644,217.8234,49.0866,-16.6334,0.0,0.0001,2.3946,0.0003,6.1456,35.5672,11.032,27.2116,35.9713
291.0,583.0,11.1077,39.9729,88.3033,240.4875,0.0176,0.0003,99.176,217.8234,49.0866,-16.6334,0.0,0.0001,2.3919,-0.0018,6.1471,35.5671,11.0337,27.2112,35.9709
292.0,585.0,11.1014,39.9673,98.6903,241.1056,0.016,0.0003,99.176,217.8234,49.0866,-16.6334,0.0,0.0001,2.3919,-0.0002,6.1474,35.5665,11.0271,27.2119,35.9719
293.0,587.0,11.0966,39.9634,98.7004,240.8743,0.0171,0.0003,99.176,217.8235,49.0866,-16.6334,0.0,0.0001,2.3919,-0.0006,6.1468,35.5663,11.022,27.2127,35.9729
294.0,589.0,11.0931,39.9609,63.4772,241.3836,0.0162,0.0003,99.1844,217.8235,49.0866,-16.6334,0.0,0.0001,2.3923,0.0005,6.1461,35.5663,11.0182,27.2134,35.9737
295.0,591.0,11.0942,39.9625,82.8326,241.0852,0.0195,0.0003,99.1887,217.8235,49.0866,-16.6334,0.0,0.0001,2.3912,-0.0005,6.1482,35.5663,11.0192,27.2133,35.9735
296.0,593.0,11.09,39.9591,96.2953,240.9324,0.0182,0.0003,99.176,217.8236,49.0866,-16.6334,0.0,0.0001,2.3896,-0.0006,6.1486,35.5659,11.0148,27.2137,35.9742
297.0,595.0,11.089,39.9591,98.6929,240.6907,0.0231,0.0003,99.1904,217.8236,49.0866,-16.6334,0.0,0.0001,2.3871,-0.001,6.1485,35.566,11.0135,27.214,35.9746
298.0,597.0,11.086,39.9569,98.702,241.1646,0.02,0.0003,99.1743,217.8236,49.0866,-16.6334,0.0,0.0001,2.3884,0.0001,6.1484,35.5657,11.0102,27.2144,35.9751
299.0,599.0,11.085,39.9566,98.7019,241.407,0.0213,0.0003,99.193,217.8236,49.0866,-16.6334,0.0,0.0001,2.3895,0.0002,6.149,35.5656,11.009,27.2146,35.9753
300.0,601.0,11.0832,39.9557,89.2217,241.4426,0.0193,0.0003,99.1909,217.8237,49.0866,-16.6335,0.0,0.0001,2.3896,0.0,6.1499,35.5655,11.0068,27.2149,35.9757
301.0,603.0,11.0779,39.9509,98.689,241.1002,0.0188,0.0003,99.1959,217.8237,49.0866,-16.6335,0.0,0.0001,2.3879,-0.0008,6.1504,35.5648,11.0013,27.2153,35.9764
302.0,605.0,11.074,39.9479,98.6909,241.0369,0.0167,0.0003,99.1801,217.8237,49.0866,-16.6334,0.0,0.0001,2.3871,-0.0007,6.1499,35.5649,10.9972,27.2161,35.9773
303.0,607.0,11.0721,39.9468,98.6944,241.4887,0.0194,0.0003,99.2033,217.8237,49.0866,-16.6335,0.0,0.0001,2.3877,0.0002,6.1506,35.5647,10.9951,27.2164,35.9777
304.0,609.0,11.0707,39.9461,98.695,241.0749,0.0185,0.0003,99.1693,217.8238,49.0866,-16.6335,0.0,0.0001,2.3863,-0.0006,6.1511,35.5646,10.9934,27.2166,35.978
305.0,611.0,11.0679,39.9445,85.4469,241.2659,0.0182,0.0003,99.2049,217.8238,49.0866,-16.6335,0.0,0.0001,2.3862,-0.0002,6.1513,35.5646,10.9904,27.2172,35.9787
306.0,613.0,11.0671,39.9446,95.6133,241.0002,0.0163,0.0003,99.2009,217.8238,49.0866,-16.6335,0.0,0.0001,2.3841,-0.0007,6.1515,35.5646,10.9893,27.2173,35.9789
307.0,615.0,11.0653,39.9437,98.7021,241.48,0.0177,0.0003,99.176,217.8239,49.0866,-16.6335,0.0,0.0001,2.3858,0.0004,6.1511,35.5644,10.9872,27.2176,35.9792
308.0,617.0,11.0638,39.9429,98.6465,241.5077,0.0177,0.0003,99.1815,217.8239,49.0866,-16.6335,0.0,0.0001,2.3857,0.0002,6.1514,35.5642,10.9854,27.2177,35.9794
309.0,619.0,11.0656,39.9453,98.704,240.6713,0.0196,0.0003,99.1977,217.8239,49.0866,-16.6335,0.0,0.0001,2.3834,-0.0016,6.1522,35.5643,10.9871,27.2175,35.9792
310.0,621.0,11.062,39.9423,98.6909,240.9476,0.0227,0.0003,99.1925,217.8239,49.0866,-16.6335,0.0,0.0001,2.3825,-0.0009,6.1525,35.564,10.9832,27.218,35.9798
311.0,623.0,11.0595,39.9408,98.694,241.5145,0.021,0.0003,99.2049,217.824,49.0866,-16.6335,0.0,0.0001,2.3829,0.0007,6.1523,35.5639,10.9805,27.2184,35.9803
312.0,625.0,11.0582,39.9403,98.68,241.5042,0.0196,0.0003,99.1943,217.824,49.0866,-16.6335,0.0,0.0001,2.3833,0.0003,6.1517,35.5638,10.9788,27.2186,35.9806
313.0,627.0,11.0575,39.9405,91.4377,241.3152,0.0183,0.0003,99.2002,217.824,49.0866,-16.6335,0.0,0.0001,2.3828,-0.0003,6.1523,35.5638,10.978,27.2188,35.9808
314.0,629.0,11.0585,39.9421,98.7025,241.1912,0.0173,0.0003,99.1856,217.8241,49.0866,-16.6335,0.0,0.0001,2.381,-0.0004,6.1532,35.5635,10.9787,27.2185,35.9804
315.0,631.0,11.054,39.9383,98.7079,241.5468,0.0148,0.0003,99.2049,217.8241,49.0866,-16.6335,0.0,0.0001,2.3811,0.0005,6.1533,35.5634,10.9739,27.2192,35.9814
316.0,633.0,11.0529,39.9383,98.689,241.436,0.0176,0.0003,99.1977,217.8241,49.0866,-16.6335,0.0,0.0001,2.3811,0.0,6.1531,35.5632,10.9726,27.2194,35.9816
317.0,635.0,11.0521,39.9385,98.7025,241.7617,0.0202,0.0003,99.1973,217.8241,49.0866,-16.6335,0.0,0.0001,2.3819,0.0005,6.1525,35.5633,10.9714,27.2196,35.9819
318.0,637.0,11.0544,39.9413,74.9541,241.5391,0.018,0.0003,99.1887,217.8242,49.0866,-16.6335,0.0,0.0001,2.3817,-0.0003,6.1534,35.5633,10.9736,27.2193,35.9814
319.0,639.0,11.0508,39.938,94.5596,241.3845,0.02,0.0003,99.1923,217.8242,49.0866,-16.6335,0.0,0.0001,2.3799,-0.0004,6.154,35.5623,10.9697,27.2192,35.9815
320.0,641.0,11.047,39.9357,98.695,241.2604,0.0204,0.0003,99.2049,217.8242,49.0866,-16.6335,0.0,0.0001,2.3797,-0.0006,6.1541,35.5629,10.9656,27.2204,35.9829
321.0,643.0,11.0464,39.9357,98.5143,241.1561,0.017,0.0003,99.1729,217.8242,49.0866,-16.6335,0.0,0.0001,2.3777,-0.0007,6.1543,35.5627,10.9648,27.2204,35.9829
322.0,645.0,11.0451,39.935,98.6181,241.6148,0.0164,0.0003,99.1931,217.8243,49.0866,-16.6335,0.0,0.0001,2.3786,0.0003,6.1539,35.5623,10.9632,27.2203,35.983
323.0,647.0,11.0439,39.9346,98.7003,241.67,0.0204,0.0003,99.2017,217.8243,49.0866,-16.6335,0.0,0.0001,2.3797,0.0001,6.1547,35.5623,10.9618,27.2206,35.9833
324.0,649.0,11.0414,39.9332,77.9248,241.6198,0.0179,0.0003,99.1904,217.8243,49.0866,-16.6335,0.0,0.0001,2.3783,-0.0002,6.1553,35.5623,10.959,27.2211,35.9839
325.0,651.0,11.0387,39.9309,98.701,241.5444,0.0226,0.0003,99.2049,217.8244,49.0866,-16.6335,0.0,0.0001,2.3776,-0.0003,6.156,35.5619,10.956,27.2213,35.9842
326.0,653.0,11.0359,39.9291,93.8887,241.3555,0.019,0.0003,99.1989,217.8244,49.0866,-16.6335,0.0,0.0001,2.3771,-0.0007,6.1562,35.5618,10.953,27.2218,35.9849
327.0,655.0,11.0312,39.9247,98.71,242.0904,0.0181,0.0003,99.2049,217.8244,49.0866,-16.6335,0.0,0.0001,2.3773,0.0009,6.1554,35.561,10.9481,27.2221,35.9854
328.0,657.0,11.0301,39.9245,94.5538,241.7714,0.022,0.0003,99.1927,217.8244,49.0866,-16.6335,0.0,0.0001,2.3775,-0.0002,6.1563,35.5611,10.9468,27.2224,35.9857
329.0,659.0,11.0319,39.9269,98.6875,241.4534,0.019,0.0003,99.2049,217.8245,49.0866,-16.6335,0.0,0.0001,2.3765,-0.0008,6.1566,35.5609,10.9483,27.222,35.9852
330.0,661.0,11.0278,39.9234,98.6943,241.3951,0.0155,0.0003,99.1868,217.8245,49.0866,-16.6335,0.0,0.0001,2.3752,-0.0007,6.1565,35.5606,10.944,27.2225,35.9859
331.0,663.0,11.0264,39.9232,98.7004,241.9228,0.0157,0.0003,99.189,217.8245,49.0866,-16.6335,0.0,0.0001,2.3764,0.0001,6.1567,35.5607,10.9422,27.2229,35.9864
332.0,665.0,11.0278,39.9251,98.7025,240.9184,0.0183,0.0003,99.2049,217.8245,49.0866,-16.6335,0.0,0.0001,2.3728,-0.0016,6.157,35.5605,10.9434,27.2225,35.986
333.0,667.0,11.0252,39.9235,32.4527,241.5544,0.0173,0.0003,99.2049,217.8246,49.0866,-16.6335,0.0,0.0001,2.3733,-0.0001,6.1566,35.5604,10.9405,27.223,35.9865
334.0,669.0,11.024,39.9232,97.9898,241.5888,0.0176,0.0003,99.1958,217.8246,49.0865,-16.6335,0.0,0.0001,2.3732,-0.0001,6.157,35.5604,10.9391,27.2233,35.9869
335.0,671.0,11.0238,39.9236,98.6843,240.9195,0.0198,0.0003,99.1977,217.8246,49.0866,-16.6335,0.0,0.0001,2.3712,-0.0015,6.1576,35.5601,10.9387,27.2231,35.9868
336.0,673.0,11.0218,39.9222,98.695,241.5575,0.0174,0.0003,99.1587,217.8246,49.0865,-16.6335,0.0,0.0001,2.3712,0.0,6.1573,35.56,10.9364,27.2234,35.9871
337.0,675.0,11.0183,39.9196,98.6907,242.1588,0.0179,0.0003,99.191,217.8247,49.0865,-16.6335,0.0,0.0001,2.3731,0.001,6.157,35.5597,10.9326,27.2239,35.9878
338.0,677.0,11.021,39.923,79.3012,241.628,0.0204,0.0003,99.1941,217.8247,49.0865,-16.6335,0.0,0.0001,2.3728,-0.0007,6.1583,35.5599,10.9351,27.2236,35.9873
339.0,679.0,11.0157,39.9184,98.69,240.8716,0.0212,0.0003,99.2049,217.8247,49.0865,-16.6335,0.0,0.0001,2.3687,-0.0018,6.1589,35.5594,10.9297,27.2242,35.9882
340.0,681.0,11.0137,39.9169,98.6971,241.2109,0.0255,0.0003,99.189,217.8248,49.0865,-16.6335,0.0,0.0001,2.3687,-0.0008,6.1586,35.5591,10.9274,27.2244,35.9885
341.0,683.0,11.0086,39.9128,98.7067,242.0309,0.0222,0.0003,99.1935,217.8248,49.0865,-16.6335,0.0,0.0001,2.3701,0.0008,6.1584,35.5588,10.9219,27.2251,35.9895
342.0,685.0,11.0095,39.9144,98.7013,241.904,0.0187,0.0003,99.1865,217.8248,49.0865,-16.6335,0.0,0.0001,2.3708,-0.0001,6.1592,35.5587,10.9226,27.225,35.9893
343.0,687.0,11.0074,39.9126,98.6942,240.9021,0.0193,0.0003,99.2049,217.8249,49.0865,-16.6335,0.0,0.0001,2.3673,-0.0019,6.1604,35.5581,10.9203,27.2248,35.9893
344.0,689.0,11.0047,39.9106,98.6871,240.8589,0.0171,0.0003,99.2049,217.8249,49.0865,-16.6335,0.0,0.0001,2.3663,-0.0018,6.1603,35.5581,10.9174,27.2254,35.9899
345.0,691.0,11.0016,39.9084,98.6917,241.5372,0.0194,0.0003,99.1946,217.8249,49.0865,-16.6335,0.0,0.0001,2.3675,0.0,6.1598,35.5578,10.9139,27.2258,35.9905
346.0,693.0,11.0005,39.9082,76.6573,242.0358,0.0208,0.0003,99.2234,217.8249,49.0865,-16.6335,0.0,0.0001,2.3685,0.0006,6.1595,35.5576,10.9125,27.2259,35.9906
347.0,695.0,11.0023,39.911,96.3206,241.8179,0.0203,0.0003,99.1996,217.825,49.0865,-16.6335,0.0,0.0001,2.3684,-0.0002,6.1605,35.5579,10.9142,27.2259,35.9905
348.0,697.0,10.9992,39.9084,98.6927,241.1107,0.0166,0.0003,99.2049,217.825,49.0865,-16.6335,0.0,0.0001,2.3651,-0.0015,6.1612,35.5575,10.9108,27.2261,35.991
349.0,699.0,10.9983,39.9084,98.6957,241.7543,0.0179,0.0003,99.2049,217.825,49.0865,-16.6335,0.0,0.0001,2.3651,0.0001,6.1614,35.5574,10.9097,27.2263,35.9912
350.0,701.0,10.9941,39.9048,78.4475,241.6878,0.0183,0.0003,99.1987,217.825,49.0865,-16.6335,0.0,0.0001,2.3651,-0.0001,6.1611,35.557,10.9052,27.2267,35.9918
351.0,703.0,10.9925,39.9044,98.7009,241.8783,0.0203,0.0003,99.1996,217.8251,49.0865,-16.6335,0.0,0.0001,2.3662,0.0001,6.1609,35.557,10.9033,27.2271,35.9923
352.0,705.0,10.9944,39.9068,98.7006,241.1732,0.0198,0.0003,99.2049,217.8251,49.0865,-16.6335,0.0,0.0001,2.3626,-0.0015,6.1622,35.5571,10.905,27.2269,35.9919
353.0,707.0,10.9924,39.9055,98.695,241.3402,0.0188,0.0003,99.1921,217.8251,49.0865,-16.6335,0.0,0.0001,2.3626,-0.001,6.162,35.5569,10.9028,27.2271,35.9923
354.0,709.0,10.9895,39.9031,98.685,241.5834,0.0186,0.0003,99.176,217.8251,49.0865,-16.6335,0.0,0.0001,2.3628,-0.0003,6.1618,35.5565,10.8997,27.2274,35.9927
355.0,711.0,10.9863,39.9012,86.3157,241.9958,0.0207,0.0003,99.2037,217.8252,49.0865,-16.6335,0.0,0.0001,2.3646,0.0002,6.1617,35.5564,10.896,27.2279,35.9934
356.0,713.0,10.9871,39.9024,98.6954,242.1905,0.0174,0.0003,99.162,217.8252,49.0865,-16.6335,0.0,0.0001,2.3649,0.0004,6.1625,35.5563,10.8967,27.2278,35.9932
357.0,715.0,10.9844,39.9004,53.4711,241.5642,0.0163,0.0003,99.2049,217.8252,49.0865,-16.6336,0.0,0.0001,2.3625,-0.001,6.1634,35.556,10.8937,27.2281,35.9936
358.0,717.0,10.979,39.896,88.0582,241.4854,0.0189,0.0003,99.2049,217.8253,49.0865,-16.6336,0.0,0.0001,2.3611,-0.0008,6.1633,35.5556,10.8881,27.2288,35.9945
359.0,719.0,10.977,39.8947,98.7681,241.6502,0.02,0.0003,99.2049,217.8253,49.0865,-16.6336,0.0,0.0001,2.3614,-0.0003,6.163,35.5553,10.8858,27.229,35.9949
360.0,721.0,10.9778,39.8962,98.6964,242.3347,0.0178,0.0003,99.181,217.8253,49.0865,-16.6336,0.0,0.0001,2.3632,0.0006,6.1631,35.5553,10.8863,27.2289,35.9948
361.0,723.0,10.9791,39.8984,98.71,241.0635,0.0159,0.0003,99.1904,217.8253,49.0865,-16.6336,0.0,0.0001,2.3603,-0.0021,6.1639,35.5556,10.8874,27.2289,35.9948
362.0,725.0,10.9756,39.8956,98.2591,241.0731,0.0142,0.0003,99.1969,217.8254,49.0865,-16.6336,0.0,0.0001,2.3601,-0.0015,6.1639,35.5553,10.8837,27.2293,35.9953
363.0,727.0,10.9743,39.8952,98.5657,242.085,0.0132,0.0003,99.2049,217.8254,49.0865,-16.6336,0.0,0.0001,2.3599,0.0006,6.1638,35.5551,10.8821,27.2295,35.9955
364.0,729.0,10.9736,39.8952,98.7037,242.3171,0.0146,0.0003,99.1898,217.8254,49.0865,-16.6336,0.0,0.0001,2.3614,0.0005,6.164,35.5549,10.881,27.2295,35.9956
365.0,731.0,10.973,39.8954,80.1736,242.4122,0.0174,0.0003,99.1701,217.8255,49.0865,-16.6336,0.0,0.0001,2.3618,0.0003,6.1646,35.5549,10.8802,27.2297,35.9958
366.0,733.0,10.9698,39.8929,91.9981,241.2012,0.0177,0.0003,99.2049,217.8255,49.0865,-16.6336,0.0,0.0001,2.3566,-0.0021,6.1657,35.5545,10.8768,27.2299,35.9962
367.0,735.0,10.9653,39.8891,98.7464,241.6682,0.0173,0.0003,99.1988,217.8255,49.0865,-16.6336,0.0,0.0001,2.3569,-0.0007,6.1651,35.554,10.8719,27.2304,35.9969
368.0,737.0,10.9603,39.8846,74.0445,242.2475,0.015,0.0003,99.1839,217.8255,49.0865,-16.6336,0.0,0.0001,2.3587,0.0003,6.1655,35.5534,10.8667,27.231,35.9976
369.0,739.0,10.9591,39.8838,95.113,242.0114,0.0169,0.0003,99.18,217.8256,49.0865,-16.6336,0.0,0.0001,2.3581,-0.0003,6.1659,35.5533,10.8654,27.2311,35.9978
370.0,741.0,10.9563,39.8811,98.695,241.9961,0.0201,0.0003,99.2049,217.8256,49.0865,-16.6336,0.0,0.0001,2.3563,-0.0003,6.1679,35.5521,10.8623,27.2307,35.9976
371.0,743.0,10.9489,39.875,98.695,242.5037,0.0192,0.0003,99.1876,217.8256,49.0865,-16.6336,0.0,0.0001,2.3566,0.0008,6.1679,35.5523,10.8547,27.2323,35.9995
372.0,745.0,10.9457,39.8726,98.68,242.3839,0.0168,0.0003,99.2049,217.8256,49.0865,-16.6336,0.0,0.0001,2.3572,0.0003,6.1669,35.5522,10.8513,27.2328,36.0001
373.0,747.0,10.9483,39.8761,81.6524,242.6505,0.0153,0.0003,99.1895,217.8257,49.0865,-16.6336,0.0,0.0001,2.3594,0.0003,6.1667,35.5522,10.8535,27.2324,35.9997
374.0,749.0,10.9551,39.884,98.6904,242.0176,0.0167,0.0003,99.1639,217.8257,49.0865,-16.6336,0.0,0.0001,2.357,-0.001,6.1679,35.5531,10.8601,27.2319,35.9988
375.0,751.0,10.9455,39.8747,95.3264,241.4457,0.0154,0.0003,99.2049,217.8257,49.0865,-16.6336,0.0,0.0001,2.3541,-0.0018,6.1682,35.5521,10.8504,27.2329,36.0003
376.0,753.0,10.9451,39.8753,98.7186,241.8314,0.0151,0.0003,99.1977,217.8257,49.0865,-16.6336,0.0,0.0001,2.3537,-0.0006,6.1679,35.5521,10.8496,27.2331,36.0005
377.0,755.0,10.9422,39.8734,98.692,242.9764,0.0134,0.0003,99.2033,217.8258,49.0865,-16.6336,0.0,0.0001,2.356,0.0016,6.1674,35.5519,10.8464,27.2335,36.001
378.0,757.0,10.9409,39.8727,84.7275,242.7361,0.0171,0.0003,99.1508,217.8258,49.0865,-16.6336,0.0,0.0001,2.3576,0.0002,6.1685,35.5519,10.845,27.2337,36.0013
379.0,759.0,10.9412,39.8735,98.6883,241.5753,0.0226,0.0003,99.2049,217.8258,49.0865,-16.6336,0.0,0.0001,2.3529,-0.0019,6.1695,35.5515,10.845,27.2334,36.001
380.0,761.0,10.9347,39.8677,89.2804,241.6158,0.0199,0.0003,99.1962,217.8259,49.0865,-16.6336,0.0,0.0001,2.3518,-0.0014,6.1695,35.5511,10.8382,27.2343,36.0022
381.0,763.0,10.9334,39.8671,98.71,242.1866,0.0155,0.0003,99.1929,217.8259,49.0864,-16.6336,0.0,0.0001,2.3519,0.0,6.169,35.5507,10.8366,27.2343,36.0022
382.0,765.0,10.9321,39.8667,98.6968,242.843,0.0167,0.0003,99.1818,217.8259,49.0865,-16.6336,0.0,0.0001,2.3546,0.0008,6.1693,35.5506,10.8351,27.2345,36.0025
383.0,767.0,10.9347,39.8699,98.6942,242.0575,0.0176,0.0003,99.1583,217.8259,49.0865,-16.6336,0.0,0.0001,2.3529,-0.0012,6.1702,35.5507,10.8375,27.2341,36.0021
384.0,769.0,10.9293,39.8653,98.696,242.1129,0.0205,0.0003,99.2049,217.826,49.0865,-16.6336,0.0,0.0001,2.3516,-0.0007,6.1705,35.5504,10.8318,27.2349,36.0031
385.0,771.0,10.9282,39.8647,98.7,241.5856,0.0203,0.0003,99.2049,217.826,49.0864,-16.6336,0.0,0.0001,2.3492,-0.0014,6.1704,35.5502,10.8305,27.235,36.0032
386.0,773.0,10.9262,39.8637,98.69,242.0645,0.0206,0.0003,99.2067,217.826,49.0864,-16.6336,0.0,0.0001,2.3494,-0.0003,6.1702,35.55,10.8282,27.2353,36.0036
387.0,775.0,10.9268,39.8653,82.9299,242.4316,0.0167,0.0003,99.1577,217.826,49.0865,-16.6336,0.0,0.0001,2.3503,0.0002,6.1707,35.5501,10.8286,27.2353,36.0036
388.0,777.0,10.9248,39.8638,95.2816,242.2419,0.0157,0.0003,99.2049,217.8261,49.0865,-16.6336,0.0,0.0001,2.3496,-0.0003,6.1711,35.5498,10.8264,27.2355,36.0039
389.0,779.0,10.9225,39.8622,98.6925,242.1878,0.0159,0.0003,99.2026,217.8261,49.0864,-16.6336,0.0,0.0001,2.3488,-0.0004,6.1718,35.5496,10.8237,27.2358,36.0043
390.0,781.0,10.9195,39.8599,98.6983,241.7909,0.0149,0.0003,99.2115,217.8261,49.0864,-16.6336,0.0,0.0001,2.3468,-0.001,6.1717,35.5493,10.8206,27.2361,36.0048
391.0,783.0,10.9156,39.8565,83.2555,242.0594,0.0109,0.0003,99.2016,217.8261,49.0864,-16.6336,0.0,0.0001,2.3468,-0.0004,6.1717,35.5488,10.8164,27.2365,36.0053
392.0,785.0,10.9146,39.8564,98.6903,242.5353,0.0152,0.0003,99.1528,217.8262,49.0864,-16.6336,0.0,0.0001,2.3474,0.0005,6.1722,35.5488,10.8152,27.2367,36.0055
393.0,787.0,10.9144,39.857,98.6911,241.8853,0.0156,0.0003,99.1452,217.8262,49.0865,-16.6336,0.0,0.0001,2.3459,-0.0009,6.1725,35.5488,10.8146,27.2368,36.0057
394.0,789.0,10.9123,39.8553,98.6941,241.3247,0.0133,0.0003,99.1968,217.8262,49.0864,-16.6336,0.0,0.0001,2.3425,-0.0015,6.1729,35.5483,10.8123,27.2368,36.0058
395.0,791.0,10.9095,39.8534,98.71,241.7226,0.0168,0.0003,99.2113,217.8263,49.0864,-16.6336,0.0,0.0001,2.3419,-0.0004,6.1733,35.5481,10.8093,27.2372,36.0063
396.0,793.0,10.9075,39.8519,68.4545,241.9172,0.0167,0.0003,99.2089,217.8263,49.0864,-16.6336,0.0,0.0001,2.341,0.0001,6.173,35.5476,10.807,27.2372,36.0064
397.0,795.0,10.9048,39.8499,98.6991,241.6083,0.0151,0.0003,99.2064,217.8263,49.0864,-16.6336,0.0,0.0001,2.3402,-0.0005,6.1735,35.5473,10.8041,27.2375,36.0069
398.0,797.0,10.9075,39.8531,98.6879,240.7067,0.0155,0.0003,99.1399,217.8264,49.0864,-16.6336,0.0,0.0001,2.337,-0.0019,6.1746,35.5473,10.8065,27.2371,36.0063
399.0,799.0,10.9012,39.8473,98.6929,240.6843,0.013,0.0003,99.1927,217.8264,49.0864,-16.6336,0.0,0.0001,2.3346,-0.0016,6.1742,35.5467,10.8001,27.2378,36.0073
400.0,801.0,10.8939,39.8401,98.7031,240.8777,0.0167,0.0003,99.1904,217.8264,49.0864,-16.6337,0.0,0.0001,2.3344,-0.0008,6.1741,35.5454,10.7924,27.2382,36.008
401.0,803.0,10.8947,39.8415,80.3479,241.1298,0.017,0.0003,99.2004,217.8264,49.0864,-16.6337,0.0,0.0001,2.3339,-0.0002,6.1756,35.5452,10.793,27.2379,36.0077
402.0,805.0,10.8824,39.8285,98.692,240.4766,0.0141,0.0003,99.1753,217.8265,49.0864,-16.6337,0.0,0.0001,2.3303,-0.0013,6.1787,35.5433,10.7804,27.2387,36.009
403.0,807.0,10.8731,39.8189,98.4787,238.5689,0.0171,0.0003,99.2049,217.8265,49.0864,-16.6337,0.0,0.0001,2.323,-0.0041,6.1796,35.5419,10.771,27.2393,36.0101
404.0,809.0,10.8644,39.8097,98.6038,238.6098,0.019,0.0003,99.2049,217.8265,49.0864,-16.6337,0.0,0.0001,2.3196,-0.0028,6.1797,35.5402,10.7621,27.2396,36.0107
405.0,811.0,10.8601,39.8064,98.7016,239.205,0.0199,0.0003,99.2049,217.8265,49.0864,-16.6337,0.0,0.0001,2.3162,-0.0007,6.1803,35.54,10.7575,27.2402,36.0116
406.0,813.0,10.8527,39.7986,81.2018,238.5744,0.02,0.0003,99.2078,217.8266,49.0864,-16.6337,0.0,0.0001,2.3137,-0.0015,6.1818,35.5385,10.7499,27.2404,36.0121
407.0,815.0,10.8457,39.7919,98.6893,237.8436,0.0226,0.0003,99.1983,217.8266,49.0864,-16.6337,0.0,0.0001,2.3092,-0.0019,6.1817,35.5376,10.7426,27.241,36.013
408.0,817.0,10.8428,39.7894,91.5398,238.1999,0.0199,0.0003,99.2085,217.8266,49.0864,-16.6337,0.0,0.0001,2.3078,-0.0008,6.183,35.5371,10.7395,27.2412,36.0134
409.0,819.0,10.8367,39.7836,98.6878,237.4595,0.0191,0.0003,99.1916,217.8266,49.0864,-16.6337,0.0,0.0001,2.3041,-0.0016,6.1836,35.5364,10.7333,27.2418,36.0142
410.0,821.0,10.8329,39.7802,77.451,237.118,0.0206,0.0003,99.2185,217.8267,49.0864,-16.6337,0.0,0.0001,2.3001,-0.0015,6.1854,35.5357,10.7291,27.242,36.0146
411.0,823.0,10.8288,39.7755,82.5681,236.8367,0.0199,0.0003,99.2049,217.8267,49.0864,-16.6337,0.0,0.0001,2.2976,-0.0015,6.1858,35.5342,10.7248,27.2416,36.0144
412.0,825.0,10.8143,39.7611,98.689,236.3018,0.019,0.0003,99.206,217.8267,49.0864,-16.6337,0.0,0.0001,2.2931,-0.0016,6.187,35.5328,10.7102,27.2432,36.0166
413.0,827.0,10.8054,39.7524,98.6893,235.8995,0.0202,0.0003,99.2004,217.8268,49.0864,-16.6337,0.0,0.0001,2.2883,-0.0014,6.1901,35.5318,10.701,27.244,36.0178
414.0,829.0,10.7893,39.7347,98.6812,234.4961,0.0204,0.0003,99.172,217.8268,49.0864,-16.6337,0.0,0.0001,2.2808,-0.0034,6.1967,35.5289,10.6847,27.2447,36.0192
415.0,831.0,10.7739,39.7176,56.5636,233.0696,0.0157,0.0003,99.2049,217.8268,49.0864,-16.6337,0.0,0.0001,2.2739,-0.0046,6.1945,35.5259,10.6693,27.2451,36.0203
416.0,833.0,10.7378,39.6785,95.3903,231.9616,0.0181,0.0003,99.2129,217.8268,49.0864,-16.6337,0.0,0.0001,2.2667,-0.0048,6.1923,35.5205,10.6331,27.2474,36.0241
417.0,835.0,10.7306,39.672,97.1483,233.7958,0.0186,0.0003,99.194,217.8269,49.0864,-16.6337,0.0,0.0001,2.2648,-0.0005,6.199,35.52,10.6257,27.2483,36.0254
418.0,837.0,10.7132,39.6518,98.68,230.2266,0.0176,0.0003,99.1808,217.8269,49.0864,-16.6337,0.0,0.0001,2.2541,-0.0066,6.2053,35.5159,10.6081,27.2482,36.0261
419.0,839.0,10.6892,39.6252,98.6962,229.3571,0.0181,0.0003,99.2143,217.8269,49.0864,-16.6337,0.0,0.0001,2.2444,-0.0063,6.2128,35.5115,10.584,27.2492,36.0281
420.0,841.0,10.6483,39.5802,61.6753,228.0048,0.0171,0.0003,99.2107,217.8269,49.0864,-16.6337,0.0,0.0001,2.2325,-0.0059,6.2129,35.5049,10.543,27.2513,36.0319
421.0,843.0,10.6034,39.5321,87.8262,226.431,0.0162,0.0003,99.1905,217.827,49.0864,-16.6337,0.0,0.0001,2.2214,-0.0058,6.2067,35.4992,10.4982,27.2548,36.0374
422.0,845.0,10.6051,39.5349,98.6827,228.1178,0.0151,0.0003,99.1856,217.827,49.0864,-16.6337,0.0,0.0001,2.218,-0.0017,6.2228,35.4997,10.4996,27.2549,36.0375
423.0,847.0,10.5526,39.4767,98.6975,222.8218,0.0173,0.0003,99.2049,217.827,49.0864,-16.6337,0.0,0.0001,2.1976,-0.009,6.2314,35.491,10.4472,27.2575,36.0423
424.0,849.0,10.5024,39.4213,98.68,221.8256,0.0216,0.0003,99.2049,217.8271,49.0864,-16.6337,0.0,0.0001,2.1829,-0.0072,6.2391,35.4826,10.397,27.2598,36.0468
425.0,851.0,10.4568,39.3722,98.6868,220.5141,0.0201,0.0003,99.1642,217.8271,49.0864,-16.6337,0.0,0.0001,2.1694,-0.0066,6.2456,35.4765,10.3515,27.263,36.0521
426.0,853.0,10.4002,39.3115,98.6852,217.4202,0.0164,0.0003,99.1652,217.8271,49.0864,-16.6337,0.0,0.0001,2.1518,-0.0087,6.2469,35.4695,10.2949,27.2674,36.0589
427.0,855.0,10.3801,39.2914,98.68,217.425,0.0177,0.0003,99.1799,217.8271,49.0864,-16.6337,0.0,0.0001,2.1397,-0.0049,6.2487,35.4676,10.2747,27.2695,36.0619
428.0,857.0,10.3551,39.2652,78.9063,216.6762,0.0185,0.0003,99.1375,217.8272,49.0864,-16.6337,0.0,0.0001,2.129,-0.0037,6.2536,35.4646,10.2497,27.2715,36.065
429.0,859.0,10.338,39.2477,92.4417,214.9612,0.0202,0.0003,99.1904,217.8272,49.0864,-16.6338,0.0,0.0001,2.1174,-0.0045,6.2558,35.4627,10.2324,27.2731,36.0673
430.0,861.0,10.3233,39.2325,98.6821,214.3549,0.022,0.0003,99.2049,217.8272,49.0864,-16.6338,0.0,0.0001,2.1099,-0.0036,6.2561,35.4605,10.2175,27.274,36.0689
431.0,863.0,10.3152,39.2257,98.68,214.1535,0.0217,0.0003,99.1919,217.8272,49.0864,-16.6338,0.0,0.0001,2.1063,-0.0028,6.2546,35.4607,10.2092,27.2756,36.0708
432.0,865.0,10.3081,39.2187,91.4123,215.1349,0.0211,0.0003,99.1754,217.8273,49.0864,-16.6338,0.0,0.0001,2.1045,-0.0005,6.2622,35.4596,10.2019,27.2761,36.0716
433.0,867.0,10.2612,39.1682,98.68,211.5545,0.022,0.0003,99.1924,217.8273,49.0864,-16.6338,0.0,0.0001,2.0913,-0.0061,6.274,35.4532,10.155,27.2791,36.0767
434.0,869.0,10.1941,39.0969,98.68,208.7175,0.0198,0.0003,99.1906,217.8273,49.0864,-16.6338,0.0,0.0001,2.072,-0.0075,6.2821,35.445,10.0881,27.2844,36.085
435.0,871.0,10.1676,39.0701,98.68,208.0901,0.0203,0.0003,99.2049,217.8274,49.0864,-16.6338,0.0,0.0001,2.0601,-0.0058,6.292,35.4428,10.0615,27.2873,36.0889
436.0,873.0,10.0965,38.9939,98.68,205.9017,0.0204,0.0003,99.2049,217.8274,49.0864,-16.6338,0.0,0.0001,2.0492,-0.0073,6.2867,35.4336,9.9906,27.2924,36.0971
437.0,875.0,10.0383,38.9316,88.5549,207.7057,0.0193,0.0003,99.184,217.8274,49.0864,-16.6338,0.0,0.0001,2.0438,-0.0013,6.2892,35.4259,9.9324,27.2963,36.1036
438.0,877.0,10.0289,38.925,98.68,206.8494,0.0221,0.0003,99.1868,217.8274,49.0864,-16.6338,0.0,0.0001,2.0398,-0.0026,6.2972,35.4278,9.923,27.2995,36.1072
439.0,879.0,10.0062,38.8905,98.68,202.8962,0.0182,0.0003,99.2049,217.8275,49.0864,-16.6338,0.0,0.0001,2.0275,-0.0096,6.3138,35.4139,9.9002,27.2925,36.1013
440.0,881.0,9.9296,38.8195,98.68,199.8347,0.0177,0.0003,99.1874,217.8275,49.0863,-16.6338,0.0,0.0001,2.009,-0.0111,6.3115,35.4149,9.8238,27.3063,36.1184
441.0,883.0,9.9095,38.7994,98.68,199.0657,0.0209,0.0003,99.176,217.8275,49.0863,-16.6338,0.0,0.0001,1.9983,-0.0082,6.2942,35.4132,9.8035,27.3084,36.1214
442.0,885.0,9.9567,38.8506,84.6845,203.5992,0.0229,0.0003,99.1854,217.8275,49.0864,-16.6338,0.0,0.0001,2.0026,0.0003,6.3075,35.4185,9.8502,27.3046,36.1155
443.0,887.0,9.9195,38.8127,98.68,199.7266,0.0225,0.0003,99.2049,217.8276,49.0864,-16.6338,0.0,0.0001,1.9908,-0.0062,6.3157,35.4151,9.8129,27.3083,36.1209
444.0,889.0,9.902,38.7955,98.1942,199.0703,0.0215,0.0003,99.2049,217.8276,49.0864,-16.6338,0.0,0.0001,1.9834,-0.0053,6.3142,35.4136,9.7953,27.3102,36.1235
445.0,891.0,9.9003,38.7952,98.1536,199.5754,0.0226,0.0003,99.2049,217.8276,49.0863,-16.6338,0.0,0.0001,1.9814,-0.0033,6.3142,35.4144,9.7934,27.3111,36.1245
446.0,893.0,9.892,38.787,98.68,200.3613,0.0215,0.0003,99.1844,217.8276,49.0863,-16.6338,0.0,0.0001,1.9793,-0.001,6.3179,35.413,9.7849,27.3115,36.1252
447.0,895.0,9.8877,38.7826,98.68,199.732,0.0217,0.0003,99.1643,217.8277,49.0864,-16.6338,0.0,0.0001,1.9754,-0.0017,6.321,35.4119,9.7804,27.3113,36.1253
448.0,897.0,9.861,38.7553,80.4189,199.5055,0.0218,0.0003,99.2118,217.8277,49.0864,-16.6338,0.0,0.0001,1.9719,-0.0013,6.3241,35.4091,9.7536,27.3137,36.1289
449.0,899.0,9.8443,38.7384,91.5189,198.8424,0.024,0.0003,99.2285,217.8277,49.0863,-16.6338,0.0,0.0001,1.9675,-0.0019,6.3282,35.4074,9.7368,27.3152,36.1311
450.0,901.0,9.8225,38.7154,98.68,198.1314,0.0234,0.0003,99.2337,217.8278,49.0863,-16.6338,0.0,0.0001,1.9634,-0.0024,6.3302,35.4044,9.7149,27.3166,36.1335
451.0,903.0,9.804,38.6983,98.68,197.895,0.0217,0.0003,99.2337,217.8278,49.0863,-16.6338,0.0,0.0001,1.9587,-0.0018,6.3291,35.4038,9.6962,27.3193,36.137
452.0,905.0,9.7923,38.6864,80.3236,197.9155,0.0214,0.0003,99.2337,217.8278,49.0863,-16.6338,0.0,0.0001,1.9573,-0.0011,6.3261,35.4019,9.6843,27.3198,36.1381
453.0,907.0,9.7928,38.6877,98.68,198.474,0.0226,0.0003,99.2305,217.8279,49.0863,-16.6338,0.0,0.0001,1.9553,-0.0003,6.3358,35.4023,9.6847,27.3201,36.1383
454.0,909.0,9.758,38.6531,98.68,196.4655,0.0214,0.0003,99.2626,217.8279,49.0863,-16.6338,0.0,0.0001,1.949,-0.0039,6.3528,35.3998,9.6498,27.324,36.1437
455.0,911.0,9.7314,38.6255,98.68,194.7927,0.0201,0.0003,99.2626,217.8279,49.0863,-16.6338,0.0,0.0001,1.9438,-0.0054,6.3467,35.3968,9.6232,27.3261,36.147
456.0,913.0,9.6856,38.5791,98.68,194.2442,0.0155,0.0003,99.2626,217.8279,49.0863,-16.6338,0.0,0.0001,1.9389,-0.0053,6.3413,35.3931,9.5775,27.3309,36.1538
457.0,915.0,9.6292,38.5237,90.3103,196.3436,0.0203,0.0003,99.2695,217.828,49.0863,-16.6338,0.0,0.0001,1.9381,-0.0003,6.3443,35.3903,9.5211,27.3382,36.1635
458.0,917.0,9.6498,38.5441,98.68,194.3643,0.0213,0.0003,99.2722,217.828,49.0864,-16.6338,0.0,0.0001,1.9293,-0.004,6.3688,35.3902,9.5413,27.3347,36.1592
459.0,919.0,9.5655,38.4576,98.68,192.0763,0.0227,0.0003,99.2915,217.828,49.0863,-16.6338,0.0,0.0001,1.9184,-0.0064,6.3815,35.3828,9.4573,27.343,36.1712
460.0,921.0,9.5194,38.413,98.68,190.8433,0.0242,0.0003,99.2915,217.828,49.0863,-16.6338,0.0,0.0001,1.9104,-0.0067,6.3757,35.3813,9.4112,27.3494,36.1796
461.0,923.0,9.4564,38.3479,98.6794,191.6846,0.0199,0.0003,99.265,217.8281,49.0863,-16.6339,0.0,0.0001,1.9023,-0.0023,6.3743,35.3747,9.3484,27.3547,36.1877
462.0,925.0,9.4275,38.32,85.0367,191.8682,0.0192,0.0003,99.2888,217.8281,49.0863,-16.6339,0.0,0.0001,1.9014,-0.0015,6.3749,35.3735,9.3195,27.3585,36.1928
463.0,927.0,9.427,38.3191,98.68,191.0612,0.0216,0.0003,99.308,217.8281,49.0863,-16.6339,0.0,0.0001,1.8952,-0.003,6.4,35.3725,9.3188,27.3579,36.1922
464.0,929.0,9.4334,38.3214,98.68,190.5041,0.0224,0.0003,99.2915,217.8282,49.0863,-16.6339,0.0,0.0001,1.8918,-0.0035,6.406,35.3677,9.325,27.3531,36.1872
465.0,931.0,9.3548,38.2476,98.68,189.3009,0.0253,0.0003,99.3043,217.8282,49.0863,-16.6339,0.0,0.0001,1.8875,-0.0043,6.3901,35.3677,9.2466,27.366,36.2035
466.0,933.0,9.2874,38.1762,98.68,190.5021,0.0226,0.0003,99.3178,217.8282,49.0863,-16.6339,0.0,0.0001,1.8861,-0.0017,6.3966,35.3586,9.1794,27.37,36.2105
467.0,935.0,9.2496,38.1414,98.68,190.9882,0.0217,0.0003,99.2871,217.8282,49.0863,-16.6339,0.0,0.0001,1.886,-0.0005,6.3993,35.3594,9.1416,27.3767,36.2188
468.0,937.0,9.2132,38.0954,98.68,187.1897,0.0201,0.0003,99.3133,217.8283,49.0863,-16.6339,0.0,0.0001,1.8705,-0.0064,6.4322,35.3462,9.1052,27.3723,36.2162
469.0,939.0,9.0994,37.991,49.7489,186.763,0.0196,0.0003,99.3423,217.8283,49.0863,-16.6339,0.0,0.0001,1.8659,-0.0051,6.4268,35.3485,8.9918,27.3925,36.2413
470.0,941.0,9.0894,37.9818,98.7,187.1194,0.0226,0.0003,99.3432,217.8283,49.0863,-16.6339,0.0,0.0001,1.8613,-0.0029,6.4134,35.3477,8.9817,27.3936,36.2428
471.0,943.0,9.0812,37.9746,96.8978,188.7986,0.0245,0.0003,99.332,217.8283,49.0863,-16.6339,0.0,0.0001,1.8621,-0.0001,6.4263,35.3477,8.9732,27.3949,36.2445
472.0,945.0,9.0994,37.9953,98.6443,187.6521,0.0225,0.0003,99.3384,217.8284,49.0863,-16.6339,0.0,0.0001,1.8579,-0.0023,6.4375,35.3507,8.9913,27.3943,36.2432
473.0,947.0,9.0767,37.971,98.68,186.8877,0.0231,0.0003,99.3462,217.8284,49.0863,-16.6339,0.0,0.0001,1.8549,-0.0028,6.4377,35.3468,8.9684,27.3949,36.2448
474.0,949.0,9.0544,37.9506,98.68,187.0221,0.023,0.0003,99.3492,217.8284,49.0863,-16.6339,0.0,0.0001,1.8529,-0.0017,6.4357,35.3465,8.9459,27.3983,36.2492
475.0,951.0,9.054,37.951,98.68,187.2477,0.0244,0.0003,99.3575,217.8284,49.0863,-16.6339,0.0,0.0001,1.851,-0.0008,6.431,35.3463,8.9454,27.3983,36.2492
476.0,953.0,9.0515,37.9491,92.4743,188.0161,0.0237,0.0003,99.34,217.8285,49.0863,-16.6339,0.0,0.0001,1.8498,0.0001,6.4372,35.3463,8.9428,27.3987,36.2497
477.0,955.0,9.0567,37.9545,93.7244,187.0528,0.0212,0.0003,99.342,217.8285,49.0863,-16.6339,0.0,0.0001,1.8486,-0.0022,6.4556,35.3461,8.9477,27.3977,36.2485
478.0,957.0,9.0245,37.9237,98.68,186.5787,0.0215,0.0002,99.3709,217.8285,49.0863,-16.6339,0.0,0.0001,1.8464,-0.0024,6.4529,35.3448,8.9155,27.4019,36.2541
479.0,959.0,8.9464,37.846,98.68,186.5805,0.023,0.0002,99.3721,217.8285,49.0863,-16.6339,0.0,0.0001,1.8443,-0.0013,6.4396,35.3396,8.8376,27.4104,36.2661
480.0,961.0,8.9145,37.8167,98.6695,187.9308,0.0237,0.0002,99.363,217.8286,49.0863,-16.6339,0.0,0.0001,1.8475,0.0005,6.4476,35.3394,8.8056,27.4153,36.2724
481.0,963.0,8.9672,37.8691,98.68,186.3552,0.0238,0.0002,99.3781,217.8286,49.0863,-16.6339,0.0,0.0001,1.8411,-0.0029,6.4706,35.3416,8.8579,27.4087,36.2635
482.0,965.0,8.8447,37.7494,75.392,185.9233,0.0203,0.0002,99.386,217.8286,49.0863,-16.6339,0.0,0.0001,1.837,-0.0024,6.4737,35.3364,8.7358,27.4241,36.2843
483.0,967.0,8.8231,37.7281,98.68,186.2747,0.0233,0.0003,99.3767,217.8287,49.0863,-16.6339,0.0,0.0001,1.8339,-0.0013,6.4762,35.3344,8.7141,27.426,36.2872
484.0,969.0,8.8009,37.7078,91.6441,186.3878,0.0242,0.0002,99.4018,217.8287,49.0863,-16.6339,0.0,0.0001,1.8334,-0.0008,6.477,35.3343,8.692,27.4294,36.2915
485.0,971.0,8.7821,37.6908,98.68,186.6669,0.0248,0.0002,99.4048,217.8287,49.0863,-16.6339,0.0,0.0001,1.8331,-0.0001,6.4767,35.3342,8.673,27.4323,36.2953
486.0,973.0,8.7599,37.6703,98.5615,186.3923,0.0221,0.0002,99.407,217.8287,49.0863,-16.6339,0.0,0.0001,1.8308,-0.0007,6.4854,35.3337,8.6508,27.4355,36.2995
487.0,975.0,8.7241,37.6373,98.68,186.3194,0.0255,0.0002,99.407,217.8288,49.0863,-16.6339,0.0,0.0001,1.8278,-0.0006,6.4902,35.3338,8.615,27.4412,36.3067
488.0,977.0,8.7036,37.6175,98.68,186.1334,0.0211,0.0002,99.4248,217.8288,49.0863,-16.6339,0.0,0.0001,1.8278,-0.0007,6.4899,35.3323,8.5943,27.4432,36.3097
489.0,979.0,8.6921,37.6071,56.5476,186.0389,0.0196,0.0002,99.407,217.8288,49.0863,-16.6339,0.0,0.0001,1.8266,-0.0006,6.4864,35.3316,8.5826,27.4446,36.3116
490.0,981.0,8.6589,37.5778,94.9279,186.4995,0.019,0.0002,99.407,217.8288,49.0863,-16.6339,0.0,0.0001,1.826,-0.0002,6.4968,35.3328,8.5495,27.4507,36.3192
491.0,983.0,8.6436,37.5631,98.2386,186.7245,0.0209,0.0002,99.4082,217.8289,49.0864,-16.6339,0.0,0.0001,1.8266,-0.0001,6.5007,35.3317,8.534,27.4523,36.3214
492.0,985.0,8.6562,37.573,85.5658,185.771,0.0187,0.0002,99.4272,217.8289,49.0863,-16.6339,0.0,0.0001,1.8242,-0.0017,6.5091,35.329,8.5464,27.4482,36.3169
493.0,987.0,8.5762,37.5007,91.3232,185.4881,0.021,0.0002,99.4359,217.8289,49.0863,-16.6339,0.0,0.0001,1.8217,-0.0018,6.5079,35.3315,8.4668,27.4626,36.3348
494.0,989.0,8.5677,37.4947,98.68,186.1344,0.024,0.0002,99.4359,217.829,49.0863,-16.6339,0.0,0.0001,1.8217,-0.0004,6.5059,35.3323,8.458,27.4646,36.3372
495.0,991.0,8.5643,37.4924,98.68,186.3912,0.0238,0.0002,99.4204,217.829,49.0863,-16.6339,0.0,0.0001,1.8215,-0.0001,6.5094,35.3323,8.4544,27.4652,36.3379
496.0,993.0,8.569,37.4976,98.68,186.2275,0.0216,0.0002,99.4208,217.829,49.0863,-16.6339,0.0,0.0001,1.8217,-0.0003,6.5082,35.3324,8.4589,27.4646,36.3371
497.0,995.0,8.5625,37.4925,90.6057,186.5584,0.0244,0.0002,99.4409,217.8291,49.0863,-16.6339,0.0,0.0001,1.8215,0.0001,6.5104,35.3325,8.4522,27.4657,36.3385
498.0,997.0,8.5575,37.49,96.2331,186.4752,0.0271,0.0002,99.4482,217.8291,49.0863,-16.6339,0.0,0.0001,1.8211,-0.0002,6.5135,35.3339,8.447,27.4676,36.3406
499.0,999.0,8.5459,37.4801,98.2782,186.6019,0.024,0.0002,99.4629,217.8291,49.0863,-16.6339,0.0,0.0001,1.8215,0.0,6.5135,35.3341,8.4352,27.4696,36.3431
500.0,1001.0,8.5276,37.4647,91.7863,186.5444,0.0215,0.0002,99.4379,217.8292,49.0863,-16.6339,0.0,0.0001,1.8207,-0.0001,6.5135,35.3349,8.4167,27.4731,36.3474
501.0,1003.0,8.5314,37.4687,89.4561,186.3862,0.022,0.0002,99.4551,217.8292,49.0863,-16.6339,0.0,0.0001,1.8184,-0.0007,6.5258,35.3345,8.4202,27.4722,36.3464
502.0,1005.0,8.4934,37.435,98.68,186.2108,0.0233,0.0002,99.4556,217.8292,49.0863,-16.6339,0.0,0.0001,1.8173,-0.0005,6.5192,35.336,8.3824,27.4793,36.3551
503.0,1007.0,8.4529,37.3949,98.68,186.8025,0.0225,0.0002,99.4542,217.8293,49.0863,-16.6339,0.0,0.0001,1.8192,0.0001,6.5196,35.3329,8.3419,27.4831,36.3608
504.0,1009.0,8.4178,37.3625,97.5264,186.8099,0.0206,0.0002,99.3842,217.8301,49.0863,-16.634,0.0,0.0001,1.8181,-0.0003,6.5337,35.3324,8.3068,27.4882,36.3674
505.0,1011.0,8.4061,37.352,95.1705,186.9585,0.0222,0.0002,99.405,217.83,49.0863,-16.634,0.0,0.0001,1.8183,0.0,6.5322,35.3323,8.295,27.4899,36.3697
506.0,1013.0,8.3837,37.331,96.5214,187.0629,0.0225,0.0004,99.0686,217.8306,49.0863,-16.634,0.0,0.0001,1.8181,0.0003,6.5349,35.3318,8.2726,27.4929,36.3737
