Datacycle,press,temp,cond,alt,oxygen,fluor,atten,trans,jday,lat,lon,PAR,UPAR,oxV,oxdVdt,oxysat,salin,potemp,sigma0,sigma2
1.0,1.0,16.0581,44.672,5.4664,242.376,0.4406,0.0029,92.8104,206.2676,49.4535,-15.8103,0.0,0.0001,2.7286,-0.0014,5.5478,35.633,16.0579,26.2214,34.7914
2.0,3.0,16.0581,44.6727,9.1499,243.0645,0.4319,0.0029,92.8449,206.2676,49.4536,-15.8103,0.0,0.0001,2.7301,0.0004,5.5478,35.6331,16.0576,26.2215,34.7916
3.0,5.0,16.0584,44.6739,48.4003,243.0419,0.4272,0.0029,92.9053,206.2677,49.4536,-15.8103,0.0,0.0001,2.7303,0.0,5.5478,35.6333,16.0576,26.2217,34.7917
4.0,7.0,16.0587,44.6755,92.3408,243.1627,0.4326,0.0029,92.8936,206.2678,49.4536,-15.8103,0.0,0.0001,2.7318,-0.0002,5.5477,35.6335,16.0576,26.2218,34.7918
5.0,9.0,16.0591,44.6767,98.71,242.9967,0.4351,0.0029,92.8981,206.2678,49.4536,-15.8102,0.0,0.0001,2.7298,-0.0001,5.5476,35.6333,16.0577,26.2216,34.7917
6.0,11.0,16.0599,44.6782,97.9943,242.9589,0.4405,0.0029,92.9093,206.2679,49.4536,-15.8102,0.0,0.0001,2.7294,-0.0003,5.5477,35.6331,16.0581,26.2214,34.7914
7.0,13.0,16.0592,44.6782,77.3673,242.5744,0.442,0.0029,92.9256,206.2679,49.4537,-15.8102,0.0,0.0001,2.725,-0.0005,5.5476,35.6329,16.057,26.2215,34.7916
8.0,15.0,16.0607,44.6806,94.3157,242.219,0.4448,0.0029,92.9121,206.268,49.4537,-15.8102,0.0,0.0001,2.723,-0.0013,5.5474,35.633,16.0584,26.2213,34.7913
9.0,17.0,16.0623,44.683,98.71,241.9338,0.4446,0.0029,92.9316,206.268,49.4537,-15.8102,0.0,0.0001,2.7185,-0.001,5.5477,35.6329,16.0595,26.2209,34.7909
10.0,19.0,16.0626,44.6842,85.12,242.1421,0.4373,0.0029,92.904,206.268,49.4537,-15.8102,0.0,0.0001,2.7176,-0.0001,5.5499,35.633,16.0596,26.221,34.791
11.0,21.0,16.031,44.657,91.916,242.7186,0.4421,0.0029,92.9021,206.2681,49.4537,-15.8101,0.0,0.0001,2.7196,0.001,5.5514,35.6361,16.0276,26.2307,34.8017
12.0,23.0,16.0384,44.6633,98.7062,243.0807,0.4536,0.0029,92.9175,206.2681,49.4537,-15.8101,0.0,0.0001,2.7212,-0.0005,5.5717,35.6345,16.0348,26.2279,34.7987
13.0,25.0,15.863,44.4954,98.7017,244.1791,0.5105,0.0028,93.1942,206.2681,49.4537,-15.8101,0.0,0.0001,2.7228,0.0018,5.5775,35.6413,15.859,26.2734,34.8502
14.0,27.0,15.774,44.4084,87.9525,243.5245,0.6793,0.0026,93.5822,206.2682,49.4537,-15.8101,0.0,0.0001,2.7183,-0.0015,5.5907,35.6426,15.7698,26.2948,34.8747
15.0,29.0,15.6572,44.2995,98.71,241.8944,0.7659,0.0028,93.1114,206.2682,49.4537,-15.8101,0.0,0.0001,2.7019,-0.0073,5.6309,35.6493,15.6526,26.3266,34.9106
16.0,31.0,15.2423,43.9083,79.4241,237.0505,0.8713,0.0025,94.1095,206.2682,49.4537,-15.8101,0.0,0.0001,2.6565,-0.0161,5.6978,35.6709,15.2376,26.4364,35.0347
17.0,33.0,14.6746,43.351,88.413,232.4743,0.7079,0.0015,96.3976,206.2683,49.4538,-15.8101,0.0,0.0001,2.6082,-0.0151,5.7124,35.6794,14.6697,26.5684,35.1869
18.0,35.0,14.2656,42.9849,86.5464,237.2379,0.5018,0.0011,97.2898,206.2683,49.4538,-15.8101,0.0,0.0001,2.6049,-0.0003,5.7595,35.717,14.2604,26.6859,35.3188
19.0,37.0,14.416,43.1076,98.7044,231.5314,0.3359,0.0009,97.7978,206.2683,49.4538,-15.8101,0.0,0.0001,2.5711,-0.0139,5.8016,35.691,14.4106,26.6329,35.2607
20.0,39.0,13.6451,42.3844,91.992,233.7046,0.2604,0.0007,98.2881,206.2684,49.4538,-15.81,0.0,0.0001,2.5577,-0.0039,5.8418,35.7304,13.6396,26.8276,35.4833
21.0,41.0,13.4855,42.2238,83.1333,231.4326,0.2089,0.0005,98.6131,206.2684,49.4538,-15.81,0.0,0.0001,2.5431,-0.0056,5.8352,35.7275,13.4797,26.8585,35.5203
22.0,43.0,13.4308,42.1777,98.6979,232.9573,0.1799,0.0005,98.7439,206.2684,49.4538,-15.81,0.0,0.0001,2.5417,-0.0008,5.8488,35.734,13.4248,26.875,35.5387
23.0,45.0,13.4269,42.1745,64.6285,232.2492,0.1755,0.0005,98.8355,206.2685,49.4538,-15.81,0.0,0.0001,2.5353,-0.0022,5.8587,35.7339,13.4207,26.8757,35.5396
24.0,47.0,13.322,42.0772,94.3645,231.9033,0.1525,0.0004,98.959,206.2685,49.4538,-15.81,0.0,0.0001,2.5291,-0.0022,5.867,35.7391,13.3154,26.9014,35.5692
25.0,49.0,13.244,41.9984,84.5599,231.9861,0.1218,0.0003,99.1683,206.2685,49.4538,-15.81,0.0,0.0001,2.5251,-0.0011,5.8727,35.7368,13.2372,26.9157,35.5864
26.0,51.0,13.2067,41.9631,98.7025,231.9212,0.0997,0.0003,99.2979,206.2686,49.4538,-15.81,0.0,0.0001,2.5228,-0.001,5.8763,35.7374,13.1996,26.9238,35.596
27.0,53.0,13.1737,41.9266,98.698,232.1694,0.0928,0.0002,99.4174,206.2686,49.4538,-15.81,0.0,0.0001,2.5218,-0.0001,5.8789,35.7328,13.1663,26.927,35.6006
28.0,55.0,13.1563,41.9127,88.6915,232.0942,0.0867,0.0002,99.4755,206.2686,49.4538,-15.8099,0.0,0.0001,2.5215,-0.0004,5.8794,35.7349,13.1486,26.9323,35.6065
29.0,57.0,13.1522,41.9112,98.7002,232.1043,0.0777,0.0002,99.5308,206.2687,49.4539,-15.8099,0.0,0.0001,2.5201,-0.0002,5.8808,35.7365,13.1443,26.9344,35.6087
30.0,59.0,13.1387,41.896,84.4436,231.7171,0.0787,0.0002,99.5634,206.2687,49.4539,-15.8099,0.0,0.0001,2.5174,-0.001,5.8827,35.7339,13.1305,26.9352,35.6101
31.0,61.0,13.1084,41.8656,95.0834,232.5598,0.0707,0.0001,99.6235,206.2687,49.4539,-15.8099,0.0,0.0001,2.5191,0.0012,5.8849,35.7324,13.0998,26.9403,35.6164
32.0,63.0,13.1094,41.8673,98.7005,231.6368,0.0726,0.0001,99.6461,206.2688,49.4539,-15.8099,0.0,0.0001,2.5152,-0.0017,5.8899,35.7325,13.1007,26.9402,35.6162
33.0,65.0,13.0744,41.831,98.6254,231.3637,0.0625,0.0001,99.7203,206.2688,49.4539,-15.8099,0.0,0.0001,2.5119,-0.0012,5.8877,35.7302,13.0654,26.9456,35.623
34.0,67.0,13.0652,41.8234,98.6939,231.3469,0.058,0.0001,99.7227,206.2688,49.4539,-15.8099,0.0,0.0001,2.5096,-0.001,5.8923,35.7306,13.0559,26.9478,35.6256
35.0,69.0,13.0398,41.7976,98.71,231.8175,0.0528,0.0001,99.8112,206.2689,49.4539,-15.8099,0.0,0.0001,2.5091,0.0007,5.8929,35.7288,13.0303,26.9516,35.6304
36.0,71.0,13.0431,41.8024,79.301,231.7112,0.0504,0.0001,99.8305,206.2689,49.4539,-15.8099,0.0,0.0001,2.5092,-0.0001,5.8944,35.7297,13.0334,26.9517,35.6304
37.0,73.0,13.0328,41.7923,96.2155,231.79,0.0464,0.0001,99.8718,206.2689,49.4539,-15.8098,0.0,0.0001,2.5088,0.0,5.8952,35.7288,13.0227,26.9532,35.6322
38.0,75.0,13.0268,41.7865,98.5001,231.3466,0.0473,0.0,99.8971,206.269,49.4539,-15.8098,0.0,0.0001,2.5062,-0.001,5.8968,35.7281,13.0164,26.9539,35.6332
39.0,77.0,13.0155,41.7756,98.6983,231.7758,0.0455,0.0,99.9226,206.269,49.4539,-15.8098,0.0,0.0001,2.5064,0.0002,5.8979,35.7273,13.0049,26.9557,35.6354
40.0,79.0,13.0098,41.7701,98.7025,232.1358,0.042,0.0,99.9267,206.269,49.4539,-15.8098,0.0,0.0001,2.5079,0.0007,5.8984,35.7267,12.9989,26.9564,35.6363
41.0,81.0,12.9933,41.7536,85.0684,232.0235,0.0417,0.0,99.9416,206.2691,49.4539,-15.8098,0.0,0.0001,2.5075,-0.0001,5.9006,35.7256,12.9821,26.9589,35.6395
42.0,83.0,12.9839,41.7447,93.3196,231.8315,0.0394,0.0,99.9778,206.2691,49.4539,-15.8098,0.0,0.0001,2.5061,-0.0007,5.9022,35.7251,12.9725,26.9605,35.6415
43.0,85.0,12.9715,41.7324,98.7025,231.8726,0.0367,0.0,99.99,206.2691,49.4539,-15.8098,0.0,0.0001,2.5047,-0.0002,5.9036,35.7241,12.9598,26.9623,35.6438
44.0,87.0,12.9508,41.7111,98.6996,231.6908,0.0315,0.0,100.0077,206.2692,49.4539,-15.8098,0.0,0.0001,2.5033,-0.0011,5.9076,35.7223,12.9389,26.9651,35.6474
45.0,89.0,12.9311,41.6888,34.4172,231.3501,0.0369,0.0,100.0192,206.2692,49.454,-15.8098,0.0,0.0001,2.5001,-0.001,5.906,35.7188,12.9189,26.9664,35.6496
46.0,91.0,12.9252,41.6831,94.2147,231.7716,0.0315,0.0,100.0419,206.2692,49.454,-15.8097,0.0,0.0001,2.5005,-0.0001,5.9089,35.7178,12.9127,26.9669,35.6503
47.0,93.0,12.9296,41.6881,98.7025,231.4582,0.0322,0.0,100.0333,206.2693,49.454,-15.8097,0.0,0.0001,2.498,-0.0009,5.9122,35.7179,12.9168,26.9661,35.6494
48.0,95.0,12.8962,41.6509,98.705,231.5346,0.0341,0.0,100.0433,206.2693,49.454,-15.8097,0.0,0.0001,2.4968,-0.0006,5.9154,35.7129,12.8831,26.9691,35.6536
49.0,97.0,12.8652,41.6161,98.7,231.2979,0.0345,0.0,100.0531,206.2693,49.454,-15.8097,0.0,0.0001,2.4938,-0.0009,5.9193,35.7078,12.852,26.9714,35.6572
50.0,99.0,12.8361,41.5839,90.4927,231.8832,0.0315,0.0,100.0499,206.2694,49.454,-15.8097,0.0,0.0001,2.495,0.0004,5.921,35.7035,12.8225,26.9739,35.661
51.0,101.0,12.827,41.5742,98.7001,231.4181,0.0295,0.0,99.9514,206.2694,49.454,-15.8097,0.0,0.0001,2.493,-0.0008,5.9217,35.702,12.8132,26.9746,35.662
52.0,103.0,12.8208,41.5675,98.71,231.4039,0.0341,0.0,100.0566,206.2694,49.454,-15.8097,0.0,0.0001,2.4915,-0.0005,5.9221,35.7006,12.8067,26.9749,35.6626
53.0,105.0,12.7984,41.5428,81.072,231.6473,0.0311,0.0,100.0638,206.2695,49.454,-15.8097,0.0,0.0001,2.4916,-0.0003,5.9256,35.6972,12.784,26.9768,35.6654
54.0,107.0,12.7837,41.5269,98.7927,231.9481,0.0327,0.0,100.0695,206.2695,49.454,-15.8097,0.0,0.0001,2.4917,0.0007,5.9246,35.6948,12.7691,26.9779,35.6671
55.0,109.0,12.8143,41.5635,95.949,231.5416,0.0309,0.0,100.0602,206.2696,49.454,-15.8096,0.0,0.0001,2.4901,-0.0003,5.9255,35.7002,12.7994,26.976,35.664
56.0,111.0,12.7739,41.5176,98.6833,231.4231,0.0315,0.0,100.0645,206.2697,49.454,-15.8096,0.0,0.0001,2.4876,-0.0004,5.9292,35.6935,12.7588,26.9789,35.6685
57.0,113.0,12.7612,41.5038,89.7721,231.325,0.0295,0.0,100.0645,206.2697,49.454,-15.8096,0.0,0.0001,2.4858,-0.0004,5.9312,35.6915,12.7458,26.98,35.6701
58.0,115.0,12.7465,41.4877,80.1502,230.8226,0.0295,0.0,100.0711,206.2698,49.454,-15.8096,0.0,0.0001,2.4825,-0.0012,5.9318,35.6889,12.7308,26.981,35.6717
59.0,117.0,12.7404,41.4819,89.9088,231.6068,0.0294,0.0,100.0465,206.2698,49.454,-15.8095,0.0,0.0001,2.4841,0.0004,5.9347,35.6881,12.7244,26.9817,35.6727
60.0,119.0,12.7235,41.4615,98.71,230.7054,0.032,0.0,100.0665,206.2698,49.454,-15.8095,0.0,0.0001,2.4801,-0.0019,5.9369,35.6837,12.7073,26.9816,35.6734
61.0,121.0,12.6877,41.4219,98.7006,231.1129,0.0294,0.0,100.0672,206.2699,49.454,-15.8095,0.0,0.0001,2.4797,-0.0002,5.9381,35.6786,12.6712,26.9848,35.6781
62.0,123.0,12.6827,41.4163,98.692,231.0858,0.0293,0.0,100.0467,206.2699,49.454,-15.8095,0.0,0.0001,2.4783,-0.0008,5.9442,35.6772,12.666,26.9848,35.6782
63.0,125.0,12.6384,41.366,98.68,230.9433,0.0251,0.0,100.0615,206.2699,49.454,-15.8095,0.0,0.0001,2.4756,-0.0006,5.9472,35.6696,12.6214,26.9878,35.683
64.0,127.0,12.6305,41.3561,98.7079,230.7637,0.0271,0.0,100.0601,206.27,49.454,-15.8095,0.0,0.0001,2.4725,-0.0006,5.9466,35.6669,12.6133,26.9873,35.6829
65.0,129.0,12.61,41.334,71.8979,231.1427,0.0296,0.0,100.0561,206.27,49.454,-15.8095,0.0,0.0001,2.4735,-0.0001,5.9521,35.664,12.5926,26.9892,35.6856
66.0,131.0,12.5879,41.3092,91.4808,230.7259,0.0309,0.0,100.0477,206.27,49.454,-15.8095,0.0,0.0001,2.4708,-0.0011,5.9559,35.6602,12.5702,26.9907,35.688
67.0,133.0,12.5576,41.2751,97.3655,230.6438,0.0313,0.0,100.0403,206.2701,49.454,-15.8094,0.0,0.0001,2.4691,-0.0009,5.9579,35.655,12.5397,26.9927,35.6913
68.0,135.0,12.5412,41.2572,98.6089,230.9762,0.0297,0.0,100.0518,206.2701,49.4541,-15.8094,0.0,0.0001,2.4691,0.0,5.9589,35.6524,12.5231,26.9939,35.6932
69.0,137.0,12.5367,41.2534,98.6925,230.7654,0.0272,0.0,100.044,206.2701,49.4541,-15.8094,0.0,0.0001,2.4667,-0.0004,5.9578,35.6521,12.5182,26.9947,35.6942
70.0,139.0,12.5362,41.2533,80.5653,231.117,0.0302,0.0,100.0396,206.2702,49.4541,-15.8094,0.0,0.0001,2.4679,0.0,5.9623,35.6515,12.5174,26.9944,35.6939
71.0,141.0,12.5146,41.2294,98.7069,230.5491,0.033,0.0,100.0324,206.2702,49.4541,-15.8094,0.0,0.0001,2.4643,-0.0015,5.968,35.6482,12.4956,26.9961,35.6965
72.0,143.0,12.4692,41.1773,94.7673,230.7652,0.0306,0.0,100.0374,206.2702,49.4541,-15.8094,0.0,0.0001,2.4637,-0.0006,5.971,35.64,12.45,26.9987,35.701
73.0,145.0,12.4382,41.1432,98.71,230.9465,0.0281,0.0,100.0344,206.2703,49.4541,-15.8094,0.0,0.0001,2.4619,-0.0002,5.9749,35.6356,12.4188,27.0015,35.705
74.0,147.0,12.4095,41.1112,47.5697,230.757,0.0261,0.0,100.0422,206.2703,49.4541,-15.8094,0.0,0.0001,2.46,-0.0006,5.9778,35.6308,12.3898,27.0035,35.7082
75.0,149.0,12.3898,41.0895,91.7999,230.2577,0.0289,0.0,100.0356,206.2703,49.4541,-15.8093,0.0,0.0001,2.4564,-0.0014,5.9797,35.6277,12.3699,27.005,35.7106
76.0,151.0,12.3755,41.0742,98.7067,230.4654,0.0291,0.0,100.0324,206.2704,49.4541,-15.8093,0.0,0.0001,2.454,-0.0004,5.9851,35.6255,12.3553,27.0061,35.7123
77.0,153.0,12.3336,41.0281,98.705,229.095,0.0233,0.0,100.0307,206.2704,49.4541,-15.8093,0.0,0.0001,2.4472,-0.003,5.988,35.6197,12.3132,27.0099,35.7178
78.0,155.0,12.3027,40.9946,98.695,229.5663,0.0259,0.0,100.0376,206.2704,49.4541,-15.8093,0.0,0.0001,2.4445,-0.0004,5.9873,35.6157,12.282,27.0128,35.722
79.0,157.0,12.3026,40.9957,75.7721,229.3858,0.0303,0.0,100.0109,206.2705,49.4541,-15.8093,0.0,0.0001,2.4424,-0.001,5.9945,35.6162,12.2817,27.0133,35.7225
80.0,159.0,12.2639,40.9521,98.68,230.0756,0.0318,0.0,100.026,206.2705,49.4541,-15.8093,0.0,0.0001,2.4417,0.0009,5.9978,35.6097,12.2428,27.0158,35.7266
81.0,161.0,12.2409,40.9272,98.705,229.8078,0.0285,0.0,100.0238,206.2705,49.4541,-15.8093,0.0,0.0001,2.4421,0.0,5.9962,35.6064,12.2195,27.0178,35.7296
82.0,163.0,12.2336,40.9197,75.655,229.9848,0.0294,0.0,100.0219,206.2706,49.4541,-15.8093,0.0,0.0001,2.4419,0.0,5.9996,35.6052,12.212,27.0183,35.7304
83.0,165.0,12.2266,40.9158,95.9293,231.0082,0.0294,0.0,100.0257,206.2706,49.4541,-15.8092,0.0,0.0001,2.446,0.0017,6.0003,35.6071,12.2047,27.0212,35.7336
84.0,167.0,12.221,40.9107,96.7599,232.3069,0.0293,0.0,100.0187,206.2706,49.4541,-15.8092,0.0,0.0001,2.4529,0.0029,6.004,35.6067,12.1989,27.022,35.7346
85.0,169.0,12.1835,40.8668,98.71,233.1576,0.0253,0.0,100.0165,206.2707,49.4541,-15.8092,0.0,0.0001,2.4597,0.0021,6.0105,35.5989,12.1612,27.0233,35.7374
86.0,171.0,12.1414,40.8187,86.9103,234.2477,0.0253,0.0,100.0079,206.2707,49.4541,-15.8092,0.0,0.0001,2.4675,0.0026,6.008,35.5909,12.1189,27.0253,35.7412
87.0,173.0,12.15,40.8295,98.7085,232.9266,0.0285,0.0,100.0093,206.2707,49.4541,-15.8092,0.0,0.0001,2.4638,-0.0018,6.0175,35.5925,12.1272,27.0249,35.7405
88.0,175.0,12.0888,40.7583,98.7034,236.1824,0.0255,0.0,100.0133,206.2708,49.4541,-15.8092,0.0,0.0001,2.4742,0.0047,6.0214,35.5804,12.0658,27.0274,35.7456
89.0,177.0,12.0582,40.7238,79.0235,237.5032,0.0264,0.0,100.0091,206.2708,49.4541,-15.8092,0.0,0.0001,2.4867,0.0036,6.0246,35.5749,12.0349,27.0291,35.7486
90.0,179.0,12.0372,40.6998,98.7418,238.1325,0.0266,0.0,100.0018,206.2708,49.4541,-15.8092,0.0,0.0001,2.4938,0.0022,6.0276,35.5707,12.0136,27.0299,35.7502
91.0,181.0,12.0142,40.6746,68.684,238.3384,0.0291,0.0,100.0112,206.2709,49.4541,-15.8091,0.0,0.0001,2.4978,0.0009,6.0284,35.5672,11.9904,27.0317,35.753
92.0,183.0,12.0114,40.6722,57.2662,238.5233,0.0268,0.0,100.0133,206.2709,49.4542,-15.8091,0.0,0.0001,2.4994,0.0009,6.0276,35.5666,11.9873,27.0318,35.7533
93.0,185.0,12.0059,40.6667,94.4279,238.2353,0.0279,0.0,100.0066,206.2709,49.4542,-15.8091,0.0,0.0001,2.4985,-0.0002,6.0296,35.5656,11.9816,27.0321,35.7538
94.0,187.0,12.0021,40.6637,98.71,238.6022,0.0289,0.0,100.0103,206.271,49.4542,-15.8091,0.0,0.0001,2.4996,0.0004,6.0293,35.5653,11.9776,27.0327,35.7545
95.0,189.0,12.0028,40.6658,98.7025,237.9169,0.0279,0.0,100.0099,206.271,49.4542,-15.8091,0.0,0.0001,2.4972,-0.0011,6.029,35.5659,11.978,27.033,35.7549
96.0,191.0,12.0083,40.6741,98.621,237.6161,0.0288,0.0,100.0098,206.271,49.4542,-15.8091,0.0,0.0001,2.494,-0.0011,6.0296,35.568,11.9833,27.0337,35.7552
97.0,193.0,12.0009,40.6685,98.71,235.7748,0.0248,0.0,99.9917,206.2711,49.4542,-15.8091,0.0,0.0001,2.4841,-0.0036,6.0296,35.5686,11.9756,27.0357,35.7575
98.0,195.0,12.0014,40.672,73.1961,235.6638,0.0253,0.0,99.9917,206.2711,49.4542,-15.8091,0.0,0.0001,2.478,-0.0017,6.0292,35.5707,11.9759,27.0372,35.759
99.0,197.0,12.0033,40.6769,87.9433,235.7373,0.0286,0.0,99.9845,206.2712,49.4542,-15.8091,0.0,0.0001,2.4754,-0.0006,6.0297,35.5727,11.9774,27.0385,35.7602
100.0,199.0,11.9984,40.6728,94.1473,235.0353,0.0245,0.0,99.9748,206.2712,49.4542,-15.8091,0.0,0.0001,2.4718,-0.0018,6.0317,35.5726,11.9723,27.0394,35.7613
101.0,201.0,11.9823,40.6566,93.9676,234.7855,0.0295,0.0,99.9583,206.2712,49.4542,-15.8091,0.0,0.0001,2.4672,-0.0011,6.0311,35.5711,11.9559,27.0413,35.764
102.0,203.0,11.9799,40.6552,89.5935,234.7936,0.0286,0.0,99.9481,206.2713,49.4542,-15.809,0.0,0.0001,2.4655,-0.0008,6.0326,35.5712,11.9533,27.0419,35.7646
103.0,205.0,11.975,40.6533,98.695,234.9692,0.0318,0.0,99.9597,206.2713,49.4542,-15.809,0.0,0.0001,2.465,0.0,6.0325,35.573,11.9481,27.0443,35.7672
104.0,207.0,11.9754,40.6544,98.7062,234.7364,0.0236,0.0,99.9585,206.2713,49.4542,-15.809,0.0,0.0001,2.4642,-0.0007,6.0346,35.5732,11.9483,27.0444,35.7673
105.0,209.0,11.9529,40.6334,32.0722,235.6634,0.0235,0.0,99.9623,206.2714,49.4542,-15.809,0.0,0.0001,2.4651,0.0016,6.0348,35.5729,11.9255,27.0486,35.7724
106.0,211.0,11.9528,40.6347,91.651,235.5023,0.0234,0.0,99.9532,206.2714,49.4542,-15.809,0.0,0.0001,2.466,0.0002,6.0375,35.5735,11.9252,27.0491,35.7729
107.0,213.0,11.9364,40.619,98.7025,236.1366,0.0239,0.0,99.9758,206.2714,49.4542,-15.809,0.0,0.0001,2.4689,0.0011,6.0388,35.5728,11.9085,27.0518,35.7763
108.0,215.0,11.9282,40.6116,98.71,235.7033,0.026,0.0,99.9556,206.2715,49.4542,-15.809,0.0,0.0001,2.4676,-0.0004,6.0402,35.5726,11.9001,27.0532,35.778
109.0,217.0,11.9166,40.5995,69.4064,235.6411,0.0266,0.0,99.9551,206.2715,49.4542,-15.809,0.0,0.0001,2.4659,-0.0005,6.0417,35.5709,11.8882,27.0542,35.7795
110.0,219.0,11.9034,40.5861,92.9922,235.7551,0.0252,0.0,99.9556,206.2715,49.4542,-15.809,0.0,0.0001,2.4656,-0.0002,6.0439,35.5696,11.8748,27.0557,35.7816
111.0,221.0,11.8887,40.5697,98.71,234.778,0.0237,0.0,99.9556,206.2716,49.4543,-15.8089,0.0,0.0001,2.4605,-0.0019,6.0463,35.5666,11.8599,27.0563,35.7827
112.0,223.0,11.8703,40.5497,98.7025,234.559,0.0233,0.0,99.9533,206.2716,49.4543,-15.8089,0.0,0.0001,2.4566,-0.0015,6.048,35.5637,11.8412,27.0576,35.7849
113.0,225.0,11.8593,40.5374,59.2618,234.07,0.0245,0.0,99.9493,206.2716,49.4543,-15.8089,0.0,0.0001,2.4523,-0.0013,6.0449,35.5612,11.83,27.0578,35.7855
114.0,227.0,11.8338,40.5098,90.7216,233.6907,0.0273,0.0,99.9549,206.2717,49.4543,-15.8089,0.0,0.0001,2.4479,-0.002,6.0542,35.5576,11.8043,27.0599,35.7887
115.0,229.0,11.8044,40.4765,98.705,231.6805,0.027,0.0,99.9556,206.2717,49.4543,-15.8089,0.0,0.0001,2.4345,-0.0037,6.0547,35.5521,11.7746,27.0613,35.7913
116.0,231.0,11.8081,40.4821,98.695,232.2233,0.0245,0.0,99.9518,206.2717,49.4543,-15.8089,0.0,0.0001,2.4323,-0.001,6.0536,35.5531,11.7781,27.0614,35.7913
117.0,233.0,11.8227,40.5006,87.1629,231.8216,0.0239,0.0,99.9468,206.2718,49.4543,-15.8089,0.0,0.0001,2.4298,-0.001,6.0475,35.5566,11.7924,27.0613,35.7906
118.0,235.0,11.8677,40.5636,98.6938,230.6728,0.0211,0.0,99.9625,206.2718,49.4543,-15.8089,0.0,0.0001,2.423,-0.0021,6.0471,35.5744,11.837,27.0667,35.794
119.0,237.0,11.8692,40.5674,98.695,230.8303,0.0228,0.0,99.9534,206.2718,49.4543,-15.8089,0.0,0.0001,2.42,-0.0007,6.0468,35.5757,11.8382,27.0674,35.7947
120.0,239.0,11.8657,40.5634,73.891,230.3783,0.0246,0.0,99.9334,206.2719,49.4543,-15.8089,0.0,0.0001,2.4162,-0.0014,6.0514,35.5746,11.8346,27.0673,35.7946
121.0,241.0,11.8203,40.5113,98.6982,229.6591,0.021,0.0,99.9402,206.2719,49.4543,-15.8088,0.0,0.0001,2.4115,-0.0019,6.0512,35.5657,11.7889,27.0691,35.7984
122.0,243.0,11.8097,40.5008,98.6972,230.6186,0.0241,0.0,99.9297,206.2719,49.4543,-15.8088,0.0,0.0001,2.4125,0.0003,6.0558,35.5646,11.7781,27.0703,35.8001
123.0,245.0,11.7958,40.4874,98.6962,229.3609,0.0251,0.0,99.9549,206.272,49.4543,-15.8088,0.0,0.0001,2.4078,-0.0023,6.0568,35.564,11.7639,27.0726,35.8029
124.0,247.0,11.7859,40.4767,98.6989,229.7161,0.0242,0.0,99.9521,206.272,49.4543,-15.8088,0.0,0.0001,2.4056,-0.0006,6.0571,35.562,11.7538,27.0729,35.8037
125.0,249.0,11.7866,40.4786,98.6977,229.9993,0.0233,0.0,99.9157,206.272,49.4544,-15.8088,0.0,0.0001,2.4056,0.0001,6.0569,35.5625,11.7543,27.0732,35.8039
126.0,251.0,11.7867,40.4813,80.9233,230.177,0.0245,0.0,99.9222,206.2721,49.4544,-15.8088,0.0,0.0001,2.407,0.0002,6.056,35.564,11.754,27.0744,35.8051
127.0,253.0,11.7945,40.4936,91.8381,231.3886,0.0282,0.0,99.9034,206.2721,49.4544,-15.8088,0.0,0.0001,2.4109,0.0022,6.0557,35.5677,11.7616,27.0759,35.8062
128.0,255.0,11.811,40.517,98.6883,230.7681,0.0246,0.0,99.8919,206.2721,49.4544,-15.8088,0.0,0.0001,2.4115,-0.0002,6.0566,35.5739,11.7777,27.0776,35.8073
129.0,257.0,11.7916,40.4931,98.6089,229.832,0.0245,0.0,99.9267,206.2722,49.4544,-15.8088,0.0,0.0001,2.4062,-0.0021,6.0639,35.5682,11.7582,27.0769,35.8074
130.0,259.0,11.7406,40.4355,98.7019,229.447,0.0259,0.0,99.9301,206.2722,49.4544,-15.8087,0.0,0.0001,2.4008,-0.0022,6.0714,35.5595,11.7069,27.0798,35.8125
131.0,261.0,11.6804,40.363,87.8709,229.5043,0.0255,0.0,99.9267,206.2722,49.4544,-15.8087,0.0,0.0001,2.3977,-0.0008,6.0718,35.5449,11.6466,27.0799,35.8152
132.0,263.0,11.6837,40.3686,83.3889,229.2652,0.0276,0.0,99.9222,206.2723,49.4544,-15.8087,0.0,0.0001,2.3956,-0.0008,6.0708,35.5465,11.6497,27.0806,35.8157
133.0,265.0,11.6829,40.3698,94.8936,230.6937,0.0261,0.0,99.9267,206.2723,49.4544,-15.8087,0.0,0.0001,2.3994,0.0023,6.0696,35.5475,11.6486,27.0815,35.8167
134.0,267.0,11.686,40.375,98.5557,230.4396,0.0224,0.0,99.9085,206.2723,49.4544,-15.8087,0.0,0.0001,2.4011,0.0004,6.0705,35.5488,11.6514,27.0821,35.8171
135.0,269.0,11.6893,40.3831,98.71,230.7687,0.0244,0.0,99.9219,206.2724,49.4544,-15.8087,0.0,0.0001,2.4012,0.0007,6.07,35.5528,11.6545,27.0845,35.8194
136.0,271.0,11.6918,40.3878,98.7072,230.3512,0.0237,0.0,99.9127,206.2724,49.4544,-15.8087,0.0,0.0001,2.4014,-0.0004,6.0697,35.5541,11.6567,27.0852,35.8199
137.0,273.0,11.6921,40.3903,82.1012,230.4772,0.0204,0.0,99.9091,206.2724,49.4544,-15.8087,0.0,0.0001,2.4008,0.0001,6.0692,35.5555,11.6567,27.0862,35.8209
138.0,275.0,11.6987,40.3999,90.5286,230.9688,0.0209,0.0,99.8978,206.2725,49.4545,-15.8086,0.0,0.0001,2.4018,0.0008,6.0692,35.5576,11.663,27.0867,35.8211
139.0,277.0,11.7097,40.4162,98.7042,230.7336,0.0245,0.0,99.8919,206.2725,49.4545,-15.8086,0.0,0.0001,2.4029,0.0,6.0665,35.5621,11.6737,27.0882,35.8221
140.0,279.0,11.7094,40.4151,93.5055,230.3964,0.0229,0.0,99.8978,206.2725,49.4545,-15.8086,0.0,0.0001,2.4017,-0.0008,6.0661,35.5608,11.6732,27.0872,35.8212
141.0,281.0,11.7217,40.4328,69.4526,230.3573,0.0225,0.0,99.8913,206.2726,49.4545,-15.8086,0.0,0.0001,2.4005,-0.0006,6.0657,35.5653,11.6853,27.0885,35.8219
142.0,283.0,11.714,40.4256,92.291,230.4866,0.0237,0.0001,99.8738,206.2726,49.4545,-15.8086,0.0,0.0001,2.4003,-0.0003,6.0661,35.5648,11.6773,27.0896,35.8233
143.0,285.0,11.715,40.4298,98.692,230.2112,0.0221,0.0,99.8873,206.2726,49.4545,-15.8086,0.0,0.0001,2.398,-0.0007,6.0662,35.5671,11.6781,27.0913,35.825
144.0,287.0,11.7174,40.4344,98.71,230.9256,0.021,0.0001,99.8646,206.2727,49.4545,-15.8086,0.0,0.0001,2.4012,0.0007,6.0646,35.5682,11.6802,27.0917,35.8253
145.0,289.0,11.7255,40.4434,62.401,231.0772,0.023,0.0001,99.8491,206.2727,49.4545,-15.8086,0.0,0.0001,2.4013,-0.0001,6.0741,35.5687,11.688,27.0906,35.8239
146.0,291.0,11.701,40.4189,98.6888,230.5863,0.0224,0.0001,99.8629,206.2727,49.4545,-15.8085,0.0,0.0001,2.3993,-0.0012,6.0748,35.5672,11.6633,27.0941,35.8284
147.0,293.0,11.6323,40.3385,81.3642,230.7237,0.0224,0.0001,99.869,206.2728,49.4545,-15.8085,0.0,0.0001,2.3978,-0.0004,6.0754,35.5527,11.5945,27.0959,35.8331
148.0,295.0,11.6446,40.3556,92.5905,231.3009,0.0239,0.0001,99.8585,206.2728,49.4546,-15.8085,0.0,0.0001,2.3998,0.0007,6.0716,35.5569,11.6064,27.0968,35.8335
149.0,297.0,11.6838,40.4095,98.6964,231.4196,0.0215,0.0001,99.8559,206.2729,49.4546,-15.8085,0.0,0.0001,2.4012,0.0006,6.0707,35.5715,11.6454,27.1009,35.8358
150.0,299.0,11.6477,40.3658,98.7074,231.0967,0.0226,0.0001,99.8429,206.2729,49.4546,-15.8085,0.0,0.0001,2.3996,-0.0006,6.0767,35.5623,11.609,27.1005,35.8371
151.0,301.0,11.6331,40.3468,98.7008,230.5484,0.0234,0.0001,99.8392,206.2729,49.4546,-15.8085,0.0,0.0001,2.3953,-0.0012,6.0792,35.5567,11.5942,27.099,35.8362
152.0,303.0,11.616,40.3287,98.7017,231.6112,0.0214,0.0001,99.8372,206.273,49.4546,-15.8085,0.0,0.0001,2.3977,0.0013,6.078,35.5541,11.5768,27.1002,35.8381
153.0,305.0,11.63,40.347,98.705,231.1909,0.0234,0.0001,99.8284,206.273,49.4546,-15.8084,0.0,0.0001,2.3982,0.0,6.0733,35.558,11.5906,27.1007,35.838
154.0,307.0,11.6602,40.3861,68.3744,231.0437,0.0219,0.0001,99.8401,206.273,49.4546,-15.8084,0.0,0.0001,2.3982,-0.0002,6.0685,35.5669,11.6205,27.102,35.838
155.0,309.0,11.6869,40.4232,95.0359,231.9793,0.0176,0.0001,99.8199,206.273,49.4546,-15.8084,0.0,0.0001,2.4011,0.0014,6.0673,35.5769,11.6469,27.1047,35.8395
156.0,311.0,11.7063,40.4487,98.71,231.5789,0.0214,0.0001,99.8117,206.2731,49.4546,-15.8084,0.0,0.0001,2.4018,-0.0001,6.0662,35.5826,11.666,27.1056,35.8395
157.0,313.0,11.7116,40.4567,98.4919,231.5276,0.0234,0.0001,99.8112,206.2731,49.4547,-15.8084,0.0,0.0001,2.4016,-0.0003,6.0664,35.5844,11.671,27.1061,35.8398
158.0,315.0,11.7106,40.4562,98.691,231.6054,0.0232,0.0001,99.8054,206.2731,49.4547,-15.8084,0.0,0.0001,2.4011,-0.0001,6.0675,35.584,11.6697,27.106,35.8397
159.0,317.0,11.7043,40.4496,98.7025,231.4386,0.0252,0.0001,99.8112,206.2732,49.4547,-15.8084,0.0,0.0001,2.3999,-0.0005,6.068,35.5825,11.6632,27.106,35.8401
160.0,319.0,11.6919,40.437,79.1465,231.5579,0.026,0.0001,99.8108,206.2732,49.4547,-15.8084,0.0,0.0001,2.3993,-0.0002,6.07,35.5811,11.6506,27.1074,35.842
161.0,321.0,11.6854,40.4296,92.2995,231.9724,0.0236,0.0001,99.7824,206.2732,49.4547,-15.8083,0.0,0.0001,2.3989,-0.0002,6.082,35.5793,11.6438,27.1072,35.8421
162.0,323.0,11.6309,40.3621,98.6958,231.1762,0.0203,0.0001,99.8089,206.2733,49.4547,-15.8083,0.0,0.0001,2.3956,-0.0019,6.0846,35.5642,11.5891,27.1058,35.8431
163.0,325.0,11.5812,40.3079,98.5475,231.2608,0.0259,0.0001,99.8119,206.2733,49.4547,-15.8083,0.0,0.0001,2.3937,-0.0007,6.0813,35.5575,11.5393,27.1099,35.8493
164.0,327.0,11.5769,40.3048,98.58,232.1569,0.023,0.0001,99.8156,206.2733,49.4547,-15.8083,0.0,0.0001,2.3959,0.0009,6.0832,35.5574,11.5347,27.1108,35.8503
165.0,329.0,11.5899,40.3188,98.7008,232.2129,0.0231,0.0001,99.7817,206.2733,49.4547,-15.8083,0.0,0.0001,2.3976,0.0004,6.0833,35.5581,11.5475,27.1089,35.8479
166.0,331.0,11.5863,40.3194,98.6922,234.0346,0.0246,0.0001,99.7856,206.2734,49.4547,-15.8083,0.0,0.0001,2.4015,0.0034,6.0837,35.5611,11.5436,27.112,35.8511
167.0,333.0,11.5848,40.3187,77.0267,234.7765,0.0244,0.0001,99.7925,206.2734,49.4547,-15.8083,0.0,0.0001,2.4066,0.0036,6.0839,35.5611,11.5418,27.1123,35.8515
168.0,335.0,11.5821,40.3168,85.5551,234.2647,0.0248,0.0001,99.7734,206.2734,49.4547,-15.8083,0.0,0.0001,2.4106,0.0012,6.084,35.561,11.5389,27.1128,35.8521
169.0,337.0,11.5785,40.314,90.0281,233.8159,0.0251,0.0001,99.7824,206.2734,49.4548,-15.8083,0.0,0.0001,2.4102,-0.0003,6.0831,35.5607,11.535,27.1133,35.8528
170.0,339.0,11.5846,40.3231,98.6975,233.3496,0.0205,0.0001,99.7872,206.2734,49.4548,-15.8082,0.0,0.0001,2.408,-0.0012,6.0837,35.5629,11.5409,27.1139,35.8531
171.0,341.0,11.5861,40.326,97.8527,233.4533,0.0228,0.0001,99.793,206.2735,49.4548,-15.8082,0.0,0.0001,2.4077,-0.0005,6.0842,35.5635,11.5422,27.1141,35.8533
172.0,343.0,11.5763,40.3156,98.7011,233.7961,0.0226,0.0001,99.7846,206.2735,49.4548,-15.8082,0.0,0.0001,2.4073,-0.0002,6.0894,35.5618,11.5321,27.1146,35.8543
173.0,345.0,11.5493,40.2843,98.6996,234.2214,0.0259,0.0001,99.7792,206.2735,49.4548,-15.8082,0.0,0.0001,2.407,0.0002,6.0943,35.556,11.5049,27.1152,35.856
174.0,347.0,11.5108,40.2432,98.6997,233.7865,0.0216,0.0001,99.7791,206.2735,49.4548,-15.8082,0.0,0.0001,2.4054,-0.0006,6.0923,35.5511,11.4662,27.1187,35.8611
175.0,349.0,11.505,40.2382,62.1475,234.5345,0.0227,0.0001,99.7698,206.2736,49.4548,-15.8082,0.0,0.0001,2.4078,0.0008,6.0939,35.5508,11.4601,27.1196,35.8622
176.0,351.0,11.5057,40.2396,89.6494,233.7737,0.0205,0.0001,99.7764,206.2736,49.4548,-15.8082,0.0,0.0001,2.405,-0.0011,6.0944,35.551,11.4606,27.1196,35.8623
177.0,353.0,11.5071,40.2452,98.71,234.2612,0.0501,0.0001,99.7877,206.2736,49.4548,-15.8082,0.0,0.0001,2.4053,0.0001,6.0958,35.5543,11.4617,27.122,35.8645
178.0,355.0,11.497,40.2352,98.71,233.7856,0.0277,0.0001,99.7764,206.2736,49.4548,-15.8082,0.0,0.0001,2.4039,-0.001,6.0958,35.5531,11.4514,27.123,35.866
179.0,357.0,11.4897,40.2281,98.71,233.8546,0.0266,0.0001,99.77,206.2737,49.4548,-15.8082,0.0,0.0001,2.4028,-0.0005,6.0951,35.5523,11.4439,27.1238,35.8671
180.0,359.0,11.4899,40.2295,81.5121,234.0113,0.0245,0.0001,99.7796,206.2737,49.4548,-15.8081,0.0,0.0001,2.4017,-0.0003,6.0985,35.5526,11.4438,27.1241,35.8673
181.0,361.0,11.4784,40.2161,93.932,234.1768,0.0202,0.0001,99.7794,206.2737,49.4548,-15.8081,0.0,0.0001,2.4017,-0.0001,6.1003,35.5497,11.4321,27.124,35.8677
182.0,363.0,11.4601,40.1975,86.3428,234.2638,0.0188,0.0001,99.7839,206.2737,49.4548,-15.8081,0.0,0.0001,2.4023,0.0001,6.0997,35.5477,11.4135,27.1259,35.8705
183.0,365.0,11.4555,40.1934,98.6931,234.5242,0.0224,0.0001,99.7804,206.2737,49.4548,-15.8081,0.0,0.0001,2.4029,0.0003,6.102,35.547,11.4086,27.1263,35.871
184.0,367.0,11.4514,40.189,98.7022,233.7764,0.0229,0.0001,99.792,206.2738,49.4549,-15.8081,0.0,0.0001,2.3999,-0.0014,6.1029,35.546,11.4043,27.1263,35.8712
185.0,369.0,11.442,40.1798,98.6875,234.3792,0.023,0.0001,99.7824,206.2738,49.4549,-15.8081,0.0,0.0001,2.3999,0.0002,6.1032,35.5451,11.3947,27.1273,35.8727
186.0,371.0,11.4397,40.1792,98.6971,234.4439,0.0233,0.0001,99.7934,206.2738,49.4549,-15.8081,0.0,0.0001,2.4007,0.0,6.1042,35.5457,11.3921,27.1283,35.8738
187.0,373.0,11.4318,40.1722,78.4334,235.0864,0.0174,0.0001,99.7872,206.2738,49.4549,-15.8081,0.0,0.0001,2.4026,0.0011,6.1032,35.5455,11.384,27.1297,35.8755
188.0,375.0,11.4339,40.1767,98.6905,235.0316,0.019,0.0001,99.7887,206.2739,49.4549,-15.8081,0.0,0.0001,2.4043,0.0006,6.1018,35.5469,11.3859,27.1304,35.8761
189.0,377.0,11.4438,40.1901,98.6983,234.5355,0.0181,0.0001,99.779,206.2739,49.4549,-15.8081,0.0,0.0001,2.4024,-0.0006,6.1009,35.5499,11.3954,27.131,35.8762
190.0,379.0,11.4514,40.2007,98.6929,234.8631,0.0209,0.0001,99.803,206.2739,49.4549,-15.8081,0.0,0.0001,2.4019,0.0002,6.0999,35.5523,11.4027,27.1314,35.8764
191.0,381.0,11.4586,40.2114,98.7055,234.5167,0.023,0.0001,99.7943,206.2739,49.4549,-15.808,0.0,0.0001,2.4014,-0.0005,6.0979,35.5549,11.4097,27.1322,35.8768
192.0,383.0,11.4687,40.2259,78.0994,233.621,0.0248,0.0001,99.7984,206.274,49.4549,-15.808,0.0,0.0001,2.3978,-0.0019,6.0975,35.5588,11.4195,27.1334,35.8776
193.0,385.0,11.4776,40.2393,90.3446,232.403,0.021,0.0001,99.7858,206.274,49.4549,-15.808,0.0,0.0001,2.3909,-0.0035,6.0976,35.5625,11.4281,27.1347,35.8784
194.0,387.0,11.4762,40.2394,91.0486,232.8739,0.0209,0.0001,99.7932,206.274,49.4549,-15.808,0.0,0.0001,2.3892,-0.0012,6.0976,35.563,11.4265,27.1354,35.8792
195.0,389.0,11.4759,40.2406,98.71,233.2651,0.0212,0.0001,99.7824,206.274,49.4549,-15.808,0.0,0.0001,2.3889,-0.0001,6.0977,35.5637,11.4259,27.136,35.8799
196.0,391.0,11.4745,40.2406,98.6957,232.8331,0.0211,0.0001,99.8049,206.2741,49.4549,-15.808,0.0,0.0001,2.3867,-0.0009,6.098,35.5641,11.4243,27.1367,35.8806
197.0,393.0,11.4742,40.2426,81.6144,232.7059,0.0194,0.0001,99.8008,206.2741,49.4549,-15.808,0.0,0.0001,2.3855,-0.0009,6.0983,35.5654,11.4236,27.1378,35.8817
198.0,395.0,11.4692,40.2383,98.7032,232.5614,0.0216,0.0001,99.7953,206.2741,49.455,-15.808,0.0,0.0001,2.3834,-0.0008,6.0987,35.5651,11.4183,27.1385,35.8827
199.0,397.0,11.4678,40.2372,98.7057,232.2255,0.0203,0.0001,99.793,206.2741,49.455,-15.808,0.0,0.0001,2.3809,-0.0013,6.0996,35.5646,11.4167,27.1384,35.8826
200.0,399.0,11.4632,40.2334,98.695,232.0236,0.0181,0.0001,99.7942,206.2741,49.455,-15.808,0.0,0.0001,2.3785,-0.0013,6.0995,35.5643,11.4119,27.1391,35.8835
201.0,401.0,11.4608,40.2311,98.71,232.8374,0.0188,0.0001,99.7867,206.2742,49.455,-15.808,0.0,0.0001,2.3797,0.0006,6.0997,35.5637,11.4092,27.1391,35.8836
202.0,403.0,11.456,40.2271,89.547,232.9685,0.0193,0.0001,99.7802,206.2742,49.455,-15.808,0.0,0.0001,2.3805,0.0007,6.1001,35.5631,11.4042,27.1396,35.8843
203.0,405.0,11.4537,40.2249,94.6543,231.788,0.0209,0.0001,99.7831,206.2742,49.455,-15.808,0.0,0.0001,2.3768,-0.0022,6.1034,35.5625,11.4017,27.1396,35.8844
204.0,407.0,11.437,40.2078,98.6848,230.6787,0.0225,0.0001,99.8112,206.2742,49.455,-15.808,0.0,0.0001,2.3727,-0.0033,6.1041,35.5605,11.3847,27.1412,35.8868
205.0,409.0,11.4303,40.2011,98.7,231.0904,0.0243,0.0001,99.7892,206.2743,49.455,-15.8079,0.0,0.0001,2.3687,-0.0017,6.1049,35.5596,11.3778,27.1418,35.8876
206.0,411.0,11.4232,40.1941,98.7025,231.6215,0.0205,0.0001,99.7825,206.2743,49.455,-15.8079,0.0,0.0001,2.3685,-0.0003,6.106,35.5587,11.3704,27.1425,35.8886
207.0,413.0,11.4147,40.1854,98.6939,230.6359,0.0181,0.0001,99.7824,206.2743,49.455,-15.8079,0.0,0.0001,2.3638,-0.0021,6.1067,35.5572,11.3617,27.143,35.8895
208.0,415.0,11.4088,40.1804,77.0643,230.7748,0.0192,0.0001,99.7779,206.2743,49.455,-15.8079,0.0,0.0001,2.3623,-0.0011,6.1086,35.5569,11.3556,27.1439,35.8906
209.0,417.0,11.3997,40.1712,92.9321,230.4833,0.0217,0.0001,99.7752,206.2744,49.455,-15.8079,0.0,0.0001,2.3597,-0.0014,6.11,35.5557,11.3462,27.1447,35.8919
210.0,419.0,11.3855,40.1563,98.685,231.0391,0.0182,0.0001,99.7519,206.2744,49.455,-15.8079,0.0,0.0001,2.3606,0.0,6.111,35.5538,11.3318,27.1459,35.8937
211.0,421.0,11.3771,40.1483,98.6609,231.4044,0.0178,0.0001,99.7824,206.2744,49.455,-15.8079,0.0,0.0001,2.3614,0.0006,6.1114,35.5529,11.3231,27.1468,35.8949
212.0,423.0,11.3727,40.1453,98.4925,231.3872,0.0136,0.0001,99.7752,206.2744,49.455,-15.8079,0.0,0.0001,2.3614,0.0001,6.1115,35.5534,11.3186,27.148,35.8963
213.0,425.0,11.3727,40.1466,98.6959,231.5713,0.0181,0.0001,99.7824,206.2744,49.455,-15.8079,0.0,0.0001,2.362,0.0003,6.1119,35.5539,11.3183,27.1484,35.8967
214.0,427.0,11.3723,40.1474,98.695,232.0785,0.0233,0.0001,99.7824,206.2745,49.455,-15.8079,0.0,0.0001,2.363,0.0011,6.1123,35.5543,11.3176,27.1489,35.8973
215.0,429.0,11.3683,40.1442,98.6894,232.387,0.0206,0.0001,99.7824,206.2745,49.4551,-15.8079,0.0,0.0001,2.3651,0.0012,6.1118,35.5542,11.3134,27.1496,35.8981
216.0,431.0,11.3644,40.142,87.532,232.0395,0.0195,0.0001,99.7686,206.2745,49.4551,-15.8079,0.0,0.0001,2.3658,-0.0001,6.112,35.5547,11.3092,27.1507,35.8994
217.0,433.0,11.3693,40.1476,91.2615,231.2787,0.0199,0.0001,99.7743,206.2745,49.4551,-15.8079,0.0,0.0001,2.3618,-0.0015,6.1117,35.5548,11.3139,27.15,35.8985
218.0,435.0,11.3684,40.1498,98.6869,231.2495,0.0201,0.0001,99.7713,206.2746,49.4551,-15.8079,0.0,0.0001,2.3608,-0.0011,6.1118,35.5572,11.3127,27.152,35.9005
219.0,437.0,11.3683,40.1514,98.6926,231.4865,0.0212,0.0001,99.7752,206.2746,49.4551,-15.8078,0.0,0.0001,2.3598,-0.0004,6.1123,35.5578,11.3123,27.1526,35.9011
220.0,439.0,11.3636,40.1483,98.4391,231.4336,0.0214,0.0001,99.7778,206.2746,49.4551,-15.8078,0.0,0.0001,2.359,-0.0004,6.1136,35.5582,11.3074,27.1538,35.9025
221.0,441.0,11.3555,40.1405,98.695,231.4967,0.0253,0.0001,99.7712,206.2746,49.4551,-15.8078,0.0,0.0001,2.3583,-0.0002,6.1136,35.5572,11.299,27.1546,35.9037
222.0,443.0,11.3537,40.1399,98.69,230.6224,0.0217,0.0001,99.7547,206.2747,49.4551,-15.8078,0.0,0.0001,2.3548,-0.0018,6.1138,35.5575,11.2969,27.1552,35.9044
223.0,445.0,11.3551,40.143,98.6969,230.5591,0.0286,0.0001,99.77,206.2747,49.4551,-15.8078,0.0,0.0001,2.3528,-0.0013,6.1141,35.5585,11.2981,27.1557,35.9048
224.0,447.0,11.3517,40.1399,84.2226,230.7148,0.0255,0.0001,99.7635,206.2747,49.4551,-15.8078,0.0,0.0001,2.3515,-0.0006,6.1154,35.5577,11.2945,27.1558,35.9051
225.0,449.0,11.3436,40.1309,89.3386,230.8053,0.0204,0.0001,99.7469,206.2747,49.4551,-15.8078,0.0,0.0001,2.3506,-0.0005,6.117,35.5557,11.2861,27.1558,35.9054
226.0,451.0,11.3353,40.1229,98.7021,231.1199,0.022,0.0001,99.7535,206.2747,49.4551,-15.8078,0.0,0.0001,2.3511,0.0002,6.1173,35.555,11.2777,27.1568,35.9068
227.0,453.0,11.3289,40.1171,98.6875,231.4451,0.0208,0.0001,99.7174,206.2748,49.4551,-15.8078,0.0,0.0001,2.3519,0.0007,6.1176,35.5546,11.2711,27.1577,35.9079
228.0,455.0,11.3241,40.1135,90.0779,231.1219,0.0206,0.0001,99.7501,206.2748,49.4551,-15.8078,0.0,0.0001,2.3513,-0.0004,6.1182,35.5547,11.266,27.1588,35.9092
229.0,457.0,11.3216,40.1122,98.6925,231.1542,0.022,0.0001,99.7497,206.2748,49.4551,-15.8078,0.0,0.0001,2.3502,-0.0003,6.1207,35.5551,11.2632,27.1596,35.9101
230.0,459.0,11.3203,40.111,98.6885,230.9498,0.0199,0.0001,99.74,206.2748,49.4551,-15.8078,0.0,0.0001,2.3493,-0.0005,6.1194,35.5541,11.2617,27.1591,35.9097
231.0,461.0,11.2942,40.0828,98.7018,231.7561,0.0211,0.0001,99.7286,206.2748,49.4551,-15.8078,0.0,0.0001,2.3511,0.0008,6.1223,35.5502,11.2353,27.161,35.9127
232.0,463.0,11.2934,40.0817,98.6907,232.3457,0.0171,0.0001,99.7254,206.2749,49.4551,-15.8078,0.0,0.0001,2.3535,0.0013,6.1232,35.5491,11.2343,27.1603,35.9121
233.0,465.0,11.2855,40.075,79.9004,232.3734,0.0164,0.0001,99.725,206.2749,49.4551,-15.8077,0.0,0.0001,2.3556,0.0004,6.1243,35.5489,11.2261,27.1617,35.9138
234.0,467.0,11.2767,40.0655,98.692,231.6235,0.0177,0.0001,99.7246,206.2749,49.4551,-15.8077,0.0,0.0001,2.3529,-0.0014,6.1244,35.5474,11.2172,27.1621,35.9146
235.0,469.0,11.2752,40.0658,94.8906,232.2712,0.0186,0.0001,99.745,206.2749,49.4552,-15.8077,0.0,0.0001,2.3541,0.0,6.1258,35.5483,11.2154,27.1632,35.9157
236.0,471.0,11.2652,40.0565,98.6992,232.6202,0.0213,0.0001,99.7354,206.275,49.4552,-15.8077,0.0,0.0001,2.3551,0.0004,6.1276,35.5477,11.2051,27.1646,35.9176
237.0,473.0,11.2542,40.0448,98.7006,232.5816,0.0206,0.0001,99.7246,206.275,49.4552,-15.8077,0.0,0.0001,2.3553,-0.0001,6.1281,35.5459,11.1939,27.1652,35.9187
238.0,475.0,11.2497,40.0409,88.5216,233.1273,0.0177,0.0001,99.7246,206.275,49.4552,-15.8077,0.0,0.0001,2.3565,0.0009,6.1293,35.5453,11.1892,27.1657,35.9193
239.0,477.0,11.2434,40.0344,98.7633,233.4239,0.0177,0.0001,99.7246,206.275,49.4552,-15.8077,0.0,0.0001,2.3585,0.0008,6.1306,35.5441,11.1827,27.1659,35.9199
240.0,479.0,11.2334,40.0237,98.6976,233.7724,0.0244,0.0001,99.7308,206.2751,49.4552,-15.8077,0.0,0.0001,2.359,0.001,6.1318,35.5423,11.1725,27.1664,35.9208
241.0,481.0,11.2255,40.0157,98.7,233.1099,0.0246,0.0001,99.68,206.2751,49.4552,-15.8077,0.0,0.0001,2.359,-0.0009,6.1334,35.541,11.1643,27.1669,35.9216
242.0,483.0,11.2148,40.0042,98.6947,233.1187,0.0236,0.0001,99.7377,206.2751,49.4552,-15.8077,0.0,0.0001,2.357,-0.0007,6.1347,35.5388,11.1534,27.1672,35.9224
243.0,485.0,11.2016,39.9902,98.6987,233.1806,0.0238,0.0001,99.7535,206.2751,49.4552,-15.8077,0.0,0.0001,2.3563,-0.0003,6.1354,35.5368,11.1399,27.1681,35.9239
244.0,487.0,11.1978,39.9865,83.6482,233.1753,0.0217,0.0001,99.7312,206.2751,49.4552,-15.8077,0.0,0.0001,2.3555,-0.0005,6.138,35.536,11.1359,27.1682,35.9242
245.0,489.0,11.1894,39.9777,98.6996,233.0207,0.02,0.0001,99.7381,206.2752,49.4552,-15.8077,0.0,0.0001,2.3535,-0.0009,6.1418,35.5344,11.1273,27.1686,35.9249
246.0,491.0,11.1618,39.947,98.69,233.8215,0.0199,0.0001,99.7427,206.2752,49.4552,-15.8077,0.0,0.0001,2.3555,0.0008,6.1431,35.5296,11.0996,27.1699,35.9274
247.0,493.0,11.1395,39.9232,96.2797,234.4045,0.0186,0.0001,99.7165,206.2752,49.4552,-15.8077,0.0,0.0001,2.3581,0.0013,6.144,35.5265,11.0771,27.1717,35.9301
248.0,495.0,11.1333,39.9172,91.8234,233.8218,0.017,0.0001,99.7387,206.2752,49.4552,-15.8077,0.0,0.0001,2.3569,-0.0006,6.1449,35.5256,11.0706,27.1721,35.9309
249.0,497.0,11.1288,39.9125,98.9037,233.6561,0.0194,0.0001,99.7246,206.2753,49.4552,-15.8077,0.0,0.0001,2.3557,-0.0008,6.1466,35.5243,11.0658,27.172,35.931
250.0,499.0,11.1219,39.9055,98.698,233.4911,0.0215,0.0001,99.7066,206.2753,49.4552,-15.8077,0.0,0.0001,2.353,-0.001,6.1495,35.523,11.0587,27.1722,35.9315
251.0,501.0,11.0984,39.8791,98.68,233.7967,0.021,0.0001,99.7322,206.2753,49.4552,-15.8077,0.0,0.0001,2.3529,-0.0002,6.151,35.5185,11.035,27.1731,35.9334
252.0,503.0,11.084,39.8652,98.71,233.2547,0.0192,0.0001,99.7446,206.2753,49.4552,-15.8077,0.0,0.0001,2.351,-0.0012,6.1512,35.5175,11.0204,27.175,35.9359
253.0,505.0,11.0817,39.8631,98.566,233.2955,0.02,0.0001,99.7535,206.2754,49.4552,-15.8077,0.0,0.0001,2.3493,-0.0007,6.1517,35.5167,11.0179,27.1748,35.9358
254.0,507.0,11.0796,39.8618,98.7058,233.2046,0.0199,0.0001,99.7366,206.2754,49.4552,-15.8077,0.0,0.0001,2.3468,-0.0007,6.1529,35.5167,11.0155,27.1753,35.9364
255.0,509.0,11.0743,39.8557,98.71,232.649,0.0203,0.0001,99.6957,206.2754,49.4552,-15.8076,0.0,0.0001,2.3451,-0.0016,6.1531,35.515,11.01,27.1749,35.9363
256.0,511.0,11.0685,39.8516,98.701,232.4143,0.0217,0.0001,99.7316,206.2754,49.4552,-15.8076,0.0,0.0001,2.3433,-0.0017,6.1542,35.5158,11.004,27.1767,35.9383
257.0,513.0,11.06,39.8429,83.9707,232.4059,0.0207,0.0001,99.7535,206.2754,49.4553,-15.8076,0.0,0.0001,2.34,-0.0012,6.1565,35.5142,10.9952,27.177,35.939
258.0,515.0,11.0458,39.8287,98.695,231.7475,0.0214,0.0001,99.7535,206.2755,49.4553,-15.8076,0.0,0.0001,2.3367,-0.002,6.1571,35.5129,10.9809,27.1786,35.9412
259.0,517.0,11.0401,39.8234,94.5524,231.8279,0.0212,0.0001,99.7348,206.2755,49.4553,-15.8076,0.0,0.0001,2.3355,-0.0012,6.1558,35.5122,10.9749,27.1792,35.942
260.0,519.0,11.0377,39.8217,98.6909,232.4561,0.0217,0.0001,99.7192,206.2755,49.4553,-15.8076,0.0,0.0001,2.3346,0.0002,6.1575,35.5118,10.9722,27.1793,35.9423
261.0,521.0,11.0361,39.821,98.3573,231.6611,0.0197,0.0001,99.739,206.2755,49.4553,-15.8076,0.0,0.0001,2.3325,-0.0015,6.1591,35.5119,10.9704,27.1797,35.9428
262.0,523.0,11.0292,39.8139,98.68,230.9748,0.0183,0.0001,99.7246,206.2756,49.4553,-15.8076,0.0,0.0001,2.3284,-0.0024,6.1601,35.5106,10.9633,27.1801,35.9434
263.0,525.0,11.0229,39.808,98.6864,231.1019,0.0205,0.0001,99.7246,206.2756,49.4553,-15.8076,0.0,0.0001,2.3274,-0.0013,6.159,35.5099,10.9567,27.1807,35.9443
264.0,527.0,11.0141,39.7996,98.6929,231.6906,0.0238,0.0001,99.7535,206.2756,49.4553,-15.8076,0.0,0.0001,2.3274,-0.0001,6.1598,35.509,10.9476,27.1817,35.9457
265.0,529.0,11.0192,39.8065,85.1161,231.2232,0.0231,0.0001,99.72,206.2756,49.4553,-15.8076,0.0,0.0001,2.3257,-0.0008,6.1594,35.5103,10.9526,27.1818,35.9455
266.0,531.0,11.021,39.8114,95.6755,230.963,0.0229,0.0001,99.7466,206.2757,49.4553,-15.8076,0.0,0.0001,2.3253,-0.001,6.1598,35.5125,10.9541,27.1832,35.9469
267.0,533.0,11.0188,39.8106,96.3222,231.2513,0.019,0.0001,99.7535,206.2757,49.4553,-15.8076,0.0,0.0001,2.3248,-0.0003,6.1597,35.5127,10.9516,27.1838,35.9476
268.0,535.0,11.0119,39.8042,98.6935,231.1802,0.021,0.0001,99.7155,206.2757,49.4553,-15.8076,0.0,0.0001,2.3224,-0.0004,6.1608,35.5121,10.9444,27.1847,35.9488
269.0,537.0,11.0189,39.812,98.6662,231.0009,0.0202,0.0001,99.7509,206.2757,49.4553,-15.8076,0.0,0.0001,2.3217,-0.0011,6.1621,35.5126,10.9512,27.1838,35.9476
270.0,539.0,11.0067,39.8012,85.9747,232.348,0.0187,0.0001,99.7456,206.2757,49.4553,-15.8076,0.0,0.0001,2.3246,0.0018,6.1626,35.5127,10.9388,27.1861,35.9504
271.0,541.0,10.9978,39.7933,98.6907,232.0631,0.02,0.0001,99.7535,206.2758,49.4553,-15.8076,0.0,0.0001,2.3254,0.0003,6.1633,35.5121,10.9296,27.1873,35.952
272.0,543.0,10.9927,39.7886,98.68,231.8099,0.0168,0.0001,99.739,206.2758,49.4553,-15.8076,0.0,0.0001,2.3249,-0.0004,6.1641,35.5116,10.9243,27.1879,35.9529
273.0,545.0,10.9882,39.7845,98.71,232.573,0.0198,0.0001,99.7535,206.2758,49.4553,-15.8076,0.0,0.0001,2.3264,0.0008,6.1666,35.5112,10.9197,27.1885,35.9536
274.0,547.0,10.9757,39.7706,98.7025,232.3282,0.0213,0.0001,99.7603,206.2758,49.4553,-15.8076,0.0,0.0001,2.3263,-0.0001,6.1664,35.5085,10.9069,27.1887,35.9544
275.0,549.0,10.9641,39.759,82.0044,232.8874,0.0223,0.0001,99.7535,206.2759,49.4553,-15.8075,0.0,0.0001,2.3279,0.0007,6.1676,35.5069,10.8951,27.1896,35.9557
276.0,551.0,10.9617,39.7572,97.7546,231.9462,0.0217,0.0001,99.7484,206.2759,49.4553,-15.8075,0.0,0.0001,2.3256,-0.0012,6.1688,35.5067,10.8925,27.1899,35.9562
277.0,553.0,10.9551,39.7513,97.7758,231.1286,0.0189,0.0001,99.7535,206.2759,49.4553,-15.8075,0.0,0.0001,2.3212,-0.0023,6.1691,35.5063,10.8856,27.1908,35.9574
278.0,555.0,10.9487,39.7451,98.6994,232.2133,0.0223,0.0001,99.7762,206.2759,49.4554,-15.8075,0.0,0.0001,2.3214,0.0004,6.17,35.5054,10.879,27.1913,35.9582
279.0,557.0,10.946,39.7431,98.6912,232.1397,0.0176,0.0001,99.7824,206.2759,49.4554,-15.8075,0.0,0.0001,2.3217,0.0,6.1692,35.5051,10.8761,27.1916,35.9586
280.0,559.0,10.9384,39.7365,67.6401,231.9859,0.0196,0.0001,99.7556,206.276,49.4554,-15.8075,0.0,0.0001,2.3208,-0.0005,6.1722,35.5048,10.8681,27.1928,35.9601
281.0,561.0,10.9386,39.7371,93.575,231.5474,0.0193,0.0001,99.721,206.276,49.4554,-15.8075,0.0,0.0001,2.3181,-0.0012,6.1753,35.5046,10.8682,27.1927,35.96
282.0,563.0,10.913,39.7102,93.1164,229.4117,0.0208,0.0001,99.7684,206.276,49.4554,-15.8075,0.0,0.0001,2.3096,-0.0044,6.1753,35.5014,10.8424,27.1948,35.9632
283.0,565.0,10.9,39.6978,98.6868,229.5999,0.0208,0.0001,99.7535,206.276,49.4554,-15.8075,0.0,0.0001,2.305,-0.0023,6.1768,35.5005,10.8291,27.1965,35.9655
284.0,567.0,10.8911,39.6888,98.6965,228.0613,0.0206,0.0001,99.7824,206.2761,49.4554,-15.8075,0.0,0.0001,2.2969,-0.0039,6.1775,35.4995,10.82,27.1973,35.9667
285.0,569.0,10.8936,39.694,98.6962,224.6992,0.0209,0.0001,99.7824,206.2761,49.4554,-15.8075,0.0,0.0001,2.281,-0.0082,6.178,35.5013,10.8223,27.1984,35.9676
286.0,571.0,10.8813,39.6816,57.5774,226.9228,0.0211,0.0001,99.7739,206.2761,49.4554,-15.8074,0.0,0.0001,2.2783,-0.0011,6.1796,35.4998,10.8098,27.1995,35.9693
287.0,573.0,10.8743,39.6762,87.8292,227.7852,0.0185,0.0001,99.7784,206.2761,49.4554,-15.8074,0.0,0.0001,2.2793,0.0006,6.1803,35.5005,10.8026,27.2013,35.9714
288.0,575.0,10.8694,39.6726,98.7761,227.2134,0.0168,0.0001,99.7824,206.2762,49.4554,-15.8074,0.0,0.0001,2.2792,-0.0009,6.18,35.5008,10.7974,27.2025,35.9727
289.0,577.0,10.8603,39.6651,98.6905,228.14,0.0187,0.0001,99.759,206.2762,49.4554,-15.8074,0.0,0.0001,2.2819,0.0007,6.1794,35.5008,10.7881,27.2041,35.9748
290.0,579.0,10.8651,39.6706,98.6882,226.1627,0.0265,0.0001,99.7576,206.2762,49.4554,-15.8074,0.0,0.0001,2.2766,-0.0029,6.1766,35.501,10.7926,27.2035,35.9739
291.0,581.0,10.877,39.6912,98.68,224.6428,0.0217,0.0001,99.7563,206.2762,49.4554,-15.8074,0.0,0.0001,2.2693,-0.005,6.1783,35.5093,10.8042,27.2079,35.9777
292.0,583.0,10.9032,39.7249,98.6892,225.3741,0.0224,0.0001,99.7535,206.2762,49.4554,-15.8074,0.0,0.0001,2.266,-0.0015,6.174,35.5165,10.83,27.2088,35.9775
293.0,585.0,10.8911,39.7096,82.3784,225.3281,0.0222,0.0001,99.7535,206.2763,49.4554,-15.8074,0.0,0.0001,2.2641,-0.001,6.1721,35.5125,10.8178,27.2079,35.9772
294.0,587.0,10.9133,39.7396,98.68,225.1536,0.0232,0.0001,99.7535,206.2763,49.4554,-15.8074,0.0,0.0001,2.2626,-0.001,6.1725,35.5203,10.8397,27.2101,35.9783
295.0,589.0,10.9261,39.758,77.2464,225.2775,0.0205,0.0001,99.7295,206.2763,49.4554,-15.8073,0.0,0.0001,2.2611,-0.0004,6.173,35.525,10.852,27.2115,35.9792
296.0,591.0,10.9207,39.7522,98.7919,224.2538,0.0211,0.0001,99.742,206.2764,49.4554,-15.8073,0.0,0.0001,2.2563,-0.0022,6.174,35.5236,10.8464,27.2114,35.9793
297.0,593.0,10.9139,39.7467,83.8667,223.4931,0.0198,0.0001,99.7246,206.2764,49.4554,-15.8073,0.0,0.0001,2.2527,-0.003,6.1734,35.5236,10.8394,27.2126,35.9809
298.0,595.0,10.904,39.7363,98.7708,224.2875,0.0204,0.0001,99.7452,206.2764,49.4554,-15.8073,0.0,0.0001,2.2527,-0.001,6.1758,35.5219,10.8293,27.2132,35.9819
299.0,597.0,10.8984,39.7307,98.6842,224.3165,0.0207,0.0001,99.7184,206.2764,49.4555,-15.8073,0.0,0.0001,2.2508,-0.0008,6.181,35.5211,10.8235,27.2136,35.9825
300.0,599.0,10.8689,39.697,98.6875,225.1721,0.0206,0.0001,99.7535,206.2764,49.4555,-15.8073,0.0,0.0001,2.2519,0.0007,6.1868,35.515,10.7939,27.2142,35.9844
301.0,601.0,10.8273,39.6505,98.6837,226.9916,0.0201,0.0001,99.7257,206.2765,49.4555,-15.8073,0.0,0.0001,2.2583,0.0034,6.1842,35.5075,10.7522,27.2158,35.9879
302.0,603.0,10.8174,39.6406,98.675,227.2849,0.0237,0.0001,99.7721,206.2765,49.4555,-15.8073,0.0,0.0001,2.2633,0.0024,6.1848,35.5063,10.742,27.2168,35.9892
303.0,605.0,10.8238,39.6502,98.689,226.9122,0.0234,0.0001,99.7634,206.2765,49.4555,-15.8073,0.0,0.0001,2.2647,0.0007,6.1823,35.5091,10.7482,27.2178,35.99
304.0,607.0,10.8452,39.6785,98.6832,227.536,0.0222,0.0001,99.7824,206.2765,49.4555,-15.8073,0.0,0.0001,2.2668,0.0012,6.1868,35.5156,10.7692,27.2191,35.9903
305.0,609.0,10.8208,39.6507,98.6935,227.5573,0.0204,0.0001,99.7535,206.2766,49.4555,-15.8073,0.0,0.0001,2.2669,0.0,6.1976,35.5104,10.7446,27.2195,35.9918
306.0,611.0,10.7574,39.5772,60.4963,226.9446,0.0161,0.0001,99.7824,206.2766,49.4555,-15.8073,0.0,0.0001,2.2651,-0.0011,6.1978,35.4973,10.6813,27.2207,35.9958
307.0,613.0,10.7378,39.5569,94.4977,227.7677,0.0151,0.0001,99.7786,206.2766,49.4555,-15.8073,0.0,0.0001,2.2658,0.0005,6.2007,35.4951,10.6616,27.2225,35.9984
308.0,615.0,10.7305,39.5493,98.7011,227.0355,0.017,0.0001,99.7824,206.2766,49.4555,-15.8072,0.0,0.0001,2.2638,-0.0011,6.201,35.4936,10.654,27.2227,35.9989
309.0,617.0,10.7056,39.5214,98.692,226.8512,0.0227,0.0001,99.7824,206.2766,49.4555,-15.8072,0.0,0.0001,2.2613,-0.001,6.2003,35.4887,10.629,27.2233,36.0007
310.0,619.0,10.7002,39.5162,98.6938,226.9905,0.0201,0.0001,99.7666,206.2767,49.4555,-15.8072,0.0,0.0001,2.2608,-0.0009,6.2057,35.4878,10.6233,27.2236,36.0012
311.0,621.0,10.6918,39.5065,98.6912,225.7879,0.0189,0.0001,99.7824,206.2767,49.4555,-15.8072,0.0,0.0001,2.2552,-0.0025,6.2049,35.4853,10.6147,27.2232,36.0012
312.0,623.0,10.6683,39.4829,98.6875,226.1331,0.0217,0.0001,99.7824,206.2767,49.4555,-15.8072,0.0,0.0001,2.2544,-0.0013,6.2079,35.4833,10.591,27.2259,36.0049
313.0,625.0,10.6666,39.4825,23.6267,225.66,0.0196,0.0001,99.7704,206.2767,49.4555,-15.8072,0.0,0.0001,2.2505,-0.0016,6.2093,35.4838,10.5891,27.2266,36.0057
314.0,627.0,10.6583,39.4747,82.0575,224.6694,0.0213,0.0001,99.7824,206.2768,49.4555,-15.8072,0.0,0.0001,2.2449,-0.0027,6.2112,35.4832,10.5806,27.2277,36.0071
315.0,629.0,10.6525,39.4702,94.2897,223.3224,0.0233,0.0001,99.7575,206.2768,49.4555,-15.8072,0.0,0.0001,2.2372,-0.0041,6.2144,35.4832,10.5745,27.2288,36.0085
316.0,631.0,10.6237,39.4402,98.6975,220.2772,0.0235,0.0001,99.7757,206.2768,49.4556,-15.8072,0.0,0.0001,2.2223,-0.0071,6.2118,35.48,10.5456,27.2314,36.0123
317.0,633.0,10.6195,39.4395,98.6883,221.2849,0.0243,0.0001,99.753,206.2768,49.4556,-15.8072,0.0,0.0001,2.2175,-0.0027,6.2139,35.4825,10.5412,27.2341,36.0152
318.0,635.0,10.621,39.4419,86.074,220.8643,0.0239,0.0001,99.7535,206.2769,49.4556,-15.8072,0.0,0.0001,2.2123,-0.0025,6.214,35.4829,10.5425,27.2342,36.0152
319.0,637.0,10.6195,39.4428,98.68,219.2076,0.0199,0.0001,99.7535,206.2769,49.4556,-15.8072,0.0,0.0001,2.2043,-0.0042,6.2141,35.4841,10.5407,27.2354,36.0165
320.0,639.0,10.6116,39.435,98.68,220.1538,0.0221,0.0001,99.7222,206.2769,49.4556,-15.8072,0.0,0.0001,2.202,-0.001,6.2157,35.4829,10.5325,27.236,36.0174
321.0,641.0,10.6117,39.4358,98.6887,219.0199,0.0182,0.0001,99.73,206.2769,49.4556,-15.8072,0.0,0.0001,2.1968,-0.0024,6.2139,35.4831,10.5324,27.2362,36.0176
322.0,643.0,10.611,39.4396,98.6834,218.4368,0.018,0.0001,99.7378,206.2769,49.4556,-15.8072,0.0,0.0001,2.1919,-0.0025,6.2142,35.4865,10.5315,27.239,36.0204
323.0,645.0,10.6275,39.4614,98.68,218.0188,0.0152,0.0001,99.7457,206.277,49.4556,-15.8072,0.0,0.0001,2.1879,-0.0027,6.2195,35.4916,10.5476,27.2401,36.0208
324.0,647.0,10.6015,39.4317,81.3447,216.8497,0.0184,0.0001,99.7535,206.277,49.4556,-15.8072,0.0,0.0001,2.1815,-0.0035,6.2188,35.4861,10.5215,27.2404,36.0223
325.0,649.0,10.5841,39.4136,97.3042,215.1397,0.0193,0.0001,99.7215,206.277,49.4556,-15.8071,0.0,0.0001,2.17,-0.0044,6.2176,35.4836,10.5039,27.2416,36.0243
326.0,651.0,10.5923,39.4246,98.6836,215.5987,0.0185,0.0001,99.7331,206.277,49.4556,-15.8071,0.0,0.0001,2.1659,-0.002,6.2177,35.486,10.5118,27.2421,36.0243
327.0,653.0,10.593,39.426,98.68,215.7813,0.022,0.0001,99.7419,206.2771,49.4556,-15.8071,0.0,0.0001,2.1639,-0.0011,6.221,35.4858,10.5123,27.2418,36.0241
328.0,655.0,10.5889,39.4224,98.68,215.7934,0.0227,0.0001,99.7535,206.2771,49.4556,-15.8071,0.0,0.0001,2.1625,-0.001,6.228,35.4853,10.5079,27.2422,36.0246
329.0,657.0,10.5446,39.37,75.1216,213.3742,0.0198,0.0001,99.7535,206.2771,49.4556,-15.8071,0.0,0.0001,2.1519,-0.0049,6.2366,35.4746,10.4636,27.2417,36.0261
330.0,659.0,10.4824,39.2981,98.68,209.6035,0.0214,0.0001,99.7535,206.2771,49.4556,-15.8071,0.0,0.0001,2.1338,-0.0091,6.2372,35.4616,10.4014,27.2425,36.0297
331.0,661.0,10.451,39.2637,95.0035,209.3528,0.0226,0.0001,99.7446,206.2771,49.4556,-15.8071,0.0,0.0001,2.123,-0.0061,6.241,35.4563,10.3699,27.244,36.0325
332.0,663.0,10.4483,39.2622,98.68,209.543,0.0217,0.0001,99.7535,206.2772,49.4557,-15.8071,0.0,0.0001,2.1137,-0.0032,6.2484,35.4565,10.367,27.2447,36.0334
333.0,665.0,10.3883,39.1953,98.68,206.7461,0.0215,0.0001,99.7535,206.2772,49.4557,-15.8071,0.0,0.0001,2.1029,-0.007,6.2475,35.4464,10.307,27.2473,36.0386
334.0,667.0,10.3633,39.1702,98.68,206.266,0.0211,0.0001,99.7535,206.2772,49.4557,-15.8071,0.0,0.0001,2.0927,-0.0055,6.2576,35.4441,10.2818,27.25,36.0424
335.0,669.0,10.3193,39.1199,98.68,203.6959,0.0206,0.0001,99.7627,206.2772,49.4557,-15.8071,0.0,0.0001,2.0768,-0.0071,6.262,35.435,10.2379,27.2505,36.0449
336.0,671.0,10.2864,39.0854,98.68,203.2637,0.0189,0.0001,99.7655,206.2773,49.4557,-15.8071,0.0,0.0001,2.0684,-0.006,6.2645,35.4312,10.2049,27.2533,36.0491
337.0,673.0,10.2706,39.0679,98.68,202.9168,0.0206,0.0001,99.7449,206.2773,49.4557,-15.8071,0.0,0.0001,2.0601,-0.0042,6.2675,35.428,10.1889,27.2536,36.0502
338.0,675.0,10.2481,39.0442,98.68,201.2571,0.0195,0.0001,99.7065,206.2773,49.4557,-15.8071,0.0,0.0001,2.0495,-0.0052,6.2684,35.425,10.1663,27.2552,36.0527
339.0,677.0,10.2401,39.0391,82.2308,200.4992,0.0228,0.0001,99.6921,206.2773,49.4557,-15.8071,0.0,0.0001,2.0429,-0.005,6.2689,35.4267,10.1581,27.2579,36.0558
340.0,679.0,10.2254,39.0239,97.3208,200.6124,0.0208,0.0001,99.7359,206.2774,49.4557,-15.8071,0.0,0.0001,2.0362,-0.0028,6.2756,35.4245,10.1432,27.2588,36.0573
341.0,681.0,10.1994,38.9967,98.0483,199.1248,0.0228,0.0001,99.7535,206.2774,49.4557,-15.8071,0.0,0.0001,2.0259,-0.0041,6.2816,35.4213,10.117,27.2609,36.0605
342.0,683.0,10.1563,38.9495,98.68,198.6537,0.025,0.0001,99.7607,206.2774,49.4557,-15.8071,0.0,0.0001,2.0214,-0.0036,6.2817,35.4143,10.0739,27.2629,36.0644
343.0,685.0,10.1424,38.9363,98.68,198.8154,0.0229,0.0001,99.7535,206.2774,49.4557,-15.8071,0.0,0.0001,2.0177,-0.0022,6.2805,35.4136,10.0599,27.2648,36.0669
344.0,687.0,10.1463,38.9423,90.5313,198.8034,0.0205,0.0001,99.7535,206.2774,49.4557,-15.8071,0.0,0.0001,2.0153,-0.0013,6.2775,35.4153,10.0635,27.2655,36.0675
345.0,689.0,10.1645,38.9686,98.68,199.7161,0.02,0.0001,99.7535,206.2775,49.4557,-15.8071,0.0,0.0001,2.0157,0.0005,6.2777,35.4234,10.0814,27.2687,36.0698
346.0,691.0,10.1727,38.9806,98.68,199.183,0.0204,0.0001,99.7535,206.2775,49.4558,-15.8071,0.0,0.0001,2.0147,-0.0006,6.2767,35.4264,10.0892,27.2697,36.0704
347.0,693.0,10.188,39.0025,98.68,196.6096,0.0225,0.0001,99.7679,206.2775,49.4558,-15.8071,0.0,0.0001,2.0059,-0.0047,6.2837,35.4329,10.1041,27.2722,36.0722
348.0,695.0,10.1485,38.9616,98.68,196.4406,0.0208,0.0001,99.7535,206.2775,49.4558,-15.8071,0.0,0.0001,2.0006,-0.0037,6.2868,35.4289,10.0647,27.2759,36.0776
349.0,697.0,10.1204,38.9299,81.8947,198.0513,0.0215,0.0001,99.7749,206.2776,49.4558,-15.807,0.0,0.0001,2.0024,-0.0001,6.2909,35.4232,10.0365,27.2763,36.0793
350.0,699.0,10.0906,38.9008,93.2584,198.0936,0.0228,0.0001,99.7771,206.2776,49.4558,-15.807,0.0,0.0001,2.0009,0.0,6.292,35.4217,10.0065,27.2803,36.0846
351.0,701.0,10.0628,38.8729,98.6436,195.2163,0.0224,0.0001,99.7607,206.2776,49.4558,-15.807,0.0,0.0001,1.9923,-0.0046,6.2925,35.4195,9.9787,27.2834,36.0888
352.0,703.0,10.0648,38.8805,98.68,193.2185,0.0214,0.0001,99.7721,206.2776,49.4558,-15.807,0.0,0.0001,1.9807,-0.0061,6.2969,35.4246,9.9804,27.287,36.0924
353.0,705.0,10.0493,38.8658,98.68,192.7133,0.022,0.0001,99.7693,206.2776,49.4558,-15.807,0.0,0.0001,1.9712,-0.0046,6.2971,35.4237,9.9647,27.2891,36.0951
354.0,707.0,10.0101,38.8243,98.68,193.7562,0.0251,0.0001,99.7824,206.2777,49.4558,-15.807,0.0,0.0001,1.9683,-0.0014,6.3051,35.4186,9.9254,27.2918,36.0995
355.0,709.0,9.9549,38.7649,77.809,193.2796,0.0259,0.0001,99.7678,206.2777,49.4558,-15.807,0.0,0.0001,1.9633,-0.0019,6.313,35.4109,9.8703,27.2952,36.1054
356.0,711.0,9.9334,38.7418,89.92,192.1101,0.0267,0.0001,99.7535,206.2777,49.4558,-15.807,0.0,0.0001,1.9603,-0.003,6.3094,35.4073,9.8487,27.2961,36.1073
357.0,713.0,9.8981,38.7034,98.7052,192.9708,0.0255,0.0001,99.7535,206.2777,49.4558,-15.807,0.0,0.0001,1.9573,-0.0009,6.3169,35.4016,9.8133,27.2976,36.1104
358.0,715.0,9.8885,38.6937,98.68,192.8384,0.0207,0.0001,99.7612,206.2778,49.4558,-15.807,0.0,0.0001,1.956,-0.0012,6.3242,35.4003,9.8035,27.2984,36.1115
359.0,717.0,9.8666,38.67,98.4497,194.0775,0.0188,0.0001,99.7802,206.2778,49.4558,-15.807,0.0,0.0001,1.9582,0.0011,6.3235,35.3967,9.7815,27.2993,36.1134
360.0,719.0,9.8157,38.6174,98.68,195.966,0.0204,0.0001,99.7587,206.2778,49.4558,-15.807,0.0,0.0001,1.9639,0.0033,6.3275,35.3914,9.7306,27.3037,36.1201
361.0,721.0,9.7947,38.5977,98.68,194.2993,0.0189,0.0001,99.7333,206.2778,49.4559,-15.807,0.0,0.0001,1.9617,-0.0009,6.3348,35.3909,9.7095,27.3069,36.1242
362.0,723.0,9.7805,38.5826,71.3485,194.006,0.0196,0.0001,99.7824,206.2779,49.4559,-15.807,0.0,0.0001,1.9597,-0.0012,6.3378,35.3885,9.6951,27.3075,36.1254
363.0,725.0,9.7588,38.5604,81.0652,194.1729,0.0218,0.0001,99.7535,206.2779,49.4559,-15.807,0.0,0.0001,1.9594,-0.0007,6.3387,35.3861,9.6733,27.3093,36.1282
364.0,727.0,9.7454,38.5497,94.8957,193.882,0.0225,0.0001,99.7679,206.2779,49.4559,-15.807,0.0,0.0001,1.9573,-0.0009,6.3377,35.3872,9.6597,27.3125,36.1319
365.0,729.0,9.7188,38.5203,98.68,194.224,0.0239,0.0001,99.7679,206.2779,49.4559,-15.807,0.0,0.0001,1.9566,-0.0003,6.3442,35.382,9.633,27.3129,36.1336
366.0,731.0,9.6966,38.4997,97.7958,193.3712,0.0234,0.0001,99.7297,206.278,49.4559,-15.8069,0.0,0.0001,1.9524,-0.0017,6.3485,35.3819,9.6106,27.3166,36.1382
367.0,733.0,9.6745,38.4784,69.279,191.9818,0.0208,0.0001,99.7246,206.278,49.4559,-15.8069,0.0,0.0001,1.9471,-0.0033,6.3473,35.3806,9.5885,27.3193,36.1419
368.0,735.0,9.6652,38.4705,98.68,192.2721,0.0227,0.0001,99.7759,206.278,49.4559,-15.8069,0.0,0.0001,1.9449,-0.0019,6.3482,35.3806,9.5789,27.3209,36.1439
369.0,737.0,9.6725,38.4802,98.68,192.5537,0.0254,0.0001,99.7366,206.278,49.4559,-15.8069,0.0,0.0001,1.9432,-0.0007,6.3472,35.3826,9.586,27.3213,36.144
370.0,739.0,9.6732,38.4861,98.68,191.6025,0.0214,0.0001,99.7698,206.278,49.4559,-15.8069,0.0,0.0001,1.9389,-0.0018,6.3413,35.3871,9.5865,27.3247,36.1473
371.0,741.0,9.6865,38.5061,98.68,191.9315,0.0207,0.0001,99.7556,206.2781,49.4559,-15.8069,0.0,0.0001,1.9389,-0.0005,6.3365,35.3937,9.5994,27.3277,36.1496
372.0,743.0,9.7455,38.5807,88.7212,192.2585,0.0214,0.0001,99.7101,206.2781,49.4559,-15.8069,0.0,0.0001,1.9391,-0.0001,6.3428,35.4117,9.6578,27.332,36.1512
373.0,745.0,9.7158,38.5508,84.5971,192.0348,0.0228,0.0001,99.739,206.2781,49.4559,-15.8069,0.0,0.0001,1.9385,-0.0008,6.3505,35.4092,9.6281,27.335,36.1555
374.0,747.0,9.6787,38.5088,96.8844,191.309,0.023,0.0001,99.7562,206.2781,49.4559,-15.8069,0.0,0.0001,1.9328,-0.0018,6.3543,35.4017,9.5909,27.3354,36.1576
375.0,749.0,9.6343,38.4623,98.68,191.1998,0.0184,0.0001,99.7656,206.2782,49.456,-15.8069,0.0,0.0001,1.931,-0.0014,6.3556,35.3964,9.5466,27.3387,36.1628
376.0,751.0,9.621,38.4479,98.68,191.205,0.0208,0.0001,99.7768,206.2782,49.456,-15.8069,0.0,0.0001,1.9292,-0.0009,6.3555,35.3936,9.533,27.3388,36.1636
377.0,753.0,9.6185,38.4467,98.68,191.0194,0.0186,0.0001,99.7611,206.2782,49.456,-15.8069,0.0,0.0001,1.9279,-0.0009,6.3568,35.3939,9.5303,27.3395,36.1644
378.0,755.0,9.6167,38.4461,65.5576,190.3453,0.022,0.0001,99.7716,206.2782,49.456,-15.8069,0.0,0.0001,1.9231,-0.0018,6.3616,35.3942,9.5283,27.34,36.165
379.0,757.0,9.5918,38.4186,95.7564,190.4883,0.0218,0.0001,99.7824,206.2783,49.456,-15.8069,0.0,0.0001,1.9203,-0.0019,6.3837,35.3894,9.5033,27.3404,36.1666
380.0,759.0,9.4777,38.2924,96.2977,188.8039,0.019,0.0001,99.7727,206.2783,49.456,-15.8068,0.0,0.0001,1.9129,-0.0038,6.3897,35.3703,9.3896,27.3444,36.1757
381.0,761.0,9.3874,38.1912,98.68,188.0401,0.0209,0.0001,99.8112,206.2783,49.456,-15.8068,0.0,0.0001,1.9073,-0.0032,6.3788,35.3535,9.2995,27.3462,36.1816
382.0,763.0,9.4409,38.2581,98.68,188.8438,0.0188,0.0001,99.7967,206.2783,49.456,-15.8068,0.0,0.0001,1.9046,-0.0009,6.3821,35.369,9.3524,27.3496,36.1825
383.0,765.0,9.4392,38.2588,98.68,188.3726,0.0198,0.0001,99.7957,206.2783,49.456,-15.8068,0.0,0.0001,1.9001,-0.002,6.4032,35.3706,9.3505,27.3511,36.1841
384.0,767.0,9.3143,38.1177,98.68,186.2861,0.0199,0.0001,99.8098,206.2784,49.456,-15.8068,0.0,0.0001,1.8923,-0.0043,6.3938,35.3463,9.2261,27.3526,36.1913
385.0,769.0,9.2817,38.0857,98.68,186.9243,0.0194,0.0001,99.8225,206.2784,49.456,-15.8068,0.0,0.0001,1.8877,-0.0025,6.4064,35.3443,9.1934,27.3564,36.1965
386.0,771.0,9.2716,38.0753,98.68,187.0354,0.023,0.0001,99.8206,206.2784,49.456,-15.8068,0.0,0.0001,1.8863,-0.0017,6.4154,35.3427,9.1832,27.3568,36.1974
387.0,773.0,9.2487,38.0489,98.68,186.3596,0.024,0.0001,99.8291,206.2784,49.456,-15.8068,0.0,0.0001,1.8813,-0.0022,6.4167,35.337,9.1602,27.3561,36.1978
388.0,775.0,9.2077,38.0076,72.2134,186.2019,0.0232,0.0001,99.8401,206.2785,49.456,-15.8068,0.0,0.0001,1.8782,-0.0016,6.4179,35.3334,9.1192,27.36,36.2035
389.0,777.0,9.2007,37.9994,97.3428,186.1154,0.0208,0.0001,99.8348,206.2785,49.456,-15.8068,0.0,0.0001,1.8759,-0.0012,6.4201,35.331,9.112,27.3593,36.2032
390.0,779.0,9.1842,37.9826,97.8483,186.421,0.0199,0.0001,99.8401,206.2785,49.456,-15.8068,0.0,0.0001,1.8747,-0.0006,6.4252,35.3288,9.0953,27.3603,36.2049
391.0,781.0,9.1525,37.9509,98.68,185.6162,0.0224,0.0001,99.8439,206.2785,49.456,-15.8068,0.0,0.0001,1.8718,-0.0017,6.4273,35.3262,9.0636,27.3635,36.2095
392.0,783.0,9.1384,37.9363,92.509,185.2882,0.0224,0.0001,99.827,206.2786,49.456,-15.8067,0.0,0.0001,1.8678,-0.0016,6.4278,35.3239,9.0493,27.364,36.2107
393.0,785.0,9.1291,37.9299,90.6298,185.1322,0.0212,0.0001,99.8401,206.2786,49.456,-15.8067,0.0,0.0001,1.866,-0.0013,6.4285,35.3254,9.0399,27.3666,36.2137
394.0,787.0,9.1271,37.9291,98.68,184.8412,0.0163,0.0001,99.8566,206.2786,49.4561,-15.8067,0.0,0.0001,1.8629,-0.0013,6.4286,35.3257,9.0376,27.3673,36.2144
395.0,789.0,9.1212,37.9311,98.68,184.6219,0.0157,0.0001,99.869,206.2786,49.4561,-15.8067,0.0,0.0001,1.861,-0.0012,6.4301,35.3326,9.0315,27.3737,36.221
396.0,791.0,9.1161,37.9309,98.68,184.0108,0.0234,0.0001,99.8834,206.2786,49.4561,-15.8067,0.0,0.0001,1.8572,-0.002,6.4373,35.3367,9.0262,27.3777,36.2252
397.0,793.0,9.089,37.9057,98.68,183.015,0.0255,0.0,99.8774,206.2787,49.4561,-15.8067,0.0,0.0001,1.8517,-0.0029,6.441,35.3363,8.9991,27.3818,36.2305
398.0,795.0,9.037,37.8523,76.6401,183.6996,0.0262,0.0,99.8978,206.2787,49.4561,-15.8067,0.0,0.0001,1.8498,-0.0008,6.4406,35.3308,8.947,27.3859,36.2369
399.0,797.0,9.0382,37.8565,98.6652,183.7669,0.0249,0.0,99.8764,206.2787,49.4561,-15.8067,0.0,0.0001,1.8487,-0.0005,6.442,35.3331,8.948,27.3875,36.2385
400.0,799.0,9.0331,37.8532,98.6709,183.7397,0.023,0.0,99.8888,206.2787,49.4561,-15.8067,0.0,0.0001,1.8483,-0.0004,6.4414,35.3339,8.9427,27.389,36.2401
401.0,801.0,9.0292,37.8564,98.68,183.9141,0.0204,0.0,99.894,206.2788,49.4561,-15.8067,0.0,0.0001,1.848,-0.0001,6.442,35.3401,8.9386,27.3946,36.2458
402.0,803.0,9.0272,37.8579,98.68,183.4238,0.0182,0.0,99.9084,206.2788,49.4561,-15.8067,0.0,0.0001,1.8474,-0.0008,6.441,35.3428,8.9364,27.397,36.2483
403.0,805.0,9.0282,37.8652,71.2724,183.352,0.021,0.0,99.905,206.2788,49.4561,-15.8067,0.0,0.0001,1.8455,-0.0006,6.4409,35.3483,8.9371,27.4012,36.2524
404.0,807.0,9.0314,37.8708,98.6808,183.5683,0.0211,0.0,99.9018,206.2788,49.4561,-15.8067,0.0,0.0001,1.8437,-0.0003,6.445,35.3501,8.94,27.4022,36.2532
405.0,809.0,9.0228,37.8641,94.3871,183.0847,0.023,0.0,99.8992,206.2789,49.4561,-15.8066,0.0,0.0001,1.8426,-0.0011,6.4486,35.3509,8.9313,27.4042,36.2556
406.0,811.0,8.9802,37.8249,98.68,183.6201,0.0177,0.0,99.9016,206.2789,49.4561,-15.8066,0.0,0.0001,1.8425,0.0,6.449,35.3509,8.8887,27.411,36.2643
407.0,813.0,8.9745,37.8279,98.4654,183.5691,0.0229,0.0,99.8978,206.2789,49.4561,-15.8066,0.0,0.0001,1.8423,-0.0001,6.4487,35.3588,8.8827,27.4182,36.2716
408.0,815.0,8.9746,37.8327,98.68,183.6558,0.0215,0.0,99.909,206.2789,49.4561,-15.8066,0.0,0.0001,1.8421,0.0,6.4482,35.3628,8.8827,27.4213,36.2747
409.0,817.0,8.9648,37.8332,98.68,183.9701,0.0171,0.0,99.8971,206.2789,49.4561,-15.8066,0.0,0.0001,1.8425,0.0002,6.4559,35.372,8.8726,27.4301,36.2838
410.0,819.0,8.9647,37.8292,98.68,183.3897,0.024,0.0,99.8978,206.279,49.4561,-15.8066,0.0,0.0001,1.8402,-0.0012,6.464,35.3674,8.8723,27.4266,36.2804
411.0,821.0,8.891,37.7575,77.0532,183.3929,0.0235,0.0,99.8978,206.279,49.4561,-15.8066,0.0,0.0001,1.84,-0.0005,6.4585,35.3644,8.7989,27.436,36.293
412.0,823.0,8.8607,37.729,84.2366,184.2798,0.0217,0.0001,99.8781,206.279,49.4561,-15.8066,0.0,0.0001,1.841,0.0005,6.4645,35.3634,8.7685,27.44,36.2984
413.0,825.0,8.8714,37.7395,94.5412,184.0831,0.021,0.0001,99.8545,206.279,49.4561,-15.8066,0.0,0.0001,1.8406,-0.0004,6.4741,35.363,8.7789,27.438,36.296
414.0,827.0,8.8289,37.698,98.68,183.4561,0.0239,0.0,99.9011,206.2791,49.4561,-15.8066,0.0,0.0001,1.8376,-0.0013,6.4775,35.3606,8.7364,27.443,36.3028
415.0,829.0,8.7754,37.6477,98.68,183.7449,0.0209,0.0,99.9267,206.2791,49.4561,-15.8066,0.0,0.0001,1.8371,-0.0004,6.4767,35.36,8.6829,27.451,36.3132
416.0,831.0,8.7774,37.6526,85.3513,184.0944,0.0211,0.0,99.8978,206.2791,49.4561,-15.8066,0.0,0.0001,1.8375,0.0002,6.4764,35.3623,8.6848,27.4525,36.3145
417.0,833.0,8.7776,37.6558,98.68,184.3241,0.0229,0.0,99.8978,206.2791,49.4561,-15.8066,0.0,0.0001,1.8387,0.0006,6.4677,35.3644,8.6847,27.4542,36.3162
418.0,835.0,8.8159,37.7082,98.68,184.0436,0.0211,0.0,99.8978,206.2792,49.4561,-15.8066,0.0,0.0001,1.8382,-0.0003,6.4711,35.3805,8.7225,27.4608,36.3209
419.0,837.0,8.8372,37.7367,98.68,183.5866,0.0216,0.0,99.8978,206.2792,49.4561,-15.8065,0.0,0.0001,1.8376,-0.0009,6.4708,35.3885,8.7434,27.4637,36.3228
420.0,839.0,8.8095,37.7078,98.68,184.1866,0.0209,0.0,99.8978,206.2792,49.4561,-15.8065,0.0,0.0001,1.8377,0.0002,6.4686,35.3846,8.7157,27.4651,36.3255
421.0,841.0,8.8206,37.7209,74.8163,184.09,0.0218,0.0,99.8962,206.2792,49.4561,-15.8065,0.0,0.0001,1.8382,0.0002,6.4575,35.3866,8.7265,27.4649,36.3248
422.0,843.0,8.8559,37.766,98.68,183.8792,0.0205,0.0,99.8942,206.2792,49.4561,-15.8065,0.0,0.0001,1.8376,-0.0003,6.4619,35.398,8.7614,27.4683,36.3265
423.0,845.0,8.9262,37.8546,98.4382,183.2296,0.0196,0.0,99.8708,206.2793,49.4562,-15.8065,0.0,0.0001,1.8364,-0.001,6.4542,35.4201,8.8309,27.4745,36.3294
424.0,847.0,8.9311,37.8619,98.68,183.297,0.0244,0.0,99.8972,206.2793,49.4562,-15.8065,0.0,0.0001,1.8351,-0.0006,6.4532,35.422,8.8356,27.4753,36.3299
425.0,849.0,8.9213,37.852,98.68,182.6469,0.0212,0.0,99.8978,206.2793,49.4562,-15.8065,0.0,0.0001,1.8334,-0.0009,6.4436,35.4203,8.8256,27.4755,36.3306
426.0,851.0,8.926,37.8617,98.68,183.1364,0.0223,0.0,99.8978,206.2793,49.4562,-15.8065,0.0,0.0001,1.8324,0.0,6.4478,35.425,8.83,27.4785,36.3333
427.0,853.0,8.9859,37.9312,68.4534,183.0164,0.0196,0.0,99.9079,206.2794,49.4562,-15.8065,0.0,0.0001,1.8315,-0.0003,6.4491,35.4374,8.8893,27.4787,36.3307
428.0,855.0,8.933,37.8784,93.0786,182.5737,0.0201,0.0001,99.8725,206.2794,49.4562,-15.8065,0.0,0.0001,1.8288,-0.0023,6.4902,35.4336,8.8365,27.4842,36.3386
429.0,857.0,8.7078,37.6139,98.68,183.7631,0.0177,0.0,99.8834,206.2794,49.4562,-15.8065,0.0,0.0001,1.8263,0.0005,6.4911,35.3787,8.6126,27.4767,36.3418
430.0,859.0,8.6724,37.5777,98.68,184.929,0.0205,0.0,99.8917,206.2794,49.4562,-15.8065,0.0,0.0001,1.8303,0.0022,6.4911,35.3749,8.5771,27.4794,36.346
431.0,861.0,8.6772,37.5845,98.68,184.6931,0.0195,0.0,99.8978,206.2794,49.4562,-15.8064,0.0,0.0001,1.8314,0.0008,6.495,35.3765,8.5816,27.4799,36.3463
432.0,863.0,8.6675,37.5751,98.68,184.6681,0.0186,0.0,99.8978,206.2795,49.4562,-15.8064,0.0,0.0001,1.8315,0.0003,6.499,35.3753,8.5717,27.4806,36.3474
433.0,865.0,8.6408,37.5484,98.68,184.9248,0.0173,0.0,99.8948,206.2795,49.4562,-15.8064,0.0,0.0001,1.8319,0.0004,6.5011,35.3729,8.5451,27.4829,36.351
434.0,867.0,8.6084,37.5152,98.68,185.4643,0.0186,0.0,99.8978,206.2795,49.4562,-15.8064,0.0,0.0001,1.8342,0.0009,6.5036,35.3692,8.5126,27.485,36.3546
435.0,869.0,8.5884,37.4942,98.68,185.3425,0.0201,0.0,99.8978,206.2795,49.4562,-15.8064,0.0,0.0001,1.8339,-0.0003,6.5177,35.3661,8.4925,27.4858,36.3563
436.0,871.0,8.5135,37.416,82.1457,185.2244,0.0231,0.0,99.8945,206.2796,49.4562,-15.8064,0.0,0.0001,1.833,-0.0003,6.5154,35.3568,8.4178,27.4901,36.3641
437.0,873.0,8.4764,37.3788,79.6447,186.651,0.0185,0.0,99.8978,206.2796,49.4562,-15.8064,0.0,0.0001,1.8356,0.0016,6.521,35.3535,8.3807,27.4933,36.369
438.0,875.0,8.4739,37.3772,95.6628,186.1109,0.0216,0.0,99.8908,206.2796,49.4562,-15.8064,0.0,0.0001,1.8359,0.0004,6.523,35.3536,8.378,27.4938,36.3695
439.0,877.0,8.463,37.3685,98.68,186.218,0.0225,0.0,99.8954,206.2796,49.4562,-15.8064,0.0,0.0001,1.837,0.0008,6.5097,35.3541,8.367,27.4959,36.3722
440.0,879.0,8.4755,37.391,98.68,186.4342,0.0227,0.0,99.8954,206.2797,49.4562,-15.8064,0.0,0.0001,1.8378,0.001,6.5065,35.3646,8.3792,27.5023,36.3778
441.0,881.0,8.5641,37.4921,88.2387,185.2748,0.0221,0.0,99.8978,206.2797,49.4562,-15.8064,0.0,0.0001,1.8373,-0.0004,6.49,35.3823,8.4669,27.5024,36.3739
442.0,883.0,8.6553,37.6093,98.68,184.6145,0.0236,0.0,99.8978,206.2797,49.4562,-15.8064,0.0,0.0001,1.835,-0.0009,6.483,35.414,8.5573,27.5132,36.3801
443.0,885.0,8.7331,37.7047,98.68,183.5997,0.0238,0.0,99.8978,206.2797,49.4562,-15.8064,0.0,0.0001,1.8315,-0.0024,6.4842,35.4362,8.6343,27.5184,36.3816
444.0,887.0,8.7188,37.6896,98.68,183.8343,0.0219,0.0,99.8978,206.2797,49.4562,-15.8064,0.0,0.0001,1.8294,-0.0015,6.4906,35.4337,8.6199,27.5188,36.3826
445.0,889.0,8.696,37.6635,98.68,183.7656,0.024,0.0,99.8978,206.2798,49.4562,-15.8064,0.0,0.0001,1.8266,-0.0014,6.4947,35.4282,8.597,27.5181,36.383
446.0,891.0,8.6447,37.6088,88.8518,184.5642,0.0235,0.0,99.8963,206.2798,49.4562,-15.8063,0.0,0.0001,1.8275,0.0005,6.4871,35.4205,8.5458,27.5201,36.3874
447.0,893.0,8.6879,37.6603,90.9492,184.3176,0.0213,0.0,99.9017,206.2798,49.4563,-15.8063,0.0,0.0001,1.827,-0.0004,6.4932,35.4307,8.5884,27.5214,36.3867
448.0,895.0,8.7147,37.6933,98.68,183.1376,0.0238,0.0,99.8918,206.2798,49.4563,-15.8063,0.0,0.0001,1.823,-0.0022,6.4956,35.438,8.6148,27.5229,36.387
449.0,897.0,8.644,37.6185,98.68,184.2094,0.0211,0.0,99.8978,206.2799,49.4563,-15.8063,0.0,0.0001,1.8246,-0.0002,6.4955,35.4287,8.5444,27.5267,36.394
450.0,899.0,8.6322,37.6118,64.7407,184.6922,0.015,0.0,99.8978,206.2799,49.4563,-15.8063,0.0,0.0001,1.8254,0.0005,6.4985,35.4325,8.5324,27.5316,36.3994
451.0,901.0,8.6152,37.5931,91.7684,184.5375,0.0186,0.0,99.8958,206.2799,49.4563,-15.8063,0.0,0.0001,1.8254,-0.0008,6.5192,35.4289,8.5153,27.5314,36.4
452.0,903.0,8.4997,37.4645,98.68,184.6977,0.0214,0.0,99.905,206.2799,49.4563,-15.8063,0.0,0.0001,1.8254,-0.0003,6.5225,35.4072,8.4004,27.5324,36.4064
453.0,905.0,8.4607,37.426,98.68,185.6276,0.021,0.0,99.8978,206.28,49.4563,-15.8063,0.0,0.0001,1.8255,0.001,6.5232,35.4046,8.3614,27.5364,36.4121
454.0,907.0,8.452,37.4194,98.68,185.8827,0.0197,0.0,99.8956,206.28,49.4563,-15.8063,0.0,0.0001,1.8269,0.0008,6.5238,35.4054,8.3525,27.5384,36.4145
455.0,909.0,8.4479,37.4162,98.68,185.6554,0.0229,0.0,99.8978,206.28,49.4563,-15.8063,0.0,0.0001,1.8278,0.0002,6.5249,35.4052,8.3483,27.5389,36.4153
456.0,911.0,8.4431,37.4136,98.4875,185.6223,0.0207,0.0,99.8978,206.28,49.4563,-15.8063,0.0,0.0001,1.8278,0.0,6.5263,35.4064,8.3433,27.5406,36.4171
457.0,913.0,8.4329,37.4041,98.68,185.7181,0.0229,0.0,99.897,206.28,49.4563,-15.8063,0.0,0.0001,1.8278,0.0,6.5271,35.4055,8.3328,27.5415,36.4186
458.0,915.0,8.4231,37.395,98.68,185.9121,0.0225,0.0,99.896,206.2801,49.4563,-15.8063,0.0,0.0001,1.8278,0.0002,6.5262,35.4046,8.3228,27.5424,36.4199
459.0,917.0,8.4156,37.3883,94.7472,186.0048,0.0209,0.0,99.8933,206.2801,49.4563,-15.8063,0.0,0.0001,1.8278,-0.0001,6.532,35.4041,8.3152,27.5431,36.421
460.0,919.0,8.4046,37.377,52.4094,185.7798,0.0204,0.0,99.8978,206.2801,49.4563,-15.8063,0.0,0.0001,1.8275,-0.0005,6.5339,35.4024,8.3041,27.5435,36.4219
461.0,921.0,8.3848,37.3586,96.6495,186.2477,0.0199,0.0,99.8978,206.2801,49.4563,-15.8063,0.0,0.0001,1.8273,0.0002,6.5338,35.4016,8.2842,27.546,36.4252
462.0,923.0,8.3794,37.3548,93.3582,186.5688,0.0186,0.0,99.8822,206.2802,49.4563,-15.8062,0.0,0.0001,1.8278,0.0005,6.5346,35.4018,8.2786,27.547,36.4265
463.0,925.0,8.3762,37.3535,98.68,186.0779,0.021,0.0,99.8978,206.2802,49.4563,-15.8063,0.0,0.0001,1.828,-0.0002,6.5261,35.403,8.2751,27.5484,36.4281
464.0,927.0,8.3812,37.3652,98.68,186.4933,0.0202,0.0,99.8971,206.2802,49.4563,-15.8063,0.0,0.0001,1.8295,0.0007,6.5155,35.4096,8.28,27.5529,36.4323
465.0,929.0,8.4872,37.4948,79.1632,185.7517,0.0204,0.0,99.8951,206.2802,49.4563,-15.8062,0.0,0.0001,1.8283,-0.0007,6.5194,35.4398,8.3849,27.5604,36.4346
466.0,931.0,8.4757,37.4851,98.68,185.298,0.018,0.0001,99.8877,206.2803,49.4563,-15.8062,0.0,0.0001,1.8256,-0.0011,6.5211,35.4399,8.3732,27.5623,36.437
467.0,933.0,8.4617,37.4684,98.68,185.4236,0.0185,0.0,99.8786,206.2803,49.4563,-15.8062,0.0,0.0001,1.8241,-0.0008,6.5286,35.4355,8.3591,27.561,36.4364
468.0,935.0,8.4093,37.4144,98.68,185.5782,0.0197,0.0,99.9079,206.2803,49.4563,-15.8062,0.0,0.0001,1.8241,-0.0004,6.5265,35.4298,8.3068,27.5646,36.4424
469.0,937.0,8.4029,37.4123,98.68,186.2349,0.0232,0.0,99.8944,206.2803,49.4564,-15.8062,0.0,0.0001,1.8242,0.0007,6.5272,35.4328,8.3002,27.568,36.4461
470.0,939.0,8.4112,37.423,72.7696,186.3076,0.0206,0.0001,99.8834,206.2803,49.4564,-15.8062,0.0,0.0001,1.8249,0.0004,6.5322,35.4348,8.3082,27.5684,36.446
471.0,941.0,8.3887,37.3994,96.8725,186.0338,0.019,0.0001,99.8268,206.2804,49.4564,-15.8062,0.0,0.0001,1.8235,-0.0005,6.5403,35.4316,8.2857,27.5693,36.448
472.0,943.0,8.3389,37.3481,98.68,186.1874,0.0204,0.0001,99.8776,206.2804,49.4564,-15.8062,0.0,0.0001,1.8236,-0.0001,6.5407,35.4261,8.236,27.5727,36.4537
473.0,945.0,8.3278,37.3385,98.68,186.2887,0.0175,0.0,99.8978,206.2804,49.4564,-15.8062,0.0,0.0001,1.8237,0.0001,6.5374,35.4263,8.2248,27.5745,36.4561
474.0,947.0,8.3108,37.3224,98.68,187.0013,0.0172,0.0,99.8912,206.2804,49.4564,-15.8062,0.0,0.0001,1.8251,0.0006,6.5442,35.4252,8.2076,27.5763,36.4586
475.0,949.0,8.3011,37.315,83.1887,186.7195,0.022,0.0,99.8753,206.2805,49.4564,-15.8062,0.0,0.0001,1.8252,-0.0002,6.5457,35.4262,8.1978,27.5786,36.4614
476.0,951.0,8.2953,37.3114,84.5721,187.036,0.02,0.0001,99.869,206.2805,49.4564,-15.8062,0.0,0.0001,1.8254,0.0003,6.546,35.4271,8.1918,27.5802,36.4632
477.0,953.0,8.2926,37.3093,89.9877,186.8764,0.0177,0.0,99.8845,206.2805,49.4564,-15.8062,0.0,0.0001,1.8254,-0.0001,6.5456,35.4267,8.1888,27.5803,36.4635
478.0,955.0,8.2897,37.3118,98.68,187.0302,0.0172,0.0001,99.8801,206.2805,49.4564,-15.8062,0.0,0.0001,1.8254,0.0,6.5479,35.4314,8.1857,27.5845,36.4677
479.0,957.0,8.284,37.3098,98.68,187.4361,0.0197,0.0,99.8963,206.2806,49.4564,-15.8062,0.0,0.0001,1.8257,0.0005,6.5488,35.4339,8.1799,27.5874,36.4708
480.0,959.0,8.271,37.3017,98.68,187.2024,0.0194,0.0001,99.8805,206.2806,49.4564,-15.8062,0.0,0.0001,1.8254,-0.0003,6.553,35.4375,8.1667,27.5922,36.4762
481.0,961.0,8.253,37.2856,98.68,187.3692,0.0189,0.0001,99.8733,206.2806,49.4564,-15.8061,0.0,0.0001,1.8254,0.0,6.5512,35.4373,8.1486,27.5949,36.4797
482.0,963.0,8.2332,37.2679,98.68,188.0596,0.0209,0.0,99.8852,206.2806,49.4564,-15.8061,0.0,0.0001,1.8278,0.0008,6.5541,35.4373,8.1287,27.5979,36.4836
483.0,965.0,8.2431,37.2774,98.68,187.5914,0.0207,0.0001,99.8401,206.2806,49.4564,-15.8061,0.0,0.0001,1.8278,-0.0002,6.555,35.437,8.1384,27.5962,36.4814
484.0,967.0,8.2282,37.2653,98.68,187.897,0.0208,0.0001,99.869,206.2807,49.4564,-15.8061,0.0,0.0001,1.8278,0.0003,6.5536,35.438,8.1233,27.5993,36.4852
485.0,969.0,8.2354,37.2788,84.208,187.8151,0.0205,0.0001,99.869,206.2807,49.4565,-15.8061,0.0,0.0001,1.8278,-0.0001,6.5566,35.4439,8.1302,27.6029,36.4884
486.0,971.0,8.2262,37.274,86.4044,187.6252,0.0217,0.0001,99.8632,206.2807,49.4565,-15.8061,0.0,0.0001,1.8272,-0.0005,6.5596,35.4474,8.1208,27.607,36.4929
487.0,973.0,8.2015,37.248,94.0276,188.1095,0.0186,0.0001,99.8709,206.2807,49.4565,-15.8061,0.0,0.0001,1.8266,0.0002,6.5627,35.4435,8.0961,27.6078,36.4948
488.0,975.0,8.1851,37.2309,98.68,188.033,0.0189,0.0001,99.861,206.2808,49.4565,-15.8061,0.0,0.0001,1.8278,0.0,6.5626,35.4408,8.0795,27.6082,36.496
489.0,977.0,8.1417,37.1842,98.68,188.9942,0.019,0.0001,99.866,206.2808,49.4565,-15.8061,0.0,0.0001,1.8284,0.001,6.5676,35.4336,8.0362,27.6091,36.499
490.0,979.0,8.139,37.1828,88.3993,188.2674,0.0187,0.0001,99.8353,206.2808,49.4565,-15.8061,0.0,0.0001,1.8278,-0.0006,6.5736,35.434,8.0334,27.6098,36.4998
491.0,981.0,8.1057,37.1491,98.68,188.9574,0.0157,0.0001,99.8579,206.2808,49.4565,-15.8061,0.0,0.0001,1.8278,0.0005,6.5731,35.4303,8.0,27.612,36.5035
492.0,983.0,8.0962,37.1406,98.68,189.6395,0.0185,0.0001,99.869,206.2808,49.4565,-15.8061,0.0,0.0001,1.8291,0.0015,6.5707,35.43,7.9904,27.6132,36.5052
493.0,985.0,8.1015,37.1461,98.68,189.3576,0.0177,0.0001,99.8405,206.2809,49.4565,-15.8061,0.0,0.0001,1.8305,0.0002,6.5809,35.4297,7.9955,27.6122,36.504
494.0,987.0,8.0664,37.1043,98.68,188.7883,0.0208,0.0001,99.857,206.2809,49.4565,-15.8061,0.0,0.0001,1.8291,-0.0007,6.5826,35.4196,7.9604,27.6096,36.5031
495.0,989.0,8.0321,37.0741,98.68,189.4118,0.0208,0.0001,99.8469,206.2809,49.4565,-15.8061,0.0,0.0001,1.8291,0.0002,6.5831,35.421,7.9262,27.6158,36.5108
496.0,991.0,8.0231,37.0655,88.225,190.0064,0.0179,0.0001,99.8369,206.2809,49.4565,-15.806,0.0,0.0001,1.8314,0.0006,6.5877,35.4196,7.9169,27.6161,36.5116
497.0,993.0,8.008,37.0513,98.615,190.3432,0.0204,0.0001,99.8401,206.281,49.4565,-15.806,0.0,0.0001,1.8329,0.0008,6.5895,35.4186,7.9017,27.6176,36.5138
498.0,995.0,7.9978,37.0399,98.68,190.1518,0.0188,0.0001,99.8353,206.281,49.4566,-15.806,0.0,0.0001,1.8336,0.0,6.5903,35.416,7.8914,27.6171,36.5138
499.0,997.0,7.9974,37.0451,86.5458,190.2345,0.0185,0.0001,99.8326,206.2811,49.4566,-15.806,0.0,0.0001,1.8334,0.0,6.5905,35.4207,7.8907,27.6209,36.5176
500.0,999.0,7.9895,37.037,98.4638,190.3997,0.0179,0.0001,99.8357,206.2811,49.4566,-15.806,0.0,0.0001,1.8338,0.0001,6.5918,35.4191,7.8826,27.6209,36.5179
501.0,1001.0,7.9888,37.0371,98.5942,190.4714,0.0186,0.0001,99.8231,206.2812,49.4566,-15.806,0.0,0.0001,1.834,0.0001,6.5934,35.419,7.8818,27.6209,36.518
502.0,1003.0,7.9646,37.0141,91.2021,190.7124,0.0201,0.0001,99.8397,206.2813,49.4566,-15.8059,0.0,0.0001,1.8343,0.0001,6.5952,35.4177,7.8575,27.6235,36.5217
503.0,1005.0,7.9652,37.0169,90.042,191.0278,0.0227,0.0001,99.8147,206.2813,49.4567,-15.8059,0.0,0.0001,1.8362,0.0002,6.595,35.4193,7.8578,27.6247,36.5229
504.0,1007.0,7.9243,36.9739,95.2219,191.2877,0.0208,0.0001,99.8036,206.2817,49.4568,-15.8058,0.0,0.0001,1.8374,-0.0001,6.6035,35.4132,7.817,27.626,36.5261
505.0,1009.0,7.9094,36.9579,95.5183,191.5213,0.0207,0.0001,99.8012,206.2818,49.4568,-15.8058,0.0,0.0001,1.8377,0.0002,6.6036,35.4108,7.8021,27.6264,36.5272
