Datacycle,press,temp,cond,alt,oxygen,fluor,atten,trans,jday,lat,lon,PAR,UPAR,oxV,oxdVdt,oxysat,salin,potemp,sigma0,sigma2
1.0,3.0,15.4063,43.9699,90.3379,242.8608,0.6173,0.0025,93.8919,212.9861,48.7484,-16.5247,0.0,0.0001,2.7066,-0.0004,5.6216,35.5892,15.4058,26.336,34.9294
2.0,5.0,15.4058,43.9695,67.0499,243.2629,0.6182,0.0023,94.2575,212.9862,48.7484,-16.5247,0.0,0.0001,2.7086,0.0003,5.6218,35.5886,15.4051,26.3357,34.9292
3.0,7.0,15.405,43.9691,98.71,242.8455,0.6162,0.0023,94.3269,212.9863,48.7484,-16.5247,0.0,0.0001,2.7056,-0.0003,5.6219,35.5883,15.404,26.3358,34.9292
4.0,9.0,15.4038,43.9684,98.71,243.215,0.6122,0.0023,94.3317,212.9864,48.7484,-16.5247,0.0,0.0001,2.707,0.0002,5.6219,35.5878,15.4024,26.3357,34.9292
5.0,11.0,15.4025,43.9681,98.71,243.1115,0.6096,0.0023,94.3407,212.9865,48.7484,-16.5248,0.0,0.0001,2.7061,-0.0001,5.622,35.5878,15.4008,26.336,34.9296
6.0,13.0,15.4021,43.9683,98.71,243.1826,0.6205,0.0023,94.3324,212.9865,48.7483,-16.5248,0.0,0.0001,2.7056,0.0003,5.6218,35.5876,15.4001,26.3361,34.9297
7.0,15.0,15.4071,43.974,98.71,242.831,0.6106,0.0023,94.3343,212.9866,48.7483,-16.5248,0.0,0.0001,2.7043,-0.0009,5.6213,35.5874,15.4048,26.3348,34.9283
8.0,17.0,15.4098,43.9779,98.71,242.4658,0.6216,0.0023,94.3238,212.9866,48.7483,-16.5248,0.0,0.0001,2.6998,-0.0008,5.6213,35.5876,15.4071,26.3345,34.9279
9.0,19.0,15.4089,43.9779,98.71,242.2963,0.6015,0.0023,94.325,212.9867,48.7483,-16.5248,0.0,0.0001,2.6977,-0.0006,5.6212,35.5877,15.406,26.3348,34.9282
10.0,21.0,15.4093,43.9791,98.71,242.6864,0.5959,0.0023,94.3185,212.9867,48.7483,-16.5248,0.0,0.0001,2.6987,0.0004,5.621,35.5876,15.406,26.3347,34.9281
11.0,23.0,15.4112,43.982,98.71,242.5401,0.6122,0.0023,94.3287,212.9867,48.7483,-16.5248,0.0,0.0001,2.6981,-0.0003,5.6209,35.5877,15.4076,26.3345,34.9278
12.0,25.0,15.412,43.9841,98.71,242.6181,0.6179,0.0023,94.3283,212.9868,48.7483,-16.5248,0.0,0.0001,2.6984,0.0,5.621,35.5879,15.4081,26.3345,34.9279
13.0,27.0,15.4073,43.9823,98.71,242.5713,0.6181,0.0023,94.3285,212.9868,48.7483,-16.5248,0.0,0.0001,2.6973,-0.0004,5.6233,35.5899,15.4032,26.3372,34.9306
14.0,29.0,15.3862,43.9691,98.71,242.5406,0.6472,0.0023,94.3462,212.9868,48.7483,-16.5248,0.0,0.0001,2.6966,-0.0001,5.6231,35.5962,15.3817,26.3468,34.941
15.0,31.0,15.3707,43.9581,98.71,241.9779,0.6541,0.0023,94.4102,212.9869,48.7483,-16.5249,0.0,0.0001,2.6925,-0.0018,5.6256,35.5994,15.366,26.3529,34.9475
16.0,33.0,15.3673,43.9558,98.71,242.0511,0.645,0.0023,94.3999,212.9869,48.7483,-16.5249,0.0,0.0001,2.6874,0.0002,5.6254,35.5995,15.3622,26.3537,34.9485
17.0,35.0,15.3548,43.9453,93.9061,242.2064,0.6661,0.0023,94.4993,212.9869,48.7483,-16.5249,0.0,0.0001,2.6902,-0.0002,5.6277,35.6005,15.3494,26.3574,34.9526
18.0,37.0,15.3504,43.941,91.0543,241.2353,0.6644,0.0022,94.5528,212.987,48.7483,-16.5249,0.0,0.0001,2.6842,-0.0022,5.6288,35.5999,15.3447,26.358,34.9534
19.0,39.0,15.3369,43.9319,89.2425,241.8654,0.6632,0.0022,94.7054,212.987,48.7483,-16.5249,0.0,0.0001,2.6844,0.0003,5.6287,35.6032,15.3309,26.3636,34.9594
20.0,41.0,15.3368,43.9333,94.2257,241.8947,0.6502,0.0022,94.7567,212.987,48.7483,-16.5249,0.0,0.0001,2.6842,0.0001,5.6287,35.6037,15.3305,26.3641,34.9599
21.0,43.0,15.3365,43.9365,92.9579,241.5531,0.6461,0.0021,94.8023,212.9871,48.7483,-16.5249,0.0,0.0001,2.6809,-0.0007,5.6284,35.6061,15.33,26.366,34.9619
22.0,45.0,15.3391,43.9413,98.71,241.1921,0.6509,0.0022,94.7577,212.9871,48.7483,-16.5249,0.0,0.0001,2.6801,-0.0011,5.6284,35.6071,15.3321,26.3664,34.9621
23.0,47.0,15.3298,43.9344,81.459,241.4851,0.6425,0.0021,94.8294,212.9871,48.7483,-16.5249,0.0,0.0001,2.6793,-0.0004,5.6318,35.6085,15.3226,26.3695,34.9656
24.0,49.0,15.3009,43.91,98.71,240.4669,0.6374,0.002,95.1754,212.9872,48.7483,-16.5249,0.0,0.0001,2.6738,-0.0026,5.636,35.6119,15.2935,26.3787,34.9758
25.0,51.0,15.182,43.818,98.71,241.3242,0.5797,0.0019,95.4556,212.9872,48.7483,-16.525,0.0,0.0001,2.6715,0.0,5.646,35.6355,15.1742,26.4235,35.0244
26.0,53.0,14.9175,43.5898,98.71,236.2743,0.5324,0.0018,95.7554,212.9873,48.7483,-16.525,0.0,0.0001,2.6356,-0.0135,5.7087,35.6678,14.9096,26.5069,35.1169
27.0,55.0,14.5638,43.2762,98.71,231.7624,0.4465,0.0014,96.5798,212.9873,48.7483,-16.525,0.0,0.0001,2.5908,-0.0144,5.7309,35.7033,14.5556,26.6117,35.2341
28.0,57.0,14.187,42.9709,98.71,234.9567,0.3759,0.0012,97.0891,212.9873,48.7483,-16.525,0.0,0.0001,2.591,-0.0003,5.7234,35.7677,14.1786,26.7426,35.3779
29.0,59.0,14.0017,42.8282,98.71,227.8621,0.2951,0.001,97.6577,212.9874,48.7482,-16.525,0.0,0.0001,2.5409,-0.0145,5.7833,35.806,13.9932,26.8117,35.4533
30.0,61.0,13.8701,42.716,98.7063,230.5412,0.2113,0.0008,98.0335,212.988,48.7481,-16.5251,0.0,0.0001,2.5346,-0.0002,5.7795,35.8226,13.8613,26.8523,35.4986
31.0,63.0,13.8295,42.6766,98.708,230.3074,0.1864,0.0007,98.2877,212.9882,48.7481,-16.5251,0.0,0.0001,2.5304,0.0009,5.7784,35.8231,13.8206,26.8614,35.5091
