Datacycle,press,temp,cond,alt,oxygen,fluor,atten,trans,jday,lat,lon,PAR,UPAR,oxV,oxdVdt,oxysat,salin,potemp,sigma0,sigma2
1.0,1.0,16.1436,44.7987,76.5555,242.7691,0.262,0.0031,92.4697,205.7726,48.9132,-16.0889,0.0,0.0001,2.7344,-0.0008,5.5374,35.6693,16.1433,26.2296,34.7962
2.0,3.0,16.1442,44.7999,90.3782,243.0718,0.2951,0.0031,92.393,205.7727,48.9132,-16.0889,0.0,0.0001,2.7351,0.0001,5.5374,35.6693,16.1438,26.2295,34.7961
3.0,5.0,16.1441,44.8007,76.7935,243.5956,0.2952,0.0032,92.4162,205.7729,48.9132,-16.0889,0.0,0.0001,2.7388,0.0005,5.5372,35.6693,16.1433,26.2296,34.7962
4.0,7.0,16.1441,44.8018,98.71,244.0617,0.3477,0.0031,92.4981,205.773,48.9132,-16.0889,0.0,0.0001,2.7425,0.0001,5.5373,35.6694,16.143,26.2297,34.7963
5.0,9.0,16.1422,44.8005,98.71,243.974,0.3759,0.0031,92.482,205.7731,48.9132,-16.0889,0.0,0.0001,2.742,-0.0002,5.538,35.6694,16.1408,26.2302,34.7969
6.0,11.0,16.1333,44.7923,75.109,243.9815,0.4045,0.0031,92.4597,205.7731,48.9132,-16.0889,0.0,0.0001,2.7418,-0.0002,5.5387,35.6692,16.1316,26.2322,34.7992
7.0,13.0,16.1147,44.774,98.5514,244.2743,0.4284,0.0032,92.4248,205.7732,48.9132,-16.0889,0.0,0.0001,2.7413,0.0002,5.5433,35.6688,16.1126,26.2363,34.804
8.0,15.0,16.0632,44.721,87.6191,244.4423,0.4539,0.0032,92.3278,205.7733,48.9132,-16.0889,0.0,0.0001,2.7406,-0.0007,5.554,35.667,16.0608,26.2468,34.8163
9.0,17.0,15.9389,44.5992,93.8445,244.416,0.4974,0.0033,92.0779,205.7733,48.9132,-16.0889,0.0,0.0001,2.7367,0.0003,5.5579,35.669,15.9362,26.2771,34.8508
10.0,19.0,15.9435,44.6038,85.8232,244.2803,0.5139,0.0033,92.1273,205.7734,48.9132,-16.0889,0.0,0.0001,2.7359,-0.0009,5.5623,35.6682,15.9406,26.2755,34.8491
11.0,21.0,15.8988,44.5644,98.71,243.8714,0.535,0.0031,92.4605,205.7734,48.9132,-16.0889,0.0,0.0001,2.7303,-0.0018,5.5682,35.6724,15.8955,26.289,34.8641
12.0,23.0,15.8125,44.4783,98.71,243.8586,0.6414,0.003,92.7259,205.7735,48.9132,-16.0889,0.0,0.0001,2.7242,-0.0019,5.5889,35.6723,15.8089,26.3087,34.8869
13.0,25.0,15.6067,44.2755,78.2951,241.992,0.8939,0.003,92.8414,205.7735,48.9132,-16.0889,0.0,0.0001,2.7098,-0.0032,5.5877,35.6749,15.6028,26.3576,34.943
14.0,27.0,15.5719,44.2452,97.4121,241.8333,0.9522,0.0029,93.1016,205.7735,48.9132,-16.0889,0.0,0.0001,2.702,-0.0038,5.6097,35.6786,15.5678,26.3684,34.9549
15.0,29.0,15.4002,44.0851,92.5044,241.6781,0.8824,0.0023,94.281,205.7736,48.9132,-16.0889,0.0,0.0001,2.6902,0.0001,5.6155,35.6885,15.3957,26.4148,35.0073
16.0,31.0,15.4208,44.1032,67.2719,239.9513,0.9136,0.0023,94.475,205.7736,48.9132,-16.0889,0.0,0.0001,2.679,-0.0041,5.6274,35.6856,15.416,26.408,34.9998
17.0,33.0,15.2643,43.9559,98.71,239.19,0.8061,0.0021,94.9524,205.7737,48.9132,-16.0889,0.0,0.0001,2.6622,-0.0038,5.6481,35.6933,15.2592,26.4491,35.0463
18.0,35.0,15.0188,43.7308,98.7043,236.8873,0.6848,0.0018,95.6598,205.7737,48.9132,-16.0889,0.0,0.0001,2.6394,-0.0073,5.6849,35.7116,15.0135,26.5178,35.1235
19.0,37.0,14.7154,43.4687,98.71,233.1936,0.575,0.0014,96.5061,205.7738,48.9132,-16.0889,0.0,0.0001,2.6033,-0.0112,5.7235,35.7488,14.7099,26.6132,35.2294
20.0,39.0,14.4193,43.2346,94.7008,232.4458,0.4107,0.001,97.4408,205.7738,48.9132,-16.0889,0.0,0.0001,2.5791,-0.0042,5.7323,35.8051,14.4135,26.7211,35.3472
21.0,41.0,14.3124,43.1435,82.7028,232.1834,0.369,0.001,97.6447,205.7739,48.9132,-16.0889,0.0,0.0001,2.571,-0.0021,5.7388,35.8187,14.3064,26.7547,35.3846
22.0,43.0,14.1782,43.0263,96.3533,232.0411,0.3516,0.0009,97.7687,205.7739,48.9132,-16.0889,0.0,0.0001,2.5617,-0.0028,5.7676,35.8335,14.1719,26.7949,35.4295
23.0,45.0,13.9839,42.8468,86.3147,231.5804,0.3184,0.0008,98.0374,205.774,48.9132,-16.0888,0.0,0.0001,2.5526,-0.0008,5.7681,35.846,13.9774,26.846,35.4877
24.0,47.0,13.944,42.8132,98.7038,231.2224,0.2852,0.0007,98.1687,205.774,48.9132,-16.0888,0.0,0.0001,2.5483,-0.0024,5.7817,35.8509,13.9372,26.8583,35.5013
25.0,49.0,13.8997,42.7711,97.717,231.1361,0.2376,0.0006,98.5029,205.7741,48.9132,-16.0888,0.0,0.0001,2.5411,-0.0004,5.7873,35.8518,13.8926,26.8685,35.5131
26.0,51.0,13.8616,42.7286,80.8,230.531,0.2021,0.0005,98.7761,205.7741,48.9132,-16.0888,0.0,0.0001,2.5357,-0.0011,5.7889,35.8468,13.8543,26.8726,35.5188
27.0,53.0,13.8394,42.7057,86.3524,230.7811,0.1807,0.0005,98.8054,205.7741,48.9132,-16.0888,0.0,0.0001,2.535,-0.0008,5.7965,35.8453,13.8318,26.8762,35.5233
28.0,55.0,13.7755,42.6329,84.0021,231.3482,0.1331,0.0004,99.0815,205.7742,48.9132,-16.0888,0.0,0.0001,2.5355,0.0004,5.8006,35.8355,13.7675,26.8822,35.5317
29.0,57.0,13.7732,42.6304,98.71,231.3562,0.1288,0.0003,99.2691,205.7742,48.9132,-16.0888,0.0,0.0001,2.5357,0.0001,5.8001,35.8346,13.7651,26.8819,35.5316
30.0,59.0,13.7562,42.6128,98.4164,231.563,0.1047,0.0003,99.3432,205.7743,48.9132,-16.0888,0.0,0.0001,2.5364,0.0001,5.8037,35.8331,13.7478,26.8845,35.5348
31.0,61.0,13.7466,42.604,98.7044,231.2642,0.0981,0.0002,99.3796,205.7743,48.9132,-16.0888,0.0,0.0001,2.5343,-0.0008,5.8065,35.833,13.7378,26.8865,35.5372
32.0,63.0,13.7215,42.5772,77.0997,231.4634,0.0914,0.0002,99.5225,205.7744,48.9132,-16.0888,0.0,0.0001,2.5329,0.0004,5.8068,35.8303,13.7125,26.8897,35.5414
33.0,65.0,13.7176,42.5735,93.5525,231.8485,0.0807,0.0002,99.5328,205.7744,48.9132,-16.0888,0.0,0.0001,2.5354,0.0004,5.8084,35.8297,13.7084,26.89,35.5419
34.0,67.0,13.7086,42.5654,90.9525,231.4095,0.0731,0.0002,99.5894,205.7745,48.9133,-16.0888,0.0,0.0001,2.5332,-0.0009,5.8101,35.8297,13.6991,26.892,35.5442
35.0,69.0,13.6967,42.5547,98.7092,231.5278,0.0681,0.0001,99.6082,205.7745,48.9133,-16.0888,0.0,0.0001,2.5308,0.0001,5.8105,35.8298,13.6868,26.8946,35.5472
36.0,71.0,13.7008,42.5595,98.6942,231.3823,0.0683,0.0001,99.6362,205.7746,48.9133,-16.0888,0.0,0.0001,2.5307,-0.0003,5.8103,35.8297,13.6906,26.8938,35.5463
37.0,73.0,13.688,42.5461,90.543,231.5054,0.0646,0.0001,99.6629,205.7746,48.9133,-16.0888,0.0,0.0001,2.5306,-0.0002,5.8117,35.8284,13.6776,26.8955,35.5485
38.0,75.0,13.6851,42.5455,96.7277,231.2828,0.0614,0.0001,99.6757,205.7747,48.9133,-16.0888,0.0,0.0001,2.5285,-0.0004,5.812,35.8296,13.6744,26.8971,35.5502
39.0,77.0,13.6835,42.5444,98.6992,231.3473,0.0619,0.0001,99.6738,205.7747,48.9133,-16.0887,0.0,0.0001,2.5278,0.0,5.8122,35.8292,13.6725,26.8971,35.5503
40.0,79.0,13.6808,42.5424,90.1131,231.1349,0.0644,0.0001,99.6917,205.7748,48.9133,-16.0887,0.0,0.0001,2.5256,-0.0005,5.8137,35.829,13.6696,26.8977,35.5509
41.0,81.0,13.6624,42.5226,93.0456,230.9391,0.0635,0.0001,99.7238,205.7748,48.9133,-16.0887,0.0,0.0001,2.5232,-0.001,5.8165,35.8266,13.6509,26.8997,35.5537
42.0,83.0,13.6473,42.5059,98.7017,230.7228,0.0537,0.0001,99.7484,205.7749,48.9133,-16.0887,0.0,0.0001,2.5201,-0.0004,5.8173,35.824,13.6355,26.9009,35.5555
43.0,85.0,13.6411,42.4993,98.71,230.6119,0.0512,0.0001,99.8041,205.7749,48.9133,-16.0887,0.0,0.0001,2.5183,-0.0007,5.8197,35.8228,13.629,26.9013,35.5562
44.0,87.0,13.6157,42.4708,98.71,230.6537,0.053,0.0001,99.812,205.7749,48.9133,-16.0887,0.0,0.0001,2.517,-0.0004,5.822,35.8189,13.6033,26.9036,35.5595
45.0,89.0,13.5977,42.4509,86.6081,230.2889,0.0461,0.0001,99.8094,205.775,48.9133,-16.0887,0.0,0.0001,2.5138,-0.0008,5.8228,35.8161,13.5851,26.9053,35.5619
46.0,91.0,13.5907,42.4432,90.7923,229.7072,0.0387,0.0,99.8978,205.775,48.9133,-16.0887,0.0,0.0001,2.5097,-0.0017,5.8245,35.8148,13.5779,26.9057,35.5626
47.0,93.0,13.5722,42.4229,94.9766,230.3673,0.0417,0.0,99.8838,205.7751,48.9133,-16.0887,0.0,0.0001,2.5105,0.0003,5.8263,35.8119,13.559,26.9074,35.5651
48.0,95.0,13.5596,42.4102,98.699,230.1203,0.038,0.0,99.8976,205.7751,48.9133,-16.0887,0.0,0.0001,2.5091,-0.0008,5.8293,35.8108,13.546,26.9093,35.5674
49.0,97.0,13.5441,42.3936,98.71,229.6223,0.0374,0.0,99.9322,205.7752,48.9133,-16.0887,0.0,0.0001,2.5049,-0.001,5.8285,35.8088,13.5303,26.911,35.5697
50.0,99.0,13.5383,42.3876,92.1628,230.0623,0.0333,0.0,99.9457,205.7752,48.9133,-16.0887,0.0,0.0001,2.5053,0.0001,5.8307,35.8077,13.5243,26.9114,35.5704
51.0,101.0,13.5377,42.3879,98.71,230.0071,0.0349,0.0,99.9524,205.7753,48.9133,-16.0886,0.0,0.0001,2.5048,-0.0003,5.8319,35.8077,13.5234,26.9116,35.5707
52.0,103.0,13.5243,42.3737,91.9693,229.4239,0.0314,0.0,99.9543,205.7753,48.9133,-16.0886,0.0,0.0001,2.5008,-0.0011,5.8325,35.8061,13.5097,26.9132,35.5728
53.0,105.0,13.5135,42.3628,90.1545,229.5785,0.0298,0.0,99.9848,205.7754,48.9133,-16.0886,0.0,0.0001,2.499,-0.0001,5.8341,35.8051,13.4987,26.9147,35.5747
54.0,107.0,13.5205,42.3719,92.7774,229.4288,0.0269,0.0,99.9609,205.7755,48.9133,-16.0886,0.0,0.0001,2.498,-0.0004,5.8337,35.806,13.5053,26.914,35.5738
55.0,109.0,13.5281,42.381,97.5968,229.0868,0.0299,0.0,99.953,205.7755,48.9133,-16.0886,0.0,0.0001,2.4949,-0.0005,5.8348,35.8071,13.5127,26.9133,35.5727
56.0,111.0,13.4746,42.3224,81.9954,227.627,0.028,0.0,99.9197,205.7756,48.9133,-16.0886,0.0,0.0001,2.4838,-0.0023,5.84,35.8009,13.4589,26.9197,35.5813
57.0,113.0,13.4495,42.293,95.1001,227.9932,0.0289,0.0,99.9307,205.7757,48.9133,-16.0886,0.0,0.0001,2.4815,-0.0005,5.8434,35.7957,13.4336,26.9209,35.5835
58.0,115.0,13.4109,42.2501,98.6875,227.9505,0.0316,0.0,99.945,205.7758,48.9133,-16.0885,0.0,0.0001,2.4789,0.0003,5.845,35.7903,13.3947,26.9247,35.5888
59.0,117.0,13.4154,42.2559,92.1571,227.854,0.0272,0.0,99.9405,205.7758,48.9133,-16.0885,0.0,0.0001,2.4786,-0.0006,5.8485,35.7911,13.399,26.9245,35.5884
60.0,119.0,13.3748,42.2111,98.7066,227.7456,0.0238,0.0,99.968,205.7758,48.9133,-16.0885,0.0,0.0001,2.4753,0.0002,5.8483,35.7855,13.3581,26.9286,35.5941
61.0,121.0,13.3828,42.2212,98.6971,227.3303,0.0292,0.0,99.9705,205.7759,48.9133,-16.0885,0.0,0.0001,2.4726,-0.0013,5.8538,35.7869,13.3658,26.9281,35.5933
62.0,123.0,13.3465,42.1809,78.7888,227.369,0.0292,0.0,99.9809,205.7759,48.9133,-16.0885,0.0,0.0001,2.4705,-0.0003,5.8534,35.7818,13.3292,26.9317,35.5984
63.0,125.0,13.3439,42.1784,97.8119,226.947,0.0257,0.0,99.9422,205.776,48.9133,-16.0885,0.0,0.0001,2.4675,-0.0012,5.8559,35.7812,13.3264,26.9318,35.5986
64.0,127.0,13.3235,42.1568,94.8089,227.3208,0.0268,0.0,99.9588,205.776,48.9133,-16.0885,0.0,0.0001,2.4664,0.0003,5.8564,35.7787,13.3056,26.9341,35.6018
65.0,129.0,13.3296,42.1642,98.6991,226.8414,0.0297,0.0,99.9556,205.7761,48.9133,-16.0885,0.0,0.0001,2.4643,-0.0011,5.859,35.7794,13.3115,26.9334,35.6008
66.0,131.0,13.3079,42.1433,98.7065,226.7754,0.026,0.0,99.955,205.7761,48.9134,-16.0884,0.0,0.0001,2.4621,-0.0003,5.8579,35.779,13.2895,26.9376,35.6058
67.0,133.0,13.3101,42.1445,91.5932,226.5282,0.0275,0.0,99.9442,205.7762,48.9134,-16.0884,0.0,0.0001,2.4598,-0.0011,5.8624,35.7774,13.2915,26.936,35.6041
68.0,135.0,13.2771,42.1087,98.6915,226.9856,0.0237,0.0,99.9706,205.7762,48.9134,-16.0884,0.0,0.0001,2.4591,0.0008,5.8622,35.7733,13.2581,26.9397,35.6092
69.0,137.0,13.2723,42.1046,77.8053,227.0778,0.0273,0.0,99.96,205.7762,48.9134,-16.0884,0.0,0.0001,2.4605,0.0001,5.8641,35.7733,13.2531,26.9407,35.6103
70.0,139.0,13.2621,42.0942,98.7081,226.8607,0.0252,0.0,99.9743,205.7763,48.9134,-16.0884,0.0,0.0001,2.4589,-0.0004,5.8651,35.7721,13.2426,26.9419,35.612
71.0,141.0,13.2545,42.0868,98.647,227.0355,0.0185,0.0,99.9318,205.7763,48.9134,-16.0884,0.0,0.0001,2.4586,0.0001,5.8665,35.7711,13.2347,26.9428,35.6132
72.0,143.0,13.2454,42.0773,98.71,227.207,0.0254,0.0,99.9512,205.7764,48.9134,-16.0884,0.0,0.0001,2.459,0.0,5.8687,35.7699,13.2254,26.9437,35.6145
73.0,145.0,13.2335,42.0658,98.7025,226.5613,0.0217,0.0,99.9508,205.7764,48.9134,-16.0884,0.0,0.0001,2.4561,-0.0014,5.8685,35.7693,13.2132,26.9457,35.617
74.0,147.0,13.2333,42.0668,78.0319,226.4349,0.0233,0.0,99.8766,205.7765,48.9134,-16.0884,0.0,0.0001,2.4531,-0.0007,5.869,35.7696,13.2127,26.9461,35.6174
75.0,149.0,13.2271,42.0612,98.7087,225.4525,0.0219,0.0,99.9154,205.7765,48.9134,-16.0883,0.0,0.0001,2.4465,-0.0021,5.8697,35.7692,13.2063,26.9471,35.6186
76.0,151.0,13.2191,42.0534,98.5989,225.8891,0.0248,0.0,99.9124,205.7766,48.9134,-16.0883,0.0,0.0001,2.4458,-0.0002,5.8704,35.7685,13.198,26.9483,35.6201
77.0,153.0,13.2193,42.0542,98.71,226.1179,0.0251,0.0,99.9362,205.7766,48.9134,-16.0883,0.0,0.0001,2.4455,0.0006,5.8702,35.7682,13.1979,26.9481,35.6199
78.0,155.0,13.2185,42.0544,86.1309,225.8673,0.0222,0.0,99.9078,205.7766,48.9134,-16.0883,0.0,0.0001,2.4453,-0.0004,5.8708,35.7683,13.1968,26.9484,35.6203
79.0,157.0,13.2128,42.0491,98.7034,225.404,0.0236,0.0,99.9058,205.7767,48.9134,-16.0883,0.0,0.0001,2.4416,-0.0011,5.8725,35.7679,13.1909,26.9492,35.6213
80.0,159.0,13.1978,42.0329,67.0575,225.6906,0.0197,0.0,99.9088,205.7767,48.9134,-16.0883,0.0,0.0001,2.4406,0.0003,5.8726,35.7656,13.1756,26.9506,35.6233
81.0,161.0,13.194,42.0295,85.9843,225.7092,0.0235,0.0,99.9023,205.7768,48.9134,-16.0883,0.0,0.0001,2.4406,-0.0002,5.8745,35.7652,13.1715,26.9511,35.624
82.0,163.0,13.1766,42.0105,98.6875,225.8362,0.0212,0.0,99.8866,205.7768,48.9134,-16.0883,0.0,0.0001,2.4401,0.0,5.8774,35.7624,13.1538,26.9525,35.6261
83.0,165.0,13.169,42.0026,98.69,225.454,0.022,0.0,99.874,205.7769,48.9134,-16.0883,0.0,0.0001,2.4365,-0.0011,5.8828,35.7613,13.1461,26.9533,35.6272
84.0,167.0,13.1131,41.939,93.7852,225.3299,0.0238,0.0,99.8977,205.7769,48.9134,-16.0882,0.0,0.0001,2.4343,-0.0004,5.8829,35.7524,13.0898,26.9578,35.634
85.0,169.0,13.1224,41.9492,98.7027,225.0113,0.0217,0.0,99.8657,205.777,48.9134,-16.0882,0.0,0.0001,2.4327,-0.0011,5.8863,35.7527,13.0989,26.9562,35.632
86.0,171.0,13.0833,41.9066,92.1646,225.2031,0.0225,0.0,99.888,205.777,48.9134,-16.0882,0.0,0.0001,2.4303,-0.0002,5.8875,35.7477,13.0594,26.9604,35.6378
87.0,173.0,13.0815,41.9046,97.3513,225.0745,0.0209,0.0001,99.8669,205.7771,48.9134,-16.0882,0.0,0.0001,2.4285,-0.0006,5.8911,35.7469,13.0575,26.9601,35.6376
88.0,175.0,13.0547,41.8752,98.6669,225.2801,0.0225,0.0001,99.8677,205.7771,48.9134,-16.0882,0.0,0.0001,2.4282,-0.0002,5.8932,35.7432,13.0304,26.9628,35.6413
89.0,177.0,13.0314,41.8503,98.609,225.7199,0.0225,0.0001,99.8579,205.7771,48.9134,-16.0882,0.0,0.0001,2.4295,0.0004,5.8939,35.7404,13.0068,26.9654,35.6449
90.0,179.0,13.0351,41.856,98.69,224.8489,0.0234,0.0001,99.8312,205.7772,48.9134,-16.0882,0.0,0.0001,2.4258,-0.0015,5.8965,35.7417,13.0103,26.9657,35.645
91.0,181.0,13.0148,41.8338,98.7002,224.6729,0.0184,0.0001,99.8406,205.7772,48.9134,-16.0882,0.0,0.0001,2.4228,-0.0009,5.8953,35.7386,12.9897,26.9675,35.6476
92.0,183.0,13.0164,41.8363,86.9748,224.8552,0.0197,0.0001,99.8275,205.7773,48.9134,-16.0882,0.0,0.0001,2.4223,-0.0006,5.8988,35.7388,12.991,26.9673,35.6474
93.0,185.0,12.9885,41.8051,98.6959,224.3359,0.0229,0.0001,99.8358,205.7773,48.9134,-16.0882,0.0,0.0001,2.4177,-0.0011,5.9013,35.7345,12.9629,26.9697,35.6509
94.0,187.0,12.976,41.793,85.2218,224.9353,0.0229,0.0001,99.7946,205.7774,48.9134,-16.0882,0.0,0.0001,2.4191,0.0003,5.9013,35.7335,12.9501,26.9715,35.6533
95.0,189.0,12.9774,41.7953,98.7025,224.4497,0.0221,0.0001,99.8316,205.7774,48.9134,-16.0882,0.0,0.0001,2.4172,-0.0011,5.9033,35.7338,12.9512,26.9715,35.6532
96.0,191.0,12.9519,41.767,98.6987,224.9707,0.0248,0.0001,99.8116,205.7774,48.9134,-16.0882,0.0,0.0001,2.4176,0.0003,5.9039,35.7297,12.9254,26.9735,35.6562
97.0,193.0,12.9533,41.7694,98.6684,224.5462,0.0201,0.0001,99.82,205.7775,48.9134,-16.0882,0.0,0.0001,2.4158,-0.0008,5.9062,35.7299,12.9266,26.9734,35.6561
98.0,195.0,12.933,41.7471,98.7036,224.3562,0.0232,0.0001,99.8295,205.7775,48.9134,-16.0882,0.0,0.0001,2.4131,-0.0009,5.9079,35.7268,12.9061,26.9752,35.6587
99.0,197.0,12.9151,41.7279,85.4032,224.827,0.0217,0.0001,99.8288,205.7776,48.9134,-16.0882,0.0,0.0001,2.4141,0.0,5.9094,35.7242,12.8879,26.9769,35.6611
100.0,199.0,12.9163,41.7304,92.2439,223.9059,0.02,0.0001,99.8401,205.7776,48.9134,-16.0882,0.0,0.0001,2.4103,-0.0021,5.9106,35.7248,12.8888,26.9771,35.6613
101.0,201.0,12.8862,41.6963,98.6096,224.9166,0.0229,0.0001,99.8056,205.7777,48.9134,-16.0882,0.0,0.0001,2.4126,0.0006,5.9101,35.7195,12.8585,26.9791,35.6646
102.0,203.0,12.8904,41.7015,98.71,224.2768,0.0229,0.0001,99.822,205.7777,48.9134,-16.0882,0.0,0.0001,2.4102,-0.0014,5.9144,35.7201,12.8625,26.9788,35.664
103.0,205.0,12.8738,41.6826,98.7042,224.7897,0.0234,0.0001,99.8128,205.7777,48.9134,-16.0882,0.0,0.0001,2.4106,0.0002,5.914,35.7168,12.8456,26.9796,35.6656
104.0,207.0,12.8475,41.6543,87.1272,224.948,0.0221,0.0001,99.7641,205.7778,48.9134,-16.0882,0.0,0.0001,2.4108,0.0,5.9188,35.7135,12.8191,26.9824,35.6694
105.0,209.0,12.836,41.6411,98.705,225.8465,0.0191,0.0001,99.8078,205.7778,48.9134,-16.0882,0.0,0.0001,2.4143,0.0013,5.9194,35.7109,12.8073,26.9827,35.6702
106.0,211.0,12.8292,41.6339,84.7962,225.5639,0.0247,0.0001,99.7833,205.7779,48.9134,-16.0882,0.0,0.0001,2.4139,0.0001,5.9195,35.7094,12.8001,26.983,35.6708
107.0,213.0,12.8266,41.6315,98.7263,225.5813,0.026,0.0001,99.785,205.7779,48.9134,-16.0882,0.0,0.0001,2.4136,-0.0004,5.9255,35.7089,12.7974,26.9832,35.6711
108.0,215.0,12.7814,41.5783,98.6922,225.7303,0.0271,0.0001,99.8112,205.7779,48.9134,-16.0882,0.0,0.0001,2.4129,0.0,5.9281,35.6995,12.7519,26.985,35.6748
109.0,217.0,12.7328,41.5222,92.4331,227.71,0.0228,0.0001,99.804,205.778,48.9134,-16.0882,0.0,0.0001,2.4233,0.0018,5.934,35.6906,12.7031,26.9878,35.6796
110.0,219.0,12.7044,41.4872,98.7295,230.6196,0.0262,0.0001,99.8111,205.778,48.9134,-16.0882,0.0,0.0001,2.4364,0.0062,5.9372,35.6829,12.6745,26.9875,35.6806
111.0,221.0,12.6472,41.4226,98.7013,229.9929,0.0225,0.0001,99.7869,205.7781,48.9134,-16.0882,0.0,0.0001,2.4401,0.001,5.9459,35.674,12.6171,26.9921,35.6874
112.0,223.0,12.6145,41.3836,60.5744,232.2089,0.0229,0.0001,99.7975,205.7781,48.9134,-16.0882,0.0,0.0001,2.4501,0.0045,5.9449,35.6665,12.5841,26.9928,35.6896
113.0,225.0,12.6062,41.3765,95.2858,231.4705,0.0228,0.0001,99.7744,205.7781,48.9134,-16.0882,0.0,0.0001,2.4521,0.0004,5.9501,35.6667,12.5757,26.9947,35.6917
114.0,227.0,12.606,41.377,98.705,230.7389,0.0231,0.0001,99.81,205.7782,48.9134,-16.0882,0.0,0.0001,2.4492,-0.0013,5.9498,35.6666,12.5752,26.9947,35.6917
115.0,229.0,12.5885,41.3579,98.7015,231.1324,0.0237,0.0001,99.7625,205.7782,48.9134,-16.0882,0.0,0.0001,2.4493,-0.0002,5.9532,35.6638,12.5575,26.996,35.6938
116.0,231.0,12.5758,41.3436,98.71,230.4184,0.0222,0.0001,99.8032,205.7783,48.9134,-16.0882,0.0,0.0001,2.4438,-0.0013,5.9554,35.6612,12.5444,26.9966,35.6949
117.0,233.0,12.5592,41.3256,98.705,229.9917,0.0219,0.0001,99.8032,205.7783,48.9134,-16.0882,0.0,0.0001,2.4398,-0.0012,5.9558,35.6588,12.5276,26.998,35.697
118.0,235.0,12.5536,41.3201,82.0611,229.5883,0.0265,0.0001,99.7841,205.7784,48.9134,-16.0882,0.0,0.0001,2.4359,-0.0014,5.9573,35.658,12.5218,26.9985,35.6978
119.0,237.0,12.539,41.3045,96.5007,229.942,0.0228,0.0001,99.8029,205.7784,48.9134,-16.0882,0.0,0.0001,2.4345,0.0003,5.9568,35.6556,12.5069,26.9996,35.6995
120.0,239.0,12.5245,41.2892,82.6337,230.3507,0.025,0.0001,99.7844,205.7784,48.9134,-16.0882,0.0,0.0001,2.4361,0.0004,5.9618,35.6539,12.4922,27.0012,35.7017
121.0,241.0,12.493,41.254,98.7025,231.3132,0.0243,0.0001,99.7809,205.7785,48.9134,-16.0882,0.0,0.0001,2.4411,0.0011,5.9643,35.6488,12.4605,27.0035,35.7053
122.0,243.0,12.4926,41.2556,98.68,230.945,0.0236,0.0001,99.8026,205.7785,48.9134,-16.0882,0.0,0.0001,2.4412,-0.0004,5.9642,35.6498,12.4598,27.0044,35.7062
123.0,245.0,12.4943,41.2597,73.5882,230.7733,0.0251,0.0001,99.7362,205.7786,48.9134,-16.0882,0.0,0.0001,2.4393,-0.0004,5.964,35.6513,12.4612,27.0053,35.707
124.0,247.0,12.4942,41.2618,98.6991,229.4104,0.0244,0.0001,99.7737,205.7786,48.9134,-16.0882,0.0,0.0001,2.4322,-0.0026,5.965,35.6527,12.4609,27.0064,35.7081
125.0,249.0,12.4832,41.2515,98.7,228.7851,0.0261,0.0001,99.7843,205.7787,48.9134,-16.0882,0.0,0.0001,2.4238,-0.0016,5.9658,35.6521,12.4495,27.0083,35.7104
126.0,251.0,12.4678,41.2345,78.1673,229.4678,0.0219,0.0001,99.7805,205.7787,48.9134,-16.0882,0.0,0.0001,2.4237,0.0001,5.9693,35.6494,12.4339,27.0092,35.712
127.0,253.0,12.4477,41.2112,95.9043,228.8524,0.0254,0.0001,99.7808,205.7787,48.9134,-16.0881,0.0,0.0001,2.4203,-0.0012,5.9735,35.6452,12.4136,27.0099,35.7136
128.0,255.0,12.4083,41.1671,98.5395,229.1015,0.0239,0.0001,99.7731,205.7788,48.9134,-16.0881,0.0,0.0001,2.4179,-0.0005,5.9775,35.6391,12.374,27.013,35.7182
129.0,257.0,12.3872,41.1439,98.7032,229.0342,0.026,0.0001,99.7759,205.7788,48.9134,-16.0881,0.0,0.0001,2.4174,-0.0003,5.9791,35.6356,12.3526,27.0145,35.7206
130.0,259.0,12.3795,41.1364,98.7024,228.8369,0.0236,0.0001,99.7824,205.7789,48.9134,-16.0881,0.0,0.0001,2.416,-0.0006,5.9787,35.6347,12.3447,27.0153,35.7218
131.0,261.0,12.3644,41.1201,81.1618,229.3706,0.024,0.0001,99.7532,205.7789,48.9134,-16.0881,0.0,0.0001,2.4173,0.0004,5.9808,35.6325,12.3294,27.0166,35.7237
132.0,263.0,12.3712,41.1281,91.5917,229.2424,0.0245,0.0001,99.7721,205.7789,48.9134,-16.0881,0.0,0.0001,2.4171,-0.0003,5.9814,35.6331,12.3359,27.0158,35.7226
133.0,265.0,12.3562,41.1125,81.0629,229.6796,0.0228,0.0001,99.7339,205.779,48.9134,-16.0881,0.0,0.0001,2.4185,0.0003,5.9822,35.6312,12.3206,27.0173,35.7247
134.0,267.0,12.3531,41.1099,70.534,230.2026,0.0256,0.0001,99.7787,205.779,48.9134,-16.0881,0.0,0.0001,2.4208,0.0009,5.9832,35.6307,12.3172,27.0176,35.7252
135.0,269.0,12.3495,41.107,88.2573,230.2342,0.0239,0.0001,99.7802,205.779,48.9134,-16.0881,0.0,0.0001,2.4224,0.0003,5.9833,35.6304,12.3134,27.0181,35.7259
136.0,271.0,12.3484,41.1068,98.71,230.1495,0.0265,0.0001,99.7776,205.7791,48.9134,-16.0881,0.0,0.0001,2.4217,0.0,5.9837,35.6304,12.3121,27.0184,35.7262
137.0,273.0,12.345,41.1037,98.7001,229.6844,0.0218,0.0001,99.7706,205.7791,48.9134,-16.0881,0.0,0.0001,2.4192,-0.001,5.9851,35.6299,12.3084,27.0187,35.7266
138.0,275.0,12.3347,41.0935,98.71,229.9147,0.0231,0.0001,99.7754,205.7791,48.9134,-16.0881,0.0,0.0001,2.4184,0.0,5.985,35.6288,12.2978,27.0199,35.7283
139.0,277.0,12.3168,41.0742,87.0599,228.3168,0.0259,0.0001,99.7669,205.7792,48.9134,-16.0881,0.0,0.0001,2.4108,-0.0038,5.9943,35.6263,12.2797,27.0215,35.7306
140.0,279.0,12.2718,41.0236,98.71,225.2391,0.0252,0.0001,99.777,205.7792,48.9134,-16.0881,0.0,0.0001,2.3885,-0.0053,5.995,35.6189,12.2344,27.0246,35.7356
141.0,281.0,12.2588,41.0093,98.6982,225.5331,0.0262,0.0001,99.7757,205.7792,48.9134,-16.0881,0.0,0.0001,2.3828,-0.0023,5.9944,35.6167,12.2212,27.0254,35.737
142.0,283.0,12.2583,41.0097,86.6382,225.8473,0.0252,0.0001,99.7393,205.7793,48.9134,-16.0881,0.0,0.0001,2.3809,-0.0006,5.9961,35.6166,12.2205,27.0255,35.7371
143.0,285.0,12.2552,41.0063,94.5108,223.0209,0.0243,0.0001,99.7748,205.7793,48.9134,-16.0881,0.0,0.0001,2.3682,-0.0058,5.9999,35.6154,12.2171,27.0253,35.737
144.0,287.0,12.2114,40.9575,98.7025,222.039,0.0222,0.0001,99.7824,205.7794,48.9134,-16.0881,0.0,0.0001,2.3583,-0.0053,6.0045,35.6086,12.1731,27.0286,35.7421
145.0,289.0,12.1772,40.9196,91.5935,223.1808,0.0222,0.0001,99.7848,205.7794,48.9135,-16.0881,0.0,0.0001,2.3548,-0.0005,6.0055,35.6035,12.1388,27.0312,35.7462
146.0,291.0,12.155,40.894,98.705,221.4459,0.0238,0.0001,99.7454,205.7794,48.9135,-16.0881,0.0,0.0001,2.3462,-0.0038,6.0107,35.5989,12.1163,27.032,35.7479
147.0,293.0,12.1401,40.878,98.6923,220.2182,0.0227,0.0001,99.7824,205.7795,48.9134,-16.0881,0.0,0.0001,2.3362,-0.004,6.0115,35.5964,12.1011,27.033,35.7496
148.0,295.0,12.1309,40.8685,90.9968,220.6698,0.0234,0.0001,99.7692,205.7795,48.9135,-16.0881,0.0,0.0001,2.3317,-0.0014,6.0154,35.5951,12.0917,27.0338,35.7508
149.0,297.0,12.0955,40.8291,93.3704,215.6778,0.0226,0.0001,99.7855,205.7795,48.9135,-16.0881,0.0,0.0001,2.3087,-0.0093,6.0189,35.5895,12.0562,27.0364,35.7548
150.0,299.0,12.0746,40.8073,89.8441,213.3287,0.0214,0.0001,99.7732,205.7796,48.9135,-16.0881,0.0,0.0001,2.2829,-0.0072,6.0216,35.5872,12.035,27.0387,35.7579
151.0,301.0,12.043,40.7717,80.2095,214.2396,0.0204,0.0001,99.7645,205.7796,48.9135,-16.0881,0.0,0.0001,2.2757,-0.0021,6.0284,35.5819,12.0032,27.0406,35.7612
152.0,303.0,12.0041,40.7267,94.3541,217.0565,0.0234,0.0001,99.7824,205.7796,48.9135,-16.0881,0.0,0.0001,2.2835,0.004,6.0289,35.574,11.9642,27.0421,35.7643
153.0,305.0,11.98,40.7001,98.6865,216.7577,0.0248,0.0001,99.7853,205.7797,48.9135,-16.0881,0.0,0.0001,2.2884,0.0003,6.0347,35.5701,11.9399,27.0437,35.7669
154.0,307.0,11.9585,40.6758,98.6832,218.1881,0.0224,0.0001,99.7801,205.7797,48.9135,-16.088,0.0,0.0001,2.294,0.0029,6.0334,35.5661,11.9181,27.0447,35.7689
155.0,309.0,11.9338,40.6496,98.6534,220.7846,0.023,0.0001,99.7665,205.7798,48.9135,-16.088,0.0,0.0001,2.3068,0.0052,6.0399,35.5631,11.8933,27.0471,35.7723
156.0,311.0,11.9204,40.6353,98.695,224.8968,0.0223,0.0001,99.7922,205.7798,48.9135,-16.088,0.0,0.0001,2.3335,0.0083,6.039,35.5609,11.8796,27.048,35.7738
157.0,313.0,11.9192,40.6355,84.1458,222.9101,0.0222,0.0001,99.7789,205.7798,48.9135,-16.088,0.0,0.0001,2.3365,0.0003,6.0398,35.5614,11.8781,27.0487,35.7745
158.0,315.0,11.9161,40.6338,90.1693,224.2083,0.0208,0.0001,99.7904,205.7799,48.9135,-16.088,0.0,0.0001,2.3404,0.0029,6.0365,35.5619,11.8747,27.0498,35.7757
159.0,317.0,11.9584,40.6904,98.6925,226.5849,0.0235,0.0001,99.7862,205.7799,48.9135,-16.088,0.0,0.0001,2.353,0.0055,6.0376,35.5759,11.9167,27.0526,35.7767
160.0,319.0,11.9462,40.6749,98.5277,225.8164,0.022,0.0001,99.7826,205.7799,48.9135,-16.088,0.0,0.0001,2.3568,0.0012,6.0382,35.5719,11.9042,27.0518,35.7765
161.0,321.0,11.9216,40.648,98.7019,225.6829,0.0216,0.0001,99.8153,205.78,48.9135,-16.088,0.0,0.0001,2.3579,-0.0006,6.0435,35.5679,11.8795,27.0535,35.7792
162.0,323.0,11.8932,40.6156,73.9018,223.9331,0.0235,0.0001,99.8035,205.78,48.9135,-16.088,0.0,0.0001,2.3493,-0.0026,6.0416,35.5624,11.8509,27.0548,35.7816
163.0,325.0,11.9013,40.6284,93.8784,226.2201,0.0209,0.0001,99.7922,205.78,48.9135,-16.088,0.0,0.0001,2.3554,0.0022,6.0398,35.5663,11.8586,27.0563,35.7828
164.0,327.0,11.9232,40.658,98.6961,230.6335,0.0205,0.0001,99.8112,205.7801,48.9135,-16.088,0.0,0.0001,2.3757,0.0091,6.0391,35.5735,11.8803,27.0577,35.7833
165.0,329.0,11.9335,40.6725,80.9513,231.1162,0.0277,0.0001,99.812,205.7801,48.9135,-16.088,0.0,0.0001,2.3903,0.0043,6.0377,35.577,11.8902,27.0586,35.7837
166.0,331.0,11.9351,40.6788,88.9382,231.2886,0.02,0.0001,99.8169,205.7802,48.9135,-16.088,0.0,0.0001,2.3975,0.0018,6.0383,35.5807,11.8916,27.0612,35.7862
167.0,333.0,11.9291,40.6733,98.7029,231.4562,0.0187,0.0001,99.8087,205.7802,48.9135,-16.088,0.0,0.0001,2.4001,0.0009,6.0389,35.5802,11.8853,27.062,35.7873
168.0,335.0,11.9249,40.6697,98.71,230.8363,0.0239,0.0001,99.8175,205.7802,48.9135,-16.088,0.0,0.0001,2.3991,-0.0007,6.0387,35.5798,11.8809,27.0625,35.788
169.0,337.0,11.9179,40.6629,95.3551,230.5691,0.022,0.0001,99.8038,205.7803,48.9135,-16.088,0.0,0.0001,2.3966,-0.0011,6.0409,35.5791,11.8736,27.0634,35.7891
170.0,339.0,11.9063,40.6521,85.7079,229.8495,0.0225,0.0001,99.8137,205.7803,48.9135,-16.088,0.0,0.0001,2.3919,-0.0015,6.0413,35.5785,11.8617,27.0652,35.7914
171.0,341.0,11.9057,40.6521,98.7,230.1666,0.0254,0.0001,99.7943,205.7803,48.9135,-16.088,0.0,0.0001,2.3903,-0.0004,6.0428,35.5784,11.8609,27.0652,35.7915
172.0,343.0,11.8942,40.6399,98.6836,229.5066,0.0241,0.0001,99.8145,205.7804,48.9135,-16.088,0.0,0.0001,2.3861,-0.0015,6.046,35.5765,11.8492,27.066,35.7928
173.0,345.0,11.8719,40.6154,88.0392,228.6293,0.0189,0.0001,99.8112,205.7804,48.9135,-16.088,0.0,0.0001,2.381,-0.0023,6.047,35.5729,11.8266,27.0675,35.7952
174.0,347.0,11.8559,40.5986,83.0808,229.4375,0.0216,0.0001,99.815,205.7804,48.9135,-16.088,0.0,0.0001,2.3795,0.0004,6.0473,35.5706,11.8104,27.0688,35.7972
175.0,349.0,11.8574,40.6005,95.058,228.9974,0.0178,0.0001,99.8154,205.7805,48.9135,-16.088,0.0,0.0001,2.378,-0.0007,6.0481,35.5704,11.8117,27.0684,35.7967
176.0,351.0,11.856,40.6001,98.6922,229.381,0.0189,0.0001,99.8112,205.7805,48.9135,-16.0879,0.0,0.0001,2.3776,0.0005,6.0482,35.5702,11.8099,27.0686,35.797
177.0,353.0,11.8553,40.6,80.6194,229.1465,0.0184,0.0001,99.8152,205.7805,48.9135,-16.0879,0.0,0.0001,2.3771,-0.0003,6.0484,35.5701,11.809,27.0687,35.7971
178.0,355.0,11.8543,40.5998,98.71,229.0534,0.0227,0.0001,99.8163,205.7805,48.9135,-16.0879,0.0,0.0001,2.3764,-0.0003,6.0481,35.57,11.8077,27.0689,35.7974
179.0,357.0,11.8545,40.6008,98.6936,229.0447,0.0207,0.0001,99.808,205.7806,48.9135,-16.0879,0.0,0.0001,2.3756,-0.0005,6.049,35.5699,11.8077,27.0688,35.7973
180.0,359.0,11.8511,40.5981,98.689,228.0881,0.0235,0.0001,99.823,205.7806,48.9135,-16.0879,0.0,0.0001,2.3712,-0.0021,6.0488,35.5695,11.8041,27.0692,35.7978
181.0,361.0,11.849,40.5964,83.0312,228.845,0.022,0.0001,99.8146,205.7806,48.9135,-16.0879,0.0,0.0001,2.3718,0.0,6.0489,35.5691,11.8017,27.0693,35.798
182.0,363.0,11.8478,40.596,95.0525,228.9233,0.0205,0.0001,99.7965,205.7807,48.9136,-16.0879,0.0,0.0001,2.3723,-0.0002,6.0498,35.569,11.8003,27.0695,35.7983
183.0,365.0,11.8412,40.5889,65.7916,227.962,0.0188,0.0001,99.809,205.7807,48.9135,-16.0879,0.0,0.0001,2.3675,-0.0018,6.0515,35.5674,11.7933,27.0696,35.7987
184.0,367.0,11.8285,40.5759,98.695,228.3701,0.0223,0.0001,99.8112,205.7807,48.9135,-16.0879,0.0,0.0001,2.3675,-0.0003,6.0509,35.5658,11.7804,27.0708,35.8004
185.0,369.0,11.816,40.5626,92.7544,228.5488,0.0228,0.0001,99.7971,205.7808,48.9136,-16.0879,0.0,0.0001,2.3668,-0.0002,6.055,35.5638,11.7677,27.0717,35.8018
186.0,371.0,11.8036,40.549,98.6981,227.7948,0.0227,0.0001,99.791,205.7808,48.9136,-16.0879,0.0,0.0001,2.3625,-0.0017,6.0597,35.5616,11.7551,27.0723,35.8031
187.0,373.0,11.776,40.5174,98.6971,227.1263,0.0247,0.0001,99.8112,205.7808,48.9136,-16.0879,0.0,0.0001,2.3575,-0.0023,6.0644,35.5563,11.7273,27.0735,35.8054
188.0,375.0,11.7466,40.4853,98.4919,225.9563,0.023,0.0001,99.8151,205.7809,48.9136,-16.0879,0.0,0.0001,2.3502,-0.0033,6.061,35.5518,11.6977,27.0756,35.8087
189.0,377.0,11.7337,40.4718,98.695,226.6788,0.0203,0.0001,99.7872,205.7809,48.9136,-16.0879,0.0,0.0001,2.3481,-0.0007,6.0655,35.5498,11.6845,27.0765,35.8102
190.0,379.0,11.7375,40.4772,98.6894,225.5492,0.0198,0.0001,99.8008,205.7809,48.9136,-16.0879,0.0,0.0001,2.341,-0.0029,6.0758,35.5508,11.6882,27.0766,35.8102
191.0,381.0,11.6637,40.3921,70.9269,223.855,0.0176,0.0001,99.8222,205.7809,48.9136,-16.0879,0.0,0.0001,2.3325,-0.0046,6.0718,35.5368,11.6143,27.0797,35.8164
192.0,383.0,11.6374,40.3642,95.0118,224.2456,0.0224,0.0001,99.7888,205.781,48.9136,-16.0879,0.0,0.0001,2.3253,-0.002,6.0791,35.5336,11.5877,27.0822,35.82
193.0,385.0,11.6328,40.3575,98.6961,222.4162,0.0222,0.0001,99.8195,205.781,48.9136,-16.0879,0.0,0.0001,2.3169,-0.004,6.0781,35.5304,11.5829,27.0807,35.8187
194.0,387.0,11.6018,40.3266,97.424,223.1822,0.0183,0.0001,99.7422,205.781,48.9136,-16.0879,0.0,0.0001,2.314,-0.0013,6.0828,35.5287,11.5517,27.0852,35.8245
195.0,389.0,11.5917,40.3163,84.1857,222.1563,0.0225,0.0001,99.7939,205.7811,48.9136,-16.0879,0.0,0.0001,2.3082,-0.0026,6.0858,35.5277,11.5414,27.0863,35.8261
196.0,391.0,11.5753,40.3,98.6959,218.6872,0.0215,0.0001,99.8199,205.7811,48.9136,-16.0879,0.0,0.0001,2.2898,-0.0068,6.0874,35.5262,11.5248,27.0883,35.8287
197.0,393.0,11.5648,40.2908,98.6914,216.2848,0.0219,0.0001,99.8195,205.7811,48.9136,-16.0879,0.0,0.0001,2.2712,-0.0074,6.0876,35.5263,11.5141,27.0904,35.8313
198.0,395.0,11.5622,40.2892,94.9955,216.8235,0.0208,0.0001,99.8142,205.7812,48.9136,-16.0879,0.0,0.0001,2.264,-0.0027,6.086,35.5264,11.5112,27.091,35.8319
199.0,397.0,11.5574,40.2859,85.6758,217.6975,0.022,0.0001,99.7979,205.7812,48.9136,-16.0879,0.0,0.0001,2.2641,-0.0004,6.0865,35.5268,11.5062,27.0923,35.8334
200.0,399.0,11.5687,40.3054,98.695,215.9067,0.0234,0.0001,99.8112,205.7812,48.9136,-16.0879,0.0,0.0001,2.2576,-0.0034,6.0862,35.5343,11.5171,27.0961,35.8367
201.0,401.0,11.579,40.3202,98.6904,216.6665,0.0208,0.0001,99.7972,205.7813,48.9136,-16.0879,0.0,0.0001,2.2554,-0.0007,6.0858,35.538,11.5271,27.097,35.8372
202.0,403.0,11.5748,40.3151,79.0127,216.7501,0.0219,0.0001,99.8034,205.7813,48.9136,-16.0879,0.0,0.0001,2.2546,-0.0003,6.0859,35.5363,11.5227,27.0966,35.8369
203.0,405.0,11.5707,40.3139,92.1533,217.299,0.0215,0.0001,99.8167,205.7813,48.9136,-16.0879,0.0,0.0001,2.2568,0.0006,6.0865,35.538,11.5183,27.0988,35.8392
204.0,407.0,11.5681,40.3116,95.8622,216.8611,0.0213,0.0001,99.8071,205.7814,48.9136,-16.0879,0.0,0.0001,2.2545,-0.0006,6.0879,35.5374,11.5155,27.0988,35.8394
205.0,409.0,11.5616,40.3052,98.68,216.9142,0.0201,0.0001,99.8148,205.7814,48.9136,-16.0879,0.0,0.0001,2.254,-0.0003,6.0892,35.5366,11.5087,27.0994,35.8403
206.0,411.0,11.5524,40.2961,98.6836,217.419,0.0221,0.0001,99.8087,205.7814,48.9136,-16.0879,0.0,0.0001,2.2551,0.0006,6.0901,35.5356,11.4993,27.1005,35.8417
207.0,413.0,11.5331,40.2758,79.2279,217.8567,0.0201,0.0001,99.8139,205.7814,48.9136,-16.0879,0.0,0.0001,2.2577,0.0005,6.095,35.5331,11.4798,27.1021,35.8442
208.0,415.0,11.5049,40.2448,98.689,217.5626,0.0218,0.0001,99.8055,205.7815,48.9136,-16.0879,0.0,0.0001,2.2563,-0.0006,6.0988,35.5286,11.4514,27.1039,35.8472
209.0,417.0,11.4769,40.2141,98.686,217.1123,0.018,0.0001,99.8165,205.7815,48.9136,-16.0879,0.0,0.0001,2.2545,-0.0011,6.0962,35.5242,11.4232,27.1058,35.8503
210.0,419.0,11.4534,40.189,98.6833,216.844,0.0235,0.0001,99.82,205.7815,48.9136,-16.0879,0.0,0.0001,2.2514,-0.0017,6.1093,35.5212,11.3995,27.1079,35.8533
211.0,421.0,11.3962,40.1218,98.68,216.0774,0.0184,0.0001,99.8166,205.7816,48.9136,-16.0879,0.0,0.0001,2.2439,-0.002,6.1114,35.5085,11.3423,27.1087,35.8567
212.0,423.0,11.34,40.0582,82.6075,215.7645,0.0208,0.0001,99.7942,205.7816,48.9136,-16.0879,0.0,0.0001,2.2386,-0.0021,6.1237,35.4987,11.286,27.1114,35.8618
213.0,425.0,11.3107,40.0233,98.68,215.3804,0.021,0.0001,99.8064,205.7816,48.9136,-16.0879,0.0,0.0001,2.2333,-0.0017,6.1228,35.4913,11.2565,27.1112,35.8629
214.0,427.0,11.2588,39.9634,82.2105,216.5402,0.0235,0.0001,99.8014,205.7817,48.9136,-16.0879,0.0,0.0001,2.2364,0.0008,6.1235,35.4805,11.2044,27.1124,35.8664
215.0,429.0,11.2659,39.9731,91.0577,216.1572,0.0216,0.0001,99.7861,205.7817,48.9136,-16.0879,0.0,0.0001,2.2349,-0.0008,6.1312,35.4829,11.2115,27.113,35.8666
216.0,431.0,11.2241,39.9278,98.6834,215.7586,0.0238,0.0001,99.7975,205.7817,48.9136,-16.0878,0.0,0.0001,2.2309,-0.0012,6.1359,35.4771,11.1694,27.1162,35.8716
217.0,433.0,11.208,39.9087,98.6848,215.1294,0.0195,0.0001,99.7903,205.7817,48.9136,-16.0878,0.0,0.0001,2.2277,-0.0017,6.1325,35.4726,11.1531,27.1157,35.8718
218.0,435.0,11.2127,39.9151,98.6873,215.6982,0.0207,0.0001,99.7961,205.7818,48.9136,-16.0878,0.0,0.0001,2.2277,-0.0002,6.1345,35.4736,11.1575,27.1157,35.8716
219.0,437.0,11.2183,39.9245,98.6844,214.2012,0.0242,0.0001,99.8051,205.7818,48.9136,-16.0878,0.0,0.0001,2.2223,-0.0026,6.1326,35.4767,11.1628,27.1171,35.8728
220.0,439.0,11.2305,39.9399,98.68,213.9535,0.0252,0.0001,99.7938,205.7818,48.9136,-16.0878,0.0,0.0001,2.2169,-0.0016,6.1319,35.4793,11.1748,27.1169,35.8721
221.0,441.0,11.2366,39.9478,98.6839,213.537,0.0235,0.0001,99.7968,205.7819,48.9136,-16.0878,0.0,0.0001,2.2137,-0.0016,6.1295,35.4807,11.1807,27.1169,35.8718
222.0,443.0,11.2479,39.9628,77.9811,213.4194,0.0254,0.0001,99.8041,205.7819,48.9136,-16.0878,0.0,0.0001,2.2117,-0.0012,6.1311,35.4837,11.1916,27.1172,35.8716
223.0,445.0,11.2783,40.0008,96.1131,213.2203,0.0234,0.0001,99.7892,205.7819,48.9136,-16.0878,0.0,0.0001,2.2073,-0.0008,6.1277,35.4914,11.2217,27.1177,35.8708
224.0,447.0,11.3261,40.061,98.6883,211.9366,0.0229,0.0001,99.7993,205.782,48.9136,-16.0878,0.0,0.0001,2.201,-0.0031,6.1338,35.5042,11.269,27.1189,35.8699
225.0,449.0,11.2343,39.9535,98.4798,210.864,0.02,0.0001,99.8062,205.782,48.9136,-16.0878,0.0,0.0001,2.1967,-0.0038,6.1277,35.4848,11.1772,27.1207,35.8757
226.0,451.0,11.22,39.938,98.6868,211.7534,0.0206,0.0001,99.7933,205.782,48.9136,-16.0878,0.0,0.0001,2.1934,-0.0009,6.1394,35.4823,11.1627,27.1214,35.877
227.0,453.0,11.1537,39.8635,82.0309,210.2242,0.0229,0.0001,99.8039,205.7821,48.9136,-16.0878,0.0,0.0001,2.1855,-0.0033,6.1455,35.4709,11.0964,27.1248,35.8833
228.0,455.0,11.1346,39.8426,98.68,210.4125,0.0228,0.0001,99.8112,205.7821,48.9136,-16.0878,0.0,0.0001,2.1832,-0.0018,6.1432,35.4678,11.0771,27.1259,35.8852
229.0,457.0,11.1209,39.8279,94.7907,211.5755,0.0204,0.0001,99.8001,205.7821,48.9136,-16.0878,0.0,0.0001,2.1845,0.0005,6.1484,35.4655,11.0631,27.1266,35.8865
230.0,459.0,11.1214,39.8295,98.3729,213.0094,0.0225,0.0001,99.7998,205.7822,48.9136,-16.0878,0.0,0.0001,2.1902,0.002,6.1541,35.4656,11.0634,27.1267,35.8866
231.0,461.0,11.0782,39.7817,98.6935,213.0266,0.0211,0.0001,99.8087,205.7822,48.9136,-16.0878,0.0,0.0001,2.1933,0.0007,6.1555,35.4585,11.0201,27.1291,35.8909
232.0,463.0,11.0629,39.7668,98.6817,212.3751,0.0236,0.0001,99.8107,205.7822,48.9136,-16.0878,0.0,0.0001,2.1915,-0.0008,6.1553,35.4576,11.0046,27.1312,35.8936
233.0,465.0,11.0672,39.7746,77.36,208.481,0.0258,0.0001,99.8112,205.7822,48.9136,-16.0878,0.0,0.0001,2.1767,-0.0071,6.1555,35.4605,11.0086,27.1327,35.8949
234.0,467.0,11.0636,39.7719,94.316,209.1278,0.025,0.0001,99.8082,205.7823,48.9136,-16.0878,0.0,0.0001,2.1686,-0.0024,6.1585,35.4603,11.0048,27.1333,35.8956
235.0,469.0,11.0419,39.7482,98.68,211.0238,0.0231,0.0001,99.8049,205.7823,48.9136,-16.0878,0.0,0.0001,2.1706,0.002,6.1608,35.4565,10.9829,27.1343,35.8976
236.0,471.0,11.0281,39.7345,98.68,211.8102,0.0223,0.0001,99.8042,205.7823,48.9136,-16.0878,0.0,0.0001,2.1754,0.0024,6.1615,35.4553,10.9689,27.136,35.8998
237.0,473.0,11.0212,39.7274,83.8288,212.0923,0.0232,0.0001,99.8108,205.7824,48.9136,-16.0878,0.0,0.0001,2.1789,0.0015,6.1641,35.4542,10.9617,27.1364,35.9005
238.0,475.0,10.9993,39.7034,90.8306,213.0991,0.0211,0.0001,99.8019,205.7824,48.9137,-16.0878,0.0,0.0001,2.1851,0.0019,6.1667,35.4505,10.9397,27.1375,35.9026
239.0,477.0,10.9812,39.6864,98.6842,209.8658,0.0169,0.0001,99.7947,205.7824,48.9136,-16.0878,0.0,0.0001,2.177,-0.0043,6.1659,35.4498,10.9214,27.1403,35.9062
240.0,479.0,10.9888,39.6978,98.685,206.8645,0.0193,0.0001,99.797,205.7825,48.9137,-16.0878,0.0,0.0001,2.1589,-0.0071,6.1658,35.4531,10.9287,27.1415,35.9071
241.0,481.0,10.9885,39.6994,98.68,206.4162,0.0248,0.0001,99.8205,205.7825,48.9137,-16.0878,0.0,0.0001,2.146,-0.0039,6.1691,35.454,10.9282,27.1423,35.9079
242.0,483.0,10.9629,39.6709,90.8933,208.0594,0.0237,0.0001,99.8314,205.7825,48.9137,-16.0878,0.0,0.0001,2.1452,0.0004,6.1749,35.4493,10.9024,27.1434,35.9101
243.0,485.0,10.9502,39.6576,98.68,206.8516,0.0243,0.0001,99.8279,205.7826,48.9137,-16.0878,0.0,0.0001,2.1405,-0.0018,6.1814,35.4474,10.8895,27.1442,35.9114
244.0,487.0,10.8917,39.5952,98.68,203.4447,0.0213,0.0001,99.8307,205.7826,48.9137,-16.0878,0.0,0.0001,2.1262,-0.0067,6.1775,35.4405,10.8309,27.1495,35.9192
245.0,489.0,10.856,39.5576,98.68,204.4872,0.0212,0.0001,99.8329,205.7826,48.9137,-16.0878,0.0,0.0001,2.1193,-0.0021,6.1879,35.4365,10.7951,27.1528,35.924
246.0,491.0,10.8371,39.535,98.68,203.8994,0.0207,0.0001,99.829,205.7826,48.9137,-16.0878,0.0,0.0001,2.1133,-0.0021,6.1917,35.4312,10.776,27.1521,35.9242
247.0,493.0,10.8082,39.5037,80.1142,207.7004,0.0213,0.0001,99.8358,205.7827,48.9137,-16.0878,0.0,0.0001,2.1234,0.0051,6.1937,35.4267,10.747,27.1538,35.9271
248.0,495.0,10.7943,39.4889,96.077,208.203,0.0242,0.0001,99.8296,205.7827,48.9137,-16.0878,0.0,0.0001,2.1303,0.0037,6.1959,35.4245,10.7329,27.1546,35.9286
249.0,497.0,10.7727,39.4666,97.1848,206.7709,0.0229,0.0001,99.8317,205.7827,48.9137,-16.0878,0.0,0.0001,2.1295,-0.0005,6.1986,35.422,10.7111,27.1566,35.9315
250.0,499.0,10.7549,39.448,98.68,207.821,0.0199,0.0001,99.835,205.7827,48.9137,-16.0877,0.0,0.0001,2.1318,0.0013,6.1995,35.4197,10.6932,27.158,35.9337
251.0,501.0,10.7475,39.4406,92.0137,209.5779,0.0258,0.0001,99.8244,205.7828,48.9137,-16.0877,0.0,0.0001,2.1396,0.0031,6.204,35.4185,10.6855,27.1585,35.9345
252.0,503.0,10.7259,39.4168,98.6837,212.9037,0.0248,0.0001,99.8371,205.7828,48.9137,-16.0877,0.0,0.0001,2.1545,0.0067,6.2097,35.4146,10.6637,27.1593,35.9363
253.0,505.0,10.6829,39.3693,98.68,218.1583,0.0233,0.0001,99.8313,205.7828,48.9137,-16.0877,0.0,0.0001,2.1787,0.0126,6.21,35.4076,10.6206,27.1616,35.9404
254.0,507.0,10.6549,39.3404,98.68,218.7284,0.0259,0.0001,99.8325,205.7828,48.9137,-16.0877,0.0,0.0001,2.1956,0.0083,6.2088,35.4045,10.5925,27.1642,35.9442
255.0,509.0,10.6555,39.3441,90.2371,216.4189,0.0219,0.0001,99.8073,205.7829,48.9137,-16.0877,0.0,0.0001,2.196,0.0007,6.2133,35.4068,10.5928,27.1659,35.9459
256.0,511.0,10.645,39.3365,98.68,218.9325,0.0216,0.0001,99.8401,205.7829,48.9137,-16.0877,0.0,0.0001,2.2063,0.0044,6.211,35.4085,10.5821,27.1691,35.9495
257.0,513.0,10.6548,39.3503,98.6467,218.6506,0.0217,0.0001,99.8365,205.7829,48.9137,-16.0877,0.0,0.0001,2.2085,0.0025,6.2115,35.412,10.5916,27.1702,35.9502
258.0,515.0,10.6651,39.3657,98.68,217.7826,0.0238,0.0001,99.8362,205.783,48.9137,-16.0877,0.0,0.0001,2.2086,0.0001,6.2083,35.4167,10.6017,27.172,35.9515
259.0,517.0,10.6784,39.3855,98.68,217.147,0.0266,0.0001,99.8291,205.783,48.9137,-16.0877,0.0,0.0001,2.2069,-0.0011,6.2061,35.423,10.6146,27.1747,35.9535
260.0,519.0,10.6951,39.408,85.217,217.6378,0.0245,0.0001,99.8343,205.783,48.9137,-16.0877,0.0,0.0001,2.2068,0.0001,6.2073,35.4283,10.631,27.1759,35.954
261.0,521.0,10.6873,39.4018,94.6203,219.0747,0.0263,0.0001,99.8401,205.783,48.9137,-16.0877,0.0,0.0001,2.2115,0.0023,6.2081,35.4287,10.6229,27.1776,35.956
262.0,523.0,10.681,39.3958,98.6841,219.7637,0.0225,0.0001,99.8418,205.7831,48.9137,-16.0877,0.0,0.0001,2.2168,0.0021,6.2087,35.4279,10.6164,27.1781,35.9569
263.0,525.0,10.6799,39.3952,98.3743,219.7036,0.0224,0.0001,99.8401,205.7831,48.9137,-16.0877,0.0,0.0001,2.2192,0.0007,6.2105,35.4275,10.6151,27.1781,35.9569
264.0,527.0,10.6674,39.3819,98.6889,219.7484,0.0227,0.0001,99.8305,205.7831,48.9137,-16.0877,0.0,0.0001,2.2195,0.0002,6.2141,35.4255,10.6024,27.1787,35.9581
265.0,529.0,10.6536,39.3667,98.68,219.6098,0.0235,0.0001,99.869,205.7831,48.9137,-16.0877,0.0,0.0001,2.2196,-0.0002,6.2133,35.4225,10.5883,27.1789,35.9589
266.0,531.0,10.6174,39.3276,98.6517,220.3859,0.0242,0.0001,99.8238,205.7832,48.9137,-16.0877,0.0,0.0001,2.2218,0.0007,6.2175,35.4172,10.552,27.1813,35.9628
267.0,533.0,10.6252,39.3351,84.0706,218.8207,0.0239,0.0001,99.8148,205.7832,48.9137,-16.0877,0.0,0.0001,2.2151,-0.0026,6.2306,35.4165,10.5596,27.1794,35.9606
268.0,535.0,10.5401,39.2401,92.2161,216.212,0.025,0.0001,99.869,205.7832,48.9137,-16.0877,0.0,0.0001,2.2034,-0.0065,6.2338,35.4021,10.4746,27.1832,35.9682
269.0,537.0,10.5097,39.2057,98.6834,215.4836,0.0245,0.0001,99.8598,205.7833,48.9137,-16.0877,0.0,0.0001,2.1954,-0.0057,6.2334,35.396,10.444,27.1839,35.9702
270.0,539.0,10.4974,39.1948,98.6817,216.083,0.0212,0.0001,99.8515,205.7833,48.9137,-16.0877,0.0,0.0001,2.1905,-0.002,6.2305,35.3959,10.4316,27.186,35.9728
271.0,541.0,10.5011,39.1996,88.9941,216.7091,0.0207,0.0001,99.8237,205.7833,48.9138,-16.0877,0.0,0.0001,2.1898,-0.0004,6.235,35.3965,10.435,27.1858,35.9725
272.0,543.0,10.4947,39.1938,98.6895,213.9718,0.021,0.0001,99.869,205.7833,48.9138,-16.0877,0.0,0.0001,2.181,-0.005,6.2342,35.396,10.4284,27.1866,35.9736
273.0,545.0,10.486,39.1865,98.68,213.4719,0.0227,0.0001,99.8606,205.7834,48.9137,-16.0877,0.0,0.0001,2.1754,-0.0044,6.2338,35.3959,10.4194,27.1882,35.9755
274.0,547.0,10.4836,39.1856,98.68,214.7485,0.0224,0.0001,99.8188,205.7834,48.9138,-16.0877,0.0,0.0001,2.1732,-0.0006,6.2365,35.3966,10.4168,27.1891,35.9766
275.0,549.0,10.4751,39.1792,97.4982,212.2467,0.0207,0.0001,99.8588,205.7834,48.9138,-16.0877,0.0,0.0001,2.1638,-0.005,6.2371,35.3975,10.4081,27.1914,35.9792
276.0,551.0,10.4763,39.1861,84.7266,212.8245,0.0235,0.0001,99.8654,205.7834,48.9138,-16.0876,0.0,0.0001,2.163,-0.0025,6.2366,35.4024,10.409,27.1951,35.9828
277.0,553.0,10.4771,39.1896,97.0312,214.8463,0.0265,0.0001,99.8525,205.7835,48.9138,-16.0876,0.0,0.0001,2.1665,0.0019,6.2352,35.4042,10.4096,27.1964,35.984
278.0,555.0,10.5066,39.2262,98.6811,215.8263,0.0225,0.0001,99.8422,205.7835,48.9138,-16.0876,0.0,0.0001,2.1736,0.0024,6.2288,35.4116,10.4386,27.197,35.9834
279.0,557.0,10.5325,39.2613,98.6818,216.668,0.0223,0.0001,99.8642,205.7835,48.9138,-16.0876,0.0,0.0001,2.1805,0.0021,6.2293,35.421,10.4642,27.1998,35.9849
280.0,559.0,10.5308,39.2593,79.7982,216.0911,0.0257,0.0001,99.869,205.7836,48.9138,-16.0876,0.0,0.0001,2.1805,-0.0001,6.234,35.4196,10.4623,27.1991,35.9843
281.0,561.0,10.5083,39.2342,94.9272,215.5085,0.0226,0.0001,99.869,205.7836,48.9138,-16.0876,0.0,0.0001,2.178,-0.0012,6.236,35.4152,10.4396,27.1997,35.9859
282.0,563.0,10.4622,39.1826,97.2861,215.0362,0.0269,0.0001,99.8582,205.7836,48.9138,-16.0876,0.0,0.0001,2.1747,-0.0015,6.2372,35.407,10.3934,27.2014,35.9897
283.0,565.0,10.4523,39.1717,98.68,215.2623,0.0222,0.0001,99.8275,205.7836,48.9138,-16.0876,0.0,0.0001,2.1734,-0.0008,6.2397,35.4049,10.3833,27.2015,35.9903
284.0,567.0,10.4597,39.1827,98.68,214.9122,0.0243,0.0001,99.869,205.7837,48.9138,-16.0876,0.0,0.0001,2.1701,-0.0012,6.2448,35.4078,10.3904,27.2026,35.991
285.0,569.0,10.4363,39.1572,98.68,215.0171,0.0245,0.0001,99.869,205.7837,48.9138,-16.0876,0.0,0.0001,2.1688,-0.0005,6.2443,35.4036,10.3669,27.2034,35.9929
286.0,571.0,10.4189,39.1366,98.6842,215.2219,0.0222,0.0001,99.8401,205.7837,48.9138,-16.0876,0.0,0.0001,2.1693,0.0001,6.2399,35.399,10.3493,27.2029,35.9931
287.0,573.0,10.4488,39.1739,98.68,215.4164,0.0228,0.0001,99.8482,205.7837,48.9138,-16.0876,0.0,0.0001,2.1698,0.0003,6.2406,35.4069,10.3789,27.2039,35.9928
288.0,575.0,10.4541,39.1822,98.6891,215.5204,0.0241,0.0001,99.8401,205.7838,48.9138,-16.0876,0.0,0.0001,2.1703,0.0001,6.2416,35.4093,10.3839,27.2049,35.9935
289.0,577.0,10.435,39.1642,68.585,215.8455,0.0284,0.0001,99.8401,205.7838,48.9138,-16.0876,0.0,0.0001,2.1713,0.0005,6.2423,35.4085,10.3646,27.2076,35.9971
290.0,579.0,10.4325,39.1628,96.4043,215.7609,0.0242,0.0001,99.8456,205.7838,48.9138,-16.0876,0.0,0.0001,2.1711,-0.0002,6.2466,35.4086,10.3619,27.2082,35.9978
291.0,581.0,10.4083,39.1351,98.68,215.2167,0.0216,0.0001,99.8618,205.7838,48.9138,-16.0876,0.0,0.0001,2.1686,-0.0011,6.2486,35.4032,10.3374,27.2083,35.999
292.0,583.0,10.3908,39.116,98.68,215.1954,0.0211,0.0001,99.8506,205.7839,48.9138,-16.0876,0.0,0.0001,2.1661,-0.0008,6.2483,35.4001,10.3198,27.209,36.0004
293.0,585.0,10.3945,39.1229,88.4688,215.1142,0.0228,0.0001,99.8659,205.7839,48.9138,-16.0876,0.0,0.0001,2.1654,-0.0008,6.2505,35.4027,10.3233,27.2104,36.0016
294.0,587.0,10.3804,39.1083,98.68,215.8343,0.0232,0.0001,99.8401,205.7839,48.9138,-16.0876,0.0,0.0001,2.1666,0.0007,6.2493,35.4005,10.309,27.2112,36.0031
295.0,589.0,10.3541,39.0817,98.68,215.1941,0.0235,0.0001,99.8313,205.7839,48.9138,-16.0876,0.0,0.0001,2.1645,-0.001,6.2567,35.3982,10.2825,27.214,36.0071
296.0,591.0,10.3431,39.0694,98.68,214.7819,0.022,0.0001,99.8401,205.784,48.9138,-16.0876,0.0,0.0001,2.1611,-0.0013,6.2595,35.3956,10.2713,27.2139,36.0074
297.0,593.0,10.3163,39.0407,98.68,214.5409,0.0182,0.0001,99.849,205.784,48.9138,-16.0876,0.0,0.0001,2.1586,-0.0013,6.2598,35.3914,10.2444,27.2154,36.0101
298.0,595.0,10.3124,39.0377,79.2001,214.319,0.0164,0.0001,99.869,205.784,48.9138,-16.0876,0.0,0.0001,2.1561,-0.0012,6.261,35.3915,10.2403,27.2161,36.011
299.0,597.0,10.3005,39.0242,98.6637,214.4304,0.0198,0.0001,99.8401,205.784,48.9138,-16.0876,0.0,0.0001,2.1538,-0.0007,6.2623,35.3884,10.2281,27.2159,36.0113
300.0,599.0,10.2829,39.0053,98.6775,213.5877,0.0185,0.0001,99.8111,205.7841,48.9138,-16.0876,0.0,0.0001,2.149,-0.0027,6.282,35.3854,10.2104,27.2166,36.0128
301.0,601.0,10.1989,38.9048,98.68,209.5857,0.0208,0.0001,99.8375,205.7841,48.9138,-16.0876,0.0,0.0001,2.1297,-0.0085,6.3024,35.364,10.1266,27.2145,36.0145
302.0,603.0,10.0722,38.7645,98.68,207.0466,0.0218,0.0001,99.8401,205.7841,48.9138,-16.0876,0.0,0.0001,2.1144,-0.0103,6.3073,35.3436,10.0001,27.2204,36.0261
303.0,605.0,9.9982,38.6812,67.4265,205.3587,0.0238,0.0001,99.8371,205.7841,48.9138,-16.0876,0.0,0.0001,2.099,-0.0101,6.314,35.3299,9.9263,27.2224,36.0313
304.0,607.0,9.9445,38.6212,95.8678,204.2232,0.0262,0.0001,99.8392,205.7842,48.9138,-16.0876,0.0,0.0001,2.0813,-0.0071,6.3151,35.3201,9.8725,27.2239,36.0353
305.0,609.0,9.9264,38.6009,98.6989,204.3146,0.0226,0.0001,99.8337,205.7842,48.9138,-16.0876,0.0,0.0001,2.0699,-0.0034,6.3209,35.316,9.8543,27.2238,36.0361
306.0,611.0,9.9045,38.5763,98.68,203.9939,0.0223,0.0001,99.8401,205.7842,48.9138,-16.0876,0.0,0.0001,2.0642,-0.0024,6.3162,35.3111,9.8322,27.2238,36.037
307.0,613.0,9.884,38.5554,98.1837,203.9658,0.0261,0.0001,99.8401,205.7842,48.9138,-16.0876,0.0,0.0001,2.0628,-0.0021,6.3192,35.3091,9.8116,27.2257,36.0398
308.0,615.0,9.8843,38.5557,98.68,204.3296,0.0219,0.0001,99.7765,205.7843,48.9138,-16.0876,0.0,0.0001,2.0597,-0.0014,6.3336,35.3081,9.8117,27.2249,36.0391
309.0,617.0,9.805,38.4649,98.68,199.1274,0.023,0.0001,99.8385,205.7843,48.9138,-16.0876,0.0,0.0001,2.04,-0.009,6.3441,35.2914,9.7325,27.2253,36.043
310.0,619.0,9.7332,38.3867,70.7158,196.2505,0.0235,0.0001,99.8437,205.7843,48.9138,-16.0875,0.0,0.0001,2.021,-0.0096,6.3355,35.2802,9.6607,27.2286,36.0496
311.0,621.0,9.7765,38.4433,98.68,192.9938,0.0235,0.0001,99.8379,205.7843,48.9138,-16.0875,0.0,0.0001,1.9988,-0.0107,6.3351,35.2953,9.7036,27.2332,36.0521
312.0,623.0,9.7968,38.4722,94.6147,188.2423,0.0247,0.0001,99.8343,205.7844,48.9138,-16.0875,0.0,0.0001,1.9713,-0.0139,6.3379,35.3043,9.7236,27.2369,36.0548
313.0,625.0,9.7831,38.4582,98.68,187.9179,0.0235,0.0001,99.8339,205.7844,48.9138,-16.0875,0.0,0.0001,1.954,-0.0089,6.3371,35.3023,9.7096,27.2377,36.0562
314.0,627.0,9.7423,38.4158,98.5176,189.8322,0.0236,0.0001,99.7954,205.7844,48.9138,-16.0875,0.0,0.0001,1.9474,-0.0022,6.345,35.2976,9.6688,27.2409,36.0612
315.0,629.0,9.742,38.4143,98.68,188.8165,0.0244,0.0001,99.8356,205.7844,48.9138,-16.0875,0.0,0.0001,1.941,-0.0034,6.3536,35.2957,9.6683,27.2395,36.0599
316.0,631.0,9.6848,38.3526,98.68,187.6729,0.0236,0.0001,99.8545,205.7845,48.9138,-16.0875,0.0,0.0001,1.9325,-0.0039,6.3565,35.2871,9.6111,27.2424,36.0654
317.0,633.0,9.6527,38.3198,98.68,187.0907,0.023,0.0001,99.8401,205.7845,48.9138,-16.0875,0.0,0.0001,1.9273,-0.0034,6.353,35.2839,9.5789,27.2452,36.0697
318.0,635.0,9.6387,38.3069,78.2254,187.4419,0.0229,0.0001,99.8369,205.7845,48.9138,-16.0875,0.0,0.0001,1.9238,-0.0018,6.3569,35.2834,9.5647,27.2473,36.0723
319.0,637.0,9.6413,38.3117,95.0838,186.7116,0.0254,0.0001,99.8619,205.7845,48.9139,-16.0875,0.0,0.0001,1.9188,-0.0021,6.3583,35.285,9.5671,27.2481,36.073
320.0,639.0,9.6365,38.3059,98.68,185.9636,0.0228,0.0001,99.869,205.7846,48.9139,-16.0875,0.0,0.0001,1.9142,-0.0025,6.3567,35.2828,9.5621,27.2473,36.0724
321.0,641.0,9.6294,38.3042,98.68,185.8207,0.0257,0.0001,99.8733,205.7846,48.9138,-16.0875,0.0,0.0001,1.9114,-0.002,6.3567,35.2871,9.5548,27.2518,36.0772
322.0,643.0,9.6402,38.3205,96.455,185.5059,0.0234,0.0001,99.8682,205.7846,48.9139,-16.0875,0.0,0.0001,1.9088,-0.0017,6.3572,35.2922,9.5652,27.254,36.0789
323.0,645.0,9.6403,38.3215,67.4464,185.205,0.0274,0.0001,99.8545,205.7846,48.9139,-16.0875,0.0,0.0001,1.9045,-0.0016,6.3595,35.2925,9.5651,27.2543,36.0792
324.0,647.0,9.6282,38.3109,88.7777,184.7881,0.026,0.0001,99.8401,205.7847,48.9139,-16.0875,0.0,0.0001,1.9009,-0.0019,6.3632,35.2925,9.553,27.2564,36.0818
325.0,649.0,9.601,38.283,98.68,184.8203,0.0269,0.0001,99.8608,205.7847,48.9139,-16.0875,0.0,0.0001,1.8983,-0.0013,6.368,35.2895,9.5256,27.2586,36.0852
326.0,651.0,9.5748,38.256,98.68,185.1498,0.0237,0.0001,99.8708,205.7847,48.9139,-16.0875,0.0,0.0001,1.8974,-0.0005,6.3716,35.2863,9.4993,27.2605,36.0882
327.0,653.0,9.5519,38.2314,98.68,185.4273,0.0238,0.0,99.8942,205.7847,48.9139,-16.0875,0.0,0.0001,1.8976,0.0001,6.3692,35.2825,9.4762,27.2613,36.0901
328.0,655.0,9.5481,38.2317,98.68,185.6029,0.0248,0.0001,99.869,205.7847,48.9139,-16.0875,0.0,0.0001,1.8987,0.0004,6.3676,35.2854,9.4721,27.2643,36.0932
329.0,657.0,9.5639,38.2517,85.7121,184.9184,0.0231,0.0001,99.8629,205.7848,48.9139,-16.0875,0.0,0.0001,1.8966,-0.0008,6.3646,35.2898,9.4877,27.2651,36.0934
330.0,659.0,9.5603,38.2508,98.68,184.0205,0.0226,0.0,99.8978,205.7848,48.9139,-16.0875,0.0,0.0001,1.8938,-0.0018,6.3565,35.2915,9.4838,27.2671,36.0955
331.0,661.0,9.6033,38.3094,98.68,185.1331,0.0248,0.0001,99.8611,205.7848,48.9139,-16.0875,0.0,0.0001,1.8962,0.0007,6.3533,35.3087,9.5264,27.2735,36.0998
332.0,663.0,9.6539,38.3741,96.7648,186.3313,0.0254,0.0,99.8942,205.7848,48.9139,-16.0875,0.0,0.0001,1.9002,0.0023,6.3512,35.3249,9.5764,27.2778,36.1017
333.0,665.0,9.6665,38.3918,69.9321,186.3921,0.0243,0.0,99.8933,205.7849,48.9139,-16.0875,0.0,0.0001,1.9026,0.0013,6.3512,35.33,9.5888,27.2797,36.103
334.0,667.0,9.6693,38.3966,92.2879,186.3424,0.0226,0.0,99.8889,205.7849,48.9139,-16.0875,0.0,0.0001,1.9035,0.0006,6.3544,35.3315,9.5913,27.2804,36.1036
335.0,669.0,9.6576,38.3851,98.68,185.9992,0.022,0.0,99.8978,205.7849,48.9139,-16.0875,0.0,0.0001,1.9031,-0.0004,6.3558,35.3301,9.5794,27.2813,36.105
336.0,671.0,9.6417,38.3703,98.68,186.4361,0.026,0.0,99.8978,205.7849,48.9139,-16.0875,0.0,0.0001,1.9035,0.0004,6.3571,35.3295,9.5634,27.2835,36.108
337.0,673.0,9.6295,38.3572,98.68,186.643,0.0233,0.0,99.8899,205.7849,48.9139,-16.0875,0.0,0.0001,1.9045,0.0005,6.3587,35.3271,9.551,27.2837,36.1087
338.0,675.0,9.6145,38.3412,98.68,186.3529,0.025,0.0,99.8909,205.785,48.9139,-16.0875,0.0,0.0001,1.9038,-0.0005,6.3637,35.3243,9.5359,27.2841,36.1098
339.0,677.0,9.5898,38.3162,98.68,186.6112,0.0231,0.0001,99.8816,205.785,48.9139,-16.0875,0.0,0.0001,1.9033,-0.0003,6.3696,35.3219,9.511,27.2863,36.1131
340.0,679.0,9.5601,38.2839,98.68,186.7857,0.0243,0.0001,99.8834,205.785,48.9139,-16.0874,0.0,0.0001,1.903,-0.0002,6.3764,35.3166,9.4812,27.2872,36.1153
341.0,681.0,9.509,38.2281,98.68,186.5723,0.0246,0.0001,99.8978,205.785,48.9139,-16.0874,0.0,0.0001,1.9023,-0.0007,6.3797,35.3083,9.4301,27.2892,36.1196
342.0,683.0,9.4842,38.2013,98.68,186.9231,0.0237,0.0,99.8978,205.7851,48.9139,-16.0874,0.0,0.0001,1.9023,0.0002,6.3769,35.3041,9.4052,27.2901,36.1216
343.0,685.0,9.4665,38.1831,87.3477,187.4779,0.0215,0.0001,99.8538,205.7851,48.9139,-16.0874,0.0,0.0001,1.9032,0.0005,6.386,35.3018,9.3874,27.2912,36.1236
344.0,687.0,9.4531,38.1688,94.4866,186.6081,0.0249,0.0001,99.8676,205.7851,48.9139,-16.0874,0.0,0.0001,1.9004,-0.0019,6.4061,35.2993,9.3739,27.2915,36.1245
345.0,689.0,9.3403,38.0429,98.68,186.7343,0.0214,0.0,99.892,205.7851,48.9139,-16.0874,0.0,0.0001,1.8978,-0.001,6.405,35.2786,9.2613,27.2939,36.132
346.0,691.0,9.2718,37.9712,98.68,188.1498,0.0247,0.0001,99.8813,205.7852,48.9139,-16.0874,0.0,0.0001,1.899,0.0013,6.4171,35.2705,9.1929,27.2987,36.1399
347.0,693.0,9.2421,37.9361,98.6028,188.0331,0.0233,0.0001,99.8978,205.7852,48.9139,-16.0874,0.0,0.0001,1.8987,-0.0001,6.4355,35.2624,9.1632,27.2973,36.1399
348.0,695.0,9.0967,37.7797,98.68,189.0353,0.0233,0.0,99.8978,205.7852,48.9139,-16.0874,0.0,0.0001,1.9003,0.001,6.446,35.2419,9.0183,27.3047,36.1539
349.0,697.0,9.0532,37.7298,98.68,188.3313,0.0236,0.0001,99.887,205.7852,48.9139,-16.0874,0.0,0.0001,1.899,-0.0005,6.4436,35.2319,8.9748,27.3039,36.1552
350.0,699.0,9.0208,37.6991,98.68,188.6416,0.0213,0.0001,99.8978,205.7852,48.9139,-16.0874,0.0,0.0001,1.8999,0.0001,6.4407,35.231,8.9424,27.3084,36.1611
351.0,701.0,9.0428,37.7284,69.4762,189.199,0.0222,0.0,99.8892,205.7853,48.9139,-16.0874,0.0,0.0001,1.9011,0.0009,6.4439,35.2389,8.9639,27.3111,36.1628
352.0,703.0,9.0368,37.7219,96.4339,188.5485,0.0225,0.0001,99.8593,205.7853,48.9139,-16.0874,0.0,0.0001,1.8991,-0.0008,6.4527,35.237,8.9578,27.3107,36.1626
353.0,705.0,8.9892,37.6729,98.68,188.4614,0.0238,0.0,99.8888,205.7853,48.9139,-16.0874,0.0,0.0001,1.8974,-0.0007,6.4562,35.2317,8.9101,27.3142,36.1683
354.0,707.0,8.9584,37.6451,98.6844,188.4788,0.0203,0.0,99.8978,205.7853,48.9139,-16.0873,0.0,0.0001,1.8963,-0.0005,6.4566,35.2321,8.8793,27.3195,36.1749
355.0,709.0,8.9519,37.6422,98.68,187.3478,0.0196,0.0,99.8978,205.7854,48.9139,-16.0874,0.0,0.0001,1.8929,-0.0019,6.4531,35.2347,8.8726,27.3225,36.1782
356.0,711.0,8.9579,37.6517,98.68,186.8943,0.0217,0.0,99.8978,205.7854,48.9139,-16.0873,0.0,0.0001,1.8894,-0.0021,6.4544,35.2377,8.8784,27.324,36.1793
357.0,713.0,8.9842,37.6867,98.68,187.1714,0.0223,0.0,99.8882,205.7854,48.9139,-16.0873,0.0,0.0001,1.8883,-0.001,6.4514,35.2474,8.9043,27.3274,36.1815
358.0,715.0,8.9932,37.6995,78.3601,187.1354,0.0219,0.0001,99.8384,205.7854,48.9139,-16.0873,0.0,0.0001,1.8876,-0.0001,6.4334,35.2512,8.913,27.3289,36.1826
359.0,717.0,9.0957,37.83,98.6376,186.3624,0.0219,0.0,99.9042,205.7855,48.9139,-16.0873,0.0,0.0001,1.8859,-0.001,6.4281,35.2852,9.0147,27.3392,36.188
360.0,719.0,9.1336,37.876,90.573,186.3182,0.0214,0.0,99.8918,205.7855,48.9139,-16.0873,0.0,0.0001,1.8852,-0.001,6.4292,35.295,9.0521,27.3409,36.1878
361.0,721.0,9.137,37.8815,98.68,185.8632,0.0238,0.0,99.9008,205.7855,48.9139,-16.0873,0.0,0.0001,1.8803,-0.0015,6.4337,35.2965,9.0554,27.3415,36.1883
362.0,723.0,9.1133,37.8601,98.68,185.4969,0.0238,0.0,99.9029,205.7855,48.9139,-16.0873,0.0,0.0001,1.8791,-0.0015,6.4328,35.2966,9.0314,27.3455,36.1933
363.0,725.0,9.0916,37.8381,81.0,186.4653,0.0186,0.0,99.8879,205.7856,48.914,-16.0873,0.0,0.0001,1.8796,0.0001,6.4416,35.2941,9.0096,27.347,36.1958
364.0,727.0,9.0675,37.8111,98.68,185.58,0.0171,0.0,99.9219,205.7856,48.914,-16.0873,0.0,0.0001,1.8762,-0.0019,6.4509,35.2888,8.9855,27.3467,36.1967
365.0,729.0,9.041,37.7846,83.6579,185.3927,0.018,0.0,99.8978,205.7856,48.9139,-16.0873,0.0,0.0001,1.8753,-0.0018,6.4477,35.2865,8.9589,27.3493,36.2004
366.0,731.0,8.9747,37.7128,88.6638,186.2645,0.0218,0.0,99.909,205.7856,48.9139,-16.0873,0.0,0.0001,1.8755,0.0003,6.4421,35.276,8.8928,27.3517,36.2059
367.0,733.0,8.9583,37.6972,98.68,187.0266,0.0246,0.0,99.8909,205.7856,48.914,-16.0873,0.0,0.0001,1.8785,0.0006,6.4565,35.2749,8.8762,27.3535,36.2084
368.0,735.0,8.947,37.6824,98.68,186.2407,0.0266,0.0,99.9037,205.7857,48.914,-16.0873,0.0,0.0001,1.8755,-0.0012,6.4654,35.2695,8.8647,27.3511,36.2066
369.0,737.0,8.9004,37.6371,98.68,186.9919,0.0281,0.0,99.9065,205.7857,48.914,-16.0873,0.0,0.0001,1.8755,0.0001,6.4727,35.2673,8.8181,27.3568,36.2144
370.0,739.0,8.8675,37.6025,98.68,187.0274,0.0252,0.0,99.9028,205.7857,48.914,-16.0873,0.0,0.0001,1.8755,0.0,6.475,35.2628,8.7852,27.3585,36.2176
371.0,741.0,8.8272,37.5603,79.8322,187.4093,0.0212,0.0,99.9081,205.7857,48.914,-16.0873,0.0,0.0001,1.8755,0.0003,6.4773,35.2575,8.7449,27.3608,36.2218
372.0,743.0,8.8074,37.5418,98.68,187.5191,0.0206,0.0,99.8978,205.7858,48.914,-16.0873,0.0,0.0001,1.8764,0.0001,6.4825,35.2566,8.7249,27.3633,36.2251
373.0,745.0,8.7721,37.5042,98.68,187.5018,0.0225,0.0,99.8978,205.7858,48.914,-16.0873,0.0,0.0001,1.8761,-0.0002,6.4844,35.2511,8.6895,27.3645,36.228
374.0,747.0,8.7698,37.5033,98.68,187.2557,0.0279,0.0,99.8978,205.7858,48.914,-16.0873,0.0,0.0001,1.8755,-0.0008,6.489,35.2516,8.6871,27.3653,36.2289
375.0,749.0,8.7553,37.4894,98.68,187.5981,0.024,0.0,99.9122,205.7858,48.914,-16.0873,0.0,0.0001,1.8752,-0.0002,6.4902,35.2504,8.6724,27.3667,36.2309
376.0,751.0,8.6997,37.4327,78.4251,188.1867,0.0235,0.0,99.8969,205.7859,48.914,-16.0873,0.0,0.0001,1.8761,0.0003,6.4985,35.2447,8.6168,27.371,36.2378
377.0,753.0,8.7038,37.4364,98.6944,187.4262,0.0209,0.0,99.9033,205.7859,48.914,-16.0873,0.0,0.0001,1.8737,-0.0013,6.5063,35.2438,8.6207,27.3697,36.2363
378.0,755.0,8.642,37.3727,98.6842,187.1748,0.0213,0.0,99.8892,205.7859,48.914,-16.0873,0.0,0.0001,1.8721,-0.0013,6.5064,35.2373,8.5591,27.3743,36.2437
379.0,757.0,8.6112,37.3405,98.68,187.6767,0.0213,0.0,99.9139,205.7859,48.914,-16.0873,0.0,0.0001,1.873,-0.0002,6.5037,35.2328,8.5282,27.3756,36.2464
380.0,759.0,8.6021,37.333,98.68,188.5235,0.0242,0.0,99.8723,205.7859,48.914,-16.0873,0.0,0.0001,1.8739,0.001,6.5072,35.2328,8.5189,27.3771,36.2484
381.0,761.0,8.6196,37.3536,74.4178,188.1683,0.0238,0.0,99.9,205.786,48.914,-16.0873,0.0,0.0001,1.8742,-0.0001,6.5099,35.2365,8.5361,27.3773,36.2478
382.0,763.0,8.6276,37.3683,98.68,187.2756,0.0233,0.0,99.9159,205.786,48.914,-16.0873,0.0,0.0001,1.8709,-0.002,6.521,35.2431,8.5438,27.3812,36.2513
383.0,765.0,8.5597,37.2948,89.9702,187.2931,0.022,0.0,99.9216,205.786,48.914,-16.0873,0.0,0.0001,1.8694,-0.0012,6.5127,35.232,8.4761,27.3831,36.2563
384.0,767.0,8.5478,37.2904,98.68,188.0647,0.0211,0.0,99.9177,205.786,48.914,-16.0873,0.0,0.0001,1.8692,0.0007,6.5033,35.2381,8.464,27.3898,36.2634
385.0,769.0,8.6216,37.3789,98.68,187.0844,0.0226,0.0,99.9267,205.7861,48.914,-16.0873,0.0,0.0001,1.8691,-0.0009,6.4975,35.2574,8.5372,27.3935,36.2636
386.0,771.0,8.6495,37.4149,98.68,186.4166,0.0225,0.0,99.9155,205.7861,48.914,-16.0873,0.0,0.0001,1.8673,-0.0015,6.4975,35.2668,8.5646,27.3966,36.2653
387.0,773.0,8.663,37.433,98.68,186.0817,0.022,0.0,99.9175,205.7861,48.914,-16.0873,0.0,0.0001,1.8629,-0.0014,6.4949,35.2716,8.5778,27.3982,36.2663
388.0,775.0,8.6764,37.4519,98.68,186.4225,0.0212,0.0,99.9195,205.7861,48.914,-16.0872,0.0,0.0001,1.862,-0.0004,6.4929,35.2772,8.5909,27.4006,36.268
389.0,777.0,8.6822,37.4608,98.68,186.2812,0.0232,0.0,99.9133,205.7861,48.914,-16.0872,0.0,0.0001,1.8614,-0.0006,6.4952,35.2798,8.5965,27.4017,36.2689
390.0,779.0,8.7002,37.4831,98.68,185.9588,0.024,0.0,99.9088,205.7862,48.914,-16.0872,0.0,0.0001,1.8595,-0.0011,6.4967,35.2844,8.614,27.4026,36.2689
391.0,781.0,8.495,37.2502,98.68,186.9041,0.023,0.0,99.9004,205.7862,48.914,-16.0872,0.0,0.0001,1.8576,0.0001,6.5225,35.2414,8.4099,27.4007,36.2767
392.0,783.0,8.5226,37.2911,79.3943,186.0986,0.02,0.0,99.8686,205.7862,48.914,-16.0872,0.0,0.0001,1.8556,-0.0011,6.5244,35.2566,8.4371,27.4084,36.283
393.0,785.0,8.4908,37.2656,90.445,187.0986,0.0216,0.0,99.9267,205.7862,48.914,-16.0872,0.0,0.0001,1.8556,0.0003,6.532,35.2601,8.4052,27.4162,36.2922
394.0,787.0,8.5131,37.2927,98.68,186.2005,0.0261,0.0,99.9108,205.7863,48.914,-16.0872,0.0,0.0001,1.8549,-0.0011,6.5271,35.2659,8.4272,27.4173,36.2922
395.0,789.0,8.4312,37.2043,98.6404,187.0394,0.025,0.0,99.9097,205.7863,48.914,-16.0872,0.0,0.0001,1.8559,0.0002,6.5314,35.2528,8.3456,27.4197,36.2984
396.0,791.0,8.4459,37.2242,98.605,187.1389,0.0245,0.0,99.9078,205.7863,48.914,-16.0872,0.0,0.0001,1.8562,0.0003,6.5288,35.2583,8.36,27.4218,36.2998
397.0,793.0,8.4443,37.2255,98.68,187.0377,0.0235,0.0,99.9069,205.7863,48.914,-16.0872,0.0,0.0001,1.8562,0.0,6.5258,35.2605,8.3581,27.4238,36.3018
398.0,795.0,8.4677,37.2552,98.68,186.2166,0.0222,0.0,99.9098,205.7864,48.914,-16.0872,0.0,0.0001,1.8542,-0.0012,6.5267,35.2675,8.3811,27.4258,36.3026
399.0,797.0,8.4688,37.2588,98.68,186.0157,0.0206,0.0,99.8978,205.7864,48.914,-16.0872,0.0,0.0001,1.8523,-0.0013,6.5269,35.2693,8.382,27.427,36.3038
400.0,799.0,8.4657,37.2575,71.4395,186.6969,0.0242,0.0,99.9021,205.7864,48.914,-16.0872,0.0,0.0001,1.8523,0.0001,6.5272,35.2702,8.3787,27.4283,36.3052
401.0,801.0,8.4629,37.2559,96.0851,186.1583,0.023,0.0,99.9143,205.7864,48.914,-16.0872,0.0,0.0001,1.851,-0.0008,6.5295,35.2704,8.3757,27.4288,36.3059
402.0,803.0,8.4529,37.2463,98.68,185.8662,0.0245,0.0,99.9044,205.7864,48.914,-16.0872,0.0,0.0001,1.8483,-0.0011,6.5345,35.2693,8.3655,27.4296,36.3072
403.0,805.0,8.4293,37.2219,98.4589,185.9453,0.0206,0.0,99.9214,205.7865,48.914,-16.0872,0.0,0.0001,1.8479,-0.0008,6.5379,35.2659,8.3418,27.4305,36.3092
404.0,807.0,8.4094,37.2013,98.68,186.5563,0.0223,0.0,99.8993,205.7865,48.914,-16.0872,0.0,0.0001,1.8474,0.0002,6.539,35.2628,8.3218,27.4313,36.3109
405.0,809.0,8.3918,37.183,98.68,187.2297,0.0216,0.0,99.9115,205.7865,48.914,-16.0872,0.0,0.0001,1.8486,0.0009,6.5501,35.2602,8.3041,27.4319,36.3123
406.0,811.0,8.318,37.103,98.68,187.0808,0.0228,0.0,99.9085,205.7865,48.914,-16.0872,0.0,0.0001,1.8474,-0.0007,6.5751,35.2479,8.2305,27.4336,36.3175
407.0,813.0,8.1946,36.9659,83.9336,189.0286,0.0228,0.0,99.9231,205.7866,48.914,-16.0872,0.0,0.0001,1.8498,0.002,6.5859,35.2243,8.1077,27.4338,36.3235
408.0,815.0,8.1111,36.8771,82.2078,189.7139,0.0249,0.0,99.8993,205.7866,48.914,-16.0872,0.0,0.0001,1.8548,0.0021,6.5866,35.2121,8.0245,27.4368,36.3305
409.0,817.0,8.0825,36.8478,88.7326,189.3474,0.0239,0.0,99.8978,205.7866,48.914,-16.0872,0.0,0.0001,1.8559,0.0008,6.586,35.2086,7.9958,27.4384,36.3334
410.0,819.0,8.0776,36.8417,98.68,189.653,0.0257,0.0,99.8946,205.7866,48.914,-16.0872,0.0,0.0001,1.8577,0.0008,6.5862,35.2059,7.9908,27.437,36.3323
411.0,821.0,8.0736,36.8386,98.68,190.0553,0.0254,0.0,99.8978,205.7866,48.914,-16.0872,0.0,0.0001,1.8578,0.0001,6.6121,35.2055,7.9865,27.4374,36.3329
412.0,823.0,8.0073,36.7665,82.9041,189.3879,0.0234,0.0,99.8978,205.7867,48.914,-16.0872,0.0,0.0001,1.8552,-0.0014,6.6269,35.1941,7.9204,27.4383,36.337
413.0,825.0,7.8241,36.5706,98.68,191.9364,0.0229,0.0,99.8978,205.7867,48.914,-16.0872,0.0,0.0001,1.8608,0.002,6.6406,35.1664,7.7381,27.4437,36.351
414.0,827.0,7.8061,36.5524,98.68,192.0463,0.0213,0.0,99.9097,205.7867,48.914,-16.0872,0.0,0.0001,1.862,0.0005,6.6574,35.1639,7.72,27.4445,36.3526
415.0,829.0,7.6912,36.4256,98.68,193.1558,0.022,0.0,99.9026,205.7867,48.914,-16.0872,0.0,0.0001,1.8642,0.0017,6.6611,35.1418,7.6056,27.4439,36.3576
416.0,831.0,7.6135,36.3475,98.68,194.7445,0.0213,0.0,99.894,205.7868,48.914,-16.0872,0.0,0.0001,1.8699,0.0028,6.6691,35.1344,7.5281,27.4494,36.3668
417.0,833.0,7.5715,36.3028,92.4307,194.8564,0.0234,0.0,99.9019,205.7868,48.914,-16.0872,0.0,0.0001,1.8736,0.0017,6.674,35.1274,7.4863,27.45,36.3694
418.0,835.0,7.5309,36.2626,79.0263,195.2227,0.0217,0.0,99.8991,205.7868,48.914,-16.0872,0.0,0.0001,1.8764,0.0015,6.6741,35.1239,7.4457,27.4531,36.3744
419.0,837.0,7.5259,36.2605,97.0699,195.1173,0.0203,0.0,99.8978,205.7868,48.914,-16.0872,0.0,0.0001,1.8779,0.0007,6.6741,35.1258,7.4406,27.4553,36.3768
420.0,839.0,7.5248,36.2612,98.68,194.694,0.0232,0.0,99.9086,205.7869,48.914,-16.0872,0.0,0.0001,1.8779,-0.0001,6.6719,35.1267,7.4392,27.4562,36.3778
421.0,841.0,7.5315,36.2729,98.68,194.3941,0.0229,0.0,99.9086,205.7869,48.914,-16.0872,0.0,0.0001,1.8763,-0.0005,6.6707,35.1315,7.4456,27.4591,36.3802
422.0,843.0,7.5432,36.2898,98.68,194.3609,0.0218,0.0,99.9267,205.7869,48.914,-16.0872,0.0,0.0001,1.8757,-0.0004,6.6703,35.1369,7.457,27.4617,36.3823
423.0,845.0,7.5466,36.2952,77.7915,194.2895,0.0223,0.0,99.8795,205.7869,48.9141,-16.0872,0.0,0.0001,1.8746,-0.0004,6.6698,35.1384,7.4602,27.4624,36.3828
424.0,847.0,7.5479,36.2982,90.2591,193.817,0.0221,0.0,99.9267,205.787,48.9141,-16.0872,0.0,0.0001,1.8733,-0.0008,6.6669,35.1394,7.4613,27.4631,36.3834
425.0,849.0,7.5548,36.3087,98.68,193.5353,0.0214,0.0,99.9267,205.787,48.9141,-16.0872,0.0,0.0001,1.8718,-0.001,6.6651,35.1429,7.4678,27.4648,36.3848
426.0,851.0,7.5682,36.3293,98.68,193.5384,0.0222,0.0,99.9231,205.787,48.9141,-16.0872,0.0,0.0001,1.8706,-0.0006,6.6638,35.1508,7.481,27.4691,36.3884
427.0,853.0,7.5823,36.3491,98.68,193.4826,0.0269,0.0,99.9267,205.787,48.9141,-16.0872,0.0,0.0001,1.8681,-0.0008,6.6703,35.1571,7.4947,27.4722,36.3907
428.0,855.0,7.5651,36.3349,98.68,193.2762,0.024,0.0,99.9267,205.787,48.9141,-16.0872,0.0,0.0001,1.8678,-0.0008,6.6723,35.1581,7.4774,27.4754,36.3948
429.0,857.0,7.5313,36.3015,98.68,193.9149,0.0233,0.0,99.9267,205.7871,48.9141,-16.0871,0.0,0.0001,1.8682,0.0003,6.6679,35.1552,7.4437,27.478,36.3989
430.0,859.0,7.5408,36.3151,98.68,194.1831,0.0211,0.0,99.9267,205.7871,48.9141,-16.0871,0.0,0.0001,1.8684,0.0003,6.6746,35.1595,7.4529,27.4801,36.4005
431.0,861.0,7.5389,36.3168,98.68,193.8769,0.0221,0.0,99.9206,205.7871,48.9141,-16.0871,0.0,0.0001,1.868,-0.0003,6.6742,35.162,7.4508,27.4823,36.4028
432.0,863.0,7.5038,36.2804,98.68,194.8616,0.0256,0.0,99.9267,205.7871,48.9141,-16.0871,0.0,0.0001,1.87,0.0012,6.6767,35.1571,7.4157,27.4835,36.4057
433.0,865.0,7.4858,36.2636,81.5264,194.9165,0.0238,0.0,99.9237,205.7871,48.9141,-16.0871,0.0,0.0001,1.8706,0.0004,6.6852,35.1563,7.3976,27.4855,36.4086
434.0,867.0,7.4556,36.2316,96.4824,194.9818,0.0184,0.0,99.9381,205.7872,48.9141,-16.0871,0.0,0.0001,1.8703,-0.0001,6.6967,35.1511,7.3674,27.4858,36.4103
435.0,869.0,7.4225,36.1976,95.2948,195.5949,0.0197,0.0,99.9224,205.7872,48.9141,-16.0871,0.0,0.0001,1.8709,0.0007,6.6982,35.1466,7.3343,27.487,36.4131
436.0,871.0,7.2849,36.0525,98.68,196.6202,0.0232,0.0,99.9261,205.7872,48.9141,-16.0871,0.0,0.0001,1.8739,0.0009,6.7206,35.1266,7.1974,27.4908,36.4235
437.0,873.0,7.2289,35.9962,95.335,197.5337,0.0233,0.0,99.9341,205.7872,48.9141,-16.0871,0.0,0.0001,1.8742,0.0016,6.7194,35.121,7.1415,27.4943,36.4296
438.0,875.0,7.2025,35.9713,73.2989,198.9973,0.0244,0.0,99.946,205.7873,48.9141,-16.0871,0.0,0.0001,1.8809,0.0032,6.7247,35.1195,7.115,27.4969,36.4335
439.0,877.0,7.1906,35.9604,98.68,198.7469,0.0209,0.0,99.9289,205.7873,48.9141,-16.0871,0.0,0.0001,1.884,0.0013,6.7288,35.1188,7.1031,27.498,36.4351
440.0,879.0,7.1735,35.9453,98.68,198.5158,0.0222,0.0,99.9329,205.7873,48.9141,-16.0871,0.0,0.0001,1.8852,0.0004,6.7314,35.1185,7.0859,27.5002,36.4382
441.0,881.0,7.1612,35.9343,98.68,198.8453,0.0269,0.0,99.9508,205.7873,48.9141,-16.0871,0.0,0.0001,1.8862,0.0006,6.731,35.1179,7.0734,27.5015,36.44
442.0,883.0,7.1571,35.9328,98.68,198.7045,0.0244,0.0,99.9556,205.7874,48.9141,-16.0871,0.0,0.0001,1.8866,0.0002,6.7297,35.1196,7.0691,27.5034,36.4421
443.0,885.0,7.16,35.9404,87.7832,198.9001,0.0238,0.0,99.9482,205.7874,48.9141,-16.0871,0.0,0.0001,1.8867,0.0005,6.7303,35.1239,7.0718,27.5064,36.445
444.0,887.0,7.1666,35.9462,93.1945,198.5069,0.0239,0.0,99.9466,205.7874,48.9141,-16.0871,0.0,0.0001,1.8862,-0.0003,6.73,35.1227,7.0782,27.5046,36.4429
445.0,889.0,7.168,35.9508,98.68,197.7125,0.0243,0.0,99.9556,205.7874,48.9141,-16.0871,0.0,0.0001,1.8842,-0.0014,6.7283,35.1254,7.0793,27.5066,36.4447
446.0,891.0,7.1641,35.9479,98.68,197.7379,0.0242,0.0,99.9556,205.7874,48.9141,-16.0871,0.0,0.0001,1.884,-0.001,6.7274,35.1255,7.0753,27.5072,36.4455
447.0,893.0,7.1682,35.9568,98.68,198.519,0.023,0.0,99.9394,205.7875,48.9141,-16.0871,0.0,0.0001,1.8838,0.0002,6.7291,35.1299,7.0791,27.5101,36.4482
448.0,895.0,7.1796,35.9727,84.0791,198.6463,0.024,0.0,99.9307,205.7875,48.9141,-16.0871,0.0,0.0001,1.8844,0.0003,6.7274,35.1344,7.0901,27.5121,36.4496
449.0,897.0,7.175,35.9669,94.23,197.9732,0.0258,0.0,99.9148,205.7875,48.9141,-16.0871,0.0,0.0001,1.8824,-0.0008,6.7282,35.1322,7.0854,27.511,36.4488
450.0,899.0,7.1773,35.9771,92.314,197.8135,0.0219,0.0,99.9556,205.7875,48.9141,-16.0871,0.0,0.0001,1.8808,-0.001,6.7331,35.1399,7.0874,27.5168,36.4544
451.0,901.0,7.1669,35.9674,98.68,197.9436,0.0185,0.0,99.9556,205.7876,48.9141,-16.0871,0.0,0.0001,1.8803,-0.0005,6.731,35.1388,7.0769,27.5174,36.4555
452.0,903.0,7.1405,35.9434,98.68,198.273,0.0199,0.0,99.9556,205.7876,48.9141,-16.0871,0.0,0.0001,1.8803,0.0,6.7319,35.1385,7.0505,27.5209,36.4602
453.0,905.0,7.1469,35.9545,98.4931,198.5891,0.0232,0.0,99.9577,205.7876,48.9141,-16.0871,0.0,0.0001,1.8807,0.0002,6.7348,35.143,7.0566,27.5236,36.4626
454.0,907.0,7.1346,35.943,98.68,198.1866,0.0265,0.0,99.9556,205.7876,48.9141,-16.0871,0.0,0.0001,1.8798,-0.0006,6.7384,35.142,7.0442,27.5245,36.4641
455.0,909.0,7.1194,35.9283,98.68,198.6528,0.0234,0.0,99.9556,205.7877,48.9141,-16.0871,0.0,0.0001,1.8801,0.0001,6.7399,35.1406,7.0289,27.5256,36.4659
456.0,911.0,7.1063,35.9161,94.7412,199.0473,0.022,0.0,99.9587,205.7877,48.9141,-16.0871,0.0,0.0001,1.881,0.0005,6.7414,35.1396,7.0157,27.5267,36.4676
457.0,913.0,7.0918,35.9033,74.0368,199.3902,0.0253,0.0,99.9556,205.7877,48.9141,-16.087,0.0,0.0001,1.8822,0.0007,6.7418,35.1391,7.0011,27.5283,36.4699
458.0,915.0,7.0827,35.8958,94.4033,199.5882,0.0255,0.0,99.9556,205.7877,48.9141,-16.0871,0.0,0.0001,1.8828,0.0004,6.7457,35.1391,6.9918,27.5296,36.4717
459.0,917.0,7.0616,35.8761,98.68,199.7966,0.0181,0.0,99.9556,205.7878,48.9141,-16.0871,0.0,0.0001,1.8838,0.0001,6.754,35.138,6.9706,27.5317,36.4747
460.0,919.0,7.0509,35.8647,98.68,199.6392,0.022,0.0,99.9556,205.7878,48.9141,-16.087,0.0,0.0001,1.884,-0.0004,6.7593,35.1356,6.9598,27.5313,36.4749
461.0,921.0,7.0037,35.8178,98.68,199.6529,0.0221,0.0,99.9556,205.7878,48.9141,-16.087,0.0,0.0001,1.8828,-0.0003,6.7575,35.1311,6.9128,27.5343,36.4801
462.0,923.0,6.9679,35.7838,64.6943,201.1933,0.0224,0.0,99.9569,205.7878,48.9141,-16.087,0.0,0.0001,1.8861,0.0016,6.7635,35.1289,6.877,27.5375,36.4851
463.0,925.0,6.9495,35.7658,92.08,200.8177,0.02,0.0,99.9595,205.7878,48.9141,-16.087,0.0,0.0001,1.8864,0.0003,6.7685,35.1272,6.8585,27.5387,36.4872
464.0,927.0,6.9355,35.7529,91.7963,201.2404,0.0215,0.0,99.9325,205.7879,48.9141,-16.087,0.0,0.0001,1.8881,0.0005,6.7701,35.1262,6.8444,27.5399,36.4891
465.0,929.0,6.882,35.7019,98.68,202.0311,0.0244,0.0,99.9487,205.7879,48.9141,-16.087,0.0,0.0001,1.8895,0.0009,6.7808,35.1233,6.791,27.545,36.4966
466.0,931.0,6.8666,35.6874,98.68,201.9323,0.022,0.0,99.9524,205.7879,48.9141,-16.087,0.0,0.0001,1.8901,0.0,6.7897,35.1223,6.7755,27.5463,36.4987
467.0,933.0,6.8265,35.647,98.68,202.1161,0.0224,0.0,99.9547,205.7879,48.9141,-16.087,0.0,0.0001,1.8907,0.0001,6.7919,35.1176,6.7356,27.5481,36.5024
468.0,935.0,6.7848,35.6056,98.68,203.0218,0.0231,0.0,99.9556,205.7879,48.9141,-16.087,0.0,0.0001,1.8928,0.0013,6.787,35.1133,6.694,27.5504,36.5068
469.0,937.0,6.7601,35.5824,86.6356,204.0844,0.0198,0.0,99.96,205.788,48.9141,-16.087,0.0,0.0001,1.8964,0.0017,6.7985,35.112,6.6692,27.5527,36.5103
470.0,939.0,6.741,35.5636,98.68,203.6634,0.0206,0.0,99.959,205.788,48.9141,-16.087,0.0,0.0001,1.897,0.0001,6.8077,35.1098,6.6501,27.5536,36.5121
471.0,941.0,6.6935,35.5152,98.68,204.1453,0.0175,0.0,99.9556,205.788,48.9141,-16.087,0.0,0.0001,1.8986,0.0007,6.8044,35.1038,6.6027,27.5553,36.5161
472.0,943.0,6.6735,35.4971,98.68,205.1411,0.0207,0.0,99.9587,205.788,48.9141,-16.087,0.0,0.0001,1.901,0.0014,6.8122,35.1032,6.5826,27.5575,36.5193
473.0,945.0,6.7169,35.5481,98.68,204.0698,0.0226,0.0,99.9556,205.7881,48.9141,-16.087,0.0,0.0001,1.9018,-0.0004,6.8074,35.1143,6.6254,27.5605,36.5201
474.0,947.0,6.6358,35.4663,81.3357,205.1313,0.025,0.0,99.9563,205.7881,48.9141,-16.087,0.0,0.0001,1.9026,0.0007,6.8125,35.1054,6.5447,27.5644,36.5279
475.0,949.0,6.6488,35.4775,95.7508,204.9132,0.0232,0.0,99.9638,205.7881,48.9142,-16.087,0.0,0.0001,1.9027,0.0,6.8138,35.1037,6.5574,27.5613,36.5242
476.0,951.0,6.6197,35.4566,98.6805,205.4161,0.0194,0.0,99.9659,205.7881,48.9142,-16.087,0.0,0.0001,1.904,0.0007,6.8116,35.1092,6.5283,27.5696,36.5338
477.0,953.0,6.6298,35.4716,98.68,205.4289,0.021,0.0,99.9687,205.7882,48.9142,-16.087,0.0,0.0001,1.9045,0.0005,6.8126,35.1148,6.5382,27.5726,36.5363
478.0,955.0,6.6574,35.508,98.68,205.2981,0.0219,0.0,99.9628,205.7882,48.9142,-16.087,0.0,0.0001,1.9048,0.0003,6.8103,35.1257,6.5653,27.5777,36.5399
479.0,957.0,6.6597,35.5107,89.4412,205.3014,0.0223,0.0,99.9533,205.7882,48.9142,-16.087,0.0,0.0001,1.9059,0.0006,6.7956,35.1255,6.5675,27.5772,36.5393
480.0,959.0,6.729,35.5985,98.68,204.3104,0.0224,0.0,99.965,205.7882,48.9142,-16.087,0.0,0.0001,1.9048,-0.0008,6.7891,35.1509,6.636,27.5879,36.5464
481.0,961.0,6.7645,35.6412,98.68,203.2802,0.0222,0.0,99.9556,205.7882,48.9142,-16.087,0.0,0.0001,1.9022,-0.0022,6.7917,35.1607,6.671,27.5909,36.5477
482.0,963.0,6.7755,35.6562,98.68,202.7511,0.0195,0.0,99.9697,205.7883,48.9142,-16.087,0.0,0.0001,1.8977,-0.0023,6.7941,35.1652,6.6817,27.593,36.5492
483.0,965.0,6.7506,35.6335,98.68,203.3639,0.0185,0.0,99.9646,205.7883,48.9142,-16.087,0.0,0.0001,1.8962,-0.0008,6.7954,35.1646,6.6568,27.5959,36.5532
484.0,967.0,6.7312,35.6155,84.6637,203.7533,0.0214,0.0,99.961,205.7883,48.9142,-16.087,0.0,0.0001,1.8963,-0.0001,6.7932,35.1635,6.6373,27.5977,36.556
485.0,969.0,6.7392,35.6289,98.68,204.3178,0.0216,0.0,99.9628,205.7883,48.9142,-16.087,0.0,0.0001,1.8974,0.0006,6.7904,35.1693,6.645,27.6012,36.559
486.0,971.0,6.7717,35.6682,98.68,203.5487,0.0262,0.0,99.9628,205.7884,48.9142,-16.087,0.0,0.0001,1.8962,-0.0006,6.7904,35.1784,6.6771,27.604,36.5602
487.0,973.0,6.767,35.6655,98.68,203.7416,0.0251,0.0,99.9497,205.7884,48.9142,-16.087,0.0,0.0001,1.8962,-0.0003,6.7918,35.1793,6.6723,27.6054,36.5618
488.0,975.0,6.761,35.6607,76.2359,203.94,0.0228,0.0,99.9556,205.7884,48.9142,-16.087,0.0,0.0001,1.8962,-0.0001,6.7927,35.1791,6.666,27.6061,36.5628
489.0,977.0,6.7537,35.6548,90.2623,204.1342,0.0212,0.0,99.9556,205.7884,48.9142,-16.087,0.0,0.0001,1.8962,0.0,6.7962,35.1791,6.6586,27.6071,36.5641
490.0,979.0,6.7411,35.6426,96.8659,204.0872,0.0213,0.0,99.9443,205.7884,48.9142,-16.087,0.0,0.0001,1.8962,-0.0002,6.7984,35.1778,6.6459,27.6078,36.5655
491.0,981.0,6.7173,35.6184,98.68,204.6286,0.0204,0.0,99.9469,205.7885,48.9142,-16.087,0.0,0.0001,1.8965,0.0003,6.8021,35.1742,6.6221,27.6082,36.567
492.0,983.0,6.7104,35.6118,98.68,204.6092,0.0179,0.0,99.9556,205.7885,48.9142,-16.087,0.0,0.0001,1.8963,-0.0002,6.8125,35.1731,6.615,27.6083,36.5675
493.0,985.0,6.6553,35.5549,98.68,204.8451,0.018,0.0,99.9469,205.7885,48.9142,-16.087,0.0,0.0001,1.8964,0.0,6.8152,35.1654,6.5601,27.6097,36.5716
494.0,987.0,6.6166,35.5155,98.4705,206.171,0.0221,0.0,99.9385,205.7885,48.9142,-16.087,0.0,0.0001,1.8991,0.0015,6.8173,35.1602,6.5215,27.6108,36.5746
495.0,989.0,6.6082,35.5068,98.68,205.7286,0.0242,0.0,99.9475,205.7886,48.9142,-16.087,0.0,0.0001,1.8999,0.0003,6.8174,35.1583,6.513,27.6104,36.5746
496.0,991.0,6.5988,35.4989,98.68,206.3204,0.0228,0.0,99.9237,205.7886,48.9142,-16.087,0.0,0.0001,1.9014,0.001,6.8132,35.1582,6.5034,27.6116,36.5763
497.0,993.0,6.6245,35.5307,84.3274,206.3806,0.023,0.0,99.9243,205.7886,48.9142,-16.087,0.0,0.0001,1.9031,0.0005,6.8145,35.1661,6.5287,27.6144,36.5778
498.0,995.0,6.6215,35.5298,88.4177,205.7529,0.0201,0.0,99.9267,205.7886,48.9142,-16.087,0.0,0.0001,1.9023,-0.0007,6.82,35.1672,6.5255,27.6157,36.5792
499.0,997.0,6.6116,35.5192,93.9417,205.6546,0.02,0.0,99.9212,205.7887,48.9142,-16.087,0.0,0.0001,1.9018,-0.0005,6.8156,35.1647,6.5155,27.6151,36.5791
500.0,999.0,6.574,35.4809,98.18,206.4677,0.0172,0.0,99.872,205.7887,48.9142,-16.087,0.0,0.0001,1.9025,0.0001,6.8253,35.1595,6.4779,27.6161,36.5819
501.0,1001.0,6.577,35.4829,98.2441,206.3656,0.0211,0.0,99.9195,205.7887,48.9142,-16.087,0.0,0.0001,1.9023,-0.0002,6.8327,35.1579,6.4808,27.6144,36.5802
502.0,1003.0,6.5099,35.4168,98.68,207.8526,0.0199,0.0,99.9124,205.7888,48.9142,-16.087,0.0,0.0001,1.9053,0.0015,6.8302,35.1522,6.4139,27.6188,36.5879
503.0,1005.0,6.5179,35.4287,91.5886,207.7543,0.0224,0.0,99.8579,205.7888,48.9142,-16.087,0.0,0.0001,1.9084,0.0003,6.8325,35.1561,6.4216,27.6209,36.5895
504.0,1007.0,6.4938,35.4062,94.4223,208.0532,0.0223,0.0,99.8709,205.7889,48.9142,-16.087,0.0,0.0001,1.9091,0.0003,6.8363,35.1549,6.3975,27.6231,36.5929
505.0,1009.0,6.4893,35.4028,93.992,208.42,0.0206,0.0001,99.8597,205.789,48.9142,-16.087,0.0,0.0001,1.9118,0.0002,6.8377,35.1547,6.3929,27.6236,36.5936
506.0,1011.0,6.4742,35.3909,95.3099,208.7025,0.0212,0.0001,99.7638,205.7897,48.9143,-16.0869,0.0,0.0001,1.9141,0.0,6.8382,35.1562,6.3776,27.6269,36.5975
507.0,1013.0,6.4777,35.3974,57.9819,208.847,0.0183,0.0001,99.6524,205.7903,48.9143,-16.0869,0.0,0.0001,1.9145,0.0001,6.8384,35.1592,6.381,27.6287,36.5992
