Datacycle,press,temp,cond,alt,oxygen,fluor,atten,trans,jday,lat,lon,PAR,UPAR,oxV,oxdVdt,oxysat,salin,potemp,sigma0,sigma2
1.0,1.0,15.8095,44.4693,3.5969,245.1521,0.8095,0.0033,92.0524,203.7565,48.5485,-16.6381,0.0,0.0001,2.7399,0.0015,5.5738,35.6757,15.8093,26.3113,34.8894
2.0,3.0,15.8016,44.4622,4.3523,245.1106,0.6312,0.0034,91.8134,203.7565,48.5485,-16.6382,0.0,0.0001,2.7414,0.0004,5.574,35.6757,15.8011,26.3132,34.8915
3.0,5.0,15.8251,44.4872,1.6093,245.3687,0.6414,0.0032,92.2282,203.7566,48.5485,-16.6382,0.0,0.0001,2.7441,0.0,5.5731,35.6762,15.8243,26.3082,34.8858
4.0,7.0,15.8362,44.4984,19.6056,245.6102,0.6598,0.0032,92.2674,203.7567,48.5484,-16.6382,0.0,0.0001,2.7458,0.0002,5.5724,35.6753,15.8351,26.3051,34.8823
5.0,9.0,15.816,44.4792,32.985,245.8792,0.6785,0.0032,92.2823,203.7568,48.5484,-16.6382,0.0,0.0001,2.7483,0.0004,5.5721,35.6756,15.8146,26.31,34.8879
6.0,11.0,15.8181,44.4823,53.1899,246.3177,0.6835,0.0032,92.323,203.7569,48.5484,-16.6383,0.0,0.0001,2.7495,0.0004,5.5753,35.6756,15.8163,26.3096,34.8875
7.0,13.0,15.7883,44.4526,98.71,245.4293,0.7277,0.0032,92.2272,203.7569,48.5484,-16.6383,0.0,0.0001,2.7444,-0.0022,5.5801,35.6751,15.7863,26.3161,34.895
8.0,15.0,15.7294,44.3946,98.71,246.5209,0.8094,0.0033,92.1003,203.757,48.5484,-16.6383,0.0,0.0001,2.7472,0.0006,5.5846,35.6753,15.727,26.3297,34.9107
9.0,17.0,15.7192,44.3842,81.4533,246.0111,0.8521,0.0034,91.9656,203.757,48.5484,-16.6383,0.0,0.0001,2.7433,-0.0013,5.5901,35.6746,15.7166,26.3315,34.9129
10.0,19.0,15.6653,44.3272,98.71,245.7303,0.8649,0.0033,92.1261,203.7571,48.5484,-16.6383,0.0,0.0001,2.7407,-0.001,5.5884,35.6711,15.6624,26.3412,34.9245
11.0,21.0,15.6584,44.3195,76.3797,245.6842,0.9254,0.0032,92.3547,203.7571,48.5484,-16.6383,0.0,0.0001,2.7383,-0.001,5.5911,35.6695,15.6551,26.3416,34.9252
12.0,23.0,15.6496,44.313,92.1596,245.269,0.9143,0.0031,92.4051,203.7572,48.5484,-16.6383,0.0,0.0001,2.7339,-0.001,5.5916,35.6707,15.6459,26.3446,34.9285
13.0,25.0,15.6481,44.3133,98.71,245.5304,0.8948,0.0031,92.4746,203.7572,48.5484,-16.6383,0.0,0.0001,2.7323,0.0001,5.5918,35.6715,15.6441,26.3457,34.9296
14.0,27.0,15.6464,44.3122,67.5578,244.9349,0.8808,0.0031,92.6279,203.7572,48.5484,-16.6383,0.0,0.0001,2.7307,-0.0014,5.5926,35.6715,15.6422,26.346,34.93
15.0,29.0,15.6392,44.3053,98.71,244.096,0.8985,0.003,92.884,203.7572,48.5484,-16.6383,0.0,0.0001,2.7242,-0.0024,5.593,35.6709,15.6348,26.3473,34.9316
16.0,31.0,15.6357,44.3029,81.2101,243.922,0.8932,0.0028,93.1895,203.7573,48.5484,-16.6384,0.0,0.0001,2.7198,-0.0013,5.5933,35.6711,15.6309,26.3483,34.9327
17.0,33.0,15.6315,44.3006,89.3561,243.9666,0.8782,0.0028,93.3254,203.7573,48.5483,-16.6384,0.0,0.0001,2.7169,-0.0006,5.5934,35.6719,15.6263,26.35,34.9345
18.0,35.0,15.6317,44.3031,69.5431,243.5407,0.8505,0.0027,93.5655,203.7573,48.5483,-16.6384,0.0,0.0001,2.7146,-0.0012,5.5939,35.6732,15.6262,26.351,34.9356
19.0,37.0,15.6286,44.3028,98.2038,244.0079,0.8479,0.0026,93.5532,203.7574,48.5483,-16.6384,0.0,0.0001,2.7149,0.0006,5.5939,35.675,15.6229,26.3532,34.9378
20.0,39.0,15.5877,44.2659,94.0756,242.8874,0.7699,0.0023,94.4085,203.7574,48.5483,-16.6384,0.0,0.0001,2.7025,-0.0048,5.6315,35.6779,15.5816,26.3648,34.9508
21.0,41.0,15.2999,43.9504,98.5531,238.8981,0.6121,0.0016,95.9727,203.7574,48.5483,-16.6384,0.0,0.0001,2.6757,-0.0106,5.641,35.6527,15.2936,26.41,35.0066
22.0,43.0,15.0941,43.7493,87.3473,240.7915,0.4822,0.0014,96.6517,203.7575,48.5483,-16.6384,0.0,0.0001,2.669,-0.0021,5.6589,35.6562,15.0875,26.4587,35.0625
23.0,45.0,15.0405,43.703,98.71,239.1043,0.4538,0.0013,96.7537,203.7575,48.5483,-16.6384,0.0,0.0001,2.6566,-0.0051,5.6712,35.6621,15.0336,26.4752,35.0809
24.0,47.0,14.9428,43.5965,54.8595,239.2039,0.4014,0.0012,97.0091,203.7575,48.5483,-16.6384,0.0,0.0001,2.6498,-0.0023,5.6734,35.6532,14.9357,26.49,35.0992
25.0,49.0,14.9246,43.578,94.9188,239.2038,0.3722,0.0012,97.0712,203.7576,48.5483,-16.6384,0.0,0.0001,2.646,-0.0013,5.6778,35.6521,14.9171,26.4932,35.1031
26.0,51.0,14.8747,43.532,98.3816,238.7334,0.35,0.0012,97.1891,203.7576,48.5483,-16.6384,0.0,0.0001,2.639,-0.0021,5.6886,35.6547,14.867,26.5063,35.118
27.0,53.0,14.7805,43.4423,98.71,239.2846,0.3335,0.0011,97.3083,203.7576,48.5483,-16.6384,0.0,0.0001,2.638,-0.0001,5.6953,35.658,14.7725,26.5295,35.1446
28.0,55.0,14.745,43.4111,75.2429,238.4319,0.3202,0.0011,97.3264,203.7577,48.5483,-16.6385,0.0,0.0001,2.6321,-0.0019,5.7009,35.661,14.7368,26.5397,35.156
29.0,57.0,14.6819,43.3495,61.2719,238.5662,0.3161,0.0011,97.3451,203.7577,48.5483,-16.6385,0.0,0.0001,2.6286,-0.0005,5.7015,35.6614,14.6734,26.5538,35.1724
30.0,59.0,14.6799,43.3497,43.6345,237.9771,0.3147,0.0011,97.3425,203.7577,48.5483,-16.6385,0.0,0.0001,2.6264,-0.0016,5.6981,35.6627,14.6711,26.5553,35.174
31.0,61.0,14.6844,43.354,86.9656,238.5758,0.3146,0.0011,97.3397,203.7578,48.5483,-16.6385,0.0,0.0001,2.6259,-0.0006,5.7105,35.6617,14.6753,26.5536,35.1721
32.0,63.0,14.6077,43.2762,86.6082,237.4336,0.313,0.0011,97.4111,203.7578,48.5483,-16.6385,0.0,0.0001,2.6171,-0.003,5.7201,35.6595,14.5983,26.5686,35.19
33.0,65.0,14.4359,43.11,63.5682,238.5387,0.2876,0.0009,97.68,203.7578,48.5482,-16.6385,0.0,0.0001,2.6195,0.001,5.7164,35.663,14.4263,26.6086,35.2362
34.0,67.0,14.4684,43.1424,46.6447,237.987,0.2856,0.001,97.5991,203.7579,48.5482,-16.6385,0.0,0.0001,2.6122,-0.0028,5.7487,35.6626,14.4586,26.6013,35.2277
35.0,69.0,14.2807,42.9609,72.6699,234.9034,0.2545,0.0008,97.9445,203.7579,48.5482,-16.6385,0.0,0.0001,2.5957,-0.0069,5.7434,35.6665,14.2706,26.6447,35.278
36.0,71.0,14.0829,42.7707,98.695,237.3782,0.2098,0.0007,98.2713,203.7579,48.5482,-16.6385,0.0,0.0001,2.5924,-0.0015,5.7864,35.6715,14.0726,26.6909,35.3313
37.0,73.0,14.1783,42.8567,98.71,234.4559,0.1967,0.0006,98.4477,203.758,48.5482,-16.6385,0.0,0.0001,2.5655,-0.0113,5.864,35.6628,14.1678,26.6638,35.3009
38.0,75.0,13.4683,42.1144,71.1364,234.9065,0.158,0.0005,98.7728,203.758,48.5482,-16.6386,0.0,0.0001,2.5607,-0.0026,5.8245,35.6253,13.4578,26.7838,35.4477
39.0,77.0,13.3387,41.99,98.71,236.7806,0.1217,0.0004,99.0126,203.758,48.5482,-16.6386,0.0,0.0001,2.5591,-0.0018,5.8821,35.6277,13.3279,26.8124,35.4813
40.0,79.0,13.2,41.849,74.4111,236.6217,0.1143,0.0004,99.0613,203.7581,48.5482,-16.6386,0.0,0.0001,2.55,-0.0014,5.903,35.6228,13.189,26.8371,35.5113
41.0,81.0,12.9692,41.6166,88.423,235.825,0.1007,0.0003,99.2037,203.7581,48.5482,-16.6386,0.0,0.0001,2.5409,-0.0032,5.9222,35.617,12.958,26.8795,35.5626
42.0,83.0,12.8345,41.4829,98.71,236.2674,0.0842,0.0003,99.2819,203.7581,48.5482,-16.6386,0.0,0.0001,2.5374,-0.0009,5.9283,35.615,12.8231,26.9052,35.5934
43.0,85.0,12.7959,41.4456,98.71,235.7847,0.0811,0.0003,99.3204,203.7582,48.5482,-16.6386,0.0,0.0001,2.5352,-0.0009,5.919,35.6148,12.7842,26.9128,35.6025
44.0,87.0,12.7672,41.4213,98.71,236.5593,0.0778,0.0003,99.3318,203.7582,48.5482,-16.6386,0.0,0.0001,2.5359,0.0001,5.9307,35.6176,12.7553,26.9208,35.6116
45.0,89.0,12.767,41.4231,98.7,235.3938,0.0797,0.0003,99.3548,203.7582,48.5482,-16.6386,0.0,0.0001,2.529,-0.0022,5.9363,35.6188,12.7549,26.9217,35.6125
46.0,91.0,12.6871,41.3473,98.71,236.0765,0.0792,0.0002,99.4083,203.7583,48.5482,-16.6387,0.0,0.0001,2.5283,-0.0001,5.9428,35.6202,12.6748,26.9389,35.6327
47.0,93.0,12.6769,41.3391,78.381,234.7004,0.0735,0.0002,99.4834,203.7583,48.5482,-16.6387,0.0,0.0001,2.5208,-0.0028,5.946,35.6212,12.6643,26.9417,35.636
48.0,95.0,12.629,41.3007,92.4908,236.0473,0.0646,0.0002,99.4969,203.7583,48.5482,-16.6387,0.0,0.0001,2.5224,0.0014,5.946,35.6286,12.6161,26.957,35.653
49.0,97.0,12.6347,41.3076,98.6424,234.9457,0.0666,0.0002,99.5041,203.7584,48.5481,-16.6387,0.0,0.0001,2.5182,-0.0016,5.9487,35.6291,12.6216,26.9563,35.6521
50.0,99.0,12.6201,41.2983,98.71,235.2126,0.0676,0.0002,99.5855,203.7584,48.5481,-16.6387,0.0,0.0001,2.5159,0.0001,5.9509,35.633,12.6066,26.9623,35.6586
51.0,101.0,12.6048,41.2826,98.71,234.8268,0.065,0.0002,99.6116,203.7584,48.5481,-16.6387,0.0,0.0001,2.5134,-0.0011,5.9556,35.6314,12.5912,26.9642,35.6611
52.0,103.0,12.566,41.2471,79.6699,234.6832,0.0619,0.0001,99.6779,203.7585,48.5481,-16.6387,0.0,0.0001,2.5107,-0.0009,5.9577,35.6332,12.5521,26.9733,35.6717
53.0,105.0,12.5506,41.234,89.9383,234.5346,0.0602,0.0001,99.7126,203.7585,48.5481,-16.6388,0.0,0.0001,2.508,-0.0008,5.9604,35.6343,12.5364,26.9772,35.6762
54.0,107.0,12.5254,41.2098,97.9681,234.9438,0.0534,0.0001,99.7664,203.7585,48.5481,-16.6388,0.0,0.0001,2.5085,0.0003,5.9607,35.6339,12.511,26.982,35.682
55.0,109.0,12.5704,41.2553,90.3456,234.9051,0.0497,0.0001,99.8366,203.7587,48.5481,-16.6388,0.0,0.0001,2.5082,0.0,5.9614,35.6341,12.5556,26.9733,35.6716
56.0,111.0,12.5496,41.2367,90.1907,234.7298,0.0505,0.0001,99.8498,203.7588,48.5481,-16.6389,0.0,0.0001,2.5066,-0.0003,5.963,35.6352,12.5346,26.9783,35.6774
57.0,113.0,12.4959,41.1868,98.695,234.9888,0.0497,0.0,99.8988,203.7588,48.5481,-16.6389,0.0,0.0001,2.5061,0.0003,5.9649,35.637,12.4808,26.9904,35.6915
58.0,115.0,12.4878,41.1787,79.8841,234.9104,0.0485,0.0,99.908,203.7589,48.5481,-16.639,0.0,0.0001,2.5058,-0.0001,5.9657,35.6359,12.4723,26.9911,35.6926
59.0,117.0,12.4814,41.1722,98.7,234.6214,0.0475,0.0,99.9152,203.7589,48.5481,-16.639,0.0,0.0001,2.5035,-0.001,5.9699,35.6348,12.4657,26.9916,35.6934
60.0,119.0,12.4543,41.1437,86.425,234.5923,0.0433,0.0,99.9243,203.759,48.5481,-16.639,0.0,0.0001,2.5013,-0.0003,5.9698,35.6321,12.4384,26.9949,35.6978
61.0,121.0,12.4538,41.1454,98.71,234.3145,0.0446,0.0,99.9517,203.759,48.5481,-16.639,0.0,0.0001,2.4991,-0.0007,5.9696,35.6334,12.4376,26.996,35.6989
62.0,123.0,12.4494,41.1414,98.71,234.5197,0.0439,0.0,99.9556,203.7591,48.548,-16.6391,0.0,0.0001,2.4991,-0.0003,5.9718,35.6328,12.4329,26.9965,35.6996
63.0,125.0,12.4427,41.1333,42.0071,234.4394,0.0444,0.0,99.9647,203.7591,48.548,-16.6391,0.0,0.0001,2.4974,-0.0003,5.9728,35.6306,12.426,26.9961,35.6995
64.0,127.0,12.4202,41.1108,98.7012,234.8079,0.0458,0.0,99.9761,203.7591,48.548,-16.6391,0.0,0.0001,2.4982,0.0003,5.9741,35.6289,12.4032,26.9994,35.7036
65.0,129.0,12.4244,41.116,76.5071,234.6287,0.0416,0.0,99.9755,203.7592,48.548,-16.6391,0.0,0.0001,2.4967,-0.0005,5.9789,35.6293,12.4072,26.9988,35.703
66.0,131.0,12.3817,41.0685,91.7297,234.5272,0.0455,0.0,99.9749,203.7592,48.548,-16.6392,0.0,0.0001,2.4952,-0.0007,5.9807,35.6229,12.3642,27.0023,35.7082
67.0,133.0,12.3569,41.0426,95.2198,235.0857,0.0417,0.0,99.9839,203.7592,48.548,-16.6392,0.0,0.0001,2.4962,0.0007,5.9815,35.6203,12.3391,27.0052,35.7121
68.0,135.0,12.3633,41.0501,98.71,234.7299,0.0377,0.0,99.9373,203.7593,48.548,-16.6392,0.0,0.0001,2.4947,-0.0002,5.9821,35.6208,12.3453,27.0044,35.711
69.0,137.0,12.3771,41.071,98.701,234.5634,0.0358,0.0,100.0223,203.7593,48.5479,-16.6392,0.0,0.0001,2.4947,-0.0003,5.9751,35.6269,12.3588,27.0065,35.7126
70.0,139.0,12.4225,41.1335,98.68,233.4975,0.0357,0.0,100.0999,203.7594,48.5479,-16.6392,0.0,0.0001,2.4903,-0.0026,5.9745,35.6436,12.4038,27.0106,35.7146
71.0,141.0,12.4214,41.1347,98.7,234.1501,0.0291,-0.0001,100.0967,203.7594,48.5479,-16.6393,0.0,0.0001,2.4901,-0.0002,5.9757,35.6448,12.4024,27.0118,35.7159
72.0,143.0,12.4197,41.1341,62.9129,233.9391,0.0326,0.0,100.0511,203.7594,48.5479,-16.6393,0.0,0.0001,2.488,-0.0008,5.9794,35.6451,12.4006,27.0124,35.7166
73.0,145.0,12.3793,41.0859,88.3386,233.9596,0.0323,0.0,100.0719,203.7595,48.5479,-16.6393,0.0,0.0001,2.4861,-0.0007,5.9843,35.6357,12.3599,27.0131,35.719
74.0,147.0,12.3326,41.0289,93.3653,233.7906,0.0283,0.0,100.0576,203.7595,48.5479,-16.6393,0.0,0.0001,2.4839,-0.0012,5.9885,35.6241,12.313,27.0133,35.7211
75.0,149.0,12.2859,40.9744,98.3919,234.7573,0.0311,0.0,100.0336,203.7595,48.5479,-16.6393,0.0,0.0001,2.485,0.0008,5.996,35.6148,12.2661,27.0152,35.7251
76.0,151.0,12.2486,40.9306,98.71,235.3729,0.0324,0.0,99.998,203.7596,48.5479,-16.6393,0.0,0.0001,2.4888,0.001,5.9983,35.6068,12.2286,27.0164,35.7278
77.0,153.0,12.244,40.9266,69.5293,235.3021,0.0351,0.0,99.9847,203.7596,48.5479,-16.6394,0.0,0.0001,2.4902,0.0004,5.994,35.6064,12.2238,27.0169,35.7285
78.0,155.0,12.2809,40.9754,91.0077,234.0958,0.0322,0.0,100.0388,203.7596,48.5479,-16.6394,0.0,0.0001,2.4858,-0.0017,5.9893,35.6179,12.2603,27.0188,35.7288
79.0,157.0,12.3051,41.0081,98.68,233.7561,0.0316,0.0,100.0711,203.7597,48.5479,-16.6394,0.0,0.0001,2.481,-0.0012,5.9896,35.6256,12.2841,27.0201,35.7291
80.0,159.0,12.3203,41.0286,98.1502,233.9454,0.0292,0.0,100.0779,203.7597,48.5479,-16.6394,0.0,0.0001,2.48,-0.0002,5.9898,35.6301,12.2991,27.0207,35.729
81.0,161.0,12.2969,40.9995,98.71,233.1909,0.0264,0.0,100.0783,203.7597,48.5479,-16.6395,0.0,0.0001,2.4747,-0.0023,6.0009,35.6234,12.2754,27.0201,35.7294
82.0,163.0,12.2271,40.9223,70.2642,233.8894,0.0263,0.0,100.0774,203.7598,48.5479,-16.6395,0.0,0.0001,2.4748,0.0005,5.9973,35.6137,12.2054,27.0262,35.7384
83.0,165.0,12.1694,40.8567,92.9528,234.6723,0.0297,0.0,100.0545,203.7598,48.5479,-16.6395,0.0,0.0001,2.4771,0.0007,6.009,35.6039,12.1475,27.0298,35.7445
84.0,167.0,12.1601,40.8476,98.7042,235.2524,0.0298,0.0,100.0607,203.7598,48.5479,-16.6395,0.0,0.0001,2.4789,0.0009,6.0165,35.6031,12.1381,27.0311,35.7461
85.0,169.0,12.1095,40.7867,98.704,234.8364,0.0296,0.0,100.0422,203.7599,48.5478,-16.6395,0.0,0.0001,2.4781,-0.001,6.0205,35.5912,12.0873,27.0316,35.7488
86.0,171.0,12.0581,40.7312,68.6574,235.5502,0.0306,0.0,100.0311,203.7599,48.5478,-16.6395,0.0,0.0001,2.4803,0.0011,6.0162,35.5851,12.0357,27.0369,35.7562
87.0,173.0,12.0729,40.7491,89.6243,235.6347,0.0293,0.0,100.0222,203.7599,48.5479,-16.6395,0.0,0.0001,2.4807,-0.0001,6.0261,35.5876,12.0501,27.036,35.7547
88.0,175.0,12.025,40.6945,94.1671,235.7956,0.0274,0.0,100.0103,203.76,48.5479,-16.6395,0.0,0.0001,2.4793,-0.0004,6.0349,35.5791,12.0021,27.0386,35.7593
89.0,177.0,11.9427,40.6022,98.71,236.9467,0.0272,0.0,100.011,203.76,48.5479,-16.6396,0.0,0.0001,2.4836,0.0019,6.0336,35.5662,11.9195,27.0445,35.7686
90.0,179.0,11.9439,40.605,80.0206,236.6916,0.0301,0.0,100.0115,203.76,48.5479,-16.6396,0.0,0.0001,2.483,-0.0001,6.0436,35.5668,11.9205,27.0448,35.7689
91.0,181.0,11.888,40.5429,98.7,236.9906,0.0293,0.0,100.0106,203.7601,48.5479,-16.6396,0.0,0.0001,2.4846,-0.0001,6.0447,35.5587,11.8643,27.0492,35.7757
92.0,183.0,11.888,40.5441,98.6964,236.8247,0.0306,0.0,100.0133,203.7601,48.5479,-16.6396,0.0,0.0001,2.4835,-0.0004,6.0448,35.559,11.8641,27.0495,35.7759
93.0,185.0,11.8911,40.5481,98.71,236.7986,0.0265,0.0,100.0074,203.7601,48.5479,-16.6396,0.0,0.0001,2.4825,-0.0002,6.0444,35.5591,11.867,27.0491,35.7754
94.0,187.0,11.8896,40.548,76.9384,237.2222,0.0257,0.0,99.9989,203.7602,48.5479,-16.6396,0.0,0.0001,2.4834,0.0006,6.0441,35.5594,11.8653,27.0497,35.776
95.0,189.0,11.8657,40.5227,95.4783,237.3298,0.026,0.0,99.9877,203.7602,48.5478,-16.6397,0.0,0.0001,2.484,0.0,6.0496,35.5566,11.8411,27.052,35.7794
96.0,191.0,11.8503,40.5052,98.6894,237.013,0.0266,0.0,100.0103,203.7602,48.5478,-16.6397,0.0,0.0001,2.4813,-0.0008,6.0551,35.5533,11.8255,27.0525,35.7805
97.0,193.0,11.8089,40.463,81.1042,237.0153,0.0279,0.0,100.0063,203.7603,48.5478,-16.6398,0.0,0.0001,2.4797,-0.0006,6.0567,35.5506,11.7839,27.0583,35.788
98.0,195.0,11.7961,40.4512,98.6973,236.0019,0.0308,0.0,100.0274,203.7603,48.5478,-16.6398,0.0,0.0001,2.4741,-0.002,6.0573,35.5503,11.7709,27.0606,35.7908
99.0,197.0,11.7907,40.4465,98.71,235.5022,0.0276,0.0,100.03,203.7604,48.5478,-16.6398,0.0,0.0001,2.4694,-0.0019,6.0575,35.55,11.7652,27.0614,35.7919
100.0,199.0,11.7865,40.4439,90.8232,235.6341,0.0257,0.0,100.0311,203.7604,48.5478,-16.6398,0.0,0.0001,2.4659,-0.0006,6.0593,35.5504,11.7607,27.0626,35.7932
101.0,201.0,11.7776,40.4346,87.409,233.7616,0.025,0.0,100.0447,203.7604,48.5478,-16.6398,0.0,0.0001,2.4583,-0.004,6.059,35.5491,11.7515,27.0633,35.7943
102.0,203.0,11.7648,40.4225,98.6495,233.9432,0.0279,0.0,100.0568,203.7605,48.5478,-16.6398,0.0,0.0001,2.4527,-0.0018,6.0634,35.5484,11.7385,27.0652,35.7968
103.0,205.0,11.7473,40.4041,98.695,232.6276,0.0284,0.0,100.0627,203.7605,48.5478,-16.6398,0.0,0.0001,2.4444,-0.0035,6.0673,35.5462,11.7208,27.0669,35.7992
104.0,207.0,11.7213,40.3754,81.2971,231.8108,0.0229,0.0,100.0701,203.7605,48.5478,-16.6398,0.0,0.0001,2.4365,-0.0029,6.065,35.5419,11.6945,27.0685,35.8019
105.0,209.0,11.7164,40.3704,94.0951,232.2719,0.0235,0.0,100.0832,203.7606,48.5478,-16.6399,0.0,0.0001,2.4332,-0.0013,6.0733,35.5409,11.6894,27.0687,35.8023
106.0,211.0,11.6777,40.3256,96.3579,230.9437,0.0239,0.0,100.077,203.7606,48.5477,-16.6399,0.0,0.0001,2.4263,-0.0026,6.0732,35.533,11.6505,27.0699,35.8052
107.0,213.0,11.6598,40.3077,98.6207,231.5454,0.0245,0.0,100.0621,203.7606,48.5477,-16.6399,0.0,0.0001,2.4236,-0.0003,6.075,35.5314,11.6324,27.0721,35.8081
108.0,215.0,11.6612,40.3101,98.695,231.4695,0.0217,0.0,100.0595,203.7607,48.5477,-16.6399,0.0,0.0001,2.4229,-0.0005,6.0748,35.5316,11.6335,27.0721,35.808
109.0,217.0,11.6586,40.3096,91.1727,232.0407,0.0194,0.0,100.0623,203.7607,48.5477,-16.6399,0.0,0.0001,2.4248,0.0004,6.0754,35.5325,11.6306,27.0733,35.8094
110.0,219.0,11.6547,40.3049,92.1016,231.7976,0.0241,0.0,100.0665,203.7608,48.5477,-16.64,0.0,0.0001,2.4237,-0.0005,6.0776,35.5309,11.6265,27.0728,35.8091
111.0,221.0,11.629,40.2776,98.6896,232.2596,0.0235,0.0,100.0695,203.7608,48.5477,-16.64,0.0,0.0001,2.4237,0.0004,6.0803,35.5276,11.6005,27.0752,35.8125
112.0,223.0,11.6217,40.27,98.2206,231.4016,0.0235,0.0,100.058,203.7608,48.5477,-16.64,0.0,0.0001,2.4214,-0.0014,6.0805,35.5265,11.593,27.0757,35.8134
113.0,225.0,11.6087,40.2565,98.7075,231.3658,0.0259,0.0,100.0596,203.7608,48.5477,-16.6401,0.0,0.0001,2.4176,-0.0008,6.0872,35.5246,11.5797,27.0768,35.815
114.0,227.0,11.5604,40.2015,84.3284,230.2733,0.0236,0.0,100.0615,203.7609,48.5476,-16.6401,0.0,0.0001,2.4106,-0.0023,6.0881,35.5157,11.5313,27.0789,35.8192
115.0,229.0,11.5548,40.2003,98.5674,232.5891,0.0216,0.0,100.0627,203.7609,48.5476,-16.6401,0.0,0.0001,2.4165,0.0034,6.0874,35.5189,11.5254,27.0825,35.823
116.0,231.0,11.5682,40.2158,93.7037,232.2267,0.023,0.0,100.0438,203.7609,48.5476,-16.6401,0.0,0.0001,2.4189,0.0009,6.0861,35.5205,11.5385,27.0813,35.8213
117.0,233.0,11.5736,40.2235,98.6992,233.5052,0.0231,0.0,100.0422,203.761,48.5476,-16.6401,0.0,0.0001,2.4254,0.0026,6.0849,35.5222,11.5438,27.0817,35.8213
118.0,235.0,11.5846,40.2414,91.4131,234.4737,0.0236,0.0,100.0221,203.761,48.5476,-16.6401,0.0,0.0001,2.4324,0.0027,6.0855,35.5285,11.5544,27.0846,35.8237
119.0,237.0,11.5783,40.2361,98.6987,233.8681,0.0235,0.0,100.0335,203.761,48.5476,-16.6402,0.0,0.0001,2.434,0.0,6.0855,35.5283,11.5478,27.0856,35.825
120.0,239.0,11.5799,40.238,98.71,234.0192,0.0229,0.0,100.0148,203.7611,48.5476,-16.6402,0.0,0.0001,2.4338,0.0002,6.0852,35.5278,11.5492,27.085,35.8244
121.0,241.0,11.5811,40.2426,79.3506,234.208,0.0251,0.0,100.0133,203.7611,48.5476,-16.6402,0.0,0.0001,2.4347,0.0003,6.0847,35.5301,11.5502,27.0866,35.8259
122.0,243.0,11.5845,40.2476,98.5237,234.3147,0.0269,0.0,99.9996,203.7611,48.5476,-16.6402,0.0,0.0001,2.4353,0.0003,6.085,35.5312,11.5532,27.0868,35.826
123.0,245.0,11.5842,40.248,94.2618,234.3069,0.027,0.0,99.9747,203.7612,48.5476,-16.6402,0.0,0.0001,2.4355,0.0,6.0848,35.5309,11.5527,27.0867,35.8259
124.0,247.0,11.5851,40.251,79.962,234.4455,0.0258,0.0,99.9845,203.7612,48.5476,-16.6402,0.0,0.0001,2.4357,0.0001,6.0847,35.5319,11.5533,27.0874,35.8266
125.0,249.0,11.5764,40.2428,98.6853,234.3954,0.025,0.0,99.9925,203.7613,48.5476,-16.6403,0.0,0.0001,2.435,-0.0001,6.0868,35.5314,11.5444,27.0887,35.8283
126.0,251.0,11.5715,40.24,98.6907,234.4449,0.0221,0.0,99.9809,203.7613,48.5476,-16.6403,0.0,0.0001,2.4348,-0.0002,6.0877,35.5325,11.5393,27.0905,35.8303
127.0,253.0,11.5602,40.2306,98.6925,234.5029,0.0193,0.0,99.9872,203.7613,48.5476,-16.6403,0.0,0.0001,2.4346,-0.0001,6.0879,35.533,11.5277,27.0931,35.8333
128.0,255.0,11.5589,40.2301,88.4347,234.6197,0.0218,0.0,99.9751,203.7614,48.5476,-16.6403,0.0,0.0001,2.4343,0.0001,6.0888,35.5331,11.5262,27.0934,35.8336
129.0,257.0,11.5542,40.2259,98.6956,234.7742,0.0247,0.0,99.9783,203.7614,48.5476,-16.6403,0.0,0.0001,2.435,0.0001,6.0891,35.5327,11.5212,27.094,35.8345
130.0,259.0,11.5448,40.2163,83.9947,234.9379,0.024,0.0,99.969,203.7614,48.5475,-16.6403,0.0,0.0001,2.4356,0.0001,6.0904,35.5311,11.5116,27.0947,35.8355
131.0,261.0,11.5477,40.2203,94.2613,234.6729,0.0241,0.0,99.9753,203.7615,48.5475,-16.6404,0.0,0.0001,2.4342,-0.0005,6.0905,35.5315,11.5142,27.0945,35.8352
132.0,263.0,11.5378,40.2128,98.6975,234.6797,0.0249,0.0,99.9556,203.7615,48.5475,-16.6404,0.0,0.0001,2.4335,-0.0003,6.0903,35.5326,11.5041,27.0972,35.8383
133.0,265.0,11.5426,40.22,98.6981,234.7213,0.0248,0.0,99.9596,203.7615,48.5475,-16.6404,0.0,0.0001,2.4332,-0.0002,6.0896,35.5342,11.5085,27.0976,35.8385
134.0,267.0,11.5461,40.226,98.695,235.0182,0.027,0.0,99.9556,203.7616,48.5475,-16.6404,0.0,0.0001,2.4335,0.0005,6.0894,35.5358,11.5118,27.0983,35.839
135.0,269.0,11.5524,40.2353,98.6945,235.0957,0.025,0.0,99.946,203.7616,48.5475,-16.6404,0.0,0.0001,2.4348,0.0002,6.0875,35.538,11.5178,27.0988,35.8393
136.0,271.0,11.5568,40.2421,98.68,235.2285,0.024,0.0,99.9556,203.7616,48.5475,-16.6404,0.0,0.0001,2.4347,0.0004,6.0881,35.5398,11.522,27.0994,35.8398
137.0,273.0,11.5551,40.2439,86.9132,234.7591,0.0216,0.0,99.9444,203.7617,48.5475,-16.6404,0.0,0.0001,2.4339,-0.0007,6.088,35.5423,11.52,27.1018,35.8421
138.0,275.0,11.5551,40.2445,93.684,234.6162,0.0257,0.0,99.9579,203.7617,48.5475,-16.6405,0.0,0.0001,2.4312,-0.0008,6.0909,35.5421,11.5198,27.1016,35.842
139.0,277.0,11.5343,40.2219,98.71,233.5319,0.023,0.0,99.9556,203.7617,48.5475,-16.6405,0.0,0.0001,2.4274,-0.0025,6.0916,35.5387,11.4988,27.1029,35.8442
140.0,279.0,11.5205,40.2064,98.68,234.1399,0.0222,0.0,99.9556,203.7617,48.5475,-16.6405,0.0,0.0001,2.4249,-0.0003,6.0912,35.5358,11.4847,27.1033,35.8452
141.0,281.0,11.5192,40.205,98.6113,234.3234,0.0238,0.0,99.9022,203.7618,48.5475,-16.6405,0.0,0.0001,2.4252,-0.0001,6.0927,35.5347,11.4832,27.1028,35.8447
142.0,283.0,11.5226,40.2098,98.6973,234.0361,0.0247,0.0,99.9318,203.7618,48.5475,-16.6405,0.0,0.0001,2.4228,-0.0007,6.0947,35.5355,11.4864,27.1028,35.8446
143.0,285.0,11.5088,40.1944,90.7125,234.1462,0.0265,0.0,99.9484,203.7618,48.5475,-16.6405,0.0,0.0001,2.4223,-0.0003,6.0949,35.5325,11.4723,27.103,35.8455
144.0,287.0,11.5064,40.1928,80.5041,234.0434,0.0224,0.0,99.9556,203.7619,48.5475,-16.6405,0.0,0.0001,2.4212,-0.0004,6.0946,35.5323,11.4697,27.1034,35.8459
145.0,289.0,11.5078,40.1951,93.3637,233.7197,0.0248,0.0,99.9406,203.7619,48.5475,-16.6405,0.0,0.0001,2.4194,-0.0008,6.0938,35.5324,11.4707,27.1032,35.8457
146.0,291.0,11.5098,40.1985,98.7006,233.4296,0.0257,0.0,99.9312,203.7619,48.5475,-16.6405,0.0,0.0001,2.4171,-0.0008,6.0904,35.5328,11.4725,27.1033,35.8457
147.0,293.0,11.5418,40.2406,85.7183,233.3279,0.027,0.0,99.9275,203.7619,48.5475,-16.6405,0.0,0.0001,2.4176,0.0,6.0806,35.5429,11.5042,27.1052,35.8462
148.0,295.0,11.6066,40.3221,98.6919,232.2502,0.025,0.0,99.9159,203.762,48.5474,-16.6406,0.0,0.0001,2.4127,-0.002,6.0806,35.5603,11.5686,27.1066,35.8448
149.0,297.0,11.6088,40.3255,98.7025,231.647,0.022,0.0,99.9124,203.762,48.5474,-16.6406,0.0,0.0001,2.4071,-0.0026,6.0855,35.5608,11.5705,27.1067,35.8447
150.0,299.0,11.6014,40.3168,98.6941,232.7266,0.0208,0.0,99.9011,203.762,48.5474,-16.6406,0.0,0.0001,2.409,0.0006,6.0815,35.5583,11.5628,27.1061,35.8446
151.0,301.0,11.601,40.319,97.735,231.775,0.0203,0.0,99.9009,203.7621,48.5474,-16.6406,0.0,0.0001,2.4054,-0.0018,6.0814,35.5599,11.5621,27.1075,35.8459
152.0,303.0,11.5996,40.32,98.6167,231.7162,0.0229,0.0,99.9084,203.7621,48.5474,-16.6406,0.0,0.0001,2.4041,-0.0011,6.0802,35.5614,11.5605,27.109,35.8474
153.0,305.0,11.6051,40.3282,97.0656,231.9445,0.0222,0.0,99.891,203.7621,48.5474,-16.6406,0.0,0.0001,2.4038,-0.0003,6.0795,35.5634,11.5657,27.1096,35.8478
154.0,307.0,11.6157,40.3425,98.7045,231.7412,0.0206,0.0,99.902,203.7621,48.5474,-16.6406,0.0,0.0001,2.402,-0.0007,6.0801,35.5664,11.576,27.11,35.8478
155.0,309.0,11.6227,40.3526,98.7025,231.2666,0.0189,0.0,99.894,203.7622,48.5474,-16.6406,0.0,0.0001,2.3977,-0.0019,6.0913,35.5688,11.5828,27.1106,35.848
156.0,311.0,11.5616,40.2777,78.2483,230.2498,0.0232,0.0001,99.873,203.7622,48.5474,-16.6406,0.0,0.0001,2.3927,-0.0027,6.0865,35.5526,11.5216,27.1095,35.8496
157.0,313.0,11.5047,40.2156,87.1099,230.5604,0.0228,0.0001,99.8428,203.7622,48.5474,-16.6406,0.0,0.0001,2.3889,-0.0013,6.0939,35.5448,11.4645,27.1141,35.8567
158.0,315.0,11.5495,40.2642,94.7154,229.7193,0.0219,0.0001,99.8171,203.7622,48.5474,-16.6406,0.0,0.0001,2.3845,-0.0026,6.0973,35.5494,11.509,27.1093,35.8501
159.0,317.0,11.4838,40.1906,98.6931,230.2231,0.0227,0.0001,99.8353,203.7623,48.5474,-16.6406,0.0,0.0001,2.3828,-0.0005,6.0973,35.5386,11.4432,27.1133,35.8568
160.0,319.0,11.4797,40.1872,98.7072,230.5168,0.0244,0.0001,99.8002,203.7623,48.5474,-16.6406,0.0,0.0001,2.3829,0.0,6.0989,35.5381,11.4388,27.1137,35.8574
161.0,321.0,11.4747,40.1819,54.398,230.6965,0.0224,0.0001,99.8329,203.7623,48.5474,-16.6407,0.0,0.0001,2.3831,0.0002,6.0992,35.5369,11.4335,27.1137,35.8576
162.0,323.0,11.4706,40.1785,89.509,230.828,0.0259,0.0001,99.8401,203.7623,48.5474,-16.6407,0.0,0.0001,2.3834,0.0002,6.0995,35.5365,11.4292,27.1142,35.8583
163.0,325.0,11.4703,40.1791,96.1231,231.121,0.0264,0.0001,99.8289,203.7624,48.5474,-16.6407,0.0,0.0001,2.3848,0.0005,6.0997,35.5366,11.4287,27.1144,35.8585
164.0,327.0,11.4678,40.1772,98.71,231.3944,0.0223,0.0001,99.8494,203.7624,48.5474,-16.6407,0.0,0.0001,2.3858,0.0007,6.1,35.5362,11.4258,27.1146,35.8588
165.0,329.0,11.4677,40.178,98.689,230.8261,0.0197,0.0001,99.857,203.7624,48.5474,-16.6407,0.0,0.0001,2.3848,-0.0007,6.1004,35.5361,11.4255,27.1146,35.8589
166.0,331.0,11.4634,40.1742,98.695,230.4536,0.0211,0.0001,99.8683,203.7624,48.5474,-16.6407,0.0,0.0001,2.381,-0.0014,6.1047,35.5356,11.421,27.1151,35.8595
167.0,333.0,11.457,40.1671,98.692,229.4577,0.0226,0.0001,99.8738,203.7625,48.5473,-16.6407,0.0,0.0001,2.3752,-0.0028,6.1052,35.5339,11.4143,27.115,35.8597
168.0,335.0,11.432,40.1388,84.6127,229.2071,0.0233,0.0,99.9042,203.7625,48.5473,-16.6407,0.0,0.0001,2.3726,-0.0024,6.1051,35.5289,11.3891,27.1158,35.8616
169.0,337.0,11.4159,40.1227,98.695,229.3371,0.0215,0.0,99.9176,203.7625,48.5473,-16.6407,0.0,0.0001,2.3712,-0.0013,6.1051,35.5275,11.3728,27.1177,35.8642
170.0,339.0,11.4275,40.1384,77.4452,229.4305,0.0215,0.0,99.9029,203.7625,48.5473,-16.6407,0.0,0.0001,2.3686,-0.0009,6.1088,35.5313,11.3842,27.1186,35.8645
171.0,341.0,11.3959,40.1012,90.1505,227.6251,0.0232,0.0,99.9057,203.7626,48.5473,-16.6407,0.0,0.0001,2.3602,-0.0037,6.1072,35.5238,11.3523,27.1187,35.8661
172.0,343.0,11.4049,40.1184,88.9959,228.654,0.0198,0.0,99.8978,203.7626,48.5473,-16.6407,0.0,0.0001,2.3593,-0.0007,6.1083,35.5311,11.361,27.1228,35.8697
173.0,345.0,11.4124,40.1275,95.8689,229.2023,0.0199,0.0,99.8978,203.7626,48.5473,-16.6407,0.0,0.0001,2.3614,0.0009,6.1078,35.5322,11.3683,27.1223,35.8689
174.0,347.0,11.3984,40.1122,98.6964,229.0475,0.0239,0.0,99.9041,203.7626,48.5473,-16.6407,0.0,0.0001,2.3611,0.0001,6.109,35.5296,11.3541,27.1228,35.8701
175.0,349.0,11.3992,40.1137,98.695,229.4974,0.0208,0.0,99.8913,203.7627,48.5473,-16.6408,0.0,0.0001,2.3621,0.0006,6.1099,35.5295,11.3546,27.1227,35.8699
176.0,351.0,11.3895,40.1065,98.71,230.1341,0.0198,0.0001,99.8738,203.7627,48.5473,-16.6408,0.0,0.0001,2.3651,0.0016,6.1091,35.5308,11.3447,27.1255,35.8731
177.0,353.0,11.3913,40.1105,98.6574,231.1346,0.0215,0.0001,99.8692,203.7627,48.5473,-16.6408,0.0,0.0001,2.3704,0.0027,6.1077,35.5322,11.3462,27.1264,35.8739
178.0,355.0,11.3999,40.1267,98.7017,233.7691,0.0215,0.0001,99.8363,203.7627,48.5473,-16.6408,0.0,0.0001,2.3816,0.0061,6.1091,35.5391,11.3546,27.1301,35.8772
179.0,357.0,11.4022,40.134,98.7025,234.9237,0.021,0.0001,99.8208,203.7627,48.5473,-16.6408,0.0,0.0001,2.3927,0.0053,6.111,35.5431,11.3566,27.1329,35.8798
180.0,359.0,11.3828,40.1127,98.6998,233.2785,0.0253,0.0001,99.8329,203.7628,48.5473,-16.6408,0.0,0.0001,2.3917,-0.0002,6.1151,35.5398,11.3369,27.134,35.8818
181.0,361.0,11.3655,40.0934,58.857,231.5702,0.0237,0.0001,99.8509,203.7628,48.5473,-16.6408,0.0,0.0001,2.3851,-0.0033,6.1147,35.5365,11.3194,27.1347,35.8832
182.0,363.0,11.3495,40.0766,96.1538,231.3752,0.0209,0.0001,99.869,203.7628,48.5473,-16.6408,0.0,0.0001,2.381,-0.0022,6.1129,35.5343,11.3032,27.136,35.8852
183.0,365.0,11.3618,40.0937,97.6547,232.7816,0.0222,0.0001,99.843,203.7628,48.5473,-16.6408,0.0,0.0001,2.3834,0.0012,6.1124,35.5386,11.3153,27.1371,35.8857
184.0,367.0,11.3678,40.1028,98.6944,233.0385,0.0199,0.0001,99.8545,203.7629,48.5473,-16.6408,0.0,0.0001,2.3854,0.0011,6.1109,35.541,11.321,27.1379,35.8863
185.0,369.0,11.3756,40.1148,98.5653,234.5941,0.0216,0.0001,99.8383,203.7629,48.5473,-16.6408,0.0,0.0001,2.3921,0.0033,6.1105,35.5443,11.3284,27.1391,35.8872
186.0,371.0,11.3845,40.1266,98.6962,234.5633,0.0224,0.0001,99.8401,203.7629,48.5473,-16.6408,0.0,0.0001,2.3956,0.0017,6.1105,35.5466,11.3371,27.1392,35.8869
187.0,373.0,11.3853,40.1287,98.7053,234.6861,0.0209,0.0001,99.8401,203.7629,48.5472,-16.6408,0.0,0.0001,2.398,0.001,6.1123,35.5472,11.3376,27.1397,35.8873
188.0,375.0,11.3724,40.1162,92.7492,235.1658,0.0227,0.0001,99.7947,203.763,48.5472,-16.6408,0.0,0.0001,2.3996,0.0012,6.1149,35.5462,11.3246,27.1413,35.8895
189.0,377.0,11.3574,40.1004,73.8107,234.9119,0.023,0.0001,99.8401,203.763,48.5472,-16.6408,0.0,0.0001,2.3998,0.0,6.1166,35.5441,11.3093,27.1425,35.8913
190.0,379.0,11.3397,40.0831,93.5348,235.2319,0.0264,0.0001,99.8401,203.763,48.5472,-16.6408,0.0,0.0001,2.4009,0.0004,6.1167,35.543,11.2914,27.1449,35.8945
191.0,381.0,11.3338,40.0782,98.6998,235.5897,0.0236,0.0001,99.8263,203.763,48.5472,-16.6409,0.0,0.0001,2.4019,0.0007,6.117,35.5429,11.2852,27.146,35.8958
192.0,383.0,11.3332,40.078,98.6942,234.9916,0.0197,0.0001,99.8353,203.763,48.5472,-16.6409,0.0,0.0001,2.4005,-0.0008,6.1159,35.5427,11.2844,27.146,35.8958
193.0,385.0,11.3369,40.0849,84.0072,233.7494,0.0203,0.0001,99.8401,203.7631,48.5472,-16.6409,0.0,0.0001,2.3956,-0.0026,6.1157,35.545,11.2878,27.1472,35.8968
194.0,387.0,11.3408,40.0914,98.7062,233.52,0.0191,0.0001,99.8455,203.7631,48.5472,-16.6409,0.0,0.0001,2.3915,-0.0018,6.1147,35.5467,11.2914,27.1478,35.8973
195.0,389.0,11.35,40.1045,98.695,232.6388,0.0209,0.0001,99.8401,203.7631,48.5472,-16.6409,0.0,0.0001,2.3865,-0.0029,6.1152,35.55,11.3003,27.1488,35.8979
196.0,391.0,11.3467,40.1021,98.6992,232.6926,0.0195,0.0001,99.8401,203.7631,48.5472,-16.6409,0.0,0.0001,2.3834,-0.0018,6.1152,35.5499,11.2968,27.1493,35.8986
197.0,393.0,11.345,40.1013,98.6987,234.2293,0.0196,0.0001,99.8401,203.7632,48.5472,-16.6409,0.0,0.0001,2.3866,0.0016,6.1152,35.5496,11.2948,27.1495,35.8988
198.0,395.0,11.3466,40.1034,83.8376,233.4515,0.0228,0.0001,99.8293,203.7632,48.5472,-16.6409,0.0,0.0001,2.3859,-0.0007,6.1161,35.5495,11.2961,27.1492,35.8984
199.0,397.0,11.3407,40.0994,98.704,232.8037,0.021,0.0001,99.8401,203.7632,48.5472,-16.6409,0.0,0.0001,2.3834,-0.0018,6.116,35.5503,11.2901,27.1509,35.9004
200.0,399.0,11.337,40.0966,96.5362,233.6143,0.0198,0.0001,99.8365,203.7632,48.5472,-16.6409,0.0,0.0001,2.3834,0.0003,6.116,35.5502,11.2861,27.1516,35.9012
201.0,401.0,11.3375,40.0991,98.6962,232.513,0.0203,0.0001,99.829,203.7633,48.5472,-16.6409,0.0,0.0001,2.3794,-0.002,6.1169,35.5513,11.2864,27.1524,35.902
202.0,403.0,11.3337,40.0969,98.6908,232.865,0.0184,0.0001,99.8404,203.7633,48.5472,-16.6409,0.0,0.0001,2.3797,-0.0007,6.1182,35.5519,11.2823,27.1536,35.9034
203.0,405.0,11.3155,40.0766,88.209,234.1898,0.021,0.0001,99.8293,203.7633,48.5472,-16.6409,0.0,0.0001,2.3818,0.0016,6.1204,35.5483,11.2639,27.1542,35.9048
204.0,407.0,11.3117,40.0737,61.2945,234.2042,0.0214,0.0001,99.8264,203.7633,48.5472,-16.6409,0.0,0.0001,2.3834,0.0008,6.1214,35.5484,11.2598,27.155,35.9057
205.0,409.0,11.3042,40.0667,97.3559,234.1821,0.0208,0.0001,99.8306,203.7633,48.5471,-16.6409,0.0,0.0001,2.3846,0.0004,6.1206,35.5477,11.2521,27.1559,35.907
206.0,411.0,11.3002,40.0637,95.9162,234.0618,0.0182,0.0001,99.8372,203.7634,48.5471,-16.6409,0.0,0.0001,2.3842,-0.0004,6.1237,35.5475,11.2478,27.1566,35.9078
207.0,413.0,11.2885,40.0515,98.71,234.9203,0.0177,0.0001,99.8335,203.7634,48.5471,-16.6409,0.0,0.0001,2.3858,0.0013,6.1246,35.5459,11.2359,27.1575,35.9092
208.0,415.0,11.276,40.0383,98.701,236.0305,0.0184,0.0001,99.8291,203.7634,48.5471,-16.6409,0.0,0.0001,2.3919,0.0029,6.1237,35.544,11.2231,27.1583,35.9106
209.0,417.0,11.2768,40.0412,98.6982,236.1837,0.0185,0.0001,99.8058,203.7634,48.5471,-16.6409,0.0,0.0001,2.393,0.0023,6.1238,35.5451,11.2237,27.1591,35.9114
210.0,419.0,11.2811,40.0472,98.6994,234.8863,0.0214,0.0001,99.8366,203.7635,48.5471,-16.641,0.0,0.0001,2.3909,-0.0012,6.1241,35.5461,11.2278,27.1591,35.9112
211.0,421.0,11.2795,40.0486,98.7047,233.5643,0.0207,0.0001,99.8347,203.7635,48.5472,-16.6409,0.0,0.0001,2.3837,-0.0031,6.1276,35.548,11.2259,27.1609,35.9131
212.0,423.0,11.2671,40.0346,98.6993,234.6106,0.0208,0.0001,99.831,203.7635,48.5472,-16.6409,0.0,0.0001,2.3834,-0.0005,6.1327,35.5452,11.2133,27.1611,35.9138
213.0,425.0,11.2523,40.0178,98.6968,235.6334,0.0186,0.0001,99.8353,203.7635,48.5472,-16.6409,0.0,0.0001,2.3857,0.0013,6.1363,35.5421,11.1983,27.1615,35.9148
214.0,427.0,11.2018,39.9601,67.0037,235.6986,0.0174,0.0001,99.8401,203.7636,48.5472,-16.6409,0.0,0.0001,2.387,0.0008,6.1372,35.5324,11.1477,27.1633,35.9188
215.0,429.0,11.1829,39.9394,96.9547,235.0706,0.021,0.0001,99.8453,203.7636,48.5472,-16.6409,0.0,0.0001,2.3852,-0.0009,6.1393,35.529,11.1285,27.1642,35.9205
216.0,431.0,11.17,39.9244,98.7021,233.7235,0.0194,0.0001,99.8395,203.7636,48.5471,-16.641,0.0,0.0001,2.3787,-0.0029,6.1391,35.5257,11.1154,27.164,35.9209
217.0,433.0,11.1651,39.9212,98.69,234.0547,0.0192,0.0001,99.822,203.7636,48.5471,-16.641,0.0,0.0001,2.3773,-0.0014,6.1388,35.5264,11.1103,27.1655,35.9226
218.0,435.0,11.1702,39.9295,98.7036,235.3352,0.0214,0.0001,99.8346,203.7636,48.5471,-16.641,0.0,0.0001,2.3803,0.0012,6.1393,35.5288,11.1152,27.1664,35.9233
219.0,437.0,11.168,39.928,91.66,235.3229,0.0246,0.0001,99.8374,203.7637,48.5471,-16.641,0.0,0.0001,2.3813,0.0006,6.1389,35.5284,11.1126,27.1666,35.9236
220.0,439.0,11.1684,39.9294,98.71,234.8511,0.0248,0.0001,99.8336,203.7637,48.5471,-16.641,0.0,0.0001,2.38,-0.0008,6.142,35.5286,11.1128,27.1667,35.9237
221.0,441.0,11.1662,39.9297,98.6951,234.7245,0.0235,0.0001,99.7939,203.7637,48.5471,-16.641,0.0,0.0001,2.3785,-0.0009,6.1445,35.53,11.1104,27.1683,35.9254
222.0,443.0,11.1342,39.893,98.6991,233.9646,0.0218,0.0001,99.8343,203.7637,48.5471,-16.641,0.0,0.0001,2.3742,-0.0021,6.1437,35.5234,11.0782,27.169,35.9275
223.0,445.0,11.1268,39.8869,79.3422,233.4064,0.0203,0.0001,99.8244,203.7638,48.5471,-16.641,0.0,0.0001,2.3704,-0.0022,6.1445,35.5237,11.0706,27.1706,35.9294
224.0,447.0,11.1333,39.8957,85.217,233.6787,0.0233,0.0001,99.8401,203.7638,48.5471,-16.641,0.0,0.0001,2.368,-0.0008,6.1437,35.5253,11.0768,27.1708,35.9293
225.0,449.0,11.136,39.9009,98.6829,233.0506,0.0217,0.0001,99.8423,203.7638,48.5471,-16.641,0.0,0.0001,2.3632,-0.0018,6.1458,35.527,11.0792,27.1717,35.93
226.0,451.0,11.1317,39.8984,98.698,233.1089,0.0228,0.0001,99.8275,203.7638,48.5471,-16.641,0.0,0.0001,2.3632,-0.0011,6.1448,35.5277,11.0747,27.173,35.9316
227.0,453.0,11.1158,39.8798,98.695,233.5528,0.0193,0.0001,99.8543,203.7639,48.5471,-16.641,0.0,0.0001,2.3632,0.0,6.1459,35.5237,11.0586,27.1729,35.9321
228.0,455.0,11.1211,39.8867,98.707,232.9812,0.0172,0.0001,99.842,203.7639,48.5471,-16.641,0.0,0.0001,2.3606,-0.0013,6.15,35.5248,11.0637,27.1728,35.9318
229.0,457.0,11.0969,39.8608,66.5357,232.4605,0.0153,0.0001,99.7677,203.7639,48.5471,-16.641,0.0,0.0001,2.3558,-0.0017,6.1518,35.5214,11.0392,27.1746,35.9347
230.0,459.0,11.076,39.8401,98.6995,231.8501,0.0172,0.0001,99.8257,203.7639,48.5471,-16.6411,0.0,0.0001,2.3535,-0.0023,6.1499,35.5198,11.0181,27.1772,35.9382
231.0,461.0,11.0639,39.8273,95.909,232.2622,0.0214,0.0001,99.835,203.764,48.547,-16.6411,0.0,0.0001,2.3513,-0.0008,6.1543,35.5177,11.0058,27.1778,35.9393
232.0,463.0,11.0714,39.8354,98.695,230.8389,0.0226,0.0001,99.8443,203.764,48.547,-16.6411,0.0,0.0001,2.3452,-0.0032,6.1551,35.5179,11.0131,27.1767,35.9379
233.0,465.0,11.0525,39.8161,98.5801,230.6664,0.0228,0.0001,99.8401,203.764,48.547,-16.6411,0.0,0.0001,2.3406,-0.0022,6.1552,35.516,10.9939,27.1787,35.9407
234.0,467.0,11.0519,39.8168,98.6985,230.9297,0.0229,0.0001,99.8401,203.764,48.547,-16.6411,0.0,0.0001,2.3394,-0.0011,6.1555,35.5164,10.9931,27.1791,35.9412
235.0,469.0,11.0502,39.8155,98.7,231.2297,0.0176,0.0001,99.8367,203.764,48.547,-16.6411,0.0,0.0001,2.339,-0.0002,6.1554,35.5159,10.9912,27.1791,35.9412
236.0,471.0,11.0496,39.8156,96.4568,231.0062,0.0202,0.0001,99.8542,203.7641,48.547,-16.6412,0.0,0.0001,2.3378,-0.0006,6.1566,35.5157,10.9903,27.1791,35.9413
237.0,473.0,11.0461,39.8124,70.1129,230.4473,0.021,0.0001,99.8201,203.7641,48.547,-16.6412,0.0,0.0001,2.3339,-0.0014,6.1594,35.515,10.9866,27.1792,35.9415
238.0,475.0,11.0277,39.7927,94.4325,229.3315,0.0163,0.0001,99.8387,203.7641,48.547,-16.6412,0.0,0.0001,2.3287,-0.003,6.1607,35.5122,10.968,27.1804,35.9436
239.0,477.0,11.0203,39.7859,98.6964,229.4051,0.017,0.0001,99.7939,203.7641,48.547,-16.6412,0.0,0.0001,2.326,-0.0019,6.1596,35.5116,10.9604,27.1814,35.9448
240.0,479.0,11.0136,39.7794,98.6911,229.6485,0.0211,0.0001,99.8336,203.7642,48.547,-16.6412,0.0,0.0001,2.3251,-0.0008,6.1598,35.5107,10.9534,27.182,35.9457
241.0,481.0,11.0132,39.7798,87.6129,230.0552,0.0208,0.0001,99.8377,203.7642,48.547,-16.6412,0.0,0.0001,2.3251,0.0,6.1613,35.5107,10.9527,27.182,35.9458
242.0,483.0,11.012,39.781,98.706,231.9073,0.0191,0.0001,99.8401,203.7642,48.547,-16.6412,0.0,0.0001,2.33,0.0032,6.1624,35.5122,10.9513,27.1834,35.9472
243.0,485.0,11.0062,39.7753,98.6926,232.7275,0.0215,0.0001,99.8401,203.7642,48.547,-16.6412,0.0,0.0001,2.3342,0.004,6.1626,35.5113,10.9454,27.1838,35.9479
244.0,487.0,10.9926,39.761,98.6986,231.9023,0.0239,0.0001,99.8377,203.7643,48.5469,-16.6412,0.0,0.0001,2.3349,0.0008,6.165,35.5089,10.9315,27.1845,35.9492
245.0,489.0,10.9926,39.7611,98.6993,230.8687,0.0251,0.0001,99.8253,203.7643,48.5469,-16.6412,0.0,0.0001,2.3317,-0.0016,6.1683,35.5082,10.9312,27.1841,35.9487
246.0,491.0,10.967,39.7349,98.6987,231.3401,0.0237,0.0001,99.8488,203.7643,48.5469,-16.6413,0.0,0.0001,2.331,-0.0002,6.1709,35.5059,10.9054,27.1869,35.9527
247.0,493.0,10.9458,39.7131,74.4085,231.1996,0.0192,0.0001,99.869,203.7643,48.5469,-16.6413,0.0,0.0001,2.3303,-0.0005,6.171,35.5036,10.8841,27.189,35.9557
248.0,495.0,10.9338,39.7006,97.0708,230.9965,0.0183,0.0001,99.854,203.7644,48.5469,-16.6413,0.0,0.0001,2.3284,-0.0008,6.172,35.5019,10.8718,27.1899,35.9571
249.0,497.0,10.9362,39.7043,98.68,231.6327,0.0191,0.0001,99.8096,203.7644,48.5469,-16.6413,0.0,0.0001,2.3297,0.0006,6.1709,35.5024,10.874,27.1899,35.957
250.0,499.0,10.9281,39.6975,98.6837,231.5797,0.0203,0.0001,99.8546,203.7644,48.5469,-16.6413,0.0,0.0001,2.3303,0.0001,6.1696,35.5025,10.8657,27.1914,35.9589
251.0,501.0,10.9439,39.7187,98.689,232.7038,0.0206,0.0001,99.8502,203.7644,48.5469,-16.6413,0.0,0.0001,2.3337,0.0021,6.1693,35.5075,10.8811,27.1926,35.9593
252.0,503.0,10.948,39.7251,76.0864,233.0719,0.0207,0.0001,99.8539,203.7644,48.5469,-16.6413,0.0,0.0001,2.3378,0.0014,6.1702,35.509,10.8849,27.193,35.9596
253.0,505.0,10.9454,39.7245,93.0598,231.8392,0.0203,0.0001,99.8596,203.7645,48.5469,-16.6413,0.0,0.0001,2.3348,-0.0018,6.1744,35.5098,10.8821,27.1942,35.9609
254.0,507.0,10.9247,39.7032,98.6904,230.9292,0.0202,0.0001,99.8545,203.7645,48.5469,-16.6413,0.0,0.0001,2.3312,-0.003,6.1732,35.5077,10.8611,27.1963,35.9639
255.0,509.0,10.9125,39.6891,98.7011,230.9992,0.0212,0.0001,99.844,203.7645,48.5469,-16.6414,0.0,0.0001,2.3284,-0.0018,6.1731,35.5046,10.8488,27.1961,35.9642
256.0,511.0,10.9159,39.6927,98.6903,231.5748,0.0219,0.0001,99.8496,203.7645,48.5469,-16.6414,0.0,0.0001,2.3277,-0.0002,6.1725,35.5042,10.852,27.1953,35.9632
257.0,513.0,10.9166,39.6981,98.701,231.1324,0.0213,0.0001,99.8437,203.7646,48.5469,-16.6414,0.0,0.0001,2.3257,-0.0009,6.1712,35.5081,10.8524,27.1982,35.9661
258.0,515.0,10.9352,39.7232,98.6875,232.0399,0.0201,0.0001,99.869,203.7646,48.5469,-16.6414,0.0,0.0001,2.3276,0.001,6.1712,35.5141,10.8707,27.1996,35.9666
259.0,517.0,10.9293,39.7174,98.6945,232.6028,0.0166,0.0001,99.8482,203.7646,48.5469,-16.6414,0.0,0.0001,2.3296,0.0016,6.1717,35.5131,10.8645,27.2,35.9673
260.0,519.0,10.9288,39.7165,98.6901,232.0932,0.02,0.0001,99.8274,203.7646,48.5469,-16.6414,0.0,0.0001,2.3303,-0.0002,6.1729,35.512,10.8638,27.1992,35.9666
261.0,521.0,10.917,39.706,82.6093,231.8109,0.0215,0.0001,99.8407,203.7647,48.5469,-16.6414,0.0,0.0001,2.3279,-0.0007,6.1738,35.5118,10.8518,27.2012,35.9691
262.0,523.0,10.9149,39.7042,79.2234,231.6086,0.0183,0.0001,99.8401,203.7647,48.5468,-16.6414,0.0,0.0001,2.3262,-0.0009,6.1755,35.5112,10.8494,27.2012,35.9692
263.0,525.0,10.9079,39.6956,95.5267,230.8302,0.0196,0.0001,99.8507,203.7647,48.5468,-16.6414,0.0,0.0001,2.3223,-0.002,6.175,35.5085,10.8422,27.2004,35.9687
264.0,527.0,10.9014,39.6898,98.692,231.0366,0.021,0.0001,99.8654,203.7647,48.5468,-16.6414,0.0,0.0001,2.3214,-0.0009,6.1752,35.5081,10.8354,27.2013,35.9699
265.0,529.0,10.9029,39.6919,98.6971,231.8143,0.0208,0.0001,99.8484,203.7648,48.5468,-16.6415,0.0,0.0001,2.3227,0.0005,6.1755,35.5079,10.8367,27.2009,35.9695
266.0,531.0,10.9024,39.6925,82.9735,231.4414,0.0189,0.0001,99.8401,203.7648,48.5468,-16.6415,0.0,0.0001,2.3222,-0.0006,6.1766,35.5082,10.836,27.2013,35.9699
267.0,533.0,10.8971,39.6882,98.7003,231.6526,0.0203,0.0001,99.8481,203.7648,48.5468,-16.6415,0.0,0.0001,2.3216,-0.0001,6.1792,35.5081,10.8304,27.2022,35.971
268.0,535.0,10.8837,39.674,98.6992,230.6829,0.0209,0.0001,99.869,203.7648,48.5468,-16.6415,0.0,0.0001,2.3174,-0.0019,6.182,35.506,10.8168,27.203,35.9724
269.0,537.0,10.8609,39.6483,98.7033,229.2083,0.0206,0.0001,99.8506,203.7648,48.5468,-16.6415,0.0,0.0001,2.3105,-0.0038,6.1826,35.5014,10.7939,27.2036,35.974
270.0,539.0,10.8512,39.6405,98.6922,229.1654,0.0214,0.0001,99.8401,203.7649,48.5468,-16.6415,0.0,0.0001,2.3052,-0.0023,6.1834,35.5019,10.7839,27.2057,35.9765
271.0,541.0,10.8456,39.636,89.8108,228.471,0.0188,0.0001,99.8473,203.7649,48.5468,-16.6415,0.0,0.0001,2.2999,-0.0027,6.1856,35.502,10.7781,27.2069,35.9779
272.0,543.0,10.8312,39.6203,86.8273,227.4529,0.0199,0.0001,99.8545,203.7649,48.5468,-16.6415,0.0,0.0001,2.2918,-0.0033,6.1913,35.4994,10.7635,27.2075,35.9792
273.0,545.0,10.7955,39.581,98.5774,225.2723,0.0199,0.0001,99.8619,203.765,48.5468,-16.6416,0.0,0.0001,2.2801,-0.0055,6.1932,35.4933,10.7277,27.2092,35.9825
274.0,547.0,10.7664,39.5506,98.6871,224.706,0.0205,0.0001,99.8112,203.765,48.5468,-16.6416,0.0,0.0001,2.2735,-0.0048,6.1907,35.49,10.6984,27.2119,35.9864
275.0,549.0,10.7414,39.5244,98.69,226.1996,0.02,0.0001,99.843,203.765,48.5468,-16.6415,0.0,0.0001,2.2724,-0.0009,6.2,35.4871,10.6732,27.2141,35.9897
276.0,551.0,10.75,39.5343,80.0917,223.4087,0.0204,0.0001,99.8572,203.765,48.5468,-16.6416,0.0,0.0001,2.2594,-0.005,6.2074,35.4879,10.6816,27.2133,35.9885
277.0,553.0,10.683,39.4611,96.3566,221.8547,0.0218,0.0001,99.8442,203.7651,48.5468,-16.6416,0.0,0.0001,2.2458,-0.0052,6.2128,35.4783,10.6146,27.2177,35.9958
278.0,555.0,10.6413,39.4151,96.523,220.1184,0.0203,0.0001,99.8401,203.7651,48.5468,-16.6416,0.0,0.0001,2.2349,-0.0057,6.2057,35.4713,10.5728,27.2198,35.9997
279.0,557.0,10.6342,39.408,98.5186,221.7588,0.0166,0.0001,99.8545,203.7651,48.5468,-16.6416,0.0,0.0001,2.2312,-0.0009,6.2184,35.4702,10.5655,27.2202,36.0005
280.0,559.0,10.6366,39.4116,98.6874,218.56,0.0159,0.0001,99.8481,203.7651,48.5468,-16.6416,0.0,0.0001,2.2193,-0.0061,6.2221,35.4709,10.5676,27.2204,36.0005
281.0,561.0,10.5698,39.3399,98.68,217.771,0.0185,0.0001,99.816,203.7652,48.5468,-16.6416,0.0,0.0001,2.2081,-0.0045,6.2241,35.4624,10.5008,27.2256,36.0087
282.0,563.0,10.5634,39.334,98.68,217.0169,0.0193,0.0001,99.8491,203.7652,48.5467,-16.6417,0.0,0.0001,2.1978,-0.0037,6.2284,35.4619,10.4942,27.2264,36.0097
283.0,565.0,10.5212,39.2869,67.7757,215.7989,0.0186,0.0001,99.8401,203.7652,48.5467,-16.6417,0.0,0.0001,2.1908,-0.0043,6.226,35.4544,10.452,27.2281,36.0132
284.0,567.0,10.5229,39.2893,95.6141,216.0801,0.0198,0.0001,99.8497,203.7653,48.5467,-16.6417,0.0,0.0001,2.1853,-0.0019,6.2283,35.4542,10.4534,27.2276,36.0128
285.0,569.0,10.5028,39.2738,98.68,216.545,0.0196,0.0001,99.869,203.7653,48.5467,-16.6417,0.0,0.0001,2.184,-0.0004,6.2278,35.4572,10.4332,27.2335,36.0195
286.0,571.0,10.5429,39.3237,98.68,219.2798,0.0183,0.0001,99.8401,203.7653,48.5467,-16.6418,0.0,0.0001,2.193,0.0043,6.2259,35.4676,10.4728,27.2346,36.0187
287.0,573.0,10.5382,39.3175,73.5695,218.8483,0.0162,0.0001,99.8379,203.7653,48.5467,-16.6418,0.0,0.0001,2.1974,0.0011,6.2257,35.4653,10.4679,27.2337,36.0181
288.0,575.0,10.546,39.3303,85.1396,219.5126,0.0161,0.0001,99.8625,203.7654,48.5467,-16.6418,0.0,0.0001,2.201,0.0015,6.2265,35.4697,10.4754,27.2358,36.0198
289.0,577.0,10.4816,39.2587,98.68,218.94,0.0191,0.0001,99.8724,203.7654,48.5467,-16.6418,0.0,0.0001,2.1997,-0.0007,6.2379,35.4589,10.411,27.2388,36.0256
290.0,579.0,10.4931,39.2686,98.68,215.1075,0.0162,0.0001,99.8834,203.7654,48.5467,-16.6418,0.0,0.0001,2.1862,-0.0068,6.2396,35.457,10.4222,27.2353,36.0217
291.0,581.0,10.4405,39.2129,98.6833,214.8255,0.0199,0.0001,99.869,203.7655,48.5467,-16.6418,0.0,0.0001,2.1749,-0.0038,6.2405,35.4507,10.3696,27.2397,36.0283
292.0,583.0,10.4338,39.2064,76.2654,215.1706,0.0215,0.0001,99.867,203.7655,48.5466,-16.6419,0.0,0.0001,2.1703,-0.0014,6.2413,35.4497,10.3626,27.2402,36.0291
293.0,585.0,10.4302,39.2035,98.68,214.7613,0.0205,0.0001,99.8679,203.7655,48.5466,-16.6419,0.0,0.0001,2.1662,-0.0013,6.2411,35.4493,10.3588,27.2405,36.0296
294.0,587.0,10.4311,39.2068,98.68,215.7415,0.0231,0.0001,99.8647,203.7656,48.5466,-16.6419,0.0,0.0001,2.1685,0.0007,6.2411,35.4508,10.3594,27.2415,36.0306
295.0,589.0,10.4308,39.2083,98.68,215.8807,0.0202,0.0001,99.869,203.7656,48.5466,-16.6419,0.0,0.0001,2.1685,0.0008,6.2411,35.4518,10.3588,27.2425,36.0316
296.0,591.0,10.4307,39.2083,83.4484,215.2853,0.0216,0.0001,99.8762,203.7656,48.5466,-16.6419,0.0,0.0001,2.1669,-0.0007,6.2448,35.4511,10.3585,27.242,36.0311
297.0,593.0,10.4106,39.1859,98.68,213.1978,0.0175,0.0001,99.869,203.7656,48.5466,-16.642,0.0,0.0001,2.159,-0.0041,6.2462,35.447,10.3383,27.2423,36.0323
298.0,595.0,10.3779,39.1494,94.8663,212.283,0.0185,0.0001,99.8666,203.7657,48.5466,-16.642,0.0,0.0001,2.1521,-0.0043,6.2472,35.4409,10.3054,27.2433,36.0348
299.0,597.0,10.3859,39.1599,98.6824,213.2152,0.0194,0.0001,99.869,203.7657,48.5466,-16.642,0.0,0.0001,2.1494,-0.0009,6.2496,35.443,10.3132,27.2436,36.0347
300.0,599.0,10.3758,39.1525,71.1882,213.0838,0.0168,0.0001,99.869,203.7657,48.5466,-16.642,0.0,0.0001,2.1468,-0.0008,6.2514,35.4444,10.3029,27.2465,36.038
301.0,601.0,10.3586,39.1372,98.68,212.951,0.019,0.0001,99.869,203.7658,48.5466,-16.642,0.0,0.0001,2.145,-0.0009,6.2536,35.4448,10.2855,27.2498,36.0421
302.0,603.0,10.3426,39.1201,98.68,211.8336,0.0252,0.0001,99.869,203.7658,48.5466,-16.642,0.0,0.0001,2.1396,-0.0024,6.2567,35.4421,10.2693,27.2506,36.0435
303.0,605.0,10.3197,39.096,98.68,210.5106,0.0218,0.0001,99.8637,203.7658,48.5466,-16.6421,0.0,0.0001,2.131,-0.0034,6.2593,35.439,10.2462,27.2522,36.0462
304.0,607.0,10.3015,39.0764,88.839,209.4559,0.0214,0.0001,99.8696,203.7658,48.5465,-16.6421,0.0,0.0001,2.1219,-0.0034,6.2658,35.436,10.2279,27.253,36.0478
305.0,609.0,10.2529,39.0237,98.68,207.1244,0.0229,0.0001,99.869,203.7659,48.5465,-16.6421,0.0,0.0001,2.1072,-0.0052,6.2685,35.4287,10.1793,27.2558,36.0528
306.0,611.0,10.2352,39.005,98.68,206.6164,0.0185,0.0001,99.8748,203.7659,48.5465,-16.6421,0.0,0.0001,2.0998,-0.0037,6.2651,35.426,10.1613,27.2568,36.0545
307.0,613.0,10.227,38.9973,76.4157,208.2272,0.019,0.0001,99.8828,203.7659,48.5465,-16.6421,0.0,0.0001,2.0986,-0.0003,6.2807,35.4253,10.153,27.2577,36.0558
308.0,615.0,10.2118,38.9768,88.1787,203.5264,0.0227,0.0001,99.869,203.766,48.5465,-16.6422,0.0,0.0001,2.0821,-0.008,6.2928,35.4186,10.1377,27.2552,36.054
309.0,617.0,10.0707,38.8204,98.68,200.4358,0.0218,0.0001,99.8839,203.766,48.5465,-16.6422,0.0,0.0001,2.06,-0.0088,6.2938,35.3958,9.9969,27.2617,36.0668
310.0,619.0,10.0491,38.7975,98.68,200.7707,0.0229,0.0001,99.869,203.766,48.5465,-16.6422,0.0,0.0001,2.0476,-0.0043,6.2991,35.3927,9.9752,27.2631,36.0691
311.0,621.0,10.0363,38.7841,98.68,199.9521,0.022,0.0001,99.8414,203.766,48.5465,-16.6422,0.0,0.0001,2.0401,-0.0038,6.2959,35.3907,9.9623,27.2637,36.0703
312.0,623.0,10.0358,38.7842,98.5848,199.679,0.0236,0.0001,99.869,203.7661,48.5465,-16.6422,0.0,0.0001,2.0327,-0.0029,6.308,35.3902,9.9615,27.2634,36.0701
313.0,625.0,9.954,38.6974,98.68,197.9762,0.0196,0.0,99.8834,203.7661,48.5465,-16.6423,0.0,0.0001,2.0218,-0.0034,6.3033,35.3805,9.8798,27.2699,36.0801
314.0,627.0,9.9794,38.7288,98.68,200.0114,0.018,0.0001,99.869,203.7661,48.5465,-16.6423,0.0,0.0001,2.024,0.0011,6.3029,35.3871,9.9048,27.2707,36.0798
315.0,629.0,10.003,38.7604,78.4779,200.318,0.0201,0.0001,99.8758,203.7662,48.5465,-16.6423,0.0,0.0001,2.0273,0.0012,6.2953,35.3953,9.9281,27.2732,36.0811
316.0,631.0,10.0495,38.8223,94.5594,201.8926,0.0195,0.0001,99.8497,203.7662,48.5465,-16.6423,0.0,0.0001,2.0345,0.0029,6.2946,35.4121,9.9741,27.2784,36.0842
317.0,633.0,10.0621,38.8394,98.4751,201.5788,0.0196,0.0001,99.8647,203.7662,48.5464,-16.6423,0.0,0.0001,2.0382,0.0006,6.2957,35.4162,9.9863,27.2795,36.0847
318.0,635.0,10.0371,38.812,98.68,200.432,0.0165,0.0001,99.8618,203.7663,48.5464,-16.6424,0.0,0.0001,2.0352,-0.0015,6.2946,35.4118,9.9612,27.2804,36.0867
319.0,637.0,10.0512,38.8314,98.68,201.8506,0.0201,0.0001,99.8594,203.7663,48.5464,-16.6424,0.0,0.0001,2.0369,0.001,6.301,35.4169,9.975,27.282,36.0877
320.0,639.0,10.006,38.7808,98.6807,202.0487,0.022,0.0001,99.8661,203.7663,48.5464,-16.6424,0.0,0.0001,2.0391,0.0007,6.2988,35.4086,9.9297,27.2832,36.091
321.0,641.0,10.0143,38.7949,76.1362,201.1188,0.0198,0.0001,99.8627,203.7663,48.5464,-16.6424,0.0,0.0001,2.0364,-0.0011,6.2998,35.4139,9.9378,27.2861,36.0933
322.0,643.0,10.0147,38.7962,90.8982,200.7895,0.0188,0.0001,99.8555,203.7664,48.5464,-16.6424,0.0,0.0001,2.0337,-0.0012,6.3023,35.414,9.9379,27.2861,36.0934
323.0,645.0,9.9972,38.7773,98.5365,200.5091,0.0179,0.0001,99.8594,203.7664,48.5464,-16.6425,0.0,0.0001,2.0303,-0.0014,6.3094,35.4109,9.9203,27.2867,36.0947
324.0,647.0,9.953,38.7277,98.3645,199.292,0.0195,0.0001,99.8545,203.7664,48.5464,-16.6425,0.0,0.0001,2.0238,-0.0032,6.3241,35.4026,9.876,27.2878,36.0978
325.0,649.0,9.8599,38.6221,98.68,195.8737,0.0194,0.0001,99.8617,203.7665,48.5464,-16.6425,0.0,0.0001,2.0065,-0.0066,6.3232,35.3845,9.7832,27.2894,36.1037
326.0,651.0,9.8295,38.5878,83.3165,195.831,0.02,0.0,99.8946,203.7665,48.5464,-16.6425,0.0,0.0001,1.9946,-0.0034,6.334,35.3781,9.7527,27.2896,36.1053
327.0,653.0,9.7969,38.5551,94.455,192.4941,0.0193,0.0001,99.881,203.7665,48.5464,-16.6425,0.0,0.0001,1.9795,-0.007,6.3325,35.3757,9.7199,27.2933,36.1104
328.0,655.0,9.7824,38.5418,94.0161,193.2536,0.0218,0.0,99.8943,203.7666,48.5464,-16.6425,0.0,0.0001,1.9716,-0.0024,6.3293,35.3751,9.7052,27.2953,36.113
329.0,657.0,9.7976,38.5588,98.68,194.0931,0.0228,0.0001,99.869,203.7666,48.5463,-16.6426,0.0,0.0001,1.9713,-0.0001,6.3277,35.377,9.7202,27.2942,36.1113
330.0,659.0,9.833,38.6085,98.68,195.2624,0.023,0.0001,99.8816,203.7666,48.5463,-16.6426,0.0,0.0001,1.975,0.0018,6.3265,35.3924,9.7551,27.3004,36.1157
331.0,661.0,9.8279,38.604,79.7477,194.909,0.0213,0.0001,99.8366,203.7666,48.5463,-16.6426,0.0,0.0001,1.9756,0.0001,6.3333,35.392,9.7499,27.301,36.1165
332.0,663.0,9.7546,38.5274,69.0039,194.8789,0.0218,0.0001,99.8401,203.7667,48.5463,-16.6426,0.0,0.0001,1.9756,-0.0001,6.333,35.384,9.6767,27.3071,36.1259
333.0,665.0,9.7374,38.5088,98.6798,194.7028,0.0211,0.0001,99.8452,203.7667,48.5463,-16.6426,0.0,0.0001,1.9733,-0.0008,6.346,35.3809,9.6593,27.3076,36.1272
334.0,667.0,9.6925,38.46,98.68,193.8254,0.0202,0.0001,99.8441,203.7667,48.5463,-16.6427,0.0,0.0001,1.9689,-0.0017,6.346,35.3737,9.6144,27.3095,36.1311
335.0,669.0,9.6817,38.452,98.68,194.2203,0.0205,0.0001,99.8401,203.7668,48.5463,-16.6427,0.0,0.0001,1.9677,-0.0005,6.348,35.3752,9.6033,27.3126,36.1346
336.0,671.0,9.6839,38.455,73.0977,193.7266,0.0204,0.0001,99.8401,203.7668,48.5463,-16.6427,0.0,0.0001,1.9647,-0.0013,6.3522,35.3754,9.6053,27.3124,36.1344
337.0,673.0,9.6545,38.4258,98.68,192.8655,0.0235,0.0001,99.8493,203.7668,48.5463,-16.6427,0.0,0.0001,1.9599,-0.0019,6.3512,35.3731,9.5759,27.3155,36.1388
338.0,675.0,9.6487,38.4208,98.68,193.2026,0.0223,0.0001,99.8401,203.7669,48.5463,-16.6427,0.0,0.0001,1.9578,-0.0006,6.3536,35.3727,9.5698,27.3162,36.1397
339.0,677.0,9.6415,38.414,98.68,192.6218,0.0238,0.0001,99.8401,203.7669,48.5463,-16.6428,0.0,0.0001,1.9552,-0.0012,6.3541,35.3717,9.5624,27.3167,36.1406
340.0,679.0,9.6368,38.41,94.9508,192.8449,0.0231,0.0001,99.8477,203.7669,48.5463,-16.6428,0.0,0.0001,1.9538,-0.0004,6.3542,35.3714,9.5575,27.3173,36.1414
341.0,681.0,9.6332,38.4068,82.9863,193.1853,0.0193,0.0001,99.844,203.7669,48.5463,-16.6428,0.0,0.0001,1.9538,0.0001,6.3559,35.371,9.5537,27.3176,36.1418
342.0,683.0,9.6259,38.3995,95.0784,192.6339,0.0239,0.0001,99.8437,203.767,48.5462,-16.6428,0.0,0.0001,1.953,-0.0009,6.355,35.3697,9.5462,27.3179,36.1425
343.0,685.0,9.6169,38.3913,98.68,192.6963,0.023,0.0001,99.8524,203.767,48.5462,-16.6428,0.0,0.0001,1.9508,-0.0007,6.3623,35.3691,9.537,27.3189,36.1439
344.0,687.0,9.5836,38.3557,78.381,191.4999,0.0203,0.0001,99.8552,203.767,48.5462,-16.6429,0.0,0.0001,1.9456,-0.0023,6.3665,35.3639,9.5036,27.3204,36.1469
345.0,689.0,9.5422,38.3106,98.68,191.2285,0.0211,0.0001,99.8545,203.7671,48.5462,-16.6429,0.0,0.0001,1.9408,-0.002,6.3724,35.3573,9.4621,27.3222,36.1506
346.0,691.0,9.5196,38.2872,98.68,190.014,0.0216,0.0001,99.8564,203.7671,48.5462,-16.6429,0.0,0.0001,1.934,-0.0028,6.3721,35.3544,9.4395,27.3237,36.1531
347.0,693.0,9.4893,38.2567,98.68,190.8909,0.0191,0.0001,99.8365,203.7671,48.5462,-16.6429,0.0,0.0001,1.9312,-0.0003,6.379,35.3515,9.409,27.3265,36.1572
348.0,695.0,9.4967,38.2635,77.8736,190.2721,0.022,0.0001,99.8536,203.7672,48.5462,-16.6429,0.0,0.0001,1.9286,-0.0016,6.3873,35.3507,9.4162,27.3247,36.1551
349.0,697.0,9.4221,38.1846,98.6631,189.6199,0.0211,0.0001,99.875,203.7672,48.5462,-16.6429,0.0,0.0001,1.9247,-0.0019,6.3849,35.3415,9.3417,27.3298,36.1636
350.0,699.0,9.4006,38.1621,98.6263,189.5633,0.0204,0.0001,99.8635,203.7672,48.5462,-16.643,0.0,0.0001,1.922,-0.0013,6.3896,35.3384,9.3202,27.331,36.1657
351.0,701.0,9.3988,38.1631,98.68,187.5181,0.0179,0.0,99.8823,203.7672,48.5462,-16.643,0.0,0.0001,1.9134,-0.0037,6.3875,35.3404,9.3181,27.3329,36.1677
352.0,703.0,9.3597,38.1223,84.7949,188.4731,0.018,0.0,99.8895,203.7673,48.5462,-16.643,0.0,0.0001,1.9096,-0.0012,6.4028,35.3355,9.279,27.3355,36.172
353.0,705.0,9.3037,38.0643,95.8931,187.4211,0.0201,0.0,99.8942,203.7673,48.5461,-16.643,0.0,0.0001,1.9043,-0.0021,6.4017,35.3295,9.223,27.34,36.1791
354.0,707.0,9.2994,38.0624,95.91,187.6546,0.0219,0.0,99.9009,203.7673,48.5461,-16.643,0.0,0.0001,1.9025,-0.001,6.4033,35.3308,9.2184,27.3417,36.181
355.0,709.0,9.304,38.0676,98.4808,187.0786,0.0191,0.0,99.9063,203.7674,48.5461,-16.643,0.0,0.0001,1.8984,-0.0016,6.4053,35.3309,9.2228,27.3411,36.1802
356.0,711.0,9.2851,38.0512,98.68,186.0817,0.025,0.0,99.9224,203.7674,48.5461,-16.6431,0.0,0.0001,1.8925,-0.0022,6.4042,35.3315,9.2038,27.3447,36.1846
357.0,713.0,9.2901,38.0632,98.68,186.1252,0.0245,0.0,99.9256,203.7674,48.5461,-16.6431,0.0,0.0001,1.8899,-0.0012,6.4047,35.3381,9.2085,27.3491,36.1886
358.0,715.0,9.2887,38.0644,83.6647,186.1265,0.0223,0.0,99.9269,203.7674,48.5461,-16.6431,0.0,0.0001,1.8877,-0.0008,6.4061,35.34,9.2069,27.3509,36.1905
359.0,717.0,9.2779,38.0547,98.68,186.4771,0.0202,0.0,99.9165,203.7675,48.5461,-16.6431,0.0,0.0001,1.8877,0.0,6.4062,35.3395,9.1959,27.3522,36.1923
360.0,719.0,9.2743,38.0524,95.0956,186.616,0.0224,0.0,99.9052,203.7675,48.5461,-16.6431,0.0,0.0001,1.8879,0.0001,6.4073,35.3398,9.1921,27.3531,36.1933
361.0,721.0,9.2627,38.0451,98.68,186.4811,0.0239,0.0,99.9209,203.7675,48.5461,-16.6431,0.0,0.0001,1.8877,-0.0003,6.4081,35.3426,9.1802,27.3573,36.198
362.0,723.0,9.2599,38.0471,81.3139,186.6137,0.0227,0.0,99.916,203.7676,48.5461,-16.6432,0.0,0.0001,1.8877,0.0,6.4078,35.3465,9.1772,27.3608,36.2016
363.0,725.0,9.2631,38.051,98.68,186.2567,0.0182,0.0,99.921,203.7676,48.5461,-16.6432,0.0,0.0001,1.8859,-0.0006,6.4098,35.3466,9.1802,27.3604,36.2011
364.0,727.0,9.2507,38.0412,98.68,185.89,0.021,0.0,99.9122,203.7676,48.5461,-16.6432,0.0,0.0001,1.884,-0.0009,6.4084,35.3477,9.1676,27.3633,36.2045
365.0,729.0,9.2381,38.0301,98.68,186.2142,0.0193,0.0,99.917,203.7676,48.5461,-16.6432,0.0,0.0001,1.8834,-0.0003,6.4126,35.3478,9.1548,27.3654,36.2072
366.0,731.0,9.2291,38.0231,84.8255,186.2071,0.0203,0.0,99.8984,203.7677,48.546,-16.6432,0.0,0.0001,1.8826,-0.0003,6.4162,35.3484,9.1457,27.3675,36.2096
367.0,733.0,9.2066,38.0007,98.68,186.5399,0.024,0.0,99.9043,203.7677,48.546,-16.6432,0.0,0.0001,1.8828,0.0001,6.4192,35.3464,9.1231,27.3695,36.2127
368.0,735.0,9.1937,37.9894,95.6666,186.7569,0.0254,0.0,99.9107,203.7677,48.546,-16.6433,0.0,0.0001,1.8828,0.0004,6.4187,35.3465,9.11,27.3718,36.2155
369.0,737.0,9.1687,37.9643,98.68,186.9635,0.0259,0.0,99.9049,203.7678,48.546,-16.6433,0.0,0.0001,1.8843,0.0003,6.423,35.344,9.0849,27.3739,36.2188
370.0,739.0,9.1542,37.9468,97.1609,185.6089,0.023,0.0,99.9058,203.7678,48.546,-16.6433,0.0,0.0001,1.8799,-0.0018,6.4235,35.3392,9.0703,27.3725,36.2181
371.0,741.0,9.1491,37.9474,82.1892,186.1616,0.0195,0.0,99.904,203.7678,48.546,-16.6433,0.0,0.0001,1.8788,-0.0001,6.4228,35.3439,9.0649,27.3771,36.2228
372.0,743.0,9.1628,37.9667,92.951,187.1008,0.0216,0.0,99.893,203.7679,48.546,-16.6433,0.0,0.0001,1.8804,0.0008,6.4301,35.3494,9.0783,27.3792,36.2242
373.0,745.0,9.1185,37.9204,98.68,185.4316,0.0222,0.0,99.9035,203.7679,48.546,-16.6433,0.0,0.0001,1.8775,-0.002,6.4288,35.3441,9.034,27.3822,36.2293
374.0,747.0,9.0802,37.8792,98.68,185.6397,0.0204,0.0,99.9003,203.7679,48.546,-16.6434,0.0,0.0001,1.8743,-0.0011,6.4362,35.338,8.9956,27.3837,36.2325
375.0,749.0,9.0824,37.8839,98.68,184.9999,0.0216,0.0,99.9163,203.7679,48.546,-16.6434,0.0,0.0001,1.8705,-0.0017,6.4388,35.3401,8.9976,27.385,36.2337
376.0,751.0,9.0499,37.8506,98.68,184.6023,0.0208,0.0,99.9191,203.768,48.546,-16.6434,0.0,0.0001,1.8675,-0.0016,6.437,35.3364,8.965,27.3874,36.2376
377.0,753.0,9.0577,37.8637,98.68,185.0282,0.0248,0.0,99.9151,203.768,48.546,-16.6434,0.0,0.0001,1.8667,-0.0004,6.4369,35.3413,8.9725,27.39,36.2398
378.0,755.0,9.0615,37.8686,98.68,185.0829,0.0214,0.0,99.9052,203.768,48.546,-16.6434,0.0,0.0001,1.866,-0.0001,6.4349,35.3419,8.9761,27.3899,36.2395
379.0,757.0,9.0714,37.8828,88.0956,185.2892,0.0217,0.0,99.8906,203.768,48.546,-16.6434,0.0,0.0001,1.8669,0.0002,6.4354,35.346,8.9858,27.3916,36.2407
380.0,759.0,9.0774,37.8925,93.9122,184.9819,0.0202,0.0,99.8978,203.7681,48.546,-16.6434,0.0,0.0001,1.8645,-0.0007,6.4425,35.3494,8.9915,27.3933,36.2421
381.0,761.0,9.0365,37.8511,98.68,184.7937,0.0207,0.0,99.9086,203.7681,48.546,-16.6434,0.0,0.0001,1.8638,-0.0008,6.4432,35.3456,8.9506,27.3969,36.2476
382.0,763.0,9.0183,37.8326,98.68,184.797,0.0194,0.0,99.8978,203.7681,48.546,-16.6435,0.0,0.0001,1.862,-0.0005,6.4427,35.3433,8.9322,27.3981,36.2496
383.0,765.0,8.9968,37.8118,84.2458,185.2006,0.0219,0.0,99.8971,203.7682,48.546,-16.6435,0.0,0.0001,1.8617,0.0,6.4523,35.3417,8.9106,27.4003,36.2528
384.0,767.0,8.9921,37.8033,98.68,184.2011,0.0215,0.0,99.9007,203.7682,48.5459,-16.6435,0.0,0.0001,1.8576,-0.0018,6.4622,35.3368,8.9057,27.3972,36.25
385.0,769.0,8.8864,37.6925,98.68,183.8569,0.0168,0.0,99.9267,203.7682,48.5459,-16.6435,0.0,0.0001,1.8547,-0.0015,6.461,35.3244,8.8003,27.4044,36.2619
386.0,771.0,8.8777,37.6843,98.68,184.3964,0.0175,0.0,99.9159,203.7682,48.5459,-16.6435,0.0,0.0001,1.8547,-0.0003,6.4594,35.3234,8.7915,27.405,36.263
387.0,773.0,8.8928,37.7005,91.5801,184.677,0.0202,0.0,99.9267,203.7683,48.5459,-16.6435,0.0,0.0001,1.8543,-0.0002,6.469,35.3248,8.8063,27.4038,36.261
388.0,775.0,8.8594,37.671,98.6543,184.2619,0.0228,0.0,99.9267,203.7683,48.5459,-16.6435,0.0,0.0001,1.8516,-0.0008,6.4693,35.3261,8.7728,27.4101,36.2689
389.0,777.0,8.8185,37.6315,98.576,184.8913,0.0215,0.0,99.9214,203.7683,48.5459,-16.6436,0.0,0.0001,1.8531,0.0003,6.4705,35.3241,8.7319,27.415,36.2756
390.0,779.0,8.835,37.6472,98.68,184.4567,0.018,0.0,99.9177,203.7684,48.5459,-16.6436,0.0,0.0001,1.8515,-0.0009,6.4783,35.3234,8.7481,27.4119,36.2718
391.0,781.0,8.7865,37.6006,91.945,183.9845,0.0171,0.0,99.9267,203.7684,48.5459,-16.6436,0.0,0.0001,1.8486,-0.0011,6.4787,35.3213,8.6996,27.418,36.28
392.0,783.0,8.7281,37.5372,91.8865,184.6306,0.0188,0.0,99.9219,203.7684,48.5459,-16.6436,0.0,0.0001,1.8478,-0.0004,6.4956,35.3118,8.6413,27.4198,36.2845
393.0,785.0,8.7052,37.5116,94.875,184.2071,0.0219,0.0,99.9249,203.7684,48.5459,-16.6436,0.0,0.0001,1.8482,-0.0005,6.4852,35.3069,8.6184,27.4195,36.2853
394.0,787.0,8.701,37.5141,98.68,184.7553,0.0235,0.0,99.9196,203.7685,48.5459,-16.6436,0.0,0.0001,1.8486,0.0006,6.4811,35.3126,8.6139,27.4247,36.2906
395.0,789.0,8.7574,37.58,98.5222,184.6671,0.0226,0.0,99.9229,203.7685,48.5459,-16.6436,0.0,0.0001,1.8474,-0.0003,6.4927,35.3251,8.6697,27.4257,36.289
396.0,791.0,8.6891,37.5089,98.68,184.611,0.0216,0.0,99.9303,203.7685,48.5459,-16.6436,0.0,0.0001,1.8462,-0.0005,6.5022,35.3171,8.6017,27.4302,36.2966
397.0,793.0,8.6391,37.453,98.68,184.5978,0.0249,0.0,99.9267,203.7686,48.5459,-16.6437,0.0,0.0001,1.8475,-0.0003,6.4985,35.3071,8.5517,27.4302,36.2989
398.0,795.0,8.6169,37.43,83.6729,184.8996,0.0237,0.0,99.936,203.7686,48.5459,-16.6437,0.0,0.0001,1.8489,0.0004,6.4909,35.3039,8.5294,27.4311,36.3009
399.0,797.0,8.69,37.5156,92.8896,184.8921,0.0218,0.0,99.9248,203.7686,48.5459,-16.6437,0.0,0.0001,1.8502,0.0018,6.4415,35.3206,8.6019,27.4329,36.2992
400.0,799.0,8.9024,37.7632,98.68,185.4164,0.0189,0.0,99.8386,203.7686,48.5459,-16.6437,0.0,0.0001,1.8535,0.0017,6.4423,35.3691,8.8127,27.4374,36.2938
401.0,801.0,9.0758,37.9816,98.4203,183.3942,0.0177,0.0,99.8978,203.7687,48.5458,-16.6437,0.0,0.0001,1.8497,-0.0013,6.4328,35.4246,8.9848,27.4533,36.3013
402.0,803.0,9.0881,37.9959,98.68,183.5438,0.0188,0.0,99.8998,203.7687,48.5458,-16.6437,0.0,0.0001,1.8481,-0.0004,6.4304,35.4263,8.9969,27.4527,36.3002
403.0,805.0,9.0847,37.9984,98.68,183.1637,0.0182,0.0,99.8978,203.7687,48.5458,-16.6437,0.0,0.0001,1.8472,-0.0008,6.4301,35.4313,8.9932,27.4572,36.3048
404.0,807.0,9.08,37.995,81.2776,183.5796,0.0216,0.0,99.8978,203.7687,48.5458,-16.6437,0.0,0.0001,1.8462,-0.0001,6.434,35.4317,8.9882,27.4583,36.306
405.0,809.0,9.082,37.9979,98.7567,183.4442,0.0179,0.0,99.8971,203.7688,48.5458,-16.6437,0.0,0.0001,1.8446,-0.0008,6.4467,35.4319,8.9901,27.4582,36.3059
406.0,811.0,9.0061,37.9131,92.5586,183.3546,0.021,0.0,99.8948,203.7688,48.5458,-16.6438,0.0,0.0001,1.8433,-0.0005,6.4428,35.4176,8.9144,27.4592,36.3104
407.0,813.0,8.965,37.8685,98.68,184.1587,0.0201,0.0,99.8879,203.7688,48.5458,-16.6438,0.0,0.0001,1.8437,0.0004,6.4474,35.4106,8.8732,27.4603,36.3134
408.0,815.0,8.9644,37.8688,98.68,183.5412,0.0183,0.0,99.8916,203.7689,48.5458,-16.6438,0.0,0.0001,1.8438,-0.0004,6.4412,35.4106,8.8724,27.4604,36.3136
409.0,817.0,8.9804,37.8904,98.68,183.8084,0.0189,0.0,99.8928,203.7689,48.5458,-16.6438,0.0,0.0001,1.844,0.0001,6.4412,35.4166,8.8881,27.4626,36.315
410.0,819.0,9.0086,37.9289,57.3526,183.7154,0.0229,0.0,99.8868,203.7689,48.5458,-16.6438,0.0,0.0001,1.8437,-0.0001,6.4428,35.428,8.9159,27.467,36.318
411.0,821.0,8.9972,37.9199,92.1163,183.7923,0.0205,0.0,99.8978,203.7689,48.5458,-16.6438,0.0,0.0001,1.8433,-0.0002,6.448,35.4288,8.9043,27.4696,36.3211
412.0,823.0,8.9773,37.8996,98.68,183.8008,0.0176,0.0001,99.869,203.7689,48.5458,-16.6438,0.0,0.0001,1.8419,-0.0007,6.4611,35.4263,8.8842,27.4709,36.3232
413.0,825.0,8.9014,37.817,98.68,184.2196,0.0191,0.0001,99.869,203.769,48.5458,-16.6438,0.0,0.0001,1.8417,-0.0001,6.4678,35.4142,8.8085,27.4735,36.3294
414.0,827.0,8.8554,37.7659,98.68,184.0074,0.0204,0.0001,99.869,203.769,48.5458,-16.6438,0.0,0.0001,1.8413,-0.0003,6.4633,35.4055,8.7627,27.474,36.332
415.0,829.0,8.8224,37.7296,98.68,184.6477,0.0172,0.0001,99.8509,203.769,48.5458,-16.6438,0.0,0.0001,1.843,0.0008,6.4586,35.3995,8.7296,27.4745,36.3341
416.0,831.0,8.8769,37.8002,88.9402,184.5785,0.0193,0.0001,99.869,203.769,48.5458,-16.6438,0.0,0.0001,1.8438,0.0,6.4665,35.4182,8.7836,27.4806,36.3375
417.0,833.0,8.8378,37.7595,98.68,184.0558,0.0213,0.0001,99.8632,203.7691,48.5458,-16.6439,0.0,0.0001,1.8413,-0.0007,6.4664,35.4135,8.7444,27.4831,36.3418
418.0,835.0,8.826,37.7546,98.68,184.4047,0.0189,0.0001,99.8401,203.7691,48.5458,-16.6439,0.0,0.0001,1.8413,-0.0002,6.4693,35.4192,8.7324,27.4895,36.3486
419.0,837.0,8.8357,37.7694,98.68,184.3344,0.0172,0.0001,99.8652,203.7691,48.5458,-16.6439,0.0,0.0001,1.84,-0.0004,6.473,35.4242,8.7418,27.4919,36.3506
420.0,839.0,8.8025,37.7342,81.9607,184.294,0.0179,0.0001,99.8599,203.7691,48.5458,-16.6439,0.0,0.0001,1.8392,-0.0006,6.4803,35.4192,8.7087,27.4933,36.3535
421.0,841.0,8.7512,37.6807,91.6742,184.6998,0.0197,0.0001,99.8531,203.7692,48.5458,-16.6439,0.0,0.0001,1.8394,0.0001,6.4842,35.413,8.6575,27.4965,36.3591
422.0,843.0,8.7206,37.651,98.68,185.2612,0.019,0.0001,99.8461,203.7692,48.5457,-16.6439,0.0,0.0001,1.84,0.0007,6.4874,35.4114,8.6268,27.5002,36.3641
423.0,845.0,8.7024,37.6335,98.68,184.9947,0.0197,0.0001,99.8461,203.7692,48.5457,-16.6439,0.0,0.0001,1.8392,-0.0004,6.4964,35.41,8.6085,27.502,36.3667
424.0,847.0,8.6814,37.6107,98.68,184.6117,0.019,0.0001,99.8401,203.7692,48.5457,-16.6439,0.0,0.0001,1.8386,-0.0009,6.4952,35.4061,8.5874,27.5022,36.368
425.0,849.0,8.6321,37.5619,98.68,185.3061,0.0185,0.0001,99.8401,203.7692,48.5457,-16.6439,0.0,0.0001,1.8396,0.0002,6.4965,35.4032,8.5382,27.5077,36.3756
426.0,851.0,8.6311,37.5654,98.68,185.395,0.0192,0.0001,99.8296,203.7693,48.5457,-16.6439,0.0,0.0001,1.8398,0.0001,6.4991,35.4067,8.537,27.5106,36.3786
427.0,853.0,8.6127,37.5482,98.68,185.1639,0.0216,0.0001,99.8234,203.7693,48.5457,-16.6439,0.0,0.0001,1.8394,-0.0004,6.5004,35.4059,8.5184,27.5129,36.3817
428.0,855.0,8.6057,37.545,98.68,185.3979,0.0242,0.0001,99.8257,203.7693,48.5457,-16.644,0.0,0.0001,1.8392,0.0,6.5011,35.4086,8.5113,27.5162,36.3852
429.0,857.0,8.5981,37.5431,98.68,185.3761,0.0221,0.0001,99.8401,203.7693,48.5457,-16.644,0.0,0.0001,1.839,-0.0001,6.501,35.4133,8.5034,27.5211,36.3904
430.0,859.0,8.5925,37.5395,83.9311,185.5872,0.0192,0.0001,99.8401,203.7694,48.5457,-16.644,0.0,0.0001,1.8388,0.0001,6.5035,35.414,8.4977,27.5225,36.3921
431.0,861.0,8.5855,37.5334,95.1118,185.5428,0.0161,0.0001,99.8431,203.7694,48.5457,-16.644,0.0,0.0001,1.8381,-0.0003,6.5084,35.4137,8.4905,27.5234,36.3933
432.0,863.0,8.5643,37.5138,98.68,185.8159,0.0149,0.0001,99.8296,203.7694,48.5457,-16.644,0.0,0.0001,1.8381,0.0,6.511,35.4132,8.4692,27.5264,36.3972
433.0,865.0,8.538,37.4867,98.601,185.8408,0.018,0.0001,99.8387,203.7694,48.5457,-16.644,0.0,0.0001,1.8376,0.0,6.5107,35.4099,8.4427,27.5279,36.4
434.0,867.0,8.5278,37.4766,98.68,185.8928,0.0209,0.0001,99.8299,203.7694,48.5457,-16.644,0.0,0.0001,1.8376,0.0001,6.5112,35.4085,8.4324,27.5284,36.401
435.0,869.0,8.5151,37.4638,98.68,186.0757,0.0211,0.0001,99.8401,203.7695,48.5457,-16.644,0.0,0.0001,1.8384,-0.0001,6.5171,35.4067,8.4196,27.529,36.4022
436.0,871.0,8.494,37.4446,98.68,186.2931,0.021,0.0001,99.8512,203.7695,48.5457,-16.644,0.0,0.0001,1.8388,0.0003,6.5164,35.4065,8.3983,27.5322,36.4063
437.0,873.0,8.4861,37.4388,83.2633,186.5116,0.019,0.0001,99.8473,203.7695,48.5457,-16.644,0.0,0.0001,1.8398,0.0004,6.5159,35.4071,8.3903,27.5339,36.4083
438.0,875.0,8.4928,37.4472,96.8505,186.4859,0.0182,0.0001,99.837,203.7695,48.5457,-16.6441,0.0,0.0001,1.84,0.0001,6.5159,35.4088,8.3967,27.5342,36.4083
439.0,877.0,8.4978,37.4541,94.6642,186.1998,0.0211,0.0001,99.8401,203.7696,48.5457,-16.6441,0.0,0.0001,1.8395,-0.0003,6.5148,35.4102,8.4016,27.5346,36.4085
440.0,879.0,8.4957,37.4534,98.68,186.4881,0.0191,0.0001,99.8434,203.7696,48.5457,-16.6441,0.0,0.0001,1.84,0.0001,6.5144,35.4106,8.3992,27.5352,36.4092
441.0,881.0,8.5101,37.4707,98.5049,186.297,0.0193,0.0001,99.8401,203.7696,48.5457,-16.6441,0.0,0.0001,1.84,-0.0002,6.5145,35.4136,8.4132,27.5354,36.4087
442.0,883.0,8.5133,37.4781,98.68,186.2867,0.0187,0.0001,99.8473,203.7696,48.5457,-16.6441,0.0,0.0001,1.8376,-0.0003,6.5189,35.4171,8.4162,27.5377,36.4109
443.0,885.0,8.5013,37.4637,98.68,186.3621,0.0185,0.0001,99.8401,203.7697,48.5457,-16.6441,0.0,0.0001,1.8382,-0.0001,6.5165,35.4129,8.404,27.5363,36.41
444.0,887.0,8.4359,37.3967,85.0603,186.806,0.019,0.0001,99.8353,203.7697,48.5457,-16.6441,0.0,0.0001,1.8388,-0.0002,6.5327,35.4064,8.3388,27.5413,36.4181
445.0,889.0,8.4267,37.3836,98.6792,186.3678,0.0206,0.0001,99.8485,203.7697,48.5456,-16.6441,0.0,0.0001,1.8366,-0.0011,6.5359,35.401,8.3295,27.5385,36.4157
446.0,891.0,8.3571,37.3105,98.68,187.4544,0.0215,0.0001,99.8511,203.7697,48.5456,-16.6441,0.0,0.0001,1.8385,0.0008,6.5361,35.3922,8.2601,27.5423,36.4228
447.0,893.0,8.3444,37.2968,95.7296,188.1291,0.0219,0.0001,99.8392,203.7698,48.5456,-16.6441,0.0,0.0001,1.8408,0.0013,6.5413,35.3893,8.2472,27.542,36.4231
448.0,895.0,8.3574,37.3126,98.68,187.0592,0.0213,0.0001,99.8401,203.7698,48.5456,-16.6441,0.0,0.0001,1.84,-0.0011,6.5483,35.3922,8.2599,27.5423,36.4228
449.0,897.0,8.2917,37.2414,98.68,188.0432,0.0216,0.0001,99.8473,203.7698,48.5456,-16.6442,0.0,0.0001,1.8406,0.0005,6.5485,35.3812,8.1945,27.5438,36.4274
450.0,899.0,8.2444,37.1911,89.6189,189.0848,0.0199,0.0001,99.8438,203.7698,48.5456,-16.6442,0.0,0.0001,1.8421,0.001,6.5739,35.3742,8.1472,27.5455,36.4313
451.0,901.0,8.2321,37.1744,98.68,188.564,0.0185,0.0001,99.853,203.7698,48.5456,-16.6442,0.0,0.0001,1.8391,-0.0017,6.6153,35.368,8.1348,27.5425,36.4289
452.0,903.0,7.9424,36.8569,98.68,190.7897,0.0212,0.0001,99.8475,203.7699,48.5456,-16.6442,0.0,0.0001,1.8419,0.0017,6.6203,35.3181,7.8469,27.5468,36.4469
453.0,905.0,7.8284,36.7387,98.68,192.8503,0.0223,0.0001,99.869,203.7699,48.5456,-16.6442,0.0,0.0001,1.8498,0.004,6.6217,35.305,7.7333,27.5534,36.4589
454.0,907.0,7.821,36.7324,98.68,192.4645,0.0229,0.0001,99.8631,203.7699,48.5456,-16.6442,0.0,0.0001,1.8514,0.0021,6.6236,35.3048,7.7258,27.5544,36.4602
455.0,909.0,7.8109,36.7214,60.5421,191.9722,0.0218,0.0001,99.869,203.7699,48.5456,-16.6442,0.0,0.0001,1.8538,0.0008,6.6137,35.3022,7.7156,27.5539,36.4602
456.0,911.0,7.7974,36.7104,97.1302,192.6349,0.0219,0.0001,99.869,203.77,48.5456,-16.6442,0.0,0.0001,1.8559,0.0008,6.6281,35.3031,7.702,27.5566,36.4635
457.0,913.0,7.7822,36.6946,98.68,192.3172,0.0209,0.0001,99.8776,203.77,48.5456,-16.6442,0.0,0.0001,1.8559,-0.0002,6.6338,35.3005,7.6866,27.5568,36.4645
458.0,915.0,7.7708,36.6872,98.68,192.5414,0.0173,0.0001,99.8978,203.77,48.5456,-16.6442,0.0,0.0001,1.8554,0.0002,6.6341,35.3031,7.6751,27.5605,36.4687
459.0,917.0,7.7423,36.6568,98.68,192.8086,0.0184,0.0,99.8913,203.77,48.5456,-16.6442,0.0,0.0001,1.8559,0.0004,6.6328,35.298,7.6466,27.5607,36.4702
460.0,919.0,7.7508,36.6684,79.0204,192.7692,0.0207,0.0,99.8877,203.7701,48.5456,-16.6442,0.0,0.0001,1.8562,0.0004,6.6219,35.301,7.6548,27.5619,36.471
461.0,921.0,7.7908,36.7249,98.68,192.4328,0.0218,0.0,99.8909,203.7701,48.5456,-16.6443,0.0,0.0001,1.8565,-0.0001,6.6151,35.3205,7.6943,27.5714,36.4784
462.0,923.0,7.856,36.8043,93.1731,191.9416,0.0206,0.0001,99.8978,203.7701,48.5456,-16.6443,0.0,0.0001,1.856,-0.0008,6.617,35.3392,7.7587,27.5765,36.4803
463.0,925.0,7.8529,36.8026,98.68,191.8605,0.0193,0.0,99.9069,203.7701,48.5456,-16.6443,0.0,0.0001,1.8547,-0.0008,6.6185,35.3397,7.7554,27.5775,36.4814
464.0,927.0,7.84,36.7919,98.68,192.0368,0.0206,0.0,99.894,203.7701,48.5456,-16.6443,0.0,0.0001,1.8547,-0.0004,6.6181,35.3403,7.7424,27.5798,36.4844
465.0,929.0,7.8326,36.7893,98.68,192.7494,0.0187,0.0,99.9032,203.7702,48.5456,-16.6443,0.0,0.0001,1.8559,0.0005,6.6194,35.3439,7.7348,27.5838,36.4886
466.0,931.0,7.83,36.7879,98.68,192.1584,0.0196,0.0,99.9012,203.7702,48.5456,-16.6443,0.0,0.0001,1.8544,-0.0008,6.6265,35.3442,7.732,27.5844,36.4894
467.0,933.0,7.7965,36.7545,98.68,192.2568,0.0208,0.0,99.9012,203.7702,48.5456,-16.6443,0.0,0.0001,1.8535,-0.0005,6.6265,35.341,7.6986,27.5869,36.4934
468.0,935.0,7.7737,36.7333,98.68,192.6494,0.0194,0.0,99.8978,203.7702,48.5456,-16.6443,0.0,0.0001,1.8539,0.0002,6.6254,35.3401,7.6757,27.5896,36.4971
469.0,937.0,7.7825,36.7447,98.68,192.9317,0.0209,0.0,99.9171,203.7703,48.5456,-16.6443,0.0,0.0001,1.8548,0.0006,6.6229,35.3427,7.6842,27.5904,36.4975
470.0,939.0,7.7881,36.7523,92.6497,192.9889,0.0191,0.0,99.9085,203.7703,48.5456,-16.6443,0.0,0.0001,1.8559,0.0004,6.6215,35.3444,7.6895,27.5909,36.4977
471.0,941.0,7.8087,36.7776,94.7489,192.9648,0.0191,0.0,99.9103,203.7703,48.5456,-16.6444,0.0,0.0001,1.8555,0.0001,6.6255,35.3498,7.7098,27.5922,36.498
472.0,943.0,7.8084,36.7796,96.0461,192.4654,0.0189,0.0,99.9086,203.7703,48.5455,-16.6444,0.0,0.0001,1.8539,-0.0009,6.6326,35.3512,7.7092,27.5933,36.4992
473.0,945.0,7.7328,36.6993,98.68,193.1521,0.0174,0.0,99.9145,203.7704,48.5455,-16.6444,0.0,0.0001,1.8547,0.0002,6.6332,35.3401,7.634,27.5957,36.5052
474.0,947.0,7.7371,36.7084,98.68,193.7528,0.0187,0.0,99.9124,203.7704,48.5455,-16.6444,0.0,0.0001,1.8556,0.0008,6.6366,35.3448,7.638,27.5989,36.5081
475.0,949.0,7.7242,36.6959,98.6057,193.6312,0.019,0.0,99.9267,203.7704,48.5455,-16.6444,0.0,0.0001,1.8559,0.0001,6.6414,35.3434,7.625,27.5996,36.5094
476.0,951.0,7.6983,36.6667,98.6796,193.7096,0.0198,0.0,99.9219,203.7704,48.5455,-16.6444,0.0,0.0001,1.8559,0.0001,6.6437,35.3371,7.5991,27.5984,36.5095
477.0,953.0,7.6668,36.636,98.68,193.7444,0.0191,0.0,99.9207,203.7704,48.5455,-16.6444,0.0,0.0001,1.8559,0.0,6.6448,35.3348,7.5676,27.6013,36.5138
478.0,955.0,7.6643,36.6342,98.68,193.8355,0.0215,0.0,99.9343,203.7705,48.5455,-16.6444,0.0,0.0001,1.8559,0.0001,6.6444,35.3347,7.5648,27.6016,36.5143
479.0,957.0,7.6554,36.6275,98.68,193.7688,0.0219,0.0,99.9365,203.7705,48.5455,-16.6444,0.0,0.0001,1.8559,-0.0001,6.642,35.3354,7.5558,27.6035,36.5166
480.0,959.0,7.668,36.6447,93.7313,193.8265,0.0192,0.0,99.9232,203.7705,48.5455,-16.6444,0.0,0.0001,1.8559,0.0,6.6407,35.3401,7.5681,27.6054,36.5179
481.0,961.0,7.682,36.6631,85.2303,193.8229,0.0192,0.0,99.9176,203.7705,48.5455,-16.6444,0.0,0.0001,1.8559,0.0,6.6397,35.3448,7.5817,27.6071,36.5188
482.0,963.0,7.6877,36.6713,98.681,193.804,0.0196,0.0,99.9339,203.7706,48.5455,-16.6445,0.0,0.0001,1.856,-0.0001,6.6372,35.3469,7.5872,27.608,36.5194
483.0,965.0,7.7061,36.6942,98.68,193.4912,0.0172,0.0,99.9171,203.7706,48.5455,-16.6445,0.0,0.0001,1.8545,-0.0006,6.6397,35.3523,7.6053,27.6095,36.5201
484.0,967.0,7.7011,36.6904,98.68,193.2461,0.0197,0.0,99.9418,203.7706,48.5455,-16.6445,0.0,0.0001,1.8537,-0.0009,6.6416,35.3524,7.6,27.6104,36.5212
485.0,969.0,7.6867,36.676,98.68,193.7409,0.0231,0.0,99.9389,203.7706,48.5455,-16.6445,0.0,0.0001,1.8535,0.0,6.6438,35.3503,7.5855,27.6109,36.5224
486.0,971.0,7.6673,36.656,80.6388,193.9011,0.0212,0.0,99.9235,203.7706,48.5455,-16.6445,0.0,0.0001,1.8536,0.0001,6.6436,35.3475,7.566,27.6115,36.524
487.0,973.0,7.6621,36.6534,97.7611,194.1872,0.0212,0.0,99.9346,203.7707,48.5455,-16.6445,0.0,0.0001,1.8547,0.0004,6.6407,35.3489,7.5607,27.6134,36.5261
488.0,975.0,7.6721,36.6682,96.062,193.6598,0.0216,0.0,99.9417,203.7707,48.5455,-16.6445,0.0,0.0001,1.8538,-0.0004,6.6406,35.3539,7.5704,27.6159,36.528
489.0,977.0,7.6866,36.6877,98.68,193.4968,0.0198,0.0,99.9267,203.7707,48.5455,-16.6445,0.0,0.0001,1.8528,-0.0007,6.6421,35.3593,7.5845,27.6181,36.5295
490.0,979.0,7.6761,36.6788,98.68,193.7204,0.0213,0.0,99.9267,203.7707,48.5455,-16.6445,0.0,0.0001,1.8527,-0.0002,6.6415,35.3595,7.5739,27.6198,36.5317
491.0,981.0,7.6649,36.6692,91.457,194.0037,0.0188,0.0,99.9181,203.7708,48.5455,-16.6445,0.0,0.0001,1.8526,0.0001,6.6434,35.3594,7.5625,27.6214,36.5338
492.0,983.0,7.6623,36.6662,98.68,194.0444,0.0205,0.0,99.9134,203.7708,48.5455,-16.6445,0.0,0.0001,1.8532,0.0,6.6442,35.3578,7.5598,27.6206,36.5331
493.0,985.0,7.6613,36.6656,95.3311,194.229,0.0207,0.0,99.9135,203.7709,48.5455,-16.6446,0.0,0.0001,1.8532,0.0001,6.647,35.3572,7.5585,27.6202,36.5329
494.0,987.0,7.6204,36.626,94.7012,194.4221,0.0194,0.0,99.8964,203.7711,48.5454,-16.6447,0.0,0.0001,1.8546,-0.0001,6.6504,35.3547,7.5177,27.6243,36.5388
495.0,989.0,7.612,36.6192,93.3688,194.65,0.0185,0.0001,99.8538,203.7715,48.5454,-16.6448,0.0,0.0001,1.8553,0.0,6.6512,35.3552,7.5091,27.6259,36.5408
496.0,991.0,7.6068,36.6155,92.3818,194.625,0.0187,0.0001,99.7432,203.7724,48.5452,-16.6451,0.0,0.0001,1.8547,0.0,6.652,35.3554,7.5037,27.6268,36.542
497.0,993.0,7.6065,36.6159,96.6306,194.5786,0.0199,0.0001,99.6936,203.7729,48.5452,-16.6452,0.0,0.0001,1.8543,0.0,6.6519,35.3555,7.5033,27.627,36.5422
