Datacycle,press,temp,cond,alt,oxygen,fluor,atten,trans,jday,lat,lon,PAR,UPAR,oxV,oxdVdt,oxysat,salin,potemp,sigma0,sigma2
1.0,1.0,15.8927,44.5672,2.4025,241.4233,0.456,0.003,92.8033,205.2758,48.7327,-16.3614,0.0,0.0001,2.7118,-0.0003,5.5641,35.6883,15.8925,26.302,34.877
2.0,3.0,15.8923,44.5676,23.717,241.8662,0.4533,0.0029,93.0189,205.2759,48.7327,-16.3614,0.0,0.0001,2.7149,0.0005,5.5641,35.6884,15.8918,26.3022,34.8773
3.0,5.0,15.8925,44.5687,98.71,242.0637,0.472,0.0029,93.1014,205.2759,48.7327,-16.3614,0.0,0.0001,2.7168,0.0002,5.5642,35.6886,15.8918,26.3023,34.8774
4.0,7.0,15.8925,44.5698,86.7186,242.3639,0.4887,0.0029,93.0875,205.276,48.7327,-16.3614,0.0,0.0001,2.7184,0.0003,5.5643,35.6886,15.8914,26.3024,34.8775
5.0,9.0,15.8925,44.5707,69.8756,242.6098,0.4984,0.0029,93.0978,205.2761,48.7327,-16.3614,0.0,0.0001,2.7201,0.0003,5.5641,35.6887,15.8911,26.3026,34.8776
6.0,11.0,15.8932,44.5722,96.9816,242.4988,0.5129,0.0028,93.1333,205.2761,48.7327,-16.3614,0.0,0.0001,2.7196,-0.0003,5.5639,35.6885,15.8914,26.3024,34.8775
7.0,13.0,15.8948,44.5748,98.71,242.7179,0.5224,0.0029,93.0948,205.2762,48.7327,-16.3614,0.0,0.0001,2.7202,0.0005,5.5638,35.6885,15.8927,26.302,34.8771
8.0,15.0,15.8955,44.5763,98.71,242.7008,0.5371,0.0028,93.133,205.2762,48.7327,-16.3614,0.0,0.0001,2.7202,0.0,5.5637,35.6886,15.8932,26.302,34.877
9.0,17.0,15.8956,44.5775,89.3117,242.9732,0.5442,0.0029,93.1002,205.2763,48.7327,-16.3614,0.0,0.0001,2.7212,0.0004,5.5638,35.6887,15.8929,26.3021,34.8772
10.0,19.0,15.8966,44.5793,86.499,242.8443,0.5488,0.0028,93.1287,205.2763,48.7327,-16.3614,0.0,0.0001,2.7208,-0.0003,5.5638,35.6885,15.8936,26.3019,34.8769
11.0,21.0,15.8965,44.5794,98.71,242.6036,0.5468,0.0029,93.1309,205.2764,48.7327,-16.3614,0.0,0.0001,2.7176,-0.0005,5.5638,35.6881,15.8933,26.3016,34.8767
12.0,23.0,15.8944,44.5791,98.6414,243.0751,0.5507,0.0028,93.1491,205.2764,48.7328,-16.3614,0.0,0.0001,2.7202,0.0004,5.564,35.6886,15.8908,26.3026,34.8777
13.0,25.0,15.895,44.5802,98.71,242.5922,0.5427,0.0028,93.1448,205.2765,48.7328,-16.3614,0.0,0.0001,2.7177,-0.0011,5.5653,35.6884,15.8911,26.3024,34.8775
14.0,27.0,15.8801,44.567,68.2111,242.7686,0.5612,0.0029,93.0499,205.2765,48.7328,-16.3614,0.0,0.0001,2.7175,-0.0002,5.5651,35.6893,15.8759,26.3065,34.8821
15.0,29.0,15.8643,44.553,96.7033,243.0216,0.595,0.0029,93.0368,205.2765,48.7328,-16.3614,0.0,0.0001,2.719,-0.0004,5.5687,35.6901,15.8597,26.3108,34.887
16.0,31.0,15.8224,44.5128,98.53,242.8346,0.6475,0.0029,92.9623,205.2766,48.7328,-16.3614,0.0,0.0001,2.7143,-0.0009,5.5784,35.6912,15.8175,26.3213,34.8989
17.0,33.0,15.7643,44.4583,98.465,242.9462,0.7691,0.0028,93.1343,205.2766,48.7328,-16.3614,0.0,0.0001,2.7137,0.0,5.5759,35.6937,15.7591,26.3366,34.9162
18.0,35.0,15.7559,44.4505,98.71,242.9521,0.8274,0.0028,93.2922,205.2766,48.7328,-16.3614,0.0,0.0001,2.7119,-0.0003,5.5789,35.6935,15.7504,26.3384,34.9184
19.0,37.0,15.7614,44.4564,58.7715,240.815,0.8019,0.0026,93.7154,205.2767,48.7328,-16.3614,0.0,0.0001,2.7021,-0.0055,5.5806,35.6932,15.7556,26.337,34.9168
20.0,39.0,15.7245,44.425,91.5273,240.4702,0.7614,0.0021,94.8959,205.2767,48.7328,-16.3614,0.0,0.0001,2.6966,-0.0035,5.5792,35.6973,15.7184,26.3487,34.9296
21.0,41.0,15.7048,44.4126,96.0368,240.7001,0.7431,0.0022,94.7196,205.2767,48.7328,-16.3614,0.0,0.0001,2.691,-0.002,5.5862,35.7033,15.6984,26.3578,34.9394
22.0,43.0,15.6645,44.3812,98.71,238.2326,0.6526,0.0018,95.7276,205.2768,48.7328,-16.3614,0.0,0.0001,2.6767,-0.0065,5.5872,35.7106,15.6577,26.3727,34.9556
23.0,45.0,15.6455,44.3705,75.2452,239.4377,0.6085,0.0017,95.6951,205.2768,48.7328,-16.3614,0.0,0.0001,2.6748,-0.001,5.5917,35.7173,15.6385,26.3822,34.9657
24.0,47.0,15.6297,44.3606,88.0735,237.2829,0.5688,0.0016,96.0475,205.2768,48.7328,-16.3614,0.0,0.0001,2.6604,-0.0051,5.6007,35.722,15.6224,26.3895,34.9735
25.0,49.0,15.5487,44.3014,98.71,237.4641,0.4981,0.0014,96.5086,205.2769,48.7328,-16.3614,0.0,0.0001,2.6523,-0.0029,5.6157,35.7413,15.541,26.4227,35.0094
26.0,51.0,15.4036,44.1584,98.71,235.5613,0.4232,0.0012,96.978,205.2769,48.7328,-16.3614,0.0,0.0001,2.6354,-0.0071,5.6429,35.743,15.3958,26.4568,35.0485
27.0,53.0,15.1286,43.8642,98.71,234.5915,0.3223,0.0009,97.6906,205.2769,48.7328,-16.3614,0.0,0.0001,2.6144,-0.0064,5.6751,35.7256,15.1205,26.5049,35.1066
28.0,55.0,14.8704,43.587,88.6436,234.4527,0.2593,0.0008,98.0521,205.2769,48.7328,-16.3614,0.0,0.0001,2.5987,-0.005,5.7147,35.7075,14.8621,26.5479,35.1591
29.0,57.0,14.5346,43.2718,98.695,233.8099,0.2245,0.0007,98.3523,205.277,48.7328,-16.3614,0.0,0.0001,2.5854,-0.0059,5.7462,35.7253,14.5261,26.6351,35.2582
30.0,59.0,14.2143,42.9737,98.71,232.7251,0.1732,0.0006,98.6197,205.277,48.7328,-16.3614,0.0,0.0001,2.5684,-0.0054,5.7664,35.7442,14.2057,26.7187,35.3532
31.0,61.0,14.0569,42.8352,76.495,231.9935,0.1371,0.0005,98.7805,205.2771,48.7329,-16.3614,0.0,0.0001,2.5537,-0.0039,5.7829,35.7601,14.048,26.7646,35.4048
32.0,63.0,13.9617,42.7567,87.2827,230.1448,0.1272,0.0004,98.9161,205.2771,48.7329,-16.3614,0.0,0.0001,2.5411,-0.0056,5.7797,35.7744,13.9525,26.7959,35.4394
33.0,65.0,13.8467,42.6644,95.3874,232.8937,0.1037,0.0004,99.0862,205.2771,48.7329,-16.3614,0.0,0.0001,2.5468,0.0024,5.785,35.7944,13.8374,26.8356,35.4831
34.0,67.0,13.8452,42.6667,98.71,231.0089,0.1043,0.0004,99.1158,205.2771,48.7329,-16.3614,0.0,0.0001,2.5381,-0.0039,5.8029,35.7973,13.8356,26.8383,35.4858
35.0,69.0,13.7821,42.6038,87.1875,230.7983,0.0983,0.0003,99.2032,205.2772,48.7329,-16.3614,0.0,0.0001,2.5314,-0.0023,5.8047,35.7962,13.7723,26.8508,35.5006
36.0,71.0,13.7064,42.5253,98.69,231.7401,0.0945,0.0003,99.2522,205.2772,48.7329,-16.3614,0.0,0.0001,2.5328,-0.0003,5.8127,35.7923,13.6962,26.8636,35.5164
37.0,73.0,13.6396,42.4507,98.71,231.4051,0.0909,0.0003,99.3111,205.2773,48.7329,-16.3614,0.0,0.0001,2.5273,-0.0012,5.8289,35.7835,13.6292,26.8708,35.5262
38.0,75.0,13.5564,42.3573,98.71,231.9276,0.0853,0.0003,99.3404,205.2773,48.7329,-16.3614,0.0,0.0001,2.5275,0.0001,5.8322,35.7724,13.5457,26.8797,35.5383
39.0,77.0,13.5289,42.328,75.5837,231.9877,0.087,0.0003,99.3429,205.2773,48.7329,-16.3614,0.0,0.0001,2.5261,-0.0005,5.8407,35.7698,13.518,26.8834,35.5431
40.0,79.0,13.4571,42.2482,98.695,232.1102,0.08,0.0002,99.4051,205.2773,48.7329,-16.3614,0.0,0.0001,2.524,-0.0004,5.849,35.7607,13.446,26.8912,35.5538
41.0,81.0,13.3948,42.184,74.1953,232.4034,0.077,0.0002,99.4453,205.2774,48.7329,-16.3613,0.0,0.0001,2.5247,0.0001,5.8481,35.7573,13.3834,26.9015,35.5665
42.0,83.0,13.4163,42.2164,93.2378,231.589,0.0701,0.0002,99.5444,205.2774,48.7329,-16.3613,0.0,0.0001,2.5214,-0.0014,5.8461,35.7671,13.4046,26.9047,35.5688
43.0,85.0,13.4168,42.2259,98.71,231.2957,0.0587,0.0001,99.6969,205.2774,48.7329,-16.3613,0.0,0.0001,2.5177,-0.0011,5.8457,35.7748,13.4048,26.9106,35.5746
44.0,87.0,13.4201,42.2339,98.6912,231.3516,0.0559,0.0001,99.7246,205.2775,48.7329,-16.3613,0.0,0.0001,2.5163,-0.0004,5.8455,35.7784,13.4078,26.9129,35.5766
45.0,89.0,13.407,42.2196,98.6798,231.2653,0.0527,0.0001,99.7625,205.2775,48.7329,-16.3613,0.0,0.0001,2.5144,-0.0008,5.8502,35.7764,13.3945,26.914,35.5783
46.0,91.0,13.3792,42.1875,98.6955,231.0643,0.0543,0.0001,99.7535,205.2775,48.7329,-16.3613,0.0,0.0001,2.5121,-0.0009,5.8506,35.7711,13.3664,26.9157,35.5811
47.0,93.0,13.3263,42.1258,98.71,231.3379,0.0559,0.0001,99.7669,205.2776,48.7329,-16.3613,0.0,0.0001,2.511,-0.0006,5.8599,35.7612,13.3132,26.919,35.5866
48.0,95.0,13.3188,42.1154,66.9808,231.2539,0.0502,0.0001,99.7484,205.2776,48.7329,-16.3613,0.0,0.0001,2.5084,-0.0007,5.8648,35.7578,13.3055,26.9179,35.5858
49.0,97.0,13.236,42.024,94.1073,232.6869,0.0551,0.0001,99.7679,205.2776,48.7329,-16.3613,0.0,0.0001,2.5136,0.0027,5.864,35.7478,13.2224,26.9272,35.5984
50.0,99.0,13.2472,42.0371,98.6897,232.0854,0.0521,0.0001,99.7618,205.2777,48.7329,-16.3613,0.0,0.0001,2.5127,-0.0004,5.8705,35.7489,13.2334,26.9258,35.5966
51.0,101.0,13.2142,42.0033,98.5237,232.3241,0.047,0.0001,99.8239,205.2777,48.7329,-16.3613,0.0,0.0001,2.5119,0.0,5.8742,35.7469,13.2001,26.9311,35.6031
52.0,103.0,13.1956,41.9851,98.71,232.6101,0.0448,0.0001,99.8461,205.2777,48.733,-16.3613,0.0,0.0001,2.5137,0.0006,5.8708,35.7461,13.1812,26.9343,35.6071
53.0,105.0,13.1925,41.9822,78.9737,232.554,0.0454,0.0,99.9041,205.2778,48.7329,-16.3613,0.0,0.0001,2.513,-0.0004,5.8777,35.7455,13.1778,26.9345,35.6074
54.0,107.0,13.1649,41.9553,94.8025,232.8753,0.0433,0.0,99.9343,205.2778,48.733,-16.3613,0.0,0.0001,2.5135,0.0005,5.8775,35.745,13.15,26.9398,35.6138
55.0,109.0,13.1619,41.9533,83.9093,232.3701,0.0418,0.0,99.9555,205.2779,48.733,-16.3613,0.0,0.0001,2.5113,-0.0007,5.879,35.7452,13.1467,26.9407,35.6148
56.0,111.0,13.1517,41.944,98.0896,232.9495,0.0396,0.0,99.9832,205.278,48.733,-16.3613,0.0,0.0001,2.513,0.0002,5.8811,35.7448,13.1362,26.9425,35.617
57.0,113.0,13.1363,41.9282,73.6841,232.8334,0.0382,0.0,100.0005,205.2781,48.733,-16.3612,0.0,0.0001,2.5122,-0.0002,5.8823,35.7437,13.1206,26.9448,35.6199
58.0,115.0,13.1142,41.906,94.8624,232.7701,0.0392,0.0,100.0152,205.2782,48.733,-16.3612,0.0,0.0001,2.51,-0.0001,5.8849,35.7423,13.0982,26.9483,35.6242
59.0,117.0,13.1085,41.9003,98.7025,232.8681,0.033,0.0,100.0119,205.2782,48.733,-16.3612,0.0,0.0001,2.5094,0.0001,5.8858,35.7415,13.0922,26.9489,35.6251
60.0,119.0,13.0903,41.8813,98.71,232.8895,0.0356,0.0,100.0295,205.2783,48.733,-16.3612,0.0,0.0001,2.5092,-0.0001,5.8877,35.7396,13.0738,26.9512,35.6281
61.0,121.0,13.0828,41.8743,98.7062,232.8749,0.0359,0.0,100.0205,205.2783,48.733,-16.3612,0.0,0.0001,2.508,-0.0001,5.8897,35.7391,13.066,26.9523,35.6296
62.0,123.0,13.0675,41.8577,74.5576,232.7756,0.0337,0.0,100.0335,205.2784,48.733,-16.3612,0.0,0.0001,2.5071,-0.0004,5.8902,35.7368,13.0505,26.9538,35.6316
63.0,125.0,13.0557,41.8455,94.7189,232.8599,0.0393,0.0,100.0422,205.2784,48.733,-16.3612,0.0,0.0001,2.5062,-0.0003,5.8928,35.7355,13.0384,26.9552,35.6335
64.0,127.0,13.0336,41.8216,76.439,233.3571,0.0343,0.0,100.0483,205.2785,48.733,-16.3612,0.0,0.0001,2.508,0.0004,5.8949,35.7326,13.0161,26.9574,35.6367
65.0,129.0,13.021,41.8085,98.7714,233.6801,0.032,0.0,100.0568,205.2785,48.733,-16.3611,0.0,0.0001,2.5094,0.0005,5.8972,35.7311,13.0032,26.9589,35.6387
66.0,131.0,13.0096,41.7978,98.705,233.4375,0.0298,0.0,100.0614,205.2785,48.733,-16.3611,0.0,0.0001,2.5087,-0.0005,5.8989,35.7307,12.9915,26.9609,35.6411
67.0,133.0,12.9857,41.7728,83.7235,232.6031,0.029,0.0,100.0855,205.2786,48.7331,-16.3611,0.0,0.0001,2.5022,-0.0014,5.901,35.7284,12.9673,26.9641,35.6452
68.0,135.0,12.9715,41.7571,98.6408,233.0708,0.0293,0.0,100.1102,205.2786,48.7331,-16.3611,0.0,0.0001,2.5021,0.0001,5.9024,35.726,12.9529,26.9652,35.6469
69.0,137.0,12.9599,41.7462,98.7025,233.4272,0.0282,0.0,100.1014,205.2787,48.7331,-16.3611,0.0,0.0001,2.5036,0.0002,5.9052,35.7255,12.941,26.9672,35.6494
70.0,139.0,12.9458,41.7307,75.8122,233.1504,0.0299,0.0,100.0952,205.2787,48.7331,-16.3611,0.0,0.0001,2.5015,-0.0004,5.9077,35.7232,12.9266,26.9683,35.651
71.0,141.0,12.9229,41.7068,95.506,232.9347,0.0266,0.0,100.1081,205.2788,48.7331,-16.3611,0.0,0.0001,2.4993,-0.0007,5.9087,35.7211,12.9035,26.9713,35.655
72.0,143.0,12.9152,41.6996,98.7025,233.3757,0.0283,0.0,100.1185,205.2788,48.7331,-16.3611,0.0,0.0001,2.5004,0.0002,5.91,35.7206,12.8955,26.9725,35.6565
73.0,145.0,12.9092,41.6938,98.6987,232.129,0.0255,-0.0001,100.1311,205.2789,48.7331,-16.3611,0.0,0.0001,2.4944,-0.0025,5.912,35.72,12.8893,26.9733,35.6575
74.0,147.0,12.8921,41.6769,98.695,231.5061,0.0246,-0.0001,100.1381,205.2789,48.7331,-16.3611,0.0,0.0001,2.4887,-0.0021,5.9114,35.719,12.8719,26.976,35.6609
75.0,149.0,12.8887,41.6738,79.1616,232.3607,0.0268,-0.0001,100.1244,205.2789,48.7331,-16.3611,0.0,0.0001,2.4896,0.0,5.9142,35.7184,12.8683,26.9763,35.6614
76.0,151.0,12.8655,41.649,98.701,232.3214,0.0262,0.0,100.1218,205.279,48.7331,-16.361,0.0,0.0001,2.4883,-0.0003,5.9167,35.7155,12.8448,26.9788,35.6648
77.0,153.0,12.8573,41.6402,77.871,231.9491,0.0258,0.0,100.1107,205.279,48.7331,-16.361,0.0,0.0001,2.4859,-0.0007,5.9162,35.7142,12.8363,26.9794,35.6658
78.0,155.0,12.86,41.644,92.4627,231.9055,0.0237,0.0,100.1183,205.2791,48.7331,-16.361,0.0,0.0001,2.485,-0.0009,5.918,35.7144,12.8387,26.9791,35.6654
79.0,157.0,12.8417,41.6245,98.71,231.3912,0.0284,0.0,100.0855,205.2791,48.7331,-16.361,0.0,0.0001,2.4791,-0.0005,5.9185,35.7119,12.8201,26.9809,35.6679
80.0,159.0,12.8321,41.6145,87.0685,231.4777,0.0259,0.0,100.1123,205.2792,48.7331,-16.361,0.0,0.0001,2.4786,-0.0004,5.9207,35.7105,12.8103,26.9818,35.6692
81.0,161.0,12.8204,41.6004,98.6888,230.6129,0.0237,0.0,100.1108,205.2792,48.7331,-16.361,0.0,0.0001,2.4734,-0.0018,5.9219,35.7071,12.7983,26.9815,35.6695
82.0,163.0,12.8086,41.5894,98.7062,231.0775,0.0248,0.0,100.0896,205.2793,48.7331,-16.361,0.0,0.0001,2.473,-0.0002,5.9226,35.7068,12.7862,26.9838,35.6722
83.0,165.0,12.8177,41.6002,98.71,228.2184,0.0233,0.0,100.0752,205.2793,48.7331,-16.361,0.0,0.0001,2.4615,-0.0065,5.9238,35.708,12.7951,26.9829,35.6709
84.0,167.0,12.7794,41.5577,88.7458,229.1292,0.026,0.0,100.0705,205.2793,48.7332,-16.361,0.0,0.0001,2.4564,-0.001,5.9258,35.7023,12.7565,26.9862,35.6758
85.0,169.0,12.7871,41.5659,98.71,228.0784,0.0246,0.0,100.0892,205.2794,48.7332,-16.3609,0.0,0.0001,2.4517,-0.004,5.9331,35.7022,12.764,26.9846,35.6739
86.0,171.0,12.7311,41.5033,85.023,226.7537,0.0247,0.0,100.0811,205.2794,48.7332,-16.3609,0.0,0.0001,2.4405,-0.0038,5.9302,35.6941,12.7077,26.9896,35.6812
87.0,173.0,12.7325,41.5055,98.698,227.8441,0.0241,0.0,100.0682,205.2795,48.7332,-16.3609,0.0,0.0001,2.4399,-0.0003,5.9349,35.6942,12.7089,26.9894,35.681
88.0,175.0,12.7029,41.4731,98.695,228.2949,0.029,0.0,100.0593,205.2795,48.7332,-16.3609,0.0,0.0001,2.4397,0.0008,5.9367,35.6899,12.6791,26.9921,35.6848
89.0,177.0,12.6967,41.4661,87.1908,228.7306,0.0257,0.0,100.053,205.2795,48.7332,-16.3609,0.0,0.0001,2.4423,0.001,5.9393,35.6883,12.6726,26.9921,35.6851
90.0,179.0,12.6682,41.434,98.71,230.7042,0.0235,0.0,100.0352,205.2796,48.7332,-16.3609,0.0,0.0001,2.4523,0.003,5.9442,35.6834,12.6439,26.9941,35.6883
91.0,181.0,12.6456,41.4079,62.4465,230.851,0.0234,0.0,100.0422,205.2796,48.7332,-16.3609,0.0,0.0001,2.4575,0.0013,5.9441,35.6789,12.621,26.9951,35.6902
92.0,183.0,12.6421,41.4047,88.1907,230.5651,0.0217,0.0,100.0324,205.2797,48.7332,-16.3609,0.0,0.0001,2.4575,-0.0004,5.9466,35.6781,12.6172,26.9952,35.6905
93.0,185.0,12.6164,41.3753,98.7018,230.5444,0.023,0.0,100.0194,205.2797,48.7332,-16.3609,0.0,0.0001,2.4567,-0.0002,5.948,35.6732,12.5913,26.9966,35.693
94.0,187.0,12.6047,41.3634,98.6978,230.7344,0.0236,0.0,100.0164,205.2798,48.7332,-16.3609,0.0,0.0001,2.4563,-0.0001,5.9502,35.672,12.5793,26.998,35.6949
95.0,189.0,12.5942,41.3517,98.71,231.1411,0.0254,0.0,100.0133,205.2798,48.7332,-16.3609,0.0,0.0001,2.4567,0.001,5.95,35.6698,12.5686,26.9984,35.6957
96.0,191.0,12.585,41.3423,86.017,231.4515,0.0241,0.0,99.9914,205.2799,48.7332,-16.3609,0.0,0.0001,2.4591,0.0005,5.9539,35.6687,12.5591,26.9995,35.6971
97.0,193.0,12.5686,41.3238,92.9476,231.0658,0.0267,0.0,100.0026,205.2799,48.7332,-16.3609,0.0,0.0001,2.4575,-0.0006,5.9547,35.6654,12.5424,27.0002,35.6986
98.0,195.0,12.5588,41.3142,98.4972,231.2669,0.0265,0.0,99.9837,205.2799,48.7332,-16.3609,0.0,0.0001,2.457,-0.0001,5.9574,35.6646,12.5324,27.0015,35.7003
99.0,197.0,12.5294,41.2813,98.6967,230.4965,0.0203,0.0,99.9757,205.28,48.7332,-16.3609,0.0,0.0001,2.4531,-0.002,5.9626,35.6599,12.5028,27.0038,35.7037
100.0,199.0,12.4888,41.2325,84.1928,229.5486,0.0241,0.0,99.9761,205.28,48.7332,-16.3608,0.0,0.0001,2.4448,-0.0021,5.9631,35.6503,12.4619,27.0044,35.7061
101.0,201.0,12.4709,41.2145,82.377,229.7265,0.0284,0.0,99.9633,205.2801,48.7332,-16.3608,0.0,0.0001,2.4415,-0.0013,5.9703,35.6492,12.4439,27.0071,35.7095
102.0,203.0,12.4375,41.1757,98.7,228.9826,0.025,0.0,99.9716,205.2801,48.7333,-16.3608,0.0,0.0001,2.4346,-0.0012,5.9705,35.6423,12.4102,27.0084,35.7122
103.0,205.0,12.4419,41.1822,78.8849,228.1235,0.0307,0.0,99.969,205.2802,48.7333,-16.3608,0.0,0.0001,2.4304,-0.0022,5.9693,35.6436,12.4144,27.0085,35.7122
104.0,207.0,12.4549,41.2027,84.6475,225.5495,0.0295,0.0,99.9788,205.2802,48.7333,-16.3608,0.0,0.0001,2.4122,-0.0045,5.9703,35.6501,12.4271,27.0111,35.7141
105.0,209.0,12.4462,41.1941,98.6991,225.7035,0.0281,0.0,99.9628,205.2802,48.7333,-16.3608,0.0,0.0001,2.406,-0.0013,5.9701,35.6492,12.4181,27.0121,35.7156
106.0,211.0,12.4463,41.1947,85.0736,226.0882,0.0228,0.0,99.9654,205.2803,48.7333,-16.3608,0.0,0.0001,2.406,-0.0002,5.9695,35.6488,12.4179,27.0119,35.7153
107.0,213.0,12.4508,41.2042,98.6959,221.4638,0.0244,0.0,99.9845,205.2803,48.7333,-16.3608,0.0,0.0001,2.3875,-0.0089,5.9686,35.6529,12.4222,27.0142,35.7174
108.0,215.0,12.4544,41.2118,98.6965,221.8361,0.0211,0.0,99.9783,205.2804,48.7333,-16.3608,0.0,0.0001,2.3778,-0.0042,5.9751,35.6561,12.4254,27.0161,35.7191
109.0,217.0,12.3957,41.1388,98.6956,225.1206,0.0234,0.0,99.9556,205.2804,48.7333,-16.3608,0.0,0.0001,2.3817,0.004,5.986,35.6402,12.3665,27.0153,35.7208
110.0,219.0,12.3337,41.0668,98.6826,227.3218,0.0247,0.0,99.9484,205.2804,48.7333,-16.3608,0.0,0.0001,2.3941,0.0063,5.9876,35.6283,12.3044,27.0183,35.7264
111.0,221.0,12.3125,41.0412,78.2808,228.4882,0.0277,0.0,99.9246,205.2805,48.7333,-16.3608,0.0,0.0001,2.4069,0.0047,5.9907,35.6228,12.2829,27.0182,35.7272
112.0,223.0,12.2912,41.017,95.4342,229.1909,0.0549,0.0,99.9192,205.2805,48.7333,-16.3608,0.0,0.0001,2.4149,0.003,5.9938,35.6185,12.2614,27.0191,35.729
113.0,225.0,12.2718,40.9952,98.7,228.9354,0.0864,0.0,99.9267,205.2805,48.7333,-16.3608,0.0,0.0001,2.4176,0.0004,5.9964,35.6148,12.2417,27.02,35.7308
114.0,227.0,12.2553,40.9766,77.4689,228.0337,0.0386,0.0,99.9267,205.2805,48.7333,-16.3608,0.0,0.0001,2.4151,-0.0016,5.9944,35.6115,12.225,27.0207,35.7322
115.0,229.0,12.2635,40.9902,98.6985,227.1514,0.029,0.0,99.942,205.2806,48.7333,-16.3608,0.0,0.0001,2.4084,-0.0025,5.996,35.6163,12.2329,27.0228,35.7339
116.0,231.0,12.2579,40.9865,98.6996,227.1531,0.0255,0.0,99.9556,205.2806,48.7333,-16.3608,0.0,0.0001,2.4054,-0.0011,5.9949,35.617,12.2271,27.0245,35.7358
117.0,233.0,12.2313,40.9579,98.71,227.9948,0.0242,0.0,99.9526,205.2806,48.7333,-16.3608,0.0,0.0001,2.4054,0.0008,5.9988,35.6137,12.2002,27.0272,35.7396
118.0,235.0,12.2388,40.9664,98.7062,227.0015,0.0218,0.0,99.9479,205.2807,48.7333,-16.3608,0.0,0.0001,2.4028,-0.0017,6.0021,35.6141,12.2076,27.0261,35.7382
119.0,237.0,12.2107,40.9357,73.0581,227.6919,0.026,0.0,99.949,205.2807,48.7333,-16.3608,0.0,0.0001,2.4023,0.0004,6.004,35.61,12.1791,27.0285,35.7417
120.0,239.0,12.1947,40.9182,98.6975,228.1976,0.0244,0.0,99.9444,205.2807,48.7334,-16.3608,0.0,0.0001,2.4048,0.001,6.0047,35.6072,12.1629,27.0294,35.7434
121.0,241.0,12.1873,40.9101,74.4891,228.3869,0.0244,0.0,99.9354,205.2807,48.7333,-16.3608,0.0,0.0001,2.406,0.0007,6.0059,35.6057,12.1553,27.0297,35.744
122.0,243.0,12.1791,40.9013,98.6962,228.1804,0.0241,0.0,99.9275,205.2808,48.7334,-16.3607,0.0,0.0001,2.4054,-0.0004,6.0092,35.604,12.1468,27.03,35.7447
123.0,245.0,12.1557,40.8747,88.2531,228.6409,0.0207,0.0,99.9267,205.2808,48.7334,-16.3607,0.0,0.0001,2.406,0.0,6.0164,35.5995,12.1232,27.0311,35.7468
124.0,247.0,12.123,40.8375,98.68,228.0874,0.0256,0.0,99.9281,205.2808,48.7334,-16.3607,0.0,0.0001,2.4048,-0.001,6.0133,35.5935,12.0903,27.0329,35.7499
125.0,249.0,12.0745,40.7811,98.7025,229.0794,0.0232,0.0,99.9291,205.2808,48.7334,-16.3607,0.0,0.0001,2.4067,0.0006,6.0195,35.5838,12.0416,27.0347,35.7538
126.0,251.0,12.0751,40.7835,98.5048,228.8367,0.0229,0.0,99.9268,205.2809,48.7334,-16.3607,0.0,0.0001,2.4053,-0.0003,6.0232,35.5847,12.0419,27.0354,35.7544
127.0,253.0,12.0496,40.7539,98.6614,229.3849,0.0257,0.0,99.9339,205.2809,48.7334,-16.3607,0.0,0.0001,2.4064,0.0007,6.0243,35.579,12.0162,27.0359,35.756
128.0,255.0,12.0426,40.7464,98.6932,228.5301,0.0243,0.0,99.9216,205.2809,48.7334,-16.3607,0.0,0.0001,2.4043,-0.0015,6.0258,35.5777,12.009,27.0363,35.7567
129.0,257.0,12.0342,40.737,98.698,228.3638,0.0244,0.0,99.9267,205.281,48.7334,-16.3607,0.0,0.0001,2.4008,-0.0012,6.0277,35.5756,12.0003,27.0364,35.7571
130.0,259.0,12.015,40.7155,70.0402,228.3078,0.0252,0.0,99.9303,205.281,48.7334,-16.3607,0.0,0.0001,2.3986,-0.001,6.0293,35.5721,11.9809,27.0373,35.7589
131.0,261.0,12.0074,40.7079,91.3983,228.8692,0.0242,0.0,99.9233,205.281,48.7334,-16.3607,0.0,0.0001,2.3995,0.0005,6.0303,35.571,11.9731,27.038,35.7599
132.0,263.0,11.9944,40.6933,98.6991,228.7157,0.0252,0.0,99.9278,205.281,48.7334,-16.3607,0.0,0.0001,2.3991,-0.0002,6.033,35.5683,11.9598,27.0384,35.7609
133.0,265.0,11.9709,40.6682,98.4175,228.2406,0.0252,0.0,99.9305,205.2811,48.7334,-16.3607,0.0,0.0001,2.3955,-0.0013,6.0365,35.5652,11.936,27.0406,35.7641
134.0,267.0,11.9568,40.6514,98.6987,227.8098,0.021,0.0,99.9335,205.2811,48.7334,-16.3607,0.0,0.0001,2.3927,-0.0016,6.0365,35.5614,11.9217,27.0404,35.7645
135.0,269.0,11.9428,40.6371,98.6914,228.4953,0.0245,0.0,99.9366,205.2811,48.7334,-16.3607,0.0,0.0001,2.3941,0.0003,6.0349,35.56,11.9076,27.042,35.7667
136.0,271.0,11.9389,40.633,81.3993,228.5677,0.0234,0.0,99.9426,205.2811,48.7334,-16.3607,0.0,0.0001,2.3937,-0.0003,6.0391,35.5587,11.9033,27.0418,35.7667
137.0,273.0,11.9304,40.6261,98.6933,228.4904,0.0267,0.0,99.9267,205.2812,48.7334,-16.3607,0.0,0.0001,2.3928,-0.0004,6.0388,35.5591,11.8946,27.0438,35.769
138.0,275.0,11.9249,40.6213,94.3794,229.1359,0.0246,0.0,99.9361,205.2812,48.7334,-16.3607,0.0,0.0001,2.3953,0.0007,6.04,35.5587,11.8888,27.0446,35.7701
139.0,277.0,11.9283,40.6252,98.6987,228.6092,0.0269,0.0,99.9267,205.2812,48.7334,-16.3607,0.0,0.0001,2.3937,-0.0009,6.041,35.5586,11.892,27.0439,35.7692
140.0,279.0,11.9164,40.6139,98.71,229.8042,0.03,0.0,99.9455,205.2813,48.7334,-16.3607,0.0,0.0001,2.398,0.0016,6.0407,35.5578,11.8798,27.0456,35.7714
141.0,281.0,11.9144,40.6139,82.1977,230.0898,0.0268,0.0,99.9481,205.2813,48.7334,-16.3607,0.0,0.0001,2.3992,0.0016,6.0409,35.5589,11.8776,27.0469,35.7728
142.0,283.0,11.9165,40.6177,90.3789,229.1879,0.0198,0.0,99.946,205.2813,48.7334,-16.3607,0.0,0.0001,2.398,-0.001,6.0417,35.5598,11.8794,27.0472,35.773
143.0,285.0,11.9107,40.6138,98.6982,228.6393,0.0256,0.0,99.9472,205.2813,48.7334,-16.3607,0.0,0.0001,2.3933,-0.0017,6.0447,35.5606,11.8733,27.049,35.7751
144.0,287.0,11.9037,40.6074,98.6978,228.6031,0.0252,0.0,99.9432,205.2814,48.7334,-16.3607,0.0,0.0001,2.3922,-0.001,6.0432,35.56,11.8661,27.05,35.7763
145.0,289.0,11.8601,40.5582,98.7011,229.1185,0.0232,0.0,99.9255,205.2814,48.7335,-16.3607,0.0,0.0001,2.3909,-0.0002,6.051,35.5524,11.8222,27.0524,35.7805
146.0,291.0,11.8604,40.5638,98.685,230.8416,0.0251,0.0,99.9162,205.2814,48.7335,-16.3607,0.0,0.0001,2.396,0.0028,6.0545,35.5571,11.8223,27.056,35.7841
147.0,293.0,11.8151,40.5061,79.595,232.2483,0.0251,0.0,99.9254,205.2814,48.7335,-16.3607,0.0,0.0001,2.4017,0.0047,6.0546,35.5428,11.7769,27.0536,35.7837
148.0,295.0,11.8137,40.5056,89.1432,231.1908,0.0232,0.0,99.9231,205.2815,48.7335,-16.3607,0.0,0.0001,2.4041,0.0005,6.0541,35.5428,11.7753,27.0539,35.7841
149.0,297.0,11.8122,40.5042,98.6914,231.4188,0.0248,0.0,99.9231,205.2815,48.7335,-16.3607,0.0,0.0001,2.4052,0.0005,6.0543,35.542,11.7734,27.0536,35.7839
150.0,299.0,11.8149,40.5084,98.6965,231.1711,0.0248,0.0,99.9174,205.2815,48.7335,-16.3607,0.0,0.0001,2.4049,-0.0003,6.0548,35.5427,11.7759,27.0537,35.7839
151.0,301.0,11.813,40.5096,78.1767,229.9555,0.0236,0.0,99.9198,205.2816,48.7335,-16.3607,0.0,0.0001,2.4,-0.0024,6.0536,35.5445,11.7737,27.0555,35.7857
152.0,303.0,11.8201,40.5193,98.6832,228.7653,0.0227,0.0,99.93,205.2816,48.7335,-16.3607,0.0,0.0001,2.3926,-0.0037,6.0545,35.5464,11.7805,27.0557,35.7856
153.0,305.0,11.8174,40.5172,93.6072,228.483,0.0223,0.0,99.9219,205.2816,48.7335,-16.3606,0.0,0.0001,2.3867,-0.0029,6.0574,35.5464,11.7776,27.0563,35.7863
154.0,307.0,11.7908,40.4865,98.6902,229.6968,0.0228,0.0,99.9267,205.2816,48.7335,-16.3606,0.0,0.0001,2.3872,0.0006,6.0598,35.5406,11.7509,27.0569,35.788
155.0,309.0,11.7738,40.4673,83.128,230.421,0.0232,0.0,99.9267,205.2817,48.7335,-16.3606,0.0,0.0001,2.3911,0.0013,6.0588,35.5373,11.7336,27.0576,35.7895
156.0,311.0,11.7781,40.4752,98.685,228.6453,0.0249,0.0,99.9267,205.2817,48.7335,-16.3606,0.0,0.0001,2.3859,-0.0027,6.0588,35.5398,11.7377,27.0587,35.7904
157.0,313.0,11.7767,40.475,98.6994,228.0451,0.0243,0.0,99.913,205.2817,48.7335,-16.3606,0.0,0.0001,2.3802,-0.0025,6.0583,35.5401,11.736,27.0593,35.791
158.0,315.0,11.7912,40.5001,98.6987,216.7811,0.0267,0.0,99.9502,205.2818,48.7335,-16.3606,0.0,0.0001,2.334,-0.0213,6.061,35.5499,11.7501,27.0642,35.7953
159.0,317.0,11.7727,40.4793,98.7006,215.1425,0.0296,0.0,99.9845,205.2818,48.7335,-16.3606,0.0,0.0001,2.3099,-0.0177,6.0602,35.5463,11.7314,27.065,35.7968
160.0,319.0,11.7577,40.465,84.8607,219.6264,0.0256,0.0,99.9925,205.2818,48.7335,-16.3606,0.0,0.0001,2.3083,-0.0022,6.0621,35.5459,11.7162,27.0675,35.8
161.0,321.0,11.7566,40.4652,98.6431,219.1627,0.02,0.0,99.9723,205.2818,48.7335,-16.3606,0.0,0.0001,2.3047,-0.0024,6.0614,35.5463,11.7149,27.0681,35.8006
162.0,323.0,11.7561,40.4694,98.689,221.5322,0.0207,0.0,99.9795,205.2819,48.7335,-16.3606,0.0,0.0001,2.3106,0.0026,6.063,35.55,11.7141,27.0711,35.8036
163.0,325.0,11.7529,40.467,98.6932,222.1372,0.0188,0.0,99.9881,205.2819,48.7335,-16.3606,0.0,0.0001,2.3159,0.002,6.0656,35.5499,11.7107,27.0717,35.8043
164.0,327.0,11.7303,40.4419,94.862,223.9698,0.021,0.0,100.0109,205.2819,48.7335,-16.3606,0.0,0.0001,2.3237,0.0045,6.0643,35.5458,11.6878,27.0728,35.8064
165.0,329.0,11.7202,40.4308,84.3847,224.4786,0.0236,0.0,99.9954,205.2819,48.7335,-16.3606,0.0,0.0001,2.333,0.0025,6.0652,35.5436,11.6774,27.0731,35.8071
166.0,331.0,11.7346,40.4562,98.69,227.0183,0.0241,0.0,100.0133,205.282,48.7335,-16.3606,0.0,0.0001,2.3439,0.0061,6.0652,35.554,11.6916,27.0785,35.8119
167.0,333.0,11.7299,40.4512,98.5453,227.5445,0.0251,0.0,100.0085,205.282,48.7335,-16.3606,0.0,0.0001,2.3522,0.0044,6.0651,35.5527,11.6866,27.0784,35.812
168.0,335.0,11.7298,40.4534,98.6375,227.0454,0.0208,0.0,100.0123,205.282,48.7335,-16.3606,0.0,0.0001,2.3564,0.001,6.0658,35.554,11.6863,27.0795,35.8131
169.0,337.0,11.726,40.4501,98.6854,226.9031,0.022,0.0,100.0163,205.282,48.7336,-16.3606,0.0,0.0001,2.3566,0.0002,6.066,35.5535,11.6822,27.0799,35.8136
170.0,339.0,11.7181,40.4419,98.6945,226.8259,0.0224,0.0,100.0085,205.2821,48.7336,-16.3606,0.0,0.0001,2.3563,-0.0002,6.0665,35.5523,11.674,27.0805,35.8146
171.0,341.0,11.718,40.4447,75.3605,226.3846,0.0213,0.0,100.0133,205.2821,48.7336,-16.3606,0.0,0.0001,2.3546,-0.001,6.0664,35.5543,11.6736,27.0821,35.8162
172.0,343.0,11.714,40.4419,93.7919,226.9813,0.0202,0.0,100.0042,205.2821,48.7336,-16.3606,0.0,0.0001,2.3553,0.0003,6.0679,35.5544,11.6694,27.083,35.8172
173.0,345.0,11.7083,40.4366,98.6958,226.0079,0.0229,0.0,99.9845,205.2822,48.7336,-16.3606,0.0,0.0001,2.3514,-0.0018,6.0692,35.5537,11.6635,27.0836,35.8181
174.0,347.0,11.7007,40.429,98.697,225.7321,0.0217,0.0,99.9938,205.2822,48.7336,-16.3606,0.0,0.0001,2.3492,-0.0017,6.0706,35.5527,11.6557,27.0843,35.8191
175.0,349.0,11.6891,40.4167,87.5607,225.9774,0.0213,0.0,100.0015,205.2822,48.7336,-16.3606,0.0,0.0001,2.3468,-0.0005,6.0689,35.5508,11.6438,27.0851,35.8204
176.0,351.0,11.6748,40.4018,98.6872,225.8399,0.02,0.0,99.9963,205.2822,48.7336,-16.3606,0.0,0.0001,2.3455,-0.0009,6.0743,35.5489,11.6292,27.0863,35.8222
177.0,353.0,11.6597,40.3862,98.7018,224.7262,0.0251,0.0,99.9989,205.2823,48.7336,-16.3606,0.0,0.0001,2.339,-0.0025,6.0753,35.547,11.614,27.0877,35.8243
178.0,355.0,11.6554,40.3825,98.6965,225.0294,0.0192,0.0,99.9927,205.2823,48.7336,-16.3606,0.0,0.0001,2.3378,-0.0012,6.0748,35.5467,11.6094,27.0883,35.8251
179.0,357.0,11.6504,40.3784,86.1817,225.4907,0.0224,0.0,100.0027,205.2823,48.7336,-16.3606,0.0,0.0001,2.3383,0.0003,6.0745,35.5466,11.6041,27.0892,35.8262
180.0,359.0,11.6529,40.3821,97.1923,225.3562,0.0231,0.0,100.0115,205.2824,48.7336,-16.3606,0.0,0.0001,2.3392,-0.0005,6.0752,35.5469,11.6064,27.0891,35.8259
181.0,361.0,11.6417,40.3721,98.695,224.9506,0.0237,0.0,99.9979,205.2824,48.7336,-16.3606,0.0,0.0001,2.335,-0.0008,6.0743,35.5469,11.595,27.0912,35.8285
182.0,363.0,11.6632,40.4029,98.7044,223.7934,0.0223,0.0,100.0018,205.2824,48.7336,-16.3606,0.0,0.0001,2.3298,-0.0027,6.0757,35.5558,11.6161,27.0941,35.8305
183.0,365.0,11.6447,40.3831,98.6849,222.4602,0.0207,0.0,99.9842,205.2824,48.7336,-16.3606,0.0,0.0001,2.3225,-0.0039,6.0748,35.553,11.5974,27.0955,35.8327
184.0,367.0,11.6385,40.3766,85.1435,223.4683,0.0201,0.0,99.9946,205.2825,48.7336,-16.3606,0.0,0.0001,2.3216,-0.0013,6.0809,35.5518,11.5909,27.0958,35.8332
185.0,369.0,11.5995,40.3341,98.6957,220.1929,0.0204,0.0,99.9785,205.2825,48.7336,-16.3605,0.0,0.0001,2.3075,-0.0065,6.0822,35.5461,11.5518,27.0987,35.8378
186.0,371.0,11.5884,40.322,98.6879,220.8542,0.022,0.0,100.0018,205.2825,48.7336,-16.3605,0.0,0.0001,2.3069,-0.0035,6.0799,35.5439,11.5404,27.0992,35.8387
187.0,373.0,11.5817,40.3156,98.6924,222.2774,0.0206,0.0,99.9663,205.2825,48.7336,-16.3605,0.0,0.0001,2.3064,0.0002,6.0837,35.5434,11.5335,27.1001,35.8399
188.0,375.0,11.5809,40.3147,98.707,221.7561,0.019,0.0,99.9821,205.2826,48.7336,-16.3605,0.0,0.0001,2.3042,-0.0013,6.0868,35.5424,11.5325,27.0995,35.8393
189.0,377.0,11.5681,40.3009,98.6947,221.4971,0.0223,0.0,99.9863,205.2826,48.7337,-16.3605,0.0,0.0001,2.3013,-0.0014,6.09,35.54,11.5194,27.1001,35.8405
190.0,379.0,11.538,40.2666,98.6854,221.612,0.0197,0.0,99.9729,205.2826,48.7337,-16.3605,0.0,0.0001,2.2984,-0.0012,6.1002,35.5342,11.4891,27.1012,35.843
191.0,381.0,11.4757,40.1923,98.7031,220.9753,0.02,0.0,99.9685,205.2827,48.7337,-16.3605,0.0,0.0001,2.2932,-0.0022,6.109,35.5198,11.4267,27.1017,35.8461
192.0,383.0,11.4113,40.1167,79.9242,221.5103,0.0241,0.0,99.9496,205.2827,48.7337,-16.3605,0.0,0.0001,2.2933,0.0,6.1027,35.5057,11.3623,27.1028,35.85
193.0,385.0,11.4046,40.11,96.2816,221.9626,0.0206,0.0,99.9481,205.2827,48.7337,-16.3605,0.0,0.0001,2.2941,0.0,6.1119,35.5046,11.3553,27.1032,35.8507
194.0,387.0,11.3974,40.0995,98.695,220.7667,0.0196,0.0,99.9517,205.2827,48.7337,-16.3605,0.0,0.0001,2.2895,-0.0026,6.1161,35.5004,11.348,27.1013,35.8492
195.0,389.0,11.368,40.0684,98.6837,221.8471,0.0212,0.0,99.9556,205.2828,48.7337,-16.3605,0.0,0.0001,2.2909,0.0001,6.1139,35.497,11.3183,27.1041,35.8533
196.0,391.0,11.3553,40.0555,93.1361,222.4106,0.0209,0.0,99.9499,205.2828,48.7337,-16.3605,0.0,0.0001,2.2941,0.0008,6.1136,35.4951,11.3053,27.1051,35.8548
197.0,393.0,11.3669,40.0695,98.6997,220.7644,0.0238,0.0,99.9589,205.2828,48.7337,-16.3605,0.0,0.0001,2.2884,-0.0029,6.1177,35.4973,11.3168,27.1047,35.8538
198.0,395.0,11.3533,40.0559,98.6879,220.1394,0.0233,0.0,99.9455,205.2829,48.7337,-16.3605,0.0,0.0001,2.2842,-0.0033,6.1162,35.4961,11.3029,27.1063,35.856
199.0,397.0,11.335,40.0347,98.69,221.2193,0.0233,0.0,99.9408,205.2829,48.7337,-16.3605,0.0,0.0001,2.2851,-0.0001,6.1161,35.4916,11.2843,27.1063,35.8568
200.0,399.0,11.3378,40.0392,90.1335,221.4079,0.0201,0.0,99.9382,205.2829,48.7337,-16.3605,0.0,0.0001,2.2846,-0.0004,6.1233,35.4926,11.287,27.1065,35.857
201.0,401.0,11.2965,39.9921,98.685,220.7491,0.0246,0.0,99.9464,205.2829,48.7337,-16.3604,0.0,0.0001,2.2821,-0.0014,6.1246,35.4846,11.2454,27.108,35.8602
202.0,403.0,11.279,39.972,98.6472,221.7059,0.0241,0.0,99.9556,205.283,48.7337,-16.3604,0.0,0.0001,2.2823,0.0009,6.1251,35.4805,11.2277,27.1081,35.8611
203.0,405.0,11.277,39.9707,98.6952,221.8591,0.0231,0.0,99.9444,205.283,48.7337,-16.3604,0.0,0.0001,2.2836,0.0002,6.1314,35.4805,11.2256,27.1084,35.8615
204.0,407.0,11.2453,39.9338,98.71,222.2117,0.022,0.0,99.9556,205.283,48.7337,-16.3604,0.0,0.0001,2.2835,0.0003,6.1381,35.4734,11.1937,27.1088,35.8633
205.0,409.0,11.2081,39.8927,81.1857,221.8728,0.0214,0.0,99.9417,205.283,48.7337,-16.3604,0.0,0.0001,2.2831,-0.0004,6.1365,35.4673,11.1563,27.1109,35.867
206.0,411.0,11.1846,39.8673,96.2831,222.1874,0.0224,0.0,99.944,205.2831,48.7337,-16.3604,0.0,0.0001,2.2833,0.0001,6.1392,35.4636,11.1326,27.1124,35.8695
207.0,413.0,11.2019,39.8868,98.6919,221.6377,0.024,0.0,99.9494,205.2831,48.7337,-16.3604,0.0,0.0001,2.2803,-0.0013,6.1459,35.4656,11.1496,27.1109,35.8673
208.0,415.0,11.1514,39.8326,98.3575,219.9749,0.0217,0.0,99.9503,205.2831,48.7337,-16.3604,0.0,0.0001,2.2735,-0.0043,6.1482,35.4593,11.0991,27.1153,35.8738
209.0,417.0,11.1301,39.8088,98.651,221.3378,0.0226,0.0,99.946,205.2831,48.7337,-16.3604,0.0,0.0001,2.2735,-0.0005,6.149,35.4554,11.0775,27.1161,35.8756
210.0,419.0,11.1117,39.7891,98.6882,222.0511,0.0211,0.0,99.9477,205.2832,48.7337,-16.3604,0.0,0.0001,2.2764,0.0006,6.1498,35.4523,11.0589,27.1172,35.8774
211.0,421.0,11.0987,39.7755,76.3765,221.8271,0.0186,0.0,99.9505,205.2832,48.7337,-16.3604,0.0,0.0001,2.2747,-0.0006,6.1578,35.4505,11.0458,27.1182,35.879
212.0,423.0,11.0671,39.7391,98.7757,221.8571,0.0185,0.0,99.9556,205.2832,48.7337,-16.3604,0.0,0.0001,2.2743,-0.0005,6.159,35.4438,11.014,27.1187,35.8809
213.0,425.0,11.0455,39.7165,93.6587,222.6474,0.0181,0.0,99.9556,205.2833,48.7337,-16.3604,0.0,0.0001,2.2759,0.0009,6.1626,35.4409,10.9922,27.1205,35.8836
214.0,427.0,11.0184,39.6856,98.6838,222.9258,0.0252,0.0,99.9501,205.2833,48.7338,-16.3604,0.0,0.0001,2.2776,0.0008,6.1639,35.4354,10.9648,27.1212,35.8855
215.0,429.0,11.0021,39.6684,91.1137,222.2663,0.0271,0.0,99.9556,205.2833,48.7338,-16.3604,0.0,0.0001,2.2756,-0.0011,6.1676,35.4331,10.9484,27.1224,35.8874
216.0,431.0,10.9901,39.6555,98.691,221.1056,0.0227,0.0,99.9498,205.2834,48.7338,-16.3604,0.0,0.0001,2.2711,-0.0029,6.1706,35.4308,10.9362,27.1228,35.8884
217.0,433.0,10.9673,39.6302,98.695,221.3864,0.024,0.0,99.9556,205.2834,48.7338,-16.3604,0.0,0.0001,2.2705,-0.0013,6.1684,35.4267,10.9131,27.1238,35.8903
218.0,435.0,10.9558,39.6192,98.68,222.2679,0.0232,0.0,99.9476,205.2834,48.7338,-16.3603,0.0,0.0001,2.2699,0.0005,6.1703,35.4256,10.9015,27.1251,35.8921
219.0,437.0,10.955,39.6186,88.1635,221.5901,0.0235,0.0,99.9596,205.2834,48.7338,-16.3603,0.0,0.0001,2.267,-0.0015,6.1768,35.4252,10.9004,27.125,35.8921
220.0,439.0,10.9202,39.5818,98.81,221.4051,0.026,0.0,99.9556,205.2835,48.7338,-16.3603,0.0,0.0001,2.264,-0.001,6.1774,35.4208,10.8654,27.1278,35.8964
221.0,441.0,10.9138,39.575,96.3339,220.6138,0.0238,0.0,99.9556,205.2835,48.7338,-16.3603,0.0,0.0001,2.2605,-0.0022,6.1779,35.4193,10.8588,27.1279,35.8967
222.0,443.0,10.9098,39.5713,98.7079,220.6416,0.0214,0.0,99.9613,205.2835,48.7338,-16.3603,0.0,0.0001,2.2577,-0.0012,6.1785,35.4187,10.8546,27.1281,35.8972
223.0,445.0,10.9078,39.5702,98.6935,220.7036,0.0229,0.0,99.9636,205.2835,48.7338,-16.3603,0.0,0.0001,2.2552,-0.0007,6.1793,35.4188,10.8524,27.1286,35.8978
224.0,447.0,10.8981,39.5604,79.4231,220.4532,0.0231,0.0,99.9575,205.2836,48.7338,-16.3603,0.0,0.0001,2.2544,-0.0008,6.1791,35.4172,10.8424,27.1292,35.8988
225.0,449.0,10.8944,39.557,98.6876,219.2324,0.0229,0.0,99.9639,205.2836,48.7338,-16.3603,0.0,0.0001,2.2493,-0.002,6.17,35.4166,10.8385,27.1294,35.8992
226.0,451.0,10.9428,39.6218,92.3761,215.0113,0.0219,0.0,99.9561,205.2836,48.7338,-16.3603,0.0,0.0001,2.2327,-0.0087,6.1677,35.434,10.8865,27.1343,35.9019
227.0,453.0,10.9773,39.6662,98.685,209.7499,0.0229,0.0,99.9815,205.2836,48.7338,-16.3603,0.0,0.0001,2.2051,-0.0137,6.1683,35.4442,10.9207,27.1361,35.9021
228.0,455.0,10.9831,39.6752,98.6833,209.657,0.0228,0.0,99.9768,205.2837,48.7338,-16.3603,0.0,0.0001,2.1839,-0.0065,6.1688,35.4467,10.9261,27.137,35.9028
229.0,457.0,10.9673,39.6582,98.68,208.1698,0.025,0.0,99.9762,205.2837,48.7338,-16.3603,0.0,0.0001,2.17,-0.0061,6.1699,35.444,10.9101,27.1378,35.9043
230.0,459.0,10.9612,39.6536,98.68,207.8711,0.024,0.0,99.9652,205.2837,48.7338,-16.3603,0.0,0.0001,2.1622,-0.0041,6.1713,35.4444,10.9037,27.1393,35.906
231.0,461.0,10.9489,39.6425,98.68,204.976,0.0214,0.0,99.9769,205.2838,48.7338,-16.3603,0.0,0.0001,2.1448,-0.0066,6.1721,35.4442,10.8913,27.1414,35.9086
232.0,463.0,10.9476,39.6436,98.68,203.5382,0.0201,0.0,99.9556,205.2838,48.7338,-16.3603,0.0,0.0001,2.1315,-0.0061,6.1714,35.4457,10.8897,27.1428,35.9101
233.0,465.0,10.9439,39.6412,78.0393,204.7295,0.0179,0.0,99.9734,205.2838,48.7338,-16.3603,0.0,0.0001,2.13,-0.002,6.172,35.4461,10.8858,27.1438,35.9112
234.0,467.0,10.9554,39.6553,97.1211,205.8551,0.0221,0.0,99.9571,205.2838,48.7338,-16.3602,0.0,0.0001,2.1318,0.0007,6.1688,35.4483,10.897,27.1435,35.9104
235.0,469.0,10.9722,39.6792,98.68,208.8527,0.0207,0.0,99.9741,205.2839,48.7338,-16.3602,0.0,0.0001,2.1433,0.0053,6.1668,35.4549,10.9135,27.1457,35.9119
236.0,471.0,10.9747,39.6892,98.68,210.5702,0.0204,0.0,99.97,205.2839,48.7338,-16.3602,0.0,0.0001,2.1547,0.0058,6.1665,35.4615,10.9156,27.1504,35.9164
237.0,473.0,10.9819,39.6986,86.5786,210.3421,0.0213,0.0,99.9556,205.2839,48.7338,-16.3602,0.0,0.0001,2.1609,0.0029,6.1663,35.4631,10.9226,27.1505,35.9161
238.0,475.0,10.9823,39.7006,98.68,209.9544,0.0203,0.0,99.9556,205.284,48.7338,-16.3602,0.0,0.0001,2.1631,0.0007,6.1673,35.4639,10.9228,27.1511,35.9167
239.0,477.0,10.9752,39.6959,98.68,210.1226,0.0197,0.0,99.9695,205.284,48.7338,-16.3602,0.0,0.0001,2.1641,0.0006,6.1674,35.4653,10.9154,27.1534,35.9194
240.0,479.0,10.9749,39.6976,98.68,210.8106,0.0211,0.0,99.9845,205.284,48.7338,-16.3602,0.0,0.0001,2.1673,0.0013,6.1677,35.4662,10.9148,27.1542,35.9202
241.0,481.0,10.9732,39.6965,98.68,210.8783,0.0222,0.0001,99.7424,205.284,48.7338,-16.3602,0.0,0.0001,2.1682,0.001,6.1678,35.4658,10.9128,27.1543,35.9204
242.0,483.0,10.9718,39.6959,82.367,210.6044,0.0231,0.0,99.9667,205.284,48.7338,-16.3602,0.0,0.0001,2.1685,0.0001,6.1684,35.4658,10.9112,27.1546,35.9207
243.0,485.0,10.9675,39.6926,98.6204,210.4325,0.0238,0.0,99.9625,205.2841,48.7338,-16.3602,0.0,0.0001,2.167,-0.0004,6.1708,35.4657,10.9067,27.1553,35.9216
244.0,487.0,10.9514,39.6761,98.68,209.6062,0.0218,0.0,99.9648,205.2841,48.7339,-16.3602,0.0,0.0001,2.1631,-0.0019,6.1739,35.4637,10.8904,27.1567,35.9237
245.0,489.0,10.9405,39.6648,98.68,209.0749,0.0245,0.0,99.9646,205.2841,48.7339,-16.3602,0.0,0.0001,2.1583,-0.0022,6.1788,35.462,10.8793,27.1574,35.9249
246.0,491.0,10.9135,39.6341,98.68,206.8779,0.0216,0.0,99.9659,205.2841,48.7339,-16.3602,0.0,0.0001,2.149,-0.0054,6.1795,35.4567,10.8521,27.1582,35.9268
247.0,493.0,10.8916,39.6096,91.9026,205.8905,0.0228,0.0,99.958,205.2842,48.7339,-16.3602,0.0,0.0001,2.142,-0.0058,6.179,35.4524,10.83,27.1589,35.9285
248.0,495.0,10.8779,39.5954,84.7922,206.5102,0.0237,0.0,99.9687,205.2842,48.7339,-16.3602,0.0,0.0001,2.136,-0.0024,6.1853,35.4504,10.8161,27.1598,35.93
249.0,497.0,10.8677,39.5845,90.3612,205.1516,0.0235,0.0,99.9737,205.2842,48.7339,-16.3602,0.0,0.0001,2.1288,-0.0043,6.1918,35.4486,10.8058,27.1603,35.9309
250.0,499.0,10.8316,39.5448,98.68,204.7569,0.0199,0.0,99.9687,205.2842,48.7339,-16.3602,0.0,0.0001,2.1224,-0.0037,6.1952,35.4427,10.7696,27.1622,35.9345
251.0,501.0,10.783,39.4899,98.6837,203.1206,0.0216,0.0,99.9731,205.2842,48.7339,-16.3601,0.0,0.0001,2.1132,-0.0051,6.1976,35.4337,10.7208,27.164,35.9383
252.0,503.0,10.7675,39.473,98.6824,202.5441,0.0215,0.0,99.9594,205.2843,48.7339,-16.3601,0.0,0.0001,2.1044,-0.0043,6.2026,35.4309,10.7052,27.1646,35.9396
253.0,505.0,10.7382,39.4412,98.68,206.1053,0.0221,0.0,99.967,205.2843,48.7339,-16.3601,0.0,0.0001,2.1102,0.003,6.2091,35.4264,10.6757,27.1664,35.9427
254.0,507.0,10.7008,39.3991,98.68,204.5508,0.0188,0.0,99.9608,205.2843,48.7339,-16.3601,0.0,0.0001,2.1079,-0.0012,6.2123,35.4194,10.6381,27.1676,35.9455
255.0,509.0,10.6506,39.3441,65.5343,197.6086,0.0204,0.0,99.9773,205.2843,48.7339,-16.3601,0.0,0.0001,2.0838,-0.0122,6.2125,35.4114,10.5879,27.1703,35.9505
256.0,511.0,10.6336,39.3283,95.4213,198.1406,0.0219,0.0,99.9596,205.2844,48.7339,-16.3601,0.0,0.0001,2.0688,-0.0057,6.2163,35.4111,10.5707,27.1732,35.954
257.0,513.0,10.631,39.3268,98.7327,196.2788,0.025,0.0,99.9556,205.2844,48.7339,-16.3601,0.0,0.0001,2.0564,-0.0069,6.2169,35.4114,10.5679,27.1739,35.9549
258.0,515.0,10.6212,39.3166,98.68,197.9735,0.0205,0.0,99.9622,205.2844,48.7339,-16.3601,0.0,0.0001,2.0557,-0.0016,6.2175,35.4095,10.5579,27.1742,35.9556
259.0,517.0,10.6061,39.301,98.68,199.2315,0.0237,0.0,99.9537,205.2844,48.7339,-16.3601,0.0,0.0001,2.0572,0.0007,6.2238,35.4075,10.5426,27.1754,35.9574
260.0,519.0,10.5921,39.2843,98.68,201.4689,0.0221,0.0,99.954,205.2845,48.7339,-16.3601,0.0,0.0001,2.065,0.0038,6.2258,35.4036,10.5284,27.1748,35.9576
261.0,521.0,10.5575,39.2461,27.6371,203.4717,0.0211,0.0,99.9604,205.2845,48.7339,-16.3601,0.0,0.0001,2.0742,0.0063,6.2245,35.3977,10.4937,27.1764,35.9606
262.0,523.0,10.5439,39.233,92.8454,203.1113,0.0219,0.0,99.9578,205.2845,48.7339,-16.3601,0.0,0.0001,2.0795,0.0029,6.2291,35.3967,10.4799,27.178,35.9629
263.0,525.0,10.5374,39.2253,98.68,201.8981,0.0213,0.0,99.9601,205.2845,48.7339,-16.3601,0.0,0.0001,2.0787,-0.0005,6.2296,35.3944,10.4731,27.1775,35.9626
264.0,527.0,10.5251,39.2145,98.68,200.9013,0.0191,0.0,99.9676,205.2845,48.7339,-16.3601,0.0,0.0001,2.075,-0.0023,6.2291,35.3944,10.4606,27.1797,35.9654
265.0,529.0,10.527,39.2179,98.68,200.8038,0.0194,0.0,99.9516,205.2846,48.7339,-16.3601,0.0,0.0001,2.0721,-0.0016,6.2315,35.3952,10.4622,27.18,35.9656
266.0,531.0,10.5218,39.212,98.68,199.99,0.0189,0.0,99.9624,205.2846,48.7339,-16.3601,0.0,0.0001,2.0666,-0.0025,6.235,35.3932,10.4569,27.1794,35.9653
267.0,533.0,10.4899,39.1784,98.68,200.1389,0.0219,0.0,99.9632,205.2846,48.7339,-16.3601,0.0,0.0001,2.0647,-0.0016,6.2331,35.3892,10.4248,27.182,35.9692
268.0,535.0,10.4483,39.1298,91.3057,200.8451,0.0227,0.0,99.9556,205.2846,48.7339,-16.3601,0.0,0.0001,2.0651,-0.0002,6.2415,35.3796,10.3831,27.1818,35.9709
269.0,537.0,10.4604,39.1425,98.68,201.2342,0.0218,0.0,99.9505,205.2847,48.7339,-16.3601,0.0,0.0001,2.0647,0.0009,6.2355,35.3799,10.3949,27.18,35.9686
270.0,539.0,10.4866,39.1817,98.68,199.3793,0.0243,0.0,99.9592,205.2847,48.7339,-16.3601,0.0,0.0001,2.0609,-0.0029,6.237,35.3931,10.4208,27.1857,35.9731
271.0,541.0,10.5031,39.1997,98.68,198.8366,0.0256,0.0,99.9567,205.2847,48.7339,-16.36,0.0,0.0001,2.0556,-0.0026,6.2364,35.3945,10.4369,27.1839,35.9706
272.0,543.0,10.4956,39.191,98.68,198.3518,0.025,0.0,99.9845,205.2847,48.7339,-16.36,0.0,0.0001,2.0503,-0.0027,6.2427,35.3921,10.4292,27.1834,35.9704
273.0,545.0,10.4545,39.1483,74.0681,198.0933,0.0218,0.0,99.9845,205.2848,48.7339,-16.36,0.0,0.0001,2.0487,-0.0024,6.2428,35.3878,10.3881,27.1874,35.9761
274.0,547.0,10.4371,39.1286,98.7685,198.9699,0.0215,0.0,99.9845,205.2848,48.7339,-16.36,0.0,0.0001,2.0471,0.0001,6.2388,35.3839,10.3705,27.1874,35.977
275.0,549.0,10.4468,39.1411,96.7683,198.2551,0.0237,0.0,99.978,205.2848,48.7339,-16.36,0.0,0.0001,2.0455,-0.0011,6.2352,35.3864,10.3799,27.1876,35.9768
276.0,551.0,10.4867,39.1949,98.68,196.1804,0.0214,0.0,99.9709,205.2848,48.7339,-16.36,0.0,0.0001,2.0371,-0.0043,6.2383,35.4013,10.4194,27.1923,35.9796
277.0,553.0,10.483,39.1931,98.68,196.06,0.0221,0.0,99.954,205.2848,48.7339,-16.36,0.0,0.0001,2.0317,-0.003,6.2445,35.4021,10.4154,27.1937,35.9812
278.0,555.0,10.4382,39.1446,89.7062,196.9643,0.0225,0.0,99.9615,205.2849,48.7339,-16.36,0.0,0.0001,2.0305,-0.0007,6.253,35.3955,10.3705,27.1965,35.9859
279.0,557.0,10.3883,39.087,98.68,198.1547,0.0213,0.0,99.9845,205.2849,48.7339,-16.36,0.0,0.0001,2.0317,0.001,6.2648,35.3847,10.3206,27.1968,35.9884
280.0,559.0,10.3124,39.0004,98.68,198.8578,0.0233,0.0,99.9811,205.2849,48.7339,-16.36,0.0,0.0001,2.0336,0.0009,6.2797,35.3697,10.2447,27.1984,35.9934
281.0,561.0,10.2232,38.9008,98.68,198.0703,0.0249,0.0,99.9556,205.2849,48.7339,-16.36,0.0,0.0001,2.0317,-0.001,6.2856,35.3545,10.1557,27.202,36.0009
282.0,563.0,10.1513,38.8194,98.68,197.1016,0.0255,0.0,99.9845,205.285,48.7339,-16.36,0.0,0.0001,2.0267,-0.0024,6.2896,35.3406,10.0839,27.2036,36.0058
283.0,565.0,10.1186,38.7843,89.0886,195.6348,0.0236,0.0,99.968,205.285,48.7339,-16.36,0.0,0.0001,2.0186,-0.004,6.2919,35.3357,10.0511,27.2054,36.009
284.0,567.0,10.0964,38.7635,87.7895,191.9208,0.0222,0.0,99.9845,205.285,48.7339,-16.36,0.0,0.0001,2.0013,-0.0084,6.2924,35.3351,10.0287,27.2088,36.0134
285.0,569.0,10.0893,38.7566,98.68,191.7199,0.02,0.0,99.9845,205.285,48.7339,-16.36,0.0,0.0001,1.9937,-0.0061,6.2929,35.3343,10.0213,27.2095,36.0144
286.0,571.0,10.084,38.7531,94.2148,191.8107,0.0198,0.0,99.9787,205.285,48.7339,-16.36,0.0,0.0001,1.9871,-0.0036,6.2955,35.335,10.0159,27.2109,36.016
287.0,573.0,10.0694,38.7397,85.2173,189.4744,0.0222,0.0001,99.7233,205.2851,48.7339,-16.36,0.0,0.0001,1.9735,-0.0057,6.2986,35.3347,10.0011,27.2132,36.019
288.0,575.0,10.0534,38.7267,98.7208,187.8283,0.0213,0.0,99.9845,205.2851,48.7339,-16.36,0.0,0.0001,1.9615,-0.0063,6.302,35.3359,9.9848,27.217,36.0234
289.0,577.0,10.0295,38.7023,98.68,188.0651,0.0219,0.0,99.9845,205.2851,48.7339,-16.36,0.0,0.0001,1.956,-0.004,6.3035,35.3333,9.9608,27.2191,36.0266
290.0,579.0,9.9912,38.6606,98.68,188.5534,0.0235,0.0,99.9845,205.2851,48.7339,-16.36,0.0,0.0001,1.9527,-0.0022,6.3113,35.3273,9.9224,27.221,36.0302
291.0,581.0,9.9535,38.6188,98.68,188.4643,0.0205,0.0,99.9817,205.2852,48.7339,-16.36,0.0,0.0001,1.9493,-0.0013,6.3087,35.3205,9.8847,27.2221,36.033
292.0,583.0,9.9563,38.6262,98.68,187.7119,0.0224,0.0,100.0112,205.2852,48.7339,-16.36,0.0,0.0001,1.9463,-0.0017,6.3001,35.3244,9.8872,27.2248,36.0355
293.0,585.0,9.986,38.6627,98.68,187.8217,0.0246,0.0,100.0133,205.2852,48.7339,-16.36,0.0,0.0001,1.9451,-0.001,6.2983,35.3319,9.9166,27.2256,36.0349
294.0,587.0,10.0387,38.7278,98.68,189.0462,0.0211,0.0,99.9845,205.2852,48.7339,-16.36,0.0,0.0001,1.9484,0.0013,6.2963,35.346,9.9688,27.2277,36.0346
295.0,589.0,10.0506,38.7437,98.68,190.4144,0.0259,0.0,100.0133,205.2852,48.7339,-16.36,0.0,0.0001,1.9532,0.0029,6.2976,35.3499,9.9804,27.2287,36.0351
296.0,591.0,10.058,38.7559,98.68,191.3077,0.0218,0.0,100.0085,205.2853,48.7339,-16.36,0.0,0.0001,1.9573,0.0025,6.3111,35.3542,9.9875,27.2308,36.0368
297.0,593.0,9.9814,38.664,70.312,187.3158,0.0189,0.0,100.0108,205.2853,48.7339,-16.36,0.0,0.0001,1.9483,-0.005,6.3127,35.3341,9.911,27.2282,36.0378
298.0,595.0,9.9468,38.6275,98.68,185.3146,0.0173,0.0,100.0093,205.2853,48.7339,-16.36,0.0,0.0001,1.9359,-0.006,6.3113,35.3296,9.8763,27.2307,36.0418
299.0,597.0,9.9419,38.6255,94.4511,185.7314,0.0222,0.0,99.9911,205.2853,48.7339,-16.3599,0.0,0.0001,1.9304,-0.0031,6.3105,35.3314,9.8712,27.233,36.0443
300.0,599.0,9.9673,38.6605,98.68,188.974,0.0207,0.0,100.0103,205.2854,48.7339,-16.3599,0.0,0.0001,1.9367,0.0031,6.3128,35.3414,9.8963,27.2365,36.0466
301.0,601.0,9.9408,38.6335,98.3315,190.2809,0.0227,0.0,100.0133,205.2854,48.7339,-16.3599,0.0,0.0001,1.9438,0.0043,6.3123,35.3388,9.8696,27.239,36.0503
302.0,603.0,9.9295,38.6238,98.6492,189.949,0.0198,0.0,100.0073,205.2854,48.7339,-16.3599,0.0,0.0001,1.9457,0.0019,6.3173,35.339,9.8581,27.2412,36.0529
303.0,605.0,9.9359,38.6291,98.68,189.6701,0.0209,0.0,100.0133,205.2854,48.7339,-16.3599,0.0,0.0001,1.9475,0.0002,6.325,35.3374,9.8643,27.2388,36.0503
304.0,607.0,9.8782,38.569,98.68,190.5185,0.024,0.0,100.0133,205.2854,48.7339,-16.3599,0.0,0.0001,1.9504,0.0016,6.3221,35.3313,9.8065,27.2439,36.0579
305.0,609.0,9.8366,38.5248,67.3963,191.4474,0.023,0.0,100.0133,205.2855,48.7339,-16.3599,0.0,0.0001,1.9532,0.0024,6.327,35.3255,9.7649,27.2465,36.0623
306.0,611.0,9.8394,38.5294,95.2392,190.9212,0.0216,0.0,100.0164,205.2855,48.7339,-16.3599,0.0,0.0001,1.9537,0.0004,6.3286,35.3267,9.7675,27.247,36.0627
307.0,613.0,9.8243,38.5174,98.6944,191.5053,0.0239,0.0,100.0133,205.2855,48.7339,-16.3599,0.0,0.0001,1.9566,0.001,6.3268,35.3281,9.7521,27.2507,36.067
308.0,615.0,9.843,38.542,98.68,191.6824,0.0209,0.0,100.0047,205.2855,48.7339,-16.3599,0.0,0.0001,1.9573,0.0009,6.3299,35.3343,9.7705,27.2523,36.0679
309.0,617.0,9.8421,38.5437,98.684,191.7188,0.0232,0.0,100.0133,205.2856,48.7339,-16.3599,0.0,0.0001,1.9588,0.0005,6.3309,35.3361,9.7694,27.254,36.0695
310.0,619.0,9.8144,38.5147,98.68,192.0008,0.0235,0.0,100.0133,205.2856,48.7339,-16.3599,0.0,0.0001,1.9595,0.0004,6.3365,35.3324,9.7416,27.2558,36.0726
311.0,621.0,9.7855,38.4833,98.68,191.9038,0.0196,0.0,100.0151,205.2856,48.7339,-16.3599,0.0,0.0001,1.9597,-0.0003,6.3444,35.3277,9.7126,27.257,36.0751
312.0,623.0,9.7481,38.443,98.68,191.6361,0.0223,0.0,100.0158,205.2856,48.7339,-16.3599,0.0,0.0001,1.9573,-0.0008,6.3477,35.3219,9.6751,27.2588,36.0786
313.0,625.0,9.6995,38.3912,67.0577,192.1311,0.0244,0.0,100.0133,205.2856,48.7339,-16.3599,0.0,0.0001,1.9573,0.0002,6.3485,35.3151,9.6264,27.2617,36.0836
314.0,627.0,9.6905,38.3836,97.9905,191.9503,0.0245,0.0,100.0173,205.2857,48.7339,-16.3599,0.0,0.0001,1.957,-0.0003,6.3495,35.3153,9.6173,27.2634,36.0857
315.0,629.0,9.6896,38.3837,95.4677,191.253,0.023,0.0,100.0133,205.2857,48.7339,-16.3599,0.0,0.0001,1.9544,-0.0014,6.3516,35.3157,9.6161,27.2639,36.0862
316.0,631.0,9.6742,38.369,98.68,191.1515,0.0253,0.0,100.0133,205.2857,48.7339,-16.3599,0.0,0.0001,1.9516,-0.0011,6.3529,35.3145,9.6005,27.2655,36.0886
317.0,633.0,9.6672,38.3621,98.68,191.402,0.0234,0.0,100.0133,205.2857,48.7339,-16.3599,0.0,0.0001,1.9508,-0.0006,6.3608,35.3131,9.5933,27.2657,36.0891
318.0,635.0,9.6332,38.3232,71.8357,191.0017,0.0249,0.0,100.0133,205.2858,48.7339,-16.3599,0.0,0.0001,1.9475,-0.0013,6.3677,35.3054,9.5593,27.2653,36.0903
319.0,637.0,9.5724,38.2572,91.2968,191.0539,0.0251,0.0,100.0162,205.2858,48.7339,-16.3599,0.0,0.0001,1.9463,-0.0008,6.3671,35.296,9.4985,27.2682,36.0959
320.0,639.0,9.5622,38.2498,85.4106,191.3254,0.022,0.0,100.0171,205.2858,48.7339,-16.3599,0.0,0.0001,1.9459,-0.0002,6.3665,35.2976,9.4881,27.2712,36.0993
321.0,641.0,9.5676,38.2609,98.68,191.5525,0.0206,0.0,100.0133,205.2858,48.7339,-16.3599,0.0,0.0001,1.9463,0.0002,6.3678,35.3028,9.4932,27.2744,36.1022
322.0,643.0,9.566,38.2596,98.68,191.8522,0.0194,0.0,100.0196,205.2859,48.7339,-16.3599,0.0,0.0001,1.9469,0.0003,6.3754,35.3022,9.4914,27.2742,36.1021
323.0,645.0,9.5554,38.2493,98.68,191.9054,0.0221,0.0,100.0175,205.2859,48.7339,-16.3599,0.0,0.0001,1.9475,0.0001,6.3757,35.3013,9.4806,27.2753,36.1036
324.0,647.0,9.505,38.1947,98.68,192.0786,0.0251,0.0,100.026,205.2859,48.7339,-16.3599,0.0,0.0001,1.9475,0.0002,6.3766,35.2932,9.4303,27.2773,36.108
325.0,649.0,9.4955,38.1879,77.3816,191.4898,0.0259,0.0,100.0273,205.2859,48.7339,-16.3599,0.0,0.0001,1.9463,-0.0011,6.3793,35.2945,9.4206,27.28,36.111
326.0,651.0,9.4971,38.1948,98.6805,190.7741,0.0239,0.0,100.0246,205.2859,48.7339,-16.3599,0.0,0.0001,1.942,-0.002,6.3812,35.2993,9.422,27.2835,36.1144
327.0,653.0,9.4743,38.1756,98.68,189.5829,0.0226,0.0,100.0214,205.286,48.7339,-16.3599,0.0,0.0001,1.9378,-0.0031,6.3789,35.3008,9.3989,27.2885,36.1204
328.0,655.0,9.4496,38.1531,82.4306,189.5401,0.022,0.0,100.024,205.286,48.7339,-16.3599,0.0,0.0001,1.9326,-0.0021,6.385,35.3007,9.3741,27.2925,36.1255
329.0,657.0,9.4582,38.1616,91.9692,188.0987,0.0248,0.0,100.0401,205.286,48.7339,-16.3599,0.0,0.0001,1.9245,-0.0033,6.3843,35.3002,9.3824,27.2908,36.1234
330.0,659.0,9.4396,38.1475,90.7539,187.9716,0.0254,0.0,100.0422,205.286,48.7339,-16.3599,0.0,0.0001,1.9206,-0.0027,6.3879,35.3029,9.3637,27.296,36.1294
331.0,661.0,9.439,38.1494,96.6862,188.2766,0.022,0.0,100.0422,205.2861,48.7339,-16.3599,0.0,0.0001,1.9182,-0.0014,6.3892,35.3047,9.3628,27.2975,36.1309
332.0,663.0,9.4088,38.1184,98.68,188.0187,0.0201,0.0,100.0429,205.2861,48.7339,-16.3599,0.0,0.0001,1.9156,-0.0014,6.3893,35.3014,9.3326,27.2999,36.1347
333.0,665.0,9.4062,38.1181,98.68,187.3605,0.0227,0.0,100.0422,205.2861,48.7339,-16.3599,0.0,0.0001,1.9122,-0.0019,6.3896,35.3027,9.3297,27.3014,36.1363
334.0,667.0,9.4077,38.1219,98.68,186.8608,0.0203,0.0,100.0368,205.2861,48.734,-16.3599,0.0,0.0001,1.9082,-0.002,6.3924,35.3044,9.331,27.3026,36.1373
335.0,669.0,9.3906,38.1048,98.68,186.3644,0.0195,0.0,100.0454,205.2861,48.734,-16.3599,0.0,0.0001,1.9035,-0.0021,6.3927,35.3024,9.3138,27.3038,36.1394
336.0,671.0,9.3808,38.0971,98.68,185.9394,0.0233,0.0,100.0452,205.2862,48.734,-16.3599,0.0,0.0001,1.9005,-0.002,6.3925,35.3032,9.3037,27.3061,36.1421
337.0,673.0,9.3825,38.1016,98.68,185.9716,0.0218,0.0,100.047,205.2862,48.734,-16.3599,0.0,0.0001,1.8977,-0.0013,6.3952,35.3051,9.3051,27.3074,36.1432
338.0,675.0,9.3806,38.1,98.68,186.1939,0.0228,0.0,100.0422,205.2862,48.734,-16.3599,0.0,0.0001,1.8968,-0.0006,6.396,35.3045,9.3031,27.3073,36.1432
339.0,677.0,9.3605,38.0797,81.686,185.7357,0.0228,0.0,100.0302,205.2862,48.734,-16.3599,0.0,0.0001,1.8945,-0.0011,6.3974,35.3024,9.2829,27.3089,36.1458
340.0,679.0,9.348,38.0681,98.3935,185.2954,0.0216,0.0,100.0389,205.2863,48.734,-16.3599,0.0,0.0001,1.8911,-0.0015,6.4013,35.3017,9.2702,27.3105,36.1479
341.0,681.0,9.3428,38.0641,98.6882,185.565,0.0204,0.0,100.0422,205.2863,48.734,-16.3599,0.0,0.0001,1.8901,-0.0008,6.4087,35.3016,9.2647,27.3113,36.149
342.0,683.0,9.2934,38.0087,98.68,185.7691,0.0227,0.0,100.0422,205.2863,48.734,-16.3599,0.0,0.0001,1.8888,-0.0004,6.4105,35.2919,9.2153,27.3118,36.1517
343.0,685.0,9.2704,37.9857,98.6453,185.5555,0.0209,0.0,100.05,205.2863,48.734,-16.3599,0.0,0.0001,1.8875,-0.0005,6.4091,35.2898,9.1922,27.3139,36.1549
344.0,687.0,9.2696,37.9925,98.68,185.4009,0.0185,0.0,100.0493,205.2863,48.734,-16.3599,0.0,0.0001,1.8864,-0.0005,6.4073,35.2966,9.1912,27.3195,36.1604
345.0,689.0,9.2809,38.0095,98.68,184.7768,0.0242,0.0,100.0322,205.2864,48.734,-16.3599,0.0,0.0001,1.8852,-0.0015,6.4119,35.3024,9.2022,27.3222,36.1625
346.0,691.0,9.2733,38.0015,98.68,184.3069,0.0222,0.0,100.0422,205.2864,48.734,-16.3599,0.0,0.0001,1.88,-0.0018,6.4126,35.3007,9.1944,27.3221,36.1629
347.0,693.0,9.2537,37.9815,91.411,184.4064,0.0195,0.0,100.0422,205.2864,48.734,-16.3599,0.0,0.0001,1.88,-0.0014,6.4111,35.2985,9.1747,27.3236,36.1652
348.0,695.0,9.2334,37.9621,80.4879,184.9883,0.0218,0.0,100.0349,205.2864,48.734,-16.3599,0.0,0.0001,1.8798,-0.0001,6.4133,35.2971,9.1542,27.3259,36.1684
349.0,697.0,9.2414,37.9699,95.6562,184.8211,0.0205,0.0,100.0268,205.2865,48.734,-16.3599,0.0,0.0001,1.878,-0.0008,6.4247,35.2965,9.162,27.3241,36.1663
350.0,699.0,9.1876,37.9121,98.68,185.1521,0.0223,0.0,100.0181,205.2865,48.734,-16.3599,0.0,0.0001,1.8772,-0.0004,6.4349,35.2883,9.1082,27.3265,36.1712
351.0,701.0,9.1433,37.8642,98.4416,186.2697,0.0216,0.0,100.0422,205.2865,48.734,-16.3599,0.0,0.0001,1.8793,0.0011,6.4415,35.2811,9.0639,27.328,36.1747
352.0,703.0,9.0698,37.7859,98.68,187.3373,0.0192,0.0,100.0148,205.2865,48.734,-16.3599,0.0,0.0001,1.8829,0.0019,6.4499,35.2709,8.9905,27.332,36.182
353.0,705.0,9.0123,37.7239,98.68,187.6571,0.0204,0.0,100.0233,205.2866,48.734,-16.3599,0.0,0.0001,1.8859,0.0015,6.452,35.2622,8.9331,27.3344,36.187
354.0,707.0,8.9806,37.6927,98.68,187.9931,0.0228,0.0,100.0267,205.2866,48.734,-16.3599,0.0,0.0001,1.8878,0.0011,6.4564,35.2599,8.9013,27.3377,36.1917
355.0,709.0,8.9831,37.6964,70.1829,187.8913,0.0239,0.0,100.0133,205.2866,48.734,-16.3599,0.0,0.0001,1.8885,0.0003,6.4615,35.2604,8.9035,27.3377,36.1917
356.0,711.0,8.9158,37.6246,98.68,188.0406,0.0209,0.0,100.0252,205.2866,48.734,-16.3599,0.0,0.0001,1.8882,0.0003,6.4641,35.251,8.8364,27.3411,36.1982
357.0,713.0,8.9127,37.6267,91.3029,187.8551,0.0237,0.0,100.0383,205.2866,48.734,-16.3599,0.0,0.0001,1.8879,-0.0004,6.4705,35.2555,8.8332,27.3452,36.2023
358.0,715.0,8.8612,37.5733,98.6741,187.9278,0.0234,0.0,100.0185,205.2867,48.734,-16.3599,0.0,0.0001,1.886,-0.0008,6.4899,35.2492,8.7816,27.3485,36.2079
359.0,717.0,8.7551,37.4587,98.1069,188.6689,0.0214,0.0,100.0179,205.2867,48.734,-16.3599,0.0,0.0001,1.8861,0.0002,6.4996,35.233,8.6759,27.3525,36.2169
360.0,719.0,8.6996,37.399,98.68,189.4506,0.0221,0.0,99.9745,205.2867,48.734,-16.3599,0.0,0.0001,1.888,0.0012,6.5003,35.2245,8.6205,27.3546,36.2215
361.0,721.0,8.6694,37.3717,98.68,189.2638,0.0228,0.0,100.0235,205.2867,48.734,-16.3599,0.0,0.0001,1.8886,0.0002,6.5074,35.2247,8.5902,27.3595,36.2277
362.0,723.0,8.6208,37.3223,98.68,189.1446,0.0207,0.0,100.0356,205.2867,48.734,-16.3599,0.0,0.0001,1.8872,-0.0005,6.5173,35.2197,8.5417,27.3632,36.2337
363.0,725.0,8.5621,37.2604,68.3833,188.7848,0.0223,0.0,100.0366,205.2868,48.734,-16.3599,0.0,0.0001,1.8854,-0.001,6.5214,35.2119,8.483,27.3662,36.2394
364.0,727.0,8.5237,37.2215,95.5937,189.3788,0.0233,0.0,100.0316,205.2868,48.734,-16.3599,0.0,0.0001,1.8852,-0.0001,6.5287,35.2078,8.4446,27.369,36.244
365.0,729.0,8.4777,37.1728,93.7703,189.5878,0.0225,0.0,100.0327,205.2868,48.734,-16.3599,0.0,0.0001,1.8852,0.0001,6.5297,35.2011,8.3986,27.3709,36.248
366.0,731.0,8.4625,37.1592,98.68,189.4596,0.0237,0.0,100.0376,205.2868,48.734,-16.3599,0.0,0.0001,1.8858,0.0001,6.5217,35.2009,8.3833,27.3731,36.2509
367.0,733.0,8.4745,37.1774,98.68,189.7288,0.0253,0.0,100.0326,205.2869,48.734,-16.3599,0.0,0.0001,1.8863,0.0007,6.5156,35.2073,8.395,27.3763,36.2535
368.0,735.0,8.5651,37.2916,83.9144,188.2661,0.0241,0.0,100.0437,205.2869,48.734,-16.3599,0.0,0.0001,1.8844,-0.0007,6.4911,35.2372,8.4848,27.3858,36.2585
369.0,737.0,8.6981,37.4544,88.8311,185.5225,0.018,0.0,100.0501,205.2869,48.734,-16.3599,0.0,0.0001,1.8757,-0.0042,6.4843,35.2758,8.6168,27.3954,36.2617
370.0,739.0,8.7405,37.5077,85.0868,183.9034,0.022,0.0,100.0531,205.2869,48.734,-16.3599,0.0,0.0001,1.8666,-0.0047,6.4746,35.2888,8.6587,27.399,36.2633
371.0,741.0,8.7568,37.5291,98.68,184.1486,0.0214,0.0,100.0502,205.2869,48.734,-16.3599,0.0,0.0001,1.862,-0.0026,6.47,35.2943,8.6748,27.4008,36.2643
372.0,743.0,8.8196,37.6058,98.68,184.1646,0.0202,0.0,100.0547,205.287,48.7341,-16.3599,0.0,0.0001,1.8608,-0.0017,6.4659,35.3117,8.7371,27.4045,36.2651
373.0,745.0,8.866,37.6626,98.68,184.4211,0.0225,0.0,100.06,205.287,48.7341,-16.3599,0.0,0.0001,1.8577,-0.0012,6.481,35.3242,8.7829,27.4071,36.2654
374.0,747.0,8.7944,37.5845,98.68,183.4612,0.0211,0.0,100.0711,205.287,48.7341,-16.3599,0.0,0.0001,1.8524,-0.0025,6.4893,35.3124,8.7114,27.4091,36.2707
375.0,749.0,8.6805,37.4558,98.68,185.3048,0.0258,0.0,100.049,205.287,48.7341,-16.3599,0.0,0.0001,1.8547,0.0014,6.4859,35.2893,8.598,27.409,36.2759
376.0,751.0,8.7174,37.5003,79.587,186.0893,0.0248,0.0,100.0649,205.2871,48.7341,-16.3599,0.0,0.0001,1.8574,0.0019,6.4892,35.2985,8.6344,27.4105,36.2757
377.0,753.0,8.704,37.4865,98.68,185.7926,0.0203,0.0,100.0523,205.2871,48.7341,-16.3599,0.0,0.0001,1.858,0.0002,6.5052,35.2962,8.6209,27.4107,36.2766
378.0,755.0,8.6775,37.4599,98.68,185.2566,0.0196,0.0,100.0516,205.2871,48.7341,-16.3599,0.0,0.0001,1.8545,-0.0022,6.55,35.2938,8.5943,27.4131,36.2802
379.0,757.0,8.4001,37.136,70.1118,186.1976,0.0215,0.0,100.0591,205.2871,48.7341,-16.3599,0.0,0.0001,1.8544,0.0001,6.538,35.2263,8.3183,27.4031,36.2834
380.0,759.0,8.2962,37.0368,92.3836,188.2565,0.0197,0.0,100.0548,205.2872,48.7341,-16.3599,0.0,0.0001,1.8602,0.0017,6.5662,35.2233,8.2147,27.4167,36.3017
381.0,761.0,8.2945,37.0362,98.68,186.7662,0.0212,0.0,100.0711,205.2872,48.7341,-16.3599,0.0,0.0001,1.8558,-0.0017,6.5818,35.2236,8.2129,27.4172,36.3022
382.0,763.0,8.1906,36.9296,98.68,186.9077,0.0214,0.0,100.0518,205.2872,48.7341,-16.3599,0.0,0.0001,1.8556,-0.0009,6.5713,35.2132,8.1093,27.4249,36.3147
383.0,765.0,8.1039,36.8267,98.68,189.3659,0.0224,0.0,100.0677,205.2872,48.7341,-16.3599,0.0,0.0001,1.8616,0.0027,6.5755,35.1888,8.0229,27.4188,36.3129
384.0,767.0,8.095,36.8245,98.68,189.0806,0.0239,0.0,100.0494,205.2872,48.7341,-16.3599,0.0,0.0001,1.8625,0.0002,6.599,35.1946,8.0139,27.4246,36.319
385.0,769.0,8.0116,36.7289,98.68,189.8849,0.0203,0.0,100.0711,205.2873,48.7341,-16.3599,0.0,0.0001,1.862,0.0012,6.6005,35.1745,7.9307,27.4214,36.3199
386.0,771.0,7.995,36.7164,98.68,190.3515,0.0225,0.0,100.0652,205.2873,48.7341,-16.3599,0.0,0.0001,1.8663,0.0011,6.6086,35.1766,7.9139,27.4256,36.3248
387.0,773.0,7.9689,36.6902,98.68,190.3054,0.0224,0.0,100.0672,205.2873,48.7341,-16.3599,0.0,0.0001,1.8662,0.0003,6.6142,35.1738,7.8878,27.4273,36.3277
388.0,775.0,7.9227,36.6418,98.68,190.7898,0.0215,0.0,100.0711,205.2873,48.7341,-16.3599,0.0,0.0001,1.8681,0.0007,6.6185,35.1672,7.8416,27.429,36.3316
389.0,777.0,7.8905,36.6101,72.4908,190.9363,0.0212,0.0,100.054,205.2874,48.7341,-16.3599,0.0,0.0001,1.8691,0.0004,6.6198,35.1645,7.8094,27.4317,36.3358
390.0,779.0,7.8701,36.5896,98.68,191.1014,0.0224,0.0,100.0711,205.2874,48.7341,-16.3599,0.0,0.0001,1.8698,0.0005,6.6207,35.1622,7.7888,27.4329,36.3379
391.0,781.0,7.8671,36.5874,94.9739,191.3416,0.0236,0.0,100.0795,205.2874,48.7341,-16.3599,0.0,0.0001,1.8704,0.0002,6.6306,35.1619,7.7857,27.4332,36.3384
392.0,783.0,7.8385,36.5576,98.68,190.84,0.0199,0.0,100.0711,205.2874,48.7341,-16.3599,0.0,0.0001,1.8687,-0.0009,6.6381,35.1577,7.757,27.4341,36.3407
393.0,785.0,7.7726,36.4929,98.68,191.32,0.0228,0.0,100.0711,205.2874,48.7341,-16.3599,0.0,0.0001,1.8689,-0.0002,6.6404,35.1533,7.6913,27.4404,36.35
394.0,787.0,7.7362,36.4561,87.5843,192.104,0.024,0.0,100.0751,205.2875,48.7341,-16.3599,0.0,0.0001,1.8705,0.0006,6.6472,35.1491,7.6548,27.4424,36.3538
395.0,789.0,7.7072,36.4268,98.68,191.9375,0.019,0.0,100.1,205.2875,48.7341,-16.3599,0.0,0.0001,1.8706,-0.0001,6.6496,35.1458,7.6259,27.4441,36.3568
396.0,791.0,7.686,36.4095,98.68,192.3846,0.0199,0.0,100.0778,205.2875,48.7341,-16.3599,0.0,0.0001,1.8719,0.0006,6.647,35.1475,7.6046,27.4486,36.3622
397.0,793.0,7.681,36.4107,98.68,192.7309,0.0224,0.0,100.0509,205.2875,48.7341,-16.3599,0.0,0.0001,1.8738,0.001,6.6414,35.1527,7.5994,27.4534,36.3672
398.0,795.0,7.7265,36.465,98.68,192.1527,0.0231,0.0,100.0711,205.2876,48.7341,-16.3599,0.0,0.0001,1.8735,-0.0004,6.6448,35.1648,7.6444,27.4563,36.3679
399.0,797.0,7.7162,36.4566,84.2934,191.5683,0.0216,0.0,100.1,205.2876,48.7341,-16.3599,0.0,0.0001,1.873,-0.0007,6.6317,35.1651,7.6339,27.4581,36.3701
400.0,799.0,7.7301,36.476,91.6853,192.1873,0.0233,0.0,100.0865,205.2876,48.7341,-16.3599,0.0,0.0001,1.8732,0.0009,6.6183,35.1709,7.6475,27.4607,36.372
401.0,801.0,7.8365,36.5986,98.2191,191.0855,0.0239,0.0,100.1045,205.2876,48.7341,-16.3599,0.0,0.0001,1.8726,-0.0007,6.6106,35.1951,7.753,27.4641,36.3703
402.0,803.0,7.9006,36.672,98.68,190.1615,0.0238,0.0,100.1208,205.2876,48.7341,-16.3599,0.0,0.0001,1.8679,-0.0016,6.6055,35.2087,7.8165,27.4654,36.3685
403.0,805.0,7.947,36.7261,98.68,190.0123,0.0233,-0.0001,100.1288,205.2877,48.7341,-16.3599,0.0,0.0001,1.8657,-0.0012,6.6033,35.2195,7.8624,27.467,36.3679
404.0,807.0,7.982,36.7673,98.68,189.4399,0.0226,-0.0001,100.1171,205.2877,48.7341,-16.3599,0.0,0.0001,1.8623,-0.002,6.6148,35.2276,7.897,27.4682,36.3674
405.0,809.0,7.9376,36.7196,44.3242,189.2525,0.0253,-0.0001,100.1288,205.2877,48.7341,-16.3599,0.0,0.0001,1.8608,-0.0017,6.6107,35.2201,7.8526,27.4689,36.3702
406.0,811.0,7.8656,36.6412,93.5909,190.7346,0.0248,0.0,100.1175,205.2877,48.7341,-16.3599,0.0,0.0001,1.8616,0.0002,6.6267,35.2069,7.7809,27.4693,36.374
407.0,813.0,7.83,36.6019,98.6802,190.5386,0.02,-0.0001,100.1185,205.2878,48.7342,-16.3599,0.0,0.0001,1.8602,-0.0009,6.6495,35.1997,7.7452,27.4688,36.3753
408.0,815.0,7.726,36.4885,98.68,191.6447,0.022,-0.0001,100.1288,205.2878,48.7342,-16.3599,0.0,0.0001,1.8607,0.0005,6.6562,35.1809,7.6417,27.4694,36.3808
409.0,817.0,7.6494,36.4112,98.68,192.7219,0.0236,-0.0001,100.1288,205.2878,48.7342,-16.3599,0.0,0.0001,1.8632,0.0018,6.6593,35.1737,7.5653,27.4749,36.39
410.0,819.0,7.6147,36.3805,87.0714,193.4627,0.0238,0.0,100.0954,205.2878,48.7342,-16.3599,0.0,0.0001,1.8668,0.0017,6.6697,35.1745,7.5306,27.4806,36.3972
411.0,821.0,7.557,36.319,98.68,193.5855,0.0234,-0.0001,100.1164,205.2879,48.7342,-16.3599,0.0,0.0001,1.8681,0.0005,6.6858,35.1651,7.4731,27.4815,36.4009
412.0,823.0,7.4851,36.2381,98.68,193.3053,0.0216,-0.0001,100.118,205.2879,48.7342,-16.3599,0.0,0.0001,1.8681,0.0003,6.6723,35.1491,7.4014,27.4793,36.4023
413.0,825.0,7.4364,36.188,98.68,195.5541,0.0226,-0.0001,100.127,205.2879,48.7342,-16.3599,0.0,0.0001,1.8746,0.0028,6.6839,35.1428,7.3528,27.4814,36.4067
414.0,827.0,7.4124,36.1627,98.68,194.2601,0.024,0.0,100.1112,205.2879,48.7342,-16.3599,0.0,0.0001,1.8738,-0.0003,6.6937,35.1387,7.3287,27.4816,36.408
415.0,829.0,7.406,36.1572,53.5138,194.6494,0.0225,-0.0001,100.1216,205.2879,48.7342,-16.3599,0.0,0.0001,1.8742,0.0001,6.6959,35.1382,7.3222,27.4821,36.4089
416.0,831.0,7.3889,36.1385,98.68,195.5169,0.0214,-0.0001,100.1288,205.288,48.7342,-16.3599,0.0,0.0001,1.8761,0.0012,6.6948,35.1341,7.305,27.4814,36.409
417.0,833.0,7.3835,36.135,95.5742,195.7921,0.0209,-0.0001,100.1274,205.288,48.7342,-16.3599,0.0,0.0001,1.8784,0.0013,6.6904,35.1348,7.2994,27.4827,36.4105
418.0,835.0,7.4119,36.17,98.68,195.4185,0.0213,-0.0001,100.1245,205.288,48.7342,-16.3599,0.0,0.0001,1.8797,0.0002,6.687,35.1432,7.3273,27.4853,36.4118
419.0,837.0,7.4266,36.1883,98.68,194.6503,0.0193,-0.0001,100.1252,205.288,48.7342,-16.3599,0.0,0.0001,1.8785,-0.0008,6.681,35.1473,7.3417,27.4865,36.4122
420.0,839.0,7.4405,36.2066,98.68,195.0769,0.0256,0.0,100.1168,205.2881,48.7342,-16.3599,0.0,0.0001,1.8791,0.0002,6.6727,35.1523,7.3554,27.4885,36.4135
421.0,841.0,7.5046,36.2779,63.6123,194.6592,0.0222,-0.0001,100.1228,205.2881,48.7342,-16.3599,0.0,0.0001,1.8791,-0.0001,6.6627,35.1639,7.4188,27.4885,36.4104
422.0,843.0,7.5637,36.3507,88.2637,193.5931,0.0212,-0.0001,100.1288,205.2881,48.7342,-16.3599,0.0,0.0001,1.8754,-0.0015,6.6592,35.1822,7.4773,27.4944,36.4134
423.0,845.0,7.6092,36.4036,98.6801,193.5715,0.0215,-0.0001,100.1251,205.2881,48.7342,-16.3599,0.0,0.0001,1.8742,-0.0005,6.6488,35.1926,7.5223,27.4961,36.4128
424.0,847.0,7.6577,36.464,98.68,193.0624,0.0186,-0.0001,100.1288,205.2882,48.7342,-16.3599,0.0,0.0001,1.8713,-0.0016,6.6608,35.2082,7.5703,27.5013,36.4156
425.0,849.0,7.6687,36.475,98.68,191.8679,0.0208,-0.0001,100.1288,205.2882,48.7342,-16.3599,0.0,0.0001,1.868,-0.0029,6.6604,35.2081,7.581,27.4996,36.4135
426.0,851.0,7.5859,36.3894,98.68,193.1684,0.0221,-0.0001,100.1288,205.2882,48.7342,-16.3599,0.0,0.0001,1.8681,-0.0001,6.6574,35.1979,7.4984,27.5037,36.4214
427.0,853.0,7.6026,36.4128,98.68,193.6574,0.0181,0.0,100.0938,205.2882,48.7342,-16.3599,0.0,0.0001,1.8703,0.001,6.6393,35.2055,7.5148,27.5072,36.4241
428.0,855.0,7.6834,36.5183,98.68,193.013,0.0205,0.0,100.1058,205.2882,48.7342,-16.3599,0.0,0.0001,1.8706,0.0003,6.6238,35.2372,7.595,27.5205,36.4332
429.0,857.0,7.7743,36.6179,98.68,191.9178,0.0219,0.0,100.1177,205.2883,48.7342,-16.3599,0.0,0.0001,1.8678,-0.0015,6.6231,35.2524,7.685,27.5192,36.4276
430.0,859.0,7.8114,36.6653,98.68,191.0972,0.022,-0.0001,100.1288,205.2883,48.7342,-16.3599,0.0,0.0001,1.8656,-0.0023,6.6227,35.2649,7.7216,27.5236,36.4302
431.0,861.0,7.8732,36.7408,78.5767,191.1715,0.0242,0.0,100.1008,205.2883,48.7342,-16.3599,0.0,0.0001,1.862,-0.0009,6.6128,35.2828,7.7827,27.5287,36.4322
432.0,863.0,7.8913,36.764,93.3167,190.6848,0.0213,0.0,100.1185,205.2883,48.7342,-16.3599,0.0,0.0001,1.8596,-0.0015,6.6178,35.2888,7.8006,27.5307,36.4333
433.0,865.0,7.8664,36.7399,98.6796,190.5889,0.0188,0.0,100.1144,205.2884,48.7342,-16.3599,0.0,0.0001,1.8573,-0.0011,6.6148,35.2869,7.7756,27.5329,36.4367
434.0,867.0,7.8447,36.7205,98.68,191.5379,0.0208,0.0,100.1086,205.2884,48.7342,-16.3599,0.0,0.0001,1.8576,0.0006,6.6161,35.2867,7.7537,27.536,36.4408
435.0,869.0,7.8727,36.7532,98.68,191.6253,0.022,0.0,100.1082,205.2884,48.7342,-16.3599,0.0,0.0001,1.8584,0.0006,6.6175,35.293,7.7814,27.5369,36.4403
436.0,871.0,7.8552,36.7343,92.9958,191.24,0.0201,0.0,100.0788,205.2884,48.7343,-16.3599,0.0,0.0001,1.8567,-0.0003,6.6243,35.2893,7.7638,27.5366,36.4409
437.0,873.0,7.7965,36.6726,98.68,191.5573,0.0238,0.0,100.0979,205.2885,48.7342,-16.3599,0.0,0.0001,1.8565,0.0,6.6276,35.2807,7.7052,27.5385,36.4456
438.0,875.0,7.7866,36.6616,98.68,191.7591,0.0229,0.0,100.092,205.2885,48.7342,-16.3599,0.0,0.0001,1.8574,0.0003,6.6269,35.278,7.6952,27.5378,36.4454
439.0,877.0,7.7713,36.6458,98.68,192.5695,0.0222,0.0,100.0839,205.2885,48.7342,-16.3599,0.0,0.0001,1.8584,0.0012,6.6361,35.2757,7.6798,27.5383,36.4466
440.0,879.0,7.7439,36.6198,98.68,192.4101,0.0211,0.0,100.068,205.2885,48.7343,-16.3599,0.0,0.0001,1.8598,0.0008,6.6288,35.2745,7.6524,27.5414,36.451
441.0,881.0,7.7916,36.6806,83.1056,192.3251,0.0213,0.0,100.0793,205.2885,48.7343,-16.3599,0.0,0.0001,1.8624,0.0007,6.6072,35.2908,7.6995,27.5473,36.4545
442.0,883.0,7.8952,36.808,98.68,190.6726,0.0194,0.0,100.0711,205.2886,48.7343,-16.3599,0.0,0.0001,1.8608,-0.0019,6.6051,35.3224,7.8022,27.5569,36.459
443.0,885.0,7.9198,36.8354,98.5924,189.9699,0.0227,0.0,100.0741,205.2886,48.7343,-16.3599,0.0,0.0001,1.8553,-0.0022,6.5997,35.3263,7.8264,27.5563,36.4573
444.0,887.0,7.9511,36.8779,98.68,190.2201,0.0245,0.0,100.0711,205.2886,48.7343,-16.3599,0.0,0.0001,1.8541,-0.0012,6.6002,35.3395,7.8573,27.5621,36.4614
445.0,889.0,7.9513,36.8759,98.68,189.9786,0.0187,0.0,100.0711,205.2886,48.7343,-16.3599,0.0,0.0001,1.8522,-0.0013,6.6046,35.3362,7.8572,27.5595,36.4589
446.0,891.0,7.9257,36.849,98.6807,190.358,0.0157,0.0,100.0595,205.2886,48.7343,-16.3599,0.0,0.0001,1.8504,-0.0002,6.6029,35.3323,7.8316,27.5602,36.4608
447.0,893.0,7.9367,36.8637,66.0763,190.3865,0.023,0.0,100.0391,205.2887,48.7343,-16.3599,0.0,0.0001,1.8498,-0.0003,6.6061,35.336,7.8423,27.5616,36.4616
448.0,895.0,7.9279,36.8556,98.68,190.0809,0.0201,0.0,100.0566,205.2887,48.7343,-16.3599,0.0,0.0001,1.8497,-0.0006,6.6052,35.3351,7.8333,27.5622,36.4627
449.0,897.0,7.9062,36.8349,94.1535,190.6444,0.0182,0.0,100.0241,205.2887,48.7343,-16.3599,0.0,0.0001,1.8496,0.0001,6.6093,35.3338,7.8115,27.5644,36.4659
450.0,899.0,7.9129,36.8406,98.513,190.2557,0.0215,0.0,100.0328,205.2887,48.7343,-16.3599,0.0,0.0001,1.8483,-0.0007,6.613,35.3324,7.818,27.5624,36.4636
451.0,901.0,7.8748,36.804,98.4725,190.7512,0.0237,0.0,100.0216,205.2888,48.7343,-16.3599,0.0,0.0001,1.8498,0.0001,6.6128,35.3306,7.7799,27.5666,36.4696
452.0,903.0,7.8713,36.8033,98.68,191.2362,0.0237,0.0,100.0258,205.2888,48.7343,-16.3599,0.0,0.0001,1.8502,0.0007,6.613,35.3322,7.7762,27.5684,36.4716
453.0,905.0,7.8719,36.8067,98.68,190.8104,0.0223,0.0,100.0193,205.2888,48.7343,-16.3599,0.0,0.0001,1.8498,-0.0003,6.6144,35.3341,7.7765,27.5699,36.473
454.0,907.0,7.8611,36.7986,98.68,191.4277,0.0215,0.0,100.0133,205.2888,48.7343,-16.3599,0.0,0.0001,1.851,0.0007,6.6135,35.3354,7.7656,27.5725,36.4761
455.0,909.0,7.8649,36.8048,84.7377,191.5778,0.0215,0.0,100.0074,205.2888,48.7343,-16.3599,0.0,0.0001,1.8523,0.0007,6.6093,35.3375,7.7691,27.5736,36.477
456.0,911.0,7.8982,36.8497,92.4,190.781,0.0244,0.0,100.0133,205.2889,48.7343,-16.3599,0.0,0.0001,1.8498,-0.0009,6.611,35.351,7.802,27.5794,36.4811
457.0,913.0,7.8732,36.8251,98.68,191.2253,0.0229,0.0,100.0133,205.2889,48.7343,-16.3599,0.0,0.0001,1.8504,-0.0001,6.6111,35.3488,7.7768,27.5814,36.4843
458.0,915.0,7.8794,36.8354,98.68,191.6203,0.0242,0.0,100.0133,205.2889,48.7343,-16.3599,0.0,0.0001,1.8511,0.0005,6.6113,35.3528,7.7829,27.5836,36.4861
459.0,917.0,7.8775,36.8326,98.68,191.3168,0.024,0.0,99.9845,205.2889,48.7343,-16.3599,0.0,0.0001,1.8517,-0.0002,6.614,35.351,7.7807,27.5825,36.4852
460.0,919.0,7.859,36.8151,47.1477,191.7809,0.0217,0.0,99.9783,205.289,48.7343,-16.3599,0.0,0.0001,1.8524,0.0003,6.6138,35.3497,7.7621,27.5843,36.4878
461.0,921.0,7.8548,36.8128,98.6774,192.082,0.0208,0.0,99.9917,205.289,48.7343,-16.3599,0.0,0.0001,1.853,0.0007,6.6168,35.3504,7.7577,27.5855,36.4892
462.0,923.0,7.8392,36.7994,84.8789,191.7531,0.0177,0.0,99.9769,205.289,48.7343,-16.3599,0.0,0.0001,1.8529,-0.0001,6.617,35.3509,7.7421,27.5882,36.4926
463.0,925.0,7.8377,36.8017,98.68,191.8826,0.0162,0.0,99.9783,205.289,48.7343,-16.3599,0.0,0.0001,1.8527,-0.0001,6.6175,35.354,7.7404,27.5909,36.4953
464.0,927.0,7.8353,36.8015,98.68,192.3052,0.0185,0.0,99.9556,205.2891,48.7343,-16.3599,0.0,0.0001,1.8535,0.0004,6.6179,35.3552,7.7378,27.5923,36.4968
465.0,929.0,7.8327,36.8002,98.68,191.9897,0.0209,0.0,99.9556,205.2891,48.7343,-16.3599,0.0,0.0001,1.853,-0.0002,6.6186,35.3556,7.7349,27.593,36.4976
466.0,931.0,7.8297,36.797,98.68,191.9176,0.0215,0.0,99.9556,205.2891,48.7343,-16.3599,0.0,0.0001,1.8525,-0.0004,6.6204,35.3541,7.7318,27.5923,36.4971
467.0,933.0,7.8095,36.7768,81.9065,192.593,0.0212,0.0,99.9556,205.2891,48.7343,-16.3599,0.0,0.0001,1.8529,0.0001,6.6317,35.352,7.7115,27.5936,36.4993
468.0,935.0,7.7719,36.7334,98.68,192.508,0.0203,0.0,99.9465,205.2891,48.7343,-16.3599,0.0,0.0001,1.8523,-0.0007,6.6501,35.3422,7.6739,27.5915,36.4991
469.0,937.0,7.6529,36.6073,98.68,194.1255,0.0179,0.0,99.8813,205.2892,48.7344,-16.3599,0.0,0.0001,1.8537,0.001,6.6672,35.3252,7.5555,27.5955,36.5087
470.0,939.0,7.603,36.551,98.68,194.5804,0.0218,0.0,99.9391,205.2892,48.7344,-16.3599,0.0,0.0001,1.8553,0.0012,6.671,35.3139,7.5057,27.5939,36.5096
471.0,941.0,7.4885,36.4309,98.68,196.729,0.0226,0.0,99.9373,205.2892,48.7344,-16.3599,0.0,0.0001,1.8604,0.0024,6.6974,35.2987,7.3918,27.5984,36.5196
472.0,943.0,7.3923,36.3258,95.0816,196.6071,0.022,0.0,99.9267,205.2892,48.7344,-16.3599,0.0,0.0001,1.8616,-0.0004,6.7393,35.281,7.2961,27.5983,36.5241
473.0,945.0,7.1601,36.0734,75.7872,198.5544,0.0235,0.0,99.9141,205.2893,48.7344,-16.3599,0.0,0.0001,1.8657,0.0019,6.7538,35.2406,7.0654,27.5992,36.5363
474.0,947.0,7.0518,35.9534,97.8557,200.5509,0.0218,0.0,99.9198,205.2893,48.7344,-16.3599,0.0,0.0001,1.8712,0.0038,6.7547,35.2184,6.9577,27.5968,36.5393
475.0,949.0,6.9801,35.883,95.5392,202.1165,0.0181,0.0,99.9401,205.2893,48.7344,-16.3599,0.0,0.0001,1.8799,0.0043,6.7545,35.213,6.8862,27.6026,36.5484
476.0,951.0,6.9778,35.8815,98.68,202.1554,0.0196,0.0,99.9103,205.2893,48.7344,-16.3599,0.0,0.0001,1.8853,0.002,6.7682,35.2126,6.8837,27.6026,36.5486
477.0,953.0,6.9344,35.8323,80.7196,201.3489,0.0151,0.0,99.9035,205.2894,48.7344,-16.3599,0.0,0.0001,1.8852,-0.0007,6.7902,35.2019,6.8405,27.6001,36.5483
478.0,955.0,6.8173,35.7108,98.68,202.5921,0.0153,0.0,99.9267,205.2894,48.7344,-16.3599,0.0,0.0001,1.887,0.0014,6.7825,35.1864,6.724,27.6039,36.5578
479.0,957.0,6.7689,35.6587,98.68,203.8839,0.016,0.0,99.9148,205.2894,48.7344,-16.3599,0.0,0.0001,1.8926,0.0028,6.783,35.1776,6.6758,27.6036,36.5598
480.0,959.0,6.7225,35.6109,98.68,204.5191,0.0199,0.0,99.9232,205.2894,48.7344,-16.3599,0.0,0.0001,1.8948,0.002,6.7998,35.1712,6.6295,27.6048,36.5633
481.0,961.0,6.7115,35.5985,98.68,204.6061,0.0207,0.0,99.9211,205.2894,48.7344,-16.3599,0.0,0.0001,1.8974,0.0012,6.8015,35.1679,6.6184,27.6037,36.5629
482.0,963.0,6.699,35.5893,98.68,205.0667,0.0206,0.0,99.9326,205.2895,48.7344,-16.3599,0.0,0.0001,1.8994,0.0012,6.8033,35.1695,6.6057,27.6067,36.5664
483.0,965.0,6.693,35.5837,85.5167,204.76,0.0204,0.0,99.9397,205.2895,48.7344,-16.3599,0.0,0.0001,1.9002,0.0003,6.8035,35.1681,6.5996,27.6064,36.5664
484.0,967.0,6.6752,35.5676,98.68,205.3454,0.0206,0.0,99.9363,205.2895,48.7344,-16.3599,0.0,0.0001,1.9017,0.0009,6.8022,35.1676,6.5817,27.6084,36.5693
485.0,969.0,6.6594,35.5511,98.68,205.4161,0.024,0.0,99.9403,205.2895,48.7344,-16.3599,0.0,0.0001,1.903,0.0005,6.8076,35.1647,6.5659,27.6083,36.5699
486.0,971.0,6.6602,35.5558,74.8603,205.2067,0.0222,0.0,99.946,205.2895,48.7344,-16.3599,0.0,0.0001,1.9024,0.0,6.8064,35.1683,6.5664,27.611,36.5726
487.0,973.0,6.6655,35.5633,98.68,205.4787,0.0213,0.0,99.9429,205.2896,48.7344,-16.3599,0.0,0.0001,1.9034,0.0004,6.8029,35.1698,6.5714,27.6116,36.5729
488.0,975.0,6.6711,35.5724,72.8833,205.8079,0.0201,0.0,99.932,205.2896,48.7344,-16.3599,0.0,0.0001,1.9045,0.0008,6.7998,35.1733,6.5768,27.6137,36.5746
489.0,977.0,6.6889,35.5973,98.68,205.9177,0.0198,0.0,99.9567,205.2896,48.7344,-16.3599,0.0,0.0001,1.9055,0.0007,6.7988,35.1819,6.5943,27.618,36.5781
490.0,979.0,6.7076,35.6201,98.68,205.8966,0.015,0.0,99.9649,205.2896,48.7344,-16.3599,0.0,0.0001,1.9062,0.0005,6.7974,35.187,6.6126,27.6196,36.5787
491.0,981.0,6.7204,35.636,98.68,205.4927,0.0196,0.0,99.9267,205.2897,48.7344,-16.3599,0.0,0.0001,1.9059,-0.0002,6.7939,35.1905,6.6251,27.6206,36.5791
492.0,983.0,6.7343,35.6549,98.5388,204.8774,0.0216,0.0,99.9603,205.2897,48.7344,-16.3599,0.0,0.0001,1.9041,-0.0009,6.7916,35.196,6.6387,27.6232,36.5809
493.0,985.0,6.748,35.673,98.68,205.0862,0.0222,0.0,99.9708,205.2897,48.7344,-16.3599,0.0,0.0001,1.9032,-0.0004,6.7932,35.201,6.6521,27.6253,36.5823
494.0,987.0,6.7587,35.6892,98.68,204.9765,0.0184,0.0,99.976,205.2897,48.7344,-16.3599,0.0,0.0001,1.903,-0.0004,6.7903,35.207,6.6625,27.6286,36.585
495.0,989.0,6.7553,35.6851,98.68,204.914,0.0192,0.0,99.9773,205.2898,48.7344,-16.3599,0.0,0.0001,1.9021,-0.0005,6.7918,35.2052,6.6589,27.6277,36.5843
496.0,991.0,6.753,35.6866,98.68,204.2669,0.0188,0.0,99.9689,205.2898,48.7344,-16.3599,0.0,0.0001,1.8999,-0.0011,6.7893,35.2083,6.6564,27.6304,36.5871
497.0,993.0,6.7471,35.682,80.7127,205.0824,0.0214,0.0,99.9949,205.2898,48.7344,-16.3599,0.0,0.0001,1.8999,0.0001,6.7904,35.2083,6.6503,27.6312,36.5882
498.0,995.0,6.7584,35.6985,92.0567,205.4572,0.0228,0.0,99.9909,205.2898,48.7344,-16.3599,0.0,0.0001,1.9014,0.0005,6.7907,35.2137,6.6613,27.634,36.5904
499.0,997.0,6.7554,35.6951,98.68,204.7797,0.0232,0.0,99.9834,205.2898,48.7345,-16.3599,0.0,0.0001,1.9003,-0.0005,6.7889,35.2124,6.6582,27.6334,36.59
500.0,999.0,6.7602,35.7043,98.5829,205.3089,0.0189,0.0,99.9949,205.2899,48.7345,-16.3599,0.0,0.0001,1.901,0.0003,6.7895,35.2164,6.6626,27.636,36.5923
501.0,1001.0,6.7722,35.7176,93.5334,204.913,0.0212,0.0,99.9829,205.29,48.7345,-16.3599,0.0,0.0001,1.9003,-0.0003,6.7873,35.2178,6.6744,27.6355,36.5912
502.0,1003.0,6.7623,35.7111,98.6805,204.683,0.0247,0.0,99.9882,205.2901,48.7345,-16.3599,0.0,0.0001,1.898,-0.0002,6.7886,35.2198,6.6643,27.6385,36.5946
503.0,1005.0,6.7588,35.7121,84.0733,205.0664,0.0229,0.0,99.9916,205.2901,48.7345,-16.3599,0.0,0.0001,1.8987,0.0001,6.7908,35.2237,6.6607,27.642,36.5983
504.0,1007.0,6.7432,35.7001,95.6554,205.4468,0.0216,0.0,99.9854,205.2902,48.7345,-16.3599,0.0,0.0001,1.8999,0.0002,6.7913,35.2254,6.6449,27.6455,36.6025
505.0,1009.0,6.7427,35.7031,97.4084,205.4322,0.0198,0.0,99.9138,205.2907,48.7346,-16.3598,0.0,0.0001,1.9013,-0.0001,6.7912,35.2281,6.6442,27.6477,36.6047
506.0,1011.0,6.7445,35.7076,94.1436,205.5349,0.0207,0.0001,99.8612,205.2911,48.7347,-16.3598,0.0,0.0001,1.9013,0.0,6.7913,35.2305,6.6458,27.6494,36.6062
