Datacycle,press,temp,cond,alt,oxygen,fluor,atten,trans,jday,lat,lon,PAR,UPAR,oxV,oxdVdt,oxysat,salin,potemp,sigma0,sigma2
1.0,1.0,15.3628,43.9234,72.8731,241.6242,0.0034,0.0048,88.6228,217.691,49.0892,-16.9079,0.0,0.0001,2.6974,-0.0018,5.626,35.5873,15.3626,26.3443,34.9392
2.0,3.0,15.3653,43.9299,98.7058,242.5705,0.238,0.0074,83.3268,217.6911,49.0892,-16.9079,0.0,0.0001,2.6995,0.0012,5.6259,35.59,15.3647,26.3459,34.9407
3.0,5.0,15.3648,43.9291,67.589,243.1664,0.4438,0.0063,85.726,217.6911,49.0892,-16.9079,0.0,0.0001,2.705,0.0007,5.6264,35.5893,15.3641,26.3454,34.9403
4.0,7.0,15.3531,43.918,98.7062,243.8005,0.6625,0.0042,90.0121,217.6912,49.0892,-16.9078,0.0,0.0001,2.71,0.0008,5.6268,35.5888,15.352,26.3478,34.9431
5.0,9.0,15.3569,43.9232,95.1073,243.5979,0.8327,0.0042,90.1105,217.6913,49.0892,-16.9078,0.0,0.0001,2.7104,-0.0003,5.6269,35.5894,15.3555,26.3474,34.9426
6.0,11.0,15.3552,43.9228,78.3749,243.6509,0.8916,0.0041,90.1722,217.6914,49.0891,-16.9078,0.0,0.0001,2.7093,0.0001,5.6271,35.5896,15.3535,26.3481,34.9433
7.0,13.0,15.3571,43.9255,95.3597,243.843,0.9346,0.0041,90.1392,217.6914,49.0891,-16.9078,0.0,0.0001,2.7106,0.0001,5.6269,35.5896,15.3551,26.3477,34.9429
8.0,15.0,15.3556,43.9246,97.0349,244.2599,0.8807,0.0041,90.1785,217.6915,49.0891,-16.9078,0.0,0.0001,2.7111,0.0011,5.6266,35.5893,15.3533,26.3479,34.9431
9.0,17.0,15.355,43.9248,98.71,244.1926,1.1656,0.0041,90.1835,217.6915,49.0891,-16.9078,0.0,0.0001,2.7118,0.0002,5.6265,35.5891,15.3524,26.3479,34.9432
10.0,19.0,15.3524,43.9232,98.71,244.3835,1.2998,0.0041,90.1563,217.6915,49.0891,-16.9078,0.0,0.0001,2.7124,0.0003,5.6278,35.5893,15.3494,26.3487,34.9441
11.0,21.0,15.3378,43.9077,80.2783,243.9821,1.0186,0.0041,90.2728,217.6916,49.0891,-16.9078,0.0,0.0001,2.7107,-0.001,5.6304,35.5877,15.3346,26.3508,34.9467
12.0,23.0,15.322,43.8912,41.8348,243.5841,1.1253,0.0041,90.3254,217.6916,49.0891,-16.9078,0.0,0.0001,2.7059,-0.0014,5.6323,35.5861,15.3184,26.3532,34.9498
13.0,25.0,15.3093,43.8797,98.5956,244.1196,1.0066,0.0041,90.2632,217.6916,49.0891,-16.9078,0.0,0.0001,2.7066,0.0006,5.6308,35.5864,15.3054,26.3564,34.9534
14.0,27.0,15.304,43.8752,98.6807,243.7851,0.9606,0.0041,90.3316,217.6917,49.0891,-16.9078,0.0,0.0001,2.7048,-0.0009,5.634,35.5864,15.2999,26.3576,34.9548
15.0,29.0,15.2974,43.8691,98.7032,242.7573,1.006,0.0039,90.6276,217.6917,49.0891,-16.9078,0.0,0.0001,2.6986,-0.0026,5.6352,35.5863,15.293,26.359,34.9565
16.0,31.0,15.2831,43.858,91.9396,243.0066,0.9623,0.0038,90.8588,217.6917,49.0891,-16.9078,0.0,0.0001,2.6963,-0.0008,5.6356,35.5882,15.2784,26.3638,34.9617
17.0,33.0,15.2796,43.8548,22.912,242.974,0.9365,0.0038,91.0,217.6918,49.0891,-16.9078,0.0,0.0001,2.6947,-0.0006,5.6361,35.5875,15.2746,26.3641,34.9622
18.0,35.0,15.2755,43.8505,93.5282,242.2055,0.9341,0.0037,91.1603,217.6918,49.0891,-16.9078,0.0,0.0001,2.6903,-0.0018,5.6368,35.5866,15.2702,26.3644,34.9626
19.0,37.0,15.2715,43.8472,98.7193,241.8971,0.9626,0.0035,91.4886,217.6918,49.0891,-16.9078,0.0,0.0001,2.6856,-0.0013,5.6369,35.5863,15.2658,26.3651,34.9635
20.0,39.0,15.2694,43.8452,83.2313,242.2741,0.8692,0.0035,91.5979,217.6919,49.0891,-16.9078,0.0,0.0001,2.686,-0.0001,5.6371,35.5857,15.2634,26.3652,34.9637
21.0,41.0,15.2683,43.8451,98.71,241.6994,0.8906,0.0034,91.7797,217.6919,49.0891,-16.9078,0.0,0.0001,2.6811,-0.0012,5.6375,35.5858,15.262,26.3656,34.9641
22.0,43.0,15.2664,43.844,98.71,241.5046,0.9054,0.0034,91.8548,217.6919,49.0891,-16.9078,0.0,0.0001,2.6794,-0.001,5.6377,35.5857,15.2599,26.366,34.9646
23.0,45.0,15.254,43.8334,59.5132,241.9805,0.7604,0.0033,92.1499,217.692,49.0891,-16.9078,0.0,0.0001,2.6804,0.0002,5.6403,35.5862,15.247,26.3692,34.9683
24.0,47.0,15.2291,43.8085,90.1867,241.2476,0.7752,0.0033,92.2101,217.692,49.0891,-16.9078,0.0,0.0001,2.662,-0.0089,5.7423,35.5857,15.2219,26.3745,34.9744
25.0,49.0,14.7873,43.3761,74.1296,230.6014,0.6635,0.0023,94.2126,217.692,49.0891,-16.9078,0.0,0.0001,2.6045,-0.0308,5.784,35.5926,14.7799,26.4774,35.0931
26.0,51.0,13.8012,42.4272,58.0726,232.6045,0.4023,0.0015,96.3322,217.6921,49.089,-16.9078,0.0,0.0001,2.5948,-0.0076,5.6933,35.6198,13.7939,26.7091,35.3606
27.0,53.0,13.2255,41.8792,98.71,235.1037,0.3161,0.0018,95.6047,217.6921,49.0891,-16.9078,0.0,0.0001,2.5802,-0.0124,5.8655,35.6386,13.2181,26.8435,35.5163
28.0,55.0,13.1167,41.7743,98.695,226.084,0.217,0.001,97.6127,217.6921,49.089,-16.9078,0.0,0.0001,2.5141,-0.0186,5.8602,35.6403,13.109,26.8671,35.544
29.0,57.0,12.909,41.5773,98.695,231.0136,0.1402,0.0008,98.108,217.6922,49.089,-16.9078,0.0,0.0001,2.5195,0.0001,5.8453,35.6466,12.9012,26.914,35.5987
30.0,59.0,12.8058,41.4882,85.2172,233.7262,0.1009,0.0008,97.9591,217.6922,49.089,-16.9078,0.0,0.0001,2.5364,-0.0005,5.8726,35.6581,12.7979,26.9437,35.6323
31.0,61.0,12.7274,41.424,98.7025,229.8379,0.0701,0.0005,98.7703,217.6922,49.089,-16.9078,0.0,0.0001,2.5004,-0.008,5.9365,35.6692,12.7191,26.968,35.6595
32.0,63.0,12.692,41.3846,98.71,231.5654,0.0561,0.0005,98.8295,217.6923,49.089,-16.9078,0.0,0.0001,2.5008,-0.0008,5.9279,35.6638,12.6835,26.9709,35.6639
33.0,65.0,12.6968,41.39,82.7548,232.1685,0.0533,0.0005,98.8418,217.6923,49.089,-16.9077,0.0,0.0001,2.5021,0.0002,5.9379,35.6637,12.688,26.97,35.6627
34.0,67.0,12.6824,41.3785,90.5894,232.041,0.052,0.0004,98.8969,217.6923,49.089,-16.9078,0.0,0.0001,2.4991,-0.0002,5.9452,35.6653,12.6733,26.9741,35.6674
35.0,69.0,12.6307,41.3279,98.695,232.0211,0.0471,0.0004,98.9588,217.6924,49.089,-16.9077,0.0,0.0001,2.4973,-0.0007,5.9527,35.6648,12.6214,26.9841,35.6794
36.0,71.0,12.5968,41.2885,98.695,231.5541,0.0454,0.0004,98.9739,217.6924,49.089,-16.9077,0.0,0.0001,2.4951,-0.0012,5.9485,35.658,12.5873,26.9856,35.6823
37.0,73.0,12.5735,41.2644,98.695,232.0145,0.0421,0.0004,98.992,217.6924,49.089,-16.9077,0.0,0.0001,2.4944,-0.0004,5.9568,35.6559,12.5637,26.9886,35.6863
38.0,75.0,12.565,41.2575,98.6924,231.5261,0.0442,0.0004,99.0424,217.6925,49.089,-16.9077,0.0,0.0001,2.4909,-0.001,5.958,35.6565,12.5549,26.9909,35.6889
39.0,77.0,12.5315,41.2209,98.698,232.1364,0.0423,0.0004,99.0865,217.6925,49.089,-16.9077,0.0,0.0001,2.4917,0.0001,5.9622,35.652,12.5211,26.994,35.6934
40.0,79.0,12.5044,41.1911,78.3917,231.9005,0.037,0.0004,99.1272,217.6925,49.089,-16.9077,0.0,0.0001,2.4893,-0.001,5.9711,35.6479,12.4938,26.9962,35.6967
41.0,81.0,12.4497,41.1304,93.4017,231.1809,0.0386,0.0003,99.1254,217.6926,49.089,-16.9077,0.0,0.0001,2.4838,-0.0021,5.975,35.6401,12.4389,27.0011,35.7038
42.0,83.0,12.4146,41.095,97.0015,230.7152,0.0389,0.0003,99.126,217.6926,49.089,-16.9077,0.0,0.0001,2.4795,-0.0023,5.9771,35.6384,12.4035,27.0066,35.7108
43.0,85.0,12.3952,41.0742,98.6988,230.5829,0.0359,0.0003,99.2427,217.6926,49.089,-16.9077,0.0,0.0001,2.4765,-0.0011,5.973,35.6359,12.3838,27.0086,35.7135
44.0,87.0,12.3964,41.0758,86.7949,231.1136,0.0338,0.0003,99.3108,217.6927,49.089,-16.9077,0.0,0.0001,2.4765,-0.0004,5.9815,35.6355,12.3848,27.0081,35.713
45.0,89.0,12.3558,41.0311,98.68,231.0185,0.0318,0.0003,99.3204,217.6927,49.089,-16.9077,0.0,0.0001,2.4726,-0.0005,5.9886,35.6296,12.3439,27.0115,35.7181
46.0,91.0,12.3203,40.9903,98.69,231.4276,0.0349,0.0003,99.3204,217.6927,49.089,-16.9077,0.0,0.0001,2.474,0.0005,5.9879,35.6229,12.3081,27.0133,35.7214
47.0,93.0,12.2993,40.9679,98.6875,232.1187,0.0383,0.0003,99.3343,217.6928,49.089,-16.9077,0.0,0.0001,2.4776,0.0018,5.9853,35.6202,12.287,27.0153,35.7243
48.0,95.0,12.3222,40.9969,88.8403,231.5861,0.0377,0.0003,99.3558,217.6928,49.089,-16.9077,0.0,0.0001,2.4762,-0.0007,5.9931,35.6259,12.3097,27.0154,35.7233
49.0,97.0,12.2833,40.9509,98.6854,231.4502,0.0335,0.0002,99.3781,217.6928,49.0889,-16.9077,0.0,0.0001,2.4722,-0.0009,6.0037,35.6173,12.2704,27.0163,35.726
50.0,99.0,12.1967,40.8537,98.7032,232.0648,0.0368,0.0002,99.3706,217.6929,49.0889,-16.9077,0.0,0.0001,2.475,0.0009,5.998,35.6042,12.1836,27.0231,35.7363
51.0,101.0,12.1885,40.8448,84.3377,232.4274,0.0348,0.0002,99.3793,217.6929,49.0889,-16.9077,0.0,0.0001,2.4762,0.0,6.0103,35.6025,12.1751,27.0234,35.737
52.0,103.0,12.1306,40.7802,94.4732,232.6172,0.0357,0.0002,99.3897,217.6929,49.0889,-16.9077,0.0,0.0001,2.4745,0.0001,6.017,35.5937,12.1171,27.0279,35.7438
53.0,105.0,12.0762,40.7219,97.0423,232.7992,0.0347,0.0002,99.4136,217.693,49.0889,-16.9076,0.0,0.0001,2.4761,-0.0003,6.0192,35.5877,12.0624,27.0337,35.7519
54.0,107.0,12.0786,40.7262,90.3683,233.2998,0.0338,0.0002,99.4348,217.6931,49.0889,-16.9076,0.0,0.0001,2.4782,0.0008,6.0164,35.589,12.0646,27.0343,35.7524
55.0,109.0,12.0313,40.6738,98.7019,233.035,0.0349,0.0002,99.4592,217.6932,49.0889,-16.9076,0.0,0.0001,2.4759,-0.0008,6.0278,35.582,12.017,27.038,35.7581
56.0,111.0,12.0123,40.6525,98.701,233.6357,0.0385,0.0002,99.4642,217.6932,49.0889,-16.9076,0.0,0.0001,2.4761,0.0009,6.0274,35.5783,11.9978,27.0389,35.7597
57.0,113.0,12.0006,40.6418,83.0599,233.3976,0.0556,0.0002,99.4703,217.6933,49.0889,-16.9076,0.0,0.0001,2.4761,-0.0003,6.031,35.5783,11.9858,27.0412,35.7626
58.0,115.0,11.976,40.6144,98.68,233.0569,0.0319,0.0002,99.484,217.6933,49.0889,-16.9076,0.0,0.0001,2.4722,-0.0012,6.0377,35.5738,11.961,27.0425,35.7649
59.0,117.0,11.9493,40.5862,98.695,233.9283,0.0332,0.0002,99.4812,217.6933,49.0889,-16.9076,0.0,0.0001,2.4743,0.0009,6.0349,35.5708,11.934,27.0453,35.7688
60.0,119.0,11.9428,40.5801,82.7318,234.0228,0.0319,0.0002,99.5067,217.6934,49.0889,-16.9076,0.0,0.0001,2.4768,0.0004,6.0352,35.5699,11.9272,27.0459,35.7697
61.0,121.0,11.9568,40.5958,98.7042,232.7163,0.0287,0.0002,99.5225,217.6934,49.0889,-16.9076,0.0,0.0001,2.47,-0.0029,6.0444,35.5713,11.941,27.0444,35.7676
62.0,123.0,11.9048,40.5399,98.71,232.9564,0.0282,0.0002,99.5499,217.6935,49.0888,-16.9076,0.0,0.0001,2.4689,-0.0013,6.0424,35.5651,11.8887,27.0496,35.775
63.0,125.0,11.8829,40.5185,98.695,233.778,0.0264,0.0002,99.5514,217.6935,49.0888,-16.9076,0.0,0.0001,2.47,0.0009,6.0422,35.5642,11.8666,27.0531,35.7794
64.0,127.0,11.8965,40.5334,91.303,233.922,0.0278,0.0002,99.5298,217.6935,49.0889,-16.9076,0.0,0.0001,2.4718,0.0002,6.0431,35.565,11.8799,27.0512,35.7769
65.0,129.0,11.8977,40.5353,98.71,232.4108,0.0259,0.0002,99.5514,217.6936,49.0888,-16.9076,0.0,0.0001,2.4647,-0.0032,6.0513,35.5651,11.8809,27.051,35.7767
66.0,131.0,11.8534,40.4903,98.68,231.5779,0.0303,0.0002,99.5514,217.6936,49.0888,-16.9076,0.0,0.0001,2.4589,-0.0041,6.0514,35.5624,11.8365,27.0575,35.7849
67.0,133.0,11.8328,40.4707,98.7002,232.4632,0.0324,0.0002,99.5514,217.6936,49.0888,-16.9076,0.0,0.0001,2.4588,-0.0007,6.0494,35.5618,11.8156,27.061,35.7893
68.0,135.0,11.833,40.4724,88.2247,232.9811,0.0299,0.0002,99.5515,217.6937,49.0888,-16.9076,0.0,0.0001,2.4602,0.0001,6.0509,35.5623,11.8155,27.0614,35.7897
69.0,137.0,11.8304,40.4687,91.3399,232.244,0.0285,0.0002,99.5514,217.6937,49.0888,-16.9076,0.0,0.0001,2.4568,-0.0019,6.0586,35.5604,11.8126,27.0605,35.7889
70.0,139.0,11.7857,40.4231,98.6904,232.4249,0.026,0.0002,99.547,217.6937,49.0888,-16.9076,0.0,0.0001,2.4542,-0.0005,6.0582,35.5574,11.7677,27.0667,35.797
71.0,141.0,11.7827,40.4213,85.2232,231.9898,0.0252,0.0002,99.548,217.6938,49.0888,-16.9075,0.0,0.0001,2.4516,-0.001,6.0576,35.5575,11.7644,27.0674,35.7978
72.0,143.0,11.8038,40.4449,98.7002,232.3819,0.0258,0.0002,99.5353,217.6938,49.0888,-16.9076,0.0,0.0001,2.4528,-0.0002,6.0567,35.56,11.7853,27.0653,35.7949
73.0,145.0,11.7948,40.4391,98.7042,231.9679,0.0288,0.0002,99.5225,217.6939,49.0888,-16.9075,0.0,0.0001,2.4487,-0.0006,6.0563,35.5618,11.776,27.0685,35.7984
74.0,147.0,11.7947,40.4403,70.8926,232.2377,0.0263,0.0002,99.5369,217.6939,49.0888,-16.9075,0.0,0.0001,2.4489,0.0001,6.0563,35.5622,11.7756,27.0689,35.7988
75.0,149.0,11.7956,40.4418,89.9026,232.1132,0.0299,0.0002,99.5147,217.694,49.0888,-16.9075,0.0,0.0001,2.4491,-0.0002,6.0561,35.5621,11.7763,27.0687,35.7985
76.0,151.0,11.7999,40.4482,91.7354,231.1727,0.0291,0.0002,99.5173,217.694,49.0888,-16.9075,0.0,0.0001,2.4434,-0.0019,6.0582,35.5632,11.7803,27.0688,35.7985
77.0,153.0,11.7925,40.4406,98.704,231.1355,0.0276,0.0002,99.4936,217.694,49.0888,-16.9075,0.0,0.0001,2.442,-0.0013,6.0569,35.5619,11.7727,27.0692,35.7992
78.0,155.0,11.7816,40.4303,98.6458,231.9269,0.0259,0.0002,99.4925,217.6941,49.0888,-16.9075,0.0,0.0001,2.4446,0.0002,6.0583,35.5615,11.7615,27.071,35.8015
79.0,157.0,11.7757,40.4237,98.69,231.447,0.0262,0.0002,99.4936,217.6941,49.0888,-16.9075,0.0,0.0001,2.442,-0.0012,6.062,35.5598,11.7554,27.0709,35.8016
80.0,159.0,11.7473,40.3954,98.71,231.7767,0.0257,0.0002,99.4898,217.6942,49.0888,-16.9075,0.0,0.0001,2.4416,-0.0002,6.0617,35.5582,11.7267,27.0751,35.807
81.0,161.0,11.7517,40.4025,90.1748,232.1089,0.0254,0.0002,99.4744,217.6942,49.0888,-16.9075,0.0,0.0001,2.4436,0.0002,6.0621,35.5599,11.7309,27.0756,35.8073
82.0,163.0,11.7477,40.3995,98.6969,231.5459,0.028,0.0002,99.4738,217.6943,49.0888,-16.9075,0.0,0.0001,2.4414,-0.0014,6.0632,35.5599,11.7267,27.0764,35.8083
83.0,165.0,11.7381,40.392,76.1313,232.2471,0.0283,0.0002,99.4609,217.6943,49.0888,-16.9075,0.0,0.0001,2.4424,0.0006,6.0629,35.5609,11.7168,27.0791,35.8113
84.0,167.0,11.7349,40.3897,98.7023,232.3819,0.0268,0.0002,99.4501,217.6944,49.0888,-16.9075,0.0,0.0001,2.4437,0.0001,6.066,35.561,11.7133,27.0798,35.8122
85.0,169.0,11.7112,40.363,98.71,233.325,0.0264,0.0002,99.4407,217.6944,49.0888,-16.9075,0.0,0.0001,2.4464,0.0016,6.0685,35.5563,11.6895,27.0807,35.8141
86.0,171.0,11.6775,40.327,75.2053,233.9586,0.0264,0.0002,99.4429,217.6944,49.0888,-16.9075,0.0,0.0001,2.4513,0.0012,6.0727,35.5522,11.6555,27.0839,35.8187
87.0,173.0,11.6649,40.3132,98.7014,235.1529,0.0291,0.0002,99.4403,217.6945,49.0888,-16.9075,0.0,0.0001,2.4592,0.0016,6.0747,35.5498,11.6426,27.0845,35.8198
88.0,175.0,11.658,40.3057,86.2838,235.3828,0.0269,0.0002,99.4359,217.6946,49.0888,-16.9075,0.0,0.0001,2.4625,0.0007,6.0752,35.5483,11.6355,27.0846,35.8203
89.0,177.0,11.6527,40.3017,88.4391,235.2975,0.0263,0.0002,99.4176,217.6946,49.0888,-16.9074,0.0,0.0001,2.4631,0.0001,6.0751,35.5483,11.6299,27.0857,35.8216
90.0,179.0,11.6569,40.3092,98.7063,235.5429,0.0281,0.0002,99.3915,217.6946,49.0888,-16.9075,0.0,0.0001,2.4647,0.0002,6.0739,35.5508,11.6338,27.0869,35.8226
91.0,181.0,11.6675,40.3247,98.71,235.0207,0.0317,0.0002,99.4214,217.6947,49.0888,-16.9075,0.0,0.0001,2.4625,-0.0008,6.0715,35.5551,11.6442,27.0883,35.8235
92.0,183.0,11.6788,40.3432,98.6955,234.2993,0.0308,0.0002,99.4178,217.6947,49.0888,-16.9074,0.0,0.0001,2.4585,-0.0017,6.0717,35.5615,11.6551,27.0912,35.8259
93.0,185.0,11.6757,40.3397,89.2568,234.7962,0.027,0.0002,99.4066,217.6948,49.0888,-16.9074,0.0,0.0001,2.4584,-0.0002,6.0726,35.5604,11.6519,27.091,35.8258
94.0,187.0,11.6667,40.3323,90.1902,234.0986,0.0268,0.0002,99.3945,217.6948,49.0888,-16.9074,0.0,0.0001,2.4542,-0.0014,6.073,35.5606,11.6426,27.0929,35.8281
95.0,189.0,11.6614,40.3287,91.5732,234.9254,0.0271,0.0002,99.3824,217.6949,49.0888,-16.9074,0.0,0.0001,2.4565,0.0005,6.0734,35.5612,11.637,27.0944,35.8298
96.0,191.0,11.6631,40.3304,98.68,234.5422,0.0285,0.0002,99.3781,217.6949,49.0888,-16.9074,0.0,0.0001,2.4554,-0.0008,6.0746,35.5605,11.6386,27.0936,35.8289
97.0,193.0,11.6497,40.3189,98.7,234.8355,0.0282,0.0002,99.3711,217.695,49.0888,-16.9074,0.0,0.0001,2.4554,0.0,6.0748,35.5608,11.6248,27.0964,35.8323
98.0,195.0,11.6493,40.3188,89.939,234.5665,0.0283,0.0002,99.3694,217.695,49.0888,-16.9074,0.0,0.0001,2.4533,-0.0009,6.0796,35.5607,11.6242,27.0965,35.8324
99.0,197.0,11.6178,40.2863,98.6394,235.0666,0.0268,0.0002,99.3636,217.695,49.0887,-16.9074,0.0,0.0001,2.4539,0.0005,6.0787,35.5578,11.5924,27.1001,35.8374
100.0,199.0,11.6162,40.2857,92.1551,235.1117,0.0264,0.0003,99.354,217.6951,49.0888,-16.9074,0.0,0.0001,2.4554,0.0,6.0783,35.5577,11.5906,27.1005,35.8378
101.0,201.0,11.616,40.2864,98.2208,235.333,0.0299,0.0003,99.3492,217.6952,49.0887,-16.9074,0.0,0.0001,2.4546,0.0007,6.0795,35.5576,11.5901,27.1005,35.8378
102.0,203.0,11.6117,40.2856,93.4438,235.8746,0.0275,0.0003,99.3545,217.6952,49.0887,-16.9074,0.0,0.0001,2.4575,0.0011,6.0798,35.5601,11.5855,27.1033,35.8408
103.0,205.0,11.6145,40.2873,98.5712,235.323,0.0265,0.0003,99.3407,217.6952,49.0887,-16.9074,0.0,0.0001,2.4564,-0.0004,6.0794,35.5584,11.5881,27.1015,35.8389
104.0,207.0,11.6173,40.2955,98.6954,234.9023,0.0253,0.0003,99.3339,217.6953,49.0887,-16.9074,0.0,0.0001,2.4533,-0.0008,6.079,35.5629,11.5907,27.1045,35.8417
105.0,209.0,11.6184,40.3005,87.3957,234.2526,0.0259,0.0003,99.343,217.6953,49.0887,-16.9074,0.0,0.0001,2.4507,-0.0019,6.079,35.566,11.5916,27.1067,35.8439
106.0,211.0,11.618,40.3008,91.3819,234.8351,0.0239,0.0003,99.327,217.6954,49.0887,-16.9074,0.0,0.0001,2.4504,-0.0002,6.0801,35.5657,11.5909,27.1066,35.8438
107.0,213.0,11.6151,40.2996,98.71,233.7402,0.0288,0.0003,99.3225,217.6954,49.0887,-16.9074,0.0,0.0001,2.4454,-0.0023,6.0822,35.5664,11.5877,27.1078,35.8451
108.0,215.0,11.5884,40.2708,92.7855,234.7226,0.0271,0.0003,99.3143,217.6955,49.0887,-16.9074,0.0,0.0001,2.4471,-0.0001,6.0817,35.5625,11.5607,27.1098,35.8482
109.0,217.0,11.5924,40.2752,98.6987,234.5027,0.0282,0.0003,99.3033,217.6955,49.0887,-16.9074,0.0,0.0001,2.4453,-0.0003,6.083,35.5622,11.5645,27.1089,35.8472
110.0,219.0,11.5832,40.2668,94.0431,234.7976,0.0263,0.0003,99.2882,217.6956,49.0887,-16.9073,0.0,0.0001,2.4462,-0.0001,6.0858,35.5618,11.555,27.1104,35.8491
111.0,221.0,11.5648,40.2477,88.3682,234.5664,0.0243,0.0003,99.2915,217.6956,49.0887,-16.9074,0.0,0.0001,2.4436,-0.0003,6.0868,35.5598,11.5364,27.1123,35.8518
112.0,223.0,11.561,40.2444,82.2919,234.7612,0.0241,0.0003,99.2626,217.6956,49.0887,-16.9074,0.0,0.0001,2.4442,0.0001,6.0864,35.5592,11.5324,27.1125,35.8522
113.0,225.0,11.5664,40.2514,94.9,234.4872,0.0266,0.0003,99.278,217.6957,49.0887,-16.9074,0.0,0.0001,2.4419,-0.0004,6.086,35.5603,11.5376,27.1124,35.8518
114.0,227.0,11.5671,40.2554,98.71,234.2687,0.0228,0.0003,99.2746,217.6957,49.0887,-16.9074,0.0,0.0001,2.4408,-0.0007,6.0858,35.5627,11.538,27.1142,35.8536
115.0,229.0,11.5667,40.2565,98.6974,234.6638,0.0219,0.0003,99.2635,217.6958,49.0887,-16.9074,0.0,0.0001,2.4422,0.0,6.0858,35.563,11.5373,27.1146,35.854
116.0,231.0,11.5663,40.2564,90.8803,234.5663,0.0244,0.0003,99.2638,217.6958,49.0887,-16.9074,0.0,0.0001,2.441,-0.0001,6.0863,35.5626,11.5367,27.1144,35.8539
117.0,233.0,11.5613,40.2516,89.6803,234.3343,0.0286,0.0003,99.2578,217.6959,49.0887,-16.9074,0.0,0.0001,2.439,-0.0005,6.0872,35.5617,11.5313,27.1147,35.8543
118.0,235.0,11.5542,40.245,88.4803,234.6665,0.0233,0.0003,99.2577,217.696,49.0887,-16.9074,0.0,0.0001,2.441,-0.0003,6.0881,35.5608,11.5239,27.1154,35.8553
119.0,237.0,11.5507,40.2417,95.3848,235.1641,0.0252,0.0003,99.2544,217.696,49.0887,-16.9074,0.0,0.0001,2.442,0.0008,6.0879,35.5605,11.5204,27.1159,35.8559
120.0,239.0,11.54,40.2312,85.3931,234.8253,0.0243,0.0003,99.2337,217.696,49.0887,-16.9074,0.0,0.0001,2.4411,-0.0005,6.0894,35.5594,11.5093,27.117,35.8576
121.0,241.0,11.5381,40.2306,98.699,235.0682,0.0236,0.0003,99.2316,217.6961,49.0887,-16.9074,0.0,0.0001,2.4417,0.0,6.0891,35.5595,11.5071,27.1176,35.8582
122.0,243.0,11.5395,40.2331,85.1069,235.0083,0.0259,0.0003,99.2337,217.6961,49.0886,-16.9074,0.0,0.0001,2.4408,-0.0002,6.0895,35.5598,11.5083,27.1176,35.8582
123.0,245.0,11.5401,40.2366,84.075,235.1895,0.026,0.0003,99.2337,217.6962,49.0886,-16.9074,0.0,0.0001,2.4411,0.0002,6.0893,35.5617,11.5087,27.119,35.8595
124.0,247.0,11.5406,40.238,98.6436,235.0997,0.0257,0.0003,99.2312,217.6962,49.0886,-16.9074,0.0,0.0001,2.4411,-0.0002,6.0897,35.5619,11.5088,27.1191,35.8596
125.0,249.0,11.537,40.2351,78.5192,233.2948,0.0204,0.0003,99.2337,217.6963,49.0886,-16.9074,0.0,0.0001,2.4332,-0.0035,6.0912,35.5616,11.5051,27.1196,35.8603
126.0,251.0,11.5247,40.2229,94.9187,233.2729,0.0221,0.0003,99.2337,217.6963,49.0886,-16.9074,0.0,0.0001,2.429,-0.002,6.0905,35.5603,11.4924,27.1209,35.8622
127.0,253.0,11.5285,40.2281,98.6616,233.9607,0.0246,0.0003,99.2191,217.6963,49.0886,-16.9074,0.0,0.0001,2.4293,-0.0001,6.0916,35.5609,11.4961,27.1207,35.8618
128.0,255.0,11.5203,40.2198,98.71,232.5344,0.0215,0.0003,99.2337,217.6964,49.0886,-16.9074,0.0,0.0001,2.4227,-0.0029,6.0939,35.5598,11.4876,27.1214,35.8629
129.0,257.0,11.5065,40.2066,98.6971,233.1205,0.0222,0.0003,99.2337,217.6964,49.0886,-16.9074,0.0,0.0001,2.4225,-0.0008,6.0932,35.559,11.4735,27.1234,35.8654
130.0,259.0,11.5047,40.2054,95.9399,233.6436,0.0204,0.0003,99.2111,217.6965,49.0886,-16.9074,0.0,0.0001,2.4247,-0.0004,6.0941,35.5586,11.4714,27.1236,35.8656
131.0,261.0,11.5026,40.2037,59.9297,234.0919,0.0208,0.0003,99.2206,217.6965,49.0886,-16.9074,0.0,0.0001,2.4259,0.0009,6.0935,35.5585,11.4692,27.1239,35.8661
132.0,263.0,11.4862,40.1861,94.2357,234.6782,0.021,0.0003,99.2045,217.6965,49.0886,-16.9074,0.0,0.0001,2.4287,0.0011,6.0956,35.5556,11.4525,27.1247,35.8676
133.0,265.0,11.4931,40.1947,98.6954,234.9335,0.0217,0.0003,99.2009,217.6966,49.0886,-16.9074,0.0,0.0001,2.4305,0.0006,6.0989,35.5568,11.4592,27.1244,35.867
134.0,267.0,11.4685,40.1674,98.6937,235.4833,0.0252,0.0003,99.2076,217.6966,49.0886,-16.9074,0.0,0.0001,2.4338,0.001,6.0988,35.5523,11.4344,27.1256,35.8692
135.0,269.0,11.47,40.1692,98.7714,236.0532,0.0257,0.0003,99.1912,217.6967,49.0886,-16.9074,0.0,0.0001,2.437,0.0012,6.1018,35.5521,11.4357,27.1252,35.8688
136.0,271.0,11.4307,40.125,97.2516,238.7382,0.0218,0.0003,99.1789,217.6967,49.0886,-16.9074,0.0,0.0001,2.4518,0.0036,6.1038,35.5449,11.3961,27.127,35.8723
137.0,273.0,11.4359,40.1319,98.7,237.5878,0.0248,0.0003,99.1793,217.6968,49.0886,-16.9074,0.0,0.0001,2.4513,-0.0002,6.1041,35.5461,11.401,27.1269,35.872
138.0,275.0,11.4309,40.1286,75.1712,237.4976,0.0254,0.0003,99.1781,217.6968,49.0885,-16.9074,0.0,0.0001,2.4507,-0.0004,6.105,35.5467,11.3959,27.1284,35.8737
139.0,277.0,11.4174,40.115,98.7025,237.6856,0.025,0.0003,99.176,217.6969,49.0885,-16.9075,0.0,0.0001,2.4493,0.0003,6.1056,35.5452,11.3821,27.1298,35.8756
140.0,279.0,11.4196,40.1182,98.6962,237.9803,0.0267,0.0003,99.1712,217.6969,49.0885,-16.9075,0.0,0.0001,2.4511,0.0003,6.1061,35.5455,11.384,27.1297,35.8755
141.0,281.0,11.4182,40.1181,98.7025,237.3623,0.0269,0.0003,99.1784,217.697,49.0885,-16.9075,0.0,0.0001,2.4474,-0.0007,6.1073,35.546,11.3824,27.1303,35.8762
142.0,283.0,11.3989,40.0981,98.695,238.5972,0.0224,0.0003,99.1827,217.697,49.0885,-16.9075,0.0,0.0001,2.4496,0.0023,6.1079,35.5437,11.3628,27.1322,35.8789
143.0,285.0,11.3945,40.0943,84.6308,238.2958,0.0214,0.0003,99.176,217.6971,49.0885,-16.9075,0.0,0.0001,2.4522,0.0004,6.1091,35.5431,11.3582,27.1326,35.8794
144.0,287.0,11.3892,40.0889,98.7019,239.4859,0.0262,0.0003,99.1768,217.6971,49.0885,-16.9075,0.0,0.0001,2.4558,0.0019,6.1111,35.5421,11.3526,27.1328,35.8799
145.0,289.0,11.3796,40.0797,91.5196,238.282,0.021,0.0003,99.179,217.6972,49.0885,-16.9075,0.0,0.0001,2.4543,-0.0016,6.1113,35.541,11.3427,27.1339,35.8814
146.0,291.0,11.3786,40.0792,98.6988,239.1139,0.0236,0.0003,99.1752,217.6972,49.0885,-16.9075,0.0,0.0001,2.4562,0.0004,6.1109,35.5409,11.3416,27.134,35.8816
147.0,293.0,11.3758,40.0773,98.695,239.6432,0.0216,0.0003,99.1734,217.6973,49.0884,-16.9075,0.0,0.0001,2.457,0.0017,6.1115,35.5406,11.3385,27.1343,35.882
148.0,295.0,11.3767,40.0792,90.8163,239.2979,0.0211,0.0003,99.1748,217.6973,49.0884,-16.9075,0.0,0.0001,2.4569,0.0001,6.1118,35.5409,11.3391,27.1345,35.8821
149.0,297.0,11.3703,40.0735,98.6875,238.9389,0.0253,0.0003,99.176,217.6974,49.0884,-16.9075,0.0,0.0001,2.4567,-0.0008,6.1123,35.5404,11.3324,27.1353,35.8832
150.0,299.0,11.3693,40.0735,85.1429,239.213,0.0204,0.0003,99.1552,217.6974,49.0884,-16.9075,0.0,0.0001,2.4556,0.0,6.1122,35.5404,11.3313,27.1355,35.8835
151.0,301.0,11.3703,40.0754,98.704,238.9373,0.0231,0.0003,99.1652,217.6975,49.0884,-16.9075,0.0,0.0001,2.4538,-0.0006,6.1122,35.5406,11.332,27.1356,35.8835
152.0,303.0,11.3702,40.0773,98.5019,238.7197,0.0248,0.0003,99.1615,217.6975,49.0884,-16.9075,0.0,0.0001,2.4523,-0.0007,6.1122,35.5416,11.3316,27.1364,35.8843
153.0,305.0,11.3702,40.0776,84.3097,239.3899,0.024,0.0003,99.1573,217.6975,49.0884,-16.9075,0.0,0.0001,2.4546,0.0003,6.1125,35.5411,11.3314,27.1361,35.884
154.0,307.0,11.3652,40.0742,92.0102,238.6292,0.0234,0.0003,99.1615,217.6976,49.0884,-16.9075,0.0,0.0001,2.4518,-0.0013,6.1127,35.5415,11.3261,27.1374,35.8855
155.0,309.0,11.3668,40.0772,98.71,238.8612,0.0238,0.0003,99.1471,217.6977,49.0884,-16.9075,0.0,0.0001,2.4507,-0.0003,6.1129,35.5419,11.3274,27.1374,35.8855
156.0,311.0,11.3667,40.0775,92.1761,238.7353,0.0221,0.0003,99.1588,217.6977,49.0884,-16.9075,0.0,0.0001,2.4496,-0.0004,6.113,35.5418,11.3271,27.1374,35.8856
157.0,313.0,11.3622,40.0743,98.7025,238.8281,0.0246,0.0003,99.0743,217.6977,49.0884,-16.9075,0.0,0.0001,2.448,0.0,6.1134,35.5418,11.3223,27.1383,35.8866
158.0,315.0,11.3592,40.0722,78.614,239.2471,0.0221,0.0003,99.1452,217.6978,49.0884,-16.9075,0.0,0.0001,2.451,0.0002,6.1139,35.5417,11.3191,27.1388,35.8873
159.0,317.0,11.3586,40.0719,96.7527,238.8525,0.0214,0.0003,99.167,217.6978,49.0883,-16.9075,0.0,0.0001,2.4482,-0.0005,6.116,35.5413,11.3183,27.1386,35.8871
160.0,319.0,11.3435,40.0562,98.705,238.8868,0.0217,0.0003,99.1599,217.6979,49.0883,-16.9075,0.0,0.0001,2.4476,-0.0004,6.1163,35.5394,11.303,27.14,35.8892
161.0,321.0,11.3396,40.0533,67.9041,239.0774,0.0198,0.0003,99.1531,217.6979,49.0883,-16.9075,0.0,0.0001,2.4475,0.0001,6.1172,35.5393,11.2988,27.1407,35.89
162.0,323.0,11.33,40.0438,97.8072,238.8485,0.0234,0.0003,99.1676,217.698,49.0883,-16.9075,0.0,0.0001,2.4463,-0.0005,6.118,35.5381,11.2889,27.1416,35.8913
163.0,325.0,11.3275,40.0419,98.7042,238.8217,0.0226,0.0003,99.1543,217.698,49.0883,-16.9075,0.0,0.0001,2.4443,-0.0001,6.118,35.5378,11.2862,27.1419,35.8917
164.0,327.0,11.3262,40.0413,98.705,238.8262,0.0218,0.0003,99.1416,217.6981,49.0883,-16.9075,0.0,0.0001,2.4442,-0.0001,6.1182,35.5375,11.2846,27.142,35.8919
165.0,329.0,11.3265,40.0425,98.7037,238.5908,0.0221,0.0003,99.1617,217.6981,49.0883,-16.9075,0.0,0.0001,2.4427,-0.0005,6.1183,35.5377,11.2847,27.142,35.8919
166.0,331.0,11.3254,40.0421,86.9153,238.949,0.025,0.0003,99.1445,217.6982,49.0883,-16.9075,0.0,0.0001,2.4424,0.0004,6.1184,35.5374,11.2833,27.1421,35.8921
167.0,333.0,11.3244,40.0418,96.7102,238.6938,0.0247,0.0003,99.1588,217.6982,49.0883,-16.9075,0.0,0.0001,2.4417,-0.0003,6.119,35.5372,11.2821,27.1422,35.8922
168.0,335.0,11.3161,40.034,87.3327,238.8148,0.0239,0.0003,99.1471,217.6983,49.0883,-16.9075,0.0,0.0001,2.4413,0.0,6.1204,35.5364,11.2734,27.1432,35.8935
169.0,337.0,11.308,40.0259,98.6957,238.5326,0.021,0.0003,99.1471,217.6983,49.0883,-16.9075,0.0,0.0001,2.4394,-0.0005,6.1215,35.5354,11.2652,27.1439,35.8946
170.0,339.0,11.3005,40.0182,98.6918,237.9133,0.0199,0.0003,99.1471,217.6983,49.0883,-16.9075,0.0,0.0001,2.4358,-0.0016,6.1219,35.5342,11.2575,27.1444,35.8954
171.0,341.0,11.2963,40.0151,88.3417,237.9472,0.0199,0.0003,99.1567,217.6984,49.0883,-16.9075,0.0,0.0001,2.4335,-0.0006,6.1227,35.5341,11.253,27.1451,35.8964
172.0,343.0,11.2866,40.0055,98.7069,237.8791,0.0205,0.0003,99.1579,217.6985,49.0883,-16.9075,0.0,0.0001,2.4317,-0.0004,6.1235,35.5328,11.243,27.146,35.8977
173.0,345.0,11.2871,40.0064,60.0963,238.013,0.0216,0.0003,99.1519,217.6985,49.0883,-16.9074,0.0,0.0001,2.4316,-0.0001,6.1244,35.5329,11.2434,27.146,35.8976
174.0,347.0,11.2745,39.9936,98.7045,238.4163,0.0244,0.0003,99.1728,217.6985,49.0883,-16.9074,0.0,0.0001,2.4321,0.0006,6.1247,35.531,11.2305,27.1469,35.8991
175.0,349.0,11.2794,40.0,98.6512,238.2363,0.0251,0.0003,99.1658,217.6986,49.0883,-16.9074,0.0,0.0001,2.4329,-0.0004,6.1256,35.5319,11.2351,27.1467,35.8987
176.0,351.0,11.2704,39.991,98.7006,237.6906,0.0227,0.0003,99.1471,217.6986,49.0883,-16.9074,0.0,0.0001,2.4281,-0.0007,6.1261,35.5307,11.2259,27.1475,35.8999
177.0,353.0,11.2615,39.9825,98.6987,237.9687,0.0248,0.0003,99.1044,217.6987,49.0883,-16.9074,0.0,0.0001,2.4284,0.0001,6.1256,35.5297,11.2167,27.1484,35.9012
178.0,355.0,11.2629,39.9845,81.8789,238.1549,0.0215,0.0003,99.0616,217.6987,49.0883,-16.9074,0.0,0.0001,2.4292,-0.0001,6.1271,35.5299,11.2179,27.1483,35.901
179.0,357.0,11.253,39.9751,98.6993,237.256,0.0273,0.0003,99.176,217.6988,49.0883,-16.9074,0.0,0.0001,2.4249,-0.0016,6.1281,35.529,11.2077,27.1495,35.9026
180.0,359.0,11.2482,39.9707,90.3494,237.973,0.0234,0.0003,99.1644,217.6988,49.0883,-16.9074,0.0,0.0001,2.4259,0.0001,6.1295,35.5283,11.2027,27.1499,35.9033
181.0,361.0,11.2434,39.9664,98.7069,237.8654,0.0198,0.0003,99.1702,217.6989,49.0883,-16.9074,0.0,0.0001,2.425,-0.0003,6.1311,35.5277,11.1976,27.1504,35.904
182.0,363.0,11.2303,39.953,98.6987,237.4809,0.0234,0.0003,99.1708,217.6989,49.0882,-16.9074,0.0,0.0001,2.4226,-0.001,6.1317,35.5261,11.1843,27.1516,35.9057
183.0,365.0,11.2235,39.9466,79.2047,238.0671,0.0204,0.0003,99.176,217.6989,49.0882,-16.9074,0.0,0.0001,2.4238,0.0006,6.1317,35.5254,11.1773,27.1523,35.9068
184.0,367.0,11.2252,39.9491,90.2538,238.2275,0.0213,0.0003,99.176,217.699,49.0882,-16.9074,0.0,0.0001,2.4247,0.0002,6.1331,35.5257,11.1787,27.1523,35.9066
185.0,369.0,11.2086,39.9326,98.7032,238.1053,0.0188,0.0003,99.176,217.699,49.0882,-16.9074,0.0,0.0001,2.4235,-0.0003,6.1353,35.5241,11.1619,27.1541,35.9092
186.0,371.0,11.2014,39.9262,98.7025,237.9413,0.0173,0.0003,99.176,217.699,49.0882,-16.9074,0.0,0.0001,2.4227,-0.0004,6.1344,35.5238,11.1544,27.1553,35.9107
187.0,373.0,11.2015,39.9271,66.0924,238.1129,0.0197,0.0003,99.1668,217.6991,49.0882,-16.9074,0.0,0.0001,2.4231,-0.0002,6.136,35.5237,11.1544,27.1553,35.9107
188.0,375.0,11.1943,39.9202,95.4621,238.0817,0.0177,0.0003,99.176,217.6991,49.0882,-16.9074,0.0,0.0001,2.4216,-0.0001,6.1368,35.523,11.1469,27.1561,35.9118
189.0,377.0,11.1888,39.9156,98.705,238.1191,0.0216,0.0003,99.1784,217.6991,49.0882,-16.9073,0.0,0.0001,2.4212,0.0,6.137,35.5228,11.1412,27.157,35.9129
190.0,379.0,11.1867,39.9149,98.6915,238.4834,0.0219,0.0003,99.1797,217.6992,49.0882,-16.9073,0.0,0.0001,2.4224,0.0003,6.1371,35.523,11.1388,27.1576,35.9136
191.0,381.0,11.1859,39.9151,98.7056,238.0003,0.0194,0.0003,99.1862,217.6992,49.0882,-16.9073,0.0,0.0001,2.42,-0.0007,6.1375,35.5232,11.1378,27.1579,35.914
192.0,383.0,11.1801,39.9099,98.705,238.1959,0.0239,0.0003,99.176,217.6992,49.0882,-16.9073,0.0,0.0001,2.4196,-0.0001,6.1385,35.5227,11.1316,27.1586,35.915
193.0,385.0,11.1769,39.9071,68.0341,238.102,0.0213,0.0003,99.1867,217.6993,49.0882,-16.9073,0.0,0.0001,2.4191,-0.0003,6.139,35.5222,11.1283,27.1589,35.9153
194.0,387.0,11.1692,39.9004,96.1243,238.3297,0.0225,0.0003,99.1843,217.6993,49.0882,-16.9073,0.0,0.0001,2.4188,0.0001,6.1401,35.5222,11.1203,27.1603,35.9171
195.0,389.0,11.1638,39.8963,98.6912,238.3714,0.0246,0.0003,99.176,217.6993,49.0882,-16.9073,0.0,0.0001,2.419,0.0,6.1399,35.5223,11.1147,27.1615,35.9185
196.0,391.0,11.1636,39.8972,96.5636,238.5907,0.0219,0.0003,99.1801,217.6994,49.0882,-16.9073,0.0,0.0001,2.42,0.0003,6.1399,35.5222,11.1142,27.1615,35.9185
197.0,393.0,11.1652,39.8993,93.1311,238.5361,0.0228,0.0003,99.1679,217.6994,49.0882,-16.9073,0.0,0.0001,2.4199,-0.0002,6.1409,35.5224,11.1157,27.1613,35.9183
198.0,395.0,11.1566,39.8923,98.71,238.2784,0.0226,0.0003,99.1717,217.6995,49.0882,-16.9072,0.0,0.0001,2.4178,-0.0007,6.1413,35.5226,11.1067,27.1632,35.9205
199.0,397.0,11.1521,39.8892,98.695,238.3391,0.0184,0.0003,99.1755,217.6995,49.0882,-16.9072,0.0,0.0001,2.4177,-0.0003,6.1405,35.5228,11.1019,27.1642,35.9217
200.0,399.0,11.1539,39.8914,85.3671,238.8792,0.0251,0.0003,99.1793,217.6995,49.0882,-16.9072,0.0,0.0001,2.4193,0.0003,6.1414,35.5226,11.1035,27.1638,35.9212
201.0,401.0,11.1503,39.889,98.6666,238.6647,0.0239,0.0003,99.191,217.6996,49.0882,-16.9072,0.0,0.0001,2.4182,-0.0001,6.1423,35.5224,11.0996,27.1643,35.922
202.0,403.0,11.1499,39.8893,98.6962,238.5715,0.0229,0.0003,99.1838,217.6996,49.0882,-16.9072,0.0,0.0001,2.4177,-0.0006,6.1435,35.5226,11.0991,27.1645,35.9222
203.0,405.0,11.1406,39.8809,98.686,238.4624,0.0199,0.0003,99.176,217.6996,49.0882,-16.9072,0.0,0.0001,2.4164,-0.0006,6.1434,35.5223,11.0895,27.1661,35.9241
204.0,407.0,11.1379,39.8794,84.4032,238.424,0.0204,0.0003,99.184,217.6997,49.0882,-16.9072,0.0,0.0001,2.4153,-0.0004,6.1433,35.5223,11.0865,27.1667,35.9248
205.0,409.0,11.1348,39.877,92.6923,238.5141,0.0224,0.0003,99.19,217.6997,49.0882,-16.9072,0.0,0.0001,2.4153,0.0,6.1431,35.5223,11.0833,27.1672,35.9255
206.0,411.0,11.1383,39.8817,98.704,238.2906,0.0239,0.0003,99.176,217.6997,49.0881,-16.9071,0.0,0.0001,2.4134,-0.0005,6.1438,35.5228,11.0865,27.167,35.9252
207.0,413.0,11.1366,39.8837,82.5814,239.0033,0.0224,0.0003,99.1895,217.6998,49.0881,-16.9071,0.0,0.0001,2.4168,0.0001,6.1437,35.5252,11.0845,27.1693,35.9274
208.0,415.0,11.1351,39.8835,97.2557,239.1275,0.0219,0.0003,99.1865,217.6998,49.0881,-16.9071,0.0,0.0001,2.4173,0.0005,6.1437,35.5257,11.0827,27.17,35.9282
209.0,417.0,11.1358,39.8849,92.4191,239.0985,0.0209,0.0003,99.1784,217.6999,49.0881,-16.9071,0.0,0.0001,2.4163,0.0001,6.144,35.5254,11.0831,27.1697,35.9279
210.0,419.0,11.1333,39.8843,98.71,240.2371,0.0236,0.0003,99.1843,217.6999,49.0881,-16.9071,0.0,0.0001,2.42,0.0024,6.1438,35.5262,11.0803,27.1708,35.9292
211.0,421.0,11.1335,39.8851,85.8298,239.5198,0.0236,0.0003,99.1904,217.6999,49.0881,-16.9071,0.0,0.0001,2.4197,0.0001,6.1442,35.5261,11.0804,27.1707,35.929
212.0,423.0,11.1317,39.8843,98.71,239.4176,0.0203,0.0003,99.1877,217.7,49.0881,-16.9071,0.0,0.0001,2.4176,-0.0002,6.1449,35.5261,11.0783,27.1711,35.9295
213.0,425.0,11.1249,39.8799,98.7006,239.9237,0.0177,0.0003,99.1843,217.7,49.0881,-16.9071,0.0,0.0001,2.4201,0.0007,6.1448,35.5274,11.0712,27.1734,35.9321
214.0,427.0,11.1259,39.8816,81.1706,240.2692,0.0203,0.0003,99.1808,217.7,49.0881,-16.9071,0.0,0.0001,2.4225,0.0007,6.1451,35.5273,11.072,27.1732,35.9318
215.0,429.0,11.1245,39.8816,96.5028,239.9056,0.021,0.0003,99.1856,217.7001,49.0881,-16.9071,0.0,0.0001,2.4207,-0.0004,6.1455,35.5277,11.0703,27.1738,35.9325
216.0,431.0,11.1215,39.8802,98.71,240.2125,0.0186,0.0003,99.188,217.7001,49.088,-16.9071,0.0,0.0001,2.4212,0.0003,6.1457,35.5283,11.0671,27.1749,35.9337
217.0,433.0,11.1202,39.8799,98.71,240.3965,0.0198,0.0003,99.1847,217.7001,49.088,-16.9071,0.0,0.0001,2.4225,0.0003,6.1457,35.5285,11.0655,27.1753,35.9342
218.0,435.0,11.1193,39.8798,76.3233,239.8888,0.0209,0.0003,99.187,217.7002,49.088,-16.9071,0.0,0.0001,2.4207,-0.0009,6.146,35.5284,11.0644,27.1755,35.9344
219.0,437.0,11.117,39.8786,93.491,240.1749,0.0221,0.0003,99.18,217.7002,49.088,-16.9071,0.0,0.0001,2.42,0.0001,6.1463,35.5282,11.0618,27.1758,35.9348
220.0,439.0,11.1169,39.8791,98.6964,240.1308,0.0238,0.0003,99.1814,217.7002,49.088,-16.907,0.0,0.0001,2.4198,-0.0003,6.147,35.5281,11.0615,27.1757,35.9348
221.0,441.0,11.1101,39.8736,98.6903,239.7167,0.0203,0.0003,99.1871,217.7003,49.088,-16.907,0.0,0.0001,2.4176,-0.0009,6.1472,35.5281,11.0544,27.177,35.9364
222.0,443.0,11.1086,39.8727,98.71,239.9643,0.0225,0.0003,99.1977,217.7003,49.088,-16.907,0.0,0.0001,2.4174,-0.0002,6.1469,35.528,11.0527,27.1772,35.9367
223.0,445.0,11.1097,39.8746,98.71,240.1089,0.0226,0.0003,99.1975,217.7003,49.088,-16.907,0.0,0.0001,2.4174,0.0,6.1478,35.5281,11.0536,27.1772,35.9366
224.0,447.0,11.1036,39.8689,98.695,239.8193,0.0205,0.0003,99.1812,217.7004,49.088,-16.907,0.0,0.0001,2.4164,-0.0006,6.1485,35.5274,11.0472,27.1778,35.9375
225.0,449.0,11.0994,39.8654,78.9266,239.5266,0.0223,0.0003,99.1812,217.7004,49.088,-16.907,0.0,0.0001,2.4139,-0.0009,6.1486,35.5271,11.0427,27.1784,35.9382
226.0,451.0,11.0995,39.8667,90.9745,239.7534,0.0224,0.0003,99.1856,217.7005,49.088,-16.907,0.0,0.0001,2.4135,-0.0002,6.1488,35.5271,11.0426,27.1784,35.9383
227.0,453.0,11.0995,39.8671,81.0063,239.4687,0.0242,0.0003,99.1689,217.7005,49.088,-16.907,0.0,0.0001,2.4121,-0.0007,6.149,35.527,11.0424,27.1784,35.9383
228.0,455.0,11.093,39.8611,98.71,238.9045,0.0263,0.0003,99.1423,217.7005,49.088,-16.907,0.0,0.0001,2.4078,-0.0012,6.1494,35.5262,11.0356,27.179,35.9391
229.0,457.0,11.0875,39.8566,98.6982,239.7088,0.0206,0.0003,99.1836,217.7006,49.088,-16.907,0.0,0.0001,2.4097,0.0005,6.1497,35.5259,11.0298,27.1798,35.9402
230.0,459.0,11.0866,39.8564,98.7075,239.4027,0.0231,0.0003,99.1884,217.7006,49.088,-16.907,0.0,0.0001,2.4082,-0.0003,6.1509,35.5258,11.0287,27.18,35.9404
231.0,461.0,11.0824,39.8524,82.1063,239.205,0.0209,0.0003,99.1827,217.7006,49.088,-16.907,0.0,0.0001,2.4066,-0.0007,6.1525,35.525,11.0243,27.1801,35.9408
232.0,463.0,11.073,39.8435,98.1922,238.8116,0.0176,0.0003,99.1977,217.7007,49.0879,-16.907,0.0,0.0001,2.4049,-0.0013,6.152,35.5245,11.0147,27.1815,35.9425
233.0,465.0,11.0642,39.8346,98.6187,238.8225,0.0194,0.0003,99.1856,217.7007,49.0879,-16.907,0.0,0.0001,2.4023,-0.0006,6.1528,35.5231,11.0056,27.1821,35.9435
234.0,467.0,11.0652,39.8367,85.7011,238.6579,0.0202,0.0003,99.1706,217.7007,49.0879,-16.907,0.0,0.0001,2.4007,-0.0009,6.1555,35.5234,11.0064,27.1821,35.9435
235.0,469.0,11.0463,39.8162,91.8772,237.9468,0.021,0.0003,99.176,217.7008,49.0879,-16.907,0.0,0.0001,2.3954,-0.0014,6.1553,35.52,10.9872,27.183,35.9453
236.0,471.0,11.0479,39.8193,96.6778,238.2938,0.0205,0.0003,99.176,217.7008,49.0879,-16.907,0.0,0.0001,2.3957,-0.0004,6.1554,35.5208,10.9886,27.1834,35.9455
237.0,473.0,11.0485,39.821,98.5513,238.5376,0.0204,0.0003,99.176,217.7008,49.0879,-16.907,0.0,0.0001,2.3958,0.0001,6.1556,35.5212,10.9889,27.1836,35.9458
238.0,475.0,11.0474,39.821,98.7,238.1749,0.0208,0.0003,99.173,217.7009,49.0879,-16.907,0.0,0.0001,2.3944,-0.0008,6.1558,35.5213,10.9877,27.184,35.9462
239.0,477.0,11.044,39.8196,95.7826,238.4246,0.0176,0.0003,99.1596,217.7009,49.0879,-16.907,0.0,0.0001,2.3938,0.0,6.1553,35.5223,10.9839,27.1854,35.9478
240.0,479.0,11.05,39.8281,78.0997,238.6368,0.0212,0.0003,99.1826,217.701,49.0879,-16.9069,0.0,0.0001,2.3951,0.0003,6.1554,35.5242,10.9896,27.1858,35.9479
241.0,481.0,11.0479,39.8268,94.8772,238.3272,0.0228,0.0003,99.1712,217.701,49.0879,-16.9069,0.0,0.0001,2.3938,-0.0005,6.1558,35.524,10.9873,27.1861,35.9483
242.0,483.0,11.0438,39.8231,87.3094,238.3731,0.0242,0.0003,99.1613,217.701,49.0879,-16.9069,0.0,0.0001,2.3928,-0.0002,6.1569,35.5233,10.983,27.1864,35.9487
243.0,485.0,11.037,39.8169,98.6942,237.9295,0.0195,0.0003,99.1664,217.7011,49.0879,-16.9069,0.0,0.0001,2.3893,-0.0008,6.1577,35.5228,10.9759,27.1873,35.9499
244.0,487.0,11.0311,39.8117,98.698,237.8126,0.0219,0.0003,99.1449,217.7011,49.0879,-16.9069,0.0,0.0001,2.3876,-0.0007,6.1574,35.5224,10.9698,27.188,35.9509
245.0,489.0,11.0265,39.8076,98.6956,237.8582,0.0225,0.0003,99.1683,217.7011,49.0879,-16.9069,0.0,0.0001,2.3872,-0.0005,6.1584,35.5217,10.965,27.1884,35.9515
246.0,491.0,11.0285,39.8108,79.9867,237.5145,0.0215,0.0003,99.163,217.7012,49.0879,-16.9069,0.0,0.0001,2.3848,-0.0008,6.1588,35.5222,10.9666,27.1885,35.9515
247.0,493.0,11.0251,39.8083,98.4462,237.5417,0.0226,0.0003,99.1519,217.7012,49.0878,-16.9069,0.0,0.0001,2.3836,-0.0005,6.159,35.5223,10.9631,27.1892,35.9524
248.0,495.0,11.0196,39.8044,98.695,237.377,0.0243,0.0003,99.1471,217.7013,49.0878,-16.9069,0.0,0.0001,2.3808,-0.0001,6.159,35.5225,10.9572,27.1904,35.9538
249.0,497.0,11.0184,39.8039,98.705,237.6496,0.0199,0.0003,99.142,217.7013,49.0878,-16.9069,0.0,0.0001,2.3822,0.0,6.1591,35.5222,10.9558,27.1905,35.954
250.0,499.0,11.0186,39.8045,85.427,237.758,0.0211,0.0003,99.1428,217.7013,49.0878,-16.9069,0.0,0.0001,2.3827,0.0001,6.1594,35.5222,10.9559,27.1904,35.9539
251.0,501.0,11.0168,39.8038,98.71,237.1419,0.0212,0.0003,99.1688,217.7014,49.0878,-16.9069,0.0,0.0001,2.3802,-0.0013,6.1601,35.5222,10.9538,27.1908,35.9544
252.0,503.0,11.0132,39.801,98.6952,237.4981,0.0217,0.0003,99.1708,217.7014,49.0878,-16.9069,0.0,0.0001,2.3801,-0.0002,6.1598,35.522,10.9499,27.1914,35.9551
253.0,505.0,11.0155,39.8044,98.6936,237.7449,0.0201,0.0003,99.1601,217.7014,49.0878,-16.9069,0.0,0.0001,2.381,0.0002,6.1588,35.5222,10.952,27.1912,35.9548
254.0,507.0,11.0248,39.8179,98.6999,237.9151,0.0228,0.0003,99.1666,217.7015,49.0878,-16.9069,0.0,0.0001,2.381,0.0002,6.1588,35.526,10.9609,27.1924,35.9557
255.0,509.0,11.0225,39.817,98.69,237.4928,0.02,0.0003,99.1662,217.7015,49.0878,-16.9069,0.0,0.0001,2.38,-0.0007,6.1594,35.5264,10.9584,27.1933,35.9566
256.0,511.0,11.0194,39.8145,68.0936,237.8604,0.0167,0.0003,99.1567,217.7015,49.0878,-16.9069,0.0,0.0001,2.3797,0.0002,6.1592,35.5259,10.9551,27.1934,35.9569
257.0,513.0,11.0173,39.8129,92.5134,237.8134,0.0229,0.0003,99.1631,217.7016,49.0878,-16.9069,0.0,0.0001,2.3797,-0.0001,6.1603,35.5255,10.9527,27.1935,35.9571
258.0,515.0,11.0096,39.8048,98.6927,237.4004,0.0214,0.0003,99.176,217.7016,49.0878,-16.9069,0.0,0.0001,2.3775,-0.0009,6.1625,35.5239,10.9448,27.1937,35.9577
259.0,517.0,10.9959,39.7899,87.2847,237.2954,0.0202,0.0003,99.1381,217.7016,49.0878,-16.9069,0.0,0.0001,2.3757,-0.0008,6.1627,35.5214,10.9308,27.1944,35.9589
260.0,519.0,10.9884,39.7825,98.71,237.0143,0.019,0.0003,99.1375,217.7017,49.0878,-16.9069,0.0,0.0001,2.3736,-0.001,6.1626,35.5203,10.9231,27.1949,35.9598
261.0,521.0,10.9981,39.7948,98.6918,237.4204,0.0204,0.0003,99.1641,217.7017,49.0878,-16.9069,0.0,0.0001,2.3741,0.0,6.162,35.5223,10.9325,27.1948,35.9592
262.0,523.0,11.0042,39.8031,88.0566,237.7676,0.0212,0.0003,99.1615,217.7017,49.0878,-16.907,0.0,0.0001,2.3753,0.0003,6.1611,35.524,10.9383,27.195,35.9592
263.0,525.0,11.0069,39.8104,98.6882,237.8706,0.0194,0.0003,99.1615,217.7018,49.0878,-16.9069,0.0,0.0001,2.3761,0.0001,6.1611,35.5276,10.9408,27.1974,35.9614
264.0,527.0,10.9965,39.7993,98.5563,238.2874,0.0187,0.0003,99.1471,217.7018,49.0878,-16.9069,0.0,0.0001,2.3771,0.0009,6.1614,35.5258,10.9302,27.1979,35.9624
265.0,529.0,11.0016,39.8059,98.6981,237.7737,0.0189,0.0003,99.1419,217.7018,49.0878,-16.907,0.0,0.0001,2.3756,-0.0004,6.1637,35.5265,10.935,27.1976,35.9618
266.0,531.0,10.9864,39.7889,86.6566,237.5081,0.024,0.0003,99.1595,217.7019,49.0878,-16.907,0.0,0.0001,2.374,-0.0007,6.1643,35.5235,10.9197,27.198,35.963
267.0,533.0,10.9753,39.7767,93.0408,237.1274,0.0195,0.0003,99.1676,217.7019,49.0877,-16.907,0.0,0.0001,2.3712,-0.001,6.1624,35.5212,10.9083,27.1983,35.9637
268.0,535.0,10.9977,39.8069,97.3631,237.7672,0.0205,0.0003,99.1393,217.7019,49.0877,-16.907,0.0,0.0001,2.3726,0.0004,6.1633,35.5285,10.9303,27.2,35.9644
269.0,537.0,10.9933,39.8013,98.5067,237.7495,0.0202,0.0003,99.1514,217.702,49.0877,-16.907,0.0,0.0001,2.3731,0.0001,6.1611,35.5266,10.9257,27.1993,35.964
270.0,539.0,11.0072,39.8206,98.693,238.0209,0.02,0.0003,99.1646,217.702,49.0877,-16.907,0.0,0.0001,2.3736,0.0004,6.1604,35.5313,10.9393,27.2005,35.9646
271.0,541.0,11.0094,39.8246,94.7275,237.8826,0.0201,0.0003,99.1652,217.702,49.0877,-16.907,0.0,0.0001,2.3736,-0.0002,6.161,35.5324,10.9413,27.201,35.965
272.0,543.0,11.004,39.8204,81.6141,238.2939,0.0201,0.0003,99.157,217.7021,49.0877,-16.907,0.0,0.0001,2.3744,0.0006,6.1608,35.5326,10.9355,27.2022,35.9664
273.0,545.0,11.004,39.8207,96.2901,238.2053,0.0214,0.0003,99.1375,217.7021,49.0877,-16.907,0.0,0.0001,2.3747,0.0,6.1602,35.5322,10.9354,27.2019,35.9661
274.0,547.0,11.0103,39.8302,98.6962,238.3827,0.0207,0.0003,99.1567,217.7022,49.0877,-16.907,0.0,0.0001,2.3747,0.0004,6.1591,35.5344,10.9413,27.2026,35.9665
275.0,549.0,11.0168,39.84,68.6294,238.8471,0.02,0.0003,99.0363,217.7022,49.0877,-16.907,0.0,0.0001,2.3773,0.0009,6.1595,35.5371,10.9476,27.2035,35.9671
276.0,551.0,11.0153,39.8385,92.319,238.4072,0.019,0.0003,99.1209,217.7022,49.0877,-16.907,0.0,0.0001,2.3758,0.0,6.1578,35.536,10.9458,27.203,35.9667
277.0,553.0,11.027,39.8547,98.69,238.7409,0.0196,0.0003,99.138,217.7023,49.0877,-16.907,0.0,0.0001,2.3772,0.0003,6.1569,35.5401,10.9571,27.2042,35.9673
278.0,555.0,11.0298,39.8602,98.6969,238.5544,0.0177,0.0003,99.1531,217.7023,49.0877,-16.907,0.0,0.0001,2.3771,-0.0003,6.1569,35.5421,10.9597,27.2052,35.9682
279.0,557.0,11.0338,39.8663,91.8751,239.1312,0.0206,0.0003,99.1615,217.7023,49.0877,-16.907,0.0,0.0001,2.3789,0.0006,6.1572,35.5433,10.9634,27.2055,35.9683
280.0,559.0,11.0275,39.8597,98.7003,238.3882,0.0199,0.0003,99.1567,217.7024,49.0877,-16.907,0.0,0.0001,2.3765,-0.0011,6.1581,35.5419,10.9569,27.2056,35.9687
281.0,561.0,11.0229,39.8557,98.7083,238.5077,0.0218,0.0003,99.1736,217.7024,49.0877,-16.907,0.0,0.0001,2.3749,-0.0004,6.1579,35.5416,10.9521,27.2062,35.9696
282.0,563.0,11.0237,39.858,91.0842,238.7358,0.018,0.0003,99.1611,217.7024,49.0877,-16.907,0.0,0.0001,2.3752,0.0,6.1578,35.5422,10.9526,27.2066,35.9699
283.0,565.0,11.0246,39.8603,98.7557,238.0523,0.0163,0.0003,99.1615,217.7025,49.0877,-16.907,0.0,0.0001,2.3727,-0.0013,6.1575,35.5428,10.9532,27.207,35.9702
284.0,567.0,11.0262,39.8642,91.6295,238.2735,0.0186,0.0003,99.176,217.7025,49.0877,-16.907,0.0,0.0001,2.3718,-0.0005,6.1576,35.5442,10.9545,27.2078,35.971
285.0,569.0,11.0272,39.8667,95.9019,238.5788,0.0203,0.0003,99.1546,217.7026,49.0877,-16.907,0.0,0.0001,2.3734,0.0,6.1568,35.5449,10.9552,27.2082,35.9714
286.0,571.0,11.0281,39.8686,98.6929,238.2274,0.0215,0.0003,99.176,217.7026,49.0877,-16.907,0.0,0.0001,2.3712,-0.0007,6.1557,35.5449,10.956,27.2081,35.9712
287.0,573.0,11.0402,39.8851,98.6976,238.6859,0.0209,0.0003,99.176,217.7026,49.0877,-16.907,0.0,0.0001,2.372,0.0003,6.1559,35.5489,10.9678,27.209,35.9717
288.0,575.0,11.0378,39.884,98.7007,239.3941,0.0186,0.0003,99.1399,217.7027,49.0877,-16.907,0.0,0.0001,2.3759,0.0009,6.1556,35.549,10.965,27.2096,35.9724
289.0,577.0,11.0385,39.8856,92.2929,239.1888,0.0199,0.0003,99.1471,217.7027,49.0877,-16.907,0.0,0.0001,2.3759,0.0002,6.1557,35.5494,10.9656,27.2098,35.9725
290.0,579.0,11.04,39.8894,98.71,239.1044,0.0229,0.0003,99.1531,217.7027,49.0877,-16.907,0.0,0.0001,2.3754,-0.0003,6.156,35.5507,10.9668,27.2107,35.9733
291.0,581.0,11.0377,39.8875,98.7017,238.9092,0.0239,0.0003,99.1615,217.7028,49.0877,-16.907,0.0,0.0001,2.3743,-0.0006,6.1561,35.5504,10.9643,27.2109,35.9736
292.0,583.0,11.035,39.8856,71.8935,239.3345,0.0207,0.0003,99.1579,217.7028,49.0877,-16.907,0.0,0.0001,2.3751,0.0002,6.1559,35.5501,10.9613,27.2112,35.9741
293.0,585.0,11.0374,39.8885,96.0974,239.1901,0.0198,0.0003,99.163,217.7028,49.0877,-16.907,0.0,0.0001,2.3747,-0.0002,6.157,35.5499,10.9635,27.2107,35.9734
294.0,587.0,11.0263,39.878,98.6994,239.0695,0.021,0.0003,99.1471,217.7029,49.0877,-16.907,0.0,0.0001,2.3736,-0.0004,6.1588,35.5492,10.9521,27.2122,35.9754
295.0,589.0,11.02,39.8725,98.7056,239.2549,0.0173,0.0003,99.1441,217.7029,49.0877,-16.9071,0.0,0.0001,2.3736,-0.0001,6.1584,35.5487,10.9455,27.213,35.9765
296.0,591.0,11.0147,39.8674,98.0217,239.0235,0.0168,0.0003,99.1471,217.7029,49.0877,-16.9071,0.0,0.0001,2.3727,-0.0005,6.1584,35.5478,10.94,27.2133,35.9771
297.0,593.0,11.0192,39.873,98.6421,239.1714,0.0186,0.0003,99.1496,217.7029,49.0877,-16.9071,0.0,0.0001,2.3718,-0.0001,6.1586,35.5483,10.9442,27.2129,35.9765
298.0,595.0,11.0192,39.8738,98.6915,238.7423,0.0191,0.0003,99.1411,217.703,49.0877,-16.9071,0.0,0.0001,2.3712,-0.001,6.159,35.5483,10.944,27.213,35.9766
299.0,597.0,11.0136,39.8691,76.4339,239.2599,0.0179,0.0003,99.1471,217.703,49.0877,-16.9071,0.0,0.0001,2.3706,0.0002,6.1592,35.5481,10.9381,27.2139,35.9777
300.0,599.0,11.0129,39.8692,94.455,239.2815,0.018,0.0003,99.1471,217.703,49.0877,-16.9071,0.0,0.0001,2.3707,0.0,6.1597,35.548,10.9372,27.214,35.9778
301.0,601.0,11.0106,39.8676,96.6875,238.9751,0.0196,0.0003,99.1459,217.7031,49.0877,-16.9071,0.0,0.0001,2.3694,-0.0006,6.1597,35.5478,10.9346,27.2143,35.9783
302.0,603.0,11.0066,39.8645,98.6971,239.0432,0.0198,0.0003,99.1471,217.7031,49.0877,-16.9071,0.0,0.0001,2.3686,-0.0002,6.1596,35.5475,10.9304,27.2148,35.9789
303.0,605.0,11.0097,39.8687,98.5779,239.1089,0.0183,0.0003,99.1356,217.7031,49.0877,-16.9071,0.0,0.0001,2.3683,-0.0002,6.1608,35.5479,10.9332,27.2146,35.9786
304.0,607.0,11.0027,39.8619,98.68,238.6283,0.0167,0.0003,99.1471,217.7032,49.0877,-16.9071,0.0,0.0001,2.3656,-0.0012,6.1628,35.547,10.926,27.2152,35.9795
305.0,609.0,10.9896,39.8488,97.2217,238.5812,0.0186,0.0003,99.1471,217.7032,49.0877,-16.9071,0.0,0.0001,2.3644,-0.0007,6.1624,35.5453,10.9126,27.2163,35.9813
306.0,611.0,10.9858,39.8457,58.3329,238.8081,0.0193,0.0003,99.1471,217.7032,49.0877,-16.9071,0.0,0.0001,2.3647,-0.0003,6.1617,35.5453,10.9086,27.2171,35.9821
307.0,613.0,10.9886,39.8496,96.0914,239.3318,0.0221,0.0003,99.1343,217.7032,49.0877,-16.9071,0.0,0.0001,2.3659,0.0004,6.1625,35.5456,10.9111,27.2168,35.9818
308.0,615.0,10.9928,39.855,98.687,239.157,0.0221,0.0003,99.1303,217.7033,49.0877,-16.9071,0.0,0.0001,2.3652,-0.0003,6.1638,35.5463,10.9151,27.2166,35.9814
309.0,617.0,10.9793,39.8417,83.9131,239.0712,0.0198,0.0003,99.1327,217.7033,49.0877,-16.9071,0.0,0.0001,2.3647,-0.0003,6.1641,35.545,10.9014,27.2181,35.9835
310.0,619.0,10.9772,39.8403,98.6952,239.0893,0.0178,0.0003,99.1471,217.7033,49.0877,-16.9071,0.0,0.0001,2.3639,-0.0004,6.1647,35.5447,10.899,27.2183,35.9838
311.0,621.0,10.9746,39.8384,98.6895,239.1913,0.0219,0.0003,99.1471,217.7033,49.0877,-16.9071,0.0,0.0001,2.3631,0.0,6.1647,35.5445,10.8962,27.2187,35.9843
312.0,623.0,10.9698,39.8341,98.6972,239.0334,0.0183,0.0003,99.1348,217.7034,49.0877,-16.9071,0.0,0.0001,2.3623,-0.0004,6.1654,35.544,10.8912,27.2192,35.985
313.0,625.0,10.9703,39.8351,98.48,238.5501,0.0185,0.0003,99.1471,217.7034,49.0877,-16.9071,0.0,0.0001,2.3594,-0.0011,6.1662,35.5436,10.8914,27.2188,35.9847
314.0,627.0,10.9598,39.8251,68.3783,239.2128,0.0214,0.0003,99.1455,217.7034,49.0877,-16.9071,0.0,0.0001,2.3599,0.0005,6.1661,35.5426,10.8806,27.22,35.9863
315.0,629.0,10.9592,39.8251,98.4894,239.1539,0.0206,0.0003,99.1438,217.7034,49.0877,-16.9071,0.0,0.0001,2.3605,0.0002,6.1664,35.5424,10.8797,27.22,35.9863
316.0,631.0,10.9628,39.8297,97.3934,239.2431,0.02,0.0003,99.1375,217.7035,49.0877,-16.9071,0.0,0.0001,2.3614,0.0001,6.1668,35.5429,10.8832,27.2198,35.986
317.0,633.0,10.9576,39.8251,98.695,238.956,0.0199,0.0003,99.1369,217.7035,49.0877,-16.9071,0.0,0.0001,2.3594,-0.0005,6.167,35.5426,10.8777,27.2205,35.9869
318.0,635.0,10.9555,39.8239,82.1931,238.9067,0.0173,0.0003,99.1243,217.7035,49.0877,-16.9071,0.0,0.0001,2.3587,-0.0005,6.1676,35.5424,10.8754,27.2208,35.9873
319.0,637.0,10.9534,39.8228,74.7529,238.6165,0.02,0.0003,99.1357,217.7035,49.0877,-16.9071,0.0,0.0001,2.3565,-0.0009,6.1677,35.5424,10.873,27.2213,35.9878
320.0,639.0,10.95,39.8201,95.4139,238.9181,0.0203,0.0003,99.1471,217.7036,49.0877,-16.9071,0.0,0.0001,2.3565,-0.0001,6.1672,35.542,10.8694,27.2216,35.9883
321.0,641.0,10.9535,39.8245,98.7056,239.0178,0.0209,0.0003,99.1471,217.7036,49.0877,-16.9071,0.0,0.0001,2.3569,-0.0002,6.1688,35.5422,10.8726,27.2211,35.9877
322.0,643.0,10.9433,39.814,98.6962,238.9283,0.0198,0.0003,99.1585,217.7036,49.0877,-16.9071,0.0,0.0001,2.3554,-0.0004,6.1699,35.5407,10.8621,27.2219,35.989
323.0,645.0,10.939,39.8103,98.6993,238.9875,0.0171,0.0003,99.1183,217.7037,49.0877,-16.9071,0.0,0.0001,2.3553,-0.0002,6.1703,35.5403,10.8576,27.2224,35.9896
324.0,647.0,10.9327,39.8038,98.6967,238.3444,0.0165,0.0003,99.1665,217.7037,49.0877,-16.9071,0.0,0.0001,2.3525,-0.0014,6.1704,35.5392,10.8511,27.2227,35.9902
325.0,649.0,10.9299,39.8018,98.691,238.8604,0.0187,0.0003,99.142,217.7037,49.0877,-16.9071,0.0,0.0001,2.3528,0.0001,6.17,35.5389,10.8481,27.223,35.9906
326.0,651.0,10.9329,39.8059,93.1637,238.8744,0.0207,0.0004,99.0906,217.7037,49.0877,-16.9071,0.0,0.0001,2.3517,-0.0003,6.1733,35.5391,10.8507,27.2227,35.9903
327.0,653.0,10.9122,39.7826,86.7753,237.5044,0.019,0.0003,99.1314,217.7038,49.0877,-16.9071,0.0,0.0001,2.347,-0.0023,6.1761,35.535,10.8299,27.2233,35.9917
328.0,655.0,10.8927,39.762,94.3949,237.1155,0.0212,0.0003,99.1423,217.7038,49.0877,-16.9071,0.0,0.0001,2.3423,-0.0022,6.1763,35.5322,10.8102,27.2247,35.994
329.0,657.0,10.8875,39.7572,98.6815,237.1447,0.0188,0.0003,99.1471,217.7038,49.0877,-16.9071,0.0,0.0001,2.3402,-0.0014,6.1754,35.5315,10.8047,27.2251,35.9946
330.0,659.0,10.8854,39.7556,98.7056,237.7053,0.0186,0.0003,99.106,217.7038,49.0877,-16.9071,0.0,0.0001,2.3407,-0.0001,6.1759,35.531,10.8024,27.2251,35.9948
331.0,661.0,10.8926,39.7644,93.4675,238.1699,0.0185,0.0003,99.1546,217.7039,49.0877,-16.9071,0.0,0.0001,2.3427,0.0004,6.1769,35.5321,10.8094,27.2247,35.994
332.0,663.0,10.8878,39.7599,98.6894,237.5041,0.0142,0.0003,99.1471,217.7039,49.0877,-16.9071,0.0,0.0001,2.3394,-0.001,6.1777,35.5314,10.8044,27.2251,35.9946
333.0,665.0,10.8818,39.7542,98.6907,237.5657,0.0147,0.0003,99.1644,217.7039,49.0877,-16.9071,0.0,0.0001,2.338,-0.0005,6.1793,35.5307,10.7981,27.2257,35.9955
334.0,667.0,10.8767,39.7492,98.6886,237.1187,0.0159,0.0003,99.1471,217.704,49.0877,-16.9071,0.0,0.0001,2.337,-0.0013,6.1796,35.5298,10.7928,27.2259,35.996
335.0,669.0,10.8648,39.7373,98.695,237.2323,0.0161,0.0003,99.1417,217.704,49.0877,-16.9071,0.0,0.0001,2.3346,-0.0005,6.1788,35.5283,10.7806,27.2269,35.9975
336.0,671.0,10.8658,39.7391,90.3598,237.6962,0.017,0.0003,99.1372,217.704,49.0877,-16.9071,0.0,0.0001,2.3358,0.0003,6.1802,35.5283,10.7814,27.2268,35.9973
337.0,673.0,10.8687,39.7433,98.5825,237.1,0.0156,0.0003,99.1271,217.7041,49.0877,-16.9071,0.0,0.0001,2.3331,-0.0009,6.1817,35.5289,10.7841,27.2268,35.9972
338.0,675.0,10.8506,39.7249,98.6937,236.9402,0.0132,0.0003,99.176,217.7041,49.0877,-16.9071,0.0,0.0001,2.3309,-0.0009,6.1832,35.5271,10.7657,27.2287,35.9999
339.0,677.0,10.8462,39.7219,98.6987,237.2507,0.0178,0.0003,99.1584,217.7041,49.0877,-16.9071,0.0,0.0001,2.3307,-0.0002,6.1833,35.5274,10.7612,27.2298,36.0011
340.0,679.0,10.8383,39.7144,80.9362,237.1428,0.0188,0.0003,99.1431,217.7041,49.0877,-16.9071,0.0,0.0001,2.3303,-0.0003,6.1829,35.5266,10.753,27.2306,36.0023
341.0,681.0,10.8361,39.7126,95.9745,237.2629,0.0214,0.0003,99.1615,217.7041,49.0877,-16.9071,0.0,0.0001,2.3303,0.0,6.1831,35.526,10.7505,27.2306,36.0024
342.0,683.0,10.8382,39.715,98.6968,236.9724,0.0165,0.0003,99.1396,217.7042,49.0877,-16.9071,0.0,0.0001,2.3287,-0.0008,6.187,35.5256,10.7524,27.2299,36.0017
343.0,685.0,10.8242,39.7006,98.2424,235.6794,0.0179,0.0003,99.1471,217.7042,49.0877,-16.9071,0.0,0.0001,2.3223,-0.0027,6.1875,35.5238,10.7382,27.2311,36.0034
344.0,687.0,10.8055,39.6779,98.6882,235.3263,0.0153,0.0003,99.1363,217.7042,49.0877,-16.9071,0.0,0.0001,2.32,-0.0028,6.1876,35.5184,10.7194,27.2303,36.0035
345.0,689.0,10.7945,39.6691,98.6962,235.9309,0.0191,0.0003,99.176,217.7043,49.0877,-16.9071,0.0,0.0001,2.3181,-0.0009,6.1914,35.5192,10.7082,27.2329,36.0065
346.0,691.0,10.7874,39.6591,59.0467,234.9294,0.0177,0.0003,99.174,217.7043,49.0877,-16.9071,0.0,0.0001,2.3133,-0.0023,6.1926,35.5151,10.7008,27.231,36.0051
347.0,693.0,10.7706,39.6436,80.5092,234.7751,0.0168,0.0003,99.1736,217.7043,49.0877,-16.9071,0.0,0.0001,2.31,-0.0016,6.192,35.5149,10.6839,27.2339,36.0087
348.0,695.0,10.7697,39.6439,95.4925,234.9282,0.0224,0.0003,99.176,217.7043,49.0877,-16.9071,0.0,0.0001,2.3081,-0.0006,6.1928,35.5152,10.6827,27.2344,36.0092
349.0,697.0,10.7751,39.65,98.6921,234.5721,0.0222,0.0003,99.1728,217.7044,49.0877,-16.9071,0.0,0.0001,2.306,-0.0012,6.1942,35.5155,10.6879,27.2337,36.0082
350.0,699.0,10.7659,39.6422,98.683,234.1865,0.0203,0.0003,99.176,217.7044,49.0877,-16.9071,0.0,0.0001,2.3028,-0.0014,6.1939,35.5156,10.6784,27.2354,36.0104
351.0,701.0,10.7606,39.6352,72.3543,234.5776,0.0193,0.0003,99.176,217.7044,49.0877,-16.9071,0.0,0.0001,2.3028,-0.0003,6.1933,35.5129,10.6729,27.2343,36.0095
352.0,703.0,10.7513,39.6265,98.6901,234.6926,0.02,0.0003,99.1563,217.7044,49.0877,-16.9071,0.0,0.0001,2.3026,-0.0004,6.1976,35.5122,10.6633,27.2355,36.0111
353.0,705.0,10.726,39.5995,98.6908,233.2576,0.0196,0.0003,99.164,217.7045,49.0877,-16.9071,0.0,0.0001,2.2958,-0.0025,6.2025,35.5085,10.6379,27.2371,36.0139
354.0,707.0,10.6996,39.5713,93.4037,232.108,0.021,0.0003,99.1732,217.7045,49.0877,-16.9071,0.0,0.0001,2.2876,-0.0033,6.2053,35.5049,10.6114,27.2391,36.017
355.0,709.0,10.6866,39.5572,86.5264,231.5173,0.0223,0.0003,99.1664,217.7045,49.0877,-16.9071,0.0,0.0001,2.2821,-0.0029,6.2056,35.5026,10.5982,27.2396,36.0181
356.0,711.0,10.6763,39.5461,98.6907,231.5192,0.0184,0.0003,99.1486,217.7046,49.0877,-16.9071,0.0,0.0001,2.2789,-0.002,6.2053,35.5005,10.5877,27.2399,36.0188
357.0,713.0,10.6773,39.5494,97.4238,231.7947,0.0184,0.0003,99.176,217.7046,49.0877,-16.9071,0.0,0.0001,2.2767,-0.0009,6.2081,35.5018,10.5885,27.2408,36.0196
358.0,715.0,10.6695,39.5419,98.6986,230.948,0.0184,0.0003,99.1668,217.7046,49.0877,-16.9071,0.0,0.0001,2.2718,-0.0018,6.2096,35.5011,10.5804,27.2417,36.0209
359.0,717.0,10.6529,39.5241,81.8804,230.3338,0.0198,0.0003,99.176,217.7047,49.0877,-16.9071,0.0,0.0001,2.2672,-0.0022,6.2112,35.4984,10.5637,27.2425,36.0224
360.0,719.0,10.6423,39.5135,82.7681,230.528,0.0203,0.0003,99.1715,217.7047,49.0877,-16.9071,0.0,0.0001,2.2649,-0.0012,6.2153,35.4971,10.5528,27.2435,36.0239
361.0,721.0,10.616,39.4838,95.2802,229.0189,0.0213,0.0003,99.1726,217.7047,49.0877,-16.9071,0.0,0.0001,2.2578,-0.003,6.2173,35.4918,10.5265,27.244,36.0256
362.0,723.0,10.5803,39.443,98.6874,228.7241,0.022,0.0003,99.1726,217.7047,49.0877,-16.9071,0.0,0.0001,2.2504,-0.0019,6.2213,35.4843,10.4907,27.2445,36.0277
363.0,725.0,10.5706,39.4324,98.6875,227.8773,0.0201,0.0003,99.1747,217.7048,49.0877,-16.9071,0.0,0.0001,2.2446,-0.0028,6.2272,35.4823,10.4808,27.2447,36.0283
364.0,727.0,10.5487,39.4073,98.6862,226.5607,0.0193,0.0003,99.1543,217.7048,49.0877,-16.9071,0.0,0.0001,2.2375,-0.0039,6.2296,35.4774,10.4587,27.2448,36.0294
365.0,729.0,10.5043,39.3573,98.68,224.6961,0.0224,0.0003,99.154,217.7048,49.0877,-16.9071,0.0,0.0001,2.2282,-0.0058,6.2274,35.4692,10.4144,27.2462,36.0327
366.0,731.0,10.5116,39.3663,98.6824,225.4672,0.0187,0.0003,99.1537,217.7048,49.0877,-16.9071,0.0,0.0001,2.2223,-0.0022,6.2316,35.4702,10.4213,27.2458,36.032
367.0,733.0,10.5121,39.3682,82.2629,223.6001,0.0204,0.0003,99.1433,217.7049,49.0877,-16.9071,0.0,0.0001,2.2122,-0.0042,6.2366,35.4708,10.4215,27.2462,36.0324
368.0,735.0,10.4659,39.3179,74.8938,223.1187,0.0217,0.0003,99.167,217.7049,49.0877,-16.9071,0.0,0.0001,2.2067,-0.0039,6.2369,35.4639,10.3754,27.2489,36.0372
369.0,737.0,10.4578,39.3103,96.6736,223.472,0.0196,0.0003,99.1335,217.7049,49.0877,-16.9071,0.0,0.0001,2.2036,-0.0018,6.237,35.4632,10.367,27.2499,36.0385
370.0,739.0,10.4571,39.3105,98.68,223.448,0.0201,0.0003,99.176,217.705,49.0877,-16.9071,0.0,0.0001,2.2005,-0.001,6.2372,35.4631,10.366,27.25,36.0387
371.0,741.0,10.4563,39.3104,98.2761,223.054,0.0232,0.0003,99.1708,217.705,49.0877,-16.9071,0.0,0.0001,2.1978,-0.0013,6.2381,35.463,10.3651,27.2501,36.0387
372.0,743.0,10.4537,39.3088,89.1081,222.9828,0.0203,0.0003,99.1708,217.705,49.0877,-16.9071,0.0,0.0001,2.1956,-0.001,6.2393,35.463,10.3622,27.2506,36.0394
373.0,745.0,10.4375,39.2929,98.68,222.7409,0.0185,0.0003,99.1615,217.705,49.0877,-16.9071,0.0,0.0001,2.1934,-0.0011,6.2411,35.4617,10.3458,27.2524,36.0419
374.0,747.0,10.4277,39.2843,98.6832,221.8828,0.0203,0.0003,99.1583,217.7051,49.0877,-16.9071,0.0,0.0001,2.1877,-0.0017,6.2414,35.4617,10.3359,27.2542,36.0441
375.0,749.0,10.4241,39.2811,98.6869,221.3981,0.0239,0.0003,99.176,217.7051,49.0877,-16.9071,0.0,0.0001,2.1833,-0.0019,6.245,35.4612,10.332,27.2545,36.0446
376.0,751.0,10.4143,39.2716,52.2675,220.3532,0.0242,0.0003,99.176,217.7051,49.0877,-16.9071,0.0,0.0001,2.1779,-0.0032,6.2468,35.4604,10.322,27.2556,36.0461
377.0,753.0,10.3983,39.2558,83.3556,219.7436,0.0272,0.0003,99.1543,217.7051,49.0877,-16.907,0.0,0.0001,2.1735,-0.0032,6.2466,35.4589,10.3059,27.2573,36.0485
378.0,755.0,10.3849,39.2437,98.6183,219.6644,0.0223,0.0003,99.1664,217.7052,49.0877,-16.9071,0.0,0.0001,2.1688,-0.0017,6.2449,35.4585,10.2922,27.2594,36.0511
379.0,757.0,10.409,39.2682,98.68,219.7575,0.0194,0.0003,99.176,217.7052,49.0877,-16.9071,0.0,0.0001,2.1661,-0.0012,6.2523,35.4592,10.316,27.2558,36.0466
380.0,759.0,10.3536,39.2102,59.9112,215.8646,0.0219,0.0003,99.1615,217.7052,49.0877,-16.9071,0.0,0.0001,2.1501,-0.0065,6.2567,35.4535,10.2607,27.261,36.0541
381.0,761.0,10.3247,39.1818,88.2982,214.9308,0.0234,0.0003,99.1471,217.7053,49.0877,-16.9071,0.0,0.0001,2.1414,-0.006,6.2554,35.4519,10.2316,27.2648,36.0592
382.0,763.0,10.3134,39.1712,98.68,215.0421,0.0233,0.0003,99.1471,217.7053,49.0877,-16.9071,0.0,0.0001,2.1385,-0.0046,6.2546,35.4513,10.2201,27.2664,36.0612
383.0,765.0,10.3237,39.1823,96.896,216.4476,0.0231,0.0003,99.1497,217.7053,49.0877,-16.9071,0.0,0.0001,2.1367,-0.0007,6.2568,35.4515,10.2301,27.2648,36.0592
384.0,767.0,10.3159,39.1755,98.5237,214.9473,0.022,0.0003,99.176,217.7054,49.0877,-16.9071,0.0,0.0001,2.1293,-0.0029,6.2632,35.4513,10.2221,27.266,36.0608
385.0,769.0,10.2839,39.1416,98.68,213.0043,0.0217,0.0003,99.1554,217.7054,49.0877,-16.9071,0.0,0.0001,2.1207,-0.0048,6.262,35.447,10.19,27.2683,36.0645
386.0,771.0,10.2709,39.1276,98.68,212.6463,0.0226,0.0003,99.1497,217.7054,49.0877,-16.9071,0.0,0.0001,2.1167,-0.0045,6.261,35.4447,10.1768,27.2688,36.0656
387.0,773.0,10.2552,39.1116,86.4831,214.1509,0.0198,0.0003,99.144,217.7054,49.0877,-16.9071,0.0,0.0001,2.1158,-0.0006,6.2638,35.4428,10.161,27.27,36.0675
388.0,775.0,10.2652,39.1228,93.4908,211.4572,0.0186,0.0003,99.1591,217.7055,49.0877,-16.9071,0.0,0.0001,2.1069,-0.005,6.2702,35.4437,10.1707,27.269,36.0661
389.0,777.0,10.2373,39.0939,98.68,210.463,0.0195,0.0003,99.1632,217.7055,49.0877,-16.9071,0.0,0.0001,2.0989,-0.0052,6.269,35.4406,10.1427,27.2715,36.0698
390.0,779.0,10.2234,39.0795,98.68,210.6213,0.0167,0.0003,99.161,217.7055,49.0877,-16.9071,0.0,0.0001,2.095,-0.0037,6.2689,35.4387,10.1286,27.2725,36.0714
391.0,781.0,10.2232,39.0815,92.8699,211.6886,0.0192,0.0003,99.1588,217.7055,49.0877,-16.9071,0.0,0.0001,2.0942,-0.0005,6.2697,35.4398,10.1281,27.2734,36.0723
392.0,783.0,10.2265,39.0848,98.68,211.5955,0.0206,0.0003,99.1471,217.7056,49.0878,-16.9071,0.0,0.0001,2.0931,-0.0008,6.273,35.4392,10.1312,27.2724,36.0712
393.0,785.0,10.2074,39.0674,98.6854,211.35,0.0232,0.0003,99.176,217.7056,49.0878,-16.9071,0.0,0.0001,2.0912,-0.0011,6.2762,35.4394,10.112,27.2759,36.0755
394.0,787.0,10.1898,39.0503,98.68,210.8282,0.0228,0.0003,99.1615,217.7056,49.0877,-16.9071,0.0,0.0001,2.0876,-0.0015,6.2764,35.4381,10.0942,27.2779,36.0783
395.0,789.0,10.1665,39.0282,98.68,210.4695,0.0189,0.0003,99.1471,217.7056,49.0877,-16.9071,0.0,0.0001,2.0855,-0.0017,6.2756,35.4372,10.0708,27.2813,36.0827
396.0,791.0,10.1715,39.0341,85.6699,210.9403,0.0203,0.0003,99.1317,217.7057,49.0878,-16.9071,0.0,0.0001,2.0846,-0.0006,6.281,35.4377,10.0755,27.2809,36.082
397.0,793.0,10.1571,39.0182,97.2765,208.8421,0.0199,0.0003,99.1411,217.7057,49.0878,-16.9071,0.0,0.0001,2.0755,-0.0033,6.2849,35.4347,10.0609,27.2811,36.0829
398.0,795.0,10.116,38.9774,98.68,208.2621,0.0183,0.0003,99.1348,217.7057,49.0878,-16.9071,0.0,0.0001,2.0684,-0.0026,6.2854,35.4324,10.0198,27.2863,36.0899
399.0,797.0,10.1159,38.9786,98.68,208.2693,0.0156,0.0003,99.1418,217.7058,49.0878,-16.9071,0.0,0.0001,2.0646,-0.0017,6.2866,35.4327,10.0194,27.2867,36.0903
400.0,799.0,10.1045,38.9697,98.68,208.4056,0.0183,0.0003,99.0966,217.7058,49.0878,-16.9071,0.0,0.0001,2.0635,-0.001,6.2864,35.4338,10.0078,27.2895,36.0936
401.0,801.0,10.0924,38.958,76.4847,208.8504,0.0204,0.0003,99.1183,217.7058,49.0878,-16.9071,0.0,0.0001,2.0635,0.0,6.2881,35.4327,9.9956,27.2908,36.0954
402.0,803.0,10.1114,38.9776,96.1309,207.9429,0.0212,0.0004,99.1183,217.7058,49.0878,-16.9071,0.0,0.0001,2.0595,-0.0015,6.2939,35.4335,10.0143,27.2882,36.092
403.0,805.0,10.0618,38.9257,98.68,205.4525,0.0225,0.0004,99.1214,217.7059,49.0878,-16.9071,0.0,0.0001,2.048,-0.0047,6.3008,35.4282,9.9648,27.2926,36.0985
404.0,807.0,10.0227,38.8858,98.68,203.7091,0.0224,0.0003,99.1471,217.7059,49.0878,-16.9071,0.0,0.0001,2.0385,-0.0061,6.3004,35.4247,9.9256,27.2965,36.1042
405.0,809.0,10.0066,38.8697,98.68,203.1965,0.0234,0.0003,99.1358,217.7059,49.0878,-16.9071,0.0,0.0001,2.034,-0.0056,6.2977,35.4232,9.9094,27.2981,36.1065
406.0,811.0,9.9967,38.8608,98.68,205.0139,0.0217,0.0004,99.1183,217.7059,49.0878,-16.9071,0.0,0.0001,2.0324,-0.0006,6.3003,35.4224,9.8991,27.2993,36.1081
407.0,813.0,10.0049,38.8701,98.68,202.6029,0.0207,0.0004,99.1213,217.706,49.0878,-16.9071,0.0,0.0001,2.023,-0.0048,6.3115,35.4232,9.9071,27.2985,36.107
408.0,815.0,9.9592,38.8229,98.68,200.6289,0.0218,0.0003,99.1471,217.706,49.0878,-16.9071,0.0,0.0001,2.0128,-0.0065,6.3125,35.4188,9.8615,27.3029,36.1134
409.0,817.0,9.9361,38.7984,74.639,199.7853,0.0226,0.0003,99.1471,217.706,49.0878,-16.9071,0.0,0.0001,2.0077,-0.0066,6.3104,35.4155,9.8383,27.3043,36.1158
410.0,819.0,9.9095,38.7721,83.5368,200.1528,0.021,0.0003,99.1543,217.706,49.0878,-16.9071,0.0,0.0001,2.0027,-0.0039,6.3075,35.4135,9.8115,27.3073,36.12
411.0,821.0,9.9189,38.7839,97.5794,201.1739,0.0233,0.0003,99.1471,217.7061,49.0878,-16.9071,0.0,0.0001,2.0,-0.0013,6.3172,35.4157,9.8206,27.3075,36.1197
412.0,823.0,9.8806,38.744,98.6112,198.4294,0.0199,0.0003,99.1579,217.7061,49.0878,-16.9071,0.0,0.0001,1.9885,-0.0048,6.3219,35.4113,9.7823,27.3105,36.1244
413.0,825.0,9.8645,38.7281,98.6813,197.5928,0.0247,0.0003,99.1471,217.7061,49.0878,-16.9071,0.0,0.0001,1.9812,-0.0048,6.3239,35.4099,9.766,27.3122,36.1268
414.0,827.0,9.8394,38.7023,98.68,197.4552,0.0209,0.0003,99.1471,217.7061,49.0878,-16.907,0.0,0.0001,1.9756,-0.0029,6.3199,35.407,9.7408,27.3142,36.13
415.0,829.0,9.8416,38.7063,80.7917,198.1831,0.0204,0.0003,99.1464,217.7062,49.0878,-16.907,0.0,0.0001,1.9721,-0.001,6.3295,35.4083,9.7428,27.3149,36.1305
416.0,831.0,9.8152,38.679,98.6785,195.2237,0.02,0.0003,99.1423,217.7062,49.0878,-16.907,0.0,0.0001,1.9611,-0.0052,6.3364,35.4052,9.7164,27.317,36.1338
417.0,833.0,9.7688,38.6336,88.9317,194.3382,0.0238,0.0003,99.1471,217.7062,49.0878,-16.907,0.0,0.0001,1.9536,-0.005,6.3353,35.4031,9.67,27.3232,36.142
418.0,835.0,9.7598,38.6244,98.6792,194.3413,0.0263,0.0003,99.1471,217.7062,49.0878,-16.907,0.0,0.0001,1.9508,-0.0038,6.3349,35.4017,9.6608,27.3236,36.1428
419.0,837.0,9.7449,38.6094,98.6804,195.2648,0.0238,0.0003,99.1394,217.7063,49.0878,-16.907,0.0,0.0001,1.9476,-0.0008,6.3371,35.3996,9.6456,27.3246,36.1445
420.0,839.0,9.7564,38.6204,98.68,193.5877,0.0196,0.0003,99.176,217.7063,49.0878,-16.907,0.0,0.0001,1.9392,-0.0039,6.3578,35.3992,9.6569,27.3223,36.1417
421.0,841.0,9.6596,38.5176,98.68,191.6653,0.0189,0.0003,99.176,217.7063,49.0878,-16.907,0.0,0.0001,1.9308,-0.0061,6.3613,35.3874,9.5604,27.3293,36.153
422.0,843.0,9.6104,38.4669,98.68,191.2172,0.0205,0.0003,99.176,217.7064,49.0878,-16.907,0.0,0.0001,1.9259,-0.0056,6.365,35.3826,9.5113,27.3338,36.1597
423.0,845.0,9.5857,38.4419,70.4769,190.5519,0.0209,0.0003,99.176,217.7064,49.0878,-16.907,0.0,0.0001,1.9195,-0.0046,6.3548,35.3799,9.4865,27.3358,36.1628
424.0,847.0,9.5916,38.4517,98.4072,192.3152,0.026,0.0003,99.1702,217.7064,49.0879,-16.907,0.0,0.0001,1.9177,-0.0002,6.3598,35.3831,9.4921,27.3374,36.1641
425.0,849.0,9.5797,38.4394,90.4475,189.8773,0.0249,0.0003,99.2049,217.7065,49.0878,-16.907,0.0,0.0001,1.9094,-0.0044,6.3766,35.3813,9.48,27.338,36.1652
426.0,851.0,9.5068,38.3663,77.9779,188.731,0.0215,0.0003,99.2049,217.7065,49.0878,-16.907,0.0,0.0001,1.9013,-0.005,6.3804,35.3765,9.4073,27.3463,36.1768
427.0,853.0,9.4915,38.3489,98.68,188.2492,0.0189,0.0003,99.2049,217.7065,49.0878,-16.907,0.0,0.0001,1.897,-0.0048,6.3759,35.3727,9.3918,27.3459,36.1771
428.0,855.0,9.454,38.3142,98.68,188.4671,0.019,0.0003,99.2049,217.7065,49.0878,-16.907,0.0,0.0001,1.8945,-0.0033,6.3741,35.3729,9.3543,27.3523,36.1851
429.0,857.0,9.4656,38.3266,98.68,189.9067,0.02,0.0003,99.2057,217.7066,49.0879,-16.907,0.0,0.0001,1.895,-0.0003,6.3787,35.3732,9.3656,27.3507,36.183
430.0,859.0,9.4669,38.3289,80.2062,187.926,0.0189,0.0003,99.2337,217.7066,49.0879,-16.907,0.0,0.0001,1.8868,-0.0036,6.3943,35.3735,9.3667,27.3508,36.183
431.0,861.0,9.3837,38.2448,84.6005,187.0165,0.0196,0.0003,99.2265,217.7066,49.0879,-16.907,0.0,0.0001,1.8813,-0.0041,6.3945,35.3673,9.2838,27.3596,36.1955
432.0,863.0,9.3585,38.2193,98.68,187.1387,0.0171,0.0003,99.2251,217.7066,49.0879,-16.907,0.0,0.0001,1.879,-0.003,6.3911,35.3649,9.2585,27.3619,36.1989
433.0,865.0,9.3306,38.1948,98.652,187.772,0.0172,0.0003,99.2366,217.7066,49.0879,-16.907,0.0,0.0001,1.8767,-0.0012,6.3987,35.366,9.2305,27.3673,36.2055
434.0,867.0,9.3251,38.1901,98.68,187.5774,0.0239,0.0003,99.2368,217.7067,49.0879,-16.907,0.0,0.0001,1.8745,-0.0009,6.3956,35.3657,9.2249,27.368,36.2065
435.0,869.0,9.3156,38.1814,84.0752,187.6599,0.0237,0.0003,99.2556,217.7067,49.0879,-16.907,0.0,0.0001,1.8724,-0.0008,6.4049,35.3652,9.2151,27.3693,36.2082
436.0,871.0,9.299,38.1654,98.6716,186.6325,0.0222,0.0003,99.2626,217.7067,49.0879,-16.907,0.0,0.0001,1.8681,-0.0022,6.4118,35.3641,9.1984,27.3711,36.2107
437.0,873.0,9.2549,38.1223,89.7625,186.3246,0.0226,0.0003,99.257,217.7068,49.0879,-16.907,0.0,0.0001,1.865,-0.0021,6.4116,35.3619,9.1544,27.3766,36.2181
438.0,875.0,9.2295,38.0998,98.7122,186.4774,0.0225,0.0003,99.2626,217.7068,49.0879,-16.907,0.0,0.0001,1.862,-0.0011,6.4111,35.3627,9.1288,27.3814,36.224
439.0,877.0,9.2339,38.1058,98.68,186.7826,0.025,0.0003,99.2626,217.7068,49.0879,-16.907,0.0,0.0001,1.862,-0.0003,6.4128,35.3635,9.1329,27.3814,36.2238
440.0,879.0,9.2202,38.0926,71.6584,186.3774,0.0265,0.0003,99.2594,217.7068,49.0879,-16.907,0.0,0.0001,1.8597,-0.001,6.4203,35.3624,9.1191,27.3827,36.2258
441.0,881.0,9.1754,38.0475,98.6802,185.9759,0.0241,0.0003,99.2667,217.7069,49.0879,-16.907,0.0,0.0001,1.8558,-0.0013,6.4231,35.3587,9.0744,27.3871,36.2322
442.0,883.0,9.1605,38.0324,62.2347,186.1106,0.0198,0.0003,99.2695,217.7069,49.0879,-16.907,0.0,0.0001,1.8557,-0.0006,6.4204,35.3567,9.0593,27.388,36.2338
443.0,885.0,9.1519,38.0249,98.6789,186.6838,0.0203,0.0003,99.2834,217.7069,49.0879,-16.9069,0.0,0.0001,1.8558,0.0005,6.4206,35.3566,9.0505,27.3894,36.2355
444.0,887.0,9.1672,38.0411,98.68,186.5893,0.0206,0.0003,99.2795,217.7069,49.0879,-16.9069,0.0,0.0001,1.8561,-0.0002,6.4252,35.3576,9.0655,27.3877,36.2332
445.0,889.0,9.1412,38.0158,98.68,185.8647,0.0242,0.0003,99.2915,217.707,49.0879,-16.9069,0.0,0.0001,1.8532,-0.0015,6.4303,35.356,9.0395,27.3907,36.2373
446.0,891.0,9.1232,37.9983,97.1697,186.1141,0.0197,0.0003,99.2915,217.707,49.0879,-16.9069,0.0,0.0001,1.8516,-0.0008,6.4327,35.3545,9.0213,27.3924,36.2399
447.0,893.0,9.1024,37.9784,57.5261,185.8911,0.0213,0.0003,99.2915,217.707,49.0879,-16.9069,0.0,0.0001,1.851,-0.0008,6.4298,35.3533,9.0004,27.3949,36.2433
448.0,895.0,9.0875,37.9649,98.68,186.1363,0.0203,0.0003,99.2909,217.707,49.0879,-16.9069,0.0,0.0001,1.8507,-0.0003,6.4303,35.353,8.9853,27.3971,36.2461
449.0,897.0,9.0926,37.9707,79.8446,185.9487,0.0201,0.0003,99.2996,217.7071,49.0879,-16.9069,0.0,0.0001,1.8478,-0.0007,6.4356,35.3535,8.9903,27.3967,36.2455
450.0,899.0,9.049,37.9308,86.7159,185.254,0.0243,0.0003,99.2915,217.7071,49.0879,-16.9069,0.0,0.0001,1.845,-0.0013,6.4403,35.3537,8.9466,27.4039,36.2546
451.0,901.0,9.0324,37.9186,98.6792,185.7192,0.0235,0.0003,99.2891,217.7071,49.0879,-16.9069,0.0,0.0001,1.8445,-0.0004,6.4403,35.3565,8.9299,27.4088,36.2602
452.0,903.0,9.0336,37.9224,98.68,185.6593,0.0217,0.0003,99.2784,217.7072,49.0879,-16.9069,0.0,0.0001,1.844,-0.0003,6.4396,35.3584,8.9308,27.4101,36.2614
453.0,905.0,9.0247,37.9156,98.68,185.5767,0.0231,0.0003,99.3052,217.7072,49.0879,-16.9069,0.0,0.0001,1.8437,-0.0003,6.4392,35.359,8.9217,27.412,36.2638
454.0,907.0,9.0484,37.9373,98.68,185.5363,0.0222,0.0003,99.298,217.7072,49.088,-16.9069,0.0,0.0001,1.8425,-0.0005,6.4479,35.3576,8.9451,27.4072,36.2579
455.0,909.0,8.9744,37.8639,98.68,184.8946,0.0209,0.0003,99.3153,217.7073,49.0879,-16.9069,0.0,0.0001,1.8382,-0.0011,6.4497,35.353,8.8713,27.4155,36.2695
456.0,911.0,8.954,37.8481,98.68,184.8826,0.0213,0.0003,99.3204,217.7073,49.0879,-16.9069,0.0,0.0001,1.837,-0.0008,6.4486,35.3557,8.8507,27.4208,36.2757
457.0,913.0,8.9663,37.8642,98.68,184.8208,0.0224,0.0003,99.3204,217.7073,49.0879,-16.9069,0.0,0.0001,1.8364,-0.0008,6.4496,35.3594,8.8628,27.4219,36.2762
458.0,915.0,8.9699,37.8696,93.194,185.0698,0.022,0.0003,99.297,217.7073,49.088,-16.9069,0.0,0.0001,1.8356,-0.0003,6.4502,35.3606,8.8661,27.4223,36.2764
459.0,917.0,8.9723,37.8765,81.7555,185.0136,0.0231,0.0003,99.3084,217.7073,49.088,-16.9069,0.0,0.0001,1.8358,-0.0003,6.4507,35.365,8.8684,27.4254,36.2793
460.0,919.0,8.96,37.8693,98.68,184.1972,0.0203,0.0003,99.3204,217.7074,49.088,-16.9069,0.0,0.0001,1.8312,-0.0016,6.4608,35.3685,8.8558,27.4301,36.2845
461.0,921.0,8.924,37.8394,98.6774,183.5392,0.0203,0.0003,99.3204,217.7074,49.088,-16.9068,0.0,0.0001,1.8281,-0.0022,6.4559,35.3716,8.8197,27.4383,36.2943
462.0,923.0,8.8871,37.8019,98.0708,184.3081,0.0197,0.0003,99.3204,217.7074,49.088,-16.9068,0.0,0.0001,1.8295,-0.0005,6.4541,35.3681,8.7829,27.4414,36.2991
463.0,925.0,8.8814,37.7969,98.68,184.887,0.0231,0.0003,99.3025,217.7075,49.088,-16.9068,0.0,0.0001,1.83,0.0001,6.4603,35.3676,8.777,27.442,36.2999
464.0,927.0,8.8837,37.7958,71.9224,184.0878,0.0201,0.0003,99.3276,217.7075,49.088,-16.9068,0.0,0.0001,1.8254,-0.0019,6.4849,35.3634,8.7791,27.4384,36.2963
465.0,929.0,8.7675,37.675,98.68,184.2426,0.0222,0.0003,99.3204,217.7075,49.088,-16.9068,0.0,0.0001,1.8242,-0.0014,6.488,35.351,8.6634,27.447,36.3102
466.0,931.0,8.7373,37.6443,89.088,184.6899,0.025,0.0003,99.2987,217.7075,49.088,-16.9068,0.0,0.0001,1.8254,-0.0002,6.4816,35.3478,8.6332,27.4493,36.3138
467.0,933.0,8.715,37.622,94.5853,185.4341,0.0256,0.0003,99.297,217.7075,49.088,-16.9068,0.0,0.0001,1.8259,0.001,6.4788,35.3456,8.6108,27.4511,36.3167
468.0,935.0,8.7172,37.626,98.5166,185.3375,0.0204,0.0003,99.324,217.7076,49.088,-16.9068,0.0,0.0001,1.8274,0.0,6.4848,35.3466,8.6128,27.4516,36.3171
469.0,937.0,8.7096,37.6232,98.68,184.9776,0.0189,0.0003,99.3264,217.7076,49.088,-16.9068,0.0,0.0001,1.8254,-0.0006,6.4949,35.3503,8.6049,27.4557,36.3215
470.0,939.0,8.6649,37.5834,98.68,185.0782,0.0178,0.0003,99.3252,217.7076,49.088,-16.9068,0.0,0.0001,1.8242,-0.0003,6.494,35.3521,8.5604,27.4641,36.3318
471.0,941.0,8.6593,37.5795,98.68,185.0946,0.018,0.0003,99.3276,217.7077,49.088,-16.9068,0.0,0.0001,1.8242,-0.0002,6.4927,35.3526,8.5546,27.4654,36.3334
472.0,943.0,8.6639,37.5844,82.5287,185.5531,0.0206,0.0003,99.3291,217.7077,49.088,-16.9068,0.0,0.0001,1.8252,0.0003,6.4935,35.352,8.5589,27.4643,36.3321
473.0,945.0,8.67,37.5907,93.7372,185.0674,0.021,0.0003,99.3325,217.7077,49.088,-16.9068,0.0,0.0001,1.8236,-0.0007,6.5001,35.3518,8.5648,27.4632,36.3307
474.0,947.0,8.6246,37.5486,98.68,185.3432,0.021,0.0003,99.3434,217.7078,49.088,-16.9068,0.0,0.0001,1.823,-0.0002,6.5027,35.3516,8.5193,27.4702,36.3397
475.0,949.0,8.6116,37.5372,98.68,185.485,0.0212,0.0003,99.3492,217.7078,49.088,-16.9068,0.0,0.0001,1.8223,-0.0001,6.5074,35.3518,8.5062,27.4724,36.3425
476.0,951.0,8.5977,37.5239,62.0722,185.0252,0.023,0.0003,99.3492,217.7078,49.088,-16.9068,0.0,0.0001,1.8217,-0.0007,6.5055,35.3505,8.4923,27.4736,36.3443
477.0,953.0,8.553,37.4793,98.68,185.5356,0.0209,0.0003,99.3492,217.7078,49.088,-16.9068,0.0,0.0001,1.8217,0.0003,6.5057,35.3469,8.4476,27.4777,36.3505
478.0,955.0,8.5308,37.4563,91.8095,185.6488,0.0243,0.0003,99.3337,217.7078,49.088,-16.9068,0.0,0.0001,1.8219,-0.0002,6.5188,35.3442,8.4254,27.4791,36.3529
479.0,957.0,8.4896,37.4152,98.68,186.3634,0.0233,0.0003,99.3452,217.7079,49.088,-16.9068,0.0,0.0001,1.8226,0.0009,6.5194,35.3407,8.3842,27.4827,36.3584
480.0,959.0,8.4888,37.4155,98.68,186.2673,0.0227,0.0003,99.3529,217.7079,49.088,-16.9068,0.0,0.0001,1.823,0.0001,6.5235,35.341,8.3832,27.4831,36.3588
481.0,961.0,8.4716,37.3979,98.68,185.7936,0.021,0.0003,99.3492,217.7079,49.088,-16.9067,0.0,0.0001,1.8215,-0.0007,6.5245,35.3384,8.3658,27.4838,36.3603
482.0,963.0,8.4614,37.3882,73.53,186.3095,0.0188,0.0003,99.3555,217.708,49.088,-16.9067,0.0,0.0001,1.822,0.0002,6.5247,35.3375,8.3554,27.4846,36.3616
483.0,965.0,8.4433,37.3718,93.9491,186.8999,0.0198,0.0003,99.3526,217.708,49.088,-16.9067,0.0,0.0001,1.8241,0.0008,6.5246,35.3371,8.3372,27.4872,36.365
484.0,967.0,8.4637,37.3931,98.68,186.5581,0.0223,0.0003,99.3537,217.708,49.088,-16.9067,0.0,0.0001,1.8239,-0.0004,6.5324,35.3385,8.3574,27.4852,36.3621
485.0,969.0,8.3972,37.3292,98.68,186.1736,0.0268,0.0003,99.3492,217.7081,49.088,-16.9067,0.0,0.0001,1.821,-0.0009,6.538,35.3362,8.291,27.4936,36.3735
486.0,971.0,8.3849,37.3184,98.68,185.9306,0.0217,0.0003,99.3558,217.7081,49.088,-16.9067,0.0,0.0001,1.8195,-0.001,6.5363,35.3362,8.2787,27.4955,36.3759
487.0,973.0,8.3716,37.3074,51.7362,186.3765,0.0202,0.0003,99.3588,217.7081,49.088,-16.9067,0.0,0.0001,1.8199,-0.0003,6.5354,35.337,8.2652,27.4982,36.3792
488.0,975.0,8.3527,37.2918,97.0071,187.2383,0.0213,0.0003,99.3506,217.7081,49.088,-16.9067,0.0,0.0001,1.8224,0.0008,6.5363,35.3381,8.2461,27.502,36.3839
489.0,977.0,8.3667,37.304,98.68,186.6153,0.0192,0.0003,99.3373,217.7082,49.088,-16.9067,0.0,0.0001,1.8224,-0.001,6.5468,35.3364,8.2599,27.4986,36.3798
490.0,979.0,8.3164,37.2601,80.9005,186.5708,0.0203,0.0003,99.3492,217.7082,49.088,-16.9067,0.0,0.0001,1.8196,-0.0008,6.5472,35.3392,8.2097,27.5084,36.3919
491.0,981.0,8.3092,37.2534,87.9447,186.8977,0.0226,0.0003,99.3492,217.7082,49.088,-16.9067,0.0,0.0001,1.8201,-0.0001,6.5462,35.3384,8.2023,27.509,36.3928
492.0,983.0,8.3038,37.2502,98.68,187.4222,0.0218,0.0003,99.3555,217.7082,49.088,-16.9067,0.0,0.0001,1.8215,0.0006,6.5447,35.3392,8.1967,27.5105,36.3946
493.0,985.0,8.2963,37.2439,98.68,187.2768,0.0209,0.0003,99.3545,217.7083,49.088,-16.9067,0.0,0.0001,1.8222,-0.0002,6.5519,35.3391,8.189,27.5115,36.396
494.0,987.0,8.261,37.2154,98.68,187.4068,0.0231,0.0003,99.3592,217.7083,49.088,-16.9067,0.0,0.0001,1.8217,0.0001,6.5558,35.3431,8.1538,27.5201,36.406
495.0,989.0,8.2484,37.2057,78.8262,187.5631,0.0219,0.0003,99.355,217.7083,49.088,-16.9067,0.0,0.0001,1.821,0.0002,6.5567,35.3445,8.1409,27.5232,36.4096
496.0,991.0,8.2456,37.2049,98.5765,187.3307,0.0254,0.0003,99.3599,217.7083,49.088,-16.9066,0.0,0.0001,1.8208,-0.0003,6.556,35.3454,8.1379,27.5243,36.4109
497.0,993.0,8.2385,37.201,98.68,187.867,0.0229,0.0003,99.3669,217.7084,49.088,-16.9066,0.0,0.0001,1.8214,0.0006,6.5562,35.3474,8.1307,27.527,36.4139
498.0,995.0,8.2393,37.2008,98.68,187.6191,0.0213,0.0002,99.372,217.7084,49.088,-16.9066,0.0,0.0001,1.8213,-0.0001,6.5598,35.3457,8.1312,27.5256,36.4125
499.0,997.0,8.2143,37.1812,82.5905,187.8978,0.0204,0.0002,99.3678,217.7084,49.088,-16.9066,0.0,0.0001,1.8215,0.0003,6.5602,35.3488,8.1061,27.5318,36.4198
500.0,999.0,8.228,37.1942,93.89,187.8722,0.0214,0.0002,99.3638,217.7086,49.088,-16.9066,0.0,0.0001,1.8217,0.0,6.5606,35.3481,8.1196,27.5292,36.4166
501.0,1001.0,8.2084,37.1797,93.3626,187.8499,0.0213,0.0003,99.3386,217.709,49.088,-16.9065,0.0,0.0001,1.8216,-0.0001,6.5614,35.3511,8.0999,27.5346,36.4228
502.0,1003.0,8.2058,37.1782,94.4593,187.8316,0.0215,0.0003,99.2833,217.7094,49.0881,-16.9064,0.0,0.0001,1.8209,-0.0001,6.5618,35.3515,8.0971,27.5354,36.4237
503.0,1005.0,8.2019,37.1761,95.7926,187.9246,0.0214,0.0003,99.2326,217.7098,49.0881,-16.9063,0.0,0.0001,1.8204,0.0002,6.562,35.3522,8.093,27.5365,36.425
