Datacycle,press,temp,cond,alt,oxygen,fluor,atten,trans,jday,lat,lon,PAR,UPAR,oxV,oxdVdt,oxysat,salin,potemp,sigma0,sigma2
1.0,1.0,15.3587,43.8622,72.4174,246.8385,0.3909,0.0045,89.4372,203.482,48.7274,-16.9074,0.0,0.0001,2.7405,-0.0001,5.6286,35.5352,15.3585,26.3051,34.9008
2.0,3.0,15.3625,43.8677,93.4126,246.9238,0.3779,0.0044,89.5519,203.4821,48.7275,-16.9075,0.0,0.0001,2.741,0.0,5.6277,35.5363,15.3621,26.3051,34.9007
3.0,5.0,15.3563,43.8633,94.3285,247.1562,0.4086,0.0044,89.5795,203.4822,48.7281,-16.9075,0.0,0.0001,2.7418,0.0001,5.6287,35.5371,15.3555,26.3071,34.903
4.0,7.0,15.3539,43.8616,98.71,246.7988,0.4597,0.0044,89.4526,203.4822,48.7281,-16.9075,0.0,0.0001,2.7399,-0.0007,5.6298,35.5369,15.3528,26.3076,34.9036
5.0,9.0,15.3389,43.848,98.71,247.4081,0.6106,0.0045,89.3823,203.4823,48.7281,-16.9075,0.0,0.0001,2.7404,0.0003,5.6361,35.5373,15.3375,26.3114,34.9078
6.0,11.0,15.279,43.7888,87.8213,247.1502,0.8062,0.0046,89.0994,203.4823,48.7281,-16.9076,0.0,0.0001,2.7387,-0.001,5.6393,35.537,15.2772,26.3246,34.9232
7.0,13.0,15.2655,43.7756,98.71,247.0915,1.0028,0.0046,89.099,203.4823,48.7281,-16.9076,0.0,0.0001,2.7363,-0.0006,5.6396,35.5366,15.2635,26.3273,34.9265
8.0,15.0,15.2603,43.7724,98.71,246.565,1.1247,0.0045,89.3576,203.4824,48.7281,-16.9076,0.0,0.0001,2.7334,-0.0016,5.6397,35.5377,15.258,26.3294,34.9287
9.0,17.0,15.2598,43.7734,74.0502,246.498,1.2403,0.0045,89.4161,203.4824,48.7281,-16.9076,0.0,0.0001,2.7303,-0.0007,5.6396,35.538,15.2572,26.3298,34.9291
10.0,19.0,15.2603,43.7756,93.4979,246.8234,1.2918,0.0045,89.4119,203.4824,48.7281,-16.9076,0.0,0.0001,2.7315,0.0002,5.6391,35.5389,15.2574,26.3305,34.9298
11.0,21.0,15.2644,43.7854,98.71,245.8731,1.3057,0.0044,89.6312,203.4825,48.7281,-16.9076,0.0,0.0001,2.7265,-0.0019,5.6387,35.5431,15.2612,26.3329,34.932
12.0,23.0,15.2671,43.7918,98.71,245.9359,1.3374,0.0042,89.8671,203.4825,48.7281,-16.9076,0.0,0.0001,2.7239,-0.0005,5.6382,35.5457,15.2636,26.3343,34.9333
13.0,25.0,15.2689,43.7965,98.5317,245.9073,1.2654,0.0042,90.064,203.4825,48.7281,-16.9076,0.0,0.0001,2.7231,-0.0003,5.6374,35.5476,15.2651,26.3355,34.9344
14.0,27.0,15.2747,43.8077,98.71,245.1342,1.2256,0.0041,90.339,203.4826,48.7281,-16.9076,0.0,0.0001,2.7186,-0.0018,5.6366,35.5518,15.2706,26.3374,34.9361
15.0,29.0,15.2832,43.8238,98.71,245.2844,1.179,0.0039,90.6906,203.4826,48.7281,-16.9076,0.0,0.0001,2.7172,-0.0003,5.634,35.5578,15.2788,26.3403,34.9386
16.0,31.0,15.2907,43.8832,79.2042,242.9965,1.0142,0.003,92.7913,203.4826,48.7281,-16.9077,0.0,0.0001,2.705,-0.0053,5.6359,35.6041,15.286,26.3744,34.9718
17.0,33.0,15.2621,43.8778,95.1883,242.5563,0.72,0.002,95.1346,203.4827,48.7281,-16.9077,0.0,0.0001,2.6935,-0.003,5.6463,35.6244,15.257,26.3965,34.9947
18.0,35.0,15.175,43.8082,98.5186,238.973,0.5532,0.0015,96.2532,203.4827,48.7281,-16.9077,0.0,0.0001,2.6675,-0.0115,5.6839,35.6395,15.1697,26.4276,35.0287
19.0,37.0,14.787,43.4691,98.71,236.7017,0.3531,0.001,97.6422,203.4827,48.7281,-16.9077,0.0,0.0001,2.6346,-0.0081,5.7011,35.6832,14.7815,26.547,35.1614
20.0,39.0,14.6543,43.3465,98.71,234.3904,0.2861,0.0009,97.8531,203.4828,48.7281,-16.9077,0.0,0.0001,2.6118,-0.0084,5.7065,35.6914,14.6485,26.5823,35.2015
21.0,41.0,14.5462,43.2469,44.0029,236.6085,0.2552,0.0008,97.9684,203.4828,48.7281,-16.9077,0.0,0.0001,2.6098,0.0012,5.7101,35.6982,14.54,26.6112,35.2341
22.0,43.0,14.5946,43.2915,95.6246,235.3745,0.2475,0.0008,97.9646,203.4828,48.7281,-16.9077,0.0,0.0001,2.6007,-0.0035,5.7351,35.6941,14.5882,26.5976,35.2189
23.0,45.0,14.3535,43.0633,98.71,233.5347,0.2294,0.0007,98.2317,203.4829,48.7281,-16.9077,0.0,0.0001,2.588,-0.005,5.7376,35.7044,14.3469,26.6577,35.2876
24.0,47.0,14.2148,42.9401,81.9064,233.9789,0.2098,0.0007,98.3891,203.4829,48.7281,-16.9077,0.0,0.0001,2.5767,-0.0041,5.778,35.7173,14.2079,26.6974,35.3323
25.0,49.0,13.975,42.7172,98.6935,230.362,0.1779,0.0005,98.6474,203.4829,48.7281,-16.9077,0.0,0.0001,2.5533,-0.0086,5.7801,35.7311,13.9679,26.7592,35.4027
26.0,51.0,13.9266,42.6786,92.9466,232.1587,0.1649,0.0005,98.7221,203.483,48.7281,-16.9077,0.0,0.0001,2.548,-0.002,5.8032,35.7392,13.9192,26.7757,35.4209
27.0,53.0,13.8131,42.5734,98.71,229.9919,0.1529,0.0005,98.8372,203.483,48.7281,-16.9078,0.0,0.0001,2.5344,-0.005,5.8061,35.7454,13.8055,26.8044,35.4537
28.0,55.0,13.6723,42.4492,98.71,231.7776,0.1384,0.0004,98.8932,203.483,48.7281,-16.9078,0.0,0.0001,2.5342,0.0,5.8214,35.759,13.6644,26.8445,35.4989
29.0,57.0,13.6857,42.4586,83.1873,230.5507,0.1297,0.0004,98.9455,203.4831,48.7281,-16.9078,0.0,0.0001,2.525,-0.0036,5.8419,35.7548,13.6776,26.8385,35.4925
30.0,59.0,13.458,42.2438,98.7067,229.611,0.1135,0.0004,99.1608,203.4831,48.7281,-16.9078,0.0,0.0001,2.5156,-0.0039,5.8458,35.7644,13.4497,26.8933,35.5557
31.0,61.0,13.4193,42.221,78.015,230.1146,0.0924,0.0003,99.3157,203.4831,48.7281,-16.9078,0.0,0.0001,2.5123,-0.0008,5.8486,35.7782,13.4107,26.9121,35.5758
32.0,63.0,13.3675,42.1561,98.71,229.8786,0.1056,0.0003,99.3353,203.4832,48.7281,-16.9078,0.0,0.0001,2.5069,-0.002,5.8665,35.7645,13.3587,26.9122,35.578
33.0,65.0,13.252,42.0365,82.1946,230.9897,0.0746,0.0002,99.4624,203.4832,48.7281,-16.9078,0.0,0.0001,2.5102,0.0011,5.865,35.7585,13.2429,26.9313,35.6016
34.0,67.0,13.2479,42.0343,96.9535,230.821,0.0595,0.0002,99.5317,203.4832,48.728,-16.9078,0.0,0.0001,2.5095,-0.0003,5.8701,35.7594,13.2385,26.9329,35.6033
35.0,69.0,13.2274,42.0144,98.71,230.3884,0.0542,0.0002,99.5748,203.4833,48.728,-16.9078,0.0,0.0001,2.5069,-0.0012,5.8702,35.7588,13.2178,26.9367,35.6079
36.0,71.0,13.2147,42.0087,98.71,230.3188,0.0469,0.0001,99.6669,203.4833,48.728,-16.9078,0.0,0.0001,2.5053,-0.0008,5.8702,35.7645,13.2048,26.9437,35.6154
37.0,73.0,13.2195,42.0132,91.7491,230.2596,0.0467,0.0001,99.6748,203.4833,48.728,-16.9078,0.0,0.0001,2.5041,-0.001,5.872,35.7635,13.2093,26.9421,35.6135
38.0,75.0,13.209,42.0039,94.0694,229.9492,0.0442,0.0001,99.7,203.4834,48.728,-16.9079,0.0,0.0001,2.4996,-0.0008,5.8752,35.7637,13.1985,26.9445,35.6163
39.0,77.0,13.1853,41.9774,96.3897,230.3372,0.0442,0.0001,99.6953,203.4834,48.728,-16.9079,0.0,0.0001,2.4999,-0.0001,5.8791,35.76,13.1746,26.9464,35.6192
40.0,79.0,13.1569,41.9451,98.71,230.9991,0.0436,0.0001,99.7076,203.4834,48.728,-16.9079,0.0,0.0001,2.5023,0.0014,5.8775,35.7551,13.146,26.9485,35.6225
41.0,81.0,13.1461,41.9327,88.5141,230.9963,0.0405,0.0001,99.7062,203.4835,48.728,-16.9079,0.0,0.0001,2.502,-0.0004,5.8902,35.7526,13.1348,26.9488,35.6232
42.0,83.0,13.0585,41.8293,98.71,231.585,0.0416,0.0001,99.7409,203.4835,48.728,-16.9079,0.0,0.0001,2.5026,0.0009,5.8938,35.7354,13.0469,26.9534,35.6314
43.0,85.0,12.9967,41.7558,98.71,232.8617,0.0451,0.0001,99.771,203.4835,48.728,-16.9079,0.0,0.0001,2.508,0.003,5.8955,35.7225,12.985,26.9559,35.6365
44.0,87.0,13.0215,41.7866,69.7495,232.1826,0.0418,0.0001,99.7842,203.4836,48.728,-16.9079,0.0,0.0001,2.5074,-0.0002,5.902,35.7279,13.0095,26.9551,35.6347
45.0,89.0,12.9728,41.7337,98.7275,232.3322,0.0428,0.0001,99.8237,203.4836,48.728,-16.9079,0.0,0.0001,2.5068,-0.0003,5.9066,35.7224,12.9605,26.9608,35.6423
46.0,91.0,12.943,41.7006,98.71,233.3285,0.0393,0.0001,99.8149,203.4836,48.728,-16.9079,0.0,0.0001,2.5107,0.0018,5.9048,35.718,12.9305,26.9634,35.6461
47.0,93.0,12.9374,41.6966,98.5578,232.7552,0.0437,0.0001,99.83,203.4837,48.728,-16.9079,0.0,0.0001,2.5102,-0.0008,5.9089,35.7186,12.9247,26.9651,35.648
48.0,95.0,12.9217,41.6785,98.71,232.7803,0.0509,0.0001,99.8357,203.4837,48.728,-16.908,0.0,0.0001,2.509,-0.0004,5.9084,35.7151,12.9087,26.9656,35.6492
49.0,97.0,12.9203,41.6794,72.8684,232.8818,0.0406,0.0001,99.8738,203.4837,48.728,-16.908,0.0,0.0001,2.5081,-0.0002,5.9112,35.7164,12.907,26.967,35.6506
50.0,99.0,12.9043,41.6611,94.2558,232.6344,0.0409,0.0001,99.8904,203.4838,48.728,-16.908,0.0,0.0001,2.5064,-0.0008,5.912,35.7132,12.8907,26.9677,35.652
51.0,101.0,12.8867,41.6427,98.7125,232.866,0.0381,0.0001,99.8871,203.4838,48.728,-16.908,0.0,0.0001,2.5057,-0.0001,5.9151,35.7111,12.8728,26.9697,35.6547
52.0,103.0,12.8835,41.6402,90.0204,233.9012,0.0376,0.0,99.9105,203.4838,48.728,-16.908,0.0,0.0001,2.5093,0.0018,5.9164,35.7111,12.8694,26.9704,35.6555
53.0,105.0,12.8584,41.6135,81.3282,234.0788,0.0349,0.0,99.9075,203.4839,48.728,-16.908,0.0,0.0001,2.5125,0.0008,5.9175,35.7084,12.844,26.9734,35.6596
54.0,107.0,12.8517,41.6074,98.71,233.5033,0.0359,0.0,99.925,203.4839,48.7277,-16.908,0.0,0.0001,2.51,-0.0007,5.9193,35.7077,12.837,26.9743,35.6607
55.0,109.0,12.8378,41.5919,90.0366,232.6487,0.0351,0.0,99.955,203.4841,48.7273,-16.9081,0.0,0.0001,2.501,-0.0003,5.9214,35.7053,12.8228,26.9753,35.6623
56.0,111.0,12.8148,41.5675,90.395,232.7055,0.0331,0.0,99.931,203.4843,48.7273,-16.9081,0.0,0.0001,2.4999,0.0,5.9227,35.7026,12.7996,26.9779,35.6658
57.0,113.0,12.8044,41.5564,97.3111,232.8887,0.0309,0.0,99.9658,203.4844,48.7273,-16.9082,0.0,0.0001,2.5,0.0,5.9249,35.701,12.789,26.9787,35.667
58.0,115.0,12.7869,41.5375,79.101,232.9728,0.0297,0.0,99.9727,203.4845,48.7273,-16.9082,0.0,0.0001,2.4995,0.0001,5.927,35.6985,12.7712,26.9803,35.6694
59.0,117.0,12.774,41.5236,75.5466,233.2277,0.0296,0.0,99.9956,203.4845,48.7276,-16.9082,0.0,0.0001,2.5007,0.0,5.9293,35.6964,12.758,26.9813,35.6709
60.0,119.0,12.7518,41.4983,98.71,233.2871,0.0321,0.0,99.972,203.4846,48.728,-16.9082,0.0,0.0001,2.5004,0.0001,5.9304,35.6922,12.7356,26.9826,35.6731
61.0,121.0,12.7529,41.5003,84.1034,233.167,0.0315,0.0,99.9583,203.4846,48.728,-16.9082,0.0,0.0001,2.499,-0.0003,5.9326,35.6925,12.7365,26.9826,35.6731
62.0,123.0,12.7195,41.4619,98.6445,234.132,0.0304,0.0,99.9501,203.4847,48.728,-16.9083,0.0,0.0001,2.5033,0.0008,5.9356,35.6859,12.7027,26.9843,35.6762
63.0,125.0,12.7184,41.4607,98.6912,234.6167,0.0316,0.0,99.9518,203.4848,48.728,-16.9083,0.0,0.0001,2.5058,0.0008,5.9388,35.6853,12.7015,26.984,35.676
64.0,127.0,12.6829,41.4216,85.6843,234.3537,0.0303,0.0,99.9464,203.4848,48.728,-16.9083,0.0,0.0001,2.5055,-0.0003,5.94,35.68,12.6656,26.9871,35.6805
65.0,129.0,12.6766,41.4146,89.6443,234.3858,0.0327,0.0,99.9556,203.4849,48.728,-16.9083,0.0,0.0001,2.504,-0.0002,5.9432,35.6786,12.659,26.9873,35.6809
66.0,131.0,12.6529,41.3882,98.709,234.7591,0.0283,0.0,99.9464,203.4849,48.728,-16.9083,0.0,0.0001,2.5053,0.0005,5.9428,35.6746,12.6351,26.989,35.6836
67.0,133.0,12.6544,41.3908,98.4875,234.8467,0.0319,0.0,99.9446,203.485,48.728,-16.9083,0.0,0.0001,2.5061,0.0001,5.9448,35.6749,12.6364,26.9889,35.6835
68.0,135.0,12.6411,41.377,19.2062,234.7648,0.031,0.0,99.9474,203.485,48.728,-16.9083,0.0,0.0001,2.5051,-0.0002,5.946,35.6734,12.6228,26.9904,35.6856
69.0,137.0,12.6324,41.3679,71.376,234.7723,0.0317,0.0,99.9453,203.4851,48.728,-16.9083,0.0,0.0001,2.5047,-0.0002,5.9458,35.672,12.6138,26.9911,35.6866
70.0,139.0,12.6322,41.368,96.4434,234.9608,0.1824,0.0,99.9419,203.4851,48.728,-16.9083,0.0,0.0001,2.5048,-0.0002,5.9498,35.6716,12.6134,26.9909,35.6865
71.0,141.0,12.5947,41.327,80.0337,234.7345,0.0407,0.0,99.9445,203.4851,48.728,-16.9084,0.0,0.0001,2.5022,-0.0004,5.9518,35.6664,12.5756,26.9944,35.6915
72.0,143.0,12.5853,41.3175,77.2965,235.0031,0.0305,0.0,99.9403,203.4852,48.728,-16.9084,0.0,0.0001,2.5023,0.0003,5.9521,35.6652,12.566,26.9954,35.6928
73.0,145.0,12.5875,41.3202,98.71,234.8945,0.0278,0.0,99.9452,203.4852,48.7281,-16.9084,0.0,0.0001,2.5016,-0.0002,5.9533,35.6653,12.5679,26.995,35.6924
74.0,147.0,12.5748,41.3071,98.71,234.8932,0.031,0.0,99.9381,203.4853,48.728,-16.9084,0.0,0.0001,2.5009,-0.0002,5.9537,35.6635,12.5549,26.9962,35.6941
75.0,149.0,12.5736,41.3073,85.5672,234.6654,0.0302,0.0,99.9198,203.4853,48.728,-16.9084,0.0,0.0001,2.499,-0.0008,5.9568,35.664,12.5534,26.9969,35.6949
76.0,151.0,12.5463,41.2766,98.71,233.3791,0.0307,0.0,99.9101,203.4854,48.728,-16.9084,0.0,0.0001,2.4907,-0.0031,5.9643,35.6593,12.5259,26.9987,35.6978
77.0,153.0,12.4887,41.2105,65.901,230.3935,0.0265,0.0,99.8979,203.4854,48.7281,-16.9084,0.0,0.0001,2.4722,-0.0065,5.9675,35.6491,12.4681,27.0022,35.7037
78.0,155.0,12.4694,41.1898,91.1188,230.3855,0.0283,0.0,99.9246,203.4854,48.728,-16.9084,0.0,0.0001,2.4619,-0.0028,5.9698,35.6466,12.4486,27.0042,35.7064
79.0,157.0,12.4512,41.1699,98.7087,230.6251,0.0315,0.0,99.9235,203.4855,48.728,-16.9084,0.0,0.0001,2.4588,-0.0008,5.9701,35.6438,12.4301,27.0056,35.7086
80.0,159.0,12.4481,41.1682,98.695,230.7607,0.029,0.0,99.9101,203.4855,48.7281,-16.9084,0.0,0.0001,2.4579,-0.0004,5.9735,35.6443,12.4267,27.0066,35.7098
81.0,161.0,12.423,41.1399,98.7058,230.1995,0.0263,0.0,99.8984,203.4855,48.728,-16.9084,0.0,0.0001,2.4539,-0.0013,5.976,35.6398,12.4014,27.0081,35.7123
82.0,163.0,12.4019,41.117,98.71,228.9304,0.0282,0.0,99.9067,203.4856,48.728,-16.9084,0.0,0.0001,2.446,-0.0028,5.9777,35.6368,12.3801,27.01,35.715
83.0,165.0,12.3883,41.1028,77.7418,228.3461,0.0281,0.0,99.9113,203.4856,48.728,-16.9084,0.0,0.0001,2.4382,-0.0022,5.98,35.635,12.3662,27.0113,35.7169
84.0,167.0,12.3749,41.0889,90.5578,228.8591,0.0274,0.0,99.9085,203.4856,48.728,-16.9085,0.0,0.0001,2.436,0.0,5.9831,35.6334,12.3526,27.0128,35.719
85.0,169.0,12.3508,41.0624,94.1175,229.4,0.0265,0.0,99.9171,203.4857,48.728,-16.9085,0.0,0.0001,2.4393,0.001,5.9809,35.6298,12.3282,27.0147,35.7219
86.0,171.0,12.3629,41.0774,98.6648,228.8739,0.0293,0.0,99.9059,203.4857,48.728,-16.9085,0.0,0.0001,2.4362,-0.001,5.9868,35.632,12.3401,27.0141,35.7208
87.0,173.0,12.3186,41.0274,98.6896,228.5813,0.0253,0.0,99.8578,203.4857,48.728,-16.9085,0.0,0.0001,2.4324,-0.001,5.991,35.6246,12.2955,27.0171,35.7256
88.0,175.0,12.2854,40.9928,95.8981,228.4412,0.0257,0.0,99.8751,203.4858,48.728,-16.9085,0.0,0.0001,2.4304,-0.0009,5.9909,35.6216,12.262,27.0213,35.7312
89.0,177.0,12.2786,40.9862,80.5451,228.9843,0.0282,0.0,99.8979,203.4858,48.728,-16.9085,0.0,0.0001,2.4313,0.0003,5.9929,35.6207,12.255,27.022,35.7322
90.0,179.0,12.2875,40.9966,98.71,228.4615,0.0316,0.0,99.8978,203.4859,48.728,-16.9085,0.0,0.0001,2.429,-0.0011,5.9943,35.6218,12.2637,27.0211,35.7309
91.0,181.0,12.2495,40.9547,98.5261,230.0268,0.0253,0.0,99.8859,203.4859,48.728,-16.9085,0.0,0.0001,2.4345,0.002,5.997,35.6161,12.2254,27.0241,35.7355
92.0,183.0,12.2532,40.9599,98.7041,231.0098,0.0268,0.0,99.8707,203.4859,48.728,-16.9085,0.0,0.0001,2.4403,0.0023,6.0011,35.6168,12.2289,27.024,35.7353
93.0,185.0,12.2178,40.921,98.6875,233.1847,0.0278,0.0,99.8858,203.486,48.728,-16.9085,0.0,0.0001,2.4523,0.0044,6.0023,35.6119,12.1933,27.0271,35.7399
94.0,187.0,12.2016,40.9041,79.4135,233.3003,0.0294,0.0001,99.8717,203.486,48.728,-16.9085,0.0,0.0001,2.4581,0.0024,6.0015,35.6099,12.1768,27.0288,35.7422
95.0,189.0,12.2055,40.9096,91.9297,232.9489,0.0234,0.0001,99.8721,203.486,48.728,-16.9085,0.0,0.0001,2.4591,0.0,6.0069,35.6107,12.1804,27.0287,35.7419
96.0,191.0,12.161,40.8572,82.11,232.9474,0.0248,0.0,99.8978,203.4861,48.728,-16.9085,0.0,0.0001,2.4581,-0.0009,6.0154,35.601,12.1357,27.0299,35.745
97.0,193.0,12.1065,40.795,93.748,232.1007,0.0273,0.0,99.8978,203.4861,48.728,-16.9085,0.0,0.0001,2.4534,-0.002,6.0145,35.5914,12.081,27.033,35.7504
98.0,195.0,12.0903,40.7785,98.695,233.1399,0.0251,0.0,99.8978,203.4861,48.728,-16.9086,0.0,0.0001,2.455,0.0004,6.0183,35.5898,12.0645,27.035,35.753
99.0,197.0,12.0934,40.7823,98.71,232.8478,0.025,0.0001,99.8882,203.4862,48.728,-16.9086,0.0,0.0001,2.4524,-0.0007,6.0258,35.5899,12.0674,27.0345,35.7524
100.0,199.0,12.0334,40.7146,73.6211,233.0019,0.0263,0.0001,99.869,203.4862,48.728,-16.9086,0.0,0.0001,2.4515,-0.0004,6.0289,35.5799,12.0073,27.0383,35.7588
101.0,201.0,12.0161,40.695,98.701,232.8377,0.0282,0.0001,99.869,203.4862,48.728,-16.9086,0.0,0.0001,2.4508,-0.0007,6.028,35.5765,11.9897,27.0391,35.7603
102.0,203.0,12.0035,40.6803,96.674,233.7825,0.024,0.0001,99.8738,203.4862,48.728,-16.9086,0.0,0.0001,2.4527,0.0013,6.0277,35.5731,11.9769,27.0389,35.7606
103.0,205.0,12.0158,40.6941,98.7025,232.9285,0.0247,0.0001,99.869,203.4863,48.728,-16.9086,0.0,0.0001,2.4527,-0.0014,6.0317,35.5742,11.9889,27.0374,35.7587
104.0,207.0,11.9864,40.662,98.71,233.0651,0.0241,0.0001,99.869,203.4863,48.728,-16.9086,0.0,0.0001,2.4497,-0.0005,6.0323,35.5699,11.9593,27.0397,35.7622
105.0,209.0,11.9816,40.6581,60.6377,233.4035,0.0243,0.0001,99.869,203.4863,48.728,-16.9086,0.0,0.0001,2.4501,0.0004,6.0308,35.5697,11.9542,27.0406,35.7633
106.0,211.0,11.9841,40.6655,98.6912,233.2347,0.0244,0.0001,99.8459,203.4864,48.728,-16.9086,0.0,0.0001,2.4505,-0.0001,6.0296,35.5737,11.9564,27.0433,35.7659
107.0,213.0,11.9985,40.6837,91.9496,233.7092,0.0214,0.0001,99.8803,203.4864,48.7279,-16.9086,0.0,0.0001,2.4514,0.0006,6.0306,35.577,11.9705,27.0431,35.7651
108.0,215.0,11.9926,40.6773,98.6837,233.8022,0.0245,0.0001,99.869,203.4864,48.7279,-16.9086,0.0,0.0001,2.4521,0.0003,6.0312,35.5754,11.9643,27.0431,35.7653
109.0,217.0,11.9861,40.6707,98.71,233.3191,0.0254,0.0001,99.881,203.4864,48.7279,-16.9086,0.0,0.0001,2.4497,-0.001,6.0344,35.5743,11.9576,27.0435,35.766
110.0,219.0,11.9739,40.6569,98.71,233.3958,0.0245,0.0001,99.869,203.4865,48.7279,-16.9086,0.0,0.0001,2.4475,-0.0007,6.0411,35.5714,11.9451,27.0436,35.7667
111.0,221.0,11.9293,40.6042,98.71,233.2395,0.0268,0.0001,99.8834,203.4865,48.7279,-16.9086,0.0,0.0001,2.4457,-0.0009,6.0416,35.5615,11.9004,27.0446,35.7695
112.0,223.0,11.9068,40.5808,98.71,233.1401,0.0244,0.0001,99.8818,203.4865,48.7279,-16.9086,0.0,0.0001,2.4447,-0.0008,6.0404,35.5593,11.8776,27.0472,35.7731
113.0,225.0,11.9174,40.5962,98.6975,233.3547,0.0257,0.0001,99.8497,203.4865,48.7278,-16.9086,0.0,0.0001,2.4446,0.0001,6.0378,35.5633,11.8879,27.0483,35.7738
114.0,227.0,11.9365,40.6221,65.9774,233.9887,0.0217,0.0001,99.8545,203.4866,48.7278,-16.9087,0.0,0.0001,2.4469,0.0012,6.037,35.5696,11.9068,27.0496,35.7742
115.0,229.0,11.9374,40.6252,88.3035,233.9862,0.0219,0.0,99.8906,203.4866,48.7278,-16.9087,0.0,0.0001,2.4481,0.0006,6.0358,35.571,11.9074,27.0506,35.7752
116.0,231.0,11.9484,40.6414,98.7075,234.3649,0.0272,0.0,99.8978,203.4866,48.7278,-16.9087,0.0,0.0001,2.4513,0.0009,6.036,35.5754,11.9182,27.0519,35.776
117.0,233.0,11.9491,40.6442,98.7025,234.6369,0.0273,0.0,99.8882,203.4866,48.7278,-16.9087,0.0,0.0001,2.4522,0.0006,6.0381,35.5766,11.9186,27.0528,35.7768
118.0,235.0,11.9333,40.628,82.9302,234.2227,0.024,0.0,99.8978,203.4867,48.7278,-16.9087,0.0,0.0001,2.4504,-0.0006,6.0395,35.575,11.9026,27.0546,35.7793
119.0,237.0,11.9277,40.6224,98.695,234.0729,0.0241,0.0,99.8978,203.4867,48.7278,-16.9087,0.0,0.0001,2.4487,-0.0009,6.0418,35.574,11.8968,27.0549,35.7798
120.0,239.0,11.9128,40.6067,98.71,234.2689,0.0238,0.0,99.8978,203.4867,48.7278,-16.9087,0.0,0.0001,2.4481,-0.0002,6.0432,35.572,11.8815,27.0563,35.7818
121.0,241.0,11.8942,40.5868,98.7047,233.9992,0.0258,0.0,99.8978,203.4868,48.7278,-16.9087,0.0,0.0001,2.4465,-0.0008,6.0445,35.5693,11.8627,27.0578,35.7842
122.0,243.0,11.8846,40.5769,79.9558,233.8677,0.0267,0.0,99.8859,203.4868,48.7278,-16.9087,0.0,0.0001,2.4443,-0.0009,6.047,35.5679,11.8529,27.0586,35.7853
123.0,245.0,11.8717,40.5626,98.6969,233.3309,0.0238,0.0,99.8868,203.4868,48.7278,-16.9087,0.0,0.0001,2.4404,-0.0016,6.05,35.5651,11.8397,27.059,35.7863
124.0,247.0,11.8527,40.5423,98.5745,232.6704,0.0238,0.0,99.8956,203.4868,48.7278,-16.9087,0.0,0.0001,2.4353,-0.0025,6.0553,35.5624,11.8205,27.0605,35.7886
125.0,249.0,11.8109,40.4945,98.7036,231.9066,0.0252,0.0,99.8978,203.4869,48.7278,-16.9087,0.0,0.0001,2.4294,-0.0029,6.0546,35.5547,11.7785,27.0625,35.7924
126.0,251.0,11.7966,40.4771,98.7013,231.8671,0.0232,0.0,99.8963,203.4869,48.7278,-16.9087,0.0,0.0001,2.4256,-0.0018,6.0577,35.5506,11.7639,27.0621,35.7926
127.0,253.0,11.7922,40.4729,81.8507,229.9282,0.0226,0.0,99.8978,203.4869,48.7278,-16.9087,0.0,0.0001,2.4146,-0.0045,6.0592,35.5497,11.7593,27.0623,35.793
128.0,255.0,11.7757,40.4571,97.3836,228.9996,0.0247,0.0,99.904,203.4869,48.7278,-16.9087,0.0,0.0001,2.4064,-0.0044,6.0589,35.549,11.7425,27.0649,35.7963
129.0,257.0,11.7774,40.4613,94.7557,229.3758,0.0238,0.0,99.9034,203.487,48.7278,-16.9087,0.0,0.0001,2.4023,-0.0015,6.0592,35.5506,11.7439,27.0659,35.7972
130.0,259.0,11.7765,40.4609,98.5277,229.33,0.02,0.0,99.905,203.487,48.7278,-16.9087,0.0,0.0001,2.3992,-0.0011,6.0604,35.5504,11.7428,27.0659,35.7973
131.0,261.0,11.7705,40.4558,98.5944,228.5881,0.0215,0.0,99.905,203.487,48.7278,-16.9087,0.0,0.0001,2.3955,-0.0021,6.0609,35.5502,11.7366,27.067,35.7986
132.0,263.0,11.7609,40.447,98.71,229.0622,0.0242,0.0,99.9074,203.487,48.7278,-16.9087,0.0,0.0001,2.3956,-0.0003,6.0604,35.5497,11.7267,27.0685,35.8005
133.0,265.0,11.7571,40.4444,98.7012,229.1226,0.0254,0.0,99.9055,203.4871,48.7278,-16.9087,0.0,0.0001,2.3946,-0.0005,6.0633,35.55,11.7227,27.0695,35.8016
134.0,267.0,11.7479,40.4349,76.0126,228.2481,0.0227,0.0,99.9109,203.4871,48.7278,-16.9087,0.0,0.0001,2.3895,-0.0018,6.0647,35.5486,11.7133,27.0701,35.8027
135.0,269.0,11.7361,40.4236,90.6424,228.4858,0.0216,0.0,99.9137,203.4871,48.7278,-16.9087,0.0,0.0001,2.3883,-0.0009,6.0671,35.5478,11.7012,27.0718,35.8048
136.0,271.0,11.7163,40.4032,98.7031,227.4746,0.0212,0.0,99.9267,203.4872,48.7277,-16.9087,0.0,0.0001,2.3823,-0.0024,6.0705,35.5459,11.6812,27.0741,35.808
137.0,273.0,11.6892,40.3741,98.6987,226.9333,0.0221,0.0,99.9267,203.4872,48.7277,-16.9088,0.0,0.0001,2.3784,-0.0023,6.0713,35.5421,11.6538,27.0764,35.8114
138.0,275.0,11.6844,40.3711,78.3111,227.1465,0.0232,0.0,99.917,203.4872,48.7277,-16.9088,0.0,0.0001,2.3744,-0.001,6.0733,35.543,11.6488,27.078,35.8132
139.0,277.0,11.6708,40.3562,98.6971,227.1139,0.0236,0.0,99.908,203.4872,48.7277,-16.9088,0.0,0.0001,2.3726,-0.0008,6.0762,35.5405,11.635,27.0787,35.8145
140.0,279.0,11.6484,40.3305,98.6895,227.0209,0.0231,0.0,99.9274,203.4873,48.7277,-16.9088,0.0,0.0001,2.3699,-0.0009,6.0806,35.5356,11.6123,27.0792,35.8159
141.0,281.0,11.6245,40.3028,98.6904,226.8877,0.0241,0.0,99.9195,203.4873,48.7277,-16.9088,0.0,0.0001,2.3686,-0.0009,6.0814,35.5304,11.5884,27.0797,35.8174
142.0,283.0,11.6109,40.288,98.701,227.1031,0.023,0.0,99.9267,203.4873,48.7277,-16.9088,0.0,0.0001,2.3683,-0.0001,6.079,35.5281,11.5744,27.0805,35.8189
143.0,285.0,11.611,40.2898,85.9235,227.5804,0.0218,0.0,99.9253,203.4873,48.7277,-16.9088,0.0,0.0001,2.3693,0.0005,6.0834,35.5287,11.5743,27.081,35.8193
144.0,287.0,11.5924,40.2685,96.3108,226.8892,0.0244,0.0,99.9292,203.4874,48.7277,-16.9088,0.0,0.0001,2.3677,-0.0012,6.0843,35.5246,11.5555,27.0813,35.8205
145.0,289.0,11.5913,40.2694,98.6929,226.4721,0.024,0.0,99.931,203.4874,48.7277,-16.9088,0.0,0.0001,2.3623,-0.0014,6.086,35.5256,11.554,27.0823,35.8216
146.0,291.0,11.5803,40.2591,98.71,226.201,0.0245,0.0,99.9255,203.4874,48.7277,-16.9088,0.0,0.0001,2.3605,-0.0014,6.0874,35.5251,11.5428,27.0841,35.8238
147.0,293.0,11.5674,40.2454,76.2279,226.4737,0.0219,0.0,99.9268,203.4875,48.7277,-16.9088,0.0,0.0001,2.3594,-0.0005,6.0883,35.523,11.5296,27.0849,35.8252
148.0,295.0,11.5587,40.2366,90.8571,226.8681,0.0237,0.0,99.9189,203.4875,48.7277,-16.9088,0.0,0.0001,2.3595,0.0002,6.09,35.5219,11.5208,27.0857,35.8263
149.0,297.0,11.5495,40.2274,98.6861,226.2655,0.0225,0.0,99.9324,203.4875,48.7277,-16.9088,0.0,0.0001,2.358,-0.0013,6.0921,35.5208,11.5114,27.0866,35.8276
150.0,299.0,11.535,40.2117,98.6883,226.8647,0.026,0.0,99.9227,203.4875,48.7277,-16.9088,0.0,0.0001,2.358,0.0003,6.0923,35.5184,11.4966,27.0875,35.8292
151.0,301.0,11.5277,40.2046,98.6964,227.6285,0.0231,0.0,99.9267,203.4876,48.7277,-16.9088,0.0,0.0001,2.3614,0.0015,6.092,35.5174,11.4891,27.0882,35.8301
152.0,303.0,11.5125,40.1883,98.698,227.4137,0.0212,0.0,99.9265,203.4876,48.7277,-16.9088,0.0,0.0001,2.362,0.0001,6.0953,35.515,11.4736,27.0892,35.8318
153.0,305.0,11.5057,40.1811,98.7014,227.9236,0.0226,0.0,99.9391,203.4876,48.7277,-16.9088,0.0,0.0001,2.3629,0.0008,6.0974,35.5136,11.4666,27.0894,35.8324
154.0,307.0,11.4933,40.1687,98.698,228.6461,0.0228,0.0,99.9416,203.4876,48.7277,-16.9089,0.0,0.0001,2.3655,0.0021,6.0968,35.5123,11.4539,27.0908,35.8342
155.0,309.0,11.4934,40.172,98.6923,229.1017,0.023,0.0,99.9458,203.4877,48.7275,-16.9088,0.0,0.0001,2.3693,0.0016,6.0985,35.5143,11.4538,27.0924,35.8358
156.0,311.0,11.4872,40.166,79.4501,228.9223,0.025,0.0,99.946,203.4877,48.7273,-16.9088,0.0,0.0001,2.3712,0.0003,6.0976,35.5137,11.4474,27.0931,35.8367
157.0,313.0,11.4859,40.1671,92.2811,229.2985,0.0263,0.0,99.9532,203.4877,48.7274,-16.9088,0.0,0.0001,2.3726,0.0009,6.0968,35.5152,11.4458,27.0945,35.8383
158.0,315.0,11.4963,40.1811,98.7012,229.4769,0.0262,0.0,99.9556,203.4877,48.7278,-16.9088,0.0,0.0001,2.3741,0.0006,6.0964,35.5181,11.4559,27.0949,35.8382
159.0,317.0,11.4998,40.1871,98.6899,229.0474,0.0252,0.0,99.9525,203.4878,48.7277,-16.9088,0.0,0.0001,2.3736,-0.0007,6.098,35.5197,11.4591,27.0956,35.8387
160.0,319.0,11.489,40.1757,87.9446,229.3312,0.0228,0.0,99.9587,203.4878,48.7277,-16.9088,0.0,0.0001,2.3732,0.0,6.0981,35.5179,11.4481,27.0963,35.8399
161.0,321.0,11.4807,40.1673,98.6867,229.2283,0.0236,0.0,99.9556,203.4878,48.7277,-16.9088,0.0,0.0001,2.3725,-0.0003,6.0984,35.5166,11.4395,27.0968,35.8408
162.0,323.0,11.484,40.1721,98.6948,228.4703,0.0209,0.0,99.9441,203.4879,48.7277,-16.9088,0.0,0.0001,2.3692,-0.0014,6.0937,35.5175,11.4427,27.0969,35.8407
163.0,325.0,11.4863,40.1801,98.68,228.2912,0.0248,0.0,99.9411,203.4879,48.7277,-16.9089,0.0,0.0001,2.3675,-0.0011,6.0948,35.5223,11.4446,27.1003,35.844
164.0,327.0,11.526,40.2309,98.6987,228.0033,0.0261,0.0,99.9469,203.4879,48.7277,-16.9089,0.0,0.0001,2.3645,-0.0013,6.0957,35.5333,11.4839,27.1015,35.8434
165.0,329.0,11.4886,40.1877,87.934,228.466,0.0237,0.0,99.9436,203.4879,48.7277,-16.9089,0.0,0.0001,2.364,-0.0002,6.0997,35.5257,11.4464,27.1026,35.8462
166.0,331.0,11.4752,40.1732,98.6351,227.4414,0.0232,0.0,99.9257,203.488,48.7277,-16.9089,0.0,0.0001,2.3591,-0.0018,6.0998,35.5234,11.4328,27.1034,35.8475
167.0,333.0,11.4714,40.1704,98.7,227.2954,0.0229,0.0,99.9556,203.488,48.7277,-16.9089,0.0,0.0001,2.3558,-0.0014,6.1009,35.5234,11.4287,27.1041,35.8484
168.0,335.0,11.4686,40.1679,98.7057,227.5014,0.0227,0.0,99.9662,203.488,48.7277,-16.9089,0.0,0.0001,2.3551,-0.0006,6.1003,35.5229,11.4257,27.1043,35.8487
169.0,337.0,11.4597,40.1591,84.9777,228.1796,0.0191,0.0,99.9393,203.488,48.7277,-16.9089,0.0,0.0001,2.3566,0.0007,6.1021,35.5216,11.4166,27.105,35.8498
170.0,339.0,11.4513,40.1513,93.9709,227.1765,0.0217,0.0,99.9458,203.4881,48.7277,-16.9089,0.0,0.0001,2.353,-0.0016,6.1046,35.5211,11.4079,27.1062,35.8514
171.0,341.0,11.4344,40.1335,98.6889,226.8646,0.0209,0.0,99.9271,203.4881,48.7277,-16.9089,0.0,0.0001,2.35,-0.0011,6.0993,35.5187,11.3908,27.1076,35.8535
172.0,343.0,11.4626,40.1711,98.2774,226.8542,0.0223,0.0,99.9376,203.4881,48.7276,-16.9089,0.0,0.0001,2.3481,-0.0008,6.103,35.528,11.4186,27.1096,35.8542
173.0,345.0,11.4536,40.1637,98.71,226.7249,0.0197,0.0,99.9426,203.4882,48.7275,-16.9089,0.0,0.0001,2.3455,-0.0008,6.1065,35.5284,11.4094,27.1117,35.8567
174.0,347.0,11.4306,40.1372,98.6896,226.9681,0.019,0.0,99.9386,203.4882,48.7272,-16.9085,0.0,0.0001,2.3455,-0.0004,6.1085,35.5236,11.3862,27.1123,35.8583
175.0,349.0,11.4043,40.1071,98.6949,226.8383,0.0213,0.0,99.9383,203.4882,48.7273,-16.9083,0.0,0.0001,2.3441,-0.0006,6.1094,35.518,11.3597,27.1128,35.86
176.0,351.0,11.3986,40.101,77.6561,226.8256,0.0216,0.0,99.9325,203.4882,48.7273,-16.9084,0.0,0.0001,2.3433,-0.0004,6.1092,35.5166,11.3538,27.1128,35.8603
177.0,353.0,11.4004,40.1041,94.9913,227.2674,0.0217,0.0,99.9366,203.4883,48.7277,-16.9089,0.0,0.0001,2.3439,0.0002,6.1137,35.5171,11.3553,27.1129,35.8603
178.0,355.0,11.3584,40.0565,98.6971,226.9431,0.0229,0.0,99.9391,203.4883,48.7277,-16.9089,0.0,0.0001,2.3416,-0.0008,6.1198,35.5092,11.3131,27.1146,35.8638
179.0,357.0,11.3251,40.0178,98.71,227.608,0.0196,0.0,99.9315,203.4883,48.7277,-16.9089,0.0,0.0001,2.3431,0.0009,6.119,35.5021,11.2797,27.1153,35.8659
180.0,359.0,11.3232,40.0187,98.6966,227.6003,0.0231,0.0,99.94,203.4883,48.7277,-16.9089,0.0,0.0001,2.343,0.0005,6.1187,35.504,11.2776,27.1172,35.8678
181.0,361.0,11.327,40.0252,76.761,227.5213,0.0227,0.0,99.9246,203.4884,48.7277,-16.9089,0.0,0.0001,2.3436,-0.0001,6.1197,35.506,11.2811,27.118,35.8685
182.0,363.0,11.3237,40.0234,93.0474,226.8664,0.0244,0.0,99.9333,203.4884,48.7277,-16.9089,0.0,0.0001,2.3403,-0.0009,6.116,35.5063,11.2775,27.119,35.8696
183.0,365.0,11.3376,40.0409,98.7025,226.6226,0.0241,0.0,99.9329,203.4884,48.7277,-16.9089,0.0,0.0001,2.3391,-0.0005,6.1069,35.5095,11.2911,27.1189,35.869
184.0,367.0,11.4008,40.1245,98.689,225.2081,0.0259,0.0,99.9267,203.4884,48.7276,-16.909,0.0,0.0001,2.3329,-0.0029,6.1081,35.5308,11.3539,27.1238,35.871
185.0,369.0,11.4116,40.1393,98.7029,225.0451,0.0242,0.0,99.9205,203.4885,48.7276,-16.909,0.0,0.0001,2.3296,-0.0021,6.1086,35.534,11.3644,27.1244,35.8711
186.0,371.0,11.4051,40.1313,88.7171,225.4739,0.0198,0.0,99.9238,203.4885,48.7276,-16.909,0.0,0.0001,2.327,-0.001,6.1175,35.5316,11.3576,27.1238,35.8708
187.0,373.0,11.3475,40.0634,98.7042,224.6001,0.0221,0.0,99.9177,203.4885,48.7276,-16.909,0.0,0.0001,2.3216,-0.0024,6.1223,35.5188,11.2999,27.1246,35.8741
188.0,375.0,11.3032,40.013,98.7057,225.3008,0.0187,0.0,99.9188,203.4886,48.7276,-16.909,0.0,0.0001,2.3213,-0.0001,6.122,35.5105,11.2555,27.1263,35.8778
189.0,377.0,11.3026,40.0137,98.6912,225.2938,0.0198,0.0,99.9177,203.4886,48.7276,-16.909,0.0,0.0001,2.3209,0.0,6.1197,35.511,11.2547,27.1268,35.8783
190.0,379.0,11.3153,40.031,98.3756,225.4291,0.0219,0.0,99.8902,203.4886,48.7276,-16.909,0.0,0.0001,2.3216,0.0002,6.1189,35.5148,11.267,27.1275,35.8785
191.0,381.0,11.3299,40.0509,83.8883,225.1263,0.0263,0.0,99.9032,203.4886,48.7276,-16.909,0.0,0.0001,2.3209,-0.0005,6.1165,35.5196,11.2814,27.1286,35.8788
192.0,383.0,11.3445,40.0697,96.2855,226.2631,0.0235,0.0,99.8944,203.4887,48.7276,-16.9091,0.0,0.0001,2.3236,0.0016,6.1162,35.5233,11.2956,27.1288,35.8785
193.0,385.0,11.3444,40.0706,98.6986,226.5104,0.0216,0.0,99.8978,203.4887,48.7276,-16.909,0.0,0.0001,2.3267,0.0012,6.1162,35.5235,11.2953,27.1291,35.8787
194.0,387.0,11.3475,40.0774,98.7019,228.5452,0.0225,0.0,99.8857,203.4887,48.7276,-16.9091,0.0,0.0001,2.3351,0.0044,6.1167,35.5264,11.2981,27.1308,35.8803
195.0,389.0,11.3411,40.0714,92.2175,228.2789,0.0206,0.0001,99.8672,203.4887,48.7276,-16.9091,0.0,0.0001,2.3391,0.0014,6.1168,35.5258,11.2915,27.1315,35.8813
196.0,391.0,11.3376,40.0706,98.6934,230.6575,0.0209,0.0001,99.8468,203.4888,48.7276,-16.9091,0.0,0.0001,2.3495,0.0048,6.116,35.5274,11.2878,27.1335,35.8834
197.0,393.0,11.3451,40.0817,98.695,231.202,0.0254,0.0001,99.8545,203.4888,48.7276,-16.9091,0.0,0.0001,2.3587,0.0033,6.1128,35.5302,11.295,27.1343,35.8839
198.0,395.0,11.3637,40.1059,98.68,233.0183,0.0231,0.0001,99.8545,203.4888,48.7276,-16.9091,0.0,0.0001,2.3688,0.0049,6.1145,35.5355,11.3133,27.1351,35.8838
199.0,397.0,11.3811,40.1286,98.6944,233.8328,0.0217,0.0001,99.8342,203.4888,48.7276,-16.9091,0.0,0.0001,2.3767,0.0041,6.1109,35.5405,11.3303,27.1358,35.8838
200.0,399.0,11.3795,40.1279,98.6284,234.9572,0.0217,0.0001,99.8228,203.4889,48.7276,-16.9091,0.0,0.0001,2.3857,0.0039,6.1117,35.5405,11.3285,27.1361,35.8842
201.0,401.0,11.3801,40.1304,98.71,234.8907,0.0273,0.0001,99.8363,203.4889,48.7276,-16.9091,0.0,0.0001,2.3895,0.0019,6.1122,35.5414,11.3288,27.1368,35.8848
202.0,403.0,11.3593,40.1083,67.827,234.5074,0.0237,0.0001,99.8447,203.4889,48.7276,-16.9091,0.0,0.0001,2.3907,0.0002,6.1146,35.5385,11.3078,27.1384,35.8873
203.0,405.0,11.343,40.0906,93.4891,233.4044,0.0237,0.0001,99.8452,203.489,48.7276,-16.9091,0.0,0.0001,2.3848,-0.002,6.1166,35.5358,11.2914,27.1394,35.889
204.0,407.0,11.3385,40.0867,98.6978,233.2293,0.0245,0.0001,99.8525,203.489,48.7276,-16.9091,0.0,0.0001,2.3839,-0.0011,6.1163,35.5353,11.2865,27.1398,35.8897
205.0,409.0,11.3394,40.0891,98.695,233.8986,0.0265,0.0001,99.8505,203.489,48.7276,-16.9091,0.0,0.0001,2.3831,0.0004,6.1178,35.5359,11.2871,27.1402,35.89
206.0,411.0,11.336,40.0857,98.7053,233.424,0.0216,0.0001,99.8479,203.489,48.7276,-16.9091,0.0,0.0001,2.3807,-0.0008,6.1188,35.5352,11.2836,27.1403,35.8903
207.0,413.0,11.3227,40.0729,98.7042,232.6345,0.023,0.0001,99.8468,203.4891,48.7276,-16.9091,0.0,0.0001,2.377,-0.0018,6.1195,35.5342,11.27,27.1421,35.8926
208.0,415.0,11.3174,40.0681,98.7015,232.533,0.0236,0.0001,99.8434,203.4891,48.7276,-16.9091,0.0,0.0001,2.3736,-0.0011,6.1194,35.5335,11.2645,27.1426,35.8933
209.0,417.0,11.306,40.0559,98.6965,232.9801,0.0249,0.0001,99.8485,203.4891,48.7276,-16.9091,0.0,0.0001,2.3736,0.0,6.1213,35.5315,11.2528,27.1431,35.8944
210.0,419.0,11.3046,40.0551,78.1125,232.3275,0.0219,0.0001,99.8401,203.4892,48.7276,-16.9091,0.0,0.0001,2.3712,-0.0013,6.1217,35.5314,11.2511,27.1433,35.8947
211.0,421.0,11.3015,40.0533,91.2204,232.4464,0.02,0.0001,99.8363,203.4892,48.7276,-16.9091,0.0,0.0001,2.3687,-0.0006,6.1221,35.5315,11.2478,27.1441,35.8956
212.0,423.0,11.2982,40.0505,93.8136,231.397,0.0225,0.0001,99.8457,203.4892,48.7276,-16.9091,0.0,0.0001,2.3648,-0.0024,6.122,35.5311,11.2442,27.1444,35.896
213.0,425.0,11.2981,40.0518,98.7003,231.0196,0.024,0.0001,99.8401,203.4892,48.7276,-16.9091,0.0,0.0001,2.3605,-0.002,6.1226,35.5317,11.2439,27.1449,35.8966
214.0,427.0,11.2935,40.0473,98.6143,230.8708,0.0237,0.0001,99.8594,203.4893,48.7276,-16.9091,0.0,0.0001,2.3575,-0.0014,6.1232,35.5309,11.2391,27.1452,35.8971
215.0,429.0,11.2917,40.0464,98.7001,230.8594,0.0223,0.0001,99.8347,203.4893,48.7276,-16.9091,0.0,0.0001,2.3551,-0.0009,6.1249,35.5308,11.2371,27.1455,35.8974
216.0,431.0,11.2801,40.0348,98.69,230.6294,0.0223,0.0001,99.8268,203.4893,48.7275,-16.9091,0.0,0.0001,2.3527,-0.0009,6.1243,35.5293,11.2252,27.1466,35.899
217.0,433.0,11.2814,40.0405,72.3221,227.8695,0.022,0.0001,99.8456,203.4893,48.7275,-16.9091,0.0,0.0001,2.3411,-0.005,6.1245,35.5329,11.2262,27.1492,35.9015
218.0,435.0,11.2799,40.0401,98.7239,226.2063,0.0249,0.0001,99.8545,203.4894,48.7275,-16.9092,0.0,0.0001,2.3278,-0.0052,6.1254,35.5331,11.2245,27.1496,35.902
219.0,437.0,11.2724,40.0329,95.0059,224.8113,0.0215,0.0001,99.8441,203.4894,48.7275,-16.9092,0.0,0.0001,2.315,-0.0048,6.1255,35.5323,11.2167,27.1504,35.9032
220.0,439.0,11.2705,40.0324,98.69,224.3096,0.0206,0.0001,99.8642,203.4894,48.7275,-16.9092,0.0,0.0001,2.3075,-0.0037,6.1232,35.5328,11.2146,27.1513,35.9041
221.0,441.0,11.2763,40.0416,98.6922,224.6657,0.0224,0.0001,99.8504,203.4894,48.7275,-16.9092,0.0,0.0001,2.3058,-0.0019,6.1235,35.5355,11.2201,27.1523,35.9049
222.0,443.0,11.2984,40.0708,91.3262,224.9491,0.0215,0.0001,99.8429,203.4895,48.7275,-16.9092,0.0,0.0001,2.3041,-0.0005,6.1208,35.5423,11.2419,27.1536,35.9051
223.0,445.0,11.3043,40.0795,98.6926,224.1199,0.0176,0.0001,99.8363,203.4895,48.7275,-16.9092,0.0,0.0001,2.2997,-0.0017,6.1219,35.5444,11.2475,27.1542,35.9055
224.0,447.0,11.3006,40.0763,98.6957,224.3508,0.0202,0.0001,99.8148,203.4895,48.7275,-16.9092,0.0,0.0001,2.2977,-0.0006,6.1239,35.5438,11.2435,27.1544,35.9059
225.0,449.0,11.2895,40.064,98.7062,224.1622,0.0195,0.0001,99.8401,203.4895,48.7275,-16.9092,0.0,0.0001,2.2968,-0.0008,6.1227,35.5415,11.2322,27.1548,35.9068
226.0,451.0,11.2758,40.0493,82.6466,224.5854,0.0201,0.0001,99.8273,203.4896,48.7275,-16.9092,0.0,0.0001,2.2972,-0.0001,6.1265,35.5391,11.2183,27.1555,35.9081
227.0,453.0,11.2723,40.0449,96.4344,224.0151,0.0215,0.0001,99.8371,203.4896,48.7275,-16.9092,0.0,0.0001,2.294,-0.0013,6.1313,35.5374,11.2146,27.1548,35.9075
228.0,455.0,11.2415,40.0101,98.7011,224.7578,0.0214,0.0001,99.8387,203.4896,48.7275,-16.9092,0.0,0.0001,2.2941,0.0,6.14,35.5314,11.1836,27.1559,35.91
229.0,457.0,11.1731,39.9313,98.6875,224.1665,0.022,0.0001,99.8375,203.4897,48.7275,-16.9092,0.0,0.0001,2.2922,-0.0009,6.135,35.5179,11.1151,27.158,35.915
230.0,459.0,11.0978,39.8418,93.5604,224.5247,0.022,0.0001,99.8064,203.4897,48.7275,-16.9092,0.0,0.0001,2.2911,-0.0005,6.1458,35.5004,11.0398,27.1582,35.9185
231.0,461.0,11.1237,39.8737,98.6952,222.2455,0.021,0.0001,99.8367,203.4897,48.7275,-16.9092,0.0,0.0001,2.2796,-0.0044,6.1566,35.5065,11.0654,27.1582,35.9174
232.0,463.0,11.0797,39.8181,98.69,221.3171,0.0233,0.0001,99.8401,203.4897,48.7275,-16.9092,0.0,0.0001,2.2713,-0.0041,6.1581,35.4925,11.0213,27.1554,35.9166
233.0,465.0,11.0134,39.7421,98.68,221.0649,0.0195,0.0001,99.8358,203.4898,48.7275,-16.9092,0.0,0.0001,2.2668,-0.0032,6.1549,35.4796,10.955,27.1574,35.9215
234.0,467.0,10.9997,39.728,98.6926,222.2641,0.0184,0.0001,99.8521,203.4898,48.7275,-16.9092,0.0,0.0001,2.2659,-0.0005,6.1673,35.4779,10.9411,27.1586,35.9233
235.0,469.0,11.0153,39.7455,83.4479,219.9537,0.0186,0.0001,99.848,203.4898,48.7275,-16.9092,0.0,0.0001,2.2575,-0.004,6.1621,35.4798,10.9565,27.1573,35.9214
236.0,471.0,10.9656,39.6939,98.683,221.1626,0.02,0.0001,99.8371,203.4898,48.7275,-16.9092,0.0,0.0001,2.2588,0.0003,6.1484,35.4752,10.9067,27.1627,35.9289
237.0,473.0,11.0788,39.8361,98.6934,228.0598,0.0199,0.0001,99.8198,203.4899,48.7275,-16.9092,0.0,0.0001,2.2814,0.012,6.1477,35.5069,11.0191,27.167,35.9281
238.0,475.0,11.1075,39.8707,84.0775,228.7841,0.0237,0.0001,99.8258,203.4899,48.7275,-16.9092,0.0,0.0001,2.3023,0.0074,6.1385,35.513,11.0475,27.1665,35.9264
239.0,477.0,11.1677,39.9482,88.4294,231.4431,0.0209,0.0001,99.8145,203.4899,48.7275,-16.9092,0.0,0.0001,2.3222,0.0085,6.1327,35.5314,11.1072,27.1699,35.9271
240.0,479.0,11.212,40.0024,98.689,234.4912,0.0218,0.0001,99.8112,203.4899,48.7274,-16.9092,0.0,0.0001,2.3418,0.01,6.1326,35.5417,11.1511,27.1699,35.9252
241.0,481.0,11.2164,40.0084,98.699,234.0231,0.0218,0.0001,99.8105,203.49,48.7274,-16.9092,0.0,0.0001,2.3522,0.0039,6.1352,35.5426,11.1552,27.1698,35.9249
242.0,483.0,11.1983,39.9889,98.6904,233.2596,0.0214,0.0001,99.8098,203.49,48.7274,-16.9092,0.0,0.0001,2.3553,0.0005,6.1363,35.5395,11.1369,27.1708,35.9266
243.0,485.0,11.1747,39.9621,98.6947,233.5895,0.0197,0.0001,99.8112,203.49,48.7274,-16.9092,0.0,0.0001,2.3562,0.0006,6.1392,35.5347,11.1131,27.1714,35.9283
244.0,487.0,11.1661,39.9522,98.7002,232.2063,0.0206,0.0001,99.8069,203.4901,48.7274,-16.9092,0.0,0.0001,2.3513,-0.0024,6.1462,35.5325,11.1043,27.1713,35.9286
245.0,489.0,11.1176,39.8967,86.6748,230.9946,0.0229,0.0001,99.8193,203.4901,48.7274,-16.9092,0.0,0.0001,2.3435,-0.0032,6.1459,35.523,11.0558,27.1728,35.9322
246.0,491.0,11.1154,39.8947,74.6493,231.5183,0.0198,0.0001,99.8094,203.4901,48.7274,-16.9092,0.0,0.0001,2.3407,-0.001,6.1456,35.5221,11.0533,27.1726,35.9321
247.0,493.0,11.1201,39.9032,92.1968,232.7956,0.0228,0.0001,99.7935,203.4901,48.7274,-16.9092,0.0,0.0001,2.3438,0.0016,6.1459,35.5251,11.0577,27.1741,35.9334
248.0,495.0,11.1172,39.9012,96.0707,232.9012,0.0196,0.0001,99.8112,203.4902,48.7274,-16.9092,0.0,0.0001,2.3456,0.0006,6.15,35.5252,11.0546,27.1748,35.9342
249.0,497.0,11.0919,39.8723,98.6935,231.6544,0.0235,0.0001,99.8112,203.4902,48.7274,-16.9092,0.0,0.0001,2.3414,-0.0022,6.1545,35.52,11.0291,27.1754,35.9359
250.0,499.0,11.0619,39.8376,98.5885,230.1559,0.0198,0.0001,99.8102,203.4902,48.7274,-16.9092,0.0,0.0001,2.3326,-0.0037,6.157,35.5133,10.9989,27.1756,35.9375
251.0,501.0,11.0378,39.8101,98.7025,229.1953,0.0233,0.0001,99.8112,203.4902,48.7274,-16.9092,0.0,0.0001,2.3253,-0.0036,6.1529,35.5082,10.9746,27.1761,35.939
252.0,503.0,10.9992,39.7655,98.7005,229.9475,0.0233,0.0001,99.8112,203.4903,48.7274,-16.9092,0.0,0.0001,2.3232,-0.0016,6.165,35.5,10.936,27.1768,35.9414
253.0,505.0,10.968,39.7298,79.2406,225.6712,0.0194,0.0001,99.8224,203.4903,48.7274,-16.9092,0.0,0.0001,2.304,-0.0075,6.1653,35.4936,10.9046,27.1775,35.9435
254.0,507.0,10.9736,39.7378,98.5785,225.5804,0.0213,0.0001,99.8208,203.4903,48.7274,-16.9092,0.0,0.0001,2.2945,-0.0042,6.1624,35.4953,10.9099,27.1778,35.9436
255.0,509.0,10.9924,39.7632,95.6954,228.2589,0.0217,0.0001,99.8059,203.4903,48.7274,-16.9092,0.0,0.0001,2.2995,0.0018,6.162,35.5016,10.9285,27.1794,35.9443
256.0,511.0,11.0047,39.7796,98.5562,229.2713,0.0207,0.0001,99.8112,203.4904,48.7274,-16.9092,0.0,0.0001,2.3069,0.0023,6.1608,35.5053,10.9404,27.18,35.9444
257.0,513.0,11.0117,39.7908,98.6499,229.8628,0.0218,0.0001,99.8076,203.4904,48.7274,-16.9092,0.0,0.0001,2.3108,0.0021,6.1571,35.5088,10.9472,27.1816,35.9456
258.0,515.0,11.0403,39.8278,98.6897,231.9889,0.0238,0.0001,99.8025,203.4904,48.7274,-16.9092,0.0,0.0001,2.3211,0.0044,6.1591,35.5172,10.9753,27.183,35.9457
259.0,517.0,11.0225,39.8087,98.7077,231.078,0.0215,0.0001,99.8083,203.4905,48.7274,-16.9092,0.0,0.0001,2.3229,0.001,6.159,35.5144,10.9574,27.1841,35.9476
260.0,519.0,11.0234,39.8098,58.9988,230.2828,0.0182,0.0001,99.8192,203.4905,48.7274,-16.9092,0.0,0.0001,2.3209,-0.0011,6.1615,35.5141,10.958,27.1837,35.9472
261.0,521.0,10.9986,39.782,94.9586,230.5858,0.0202,0.0001,99.8092,203.4905,48.7273,-16.9092,0.0,0.0001,2.3201,-0.0003,6.1654,35.5091,10.9331,27.1844,35.949
262.0,523.0,10.9717,39.7521,98.7001,228.8096,0.0201,0.0001,99.8112,203.4905,48.7273,-16.9092,0.0,0.0001,2.3137,-0.0033,6.1644,35.5042,10.906,27.1855,35.9513
263.0,525.0,10.9747,39.7568,98.69,228.8144,0.0214,0.0001,99.8112,203.4906,48.7273,-16.9092,0.0,0.0001,2.3097,-0.0019,6.1639,35.5053,10.9087,27.1859,35.9515
264.0,527.0,10.9874,39.773,83.6639,229.69,0.0224,0.0001,99.8112,203.4906,48.7273,-16.9092,0.0,0.0001,2.3101,0.0001,6.1649,35.5084,10.9212,27.186,35.951
265.0,529.0,10.9809,39.7673,98.6825,229.8331,0.0182,0.0001,99.7988,203.4906,48.7273,-16.9092,0.0,0.0001,2.3101,0.0003,6.1646,35.5079,10.9144,27.1869,35.9522
266.0,531.0,10.973,39.7599,98.6944,230.0543,0.0205,0.0001,99.8014,203.4906,48.7273,-16.9092,0.0,0.0001,2.3119,0.0002,6.1671,35.5074,10.9063,27.1879,35.9536
267.0,533.0,10.9688,39.7555,98.692,229.2486,0.0199,0.0001,99.8045,203.4907,48.7273,-16.9092,0.0,0.0001,2.3081,-0.0014,6.1692,35.506,10.9018,27.1876,35.9536
268.0,535.0,10.9436,39.7284,98.68,229.442,0.0232,0.0001,99.8165,203.4907,48.7273,-16.9092,0.0,0.0001,2.3072,-0.0006,6.1698,35.5024,10.8764,27.1895,35.9565
269.0,537.0,10.9454,39.7327,76.3059,229.2008,0.0235,0.0001,99.8161,203.4907,48.7273,-16.9092,0.0,0.0001,2.3051,-0.0009,6.1711,35.5042,10.878,27.1906,35.9575
270.0,539.0,10.9377,39.7254,96.4393,228.8339,0.0241,0.0001,99.8112,203.4907,48.7273,-16.9092,0.0,0.0001,2.3025,-0.0012,6.1732,35.5034,10.8701,27.1914,35.9586
271.0,541.0,10.9165,39.7028,98.6972,228.5189,0.0192,0.0001,99.7403,203.4908,48.7273,-16.9092,0.0,0.0001,2.2994,-0.0013,6.1747,35.5004,10.8487,27.1929,35.9611
272.0,543.0,10.9103,39.6965,98.71,228.5368,0.0224,0.0001,99.8105,203.4908,48.7273,-16.9092,0.0,0.0001,2.297,-0.0008,6.1762,35.4993,10.8423,27.1932,35.9616
273.0,545.0,10.9012,39.6874,59.3722,228.5007,0.0193,0.0001,99.8146,203.4908,48.7273,-16.9092,0.0,0.0001,2.296,-0.0006,6.1759,35.498,10.8329,27.1938,35.9627
274.0,547.0,10.9063,39.6951,94.8477,228.4613,0.0239,0.0001,99.8135,203.4908,48.7273,-16.9092,0.0,0.0001,2.2952,-0.0004,6.1743,35.4997,10.8378,27.1944,35.963
275.0,549.0,10.9155,39.7086,98.6984,228.2594,0.0184,0.0001,99.8089,203.4909,48.7273,-16.9092,0.0,0.0001,2.293,-0.0009,6.1783,35.5036,10.8467,27.1957,35.9639
276.0,551.0,10.8909,39.681,98.6993,228.205,0.0176,0.0001,99.8112,203.4909,48.7273,-16.9092,0.0,0.0001,2.2919,-0.0006,6.1778,35.4989,10.8219,27.1966,35.9658
277.0,553.0,10.886,39.6781,98.6983,228.9016,0.0198,0.0001,99.8112,203.4909,48.7273,-16.9092,0.0,0.0001,2.2934,0.0006,6.1789,35.4997,10.8168,27.1981,35.9676
278.0,555.0,10.8806,39.6738,98.6864,228.9336,0.0191,0.0001,99.8172,203.491,48.7273,-16.9092,0.0,0.0001,2.2943,0.0,6.1829,35.4998,10.8111,27.1992,35.9689
279.0,557.0,10.8593,39.6498,98.68,229.0453,0.0194,0.0001,99.8112,203.491,48.7273,-16.9092,0.0,0.0001,2.2942,0.0,6.1851,35.4956,10.7897,27.1998,35.9705
280.0,559.0,10.8374,39.6259,98.6903,228.7026,0.0191,0.0001,99.8299,203.491,48.7273,-16.9092,0.0,0.0001,2.2924,-0.0005,6.1819,35.4918,10.7677,27.2008,35.9725
281.0,561.0,10.8433,39.635,82.6602,228.7594,0.0209,0.0001,99.8329,203.491,48.7273,-16.9092,0.0,0.0001,2.2911,-0.0005,6.1864,35.4942,10.7732,27.2017,35.9731
282.0,563.0,10.8358,39.6275,98.6892,227.2574,0.0211,0.0002,99.4191,203.4911,48.7273,-16.9092,0.0,0.0001,2.2844,-0.0031,6.1932,35.493,10.7654,27.2022,35.9739
283.0,565.0,10.7799,39.5659,92.545,226.1851,0.023,0.0001,99.8199,203.4911,48.7273,-16.9092,0.0,0.0001,2.2788,-0.0039,6.189,35.4844,10.7095,27.2055,35.9796
284.0,567.0,10.7717,39.5564,98.6839,226.6888,0.0215,0.0001,99.8271,203.4911,48.7273,-16.9092,0.0,0.0001,2.2771,-0.0019,6.1917,35.482,10.7011,27.2052,35.9797
285.0,569.0,10.7815,39.5701,89.4676,227.328,0.0222,0.0001,99.8316,203.4911,48.7273,-16.9092,0.0,0.0001,2.2763,-0.0003,6.1941,35.4855,10.7107,27.2061,35.9802
286.0,571.0,10.7697,39.5594,98.7921,227.289,0.0258,0.0001,99.8317,203.4912,48.7273,-16.9092,0.0,0.0001,2.2742,-0.0003,6.1962,35.4851,10.6987,27.208,35.9826
287.0,573.0,10.7568,39.5459,98.6914,226.6908,0.0239,0.0001,99.8306,203.4912,48.7273,-16.9092,0.0,0.0001,2.2721,-0.0013,6.1978,35.4833,10.6855,27.209,35.9841
288.0,575.0,10.7419,39.5298,98.68,226.6974,0.0243,0.0001,99.8401,203.4912,48.7273,-16.9092,0.0,0.0001,2.2702,-0.0007,6.1996,35.4805,10.6704,27.2095,35.9853
289.0,577.0,10.7287,39.514,98.6853,226.0802,0.0239,0.0001,99.8345,203.4912,48.7273,-16.9092,0.0,0.0001,2.2667,-0.0015,6.1999,35.4764,10.6571,27.2087,35.9851
290.0,579.0,10.7151,39.5009,79.5393,225.8379,0.02,0.0001,99.8411,203.4913,48.7273,-16.9092,0.0,0.0001,2.2632,-0.0014,6.2032,35.4758,10.6433,27.2107,35.9877
291.0,581.0,10.7124,39.4979,98.6802,224.7122,0.0202,0.0001,99.8369,203.4913,48.7273,-16.9092,0.0,0.0001,2.2566,-0.0028,6.2065,35.4745,10.6403,27.2102,35.9873
292.0,583.0,10.6797,39.4621,98.6107,223.613,0.02,0.0001,99.8288,203.4913,48.7272,-16.9092,0.0,0.0001,2.2495,-0.0035,6.2065,35.469,10.6075,27.2118,35.9903
293.0,585.0,10.6713,39.454,98.6913,223.8557,0.0195,0.0001,99.8223,203.4914,48.7273,-16.9092,0.0,0.0001,2.2454,-0.0017,6.2097,35.4682,10.5989,27.2127,35.9916
294.0,587.0,10.6594,39.44,98.6927,222.881,0.0216,0.0001,99.8401,203.4914,48.7273,-16.9092,0.0,0.0001,2.2399,-0.0026,6.2126,35.4649,10.5868,27.2123,35.9917
295.0,589.0,10.6435,39.424,67.3562,222.3737,0.0208,0.0001,99.8298,203.4914,48.7272,-16.9092,0.0,0.0001,2.2335,-0.0029,6.222,35.4633,10.5707,27.2139,35.994
296.0,591.0,10.5917,39.3627,98.4389,220.0715,0.0205,0.0001,99.8401,203.4914,48.7272,-16.9092,0.0,0.0001,2.222,-0.0056,6.2261,35.4508,10.5189,27.2134,35.9958
297.0,593.0,10.5403,39.3071,95.2931,217.9668,0.0224,0.0001,99.8401,203.4915,48.7272,-16.9092,0.0,0.0001,2.2064,-0.0061,6.2274,35.4438,10.4674,27.217,36.0017
298.0,595.0,10.5314,39.2978,98.26,217.9202,0.0217,0.0001,99.8313,203.4915,48.7272,-16.9092,0.0,0.0001,2.1979,-0.0031,6.2239,35.4422,10.4583,27.2174,36.0025
299.0,597.0,10.544,39.3145,98.5321,219.1252,0.0218,0.0001,99.8401,203.4915,48.7272,-16.9092,0.0,0.0001,2.1983,0.0001,6.2227,35.4459,10.4706,27.2181,36.0027
300.0,599.0,10.5706,39.35,98.6825,220.3565,0.0239,0.0001,99.835,203.4915,48.7272,-16.9092,0.0,0.0001,2.2029,0.0018,6.2209,35.4547,10.4968,27.2203,36.0037
301.0,601.0,10.5747,39.3564,98.68,220.1729,0.0227,0.0001,99.837,203.4916,48.7272,-16.9092,0.0,0.0001,2.2048,0.0006,6.2184,35.4566,10.5006,27.2211,36.0043
302.0,603.0,10.593,39.3807,59.264,221.4074,0.0189,0.0001,99.8401,203.4916,48.7273,-16.9092,0.0,0.0001,2.2096,0.0022,6.2202,35.4624,10.5186,27.2225,36.0048
303.0,605.0,10.6035,39.3936,95.1385,221.2317,0.0202,0.0001,99.8292,203.4916,48.7273,-16.9091,0.0,0.0001,2.2119,0.0009,6.2172,35.4643,10.5288,27.2221,36.004
304.0,607.0,10.6033,39.3941,98.68,221.4663,0.0221,0.0001,99.8436,203.4917,48.7273,-16.9091,0.0,0.0001,2.2133,0.0009,6.217,35.4642,10.5284,27.2221,36.004
305.0,609.0,10.6041,39.3957,98.68,221.7049,0.0221,0.0001,99.8401,203.4917,48.7273,-16.9091,0.0,0.0001,2.2148,0.0008,6.217,35.4641,10.5289,27.222,36.0038
306.0,611.0,10.6034,39.3959,77.9113,221.5695,0.0222,0.0001,99.8363,203.4917,48.7273,-16.9091,0.0,0.0001,2.2152,0.0001,6.2169,35.464,10.5279,27.2221,36.004
307.0,613.0,10.6023,39.3956,98.6893,221.5733,0.0222,0.0001,99.8361,203.4917,48.7273,-16.9091,0.0,0.0001,2.2149,0.0001,6.2143,35.4638,10.5266,27.2221,36.0041
308.0,615.0,10.6138,39.4104,98.6827,221.2732,0.0197,0.0001,99.8342,203.4918,48.7272,-16.9092,0.0,0.0001,2.2141,-0.0004,6.2129,35.4668,10.5378,27.2224,36.0039
309.0,617.0,10.6313,39.433,98.6889,219.7424,0.0198,0.0001,99.8401,203.4918,48.7272,-16.9091,0.0,0.0001,2.2071,-0.0028,6.2189,35.4717,10.5549,27.2233,36.0039
310.0,619.0,10.6187,39.4182,64.0936,218.1636,0.0188,0.0001,99.8431,203.4918,48.7272,-16.9091,0.0,0.0001,2.1959,-0.005,6.2389,35.468,10.5422,27.2227,36.0039
311.0,621.0,10.4488,39.2255,98.6817,213.5023,0.0191,0.0001,99.8308,203.4918,48.7272,-16.9091,0.0,0.0001,2.1745,-0.0109,6.2464,35.4376,10.3728,27.2289,36.0176
312.0,623.0,10.4156,39.1818,96.4782,212.4345,0.0221,0.0001,99.8136,203.4919,48.7272,-16.9091,0.0,0.0001,2.1572,-0.0087,6.2623,35.4247,10.3395,27.2247,36.015
313.0,625.0,10.3074,39.0589,98.68,209.0636,0.0256,0.0001,99.8394,203.4919,48.7272,-16.9091,0.0,0.0001,2.1326,-0.0096,6.2627,35.4045,10.2316,27.2278,36.0229
314.0,627.0,10.2879,39.0376,98.68,209.2854,0.0222,0.0001,99.8401,203.4919,48.7272,-16.9091,0.0,0.0001,2.1188,-0.0045,6.2642,35.4009,10.2119,27.2284,36.0244
315.0,629.0,10.2771,39.0253,61.0376,209.3776,0.021,0.0001,99.8435,203.4919,48.7272,-16.9091,0.0,0.0001,2.1137,-0.0028,6.2713,35.3981,10.2009,27.2281,36.0246
316.0,631.0,10.2449,38.9893,91.1039,207.0602,0.0217,0.0001,99.8401,203.492,48.7272,-16.9091,0.0,0.0001,2.1014,-0.0052,6.2767,35.3919,10.1686,27.2289,36.0268
317.0,633.0,10.1889,38.9274,98.679,205.3382,0.0173,0.0001,99.8401,203.492,48.7272,-16.9091,0.0,0.0001,2.0887,-0.0047,6.2627,35.3824,10.1125,27.2313,36.0316
318.0,635.0,10.2543,39.0098,98.68,207.3157,0.021,0.0001,99.8353,203.492,48.7272,-16.9091,0.0,0.0001,2.0898,0.0012,6.2465,35.4016,10.1774,27.2349,36.0323
319.0,637.0,10.3959,39.1861,98.68,210.2759,0.0245,0.0001,99.8291,203.4921,48.7272,-16.9091,0.0,0.0001,2.1006,0.0057,6.2462,35.4419,10.3181,27.2419,36.0328
320.0,639.0,10.394,39.1856,98.68,209.4074,0.0211,0.0001,99.8112,203.4921,48.7272,-16.9091,0.0,0.0001,2.1046,0.0027,6.2306,35.4425,10.316,27.2427,36.0337
321.0,641.0,10.4936,39.3096,98.68,211.9319,0.0201,0.0001,99.8259,203.4921,48.7272,-16.9091,0.0,0.0001,2.1174,0.0058,6.2226,35.4701,10.4149,27.2469,36.0334
322.0,643.0,10.5555,39.3893,98.68,210.5302,0.0182,0.0001,99.8118,203.4921,48.7272,-16.9091,0.0,0.0001,2.1198,0.0001,6.2323,35.4896,10.4761,27.2512,36.0349
323.0,645.0,10.4912,39.3149,98.68,206.4834,0.0148,0.0001,99.8046,203.4922,48.7272,-16.9091,0.0,0.0001,2.1057,-0.0062,6.2359,35.476,10.4119,27.252,36.0385
324.0,647.0,10.4726,39.2935,66.3182,207.0471,0.0211,0.0001,99.804,203.4922,48.7272,-16.9091,0.0,0.0001,2.0996,-0.0028,6.2354,35.4716,10.3931,27.2519,36.0392
325.0,649.0,10.4745,39.2964,94.3849,207.0253,0.0208,0.0001,99.816,203.4922,48.7272,-16.9091,0.0,0.0001,2.0948,-0.0021,6.2455,35.4718,10.3948,27.2517,36.039
326.0,651.0,10.4223,39.2348,98.68,205.5356,0.0175,0.0001,99.8112,203.4922,48.7272,-16.9091,0.0,0.0001,2.0875,-0.0039,6.2486,35.4593,10.3426,27.2512,36.0408
327.0,653.0,10.376,39.1849,98.68,205.5534,0.0184,0.0001,99.8132,203.4923,48.7272,-16.9091,0.0,0.0001,2.0822,-0.0026,6.2526,35.453,10.2964,27.2543,36.046
328.0,655.0,10.3515,39.1527,88.3622,204.6762,0.0245,0.0001,99.8173,203.4923,48.7272,-16.9091,0.0,0.0001,2.0732,-0.0036,6.2771,35.4432,10.2717,27.251,36.0439
329.0,657.0,10.1921,38.9716,98.68,202.3926,0.0226,0.0001,99.8365,203.4923,48.7272,-16.9091,0.0,0.0001,2.0586,-0.0063,6.298,35.4135,10.1127,27.2555,36.0555
330.0,659.0,10.1043,38.8676,98.68,201.0506,0.0216,0.0001,99.8297,203.4923,48.7272,-16.9091,0.0,0.0001,2.0447,-0.0067,6.3229,35.3922,10.0251,27.254,36.058
331.0,661.0,9.891,38.6222,98.68,198.4038,0.0203,0.0001,99.8401,203.4924,48.7271,-16.909,0.0,0.0001,2.0278,-0.0087,6.333,35.3489,9.8126,27.2566,36.0701
332.0,663.0,9.7844,38.5015,80.5516,196.7818,0.0213,0.0001,99.8424,203.4924,48.7272,-16.909,0.0,0.0001,2.0106,-0.0071,6.3355,35.3285,9.7064,27.2587,36.077
333.0,665.0,9.7775,38.4937,98.6781,196.8429,0.0344,0.0001,99.8401,203.4924,48.7271,-16.909,0.0,0.0001,1.9997,-0.0034,6.331,35.3262,9.6993,27.2581,36.0768
334.0,667.0,9.7816,38.5006,98.6863,197.1156,0.0291,0.0001,99.8343,203.4925,48.7271,-16.909,0.0,0.0001,1.9976,-0.0012,6.318,35.3284,9.703,27.2592,36.0777
335.0,669.0,9.8936,38.6427,98.68,198.6691,0.0218,0.0001,99.8401,203.4925,48.7271,-16.909,0.0,0.0001,2.0015,0.0017,6.3126,35.3636,9.8143,27.2679,36.0811
336.0,671.0,9.9149,38.6716,98.68,199.5618,0.0238,0.0001,99.8401,203.4925,48.7271,-16.909,0.0,0.0001,2.0077,0.0023,6.3068,35.3715,9.8352,27.2704,36.0827
337.0,673.0,9.9682,38.7374,67.1561,200.1544,0.0228,0.0001,99.8435,203.4925,48.7271,-16.909,0.0,0.0001,2.0122,0.0023,6.3058,35.3859,9.888,27.2727,36.0825
338.0,675.0,9.9745,38.7477,93.9411,200.5195,0.0177,0.0001,99.8401,203.4926,48.7271,-16.909,0.0,0.0001,2.0146,0.0009,6.3235,35.3894,9.8941,27.2743,36.0838
339.0,677.0,9.8746,38.6292,98.68,198.0902,0.0215,0.0001,99.8545,203.4926,48.7271,-16.909,0.0,0.0001,2.0054,-0.0039,6.3398,35.3649,9.7943,27.2722,36.0863
340.0,679.0,9.7587,38.4992,98.68,196.7261,0.0216,0.0001,99.869,203.4926,48.7271,-16.909,0.0,0.0001,1.998,-0.0047,6.3423,35.3439,9.6788,27.2754,36.0947
341.0,681.0,9.7269,38.4612,84.2894,196.2391,0.0195,0.0001,99.8621,203.4926,48.7271,-16.909,0.0,0.0001,1.9873,-0.0046,6.3781,35.3349,9.6469,27.2737,36.0945
342.0,683.0,9.4903,38.1902,98.68,193.1633,0.0229,0.0001,99.8844,203.4927,48.7271,-16.909,0.0,0.0001,1.9694,-0.0069,6.3787,35.2866,9.4112,27.2754,36.1069
343.0,685.0,9.4758,38.1743,98.68,193.6552,0.0214,0.0001,99.8799,203.4927,48.7271,-16.909,0.0,0.0001,1.9644,-0.0032,6.3701,35.2835,9.3967,27.2753,36.1076
344.0,687.0,9.5385,38.2523,98.68,194.0414,0.0193,0.0,99.8893,203.4927,48.7271,-16.909,0.0,0.0001,1.9622,-0.0005,6.3503,35.3017,9.4588,27.2793,36.1086
345.0,689.0,9.6659,38.411,98.68,194.4064,0.0211,0.0001,99.8657,203.4928,48.7271,-16.9089,0.0,0.0001,1.9627,0.0003,6.3475,35.3393,9.5852,27.2876,36.1109
346.0,691.0,9.6932,38.441,73.2153,193.9827,0.0203,0.0,99.8816,203.4928,48.7271,-16.9089,0.0,0.0001,1.9618,-0.0006,6.347,35.3426,9.6121,27.2856,36.1078
347.0,693.0,9.6956,38.4462,97.0293,193.9729,0.0185,0.0,99.893,203.4928,48.7271,-16.9089,0.0,0.0001,1.9615,-0.0001,6.342,35.3448,9.6143,27.287,36.109
348.0,695.0,9.7259,38.486,98.68,193.915,0.0244,0.0,99.8855,203.4928,48.7271,-16.9089,0.0,0.0001,1.9603,-0.0002,6.3416,35.3553,9.6442,27.2901,36.1107
349.0,697.0,9.7329,38.4969,98.68,193.285,0.0255,0.0001,99.8755,203.4929,48.7271,-16.9089,0.0,0.0001,1.9585,-0.0013,6.3435,35.3588,9.651,27.2917,36.112
350.0,699.0,9.7202,38.484,92.1155,193.0565,0.0223,0.0,99.8898,203.4929,48.7271,-16.9089,0.0,0.0001,1.9558,-0.0012,6.3451,35.357,9.6381,27.2925,36.1133
351.0,701.0,9.7055,38.4683,80.8375,193.2276,0.022,0.0,99.8792,203.4929,48.7271,-16.9089,0.0,0.0001,1.9537,-0.001,6.3568,35.3543,9.6232,27.2929,36.1144
352.0,703.0,9.6254,38.3792,93.2618,192.2903,0.0251,0.0,99.9091,203.4929,48.7271,-16.9089,0.0,0.0001,1.9475,-0.0025,6.3721,35.3401,9.5433,27.2952,36.1203
353.0,705.0,9.5335,38.2752,98.68,190.9931,0.0235,0.0,99.9008,203.493,48.7271,-16.9089,0.0,0.0001,1.9396,-0.0031,6.37,35.3222,9.4516,27.2965,36.1258
354.0,707.0,9.5039,38.2432,98.68,191.3832,0.0228,0.0,99.9106,203.493,48.7271,-16.9089,0.0,0.0001,1.9375,-0.0011,6.3661,35.3171,9.422,27.2974,36.1281
355.0,709.0,9.5475,38.2961,98.68,191.6365,0.0187,0.0,99.9054,203.493,48.7271,-16.9089,0.0,0.0001,1.9378,-0.0001,6.3573,35.3282,9.4651,27.2989,36.1276
356.0,711.0,9.6298,38.3995,98.68,193.7981,0.0227,0.0,99.8978,203.493,48.7271,-16.9089,0.0,0.0001,1.9446,0.003,6.3558,35.3532,9.5466,27.3048,36.1296
357.0,713.0,9.6916,38.4713,98.68,193.8562,0.024,0.0001,99.8738,203.4931,48.727,-16.9089,0.0,0.0001,1.9475,0.0014,6.3668,35.3656,9.6079,27.3043,36.1263
358.0,715.0,9.5834,38.3501,98.68,191.5705,0.0212,0.0,99.9052,203.4931,48.727,-16.9089,0.0,0.0001,1.9415,-0.0027,6.3692,35.346,9.5001,27.307,36.1339
359.0,717.0,9.536,38.2963,69.2171,190.5214,0.0222,0.0,99.8978,203.4931,48.727,-16.9088,0.0,0.0001,1.9342,-0.0029,6.369,35.336,9.4527,27.3071,36.1362
360.0,719.0,9.5463,38.3092,96.1539,190.891,0.0215,0.0,99.9075,203.4932,48.727,-16.9088,0.0,0.0001,1.9319,-0.0008,6.3585,35.3385,9.4627,27.3074,36.136
361.0,721.0,9.5997,38.3772,98.68,192.3358,0.0195,0.0,99.9092,203.4932,48.727,-16.9088,0.0,0.0001,1.9351,0.0019,6.3525,35.3551,9.5155,27.3116,36.1377
362.0,723.0,9.6546,38.4433,98.68,193.3371,0.0216,0.0,99.887,203.4932,48.727,-16.9088,0.0,0.0001,1.9401,0.0027,6.3502,35.3684,9.5699,27.3129,36.1365
363.0,725.0,9.6634,38.4547,88.0046,193.8502,0.0176,0.0001,99.809,203.4932,48.727,-16.9088,0.0,0.0001,1.9459,0.0021,6.351,35.3708,9.5784,27.3133,36.1365
364.0,727.0,9.6646,38.458,98.68,194.3596,0.0195,0.0001,99.8519,203.4933,48.727,-16.9088,0.0,0.0001,1.9512,0.0016,6.355,35.372,9.5794,27.3141,36.1372
365.0,729.0,9.6322,38.4248,98.68,194.3053,0.0215,0.0001,99.8762,203.4933,48.727,-16.9088,0.0,0.0001,1.9516,0.0008,6.3548,35.3687,9.5469,27.317,36.1416
366.0,731.0,9.6292,38.4225,98.68,194.1488,0.023,0.0001,99.869,203.4933,48.727,-16.9088,0.0,0.0001,1.9521,0.0001,6.3552,35.3684,9.5436,27.3172,36.142
367.0,733.0,9.6268,38.4225,92.435,194.1389,0.0203,0.0001,99.8491,203.4933,48.727,-16.9088,0.0,0.0001,1.9515,-0.0001,6.3591,35.3699,9.5411,27.3189,36.1437
368.0,735.0,9.6203,38.4195,81.2365,193.7509,0.0185,0.0001,99.8401,203.4934,48.727,-16.9088,0.0,0.0001,1.9498,-0.0009,6.3631,35.3723,9.5344,27.3219,36.1469
369.0,737.0,9.5781,38.3785,98.5937,193.3876,0.0187,0.0001,99.8419,203.4934,48.727,-16.9088,0.0,0.0001,1.9475,-0.0012,6.3647,35.3705,9.4921,27.3275,36.1544
370.0,739.0,9.5622,38.3634,98.68,193.6815,0.0187,0.0001,99.8284,203.4934,48.727,-16.9088,0.0,0.0001,1.9472,-0.0003,6.3652,35.3696,9.4761,27.3295,36.1571
371.0,741.0,9.5575,38.3597,98.68,193.5499,0.0215,0.0001,99.8368,203.4935,48.727,-16.9088,0.0,0.0001,1.9451,-0.0006,6.3669,35.3694,9.4711,27.3302,36.158
372.0,743.0,9.5485,38.3526,71.3265,193.3989,0.0231,0.0001,99.835,203.4935,48.727,-16.9087,0.0,0.0001,1.9439,-0.0007,6.3702,35.3698,9.4619,27.332,36.1602
373.0,745.0,9.5249,38.329,95.2662,192.8274,0.0216,0.0001,99.828,203.4935,48.727,-16.9087,0.0,0.0001,1.9403,-0.0013,6.3709,35.3678,9.4381,27.3345,36.1637
374.0,747.0,9.5203,38.325,97.1928,192.4137,0.0202,0.0001,99.8282,203.4935,48.727,-16.9087,0.0,0.0001,1.9374,-0.0015,6.3747,35.3673,9.4334,27.3348,36.1643
375.0,749.0,9.4896,38.2952,98.5203,191.7801,0.0179,0.0001,99.8302,203.4936,48.727,-16.9087,0.0,0.0001,1.9332,-0.0018,6.3757,35.3658,9.4026,27.3388,36.1696
376.0,751.0,9.4853,38.2921,98.68,191.3554,0.0206,0.0001,99.8345,203.4936,48.727,-16.9087,0.0,0.0001,1.9293,-0.0018,6.3766,35.366,9.3981,27.3397,36.1707
377.0,753.0,9.4801,38.2875,98.68,191.2442,0.0171,0.0001,99.8401,203.4936,48.7269,-16.9087,0.0,0.0001,1.9267,-0.0012,6.3745,35.3654,9.3927,27.3401,36.1713
378.0,755.0,9.4774,38.2883,98.68,191.6352,0.0205,0.0001,99.8213,203.4936,48.7269,-16.9087,0.0,0.0001,1.9262,-0.0002,6.3753,35.368,9.3898,27.3426,36.1739
379.0,757.0,9.4985,38.3173,65.545,190.3408,0.0208,0.0001,99.8371,203.4937,48.7269,-16.9087,0.0,0.0001,1.9236,-0.0023,6.3787,35.3766,9.4105,27.3459,36.1762
380.0,759.0,9.4628,38.282,91.1536,189.6881,0.0195,0.0001,99.829,203.4937,48.7269,-16.9087,0.0,0.0001,1.917,-0.0024,6.3794,35.3742,9.3748,27.3499,36.1818
381.0,761.0,9.4419,38.2632,98.68,190.0299,0.0173,0.0001,99.8178,203.4937,48.7269,-16.9087,0.0,0.0001,1.9141,-0.0011,6.3824,35.3741,9.3537,27.3534,36.1862
382.0,763.0,9.4309,38.253,98.285,188.9224,0.0211,0.0001,99.8346,203.4937,48.7269,-16.9087,0.0,0.0001,1.9103,-0.0016,6.3672,35.3737,9.3425,27.3549,36.1881
383.0,765.0,9.4729,38.3054,98.68,188.7176,0.023,0.0001,99.83,203.4938,48.7269,-16.9087,0.0,0.0001,1.9088,-0.001,6.3574,35.3857,9.384,27.3574,36.1887
384.0,767.0,9.6228,38.4883,98.68,187.1363,0.0202,0.0001,99.8459,203.4938,48.7269,-16.9087,0.0,0.0001,1.9012,-0.0027,6.3556,35.4262,9.5328,27.3643,36.1886
385.0,769.0,9.6286,38.4948,80.3443,186.918,0.0221,0.0001,99.8585,203.4938,48.7269,-16.9086,0.0,0.0001,1.8971,-0.0023,6.3737,35.4263,9.5384,27.3634,36.1875
386.0,771.0,9.5112,38.3605,98.68,186.2109,0.0224,0.0001,99.8353,203.4939,48.7269,-16.9087,0.0,0.0001,1.8913,-0.0024,6.3716,35.4019,9.4214,27.3639,36.1934
387.0,773.0,9.492,38.3444,91.4289,187.4766,0.02,0.0001,99.8341,203.4939,48.7269,-16.9086,0.0,0.0001,1.8916,0.0003,6.3695,35.4034,9.402,27.3683,36.1986
388.0,775.0,9.504,38.3572,98.68,187.0904,0.0234,0.0001,99.8406,203.4939,48.7269,-16.9086,0.0,0.0001,1.8894,-0.0012,6.3906,35.4041,9.4138,27.3669,36.1966
389.0,777.0,9.3731,38.2103,98.68,186.6092,0.0217,0.0001,99.83,203.4939,48.7269,-16.9086,0.0,0.0001,1.884,-0.0019,6.4054,35.3799,9.2834,27.3695,36.2053
390.0,779.0,9.3104,38.1377,69.8721,187.7424,0.0215,0.0001,99.8401,203.494,48.7269,-16.9086,0.0,0.0001,1.8864,0.0003,6.4084,35.3657,9.2208,27.3687,36.2073
391.0,781.0,9.2571,38.0794,89.1053,188.4284,0.0226,0.0001,99.8367,203.494,48.7269,-16.9086,0.0,0.0001,1.8875,0.0008,6.4125,35.3565,9.1676,27.3702,36.2113
392.0,783.0,9.2277,38.0503,98.68,187.6159,0.023,0.0001,99.8242,203.494,48.7269,-16.9086,0.0,0.0001,1.886,-0.0007,6.4115,35.3543,9.1381,27.3733,36.2157
393.0,785.0,9.2328,38.0591,98.68,186.7646,0.0226,0.0001,99.8249,203.4941,48.7269,-16.9086,0.0,0.0001,1.8818,-0.0017,6.4116,35.3575,9.1429,27.375,36.2172
394.0,787.0,9.2359,38.0655,98.68,186.2298,0.0218,0.0001,99.8401,203.4941,48.7269,-16.9086,0.0,0.0001,1.8794,-0.002,6.4093,35.3605,9.1457,27.3769,36.2188
395.0,789.0,9.2245,38.0534,98.68,186.9386,0.0211,0.0001,99.8386,203.4941,48.7269,-16.9086,0.0,0.0001,1.8789,-0.0005,6.4141,35.358,9.1342,27.3769,36.2194
396.0,791.0,9.2099,38.0389,76.0913,186.7073,0.0239,0.0001,99.8365,203.4941,48.7268,-16.9086,0.0,0.0001,1.8769,-0.0006,6.4151,35.3564,9.1194,27.378,36.2212
397.0,793.0,9.1961,38.0254,98.68,186.5506,0.0234,0.0001,99.8346,203.4942,48.7268,-16.9086,0.0,0.0001,1.8761,-0.0003,6.404,35.355,9.1054,27.3791,36.2229
398.0,795.0,9.2752,38.1304,98.68,184.7051,0.0195,0.0001,99.8545,203.4942,48.7268,-16.9086,0.0,0.0001,1.8714,-0.0029,6.4049,35.3853,9.1838,27.3901,36.23
399.0,797.0,9.2734,38.1364,82.4019,183.1587,0.0238,0.0001,99.8816,203.4942,48.7268,-16.9086,0.0,0.0001,1.8618,-0.0037,6.407,35.3925,9.1818,27.396,36.236
400.0,799.0,9.2584,38.1231,88.5753,183.4597,0.0244,0.0001,99.8834,203.4942,48.7268,-16.9086,0.0,0.0001,1.8557,-0.0017,6.4095,35.3924,9.1667,27.3985,36.2391
401.0,801.0,9.2403,38.1085,98.68,183.1701,0.0201,0.0001,99.869,203.4943,48.7268,-16.9086,0.0,0.0001,1.8528,-0.0015,6.4097,35.3943,9.1484,27.4029,36.2443
402.0,803.0,9.2343,38.1083,98.68,183.4213,0.0192,0.0001,99.8598,203.4943,48.7268,-16.9085,0.0,0.0001,1.8521,-0.0007,6.4113,35.399,9.1422,27.4076,36.2492
403.0,805.0,9.2208,38.0971,98.68,183.186,0.0215,0.0001,99.8857,203.4943,48.7268,-16.9085,0.0,0.0001,1.8499,-0.0009,6.4135,35.4,9.1285,27.4107,36.2528
404.0,807.0,9.2132,38.0902,98.68,182.6969,0.0232,0.0001,99.8533,203.4943,48.7268,-16.9085,0.0,0.0001,1.8462,-0.0013,6.4156,35.3994,9.1208,27.4114,36.2539
405.0,809.0,9.165,38.0388,98.68,183.1037,0.0208,0.0,99.8927,203.4944,48.7268,-16.9085,0.0,0.0001,1.8437,-0.0004,6.4207,35.3922,9.0726,27.4137,36.2584
406.0,811.0,9.1501,38.0254,98.68,182.4934,0.0214,0.0,99.8887,203.4944,48.7268,-16.9085,0.0,0.0001,1.8429,-0.0013,6.4232,35.3923,9.0576,27.4162,36.2615
407.0,813.0,9.1393,38.0198,77.8168,182.9124,0.0188,0.0001,99.8822,203.4944,48.7268,-16.9085,0.0,0.0001,1.8425,-0.0001,6.4225,35.3962,9.0466,27.421,36.2667
408.0,815.0,9.1323,38.0144,95.0736,182.8625,0.0209,0.0,99.8792,203.4944,48.7268,-16.9085,0.0,0.0001,1.8415,-0.0004,6.4289,35.3965,9.0394,27.4224,36.2685
409.0,817.0,9.1093,37.9912,98.68,182.8324,0.0168,0.0,99.8834,203.4945,48.7268,-16.9085,0.0,0.0001,1.84,-0.0004,6.4325,35.3943,9.0163,27.4245,36.2716
410.0,819.0,9.0879,37.9742,98.68,183.1248,0.0215,0.0001,99.857,203.4945,48.7268,-16.9085,0.0,0.0001,1.84,0.0,6.4357,35.3966,8.9948,27.4298,36.2778
411.0,821.0,9.0557,37.9392,86.0145,183.5094,0.0201,0.0001,99.8578,203.4945,48.7268,-16.9085,0.0,0.0001,1.8412,0.0004,6.4373,35.3911,8.9625,27.4306,36.2801
412.0,823.0,9.0458,37.929,97.7206,183.4142,0.0225,0.0001,99.8656,203.4946,48.7268,-16.9085,0.0,0.0001,1.8408,-0.0001,6.4412,35.3895,8.9525,27.431,36.2809
413.0,825.0,9.0215,37.9059,98.68,183.2207,0.0203,0.0001,99.8448,203.4946,48.7268,-16.9085,0.0,0.0001,1.8399,-0.0005,6.4441,35.3883,8.9281,27.434,36.285
414.0,827.0,8.9922,37.877,98.68,183.6398,0.0213,0.0001,99.7724,203.4946,48.7268,-16.9085,0.0,0.0001,1.8395,-0.0001,6.4537,35.3864,8.8986,27.4372,36.2896
415.0,829.0,8.9499,37.8338,98.6806,183.1601,0.0244,0.0001,99.8649,203.4946,48.7268,-16.9085,0.0,0.0001,1.838,-0.0008,6.4518,35.3819,8.8564,27.4405,36.2948
416.0,831.0,8.8865,37.7672,80.8268,184.3952,0.0205,0.0001,99.8767,203.4947,48.7268,-16.9085,0.0,0.0001,1.8388,0.0009,6.4652,35.3741,8.7931,27.4445,36.3016
417.0,833.0,8.8591,37.7381,98.4559,183.9055,0.0206,0.0001,99.8675,203.4947,48.7268,-16.9084,0.0,0.0001,1.838,-0.0004,6.471,35.37,8.7657,27.4456,36.304
418.0,835.0,8.8197,37.6961,98.68,184.4408,0.0218,0.0,99.8841,203.4947,48.7268,-16.9084,0.0,0.0001,1.8376,0.0001,6.4801,35.364,8.7263,27.4473,36.3075
419.0,837.0,8.7906,37.6665,98.68,184.0472,0.0243,0.0,99.8892,203.4947,48.7268,-16.9084,0.0,0.0001,1.837,-0.0008,6.4895,35.361,8.6971,27.4495,36.3111
420.0,839.0,8.6972,37.5642,98.68,185.0181,0.0207,0.0001,99.8795,203.4948,48.7268,-16.9084,0.0,0.0001,1.8385,0.0007,6.4932,35.3453,8.6041,27.4519,36.3178
421.0,841.0,8.6359,37.4986,84.5793,185.197,0.0216,0.0,99.8978,203.4948,48.7267,-16.9084,0.0,0.0001,1.84,0.0002,6.5008,35.3363,8.543,27.4544,36.3231
422.0,843.0,8.6256,37.4908,90.5121,185.4308,0.0227,0.0,99.8978,203.4948,48.7267,-16.9084,0.0,0.0001,1.8398,0.0004,6.503,35.3373,8.5325,27.4569,36.3261
423.0,845.0,8.6093,37.4771,98.68,185.8359,0.0226,0.0,99.8978,203.4948,48.7267,-16.9084,0.0,0.0001,1.8406,0.0007,6.5033,35.3382,8.516,27.4602,36.3301
424.0,847.0,8.6045,37.4727,98.4485,185.5048,0.0198,0.0,99.8978,203.4949,48.7267,-16.9084,0.0,0.0001,1.8402,-0.0002,6.5057,35.3373,8.5111,27.4602,36.3303
425.0,849.0,8.598,37.4672,98.68,185.2358,0.0215,0.0,99.8978,203.4949,48.7267,-16.9084,0.0,0.0001,1.8398,-0.0005,6.5058,35.3371,8.5044,27.4612,36.3316
426.0,851.0,8.5854,37.4538,98.68,185.3037,0.0226,0.0,99.8978,203.4949,48.7267,-16.9084,0.0,0.0001,1.8397,-0.0001,6.5025,35.3346,8.4916,27.4612,36.3322
427.0,853.0,8.6032,37.4765,80.209,185.488,0.021,0.0,99.8978,203.495,48.7267,-16.9084,0.0,0.0001,1.8397,0.0001,6.5029,35.3399,8.5091,27.4626,36.3328
428.0,855.0,8.6053,37.4809,94.7915,185.4859,0.0243,0.0,99.9083,203.495,48.7267,-16.9084,0.0,0.0001,1.8382,-0.0002,6.5091,35.3416,8.511,27.4637,36.3337
429.0,857.0,8.5619,37.4366,98.0914,185.2892,0.0216,0.0,99.8993,203.495,48.7267,-16.9083,0.0,0.0001,1.8376,-0.0005,6.509,35.3371,8.4676,27.4669,36.3389
430.0,859.0,8.5454,37.4219,98.68,185.5702,0.0219,0.0,99.9151,203.495,48.7267,-16.9083,0.0,0.0001,1.8376,0.0005,6.4991,35.337,8.4509,27.4695,36.3422
431.0,861.0,8.6094,37.4987,98.68,185.4736,0.0218,0.0,99.9002,203.4951,48.7267,-16.9083,0.0,0.0001,1.8398,0.0006,6.4842,35.3534,8.5143,27.4724,36.3421
432.0,863.0,8.7339,37.6487,79.0806,184.5356,0.0222,0.0,99.9033,203.4951,48.7267,-16.9083,0.0,0.0001,1.838,-0.001,6.4814,35.3866,8.6377,27.479,36.3428
433.0,865.0,8.758,37.6813,87.0112,183.529,0.0221,0.0,99.9029,203.4951,48.7267,-16.9083,0.0,0.0001,1.8311,-0.0023,6.4947,35.396,8.6615,27.4826,36.3452
434.0,867.0,8.7105,37.625,98.68,183.3647,0.0214,0.0,99.8978,203.4951,48.7267,-16.9083,0.0,0.0001,1.8299,-0.0018,6.4898,35.3833,8.6141,27.4801,36.345
435.0,869.0,8.6175,37.5251,98.68,184.4976,0.0232,0.0,99.9113,203.4952,48.7267,-16.9083,0.0,0.0001,1.8309,-0.0001,6.4984,35.3696,8.5214,27.4839,36.3531
436.0,871.0,8.6184,37.5235,98.68,184.89,0.0239,0.0,99.9122,203.4952,48.7267,-16.9083,0.0,0.0001,1.8313,0.0007,6.4939,35.3661,8.5221,27.4811,36.3503
437.0,873.0,8.6717,37.5938,98.68,184.6807,0.0232,0.0,99.9166,203.4952,48.7267,-16.9083,0.0,0.0001,1.8315,0.0,6.4972,35.3861,8.5747,27.4885,36.3551
438.0,875.0,8.6684,37.5929,91.0379,184.6179,0.026,0.0,99.8921,203.4953,48.7267,-16.9083,0.0,0.0001,1.8313,0.0,6.4933,35.3875,8.5713,27.4902,36.3569
439.0,877.0,8.6628,37.5884,98.68,184.5757,0.0214,0.0,99.915,203.4953,48.7267,-16.9083,0.0,0.0001,1.8315,-0.0001,6.4905,35.3875,8.5655,27.4911,36.358
440.0,879.0,8.6732,37.6044,73.6532,184.6291,0.0231,0.0,99.9195,203.4953,48.7267,-16.9082,0.0,0.0001,1.8313,0.0,6.4892,35.393,8.5755,27.4938,36.3603
441.0,881.0,8.6837,37.6183,98.6923,184.3203,0.0206,0.0,99.915,203.4953,48.7267,-16.9082,0.0,0.0001,1.8303,-0.0005,6.4891,35.3962,8.5857,27.4948,36.3607
442.0,883.0,8.6866,37.6223,93.0588,184.3986,0.0214,0.0,99.9239,203.4954,48.7267,-16.9082,0.0,0.0001,1.8303,-0.0002,6.4894,35.3967,8.5884,27.4947,36.3605
443.0,885.0,8.6789,37.6128,98.68,184.1767,0.0223,0.0,99.9144,203.4954,48.7267,-16.9082,0.0,0.0001,1.8287,-0.0005,6.4886,35.3937,8.5805,27.4936,36.3598
444.0,887.0,8.7048,37.6533,98.68,184.6049,0.0233,0.0,99.9122,203.4954,48.7267,-16.9082,0.0,0.0001,1.8284,-0.0001,6.5009,35.4095,8.606,27.502,36.3668
445.0,889.0,8.6138,37.5557,98.68,184.5854,0.0248,0.0,99.8937,203.4954,48.7267,-16.9082,0.0,0.0001,1.8278,-0.0003,6.5025,35.3964,8.5154,27.506,36.375
446.0,891.0,8.5974,37.5405,98.68,185.1427,0.0233,0.0,99.8956,203.4955,48.7267,-16.9082,0.0,0.0001,1.8293,0.0006,6.5014,35.3957,8.4988,27.508,36.3778
447.0,893.0,8.5859,37.5288,98.68,185.0328,0.0214,0.0,99.893,203.4955,48.7267,-16.9082,0.0,0.0001,1.8287,-0.0004,6.5141,35.3938,8.4871,27.5084,36.3787
448.0,895.0,8.5315,37.4668,98.68,185.0507,0.0218,0.0,99.8947,203.4955,48.7267,-16.9082,0.0,0.0001,1.8272,-0.0006,6.5264,35.3816,8.4329,27.5072,36.3801
449.0,897.0,8.4772,37.4062,58.9746,185.1561,0.0198,0.0,99.9155,203.4955,48.7267,-16.9082,0.0,0.0001,1.8278,-0.0005,6.5288,35.3709,8.3788,27.5072,36.3827
450.0,899.0,8.4268,37.356,95.4769,186.1003,0.0203,0.0,99.9188,203.4956,48.7267,-16.9082,0.0,0.0001,1.8285,0.0008,6.5322,35.3671,8.3285,27.512,36.3898
451.0,901.0,8.3986,37.3274,98.68,186.0715,0.0202,0.0,99.9062,203.4956,48.7267,-16.9081,0.0,0.0001,1.8297,0.0003,6.5329,35.364,8.3002,27.514,36.3931
452.0,903.0,8.3982,37.328,98.68,186.1493,0.0166,0.0,99.9237,203.4956,48.7267,-16.9081,0.0,0.0001,1.8298,-0.0001,6.5411,35.3642,8.2996,27.5142,36.3934
453.0,905.0,8.373,37.3007,87.811,185.8605,0.0191,0.0,99.9225,203.4957,48.7266,-16.9081,0.0,0.0001,1.8278,-0.0005,6.5385,35.3594,8.2743,27.5144,36.3947
454.0,907.0,8.3321,37.2595,98.68,186.8651,0.0178,0.0,99.9026,203.4957,48.7266,-16.9081,0.0,0.0001,1.8303,0.0011,6.5387,35.3555,8.2334,27.5176,36.3998
455.0,909.0,8.3525,37.2826,98.68,186.0481,0.0188,0.0,99.9132,203.4957,48.7266,-16.9081,0.0,0.0001,1.8293,-0.0004,6.5354,35.3591,8.2535,27.5174,36.3986
456.0,911.0,8.3752,37.3166,98.68,186.1646,0.0235,0.0,99.9159,203.4957,48.7266,-16.9081,0.0,0.0001,1.8291,-0.0001,6.5355,35.3713,8.2758,27.5235,36.4035
457.0,913.0,8.379,37.3238,98.68,186.3057,0.0211,0.0,99.9201,203.4958,48.7266,-16.9081,0.0,0.0001,1.8291,0.0001,6.5354,35.374,8.2793,27.5251,36.405
458.0,915.0,8.3784,37.3232,87.0812,186.2211,0.0241,0.0,99.9122,203.4958,48.7266,-16.9081,0.0,0.0001,1.8291,0.0,6.5331,35.3733,8.2786,27.5246,36.4045
459.0,917.0,8.3874,37.3387,98.4134,186.2978,0.0241,0.0,99.9046,203.4958,48.7266,-16.9081,0.0,0.0001,1.8291,0.0001,6.5315,35.3798,8.2872,27.5284,36.4078
460.0,919.0,8.4016,37.3568,98.68,186.1002,0.0188,0.0,99.9096,203.4959,48.7266,-16.9081,0.0,0.0001,1.8284,-0.0005,6.5352,35.3839,8.3011,27.5295,36.4082
461.0,921.0,8.3799,37.3354,98.68,186.1763,0.02,0.0,99.9122,203.4959,48.7266,-16.9081,0.0,0.0001,1.8278,-0.0001,6.5344,35.3819,8.2794,27.5312,36.411
462.0,923.0,8.3632,37.3208,85.3479,186.6409,0.0198,0.0,99.906,203.4959,48.7266,-16.9081,0.0,0.0001,1.8289,0.0004,6.5352,35.3821,8.2625,27.534,36.4145
463.0,925.0,8.3754,37.3351,95.7018,186.527,0.0209,0.0,99.9012,203.4959,48.7266,-16.9081,0.0,0.0001,1.8297,0.0003,6.5254,35.3844,8.2744,27.534,36.4139
464.0,927.0,8.4388,37.4166,98.68,185.7305,0.0222,0.0,99.8925,203.496,48.7266,-16.908,0.0,0.0001,1.8291,-0.0012,6.5306,35.4063,8.3371,27.5415,36.4183
465.0,929.0,8.4263,37.4071,98.68,185.1994,0.0196,0.0,99.9122,203.496,48.7266,-16.908,0.0,0.0001,1.8254,-0.0017,6.5301,35.4077,8.3244,27.5446,36.4219
466.0,931.0,8.3862,37.3657,92.1251,186.2784,0.021,0.0,99.9025,203.496,48.7266,-16.908,0.0,0.0001,1.8256,0.0,6.5387,35.403,8.2844,27.5471,36.4263
467.0,933.0,8.337,37.3128,98.68,186.4578,0.0195,0.0,99.9097,203.496,48.7266,-16.908,0.0,0.0001,1.8254,0.0,6.5424,35.3951,8.2353,27.5484,36.43
468.0,935.0,8.323,37.3016,98.68,186.8006,0.0204,0.0,99.9057,203.4961,48.7266,-16.908,0.0,0.0001,1.826,0.0004,6.5438,35.3965,8.2212,27.5517,36.4338
469.0,937.0,8.3182,37.2985,98.68,186.6959,0.0223,0.0,99.8978,203.4961,48.7266,-16.908,0.0,0.0001,1.8263,0.0,6.5441,35.3968,8.2162,27.5527,36.4351
470.0,939.0,8.3122,37.2935,98.5461,187.0701,0.0207,0.0,99.8949,203.4961,48.7266,-16.908,0.0,0.0001,1.8274,0.0004,6.5461,35.3966,8.21,27.5535,36.4361
471.0,941.0,8.3031,37.2839,82.1143,187.2173,0.0243,0.0,99.9008,203.4961,48.7266,-16.908,0.0,0.0001,1.8278,0.0002,6.5491,35.3947,8.2007,27.5534,36.4365
472.0,943.0,8.2832,37.2643,96.6703,187.3914,0.0259,0.0,99.8889,203.4962,48.7266,-16.908,0.0,0.0001,1.8282,0.0001,6.5549,35.3929,8.1807,27.5551,36.4391
473.0,945.0,8.2473,37.2269,98.68,187.4057,0.0221,0.0,99.9012,203.4962,48.7266,-16.908,0.0,0.0001,1.8278,-0.0002,6.5608,35.3881,8.1449,27.5568,36.4425
474.0,947.0,8.2162,37.1951,98.68,187.6975,0.0189,0.0,99.8978,203.4962,48.7266,-16.908,0.0,0.0001,1.8278,0.0002,6.5639,35.3845,8.1138,27.5587,36.4458
475.0,949.0,8.1859,37.1633,91.3543,188.2363,0.0205,0.0,99.8978,203.4962,48.7266,-16.908,0.0,0.0001,1.8303,0.0006,6.5675,35.3802,8.0834,27.56,36.4485
476.0,951.0,8.1577,37.1344,98.77,188.3536,0.0225,0.0,99.9002,203.4963,48.7266,-16.908,0.0,0.0001,1.8303,0.0002,6.5724,35.3766,8.0551,27.5614,36.4513
477.0,953.0,8.1306,37.1074,94.3876,188.4887,0.0212,0.0,99.8978,203.4963,48.7266,-16.908,0.0,0.0001,1.8308,0.0002,6.5727,35.3739,8.028,27.5635,36.4546
478.0,955.0,8.126,37.1048,98.68,189.1285,0.0206,0.0,99.8948,203.4963,48.7266,-16.908,0.0,0.0001,1.8315,0.001,6.5726,35.3749,8.0232,27.5649,36.4562
479.0,957.0,8.1286,37.1086,98.68,188.8251,0.02,0.0,99.9062,203.4964,48.7266,-16.908,0.0,0.0001,1.8339,0.0002,6.5711,35.3756,8.0256,27.5651,36.4563
480.0,959.0,8.1294,37.1103,75.5272,188.8778,0.0178,0.0,99.8948,203.4964,48.7266,-16.908,0.0,0.0001,1.8325,-0.0002,6.5803,35.3757,8.0262,27.5651,36.4562
481.0,961.0,8.0838,37.0606,94.4895,188.4201,0.0187,0.0,99.8978,203.4964,48.7265,-16.9079,0.0,0.0001,1.8303,-0.0009,6.5836,35.3675,7.9807,27.5655,36.4589
482.0,963.0,8.0506,37.0247,90.8065,189.1523,0.0198,0.0,99.8978,203.4964,48.7265,-16.9079,0.0,0.0001,1.8315,0.0005,6.5811,35.3616,7.9475,27.5659,36.4608
483.0,965.0,8.0597,37.0384,98.68,189.4748,0.0201,0.0,99.9003,203.4965,48.7265,-16.9079,0.0,0.0001,1.8327,0.0005,6.5844,35.366,7.9563,27.568,36.4625
484.0,967.0,8.0464,37.028,98.68,189.7086,0.0235,0.0,99.8927,203.4965,48.7265,-16.9079,0.0,0.0001,1.8339,0.0002,6.5896,35.3673,7.9429,27.5711,36.4662
485.0,969.0,8.0288,37.0115,98.68,189.8173,0.0211,0.0,99.9035,203.4965,48.7265,-16.9079,0.0,0.0001,1.8339,0.0002,6.5938,35.3665,7.9252,27.5731,36.469
486.0,971.0,7.9976,36.9786,86.1669,190.2055,0.0212,0.0,99.9108,203.4965,48.7265,-16.9079,0.0,0.0001,1.8349,0.0005,6.5956,35.3617,7.894,27.574,36.4714
487.0,973.0,7.9756,36.9586,98.6986,190.4102,0.0194,0.0,99.8973,203.4966,48.7265,-16.9079,0.0,0.0001,1.8364,0.0004,6.5973,35.3614,7.8719,27.5771,36.4755
488.0,975.0,7.9656,36.9531,98.68,190.3385,0.0201,0.0,99.9011,203.4966,48.7265,-16.9079,0.0,0.0001,1.8364,0.0001,6.5982,35.3645,7.8617,27.5811,36.4799
489.0,977.0,7.9578,36.9477,77.0285,191.0261,0.0182,0.0,99.9044,203.4966,48.7265,-16.9079,0.0,0.0001,1.8379,0.0008,6.5973,35.3657,7.8538,27.5832,36.4823
490.0,979.0,7.963,36.9556,93.0081,190.417,0.0221,0.0,99.8978,203.4967,48.7265,-16.9079,0.0,0.0001,1.8378,-0.0004,6.5968,35.3679,7.8587,27.5842,36.4831
491.0,981.0,7.9653,36.9604,98.68,190.666,0.0218,0.0,99.8978,203.4967,48.7265,-16.9079,0.0,0.0001,1.8377,0.0001,6.5967,35.3698,7.8607,27.5854,36.4841
492.0,983.0,7.9666,36.9642,98.68,190.6996,0.0229,0.0,99.9065,203.4967,48.7265,-16.9079,0.0,0.0001,1.8379,0.0001,6.595,35.3717,7.8618,27.5867,36.4854
493.0,985.0,7.9812,36.984,98.68,190.8921,0.018,0.0,99.9074,203.4967,48.7265,-16.9079,0.0,0.0001,1.8376,0.0,6.5991,35.3772,7.8761,27.5889,36.4869
494.0,987.0,7.9624,36.9665,98.6796,190.9681,0.0185,0.0,99.8978,203.4968,48.7265,-16.9079,0.0,0.0001,1.8376,-0.0003,6.6109,35.3764,7.8572,27.5911,36.4899
495.0,989.0,7.8864,36.8886,98.68,191.2159,0.0226,0.0,99.8834,203.4968,48.7265,-16.9079,0.0,0.0001,1.8374,-0.0001,6.6149,35.3685,7.7815,27.5962,36.4985
496.0,991.0,7.851,36.852,98.68,192.2959,0.0187,0.0001,99.8445,203.4968,48.7265,-16.9079,0.0,0.0001,1.8411,0.0012,6.6145,35.364,7.7461,27.5979,36.5019
497.0,993.0,7.8371,36.8384,81.7072,191.9449,0.0176,0.0001,99.8916,203.4968,48.7265,-16.9079,0.0,0.0001,1.8413,0.0,6.618,35.3624,7.7321,27.5988,36.5034
498.0,995.0,7.8076,36.8104,98.68,192.8048,0.0192,0.0,99.8914,203.4969,48.7265,-16.9079,0.0,0.0001,1.8437,0.0011,6.6156,35.361,7.7026,27.602,36.5081
499.0,997.0,7.8645,36.8775,97.0792,192.6019,0.0169,0.0001,99.8761,203.4969,48.7265,-16.9079,0.0,0.0001,1.8437,0.0006,6.6121,35.3749,7.7589,27.6046,36.5079
500.0,999.0,7.8656,36.8818,98.4718,191.8229,0.0178,0.0,99.8968,203.4969,48.7265,-16.9079,0.0,0.0001,1.8431,-0.0008,6.6132,35.3776,7.7597,27.6066,36.5098
501.0,1001.0,7.8555,36.8719,98.6802,192.1786,0.0188,0.0001,99.8837,203.497,48.7265,-16.9079,0.0,0.0001,1.8428,-0.0001,6.6137,35.3762,7.7495,27.607,36.5107
502.0,1003.0,7.847,36.8663,92.0206,192.0878,0.0182,0.0001,99.8675,203.4971,48.7264,-16.9079,0.0,0.0001,1.8417,-0.0001,6.6148,35.3777,7.7408,27.6095,36.5135
503.0,1005.0,7.8343,36.8566,93.1137,192.3829,0.0204,0.0001,99.8761,203.4971,48.7264,-16.9079,0.0,0.0001,1.842,0.0002,6.6159,35.379,7.7279,27.6124,36.517
504.0,1007.0,7.834,36.8571,94.1069,192.191,0.0189,0.0001,99.8605,203.4972,48.7264,-16.9079,0.0,0.0001,1.8412,-0.0001,6.617,35.3791,7.7275,27.6125,36.5172
505.0,1009.0,7.8294,36.8545,92.6007,192.4626,0.0203,0.0001,99.8478,203.4973,48.7264,-16.9079,0.0,0.0001,1.8418,0.0002,6.618,35.38,7.7227,27.614,36.5188
506.0,1011.0,7.8199,36.8473,94.4654,192.4496,0.0202,0.0001,99.7812,203.4981,48.7263,-16.9079,0.0,0.0001,1.842,0.0,6.619,35.3809,7.713,27.6161,36.5214
507.0,1013.0,7.81,36.8387,93.3868,192.5458,0.0197,0.0001,99.7371,203.4986,48.7262,-16.908,0.0,0.0001,1.8418,0.0002,6.6197,35.381,7.7031,27.6177,36.5234
