Datacycle,press,temp,cond,alt,oxygen,fluor,atten,trans,jday,lat,lon,PAR,UPAR,oxV,oxdVdt,oxysat,salin,potemp,sigma0,sigma2
1.0,5.0,15.2242,43.7974,92.6272,243.4137,0.4644,0.0041,90.3544,217.547,48.9139,-16.907,0.0,0.0001,2.7045,0.0001,5.6418,35.597,15.2233,26.3829,34.9826
2.0,7.0,15.2257,43.7997,93.1195,243.577,0.4639,0.0041,90.3534,217.5471,48.914,-16.907,0.0,0.0001,2.7055,-0.0001,5.6415,35.5972,15.2246,26.3827,34.9824
3.0,9.0,15.2237,43.7989,93.8028,243.6656,0.5191,0.0041,90.3281,217.5472,48.914,-16.907,0.0,0.0001,2.7052,0.0001,5.6417,35.5974,15.2223,26.3834,34.9832
4.0,11.0,15.2228,43.7984,93.6413,243.8735,0.6551,0.0041,90.3388,217.5473,48.9141,-16.907,0.0,0.0001,2.7068,-0.0001,5.6425,35.597,15.2212,26.3834,34.9832
5.0,13.0,15.2068,43.7829,89.3666,243.9076,0.8867,0.0041,90.2668,217.5474,48.9141,-16.907,0.0,0.0001,2.7061,0.0,5.644,35.5966,15.2049,26.3867,34.9871
6.0,15.0,15.1982,43.7753,97.4094,243.6488,0.9992,0.0041,90.2292,217.5475,48.9141,-16.907,0.0,0.0001,2.7034,-0.0002,5.6449,35.5965,15.1959,26.3886,34.9893
7.0,17.0,15.1887,43.7665,98.71,243.3634,1.0611,0.0041,90.2126,217.5476,48.9142,-16.907,0.0,0.0001,2.7003,-0.0005,5.6451,35.5963,15.1861,26.3906,34.9917
8.0,19.0,15.1876,43.7665,88.8193,243.1812,1.1229,0.0041,90.2177,217.5477,48.9142,-16.907,0.0,0.0001,2.699,-0.0006,5.6468,35.5965,15.1847,26.3911,34.9922
9.0,21.0,15.1842,43.7632,98.5994,243.3416,1.1139,0.0041,90.2152,217.5478,48.9142,-16.907,0.0,0.0001,2.6979,-0.0001,5.6472,35.596,15.1811,26.3915,34.9928
10.0,23.0,15.1726,43.753,92.1672,242.878,1.1509,0.0041,90.2662,217.5479,48.9142,-16.907,0.0,0.0001,2.6931,-0.0004,5.6486,35.5963,15.1691,26.3944,34.9961
11.0,25.0,15.1646,43.7451,96.37,242.916,1.1765,0.0041,90.294,217.5479,48.9143,-16.907,0.0,0.0001,2.6925,-0.0001,5.6485,35.5956,15.1608,26.3957,34.9977
12.0,27.0,15.165,43.7466,88.6302,242.8439,1.1581,0.0041,90.2646,217.548,48.9143,-16.9069,0.0,0.0001,2.6917,-0.0002,5.6487,35.5958,15.1609,26.3958,34.9978
13.0,29.0,15.1604,43.7428,98.71,242.6776,1.177,0.0041,90.3059,217.5481,48.9143,-16.9069,0.0,0.0001,2.6893,-0.0005,5.6488,35.5956,15.156,26.3968,34.9989
14.0,31.0,15.1623,43.7456,98.3934,242.8114,1.1873,0.0041,90.3488,217.5481,48.9143,-16.9069,0.0,0.0001,2.6897,-0.0001,5.6495,35.5959,15.1576,26.3966,34.9987
15.0,33.0,15.1457,43.729,82.6413,242.3419,1.1645,0.004,90.6074,217.5482,48.9143,-16.9069,0.0,0.0001,2.6858,-0.0008,5.6504,35.5948,15.1406,26.3995,35.0023
16.0,35.0,15.1471,43.7316,84.9742,242.2638,1.1648,0.0039,90.6447,217.5483,48.9144,-16.9069,0.0,0.0001,2.6841,-0.0003,5.6503,35.5954,15.1419,26.3998,35.0024
17.0,37.0,15.1424,43.7278,84.0205,242.0246,1.1397,0.0039,90.7019,217.5483,48.9144,-16.9068,0.0,0.0001,2.6807,-0.0003,5.651,35.5951,15.1367,26.4006,35.0035
18.0,39.0,15.1422,43.7284,90.3406,241.8698,1.1638,0.0039,90.747,217.5484,48.9144,-16.9068,0.0,0.0001,2.6792,-0.0005,5.6513,35.5952,15.1363,26.4008,35.0037
19.0,41.0,15.1385,43.7259,92.9882,241.8543,1.1542,0.0038,90.8566,217.5485,48.9144,-16.9068,0.0,0.0001,2.6777,-0.0001,5.652,35.5951,15.1322,26.4017,35.0047
20.0,43.0,15.1312,43.7191,98.71,240.6604,1.0766,0.0037,91.1615,217.5485,48.9145,-16.9068,0.0,0.0001,2.6711,-0.0029,5.653,35.595,15.1247,26.4033,35.0066
21.0,45.0,15.0696,43.6629,89.9737,239.8563,0.894,0.0032,92.3408,217.5486,48.9145,-16.9068,0.0,0.0001,2.6577,-0.0046,5.6848,35.599,15.0628,26.42,35.0255
22.0,47.0,14.5143,43.1323,98.71,231.509,0.4929,0.002,95.2678,217.5487,48.9145,-16.9067,0.0,0.0001,2.59,-0.0164,5.7452,35.6191,14.5074,26.5571,35.1823
23.0,49.0,14.1595,42.795,98.71,231.7323,0.2492,0.0013,96.7616,217.5487,48.9145,-16.9067,0.0,0.0001,2.5541,-0.0089,5.8242,35.6329,14.1524,26.6441,35.2821
24.0,51.0,13.2426,41.8909,96.1285,229.0568,0.1295,0.0007,98.1879,217.5488,48.9145,-16.9067,0.0,0.0001,2.5081,-0.0062,5.8812,35.635,13.2355,26.8371,35.5093
25.0,53.0,13.1174,41.774,89.5544,230.6053,0.1038,0.0006,98.4318,217.5488,48.9146,-16.9067,0.0,0.0001,2.5092,-0.0005,5.8809,35.6404,13.1101,26.8668,35.5437
26.0,55.0,12.8634,41.5373,98.6562,231.1539,0.0782,0.0005,98.7404,217.5489,48.9146,-16.9066,0.0,0.0001,2.4999,0.0004,5.9206,35.6519,12.8559,26.9272,35.6137
27.0,57.0,12.8388,41.5237,80.2584,230.68,0.0689,0.0005,98.8413,217.549,48.9146,-16.9066,0.0,0.0001,2.4958,-0.0006,5.9276,35.6615,12.8311,26.9396,35.6269
28.0,59.0,12.7795,41.4829,94.3241,230.7322,0.0564,0.0004,98.9748,217.549,48.9146,-16.9066,0.0,0.0001,2.4942,-0.0001,5.9284,35.6776,12.7715,26.9641,35.6534
29.0,61.0,12.7684,41.4763,98.6932,230.9302,0.0539,0.0004,99.049,217.5491,48.9146,-16.9065,0.0,0.0001,2.4948,-0.0002,5.9315,35.6808,12.7602,26.9688,35.6586
30.0,63.0,12.7553,41.4622,98.6971,230.9399,0.0496,0.0004,99.0884,217.5491,48.9147,-16.9065,0.0,0.0001,2.4944,-0.0005,5.9346,35.6789,12.7468,26.97,35.6603
31.0,65.0,12.6966,41.4058,72.3752,230.7838,0.0429,0.0003,99.2097,217.5492,48.9147,-16.9065,0.0,0.0001,2.4906,-0.0001,5.9367,35.6791,12.6878,26.9819,35.6745
32.0,67.0,12.6952,41.4038,89.8433,231.0173,0.0382,0.0003,99.2576,217.5492,48.9147,-16.9064,0.0,0.0001,2.4915,-0.0001,5.9401,35.6776,12.6861,26.9811,35.6737
33.0,69.0,12.6524,41.3591,98.7046,230.6874,0.0351,0.0003,99.3099,217.5493,48.9147,-16.9064,0.0,0.0001,2.4878,-0.0009,5.9464,35.6743,12.643,26.9871,35.6815
34.0,71.0,12.617,41.3192,98.71,230.7994,0.036,0.0003,99.307,217.5493,48.9147,-16.9064,0.0,0.0001,2.4873,-0.0002,5.9468,35.6685,12.6074,26.9897,35.6855
35.0,73.0,12.6222,41.326,89.2081,231.0194,0.0375,0.0003,99.3408,217.5494,48.9147,-16.9064,0.0,0.0001,2.4869,-0.0002,5.9525,35.6694,12.6124,26.9894,35.685
36.0,75.0,12.5541,41.2481,97.1667,231.5326,0.0365,0.0003,99.3441,217.5494,48.9147,-16.9063,0.0,0.0001,2.4875,0.0004,5.9582,35.6576,12.5441,26.9939,35.6923
37.0,77.0,12.5404,41.2332,98.71,231.2778,0.0396,0.0002,99.3733,217.5495,48.9147,-16.9063,0.0,0.0001,2.4863,-0.0004,5.9601,35.6555,12.5301,26.995,35.6939
38.0,79.0,12.535,41.2286,54.6581,231.2287,0.0343,0.0002,99.4239,217.5495,48.9147,-16.9063,0.0,0.0001,2.4852,-0.0006,5.9633,35.6555,12.5244,26.9961,35.6953
39.0,81.0,12.4804,41.1693,93.1067,231.2427,0.0283,0.0002,99.449,217.5496,48.9147,-16.9062,0.0,0.0001,2.4823,0.0,5.9656,35.6488,12.4695,27.0017,35.7032
40.0,83.0,12.4863,41.1769,98.704,231.6403,0.0318,0.0002,99.4828,217.5496,48.9148,-16.9062,0.0,0.0001,2.4851,0.0001,5.9665,35.6495,12.4751,27.0012,35.7024
41.0,85.0,12.4764,41.1668,98.695,231.1587,0.0283,0.0002,99.5052,217.5497,48.9148,-16.9062,0.0,0.0001,2.4815,-0.001,5.9706,35.6486,12.465,27.0025,35.7041
42.0,87.0,12.4486,41.1358,98.7053,231.5246,0.0266,0.0002,99.5009,217.5497,48.9148,-16.9061,0.0,0.0001,2.4819,0.0002,5.97,35.6441,12.4369,27.0045,35.7072
43.0,89.0,12.4552,41.1457,81.8369,230.8406,0.0295,0.0002,99.5397,217.5498,48.9148,-16.9061,0.0,0.0001,2.4788,-0.0011,5.97,35.6465,12.4433,27.0051,35.7076
44.0,91.0,12.4458,41.1391,98.71,230.076,0.0327,0.0002,99.5514,217.5498,48.9148,-16.9061,0.0,0.0001,2.4713,-0.001,5.9702,35.6481,12.4336,27.0082,35.7111
45.0,93.0,12.4551,41.1529,94.3606,229.7147,0.0244,0.0002,99.5681,217.5499,48.9148,-16.906,0.0,0.0001,2.4698,-0.0005,5.9586,35.6516,12.4426,27.0092,35.7117
46.0,95.0,12.572,41.3057,98.71,228.4319,0.0233,0.0002,99.5745,217.5499,48.9148,-16.906,0.0,0.0001,2.4629,-0.0018,5.9508,35.6877,12.5592,27.0142,35.7116
47.0,97.0,12.5897,41.3321,78.0717,228.2265,0.0222,0.0002,99.5715,217.55,48.9148,-16.906,0.0,0.0001,2.4594,-0.0011,5.9514,35.6955,12.5766,27.0168,35.7134
48.0,99.0,12.5784,41.3197,92.4586,228.4649,0.0235,0.0002,99.5741,217.55,48.9148,-16.9059,0.0,0.0001,2.4582,-0.0003,5.9542,35.6933,12.5651,27.0174,35.7145
49.0,101.0,12.5482,41.2854,88.0801,228.1364,0.0211,0.0002,99.5768,217.5501,48.9149,-16.9059,0.0,0.0001,2.4542,-0.0008,5.9563,35.6879,12.5346,27.0192,35.7176
50.0,103.0,12.5489,41.2876,83.7015,227.6933,0.0243,0.0002,99.5635,217.5501,48.9149,-16.9059,0.0,0.0001,2.451,-0.0006,5.9559,35.6884,12.535,27.0195,35.7178
51.0,105.0,12.5484,41.2898,98.7058,227.2232,0.0228,0.0002,99.5723,217.5502,48.9149,-16.9058,0.0,0.0001,2.4472,-0.0011,5.9567,35.6902,12.5342,27.0211,35.7194
52.0,107.0,12.5358,41.2758,90.3101,226.8293,0.0225,0.0002,99.5483,217.5503,48.9149,-16.9058,0.0,0.0001,2.4422,-0.0009,5.9601,35.6878,12.5214,27.0217,35.7206
53.0,109.0,12.4977,41.2328,87.7728,226.2389,0.0229,0.0002,99.5085,217.5505,48.915,-16.9057,0.0,0.0001,2.4345,-0.0004,5.9636,35.6815,12.4831,27.0244,35.7249
54.0,111.0,12.482,41.2152,91.2567,226.264,0.0227,0.0002,99.4945,217.5506,48.915,-16.9056,0.0,0.0001,2.433,0.0001,5.9646,35.6786,12.4672,27.0253,35.7264
55.0,113.0,12.4562,41.1856,87.9558,225.6255,0.0237,0.0002,99.453,217.5508,48.9151,-16.9055,0.0,0.0001,2.4261,-0.0004,5.9715,35.6734,12.441,27.0264,35.7286
56.0,115.0,12.4176,41.1369,98.7037,225.7012,0.0219,0.0002,99.4272,217.5509,48.9151,-16.9055,0.0,0.0001,2.4243,-0.0006,5.979,35.6623,12.4022,27.0254,35.7293
57.0,117.0,12.349,41.0577,89.5791,226.8858,0.024,0.0002,99.4006,217.551,48.9151,-16.9054,0.0,0.0001,2.4286,0.001,5.9871,35.6497,12.3335,27.0291,35.7358
58.0,119.0,12.2682,40.96,98.71,228.0968,0.0274,0.0002,99.3716,217.551,48.9151,-16.9054,0.0,0.0001,2.4353,0.0013,5.9943,35.6307,12.2524,27.0303,35.7404
59.0,121.0,12.2627,40.9541,83.8238,228.4381,0.0263,0.0003,99.3397,217.5511,48.9151,-16.9054,0.0,0.0001,2.4387,0.0003,6.001,35.6294,12.2466,27.0304,35.7408
60.0,123.0,12.1777,40.8508,98.5949,231.1742,0.0246,0.0002,99.3652,217.5511,48.9151,-16.9054,0.0,0.0001,2.4479,0.004,6.0149,35.6088,12.1614,27.0309,35.7449
61.0,125.0,12.1292,40.7945,81.2938,231.7877,0.0271,0.0003,99.3441,217.5512,48.9151,-16.9053,0.0,0.0001,2.4586,0.0014,6.017,35.5991,12.1127,27.0329,35.7489
62.0,127.0,12.1168,40.7799,95.2634,232.222,0.0272,0.0003,99.3447,217.5512,48.9152,-16.9053,0.0,0.0001,2.463,0.0011,6.0185,35.5962,12.1002,27.0331,35.7496
63.0,129.0,12.048,40.7009,95.673,232.8505,0.0282,0.0003,99.3414,217.5513,48.9152,-16.9053,0.0,0.0001,2.4658,0.0012,6.0215,35.5835,12.031,27.0365,35.756
64.0,131.0,12.054,40.7097,98.6292,233.0342,0.0271,0.0003,99.3219,217.5513,48.9152,-16.9053,0.0,0.0001,2.4686,0.0002,6.0268,35.5854,12.0368,27.0369,35.7561
65.0,133.0,12.0165,40.6667,98.6987,232.9112,0.0235,0.0003,99.3204,217.5514,48.9152,-16.9053,0.0,0.0001,2.4651,-0.0008,6.036,35.5786,11.9991,27.0388,35.7596
66.0,135.0,11.9599,40.6034,66.0347,233.1145,0.0228,0.0003,99.3204,217.5514,48.9152,-16.9053,0.0,0.0001,2.4656,0.0,6.0339,35.5695,11.9423,27.0427,35.7659
67.0,137.0,11.9724,40.6194,95.5332,233.2834,0.0256,0.0003,99.3108,217.5515,48.9152,-16.9052,0.0,0.0001,2.4676,-0.0001,6.0343,35.5725,11.9545,27.0427,35.7654
68.0,139.0,11.9562,40.6014,92.4787,233.9826,0.0257,0.0003,99.3264,217.5515,48.9152,-16.9052,0.0,0.0001,2.4664,0.0018,6.0362,35.5695,11.9381,27.0435,35.7669
69.0,141.0,11.9484,40.5964,82.2771,233.4109,0.0255,0.0003,99.2167,217.5516,48.9152,-16.9052,0.0,0.0001,2.4662,-0.0003,6.0377,35.571,11.9299,27.0462,35.7699
70.0,143.0,11.9465,40.595,93.2693,233.1011,0.0235,0.0003,99.3131,217.5516,48.9152,-16.9052,0.0,0.0001,2.4654,-0.0008,6.0379,35.5709,11.9278,27.0466,35.7703
71.0,145.0,11.9104,40.5571,98.71,232.6518,0.0259,0.0003,99.3204,217.5517,48.9152,-16.9052,0.0,0.0001,2.4596,-0.0005,6.0398,35.5671,11.8915,27.0506,35.7758
72.0,147.0,11.9097,40.5574,78.248,233.2195,0.0255,0.0003,99.2975,217.5517,48.9153,-16.9052,0.0,0.0001,2.4616,0.0002,6.0421,35.5672,11.8905,27.0509,35.7761
73.0,149.0,11.8814,40.5284,85.3561,232.5204,0.0264,0.0003,99.3204,217.5518,48.9153,-16.9051,0.0,0.0001,2.4585,-0.0016,6.0448,35.5648,11.862,27.0544,35.7809
74.0,151.0,11.8771,40.5261,91.1376,232.9934,0.0304,0.0003,99.3289,217.5518,48.9153,-16.9051,0.0,0.0001,2.4584,0.0001,6.0444,35.5656,11.8574,27.056,35.7826
75.0,153.0,11.8781,40.5265,98.705,233.1181,0.0274,0.0003,99.3104,217.5519,48.9153,-16.9051,0.0,0.0001,2.4593,-0.0004,6.048,35.5648,11.8583,27.0551,35.7817
76.0,155.0,11.8388,40.4839,93.5958,232.5714,0.031,0.0003,99.2951,217.5519,48.9153,-16.9051,0.0,0.0001,2.454,-0.001,6.0514,35.5593,11.8187,27.0584,35.7866
77.0,157.0,11.8351,40.4822,88.4867,232.9753,0.0283,0.0003,99.2953,217.552,48.9153,-16.9051,0.0,0.0001,2.4553,-0.0002,6.0514,35.5603,11.8147,27.06,35.7884
78.0,159.0,11.8304,40.4786,96.0019,232.6189,0.0285,0.0003,99.2654,217.552,48.9153,-16.9051,0.0,0.0001,2.4534,-0.0007,6.0513,35.5606,11.8098,27.0611,35.7897
79.0,161.0,11.8296,40.4809,98.7025,232.1132,0.0275,0.0003,99.2819,217.5521,48.9154,-16.9051,0.0,0.0001,2.4478,-0.0007,6.0534,35.5623,11.8086,27.0627,35.7912
80.0,163.0,11.8209,40.4723,85.871,232.1999,0.0249,0.0003,99.2706,217.5521,48.9153,-16.9051,0.0,0.0001,2.4464,-0.0001,6.0538,35.5616,11.7998,27.0639,35.7928
81.0,165.0,11.7955,40.4448,93.1995,232.3001,0.0303,0.0003,99.2915,217.5522,48.9153,-16.9051,0.0,0.0001,2.446,-0.0002,6.0577,35.558,11.7741,27.0659,35.7959
82.0,167.0,11.7895,40.4387,94.6179,232.3907,0.0276,0.0003,99.288,217.5523,48.9154,-16.9051,0.0,0.0001,2.4462,0.0,6.0577,35.5567,11.7678,27.0661,35.7964
83.0,169.0,11.7819,40.431,69.0569,233.0192,0.0286,0.0003,99.2915,217.5524,48.9154,-16.905,0.0,0.0001,2.4474,0.0011,6.0593,35.5553,11.76,27.0665,35.7971
84.0,171.0,11.7708,40.4204,86.0806,232.7572,0.0282,0.0003,99.2306,217.5524,48.9154,-16.905,0.0,0.0001,2.447,0.0001,6.0592,35.5547,11.7486,27.0682,35.7993
85.0,173.0,11.7732,40.4251,93.7168,232.4679,0.028,0.0003,99.2612,217.5524,48.9154,-16.905,0.0,0.0001,2.4461,-0.0005,6.0599,35.5565,11.7508,27.0692,35.8002
86.0,175.0,11.7673,40.4222,98.695,232.3538,0.0263,0.0003,99.2693,217.5525,48.9154,-16.905,0.0,0.0001,2.4427,-0.0002,6.0625,35.5583,11.7447,27.0717,35.8029
87.0,177.0,11.7442,40.3972,83.8785,232.9835,0.0254,0.0003,99.252,217.5525,48.9154,-16.905,0.0,0.0001,2.4459,0.0005,6.063,35.5548,11.7213,27.0735,35.8056
88.0,179.0,11.7628,40.4184,95.1169,232.8622,0.0267,0.0003,99.236,217.5526,48.9154,-16.905,0.0,0.0001,2.4454,-0.0002,6.0647,35.5572,11.7397,27.0718,35.8032
89.0,181.0,11.7355,40.3915,92.6981,231.9972,0.0298,0.0003,99.2587,217.5526,48.9154,-16.905,0.0,0.0001,2.4409,-0.0017,6.0657,35.5558,11.7122,27.076,35.8085
90.0,183.0,11.7276,40.3853,90.9256,232.643,0.0261,0.0003,99.2309,217.5527,48.9154,-16.905,0.0,0.0001,2.4428,-0.0003,6.065,35.5562,11.7039,27.0779,35.8107
91.0,185.0,11.724,40.3828,83.3031,232.9487,0.0241,0.0003,99.237,217.5527,48.9154,-16.905,0.0,0.0001,2.4429,0.0006,6.065,35.5566,11.7002,27.0789,35.8118
92.0,187.0,11.7265,40.389,98.7066,232.9573,0.0278,0.0003,99.2337,217.5528,48.9154,-16.905,0.0,0.0001,2.4428,0.0002,6.0658,35.5593,11.7024,27.0805,35.8134
93.0,189.0,11.7222,40.3859,90.3535,233.183,0.0266,0.0003,99.2275,217.5528,48.9155,-16.905,0.0,0.0001,2.4447,0.0001,6.0671,35.5595,11.6978,27.0816,35.8146
94.0,191.0,11.7063,40.3699,76.9789,233.0609,0.0263,0.0003,99.2249,217.5529,48.9155,-16.905,0.0,0.0001,2.4435,-0.0004,6.0689,35.5581,11.6816,27.0836,35.8173
95.0,193.0,11.6962,40.3606,89.1031,233.2986,0.0284,0.0003,99.2157,217.5529,48.9155,-16.905,0.0,0.0001,2.4432,0.0004,6.0689,35.5576,11.6712,27.0851,35.8192
96.0,195.0,11.6959,40.3615,98.71,233.3642,0.0252,0.0003,99.2157,217.553,48.9155,-16.905,0.0,0.0001,2.4446,0.0001,6.0696,35.558,11.6708,27.0855,35.8197
97.0,197.0,11.6894,40.3558,98.7038,233.6544,0.0259,0.0003,99.2025,217.553,48.9155,-16.905,0.0,0.0001,2.445,0.0003,6.0703,35.5576,11.664,27.0865,35.8209
98.0,199.0,11.6874,40.3548,98.7092,233.7831,0.0248,0.0003,99.196,217.5531,48.9155,-16.905,0.0,0.0001,2.4462,-0.0001,6.0716,35.5576,11.6618,27.087,35.8214
99.0,201.0,11.6749,40.3431,87.2178,233.255,0.0232,0.0003,99.1888,217.5532,48.9155,-16.905,0.0,0.0001,2.4432,-0.0009,6.0723,35.5571,11.6489,27.089,35.824
100.0,203.0,11.6707,40.3394,93.7455,233.3006,0.0229,0.0003,99.191,217.5532,48.9155,-16.905,0.0,0.0001,2.4422,-0.0004,6.0722,35.5568,11.6446,27.0896,35.8248
101.0,205.0,11.6677,40.3373,60.4559,232.9966,0.0223,0.0003,99.2049,217.5532,48.9155,-16.9049,0.0,0.0001,2.4386,-0.0004,6.0734,35.5567,11.6412,27.0901,35.8254
102.0,207.0,11.6651,40.3356,98.7076,233.1425,0.024,0.0003,99.1929,217.5533,48.9155,-16.9049,0.0,0.0001,2.4389,-0.0001,6.0725,35.5566,11.6384,27.0906,35.826
103.0,209.0,11.6676,40.3397,81.7506,232.3324,0.0236,0.0003,99.1959,217.5534,48.9156,-16.9049,0.0,0.0001,2.4349,-0.0016,6.0721,35.5575,11.6406,27.0908,35.8261
104.0,211.0,11.6715,40.3493,98.7047,232.8601,0.0262,0.0003,99.1762,217.5534,48.9156,-16.9049,0.0,0.0001,2.4357,-0.0003,6.0725,35.562,11.6442,27.0937,35.8288
105.0,213.0,11.6733,40.3537,89.4476,232.9259,0.0247,0.0003,99.1715,217.5534,48.9156,-16.9049,0.0,0.0001,2.4349,0.0,6.0728,35.5639,11.6459,27.0949,35.8299
106.0,215.0,11.6698,40.3511,90.4639,232.6667,0.0252,0.0003,99.1719,217.5536,48.9156,-16.9049,0.0,0.0001,2.4342,-0.0008,6.073,35.5639,11.6421,27.0955,35.8307
107.0,217.0,11.6622,40.345,93.1816,233.1406,0.0289,0.0003,99.1577,217.5535,48.9156,-16.9049,0.0,0.0001,2.4345,0.0009,6.0725,35.5643,11.6343,27.0974,35.8328
108.0,219.0,11.6591,40.3432,94.8434,232.8723,0.0253,0.0003,99.1677,217.5537,48.9156,-16.9049,0.0,0.0001,2.4331,0.0,6.0739,35.5643,11.6308,27.098,35.8336
109.0,221.0,11.6542,40.3401,94.8471,232.8629,0.0239,0.0003,99.1628,217.5537,48.9156,-16.9049,0.0,0.0001,2.4322,-0.0001,6.0747,35.5652,11.6257,27.0997,35.8355
110.0,223.0,11.65,40.337,92.3268,232.9158,0.0256,0.0003,99.1519,217.5538,48.9156,-16.9049,0.0,0.0001,2.4329,-0.0002,6.0752,35.5654,11.6213,27.1007,35.8367
111.0,225.0,11.6428,40.3309,98.6536,232.7025,0.0243,0.0003,99.1428,217.5539,48.9156,-16.9049,0.0,0.0001,2.4302,-0.0005,6.0759,35.5651,11.6138,27.1019,35.8382
112.0,227.0,11.6417,40.3306,93.6374,233.052,0.0229,0.0003,99.1449,217.5539,48.9156,-16.9049,0.0,0.0001,2.4313,0.0004,6.0759,35.5653,11.6125,27.1022,35.8386
113.0,229.0,11.6369,40.3282,90.2505,232.745,0.0206,0.0004,99.1283,217.554,48.9157,-16.9049,0.0,0.0001,2.4299,-0.0005,6.0768,35.5664,11.6074,27.1041,35.8406
114.0,231.0,11.6355,40.3274,98.5537,232.8319,0.0247,0.0004,99.1225,217.554,48.9157,-16.9049,0.0,0.0001,2.4289,-0.0001,6.0766,35.5664,11.6058,27.1043,35.8409
115.0,233.0,11.6318,40.3248,91.0976,232.7998,0.0239,0.0004,99.1052,217.5541,48.9157,-16.9049,0.0,0.0001,2.4292,-0.0006,6.0774,35.566,11.6017,27.1048,35.8416
116.0,235.0,11.629,40.3228,98.7065,233.4374,0.0259,0.0004,99.1183,217.5542,48.9157,-16.9049,0.0,0.0001,2.4308,0.001,6.0771,35.5662,11.5987,27.1055,35.8424
117.0,237.0,11.6254,40.3205,98.6989,233.2792,0.0251,0.0004,99.1183,217.5542,48.9157,-16.9049,0.0,0.0001,2.4301,0.0,6.0794,35.5664,11.5949,27.1064,35.8434
118.0,239.0,11.6092,40.3054,90.6727,233.5297,0.0247,0.0004,99.0954,217.5543,48.9157,-16.9049,0.0,0.0001,2.431,0.0003,6.0807,35.5662,11.5785,27.1093,35.847
119.0,241.0,11.6005,40.2961,98.6016,233.3878,0.0262,0.0004,99.0843,217.5544,48.9157,-16.9049,0.0,0.0001,2.4311,-0.0006,6.0822,35.5645,11.5695,27.1097,35.8478
120.0,243.0,11.5936,40.2913,98.6977,232.9583,0.0238,0.0004,99.0894,217.5544,48.9157,-16.9049,0.0,0.0001,2.4278,-0.0009,6.0821,35.5653,11.5623,27.1117,35.85
121.0,245.0,11.5918,40.2892,91.286,233.4366,0.0252,0.0004,99.0833,217.5545,48.9157,-16.9049,0.0,0.0001,2.4289,-0.0001,6.0838,35.5641,11.5603,27.1112,35.8496
122.0,247.0,11.596,40.294,98.68,233.3929,0.0291,0.0004,99.0894,217.5545,48.9157,-16.9049,0.0,0.0001,2.4277,-0.0005,6.0865,35.5642,11.5643,27.1104,35.8487
123.0,249.0,11.5474,40.2391,83.7934,234.5769,0.0258,0.0004,99.0677,217.5546,48.9158,-16.9049,0.0,0.0001,2.4333,0.0012,6.0871,35.5554,11.5154,27.1128,35.8531
124.0,251.0,11.5366,40.2264,97.1717,234.5777,0.0226,0.0004,99.0605,217.5546,48.9158,-16.9049,0.0,0.0001,2.4356,0.0002,6.0875,35.5528,11.5045,27.1128,35.8536
125.0,253.0,11.4911,40.1746,95.6057,237.585,0.0251,0.0004,99.0396,217.5547,48.9158,-16.9048,0.0,0.0001,2.4462,0.0047,6.0958,35.5441,11.4587,27.1146,35.8574
126.0,255.0,11.4871,40.1709,98.4755,236.774,0.0267,0.0004,99.0366,217.5547,48.9158,-16.9048,0.0,0.0001,2.4517,-0.0002,6.0945,35.5434,11.4545,27.1149,35.8579
127.0,257.0,11.4948,40.1795,77.4498,237.2066,0.0274,0.0004,99.0316,217.5548,48.9158,-16.9048,0.0,0.0001,2.4496,0.0013,6.0975,35.5437,11.462,27.1137,35.8564
128.0,259.0,11.4797,40.1664,73.7555,237.4508,0.0273,0.0004,99.0258,217.5549,48.9158,-16.9048,0.0,0.0001,2.454,0.0001,6.0975,35.544,11.4465,27.1168,35.8601
129.0,261.0,11.4787,40.1662,96.0784,237.6513,0.0273,0.0004,99.0297,217.5549,48.9158,-16.9048,0.0,0.0001,2.4551,0.0005,6.097,35.5442,11.4454,27.1172,35.8606
130.0,263.0,11.4766,40.1656,93.2629,237.8569,0.0253,0.0004,99.0219,217.555,48.9159,-16.9048,0.0,0.0001,2.4564,0.0,6.0987,35.5445,11.4429,27.1179,35.8614
131.0,265.0,11.4706,40.1604,96.5756,238.0467,0.0256,0.0004,99.0138,217.555,48.9159,-16.9047,0.0,0.0001,2.458,0.0,6.0981,35.5444,11.4368,27.119,35.8626
132.0,267.0,11.4683,40.159,89.7719,237.9475,0.0243,0.0004,99.0375,217.555,48.9159,-16.9048,0.0,0.0001,2.4571,0.0001,6.0979,35.5445,11.4342,27.1195,35.8633
133.0,269.0,11.473,40.1669,71.3933,237.529,0.0258,0.0004,99.0336,217.5552,48.9159,-16.9047,0.0,0.0001,2.4534,-0.0005,6.0983,35.5467,11.4385,27.1204,35.864
134.0,271.0,11.4743,40.1701,98.7062,237.3199,0.0248,0.0004,99.0272,217.5551,48.9159,-16.9047,0.0,0.0001,2.4519,-0.0004,6.0984,35.5478,11.4397,27.1211,35.8646
135.0,273.0,11.475,40.1721,98.6934,237.2639,0.0259,0.0004,99.022,217.5553,48.9159,-16.9047,0.0,0.0001,2.45,-0.0001,6.0974,35.5481,11.4401,27.1213,35.8648
136.0,275.0,11.4819,40.1829,98.7,237.1756,0.0241,0.0004,99.0347,217.5553,48.9159,-16.9047,0.0,0.0001,2.4486,0.0001,6.0981,35.5513,11.4467,27.1225,35.8657
137.0,277.0,11.4817,40.1837,98.71,237.318,0.0227,0.0004,99.0316,217.5553,48.9159,-16.9046,0.0,0.0001,2.4487,0.0002,6.0974,35.5513,11.4462,27.1226,35.8658
138.0,279.0,11.4754,40.1772,92.8872,237.3744,0.0219,0.0004,99.0223,217.5554,48.916,-16.9046,0.0,0.0001,2.4487,0.0001,6.0994,35.5503,11.4398,27.123,35.8665
139.0,281.0,11.4578,40.1554,88.3777,237.4462,0.0194,0.0004,99.0316,217.5555,48.916,-16.9046,0.0,0.0001,2.4492,-0.0006,6.1018,35.5446,11.4219,27.1219,35.8662
140.0,283.0,11.4457,40.1448,83.8683,237.6202,0.024,0.0004,99.0076,217.5555,48.916,-16.9045,0.0,0.0001,2.4497,-0.0001,6.1013,35.5449,11.4096,27.1244,35.8692
141.0,285.0,11.445,40.1447,98.6917,236.9694,0.0218,0.0004,99.0254,217.5556,48.916,-16.9045,0.0,0.0001,2.4466,-0.0012,6.1015,35.5447,11.4086,27.1245,35.8693
142.0,287.0,11.4449,40.1465,98.5671,237.4088,0.0234,0.0004,99.0314,217.5557,48.9161,-16.9045,0.0,0.0001,2.446,0.0001,6.1022,35.5455,11.4082,27.1251,35.87
143.0,289.0,11.4444,40.1469,60.1673,236.7186,0.0235,0.0004,99.0404,217.5557,48.9161,-16.9044,0.0,0.0001,2.4428,-0.0013,6.1028,35.5456,11.4075,27.1254,35.8702
144.0,291.0,11.4398,40.1437,94.5342,236.7529,0.0257,0.0004,99.0201,217.5558,48.9161,-16.9044,0.0,0.0001,2.4411,-0.0006,6.1031,35.5458,11.4025,27.1265,35.8715
145.0,293.0,11.439,40.1443,91.6138,236.6479,0.0222,0.0004,99.0281,217.5558,48.9161,-16.9044,0.0,0.0001,2.4384,0.0,6.1034,35.5464,11.4016,27.1271,35.8721
146.0,295.0,11.44,40.1473,98.71,236.2773,0.0204,0.0004,99.033,217.5559,48.9161,-16.9044,0.0,0.0001,2.4369,-0.0008,6.1016,35.5474,11.4023,27.1278,35.8728
147.0,297.0,11.4505,40.1617,84.3425,235.7742,0.0246,0.0004,99.0289,217.5559,48.9161,-16.9044,0.0,0.0001,2.4331,-0.0007,6.0993,35.5508,11.4125,27.1285,35.873
148.0,299.0,11.4724,40.1904,97.4032,235.0107,0.0206,0.0004,99.022,217.556,48.9161,-16.9043,0.0,0.0001,2.428,-0.0012,6.0984,35.5571,11.4341,27.1294,35.873
149.0,301.0,11.4697,40.1877,98.68,234.6983,0.0199,0.0004,99.0001,217.556,48.9161,-16.9043,0.0,0.0001,2.4242,-0.001,6.0985,35.5564,11.4312,27.1294,35.8731
150.0,303.0,11.4705,40.1908,86.1465,234.2972,0.0211,0.0004,99.0184,217.5561,48.9161,-16.9043,0.0,0.0001,2.4208,-0.0011,6.0986,35.5577,11.4317,27.1303,35.874
151.0,305.0,11.4693,40.1909,93.837,234.4226,0.0225,0.0004,99.0319,217.5561,48.9162,-16.9043,0.0,0.0001,2.4182,-0.0002,6.1,35.558,11.4303,27.1308,35.8745
152.0,307.0,11.4588,40.1804,98.7046,233.4155,0.022,0.0004,99.0316,217.5562,48.9162,-16.9042,0.0,0.0001,2.4142,-0.0021,6.101,35.5569,11.4196,27.1319,35.8761
153.0,309.0,11.4466,40.1678,98.6997,234.442,0.022,0.0004,99.0401,217.5562,48.9162,-16.9042,0.0,0.0001,2.416,0.0003,6.1023,35.5551,11.407,27.1329,35.8776
154.0,311.0,11.4422,40.163,98.71,234.1341,0.0229,0.0004,99.0515,217.5563,48.9162,-16.9042,0.0,0.0001,2.4139,-0.0005,6.1033,35.5538,11.4024,27.1327,35.8777
155.0,313.0,11.4314,40.1522,59.9161,234.3578,0.0194,0.0004,99.046,217.5563,48.9162,-16.9042,0.0,0.0001,2.4139,-0.0001,6.1047,35.5525,11.3914,27.1338,35.8792
156.0,315.0,11.4248,40.1455,96.3986,234.3573,0.022,0.0004,99.0316,217.5563,48.9162,-16.9042,0.0,0.0001,2.4136,-0.0001,6.1054,35.5515,11.3845,27.1343,35.8799
157.0,317.0,11.4199,40.1411,98.7003,234.8311,0.0244,0.0004,99.0416,217.5564,48.9162,-16.9041,0.0,0.0001,2.4157,0.0006,6.1054,35.5509,11.3794,27.1348,35.8807
158.0,319.0,11.4199,40.1423,98.2798,234.9731,0.0214,0.0004,99.0345,217.5564,48.9162,-16.9041,0.0,0.0001,2.4169,0.0002,6.1058,35.5513,11.3791,27.1351,35.881
159.0,321.0,11.4159,40.1396,98.71,234.7498,0.0229,0.0004,99.0526,217.5565,48.9163,-16.9041,0.0,0.0001,2.4162,-0.0003,6.1061,35.5514,11.3749,27.136,35.8821
160.0,323.0,11.4148,40.1401,98.7,234.6504,0.0216,0.0004,99.0359,217.5565,48.9163,-16.9041,0.0,0.0001,2.4142,-0.0003,6.106,35.5521,11.3735,27.1368,35.8829
161.0,325.0,11.4137,40.1397,88.3777,234.7543,0.023,0.0004,99.0569,217.5566,48.9163,-16.9041,0.0,0.0001,2.4146,-0.0002,6.1068,35.5519,11.3722,27.1369,35.883
162.0,327.0,11.4048,40.1316,98.6912,234.9413,0.0224,0.0004,99.047,217.5566,48.9163,-16.904,0.0,0.0001,2.414,0.0002,6.1081,35.5516,11.3631,27.1383,35.8849
163.0,329.0,11.3977,40.1249,98.71,235.2024,0.022,0.0004,99.0415,217.5566,48.9163,-16.904,0.0,0.0001,2.4151,0.0005,6.1081,35.5507,11.3557,27.139,35.8859
164.0,331.0,11.397,40.125,84.7472,235.5363,0.0187,0.0004,99.0394,217.5567,48.9163,-16.904,0.0,0.0001,2.4172,0.0005,6.1088,35.5508,11.3548,27.1392,35.8861
165.0,333.0,11.3923,40.1205,98.695,235.6351,0.0205,0.0004,99.0605,217.5567,48.9163,-16.904,0.0,0.0001,2.418,0.0,6.1096,35.5501,11.3498,27.1396,35.8867
166.0,335.0,11.3877,40.1167,98.5571,235.1352,0.0198,0.0004,99.0509,217.5568,48.9163,-16.9039,0.0,0.0001,2.4169,-0.0009,6.1095,35.5496,11.3449,27.1401,35.8874
167.0,337.0,11.3883,40.1182,82.6318,235.3655,0.0221,0.0004,99.0511,217.5568,48.9164,-16.9039,0.0,0.0001,2.4158,-0.0001,6.11,35.5498,11.3453,27.1402,35.8875
168.0,339.0,11.3839,40.1143,98.0856,234.6721,0.0216,0.0004,99.0316,217.5569,48.9164,-16.9039,0.0,0.0001,2.4128,-0.0016,6.1127,35.5493,11.3407,27.1407,35.8882
169.0,341.0,11.3738,40.1041,93.8003,235.2038,0.0199,0.0004,99.0482,217.5569,48.9164,-16.9039,0.0,0.0001,2.413,-0.0004,6.1122,35.5478,11.3303,27.1414,35.8894
170.0,343.0,11.3717,40.101,75.2072,235.9052,0.0192,0.0004,99.0569,217.5569,48.9164,-16.9039,0.0,0.0001,2.4167,0.0007,6.1121,35.5477,11.328,27.1418,35.8898
171.0,345.0,11.366,40.0959,98.6974,235.7153,0.0243,0.0004,99.0548,217.557,48.9164,-16.9038,0.0,0.0001,2.4173,0.0,6.1133,35.5456,11.322,27.1413,35.8896
172.0,347.0,11.3604,40.0924,98.7503,236.1396,0.021,0.0004,99.0526,217.557,48.9164,-16.9038,0.0,0.0001,2.4179,0.0003,6.1133,35.5464,11.3161,27.143,35.8915
173.0,349.0,11.3603,40.0928,98.7025,236.0952,0.0201,0.0004,99.0637,217.5571,48.9164,-16.9038,0.0,0.0001,2.4175,-0.0001,6.114,35.5464,11.3159,27.143,35.8916
174.0,351.0,11.3523,40.085,98.71,235.9663,0.0208,0.0004,99.0412,217.5571,48.9165,-16.9038,0.0,0.0001,2.4162,-0.0003,6.1145,35.5454,11.3076,27.1438,35.8927
175.0,353.0,11.353,40.0868,91.7166,236.0769,0.0189,0.0004,99.0469,217.5572,48.9165,-16.9038,0.0,0.0001,2.4164,-0.0002,6.1147,35.5454,11.308,27.1438,35.8926
176.0,355.0,11.354,40.0884,98.69,235.5001,0.0221,0.0004,98.9992,217.5572,48.9165,-16.9037,0.0,0.0001,2.4133,-0.0013,6.115,35.5454,11.3088,27.1436,35.8924
177.0,357.0,11.3425,40.0776,98.7032,235.9394,0.0206,0.0004,99.0605,217.5572,48.9165,-16.9037,0.0,0.0001,2.4138,0.0,6.1152,35.5448,11.2971,27.1453,35.8946
178.0,359.0,11.3437,40.0798,88.7587,236.0445,0.0188,0.0004,99.0552,217.5573,48.9165,-16.9037,0.0,0.0001,2.4144,-0.0002,6.1163,35.5449,11.298,27.1452,35.8945
179.0,361.0,11.3293,40.0644,98.7,236.2034,0.02,0.0004,99.0543,217.5574,48.9165,-16.9037,0.0,0.0001,2.4155,0.0003,6.1177,35.5424,11.2833,27.146,35.8959
180.0,363.0,11.3268,40.0624,92.5639,236.7,0.0213,0.0004,99.0585,217.5574,48.9165,-16.9037,0.0,0.0001,2.4166,0.0005,6.1188,35.5419,11.2806,27.1461,35.8961
181.0,365.0,11.3131,40.0479,98.71,236.3192,0.0235,0.0004,99.0116,217.5575,48.9166,-16.9036,0.0,0.0001,2.4166,-0.0013,6.1219,35.5396,11.2666,27.1469,35.8975
182.0,367.0,11.3015,40.0351,89.6383,237.1127,0.0226,0.0004,99.0633,217.5575,48.9166,-16.9036,0.0,0.0001,2.418,0.0006,6.121,35.5375,11.2549,27.1474,35.8985
183.0,369.0,11.3007,40.0349,11.7107,237.9853,0.0188,0.0004,99.0605,217.5576,48.9166,-16.9036,0.0,0.0001,2.421,0.0017,6.1243,35.5372,11.2538,27.1474,35.8986
184.0,371.0,11.2835,40.0157,95.4301,238.0954,0.0209,0.0004,99.0585,217.5576,48.9166,-16.9035,0.0,0.0001,2.424,0.0004,6.1245,35.5337,11.2363,27.1479,35.8998
185.0,373.0,11.2776,40.0096,98.6914,238.2846,0.0249,0.0004,99.0719,217.5576,48.9166,-16.9035,0.0,0.0001,2.4261,0.0005,6.1247,35.5326,11.2303,27.1482,35.9004
186.0,375.0,11.2666,39.9987,98.5875,238.6919,0.0236,0.0004,99.0605,217.5577,48.9166,-16.9035,0.0,0.0001,2.4267,0.0007,6.1268,35.5312,11.2189,27.1492,35.9019
187.0,377.0,11.2642,39.9964,87.699,238.4049,0.0219,0.0004,99.0514,217.5578,48.9166,-16.9035,0.0,0.0001,2.4264,0.0,6.1265,35.5307,11.2164,27.1493,35.902
188.0,379.0,11.2559,39.989,93.0731,238.4179,0.0199,0.0004,99.0836,217.5578,48.9166,-16.9035,0.0,0.0001,2.4255,-0.0002,6.1274,35.5303,11.2078,27.1505,35.9036
189.0,381.0,11.2564,39.9904,98.6381,238.6083,0.0196,0.0004,99.0787,217.5579,48.9167,-16.9034,0.0,0.0001,2.4262,0.0001,6.1288,35.5302,11.208,27.1504,35.9035
190.0,383.0,11.2492,39.9831,84.766,238.7345,0.0191,0.0004,99.0787,217.5579,48.9167,-16.9034,0.0,0.0001,2.4261,0.0,6.1307,35.5292,11.2007,27.151,35.9044
191.0,385.0,11.2383,39.9722,70.894,238.2145,0.0239,0.0004,99.0825,217.5579,48.9167,-16.9034,0.0,0.0001,2.4237,-0.001,6.1303,35.5279,11.1896,27.1521,35.9059
192.0,387.0,11.2328,39.9672,57.0219,238.4523,0.0224,0.0004,99.0812,217.558,48.9167,-16.9034,0.0,0.0001,2.4231,-0.0003,6.1317,35.5272,11.1837,27.1526,35.9067
193.0,389.0,11.2272,39.9619,96.1312,237.8609,0.02,0.0004,99.0689,217.558,48.9167,-16.9034,0.0,0.0001,2.4191,-0.001,6.1327,35.5265,11.1779,27.1531,35.9075
194.0,391.0,11.2206,39.9551,97.9844,238.0143,0.0189,0.0004,99.0749,217.5581,48.9167,-16.9034,0.0,0.0001,2.4176,-0.0004,6.1334,35.5254,11.1711,27.1535,35.9081
195.0,393.0,11.2132,39.9485,98.7082,237.865,0.0188,0.0004,99.0894,217.5581,48.9167,-16.9033,0.0,0.0001,2.417,-0.0005,6.1332,35.525,11.1634,27.1546,35.9096
196.0,395.0,11.2138,39.9503,98.6981,238.3854,0.0223,0.0004,99.0833,217.5581,48.9168,-16.9033,0.0,0.0001,2.4184,0.0004,6.134,35.5252,11.1638,27.1547,35.9097
197.0,397.0,11.2096,39.9469,58.1547,237.7852,0.02,0.0004,99.0781,217.5582,48.9168,-16.9033,0.0,0.0001,2.4164,-0.0011,6.1352,35.5249,11.1593,27.1553,35.9105
198.0,399.0,11.2008,39.9385,81.8272,237.5634,0.0175,0.0004,99.1017,217.5582,48.9168,-16.9033,0.0,0.0001,2.4141,-0.0011,6.1346,35.524,11.1503,27.1563,35.9118
199.0,401.0,11.2034,39.9423,98.7027,238.0223,0.0219,0.0004,99.0913,217.5582,48.9168,-16.9033,0.0,0.0001,2.4141,0.0001,6.136,35.5246,11.1526,27.1563,35.9117
200.0,403.0,11.1952,39.9345,98.705,237.3921,0.0211,0.0004,99.0983,217.5583,48.9168,-16.9033,0.0,0.0001,2.4124,-0.0015,6.1374,35.5238,11.1442,27.1572,35.913
201.0,405.0,11.1879,39.9279,62.9224,237.3041,0.0203,0.0004,99.1011,217.5583,48.9168,-16.9033,0.0,0.0001,2.4099,-0.0011,6.1384,35.5233,11.1367,27.1582,35.9143
202.0,407.0,11.1784,39.9185,85.6145,237.9531,0.0193,0.0004,99.1049,217.5583,48.9168,-16.9033,0.0,0.0001,2.4107,0.0005,6.1371,35.5223,11.127,27.1592,35.9157
203.0,409.0,11.1798,39.9209,98.6915,238.2104,0.0221,0.0004,99.1046,217.5583,48.9168,-16.9033,0.0,0.0001,2.4115,0.0003,6.1387,35.5225,11.1281,27.1592,35.9156
204.0,411.0,11.1708,39.9129,98.71,237.725,0.0225,0.0004,99.1063,217.5584,48.9168,-16.9033,0.0,0.0001,2.4105,-0.0007,6.1392,35.5223,11.1188,27.1607,35.9175
205.0,413.0,11.1696,39.9134,81.3706,237.4711,0.0207,0.0004,99.1147,217.5584,48.9168,-16.9033,0.0,0.0001,2.4078,-0.001,6.1392,35.5229,11.1173,27.1614,35.9183
206.0,415.0,11.1719,39.9175,72.6595,237.2083,0.0182,0.0004,99.1052,217.5584,48.9168,-16.9033,0.0,0.0001,2.4054,-0.0011,6.139,35.524,11.1194,27.1619,35.9187
207.0,417.0,11.1705,39.9169,86.8466,237.6517,0.0219,0.0004,99.107,217.5585,48.9169,-16.9033,0.0,0.0001,2.4065,0.0,6.1393,35.5237,11.1177,27.162,35.9189
208.0,419.0,11.1708,39.9175,98.701,237.0117,0.0176,0.0004,99.0909,217.5585,48.9169,-16.9033,0.0,0.0001,2.4043,-0.0013,6.1396,35.5234,11.1178,27.1617,35.9186
209.0,421.0,11.1673,39.9161,80.296,236.8207,0.018,0.0004,99.1059,217.5585,48.9169,-16.9033,0.0,0.0001,2.4021,-0.0013,6.1397,35.5245,11.1141,27.1633,35.9202
210.0,423.0,11.1665,39.9166,98.705,236.9178,0.0178,0.0004,99.107,217.5586,48.9169,-16.9033,0.0,0.0001,2.4015,-0.0008,6.1398,35.525,11.1131,27.1639,35.9209
211.0,425.0,11.1662,39.9174,98.695,236.6922,0.0201,0.0004,99.1069,217.5586,48.9169,-16.9033,0.0,0.0001,2.3994,-0.0009,6.1397,35.5252,11.1125,27.1641,35.9211
212.0,427.0,11.1668,39.9186,98.6987,236.791,0.0217,0.0004,99.0988,217.5586,48.9169,-16.9032,0.0,0.0001,2.3984,-0.0005,6.1399,35.5248,11.1128,27.1638,35.9208
213.0,429.0,11.164,39.9175,98.6929,236.5868,0.0199,0.0004,99.0979,217.5587,48.9169,-16.9032,0.0,0.0001,2.3956,-0.0005,6.1405,35.5253,11.1097,27.1647,35.9219
214.0,431.0,11.1625,39.9172,98.7,236.5788,0.0165,0.0004,99.1087,217.5587,48.9169,-16.9032,0.0,0.0001,2.3956,-0.0004,6.1401,35.5257,11.108,27.1653,35.9226
215.0,433.0,11.16,39.9165,98.695,236.7355,0.0209,0.0004,99.1097,217.5587,48.9169,-16.9032,0.0,0.0001,2.3953,0.0,6.1401,35.5265,11.1052,27.1665,35.9238
216.0,435.0,11.162,39.9188,88.8448,237.0495,0.02,0.0004,99.1071,217.5588,48.9169,-16.9032,0.0,0.0001,2.3968,0.0003,6.14,35.5262,11.107,27.1659,35.9231
217.0,437.0,11.1627,39.9208,98.5921,237.3764,0.0185,0.0004,99.1065,217.5588,48.9169,-16.9032,0.0,0.0001,2.3978,0.0004,6.1409,35.5266,11.1074,27.1661,35.9234
218.0,439.0,11.1622,39.9241,98.6425,237.0714,0.0215,0.0004,99.1071,217.5588,48.9169,-16.9032,0.0,0.0001,2.398,-0.0004,6.1403,35.5293,11.1066,27.1684,35.9256
219.0,441.0,11.1537,39.9149,98.71,236.993,0.0213,0.0004,99.101,217.5589,48.9169,-16.9032,0.0,0.0001,2.3956,-0.0005,6.1403,35.5274,11.0979,27.1685,35.9261
220.0,443.0,11.1588,39.9212,90.9807,237.3233,0.0231,0.0004,99.1125,217.5589,48.917,-16.9032,0.0,0.0001,2.3977,-0.0001,6.1415,35.528,11.1027,27.1681,35.9255
221.0,445.0,11.1492,39.9108,90.2788,236.4059,0.022,0.0004,99.1093,217.559,48.917,-16.9032,0.0,0.0001,2.3929,-0.0016,6.1418,35.5261,11.0929,27.1684,35.9262
222.0,447.0,11.1429,39.9055,98.71,236.3662,0.0237,0.0004,99.11,217.559,48.9169,-16.9032,0.0,0.0001,2.3919,-0.0012,6.1415,35.5258,11.0864,27.1694,35.9275
223.0,449.0,11.1501,39.9155,98.7,236.8008,0.0228,0.0004,99.0985,217.559,48.9169,-16.9032,0.0,0.0001,2.3919,-0.0001,6.1419,35.528,11.0933,27.1698,35.9276
224.0,451.0,11.1496,39.9153,98.6136,236.9503,0.0228,0.0004,99.1062,217.559,48.917,-16.9032,0.0,0.0001,2.392,0.0002,6.1415,35.5273,11.0925,27.1694,35.9272
225.0,453.0,11.1485,39.915,83.3731,236.5878,0.0191,0.0004,99.1123,217.5591,48.917,-16.9032,0.0,0.0001,2.3905,-0.001,6.1446,35.5273,11.0912,27.1697,35.9276
226.0,455.0,11.1319,39.8983,88.5525,236.1266,0.019,0.0004,99.0985,217.5591,48.917,-16.9032,0.0,0.0001,2.3871,-0.0014,6.1445,35.5256,11.0743,27.1714,35.93
227.0,457.0,11.1276,39.8945,79.6321,236.6062,0.0217,0.0004,99.0858,217.5592,48.917,-16.9032,0.0,0.0001,2.3877,-0.0003,6.1454,35.5252,11.0698,27.172,35.9308
228.0,459.0,11.1223,39.8893,98.6971,236.6959,0.0206,0.0004,99.1024,217.5592,48.917,-16.9032,0.0,0.0001,2.3878,0.0002,6.1443,35.5242,11.0643,27.1722,35.9312
229.0,461.0,11.1182,39.8862,90.8001,237.1942,0.0209,0.0004,99.0872,217.5593,48.917,-16.9031,0.0,0.0001,2.3888,0.0005,6.1466,35.524,11.0599,27.1728,35.932
230.0,463.0,11.1148,39.883,92.8966,237.0268,0.0222,0.0004,99.1008,217.5593,48.917,-16.9031,0.0,0.0001,2.3885,0.0001,6.1469,35.5236,11.0563,27.1731,35.9325
231.0,465.0,11.1027,39.8712,96.0848,237.1901,0.0192,0.0004,99.1045,217.5594,48.917,-16.9031,0.0,0.0001,2.3895,-0.0001,6.1479,35.5224,11.044,27.1745,35.9344
232.0,467.0,11.1042,39.8733,98.6941,237.2125,0.0212,0.0004,99.0924,217.5595,48.9171,-16.9031,0.0,0.0001,2.3892,-0.0001,6.1484,35.5224,11.0452,27.1743,35.9341
233.0,469.0,11.0982,39.8682,79.3564,237.4897,0.0206,0.0004,99.1049,217.5595,48.9171,-16.903,0.0,0.0001,2.3897,0.0002,6.1491,35.522,11.0389,27.1751,35.9352
234.0,471.0,11.0954,39.8661,95.8284,237.5011,0.0207,0.0004,99.0922,217.5596,48.9171,-16.903,0.0,0.0001,2.3895,-0.0001,6.1493,35.5216,11.0359,27.1754,35.9356
235.0,473.0,11.0944,39.8661,84.1077,237.6335,0.0218,0.0004,99.0993,217.5596,48.9171,-16.903,0.0,0.0001,2.3898,0.0,6.1502,35.5219,11.0347,27.1758,35.936
236.0,475.0,11.086,39.8579,98.7044,237.3048,0.0219,0.0004,99.0923,217.5597,48.9171,-16.903,0.0,0.0001,2.389,-0.0006,6.1504,35.5208,11.026,27.1766,35.9372
237.0,477.0,11.0854,39.8584,94.6388,237.3518,0.0227,0.0004,99.0832,217.5597,48.9171,-16.903,0.0,0.0001,2.3875,-0.0003,6.1506,35.5209,11.0251,27.1768,35.9375
238.0,479.0,11.0851,39.8588,98.6875,237.5517,0.0231,0.0004,99.0854,217.5597,48.9171,-16.9029,0.0,0.0001,2.3875,0.0002,6.1508,35.5209,11.0247,27.1769,35.9376
239.0,481.0,11.0831,39.8579,98.7065,237.3671,0.0213,0.0004,99.0976,217.5598,48.9171,-16.9029,0.0,0.0001,2.3872,-0.0004,6.1512,35.5209,11.0224,27.1773,35.9381
240.0,483.0,11.0787,39.854,98.7032,236.986,0.0215,0.0004,99.099,217.5598,48.9171,-16.9029,0.0,0.0001,2.3839,-0.0008,6.1521,35.5204,11.0177,27.1777,35.9387
241.0,485.0,11.0736,39.8494,80.4243,237.0927,0.0221,0.0004,99.0962,217.5599,48.9172,-16.9029,0.0,0.0001,2.3831,-0.0004,6.1522,35.5197,11.0123,27.1782,35.9394
242.0,487.0,11.0737,39.8498,98.7054,237.4526,0.0201,0.0004,99.1005,217.5599,48.9172,-16.9029,0.0,0.0001,2.3836,0.0004,6.1523,35.5197,11.0123,27.1782,35.9394
243.0,489.0,11.0675,39.844,98.5699,236.8136,0.0214,0.0004,99.0906,217.56,48.9172,-16.9028,0.0,0.0001,2.3814,-0.0009,6.1533,35.5187,11.0058,27.1786,35.9401
244.0,491.0,11.0663,39.8439,98.705,236.4315,0.0244,0.0004,99.0927,217.56,48.9172,-16.9028,0.0,0.0001,2.3787,-0.0011,6.1535,35.5188,11.0044,27.1789,35.9405
245.0,493.0,11.0637,39.8423,86.3108,235.3695,0.0212,0.0004,99.0828,217.56,48.9172,-16.9028,0.0,0.0001,2.3722,-0.002,6.1527,35.5191,11.0015,27.1797,35.9413
246.0,495.0,11.0698,39.8526,92.8025,234.1558,0.0212,0.0004,99.081,217.5601,48.9172,-16.9028,0.0,0.0001,2.3619,-0.0024,6.1529,35.5223,11.0073,27.1811,35.9425
247.0,497.0,11.0668,39.8501,98.5462,234.247,0.0181,0.0004,99.0728,217.5601,48.9172,-16.9028,0.0,0.0001,2.3594,-0.001,6.1537,35.5217,11.0041,27.1813,35.9428
248.0,499.0,11.0615,39.8456,98.71,233.6352,0.0193,0.0004,99.0875,217.5602,48.9172,-16.9028,0.0,0.0001,2.3545,-0.0013,6.1545,35.5216,10.9986,27.1822,35.9439
249.0,501.0,11.0571,39.8413,98.695,233.2671,0.0247,0.0004,99.042,217.5602,48.9172,-16.9027,0.0,0.0001,2.3513,-0.0015,6.1552,35.5207,10.9939,27.1823,35.9443
250.0,503.0,11.0461,39.8303,76.9513,233.704,0.0195,0.0004,99.0703,217.5602,48.9172,-16.9027,0.0,0.0001,2.3507,0.0,6.1551,35.5193,10.9827,27.1833,35.9457
251.0,505.0,11.0519,39.8371,95.6475,233.7217,0.0205,0.0004,99.0669,217.5603,48.9172,-16.9027,0.0,0.0001,2.3507,-0.0003,6.1563,35.5199,10.9883,27.1828,35.9449
252.0,507.0,11.0409,39.8264,98.695,233.5798,0.0227,0.0004,99.0345,217.5603,48.9172,-16.9027,0.0,0.0001,2.3492,-0.0003,6.1563,35.5187,10.9769,27.1839,35.9466
253.0,509.0,11.0411,39.8283,79.4482,233.0464,0.0225,0.0004,99.0682,217.5603,48.9172,-16.9027,0.0,0.0001,2.3464,-0.0012,6.157,35.5193,10.9769,27.1844,35.947
254.0,511.0,11.0378,39.8253,87.7336,233.3391,0.0213,0.0004,99.0696,217.5604,48.9173,-16.9027,0.0,0.0001,2.3458,-0.0003,6.1585,35.5189,10.9733,27.1847,35.9475
255.0,513.0,11.0319,39.8194,98.6985,232.8594,0.024,0.0004,99.0605,217.5604,48.9173,-16.9027,0.0,0.0001,2.3428,-0.0009,6.1604,35.518,10.9673,27.1851,35.9481
256.0,515.0,11.0186,39.8048,98.6892,232.1704,0.0254,0.0004,99.0741,217.5605,48.9173,-16.9026,0.0,0.0001,2.3376,-0.0015,6.1618,35.5153,10.9538,27.1854,35.9491
257.0,517.0,11.0,39.7851,98.7,232.6312,0.0191,0.0004,99.0605,217.5605,48.9173,-16.9026,0.0,0.0001,2.3377,-0.0001,6.1602,35.5124,10.9349,27.1866,35.9511
258.0,519.0,11.0034,39.7899,94.7806,233.2434,0.0211,0.0004,99.0567,217.5605,48.9173,-16.9026,0.0,0.0001,2.3409,0.0003,6.1626,35.5132,10.9381,27.1867,35.951
259.0,521.0,10.9887,39.7747,98.695,231.7544,0.0213,0.0004,99.0749,217.5606,48.9173,-16.9026,0.0,0.0001,2.3347,-0.0028,6.1672,35.5112,10.9231,27.1879,35.9528
260.0,523.0,10.9687,39.7536,98.691,231.8643,0.0215,0.0004,99.0621,217.5607,48.9173,-16.9026,0.0,0.0001,2.3325,-0.0017,6.1677,35.5085,10.9029,27.1894,35.9552
261.0,525.0,10.9625,39.7477,91.5906,232.5417,0.0236,0.0004,99.0656,217.5607,48.9173,-16.9026,0.0,0.0001,2.334,0.0001,6.1663,35.5078,10.8965,27.19,35.9561
262.0,527.0,10.9619,39.7476,73.5086,231.8482,0.0233,0.0004,99.0894,217.5607,48.9173,-16.9025,0.0,0.0001,2.3288,-0.001,6.169,35.5074,10.8956,27.1898,35.956
263.0,529.0,10.951,39.7369,96.3934,232.1323,0.0221,0.0004,99.0523,217.5608,48.9173,-16.9025,0.0,0.0001,2.3287,-0.0003,6.1698,35.5062,10.8845,27.1909,35.9575
264.0,531.0,10.9452,39.7312,98.6991,232.162,0.0247,0.0004,99.0699,217.5608,48.9173,-16.9025,0.0,0.0001,2.3285,-0.0001,6.1693,35.5056,10.8786,27.1916,35.9584
265.0,533.0,10.9441,39.7318,61.7289,231.9422,0.0235,0.0004,99.0894,217.5609,48.9173,-16.9025,0.0,0.0001,2.3266,-0.0006,6.1724,35.5063,10.8772,27.1923,35.9592
266.0,535.0,10.939,39.7271,98.6877,232.0422,0.0216,0.0004,99.0836,217.5609,48.9174,-16.9025,0.0,0.0001,2.3267,-0.0004,6.1717,35.5055,10.8718,27.1927,35.9598
267.0,537.0,10.9345,39.7226,88.6331,232.2484,0.0223,0.0004,99.0741,217.5609,48.9174,-16.9025,0.0,0.0001,2.3274,-0.0001,6.1718,35.5047,10.8671,27.1929,35.9603
268.0,539.0,10.9326,39.7206,98.6917,232.2663,0.0165,0.0004,99.0831,217.561,48.9174,-16.9025,0.0,0.0001,2.3258,0.0001,6.1737,35.5036,10.8651,27.1924,35.9599
269.0,541.0,10.9141,39.7014,98.6875,232.9909,0.0171,0.0004,99.0814,217.561,48.9173,-16.9025,0.0,0.0001,2.3281,0.0011,6.1738,35.5012,10.8463,27.194,35.9622
270.0,543.0,10.9179,39.7067,98.6732,232.7248,0.0216,0.0004,99.0856,217.5611,48.9174,-16.9024,0.0,0.0001,2.3289,-0.0001,6.175,35.502,10.8498,27.1939,35.962
271.0,545.0,10.9028,39.6905,98.7042,233.1115,0.02,0.0004,99.0756,217.5611,48.9174,-16.9024,0.0,0.0001,2.3288,0.0005,6.1777,35.4995,10.8346,27.1948,35.9635
272.0,547.0,10.8925,39.6789,98.6951,233.1587,0.0205,0.0004,99.0894,217.5611,48.9174,-16.9024,0.0,0.0001,2.3297,0.0001,6.1781,35.4971,10.8241,27.1948,35.964
273.0,549.0,10.882,39.6688,83.8035,233.1774,0.0222,0.0004,99.0877,217.5612,48.9174,-16.9024,0.0,0.0001,2.3298,0.0001,6.1782,35.496,10.8132,27.1959,35.9655
274.0,551.0,10.8857,39.6737,97.9565,233.1606,0.0225,0.0004,99.084,217.5612,48.9174,-16.9024,0.0,0.0001,2.3297,-0.0002,6.1792,35.4967,10.8167,27.1958,35.9653
275.0,553.0,10.8773,39.6655,98.68,232.7012,0.0237,0.0004,99.0894,217.5613,48.9174,-16.9024,0.0,0.0001,2.3271,-0.0009,6.1786,35.4956,10.8081,27.1965,35.9664
276.0,555.0,10.8788,39.67,98.6936,232.8576,0.0218,0.0004,99.0967,217.5613,48.9174,-16.9024,0.0,0.0001,2.3264,-0.0003,6.179,35.4976,10.8093,27.1978,35.9677
277.0,557.0,10.8787,39.6702,90.5682,232.6499,0.0192,0.0004,99.0866,217.5613,48.9174,-16.9024,0.0,0.0001,2.3253,-0.0005,6.1796,35.4971,10.8089,27.1975,35.9674
278.0,559.0,10.8737,39.666,88.0029,232.3737,0.027,0.0004,99.0894,217.5614,48.9174,-16.9023,0.0,0.0001,2.3227,-0.0008,6.1794,35.4969,10.8038,27.1983,35.9684
279.0,561.0,10.874,39.6688,94.4834,232.5503,0.0225,0.0004,99.1063,217.5614,48.9174,-16.9023,0.0,0.0001,2.3224,-0.0002,6.1795,35.4984,10.8038,27.1995,35.9695
280.0,563.0,10.8747,39.6703,92.4096,232.6806,0.0233,0.0004,99.091,217.5614,48.9174,-16.9023,0.0,0.0001,2.322,-0.0001,6.1812,35.4984,10.8042,27.1994,35.9694
281.0,565.0,10.8629,39.6581,98.6929,231.7921,0.0223,0.0004,99.0894,217.5615,48.9174,-16.9023,0.0,0.0001,2.3191,-0.0019,6.1824,35.4967,10.7923,27.2002,35.9708
282.0,567.0,10.8524,39.6473,98.6957,232.0377,0.0223,0.0004,99.0894,217.5615,48.9174,-16.9023,0.0,0.0001,2.3184,-0.0008,6.1819,35.4952,10.7815,27.201,35.972
283.0,569.0,10.8521,39.6485,98.6902,232.8301,0.0204,0.0004,99.0867,217.5615,48.9174,-16.9023,0.0,0.0001,2.3203,0.0004,6.1824,35.4957,10.7809,27.2015,35.9725
284.0,571.0,10.8558,39.6532,80.1972,231.8798,0.0194,0.0004,99.1079,217.5616,48.9174,-16.9023,0.0,0.0001,2.3172,-0.0015,6.1845,35.4961,10.7844,27.2012,35.972
285.0,573.0,10.8407,39.6373,97.871,231.8495,0.0169,0.0004,99.1059,217.5616,48.9174,-16.9023,0.0,0.0001,2.315,-0.0009,6.1832,35.4939,10.7691,27.2022,35.9737
286.0,575.0,10.8397,39.6373,97.3014,232.1279,0.0198,0.0004,99.0944,217.5616,48.9174,-16.9023,0.0,0.0001,2.3147,-0.0003,6.1849,35.4938,10.7679,27.2024,35.9739
287.0,577.0,10.8401,39.6384,98.7037,232.4151,0.0213,0.0004,99.1132,217.5617,48.9175,-16.9023,0.0,0.0001,2.3146,0.0003,6.1857,35.4938,10.768,27.2024,35.9739
288.0,579.0,10.83,39.6284,83.0328,232.3843,0.0208,0.0004,99.1026,217.5617,48.9175,-16.9023,0.0,0.0001,2.3149,0.0,6.1852,35.4927,10.7577,27.2034,35.9754
289.0,581.0,10.8296,39.6292,93.4447,232.2423,0.021,0.0004,99.1044,217.5617,48.9175,-16.9023,0.0,0.0001,2.3142,-0.0003,6.1863,35.4931,10.757,27.2038,35.9758
290.0,583.0,10.8238,39.625,98.68,231.5833,0.0193,0.0004,99.1002,217.5618,48.9175,-16.9023,0.0,0.0001,2.3101,-0.0015,6.187,35.4932,10.7509,27.205,35.9772
291.0,585.0,10.8203,39.6224,98.6909,231.6167,0.0199,0.0004,99.1059,217.5618,48.9175,-16.9023,0.0,0.0001,2.3101,-0.0011,6.1865,35.4933,10.7473,27.2057,35.9781
292.0,587.0,10.8211,39.6244,98.6866,232.1237,0.0208,0.0004,99.1124,217.5618,48.9175,-16.9023,0.0,0.0001,2.3106,0.0,6.1871,35.4936,10.7477,27.2058,35.9782
293.0,589.0,10.8188,39.6214,98.71,231.7216,0.022,0.0004,99.1053,217.5619,48.9175,-16.9022,0.0,0.0001,2.3088,-0.0008,6.1881,35.492,10.7452,27.205,35.9776
294.0,591.0,10.8108,39.6171,98.7006,231.3149,0.0241,0.0004,99.1136,217.5619,48.9175,-16.9022,0.0,0.0001,2.3067,-0.0013,6.188,35.4947,10.737,27.2086,35.9814
295.0,593.0,10.8098,39.618,89.7841,231.4886,0.0217,0.0004,99.1124,217.5619,48.9175,-16.9022,0.0,0.0001,2.3067,-0.0005,6.1879,35.4955,10.7357,27.2094,35.9823
296.0,595.0,10.8122,39.6205,93.4296,231.9437,0.0183,0.0004,99.1086,217.562,48.9175,-16.9022,0.0,0.0001,2.3066,0.0002,6.1886,35.495,10.7379,27.2087,35.9814
297.0,597.0,10.8052,39.6156,98.69,231.2575,0.0178,0.0004,99.1038,217.562,48.9175,-16.9022,0.0,0.0001,2.304,-0.0011,6.1897,35.4957,10.7307,27.2105,35.9836
298.0,599.0,10.8002,39.6113,89.0084,230.949,0.0222,0.0004,99.1077,217.562,48.9175,-16.9022,0.0,0.0001,2.301,-0.0012,6.1897,35.4952,10.7254,27.2111,35.9844
299.0,601.0,10.794,39.6051,98.68,231.5867,0.0219,0.0004,99.1125,217.5621,48.9175,-16.9022,0.0,0.0001,2.3016,0.0004,6.1899,35.4941,10.719,27.2114,35.985
300.0,603.0,10.7994,39.6119,98.6929,230.9103,0.019,0.0004,99.1035,217.5621,48.9175,-16.9022,0.0,0.0001,2.299,-0.0009,6.1914,35.4952,10.7241,27.2113,35.9846
301.0,605.0,10.7887,39.6005,98.6932,230.8382,0.0183,0.0004,99.1124,217.5621,48.9175,-16.9022,0.0,0.0001,2.2967,-0.0006,6.1923,35.4932,10.7132,27.2117,35.9856
302.0,607.0,10.7796,39.593,87.7879,231.3463,0.02,0.0004,99.1149,217.5622,48.9175,-16.9022,0.0,0.0001,2.2973,0.0004,6.193,35.4935,10.7039,27.2136,35.9878
303.0,609.0,10.7717,39.5863,98.5811,231.245,0.0226,0.0004,99.1033,217.5622,48.9176,-16.9022,0.0,0.0001,2.2975,-0.0002,6.1937,35.4933,10.6957,27.2149,35.9895
304.0,611.0,10.7753,39.5904,98.6921,230.952,0.0236,0.0004,99.1091,217.5622,48.9176,-16.9022,0.0,0.0001,2.2956,-0.0007,6.1945,35.4931,10.6991,27.2142,35.9886
305.0,613.0,10.7627,39.5791,98.6931,231.1542,0.0239,0.0004,99.1087,217.5623,48.9176,-16.9022,0.0,0.0001,2.2956,-0.0002,6.1944,35.493,10.6863,27.2164,35.9914
306.0,615.0,10.7603,39.5777,88.7224,231.5074,0.0188,0.0004,99.1068,217.5623,48.9176,-16.9022,0.0,0.0001,2.2966,0.0003,6.1947,35.493,10.6836,27.2169,35.9919
307.0,617.0,10.7638,39.5814,94.7276,231.1413,0.0198,0.0004,99.1176,217.5623,48.9176,-16.9022,0.0,0.0001,2.2955,-0.0005,6.1952,35.4926,10.6869,27.216,35.9909
308.0,619.0,10.7576,39.5763,98.6866,231.2629,0.0169,0.0004,99.1167,217.5624,48.9176,-16.9022,0.0,0.0001,2.2951,-0.0003,6.1965,35.4928,10.6805,27.2173,35.9925
309.0,621.0,10.7561,39.5753,80.5236,230.7136,0.0189,0.0004,99.1183,217.5624,48.9176,-16.9022,0.0,0.0001,2.2918,-0.0013,6.1978,35.4925,10.6788,27.2174,35.9926
310.0,623.0,10.7417,39.5614,92.1655,231.0654,0.0222,0.0004,99.1052,217.5624,48.9176,-16.9022,0.0,0.0001,2.2918,-0.0003,6.1974,35.4913,10.664,27.219,35.9949
311.0,625.0,10.7362,39.5564,98.6904,231.059,0.0203,0.0004,99.1077,217.5625,48.9176,-16.9022,0.0,0.0001,2.2916,-0.0003,6.198,35.4908,10.6584,27.2197,35.9958
312.0,627.0,10.7409,39.5614,98.701,230.5569,0.0202,0.0004,99.1207,217.5625,48.9176,-16.9022,0.0,0.0001,2.2894,-0.0013,6.1993,35.4904,10.6629,27.2186,35.9945
313.0,629.0,10.7197,39.5407,83.973,231.2734,0.0167,0.0004,99.1203,217.5625,48.9176,-16.9022,0.0,0.0001,2.2901,0.0005,6.1999,35.4891,10.6415,27.2214,35.9983
314.0,631.0,10.7293,39.5512,98.218,231.3097,0.021,0.0004,99.1124,217.5626,48.9176,-16.9022,0.0,0.0001,2.2907,0.0001,6.201,35.4896,10.6507,27.2201,35.9966
315.0,633.0,10.7156,39.5374,98.7025,231.2293,0.0188,0.0004,99.1183,217.5626,48.9176,-16.9022,0.0,0.0001,2.2901,-0.0003,6.2018,35.4882,10.6368,27.2215,35.9986
316.0,635.0,10.7036,39.5262,74.7214,231.2538,0.018,0.0004,99.1183,217.5626,48.9176,-16.9022,0.0,0.0001,2.2895,-0.0003,6.2033,35.4875,10.6246,27.2232,36.0007
317.0,637.0,10.701,39.5242,98.7205,230.9927,0.0193,0.0004,99.1073,217.5627,48.9176,-16.9022,0.0,0.0001,2.2883,-0.0006,6.2031,35.4872,10.6218,27.2234,36.0011
318.0,639.0,10.698,39.5219,96.667,231.1957,0.0208,0.0004,99.1156,217.5627,48.9177,-16.9022,0.0,0.0001,2.2881,-0.0001,6.2042,35.4872,10.6186,27.224,36.0018
319.0,641.0,10.6918,39.5163,98.6924,230.7253,0.0222,0.0004,99.1152,217.5627,48.9177,-16.9022,0.0,0.0001,2.2857,-0.001,6.2047,35.4865,10.6122,27.2246,36.0027
320.0,643.0,10.6802,39.5054,98.6879,231.1317,0.0201,0.0004,99.1161,217.5628,48.9177,-16.9022,0.0,0.0001,2.2857,0.0,6.2051,35.4856,10.6003,27.226,36.0046
321.0,645.0,10.689,39.515,98.6959,231.1803,0.0197,0.0004,99.116,217.5628,48.9177,-16.9023,0.0,0.0001,2.2854,-0.0001,6.2073,35.486,10.6089,27.2248,36.003
322.0,647.0,10.6673,39.493,98.6905,230.1422,0.0206,0.0004,99.113,217.5629,48.9177,-16.9023,0.0,0.0001,2.2813,-0.0019,6.2086,35.484,10.587,27.2272,36.0063
323.0,649.0,10.6611,39.4872,58.7864,230.1085,0.0184,0.0004,99.1067,217.5629,48.9177,-16.9023,0.0,0.0001,2.2796,-0.0014,6.2085,35.4833,10.5806,27.2278,36.0072
324.0,651.0,10.6613,39.4883,97.9036,230.6395,0.0213,0.0004,99.111,217.5629,48.9177,-16.9023,0.0,0.0001,2.2795,-0.0001,6.2088,35.4833,10.5805,27.2278,36.0072
325.0,653.0,10.6538,39.4812,86.0637,229.9483,0.0253,0.0004,99.1183,217.563,48.9177,-16.9023,0.0,0.0001,2.2763,-0.0014,6.2106,35.4825,10.5727,27.2285,36.0083
326.0,655.0,10.6481,39.4763,98.5445,230.3126,0.0222,0.0004,99.1183,217.563,48.9177,-16.9023,0.0,0.0001,2.2759,-0.0003,6.2102,35.4821,10.5668,27.2293,36.0093
327.0,657.0,10.6436,39.4727,98.6955,230.386,0.0212,0.0004,99.1123,217.563,48.9177,-16.9023,0.0,0.0001,2.2759,-0.0001,6.2103,35.482,10.5621,27.23,36.0102
328.0,659.0,10.6498,39.4795,98.6894,230.1776,0.0188,0.0004,99.1183,217.5631,48.9177,-16.9023,0.0,0.0001,2.2743,-0.0006,6.2129,35.4822,10.5681,27.2291,36.0091
329.0,661.0,10.6305,39.4592,65.468,228.6966,0.0177,0.0004,99.1183,217.5631,48.9177,-16.9023,0.0,0.0001,2.2674,-0.0027,6.2141,35.4795,10.5487,27.2305,36.0113
330.0,663.0,10.6171,39.4468,98.7414,228.915,0.0189,0.0004,99.1183,217.5631,48.9177,-16.9023,0.0,0.0001,2.2663,-0.0016,6.2135,35.4791,10.535,27.2326,36.0139
331.0,665.0,10.6145,39.4451,81.7976,229.6963,0.0213,0.0004,99.1183,217.5632,48.9177,-16.9024,0.0,0.0001,2.267,0.0001,6.2148,35.4789,10.5322,27.2329,36.0144
332.0,667.0,10.6158,39.4471,94.3402,229.154,0.018,0.0004,99.115,217.5632,48.9177,-16.9024,0.0,0.0001,2.2652,-0.0009,6.2155,35.4788,10.5332,27.2327,36.0141
333.0,669.0,10.6096,39.4414,95.3329,229.0907,0.0194,0.0004,99.1152,217.5632,48.9177,-16.9024,0.0,0.0001,2.263,-0.0006,6.2168,35.4784,10.5268,27.2335,36.0152
334.0,671.0,10.6022,39.4346,98.6947,228.8746,0.0219,0.0004,99.1183,217.5633,48.9177,-16.9024,0.0,0.0001,2.2607,-0.0007,6.2172,35.4776,10.5192,27.2342,36.0163
335.0,673.0,10.6009,39.4341,98.689,228.6537,0.0198,0.0004,99.117,217.5633,48.9177,-16.9024,0.0,0.0001,2.2589,-0.0008,6.2171,35.4774,10.5176,27.2343,36.0165
336.0,675.0,10.5984,39.4325,98.6913,228.9406,0.0205,0.0004,99.1122,217.5633,48.9177,-16.9024,0.0,0.0001,2.2587,0.0,6.2173,35.4772,10.5147,27.2347,36.0169
337.0,677.0,10.599,39.4336,98.6897,228.7455,0.0211,0.0004,99.1144,217.5634,48.9177,-16.9024,0.0,0.0001,2.2574,-0.0005,6.2192,35.4774,10.5152,27.2347,36.017
338.0,679.0,10.5873,39.4218,47.23,227.8787,0.0174,0.0004,99.1183,217.5634,48.9177,-16.9024,0.0,0.0001,2.2542,-0.0018,6.2197,35.4756,10.5033,27.2354,36.0182
339.0,681.0,10.571,39.4043,90.3872,227.6657,0.0184,0.0004,99.1087,217.5634,48.9177,-16.9025,0.0,0.0001,2.252,-0.0018,6.219,35.473,10.4869,27.2363,36.0198
340.0,683.0,10.5709,39.406,97.2748,228.2929,0.0208,0.0004,99.1047,217.5635,48.9177,-16.9025,0.0,0.0001,2.2522,-0.0006,6.2214,35.4741,10.4865,27.2373,36.0208
341.0,685.0,10.5571,39.3923,98.68,224.3088,0.0219,0.0004,99.1103,217.5635,48.9177,-16.9025,0.0,0.0001,2.2367,-0.0063,6.2251,35.4724,10.4725,27.2385,36.0226
342.0,687.0,10.5467,39.3817,98.6895,224.915,0.0209,0.0004,99.1144,217.5635,48.9177,-16.9025,0.0,0.0001,2.2301,-0.0026,6.2272,35.471,10.4619,27.2393,36.0238
343.0,689.0,10.531,39.366,79.2144,224.3694,0.0209,0.0004,99.1067,217.5636,48.9177,-16.9025,0.0,0.0001,2.224,-0.0022,6.2265,35.4695,10.446,27.2408,36.0261
344.0,691.0,10.5243,39.3597,90.3352,224.8764,0.0205,0.0004,99.1033,217.5636,48.9177,-16.9026,0.0,0.0001,2.2225,-0.0004,6.2282,35.4688,10.4391,27.2416,36.0271
345.0,693.0,10.5186,39.3543,98.68,223.4235,0.0189,0.0004,99.1129,217.5637,48.9177,-16.9026,0.0,0.0001,2.2166,-0.0027,6.2315,35.4682,10.4332,27.2421,36.0279
346.0,695.0,10.4986,39.3344,98.6856,223.6971,0.0214,0.0004,99.112,217.5637,48.9177,-16.9026,0.0,0.0001,2.2146,-0.0014,6.2305,35.4664,10.413,27.2443,36.0309
347.0,697.0,10.4989,39.3357,94.8634,224.508,0.0199,0.0004,99.1098,217.5637,48.9177,-16.9026,0.0,0.0001,2.2163,0.0002,6.2305,35.4664,10.4129,27.2443,36.0309
348.0,699.0,10.502,39.3396,98.68,224.0639,0.0191,0.0004,99.0965,217.5638,48.9177,-16.9026,0.0,0.0001,2.2145,-0.0009,6.2332,35.4668,10.4159,27.2441,36.0306
349.0,701.0,10.4884,39.3263,85.6038,223.4473,0.021,0.0004,99.1183,217.5638,48.9177,-16.9027,0.0,0.0001,2.2118,-0.0017,6.2338,35.4655,10.402,27.2455,36.0327
350.0,703.0,10.4814,39.3202,93.1011,222.9439,0.0216,0.0004,99.0123,217.5638,48.9177,-16.9027,0.0,0.0001,2.2078,-0.0017,6.2325,35.4651,10.3948,27.2465,36.0339
351.0,705.0,10.4851,39.3249,97.9117,223.361,0.0209,0.0004,99.0918,217.5639,48.9177,-16.9027,0.0,0.0001,2.2064,-0.0004,6.2343,35.4656,10.3983,27.2463,36.0335
352.0,707.0,10.4747,39.3146,98.68,221.2124,0.0223,0.0004,99.1152,217.5639,48.9177,-16.9027,0.0,0.0001,2.198,-0.0037,6.2365,35.4645,10.3877,27.2473,36.035
353.0,709.0,10.4642,39.3051,81.6362,220.2393,0.0221,0.0004,99.0875,217.5639,48.9177,-16.9027,0.0,0.0001,2.1907,-0.0037,6.2358,35.4642,10.377,27.2489,36.0371
354.0,711.0,10.4604,39.302,96.1424,221.313,0.0213,0.0004,99.0982,217.564,48.9177,-16.9027,0.0,0.0001,2.1888,-0.0004,6.2371,35.4639,10.3729,27.2494,36.0378
355.0,713.0,10.4539,39.2963,98.68,220.1385,0.018,0.0004,99.0657,217.564,48.9177,-16.9027,0.0,0.0001,2.1836,-0.0022,6.239,35.4634,10.3663,27.2502,36.0388
356.0,715.0,10.4266,39.2701,98.68,220.8166,0.0197,0.0004,99.0894,217.5641,48.9176,-16.9028,0.0,0.0001,2.1814,-0.0004,6.2394,35.4622,10.3387,27.2541,36.0439
357.0,717.0,10.4267,39.2705,98.6812,220.8819,0.0215,0.0004,99.0894,217.5641,48.9176,-16.9028,0.0,0.0001,2.1831,-0.0003,6.2411,35.462,10.3387,27.254,36.0437
358.0,719.0,10.4269,39.271,98.68,219.6887,0.0215,0.0004,99.0768,217.5642,48.9176,-16.9028,0.0,0.0001,2.1769,-0.002,6.2448,35.4615,10.3387,27.2536,36.0434
359.0,721.0,10.4084,39.2537,80.7141,219.1507,0.0215,0.0004,99.099,217.5642,48.9176,-16.9028,0.0,0.0001,2.1732,-0.0021,6.2453,35.4611,10.32,27.2565,36.0471
360.0,723.0,10.3964,39.2429,98.6154,219.6232,0.0221,0.0004,99.0869,217.5642,48.9176,-16.9028,0.0,0.0001,2.1714,-0.0004,6.2453,35.4607,10.3077,27.2584,36.0495
361.0,725.0,10.3946,39.2412,92.9852,218.7278,0.0216,0.0004,99.0858,217.5643,48.9176,-16.9028,0.0,0.0001,2.1672,-0.0017,6.2471,35.46,10.3057,27.2582,36.0494
362.0,727.0,10.375,39.2227,98.68,217.677,0.0214,0.0004,99.0894,217.5643,48.9176,-16.9028,0.0,0.0001,2.1624,-0.0027,6.2484,35.4591,10.2859,27.261,36.053
363.0,729.0,10.3713,39.22,90.2324,218.8955,0.0196,0.0004,99.0877,217.5644,48.9176,-16.9029,0.0,0.0001,2.1625,0.0,6.2498,35.4592,10.282,27.2617,36.0539
364.0,731.0,10.3619,39.2106,95.3918,218.4012,0.0198,0.0004,99.0866,217.5644,48.9176,-16.9029,0.0,0.0001,2.1605,-0.0007,6.2497,35.4581,10.2725,27.2625,36.0551
365.0,733.0,10.3617,39.2109,98.646,216.3492,0.0196,0.0004,99.0894,217.5644,48.9176,-16.9029,0.0,0.0001,2.1523,-0.0039,6.2536,35.4575,10.2719,27.2622,36.0548
366.0,735.0,10.3333,39.1829,84.1338,217.1218,0.0214,0.0004,99.071,217.5645,48.9176,-16.9029,0.0,0.0001,2.1496,-0.0012,6.2539,35.4559,10.2434,27.2659,36.0597
367.0,737.0,10.3265,39.1761,97.0802,217.2344,0.0211,0.0004,99.0807,217.5645,48.9176,-16.9029,0.0,0.0001,2.1488,-0.0005,6.2538,35.4549,10.2364,27.2663,36.0604
368.0,739.0,10.3292,39.18,98.68,215.9032,0.0147,0.0004,99.0894,217.5646,48.9176,-16.9029,0.0,0.0001,2.1426,-0.0027,6.26,35.4554,10.2389,27.2662,36.0603
369.0,741.0,10.3185,39.1704,89.5573,215.7024,0.0225,0.0004,99.062,217.5646,48.9176,-16.903,0.0,0.0001,2.1368,-0.0013,6.2593,35.4552,10.2279,27.268,36.0625
370.0,743.0,10.3029,39.1535,98.2277,215.8154,0.0204,0.0004,99.0743,217.5646,48.9176,-16.903,0.0,0.0001,2.1369,-0.0009,6.2587,35.4524,10.2122,27.2686,36.0638
371.0,745.0,10.2849,39.1359,96.8932,215.3004,0.019,0.0004,99.0698,217.5647,48.9176,-16.903,0.0,0.0001,2.1325,-0.0009,6.26,35.4511,10.1941,27.2708,36.0668
372.0,747.0,10.2784,39.1296,90.5382,214.3529,0.0185,0.0004,99.0595,217.5648,48.9176,-16.903,0.0,0.0001,2.1241,-0.0012,6.2627,35.4501,10.1873,27.2711,36.0674
373.0,749.0,10.2574,39.1069,98.5088,214.1981,0.0187,0.0004,99.0659,217.5647,48.9176,-16.903,0.0,0.0001,2.1239,-0.0014,6.2617,35.4464,10.1662,27.2719,36.0692
374.0,751.0,10.2509,39.1038,98.68,213.58,0.0203,0.0004,99.0674,217.5648,48.9176,-16.903,0.0,0.0001,2.1174,-0.0012,6.2652,35.4488,10.1594,27.275,36.0724
375.0,753.0,10.2505,39.1031,86.8459,213.4125,0.0228,0.0004,99.062,217.5649,48.9176,-16.903,0.0,0.0001,2.1146,-0.0008,6.2665,35.4477,10.1589,27.2743,36.0718
376.0,755.0,10.2487,39.1021,98.697,213.1227,0.025,0.0004,99.0716,217.5649,48.9176,-16.9031,0.0,0.0001,2.1109,-0.0009,6.2696,35.4477,10.1569,27.2746,36.0722
377.0,757.0,10.2344,39.0884,98.68,211.1323,0.0224,0.0004,99.0698,217.565,48.9176,-16.9031,0.0,0.0001,2.0996,-0.0022,6.2708,35.4465,10.1423,27.2762,36.0744
378.0,759.0,10.2104,39.0636,98.6821,211.2889,0.0234,0.0004,99.0636,217.565,48.9176,-16.9031,0.0,0.0001,2.0962,-0.0008,6.2704,35.444,10.1182,27.2784,36.0776
379.0,761.0,10.2029,39.0572,98.68,210.3632,0.0238,0.0004,99.0605,217.5651,48.9176,-16.9031,0.0,0.0001,2.0916,-0.002,6.2728,35.4437,10.1104,27.2795,36.0791
380.0,763.0,10.1948,39.0497,97.4251,210.4695,0.0231,0.0004,99.0651,217.5652,48.9176,-16.9031,0.0,0.0001,2.0882,-0.0009,6.2737,35.4434,10.1021,27.2807,36.0806
381.0,765.0,10.1868,39.0425,87.7196,210.6525,0.0213,0.0004,99.0655,217.5651,48.9176,-16.9031,0.0,0.0001,2.0886,-0.0003,6.2725,35.443,10.094,27.2818,36.0821
382.0,767.0,10.1882,39.0448,98.68,210.3825,0.0217,0.0004,99.0502,217.5652,48.9176,-16.9031,0.0,0.0001,2.0858,-0.0004,6.274,35.4431,10.0952,27.2817,36.082
383.0,769.0,10.1753,39.0316,92.5155,210.3632,0.0208,0.0004,99.0412,217.5653,48.9176,-16.9031,0.0,0.0001,2.0851,-0.0003,6.2743,35.4411,10.082,27.2824,36.0833
384.0,771.0,10.1658,39.0221,89.573,209.8378,0.0234,0.0004,99.0627,217.5653,48.9176,-16.9031,0.0,0.0001,2.0805,-0.001,6.2831,35.4397,10.0723,27.283,36.0843
385.0,773.0,10.1437,38.9981,98.68,206.1267,0.0196,0.0004,99.0605,217.5654,48.9176,-16.9031,0.0,0.0001,2.0658,-0.0063,6.2927,35.4362,10.0501,27.2841,36.0863
386.0,775.0,10.0337,38.8792,94.2363,205.0088,0.0219,0.0004,99.0588,217.5654,48.9176,-16.9031,0.0,0.0001,2.0506,-0.0036,6.2883,35.421,9.9404,27.2911,36.0982
387.0,777.0,10.0379,38.8843,86.8687,205.3334,0.0232,0.0004,99.0592,217.5655,48.9176,-16.9031,0.0,0.0001,2.0447,-0.002,6.3017,35.4216,9.9444,27.2909,36.0978
388.0,779.0,9.9611,38.7986,98.68,200.884,0.0264,0.0004,99.0605,217.5655,48.9176,-16.9031,0.0,0.0001,2.0249,-0.0071,6.3073,35.4081,9.8678,27.2934,36.1038
389.0,781.0,9.9148,38.7478,98.632,201.9314,0.0216,0.0004,99.0714,217.5656,48.9176,-16.9031,0.0,0.0001,2.015,-0.0016,6.3104,35.4003,9.8215,27.2953,36.1077
390.0,783.0,9.9246,38.762,98.68,199.9855,0.0219,0.0004,99.0646,217.5656,48.9176,-16.9032,0.0,0.0001,2.0052,-0.0035,6.3144,35.4046,9.831,27.297,36.1089
391.0,785.0,9.9051,38.747,70.598,199.991,0.0223,0.0004,99.0605,217.5657,48.9176,-16.9032,0.0,0.0001,1.9998,-0.0017,6.3138,35.4072,9.8113,27.3024,36.1151
392.0,787.0,9.9103,38.7529,97.0449,200.8037,0.0212,0.0004,99.0639,217.5657,48.9176,-16.9032,0.0,0.0001,2.0,0.0003,6.3131,35.4075,9.8163,27.3018,36.1143
393.0,789.0,9.9127,38.7596,98.68,199.9919,0.0197,0.0004,99.046,217.5658,48.9176,-16.9032,0.0,0.0001,1.9985,-0.0017,6.3143,35.4112,9.8184,27.3043,36.1167
394.0,791.0,9.9055,38.7553,98.68,199.8774,0.0211,0.0004,99.0509,217.5658,48.9176,-16.9032,0.0,0.0001,1.9961,-0.0011,6.3128,35.4127,9.811,27.3067,36.1194
395.0,793.0,9.9056,38.756,88.8117,200.4718,0.0211,0.0004,99.0447,217.5659,48.9176,-16.9032,0.0,0.0001,1.9969,-0.0001,6.3143,35.4127,9.8109,27.3068,36.1195
396.0,795.0,9.8904,38.742,98.68,199.1505,0.0213,0.0004,99.0364,217.5659,48.9176,-16.9032,0.0,0.0001,1.9921,-0.002,6.3153,35.412,9.7955,27.3088,36.1222
397.0,797.0,9.883,38.7352,85.8779,199.6216,0.024,0.0004,99.0488,217.566,48.9176,-16.9032,0.0,0.0001,1.9903,-0.0003,6.316,35.4114,9.7879,27.3097,36.1234
398.0,799.0,9.8894,38.7426,93.4146,199.3503,0.0198,0.0004,99.0555,217.566,48.9176,-16.9032,0.0,0.0001,1.9884,-0.0009,6.3223,35.4122,9.794,27.3093,36.1227
399.0,801.0,9.8149,38.6673,98.68,197.3939,0.0233,0.0004,99.0715,217.5661,48.9176,-16.9032,0.0,0.0001,1.9771,-0.0025,6.3266,35.4066,9.7197,27.3175,36.1341
400.0,803.0,9.8136,38.6648,88.6368,196.6836,0.0206,0.0004,99.0599,217.5661,48.9176,-16.9032,0.0,0.0001,1.9695,-0.0023,6.3322,35.4046,9.7182,27.3162,36.1329
401.0,805.0,9.772,38.6236,97.1657,196.2351,0.0217,0.0004,99.0543,217.5662,48.9176,-16.9032,0.0,0.0001,1.9633,-0.0013,6.3342,35.4021,9.6766,27.3213,36.1398
402.0,807.0,9.739,38.5892,98.68,194.4151,0.024,0.0004,99.0749,217.5662,48.9177,-16.9032,0.0,0.0001,1.9537,-0.0036,6.3428,35.3983,9.6435,27.3239,36.1439
403.0,809.0,9.7177,38.5687,98.68,193.3987,0.023,0.0004,99.0699,217.5662,48.9177,-16.9032,0.0,0.0001,1.9456,-0.0038,6.3441,35.3973,9.6222,27.3267,36.1477
404.0,811.0,9.6812,38.5328,90.3236,193.8631,0.0233,0.0004,99.0585,217.5663,48.9177,-16.9032,0.0,0.0001,1.9401,-0.0009,6.3464,35.395,9.5855,27.331,36.1536
405.0,813.0,9.677,38.5262,98.68,191.9288,0.0218,0.0004,99.0605,217.5663,48.9177,-16.9032,0.0,0.0001,1.9353,-0.0039,6.3506,35.3914,9.5811,27.329,36.1518
406.0,815.0,9.5947,38.4406,92.5921,192.715,0.0242,0.0004,99.0729,217.5664,48.9177,-16.9032,0.0,0.0001,1.9299,-0.001,6.353,35.383,9.499,27.3361,36.1625
407.0,817.0,9.6028,38.4513,98.68,191.1123,0.02,0.0004,99.0749,217.5664,48.9177,-16.9032,0.0,0.0001,1.9236,-0.0037,6.3647,35.3854,9.5069,27.3367,36.1628
408.0,819.0,9.5489,38.3951,98.68,189.7274,0.0196,0.0004,99.0985,217.5664,48.9177,-16.9032,0.0,0.0001,1.9173,-0.0048,6.3606,35.3794,9.4531,27.341,36.1694
409.0,821.0,9.5376,38.3852,92.5978,191.6667,0.0203,0.0004,99.0754,217.5665,48.9177,-16.9033,0.0,0.0001,1.9173,-0.0002,6.3596,35.3794,9.4416,27.3429,36.1718
410.0,823.0,9.552,38.3995,98.6414,190.2721,0.0245,0.0004,99.096,217.5665,48.9177,-16.9033,0.0,0.0001,1.9129,-0.0032,6.3739,35.3792,9.4558,27.3404,36.1687
411.0,825.0,9.5054,38.3549,98.68,189.116,0.0264,0.0004,99.0941,217.5665,48.9177,-16.9033,0.0,0.0001,1.9065,-0.0039,6.3712,35.3778,9.4091,27.3471,36.1774
412.0,827.0,9.4922,38.3421,75.4482,190.5412,0.0244,0.0004,99.0932,217.5666,48.9177,-16.9033,0.0,0.0001,1.9058,-0.0001,6.3673,35.3765,9.3956,27.3483,36.1792
413.0,829.0,9.4907,38.3416,98.68,190.3542,0.0226,0.0004,99.0952,217.5666,48.9177,-16.9033,0.0,0.0001,1.9048,-0.0002,6.3694,35.3769,9.3941,27.3489,36.1799
414.0,831.0,9.5065,38.3589,91.5027,188.7988,0.0178,0.0004,99.0966,217.5666,48.9177,-16.9033,0.0,0.0001,1.8983,-0.0032,6.3859,35.3783,9.4095,27.3474,36.1777
415.0,833.0,9.4437,38.2946,98.68,187.8232,0.0209,0.0004,99.1053,217.5667,48.9177,-16.9033,0.0,0.0001,1.8921,-0.0033,6.3809,35.3725,9.3468,27.3532,36.1863
416.0,835.0,9.3967,38.2475,98.6415,188.9613,0.0229,0.0004,99.1045,217.5667,48.9177,-16.9033,0.0,0.0001,1.8909,-0.0006,6.3857,35.369,9.2998,27.3583,36.1935
417.0,837.0,9.3887,38.2416,98.5655,188.4729,0.0217,0.0004,99.0987,217.5667,48.9177,-16.9033,0.0,0.0001,1.8891,-0.0009,6.3822,35.3701,9.2916,27.3605,36.196
418.0,839.0,9.3607,38.2116,61.5537,187.3459,0.0261,0.0004,99.1289,217.5668,48.9177,-16.9033,0.0,0.0001,1.8829,-0.0028,6.3989,35.3654,9.2636,27.3614,36.1982
419.0,841.0,9.323,38.179,89.5562,186.6739,0.0236,0.0003,99.1355,217.5668,48.9177,-16.9033,0.0,0.0001,1.8785,-0.0029,6.3974,35.368,9.2259,27.3696,36.208
420.0,843.0,9.342,38.1988,95.0938,187.8338,0.0222,0.0004,99.1204,217.5668,48.9177,-16.9033,0.0,0.0001,1.878,0.0001,6.3927,35.369,9.2445,27.3674,36.2049
421.0,845.0,9.3389,38.1933,87.8872,186.9108,0.0206,0.0004,99.1183,217.5669,48.9177,-16.9033,0.0,0.0001,1.8751,-0.0019,6.4021,35.3653,9.2412,27.365,36.2028
422.0,847.0,9.3003,38.1596,98.68,186.5178,0.0237,0.0003,99.1484,217.5669,48.9177,-16.9033,0.0,0.0001,1.8718,-0.0018,6.4015,35.3673,9.2025,27.373,36.2124
423.0,849.0,9.294,38.1542,98.68,186.7383,0.025,0.0003,99.1514,217.5669,48.9177,-16.9033,0.0,0.0001,1.8706,-0.0006,6.397,35.367,9.196,27.3738,36.2135
424.0,851.0,9.3061,38.1666,90.3984,187.4948,0.0223,0.0003,99.1357,217.567,48.9177,-16.9034,0.0,0.0001,1.8724,0.0003,6.4009,35.3675,9.208,27.3722,36.2114
425.0,853.0,9.2899,38.152,98.68,186.1961,0.0224,0.0003,99.1543,217.567,48.9177,-16.9034,0.0,0.0001,1.8678,-0.0019,6.405,35.3673,9.1916,27.3747,36.2146
426.0,855.0,9.262,38.1262,98.68,186.5151,0.0253,0.0003,99.1543,217.5671,48.9177,-16.9034,0.0,0.0001,1.8675,-0.0006,6.4013,35.3667,9.1635,27.3789,36.22
427.0,857.0,9.2574,38.1225,82.8138,186.8647,0.0219,0.0003,99.1552,217.5671,48.9177,-16.9034,0.0,0.0001,1.8677,-0.0003,6.4082,35.3669,9.1588,27.3798,36.2211
428.0,859.0,9.2318,38.1005,98.68,185.754,0.024,0.0003,99.1471,217.5672,48.9177,-16.9034,0.0,0.0001,1.8617,-0.0016,6.4126,35.3681,9.133,27.3849,36.2273
429.0,861.0,9.2228,38.0931,98.68,185.8544,0.0225,0.0003,99.1728,217.5672,48.9177,-16.9034,0.0,0.0001,1.8596,-0.0009,6.4145,35.3684,9.1239,27.3867,36.2295
430.0,863.0,9.1989,38.0697,92.3555,186.0441,0.0229,0.0003,99.1688,217.5672,48.9177,-16.9034,0.0,0.0001,1.8579,-0.0003,6.4181,35.3668,9.0999,27.3893,36.2332
431.0,865.0,9.1815,38.0525,94.2481,185.7516,0.0217,0.0003,99.173,217.5673,48.9177,-16.9034,0.0,0.0001,1.8561,-0.0007,6.4216,35.3651,9.0824,27.3908,36.2355
432.0,867.0,9.1594,38.031,98.68,185.5247,0.0252,0.0003,99.1671,217.5673,48.9177,-16.9034,0.0,0.0001,1.8547,-0.0009,6.4204,35.3636,9.0602,27.3933,36.2389
433.0,869.0,9.1514,38.0253,84.9456,185.9005,0.021,0.0003,99.1611,217.5673,48.9177,-16.9034,0.0,0.0001,1.855,-0.0002,6.424,35.3648,9.052,27.3956,36.2416
434.0,871.0,9.1319,38.0064,92.6142,185.1409,0.0204,0.0003,99.176,217.5674,48.9177,-16.9035,0.0,0.0001,1.8513,-0.0011,6.4251,35.3633,9.0324,27.3975,36.2444
435.0,873.0,9.1167,37.9922,98.68,185.5735,0.0258,0.0003,99.1863,217.5674,48.9177,-16.9035,0.0,0.0001,1.8504,-0.0003,6.4299,35.3626,9.017,27.3995,36.247
436.0,875.0,9.1025,37.9784,98.68,185.5225,0.0252,0.0003,99.1759,217.5674,48.9177,-16.9035,0.0,0.0001,1.8498,-0.0003,6.4303,35.3615,9.0027,27.4009,36.2491
437.0,877.0,9.0804,37.9572,98.68,185.8306,0.0274,0.0003,99.1815,217.5675,48.9177,-16.9035,0.0,0.0001,1.8499,0.0002,6.4338,35.3601,8.9804,27.4034,36.2526
438.0,879.0,9.069,37.9473,98.68,185.4161,0.0256,0.0003,99.1742,217.5675,48.9177,-16.9035,0.0,0.0001,1.8487,-0.0006,6.4348,35.3604,8.9689,27.4056,36.2552
439.0,881.0,9.0425,37.9234,86.2817,185.1409,0.0215,0.0003,99.1796,217.5675,48.9177,-16.9035,0.0,0.0001,1.8458,-0.001,6.4463,35.3607,8.9423,27.4101,36.2609
440.0,883.0,8.9854,37.864,96.9476,184.6218,0.0214,0.0003,99.185,217.5676,48.9177,-16.9035,0.0,0.0001,1.8415,-0.0015,6.4533,35.3541,8.8853,27.4141,36.2675
441.0,885.0,8.9484,37.8282,92.128,184.5921,0.0259,0.0003,99.1904,217.5676,48.9177,-16.9035,0.0,0.0001,1.84,-0.0009,6.4485,35.3524,8.8483,27.4187,36.2737
442.0,887.0,8.9416,37.8223,98.6706,185.4264,0.0225,0.0003,99.1846,217.5676,48.9177,-16.9036,0.0,0.0001,1.8419,0.0002,6.4505,35.3519,8.8413,27.4194,36.2748
443.0,889.0,8.9358,37.813,98.68,184.6452,0.0219,0.0003,99.1855,217.5677,48.9177,-16.9036,0.0,0.0001,1.8382,-0.0017,6.4695,35.3471,8.8354,27.4166,36.2723
444.0,891.0,8.868,37.749,98.68,184.2772,0.0251,0.0003,99.176,217.5677,48.9177,-16.9036,0.0,0.0001,1.8364,-0.0021,6.4768,35.3463,8.7678,27.4268,36.2854
445.0,893.0,8.8263,37.7057,64.4914,183.8272,0.0254,0.0003,99.2049,217.5677,48.9177,-16.9036,0.0,0.0001,1.8324,-0.002,6.4718,35.3414,8.7261,27.4296,36.2901
446.0,895.0,8.7817,37.6583,96.7199,184.9845,0.0256,0.0003,99.1976,217.5678,48.9177,-16.9036,0.0,0.0001,1.8339,0.0002,6.4674,35.3348,8.6815,27.4314,36.294
447.0,897.0,8.8138,37.6949,98.5495,183.7852,0.0267,0.0003,99.2051,217.5678,48.9177,-16.9036,0.0,0.0001,1.8291,-0.0028,6.494,35.3407,8.7132,27.431,36.2922
448.0,899.0,8.7205,37.5945,98.68,184.7949,0.024,0.0003,99.2127,217.5678,48.9177,-16.9036,0.0,0.0001,1.8297,-0.0007,6.4982,35.3268,8.6203,27.4348,36.3003
449.0,901.0,8.6594,37.5292,98.68,185.5151,0.0227,0.0003,99.215,217.5679,48.9177,-16.9036,0.0,0.0001,1.8311,0.0007,6.4906,35.3177,8.5593,27.4373,36.3055
450.0,903.0,8.6794,37.5522,92.2356,185.4085,0.0212,0.0003,99.2065,217.5679,48.9177,-16.9037,0.0,0.0001,1.8333,-0.0001,6.4868,35.3211,8.579,27.4368,36.3042
451.0,905.0,8.7045,37.5667,98.68,184.8416,0.0206,0.0003,99.2337,217.568,48.9177,-16.9037,0.0,0.0001,1.8327,-0.0012,6.5039,35.3107,8.6037,27.4248,36.2912
452.0,907.0,8.6136,37.4849,98.68,185.2786,0.0197,0.0003,99.2162,217.568,48.9177,-16.9037,0.0,0.0001,1.8321,-0.0002,6.5011,35.3139,8.5133,27.4416,36.3119
453.0,909.0,8.6081,37.4806,98.68,185.733,0.0205,0.0003,99.2157,217.568,48.9177,-16.9037,0.0,0.0001,1.8315,0.0007,6.4948,35.3139,8.5075,27.4424,36.313
454.0,911.0,8.6111,37.485,93.8728,185.6473,0.0244,0.0003,99.2131,217.568,48.9177,-16.9037,0.0,0.0001,1.8319,-0.0001,6.4988,35.3146,8.5103,27.4426,36.313
455.0,913.0,8.6379,37.5124,98.68,184.959,0.0214,0.0003,99.2157,217.5681,48.9177,-16.9037,0.0,0.0001,1.828,-0.0013,6.509,35.316,8.5366,27.4396,36.3088
456.0,915.0,8.5841,37.4629,98.68,185.1602,0.0216,0.0003,99.2337,217.5681,48.9177,-16.9037,0.0,0.0001,1.8278,-0.0006,6.5061,35.3163,8.483,27.4481,36.3198
457.0,917.0,8.5666,37.4501,88.9669,185.7001,0.0245,0.0003,99.2301,217.5681,48.9177,-16.9037,0.0,0.0001,1.829,0.0003,6.5032,35.3189,8.4653,27.453,36.3254
458.0,919.0,8.5645,37.4487,96.0008,185.4984,0.025,0.0003,99.2153,217.5682,48.9177,-16.9038,0.0,0.0001,1.829,-0.0003,6.5065,35.3192,8.4631,27.4535,36.326
459.0,921.0,8.552,37.4378,84.5222,185.1654,0.0236,0.0003,99.2377,217.5682,48.9177,-16.9038,0.0,0.0001,1.8258,-0.0006,6.5124,35.3189,8.4503,27.4553,36.3284
460.0,923.0,8.5353,37.4274,91.46,186.3096,0.0243,0.0003,99.2539,217.5682,48.9177,-16.9038,0.0,0.0001,1.8276,0.0015,6.5076,35.3233,8.4335,27.4614,36.3352
461.0,925.0,8.5347,37.4283,95.1306,185.8388,0.0252,0.0003,99.223,217.5683,48.9177,-16.9038,0.0,0.0001,1.8281,0.0,6.5127,35.3243,8.4328,27.4623,36.3361
462.0,927.0,8.5273,37.4192,98.68,185.3988,0.0268,0.0003,99.2392,217.5683,48.9177,-16.9038,0.0,0.0001,1.8259,-0.0007,6.5137,35.3211,8.4251,27.461,36.3351
463.0,929.0,8.517,37.4157,93.7264,185.7358,0.0256,0.0003,99.2052,217.5683,48.9177,-16.9038,0.0,0.0001,1.8255,-0.0001,6.5161,35.3266,8.4146,27.4669,36.3415
464.0,931.0,8.5283,37.427,97.3982,185.1427,0.0247,0.0003,99.2478,217.5684,48.9177,-16.9038,0.0,0.0001,1.824,-0.001,6.5195,35.3266,8.4257,27.4652,36.3392
465.0,933.0,8.4973,37.3998,98.68,185.6465,0.0254,0.0003,99.2492,217.5684,48.9177,-16.9038,0.0,0.0001,1.824,-0.0001,6.5231,35.3277,8.3946,27.4709,36.3463
466.0,935.0,8.4668,37.3694,89.4001,185.8393,0.0269,0.0003,99.2585,217.5684,48.9177,-16.9039,0.0,0.0001,1.824,0.0001,6.5248,35.3249,8.3641,27.4734,36.3502
467.0,937.0,8.4403,37.3418,93.9672,185.1862,0.0245,0.0003,99.2527,217.5685,48.9177,-16.9039,0.0,0.0001,1.8222,-0.0012,6.5331,35.3212,8.3376,27.4746,36.3527
468.0,939.0,8.3974,37.2993,98.68,185.8733,0.0234,0.0003,99.2496,217.5685,48.9177,-16.9039,0.0,0.0001,1.8213,0.0002,6.5325,35.318,8.2947,27.4787,36.3587
469.0,941.0,8.4064,37.3136,98.68,185.9523,0.0238,0.0003,99.2491,217.5685,48.9177,-16.9039,0.0,0.0001,1.8217,0.0002,6.5336,35.3234,8.3034,27.4816,36.3611
470.0,943.0,8.3996,37.3076,98.68,185.9382,0.0241,0.0003,99.2627,217.5686,48.9177,-16.9039,0.0,0.0001,1.8217,-0.0001,6.5366,35.3229,8.2965,27.4823,36.3621
471.0,945.0,8.3817,37.293,98.68,186.0256,0.0221,0.0003,99.2632,217.5686,48.9177,-16.9039,0.0,0.0001,1.8217,0.0,6.536,35.3242,8.2784,27.4861,36.3668
472.0,947.0,8.3857,37.2992,98.68,186.0147,0.0226,0.0003,99.2668,217.5686,48.9177,-16.9039,0.0,0.0001,1.8217,-0.0001,6.5361,35.3258,8.2821,27.4868,36.3673
473.0,949.0,8.3895,37.3042,90.5864,186.167,0.0239,0.0003,99.2724,217.5687,48.9177,-16.9039,0.0,0.0001,1.8218,0.0001,6.5359,35.3267,8.2857,27.4869,36.3672
474.0,951.0,8.3882,37.3053,98.68,185.6279,0.0233,0.0003,99.256,217.5687,48.9177,-16.9039,0.0,0.0001,1.8213,-0.0008,6.5358,35.3282,8.2843,27.4883,36.3687
475.0,953.0,8.3832,37.3017,94.3095,186.0452,0.0207,0.0003,99.2517,217.5688,48.9178,-16.904,0.0,0.0001,1.8208,-0.0003,6.5414,35.3281,8.279,27.4891,36.3696
476.0,955.0,8.3796,37.2987,98.68,185.5632,0.0224,0.0003,99.2572,217.5688,48.9177,-16.904,0.0,0.0001,1.8192,-0.001,6.5422,35.328,8.2753,27.4896,36.3703
477.0,957.0,8.287,37.2009,98.68,186.0472,0.0226,0.0003,99.2656,217.5688,48.9178,-16.904,0.0,0.0001,1.8185,0.0002,6.5423,35.3154,8.183,27.4938,36.3789
478.0,959.0,8.2456,37.1604,98.68,186.7921,0.0238,0.0003,99.2559,217.5689,48.9178,-16.904,0.0,0.0001,1.8203,0.0003,6.5575,35.3129,8.1417,27.4982,36.3851
479.0,961.0,8.2382,37.1549,89.8954,187.0074,0.0222,0.0003,99.2672,217.5689,48.9178,-16.904,0.0,0.0001,1.8193,0.0001,6.5732,35.3135,8.1341,27.4998,36.3871
480.0,963.0,8.1557,37.0632,98.6192,187.448,0.019,0.0003,99.2626,217.5689,48.9178,-16.904,0.0,0.0001,1.8208,0.0007,6.5677,35.2974,8.052,27.4997,36.3908
481.0,965.0,8.0847,36.99,98.5344,188.21,0.0265,0.0003,99.2573,217.569,48.9178,-16.904,0.0,0.0001,1.8234,0.0006,6.5851,35.2894,7.9812,27.5041,36.3985
482.0,967.0,8.0491,36.9529,98.68,188.2802,0.0238,0.0003,99.2626,217.569,48.9178,-16.904,0.0,0.0001,1.8231,0.0006,6.586,35.2847,7.9456,27.5057,36.4019
483.0,969.0,8.0096,36.9115,90.136,188.9626,0.0237,0.0003,99.2605,217.569,48.9178,-16.904,0.0,0.0001,1.8254,0.0005,6.5955,35.2789,7.9062,27.5071,36.4051
484.0,971.0,7.9978,36.9002,94.661,189.4135,0.0222,0.0003,99.2393,217.5691,48.9178,-16.904,0.0,0.0001,1.8278,0.0007,6.5947,35.2777,7.8943,27.508,36.4065
485.0,973.0,8.0074,36.9152,98.68,189.2073,0.0251,0.0003,99.2626,217.5691,48.9178,-16.904,0.0,0.0001,1.8284,0.0,6.5966,35.283,7.9036,27.5108,36.4089
486.0,975.0,7.9896,36.8998,98.31,189.3569,0.0205,0.0003,99.2575,217.5691,48.9178,-16.904,0.0,0.0001,1.8291,0.0002,6.5965,35.2835,7.8857,27.5138,36.4127
487.0,977.0,7.9721,36.8821,98.68,189.5646,0.0214,0.0003,99.2624,217.5692,48.9178,-16.904,0.0,0.0001,1.83,0.0001,6.5989,35.2814,7.8681,27.5148,36.4145
488.0,979.0,7.9677,36.8772,79.4149,189.0472,0.022,0.0003,99.2491,217.5692,48.9178,-16.904,0.0,0.0001,1.828,-0.0008,6.6025,35.2797,7.8635,27.5142,36.4141
489.0,981.0,7.9471,36.8587,98.68,189.7022,0.0229,0.0003,99.2679,217.5692,48.9178,-16.904,0.0,0.0001,1.8289,0.0004,6.6023,35.2797,7.8429,27.5172,36.4181
490.0,983.0,7.9635,36.88,96.406,189.603,0.021,0.0003,99.2619,217.5693,48.9178,-16.904,0.0,0.0001,1.8296,0.0002,6.5977,35.285,7.8588,27.519,36.4191
491.0,985.0,8.0147,36.9408,98.68,189.3314,0.019,0.0003,99.2626,217.5693,48.9178,-16.904,0.0,0.0001,1.8309,0.0006,6.5689,35.2977,7.9095,27.5214,36.419
492.0,987.0,8.1415,37.0992,67.1633,189.0001,0.0223,0.0003,99.2626,217.5693,48.9178,-16.904,0.0,0.0001,1.8311,-0.0002,6.5665,35.339,8.0351,27.5349,36.4262
493.0,989.0,8.2213,37.1939,95.0811,187.3173,0.0227,0.0003,99.2555,217.5694,48.9179,-16.904,0.0,0.0001,1.8244,-0.0017,6.5643,35.3587,8.114,27.5384,36.4259
494.0,991.0,8.1902,37.1585,98.68,187.92,0.0235,0.0003,99.2501,217.5694,48.9179,-16.9039,0.0,0.0001,1.8235,-0.0001,6.5587,35.3515,8.083,27.5375,36.4264
495.0,993.0,8.2409,37.2164,98.68,186.4777,0.0194,0.0003,99.2797,217.5694,48.9179,-16.9039,0.0,0.0001,1.8193,-0.0023,6.5669,35.3614,8.133,27.5376,36.4242
496.0,995.0,8.0688,37.0327,94.3775,188.0956,0.0226,0.0003,99.2767,217.5695,48.9179,-16.9039,0.0,0.0001,1.8191,0.0,6.5853,35.3369,7.9619,27.5443,36.439
497.0,997.0,8.0,36.9595,96.8823,189.2154,0.0209,0.0003,99.2743,217.5695,48.9179,-16.9039,0.0,0.0001,1.821,0.001,6.601,35.3269,7.8935,27.5468,36.4446
498.0,999.0,7.9606,36.9108,98.68,190.0411,0.0201,0.0003,99.2626,217.5695,48.9179,-16.9039,0.0,0.0001,1.8253,0.0017,6.5934,35.3133,7.8542,27.542,36.4419
499.0,1001.0,7.9215,36.8694,91.5377,189.8206,0.0221,0.0003,99.2615,217.5696,48.9179,-16.9039,0.0,0.0001,1.8268,0.0,6.6082,35.3074,7.8152,27.5432,36.4449
500.0,1003.0,7.8421,36.7848,98.68,191.007,0.0194,0.0003,99.2626,217.5696,48.9179,-16.9039,0.0,0.0001,1.8272,0.0011,6.6269,35.2954,7.7361,27.5455,36.451
501.0,1005.0,7.7935,36.7333,98.68,191.114,0.0223,0.0003,99.2481,217.5697,48.9179,-16.9039,0.0,0.0001,1.8328,0.0003,6.6179,35.2878,7.6876,27.5467,36.4545
502.0,1007.0,7.7801,36.7198,98.68,191.2599,0.0222,0.0003,99.2582,217.5698,48.9179,-16.9039,0.0,0.0001,1.8297,0.0001,6.6403,35.2858,7.674,27.5471,36.4556
503.0,1009.0,7.7276,36.6675,98.1406,191.7584,0.0233,0.0003,99.2492,217.5699,48.918,-16.9038,0.0,0.0001,1.8356,-0.0002,6.6295,35.2813,7.6218,27.5513,36.4622
504.0,1011.0,7.6841,36.6201,94.9034,192.6211,0.022,0.0003,99.2313,217.5702,48.9181,-16.9038,0.0,0.0001,1.8386,-0.0003,6.65,35.2733,7.5783,27.5513,36.4643
505.0,1013.0,7.6553,36.5904,93.1442,193.2393,0.0225,0.0003,99.2321,217.5703,48.9181,-16.9038,0.0,0.0001,1.8398,0.0008,6.6446,35.2696,7.5496,27.5526,36.4669
