Datacycle,press,temp,cond,alt,oxygen,fluor,atten,trans,jday,lat,lon,PAR,UPAR,oxV,oxdVdt,oxysat,salin,potemp,sigma0,sigma2
1.0,3.0,15.6112,44.2063,70.5988,240.3036,0.8417,0.0032,92.4135,218.0598,49.0861,-16.0928,0.0,0.0001,2.6916,-0.0006,5.5979,35.6174,15.6107,26.3116,34.8974
2.0,5.0,15.6082,44.204,77.4661,240.5375,0.8393,0.0031,92.4122,218.0599,49.086,-16.0929,0.0,0.0001,2.6919,0.0001,5.598,35.6174,15.6074,26.3123,34.8982
3.0,7.0,15.6087,44.2056,88.5387,240.6133,0.8441,0.0031,92.5084,218.0601,49.086,-16.0929,0.0,0.0001,2.6922,0.0,5.5979,35.6173,15.6076,26.3122,34.8981
4.0,9.0,15.6105,44.208,90.4449,240.6293,0.8332,0.0031,92.5193,218.0601,49.086,-16.0929,0.0,0.0001,2.6919,0.0,5.5977,35.6173,15.6091,26.3119,34.8977
5.0,11.0,15.6139,44.2129,98.71,240.4749,0.8489,0.0031,92.5129,218.0602,49.086,-16.0929,0.0,0.0001,2.6895,0.0001,5.5973,35.6175,15.6121,26.3113,34.8971
6.0,13.0,15.616,44.2157,82.9386,239.5245,0.8425,0.0031,92.5302,218.0603,49.0859,-16.0929,0.0,0.0001,2.6853,-0.0023,5.5968,35.6176,15.614,26.3109,34.8966
7.0,15.0,15.6189,44.22,96.5699,240.5923,0.845,0.0031,92.5309,218.0604,49.0859,-16.0929,0.0,0.0001,2.6881,0.0007,5.5969,35.6178,15.6166,26.3105,34.8961
8.0,17.0,15.6187,44.2203,88.2341,239.5418,0.8464,0.0031,92.5603,218.0604,49.0859,-16.0929,0.0,0.0001,2.6832,-0.0017,5.5971,35.6176,15.6161,26.3105,34.8961
9.0,19.0,15.6183,44.2209,91.637,240.269,0.849,0.0031,92.5368,218.0605,49.0859,-16.0929,0.0,0.0001,2.6842,0.0007,5.5973,35.6177,15.6154,26.3107,34.8964
10.0,21.0,15.6157,44.2183,81.2745,239.8639,0.8602,0.0031,92.5877,218.0605,49.0859,-16.0929,0.0,0.0001,2.6828,-0.0005,5.5973,35.617,15.6125,26.3109,34.8966
11.0,23.0,15.611,44.2137,63.8189,239.2043,0.8595,0.0031,92.5711,218.0606,49.0859,-16.0929,0.0,0.0001,2.6775,-0.0016,5.5971,35.6161,15.6074,26.3113,34.8972
12.0,25.0,15.6087,44.2119,93.4097,239.7723,0.8581,0.0031,92.5726,218.0606,49.0859,-16.0929,0.0,0.0001,2.6792,0.0005,5.5971,35.6159,15.6049,26.3117,34.8977
13.0,27.0,15.6175,44.2235,87.261,239.8406,0.865,0.0031,92.5923,218.0607,49.0858,-16.0929,0.0,0.0001,2.6799,0.0003,5.597,35.6175,15.6133,26.311,34.8967
14.0,29.0,15.6123,44.2177,78.261,239.6683,0.887,0.0031,92.6008,218.0607,49.0858,-16.0929,0.0,0.0001,2.6781,-0.0003,5.5987,35.6161,15.6077,26.3112,34.8971
15.0,31.0,15.6087,44.2141,83.6702,239.6968,0.8984,0.0031,92.5951,218.0608,49.0858,-16.0929,0.0,0.0001,2.6765,-0.0003,5.6003,35.6155,15.6039,26.3116,34.8977
16.0,33.0,15.5833,44.1837,98.7017,239.0527,0.9142,0.0031,92.6257,218.0609,49.0858,-16.0929,0.0,0.0001,2.6733,-0.0015,5.6007,35.6101,15.5781,26.3133,34.9003
17.0,35.0,15.58,44.1796,76.8448,239.5694,0.9202,0.003,92.6636,218.0609,49.0858,-16.0929,0.0,0.0001,2.6736,0.0003,5.6015,35.6087,15.5746,26.313,34.9002
18.0,37.0,15.5825,44.1838,72.0248,239.2347,0.9236,0.0031,92.6396,218.0609,49.0858,-16.0929,0.0,0.0001,2.6716,-0.001,5.6035,35.6093,15.5768,26.313,34.9001
19.0,39.0,15.5537,44.1489,80.987,239.6273,0.9277,0.003,92.7276,218.061,49.0858,-16.0929,0.0,0.0001,2.6724,0.0001,5.6039,35.603,15.5476,26.3147,34.9029
20.0,41.0,15.5559,44.1523,97.1195,239.6207,0.9102,0.003,92.8216,218.0611,49.0858,-16.0928,0.0,0.0001,2.6714,-0.0006,5.6087,35.6034,15.5496,26.3146,34.9027
21.0,43.0,15.5007,44.0823,98.3092,239.4986,0.9124,0.003,92.8628,218.0611,49.0857,-16.0928,0.0,0.0001,2.669,-0.0002,5.6087,35.589,15.4939,26.3161,34.9063
22.0,45.0,15.4868,44.0693,74.9436,239.4138,0.8973,0.0029,92.9864,218.0612,49.0857,-16.0928,0.0,0.0001,2.6678,-0.0005,5.6102,35.5893,15.4798,26.3194,34.9102
23.0,47.0,15.4839,44.0673,95.5707,239.1491,0.8311,0.0026,93.6632,218.0612,49.0857,-16.0928,0.0,0.0001,2.6642,-0.0012,5.6168,35.5893,15.4766,26.3202,34.9111
24.0,49.0,15.4411,44.0212,98.7095,238.743,0.7547,0.0026,93.7748,218.0613,49.0857,-16.0928,0.0,0.0001,2.6581,-0.0005,5.6173,35.5853,15.4335,26.3268,34.9192
25.0,51.0,15.4425,44.0255,98.5897,238.5482,0.7297,0.0024,94.2514,218.0613,49.0857,-16.0928,0.0,0.0001,2.6569,-0.0008,5.6178,35.5874,15.4347,26.3282,34.9205
26.0,53.0,15.3687,43.9673,71.3194,238.3011,0.6794,0.0022,94.7084,218.0614,49.0857,-16.0928,0.0,0.0001,2.6524,-0.0005,5.6207,35.6005,15.3605,26.3549,34.9497
27.0,55.0,15.3298,43.929,98.71,236.4439,0.559,0.002,95.1018,218.0614,49.0857,-16.0928,0.0,0.0001,2.6309,-0.0086,5.6922,35.6005,15.3213,26.3636,34.9598
28.0,57.0,14.3416,42.9563,49.3579,233.0795,0.3777,0.0013,96.8481,218.0615,49.0856,-16.0928,0.0,0.0001,2.5905,-0.0049,5.6978,35.6105,14.3332,26.5874,35.2192
29.0,59.0,13.732,42.366,85.9711,232.9301,0.2765,0.0011,97.2797,218.0615,49.0856,-16.0928,0.0,0.0001,2.5699,-0.0104,5.8068,35.622,13.7236,26.7241,35.3784
30.0,61.0,13.1225,41.7756,80.8532,231.1264,0.1772,0.0009,97.7874,218.0616,49.0856,-16.0928,0.0,0.0001,2.5279,-0.0053,5.8619,35.6334,13.114,26.8607,35.5375
31.0,63.0,13.1235,41.7797,93.4153,232.141,0.1538,0.0006,98.442,218.0616,49.0856,-16.0928,0.0,0.0001,2.5275,0.0017,5.8374,35.6357,13.1148,26.8623,35.5391
32.0,65.0,13.0475,41.7265,73.8407,233.0439,0.1237,0.0006,98.5857,218.0617,49.0856,-16.0928,0.0,0.0001,2.5259,0.0007,5.8746,35.6552,13.0385,26.8929,35.5724
33.0,67.0,13.0111,41.6833,94.9296,231.8508,0.1106,0.0005,98.8767,218.0618,49.0856,-16.0928,0.0,0.0001,2.5117,-0.002,5.9049,35.6475,13.0019,26.8942,35.5752
34.0,69.0,12.9198,41.6021,98.71,232.4605,0.094,0.0004,98.9446,218.0618,49.0855,-16.0928,0.0,0.0001,2.511,-0.0008,5.9196,35.6549,12.9104,26.9186,35.6029
35.0,71.0,12.8557,41.5633,98.71,232.0236,0.0878,0.0004,99.0134,218.0619,49.0855,-16.0928,0.0,0.0001,2.5061,-0.0008,5.9207,35.6775,12.846,26.949,35.6355
36.0,73.0,12.8216,41.5295,98.7058,231.9053,0.0827,0.0004,99.0902,218.0619,49.0855,-16.0928,0.0,0.0001,2.503,-0.0007,5.9249,35.6764,12.8116,26.9551,35.6429
37.0,75.0,12.7821,41.4858,82.5984,232.2653,0.0874,0.0004,99.1081,218.062,49.0855,-16.0928,0.0,0.0001,2.5037,-0.0001,5.9277,35.6707,12.7719,26.9586,35.6481
38.0,77.0,12.779,41.4856,98.71,232.3213,0.0858,0.0003,99.176,218.062,49.0855,-16.0928,0.0,0.0001,2.5025,0.0004,5.9269,35.6727,12.7686,26.9609,35.6504
39.0,79.0,12.7455,41.451,98.653,232.7174,0.0876,0.0003,99.1988,218.0621,49.0855,-16.0928,0.0,0.0001,2.5044,-0.0003,5.9372,35.6703,12.7348,26.9658,35.6566
40.0,81.0,12.6314,41.3173,76.7016,233.5629,0.0895,0.0003,99.2479,218.0621,49.0855,-16.0928,0.0,0.0001,2.5047,0.0017,5.944,35.6486,12.6204,26.9717,35.6672
41.0,83.0,12.6209,41.3081,97.3841,233.4273,0.0823,0.0003,99.2825,218.0622,49.0855,-16.0928,0.0,0.0001,2.5065,-0.0003,5.948,35.6489,12.6097,26.9741,35.6701
42.0,85.0,12.6165,41.3113,98.71,232.819,0.073,0.0003,99.3113,218.0623,49.0854,-16.0928,0.0,0.0001,2.5021,-0.0008,5.9468,35.655,12.605,26.9797,35.6758
43.0,87.0,12.6149,41.3107,80.3742,232.9197,0.0752,0.0002,99.3788,218.0623,49.0854,-16.0928,0.0,0.0001,2.501,-0.0004,5.9492,35.6554,12.6032,26.9804,35.6765
44.0,89.0,12.5849,41.2781,93.6901,232.8718,0.0725,0.0002,99.3821,218.0624,49.0854,-16.0928,0.0,0.0001,2.4988,-0.0004,5.9533,35.6511,12.5729,26.9831,35.6805
45.0,91.0,12.5503,41.2372,92.0224,233.3315,0.0799,0.0002,99.3904,218.0624,49.0854,-16.0928,0.0,0.0001,2.4977,0.0003,5.9638,35.6438,12.538,26.9843,35.6831
46.0,93.0,12.5008,41.1823,86.7636,233.1778,0.0718,0.0002,99.4331,218.0625,49.0854,-16.0928,0.0,0.0001,2.4985,-0.0004,5.9608,35.6367,12.4883,26.9886,35.6894
47.0,95.0,12.5084,41.1932,84.6315,232.9143,0.0613,0.0002,99.4896,218.0626,49.0854,-16.0928,0.0,0.0001,2.4964,-0.0005,5.9585,35.6392,12.4956,26.9891,35.6896
48.0,97.0,12.5382,41.2367,98.0302,233.0941,0.0554,0.0002,99.5183,218.0626,49.0854,-16.0928,0.0,0.0001,2.4961,0.0001,5.9595,35.652,12.5252,26.9932,35.6925
49.0,99.0,12.54,41.2398,83.5676,232.8799,0.0552,0.0002,99.5399,218.0627,49.0854,-16.0928,0.0,0.0001,2.4943,-0.0001,5.9596,35.6527,12.5267,26.9935,35.6926
50.0,101.0,12.5237,41.2197,96.3822,232.8953,0.0519,0.0002,99.5489,218.0628,49.0853,-16.0928,0.0,0.0001,2.4936,-0.0002,5.9614,35.6477,12.5101,26.9928,35.6927
51.0,103.0,12.468,41.1571,89.7358,232.8473,0.0531,0.0002,99.546,218.063,49.0853,-16.0928,0.0,0.0001,2.4908,-0.0005,5.9702,35.6391,12.4542,26.9972,35.6993
52.0,105.0,12.4299,41.1146,83.7357,232.8765,0.0507,0.0002,99.5331,218.0632,49.0853,-16.0928,0.0,0.0001,2.4889,0.0001,5.9717,35.6333,12.4158,27.0002,35.704
53.0,107.0,12.404,41.0853,98.7039,233.2639,0.052,0.0002,99.511,218.0633,49.0852,-16.0928,0.0,0.0001,2.4889,0.0006,5.9771,35.6285,12.3897,27.0016,35.7064
54.0,109.0,12.3984,41.0802,72.0541,233.3773,0.0533,0.0002,99.5036,218.0634,49.0852,-16.0928,0.0,0.0001,2.4892,0.0004,5.9801,35.6281,12.3839,27.0025,35.7075
55.0,111.0,12.3427,41.0149,90.4605,233.1938,0.0555,0.0002,99.4983,218.0635,49.0852,-16.0928,0.0,0.0001,2.4863,-0.0011,5.9943,35.6169,12.3279,27.0048,35.7122
56.0,113.0,12.2397,40.8981,98.5154,233.2835,0.0559,0.0002,99.4963,218.0635,49.0852,-16.0928,0.0,0.0001,2.4837,-0.0003,5.9984,35.6006,12.2248,27.0123,35.7239
57.0,115.0,12.2026,40.858,82.0093,233.4383,0.0517,0.0002,99.4949,218.0636,49.0852,-16.0928,0.0,0.0001,2.4844,-0.0004,6.0009,35.5958,12.1875,27.0158,35.729
58.0,117.0,12.1543,40.8054,95.7365,233.5166,0.0484,0.0002,99.499,218.0636,49.0851,-16.0928,0.0,0.0001,2.4802,-0.0004,6.0151,35.5896,12.1389,27.0205,35.7356
59.0,119.0,12.0883,40.7303,68.2728,233.4014,0.0506,0.0002,99.4883,218.0637,49.0851,-16.0928,0.0,0.0001,2.48,-0.0008,6.0144,35.5782,12.0726,27.0244,35.7423
60.0,121.0,12.0785,40.7202,87.9614,233.6555,0.0475,0.0002,99.4853,218.0637,49.0851,-16.0928,0.0,0.0001,2.4798,0.0005,6.0094,35.5771,12.0627,27.0254,35.7438
61.0,123.0,12.0494,40.6942,98.71,234.1833,0.0487,0.0002,99.4889,218.0638,49.0851,-16.0928,0.0,0.0001,2.4812,0.0012,6.0133,35.5781,12.0331,27.0319,35.7514
62.0,125.0,12.0724,40.7196,71.5487,233.8342,0.0474,0.0002,99.3904,218.0639,49.0851,-16.0928,0.0,0.0001,2.481,-0.0005,6.0171,35.5804,12.056,27.0293,35.7479
63.0,127.0,12.0627,40.7146,92.717,234.0057,0.0493,0.0002,99.4981,218.0639,49.0851,-16.0927,0.0,0.0001,2.4786,0.0005,6.0199,35.5838,12.046,27.0339,35.7528
64.0,129.0,12.0776,40.7388,98.7008,234.5614,0.0552,0.0002,99.4847,218.064,49.0851,-16.0928,0.0,0.0001,2.4829,0.0007,6.0175,35.5923,12.0606,27.0377,35.7559
65.0,131.0,12.1114,40.7859,79.4237,235.6584,0.0662,0.0002,99.4468,218.064,49.0851,-16.0928,0.0,0.0001,2.4895,0.0019,6.0156,35.6053,12.0941,27.0413,35.758
66.0,133.0,12.0555,40.7201,96.6837,234.3188,0.0702,0.0002,99.4918,218.0641,49.085,-16.0927,0.0,0.0001,2.4846,-0.0029,6.0313,35.5936,12.038,27.043,35.7621
67.0,135.0,11.9596,40.6088,84.0231,233.5694,0.0426,0.0002,99.4967,218.0641,49.085,-16.0928,0.0,0.0001,2.4737,-0.0008,6.0288,35.5752,11.9419,27.0472,35.7703
68.0,137.0,11.9621,40.6102,98.71,231.9276,0.0473,0.0002,99.5123,218.0642,49.085,-16.0928,0.0,0.0001,2.4656,-0.0042,6.0338,35.5734,11.9442,27.0454,35.7684
69.0,139.0,11.9396,40.5883,84.1461,233.5068,0.0384,0.0002,99.4843,218.0642,49.085,-16.0928,0.0,0.0001,2.4689,0.0005,6.0302,35.5723,11.9214,27.0489,35.7729
70.0,141.0,11.9445,40.5938,98.6175,232.4675,0.0372,0.0002,99.5117,218.0643,49.085,-16.0928,0.0,0.0001,2.4629,-0.0025,6.0427,35.5723,11.9261,27.048,35.7718
71.0,143.0,11.8805,40.5209,79.7736,232.509,0.0276,0.0002,99.5111,218.0644,49.085,-16.0928,0.0,0.0001,2.4583,-0.0005,6.0404,35.5608,11.8618,27.0514,35.7778
72.0,145.0,11.8768,40.5172,95.5611,232.6291,0.0282,0.0002,99.518,218.0644,49.085,-16.0928,0.0,0.0001,2.4582,0.0,6.0401,35.5602,11.8579,27.0517,35.7783
73.0,147.0,11.8872,40.53,98.5953,232.4396,0.0272,0.0002,99.514,218.0645,49.085,-16.0928,0.0,0.0001,2.4558,-0.0008,6.048,35.562,11.8681,27.0511,35.7773
74.0,149.0,11.8535,40.4942,71.8767,231.8747,0.0267,0.0002,99.5022,218.0645,49.0849,-16.0928,0.0,0.0001,2.4513,-0.0009,6.0468,35.5578,11.8341,27.0544,35.782
75.0,151.0,11.8516,40.4939,96.0264,232.1135,0.0269,0.0002,99.4936,218.0645,49.0849,-16.0928,0.0,0.0001,2.4504,0.0,6.048,35.5588,11.832,27.0555,35.7832
76.0,153.0,11.8421,40.4862,88.604,231.5941,0.0274,0.0002,99.4902,218.0647,49.0849,-16.0928,0.0,0.0001,2.4471,-0.0011,6.0515,35.5591,11.8222,27.0576,35.7857
77.0,155.0,11.8152,40.4581,96.8775,231.806,0.0259,0.0002,99.4997,218.0647,49.0849,-16.0928,0.0,0.0001,2.4459,0.0004,6.0497,35.5566,11.7951,27.0609,35.7901
78.0,157.0,11.7991,40.4418,86.3764,230.6116,0.0249,0.0002,99.4862,218.0647,49.0849,-16.0928,0.0,0.0001,2.4406,-0.0022,6.0535,35.5548,11.7788,27.0625,35.7924
79.0,159.0,11.7738,40.4165,88.982,231.1834,0.0259,0.0002,99.4865,218.0648,49.0849,-16.0928,0.0,0.0001,2.4394,-0.0001,6.054,35.5536,11.7532,27.0664,35.7973
80.0,161.0,11.7799,40.4235,96.1335,230.1223,0.0279,0.0002,99.4798,218.0648,49.0849,-16.0928,0.0,0.0001,2.4347,-0.0023,6.0557,35.5539,11.7591,27.0656,35.7962
81.0,163.0,11.7529,40.3956,91.5231,230.7299,0.0238,0.0002,99.484,218.0649,49.0849,-16.0928,0.0,0.0001,2.434,-0.0002,6.0562,35.5511,11.7318,27.0686,35.8004
82.0,165.0,11.7655,40.41,88.6921,230.2638,0.0233,0.0002,99.484,218.0649,49.0848,-16.0928,0.0,0.0001,2.4307,-0.0014,6.0625,35.5525,11.7442,27.0674,35.7986
83.0,167.0,11.7518,40.3982,98.7,230.2625,0.0241,0.0002,99.4676,218.065,49.0848,-16.0928,0.0,0.0001,2.4276,-0.0003,6.0619,35.5529,11.7302,27.0703,35.8021
84.0,169.0,11.7499,40.3972,98.7017,229.9934,0.0249,0.0002,99.4713,218.065,49.0848,-16.0928,0.0,0.0001,2.4259,-0.0006,6.0628,35.5531,11.7281,27.0709,35.8028
85.0,171.0,11.7262,40.3702,98.6919,228.83,0.0258,0.0002,99.47,218.0651,49.0848,-16.0928,0.0,0.0001,2.4202,-0.0026,6.0634,35.5482,11.7041,27.0716,35.8045
86.0,173.0,11.7042,40.3472,92.2494,229.3,0.0251,0.0002,99.4662,218.0652,49.0848,-16.0928,0.0,0.0001,2.4169,-0.0007,6.0704,35.5457,11.6818,27.0739,35.8077
87.0,175.0,11.6765,40.3174,94.0743,227.9525,0.0259,0.0002,99.4709,218.0652,49.0848,-16.0928,0.0,0.0001,2.4062,-0.0025,6.0735,35.542,11.654,27.0763,35.8113
88.0,177.0,11.5918,40.2214,77.0578,227.9071,0.0259,0.0002,99.4724,218.0653,49.0847,-16.0928,0.0,0.0001,2.404,-0.0008,6.0743,35.5273,11.5691,27.0809,35.8195
89.0,179.0,11.6411,40.2766,98.7022,227.9197,0.022,0.0002,99.4602,218.0653,49.0847,-16.0928,0.0,0.0001,2.4024,-0.0012,6.0806,35.5339,11.6181,27.0767,35.8133
90.0,181.0,11.5731,40.202,81.0817,226.2465,0.0202,0.0002,99.4647,218.0654,49.0847,-16.0928,0.0,0.0001,2.3892,-0.0021,6.0863,35.5245,11.5499,27.0823,35.8217
91.0,183.0,11.5699,40.1994,98.6665,226.6214,0.0224,0.0002,99.46,218.0655,49.0847,-16.0928,0.0,0.0001,2.3874,-0.0005,6.0862,35.5241,11.5464,27.0826,35.8222
92.0,185.0,11.5704,40.2002,87.0661,226.1642,0.0242,0.0002,99.454,218.0655,49.0847,-16.0928,0.0,0.0001,2.3844,-0.0008,6.0852,35.5239,11.5467,27.0824,35.8219
93.0,187.0,11.564,40.1945,98.5549,225.7882,0.0303,0.0002,99.4343,218.0656,49.0847,-16.0928,0.0,0.0001,2.3798,-0.0012,6.0881,35.5233,11.5401,27.0832,35.823
94.0,189.0,11.5508,40.1839,94.8647,226.2652,0.0257,0.0002,99.4435,218.0656,49.0846,-16.0928,0.0,0.0001,2.3807,0.0006,6.0872,35.5245,11.5266,27.0867,35.827
95.0,191.0,11.5605,40.1968,98.6977,226.1794,0.0214,0.0002,99.4403,218.0656,49.0846,-16.0928,0.0,0.0001,2.3795,0.0007,6.087,35.5273,11.5361,27.0871,35.827
96.0,193.0,11.5652,40.2042,88.7639,227.1415,0.0219,0.0002,99.4273,218.0657,49.0846,-16.0928,0.0,0.0001,2.3843,0.0016,6.0863,35.529,11.5405,27.0876,35.8273
97.0,195.0,11.5684,40.2089,88.3207,229.2762,0.0229,0.0002,99.423,218.0658,49.0846,-16.0929,0.0,0.0001,2.4011,0.0021,6.0832,35.5295,11.5434,27.0874,35.827
98.0,197.0,11.5869,40.2345,85.4299,230.3072,0.0239,0.0002,99.4209,218.0658,49.0846,-16.0929,0.0,0.0001,2.4102,0.0016,6.081,35.5363,11.5617,27.0892,35.828
99.0,199.0,11.6078,40.2645,96.9476,230.5102,0.0237,0.0002,99.4176,218.0659,49.0845,-16.0929,0.0,0.0001,2.4148,0.0007,6.0815,35.5451,11.5823,27.0922,35.83
100.0,201.0,11.6149,40.2754,89.0147,231.0022,0.0265,0.0002,99.3933,218.066,49.0845,-16.0929,0.0,0.0001,2.4182,0.0007,6.0802,35.5479,11.589,27.0931,35.8306
101.0,203.0,11.6183,40.2807,98.7052,231.8271,0.0262,0.0002,99.3878,218.066,49.0845,-16.0929,0.0,0.0001,2.4232,0.0015,6.0792,35.549,11.5922,27.0934,35.8308
102.0,205.0,11.6203,40.2844,88.0203,231.6613,0.0233,0.0002,99.3846,218.0661,49.0845,-16.0929,0.0,0.0001,2.4243,0.0001,6.0791,35.5499,11.5939,27.0938,35.8311
103.0,207.0,11.6215,40.2873,98.7083,231.6676,0.0255,0.0002,99.3873,218.0662,49.0845,-16.0929,0.0,0.0001,2.424,-0.0001,6.0791,35.5508,11.5949,27.0943,35.8315
104.0,209.0,11.6224,40.2924,98.6961,231.7725,0.0255,0.0002,99.3755,218.0662,49.0845,-16.0929,0.0,0.0001,2.4254,-0.0003,6.0792,35.554,11.5955,27.0966,35.8338
105.0,211.0,11.6193,40.2901,79.7891,232.1174,0.0237,0.0003,99.3592,218.0663,49.0844,-16.093,0.0,0.0001,2.4267,0.0002,6.0799,35.5538,11.5921,27.0972,35.8345
106.0,213.0,11.6166,40.2888,98.7966,232.0557,0.0258,0.0003,99.3507,218.0664,49.0844,-16.093,0.0,0.0001,2.4263,-0.0004,6.0807,35.5543,11.5892,27.098,35.8355
107.0,215.0,11.6072,40.2798,82.4924,232.5331,0.0266,0.0003,99.3424,218.0664,49.0844,-16.093,0.0,0.0001,2.4288,0.0005,6.0796,35.5537,11.5796,27.0994,35.8372
108.0,217.0,11.601,40.277,98.6866,232.2115,0.0255,0.0003,99.3098,218.0665,49.0844,-16.093,0.0,0.0001,2.428,-0.0008,6.0818,35.5558,11.5731,27.1023,35.8403
109.0,219.0,11.5933,40.2701,98.7007,233.0176,0.0254,0.0003,99.3214,218.0665,49.0844,-16.093,0.0,0.0001,2.4291,0.0015,6.0814,35.5556,11.5651,27.1036,35.842
110.0,221.0,11.5954,40.2731,91.9433,232.7297,0.0235,0.0003,99.3194,218.0666,49.0843,-16.093,0.0,0.0001,2.4292,0.0001,6.0822,35.5557,11.567,27.1033,35.8416
111.0,223.0,11.5921,40.2717,98.7034,232.6614,0.0216,0.0003,99.308,218.0667,49.0843,-16.093,0.0,0.0001,2.4284,-0.0002,6.083,35.5562,11.5634,27.1044,35.8428
112.0,225.0,11.5913,40.2719,88.1288,232.666,0.0206,0.0003,99.3095,218.0668,49.0843,-16.093,0.0,0.0001,2.4277,0.0,6.0828,35.5566,11.5625,27.1049,35.8434
113.0,227.0,11.5876,40.2705,94.1109,232.4856,0.0235,0.0003,99.2911,218.0669,49.0843,-16.093,0.0,0.0001,2.426,-0.0001,6.083,35.5577,11.5584,27.1065,35.8451
114.0,229.0,11.5909,40.2755,88.1034,231.0902,0.0219,0.0003,99.3013,218.0669,49.0843,-16.0931,0.0,0.0001,2.4189,-0.0021,6.0817,35.5588,11.5615,27.1068,35.8453
115.0,231.0,11.6004,40.2912,90.9738,229.6322,0.0226,0.0003,99.3128,218.067,49.0842,-16.0931,0.0,0.0001,2.4085,-0.0029,6.0814,35.5642,11.5707,27.1092,35.8473
116.0,233.0,11.5991,40.291,98.7062,229.7469,0.0206,0.0003,99.3008,218.067,49.0842,-16.0931,0.0,0.0001,2.4034,-0.0008,6.0825,35.5644,11.5692,27.1097,35.8478
117.0,235.0,11.5816,40.2725,98.7057,229.5049,0.02,0.0003,99.2915,218.0671,49.0842,-16.0931,0.0,0.0001,2.3993,-0.0002,6.0832,35.5619,11.5513,27.1111,35.85
118.0,237.0,11.5803,40.272,94.5532,229.9165,0.0231,0.0003,99.2915,218.0671,49.0842,-16.0931,0.0,0.0001,2.4006,0.0003,6.084,35.5619,11.5499,27.1114,35.8503
119.0,239.0,11.5628,40.2539,98.6971,229.6512,0.021,0.0003,99.2915,218.0672,49.0842,-16.0931,0.0,0.0001,2.3998,-0.0007,6.0859,35.5598,11.5321,27.1131,35.8528
120.0,241.0,11.5636,40.2569,90.6812,229.4949,0.0223,0.0003,99.269,218.0672,49.0842,-16.0931,0.0,0.0001,2.3981,-0.0007,6.0862,35.5611,11.5327,27.114,35.8536
121.0,243.0,11.5627,40.2563,93.5683,229.5048,0.023,0.0003,99.2626,218.0673,49.0842,-16.0931,0.0,0.0001,2.3959,-0.0001,6.0869,35.5607,11.5315,27.1139,35.8535
122.0,245.0,11.5556,40.25,98.6986,229.4242,0.0237,0.0003,99.2752,218.0673,49.0841,-16.0931,0.0,0.0001,2.3956,-0.0002,6.0869,35.5601,11.5241,27.1149,35.8548
123.0,247.0,11.5546,40.2493,93.1552,229.9798,0.0227,0.0003,99.2589,218.0674,49.0841,-16.0932,0.0,0.0001,2.3975,0.0004,6.0889,35.5597,11.5229,27.1147,35.8547
124.0,249.0,11.5177,40.2074,98.7029,233.2957,0.0232,0.0003,99.2337,218.0675,49.0841,-16.0932,0.0,0.0001,2.4084,0.0063,6.0911,35.5528,11.4858,27.1163,35.8579
125.0,251.0,11.5137,40.2044,90.5385,232.2885,0.025,0.0003,99.2408,218.0675,49.0841,-16.0932,0.0,0.0001,2.4121,0.0013,6.0915,35.5529,11.4816,27.1172,35.8589
126.0,253.0,11.5105,40.203,93.7649,233.048,0.0248,0.0003,99.2322,218.0676,49.0841,-16.0932,0.0,0.0001,2.4178,0.0012,6.0941,35.5536,11.4781,27.1184,35.8603
127.0,255.0,11.5032,40.1972,98.6819,233.1075,0.0247,0.0003,99.2346,218.0676,49.0841,-16.0932,0.0,0.0001,2.42,0.0002,6.0944,35.5537,11.4705,27.1199,35.8621
128.0,257.0,11.5032,40.1977,98.7025,233.3869,0.0262,0.0003,99.2337,218.0677,49.0841,-16.0932,0.0,0.0001,2.421,0.0004,6.0948,35.5536,11.4703,27.1199,35.8621
129.0,259.0,11.4987,40.1953,90.4966,233.3187,0.0242,0.0003,99.2339,218.0677,49.0841,-16.0932,0.0,0.0001,2.4219,-0.0001,6.0946,35.5544,11.4655,27.1214,35.8638
130.0,261.0,11.5001,40.1974,93.0375,232.9503,0.024,0.0003,99.2306,218.0678,49.084,-16.0933,0.0,0.0001,2.4194,-0.0007,6.0946,35.5546,11.4668,27.1213,35.8636
131.0,263.0,11.5001,40.2011,98.6002,233.2655,0.0225,0.0003,99.2263,218.0678,49.084,-16.0933,0.0,0.0001,2.42,0.0001,6.0945,35.557,11.4664,27.1233,35.8656
132.0,265.0,11.4998,40.2011,98.71,233.5915,0.0232,0.0003,99.2275,218.0679,49.084,-16.0933,0.0,0.0001,2.4209,0.0004,6.0955,35.5566,11.4659,27.1231,35.8654
133.0,267.0,11.4907,40.1937,87.0473,233.9021,0.022,0.0003,99.2294,218.0679,49.084,-16.0933,0.0,0.0001,2.423,0.0004,6.0961,35.5571,11.4565,27.1251,35.8679
134.0,269.0,11.488,40.1913,98.6936,234.0934,0.0217,0.0003,99.2097,218.068,49.084,-16.0933,0.0,0.0001,2.4241,0.0003,6.0975,35.5566,11.4535,27.1253,35.8681
135.0,271.0,11.4778,40.1818,76.9775,234.1836,0.0208,0.0003,99.1902,218.068,49.084,-16.0933,0.0,0.0001,2.4245,0.0,6.0992,35.556,11.4432,27.1268,35.87
136.0,273.0,11.4561,40.1598,93.5689,234.6109,0.0233,0.0003,99.2133,218.0681,49.084,-16.0933,0.0,0.0001,2.4259,0.0006,6.1002,35.5542,11.4212,27.1295,35.8737
137.0,275.0,11.4429,40.1471,98.695,234.3556,0.023,0.0003,99.2097,218.0681,49.084,-16.0933,0.0,0.0001,2.4255,-0.0005,6.1033,35.5536,11.4078,27.1316,35.8763
138.0,277.0,11.4296,40.1329,89.0018,234.6238,0.0239,0.0003,99.2256,218.0682,49.0839,-16.0933,0.0,0.0001,2.4247,0.0001,6.1049,35.5513,11.3943,27.1323,35.8776
139.0,279.0,11.4183,40.1221,98.6982,233.9579,0.0245,0.0003,99.2164,218.0683,49.0839,-16.0933,0.0,0.0001,2.4219,-0.0013,6.1058,35.5505,11.3827,27.1338,35.8796
140.0,281.0,11.4132,40.1176,92.3011,233.8313,0.0228,0.0003,99.2122,218.0683,49.0839,-16.0934,0.0,0.0001,2.4182,-0.0004,6.1067,35.5499,11.3773,27.1343,35.8803
141.0,283.0,11.4063,40.1103,96.9177,232.7938,0.0221,0.0003,99.2145,218.0684,49.0839,-16.0934,0.0,0.0001,2.413,-0.0022,6.1093,35.5485,11.3702,27.1346,35.8809
142.0,285.0,11.3878,40.0915,94.143,232.387,0.0248,0.0003,99.2171,218.0684,49.0839,-16.0934,0.0,0.0001,2.4061,-0.001,6.1094,35.5467,11.3514,27.1367,35.8838
143.0,287.0,11.3929,40.0974,98.6931,232.1098,0.0221,0.0003,99.2063,218.0685,49.0839,-16.0934,0.0,0.0001,2.4031,-0.0012,6.1103,35.5469,11.3564,27.1359,35.8828
144.0,289.0,11.3786,40.0836,98.6904,231.9168,0.0232,0.0003,99.2362,218.0685,49.0839,-16.0934,0.0,0.0001,2.4015,-0.001,6.1102,35.546,11.3418,27.138,35.8854
145.0,291.0,11.3794,40.0851,94.4685,232.279,0.0219,0.0003,99.2265,218.0685,49.0839,-16.0934,0.0,0.0001,2.4016,-0.0003,6.111,35.546,11.3424,27.1379,35.8853
146.0,293.0,11.3706,40.0773,98.6897,232.1713,0.0223,0.0003,99.2358,218.0686,49.0839,-16.0934,0.0,0.0001,2.3986,0.0001,6.1119,35.5456,11.3333,27.1392,35.887
147.0,295.0,11.3637,40.0708,77.9195,232.669,0.0206,0.0003,99.2337,218.0686,49.0838,-16.0934,0.0,0.0001,2.4017,0.0005,6.1129,35.5448,11.3261,27.1399,35.8881
148.0,297.0,11.366,40.0743,93.52,232.1222,0.0225,0.0003,99.2357,218.0687,49.0838,-16.0934,0.0,0.0001,2.3989,-0.0007,6.1131,35.5454,11.3282,27.14,35.8881
149.0,299.0,11.3583,40.0668,98.7012,232.1643,0.0201,0.0003,99.2339,218.0687,49.0838,-16.0934,0.0,0.0001,2.3979,-0.0002,6.1143,35.5446,11.3203,27.1409,35.8892
150.0,301.0,11.353,40.0624,98.6692,232.5951,0.0215,0.0003,99.2413,218.0688,49.0838,-16.0934,0.0,0.0001,2.3987,0.0005,6.1143,35.5443,11.3147,27.1416,35.8902
151.0,303.0,11.3518,40.0621,98.7058,232.577,0.0224,0.0003,99.2394,218.0688,49.0838,-16.0934,0.0,0.0001,2.3993,-0.0001,6.1144,35.5442,11.3132,27.1419,35.8905
152.0,305.0,11.3527,40.0637,83.9193,232.3901,0.0226,0.0003,99.2324,218.0689,49.0838,-16.0935,0.0,0.0001,2.3982,-0.0006,6.1155,35.5442,11.314,27.1417,35.8903
153.0,307.0,11.3408,40.0524,95.7694,231.3592,0.0217,0.0003,99.2443,218.0689,49.0838,-16.0934,0.0,0.0001,2.3924,-0.0016,6.1158,35.5434,11.3018,27.1433,35.8925
154.0,309.0,11.3375,40.0498,98.5411,231.4568,0.0232,0.0003,99.2443,218.069,49.0838,-16.0935,0.0,0.0001,2.3909,-0.0007,6.1172,35.5433,11.2983,27.1439,35.8932
155.0,311.0,11.3207,40.0325,98.7069,231.1659,0.0228,0.0003,99.2471,218.069,49.0838,-16.0935,0.0,0.0001,2.3862,-0.0009,6.1215,35.5414,11.2812,27.1456,35.8956
156.0,313.0,11.285,39.9909,62.2875,230.6124,0.0239,0.0003,99.2621,218.0691,49.0838,-16.0935,0.0,0.0001,2.3812,-0.0009,6.1224,35.5335,11.2453,27.1461,35.8976
157.0,315.0,11.2875,39.9949,95.6187,230.7328,0.0201,0.0003,99.2626,218.0691,49.0837,-16.0935,0.0,0.0001,2.38,-0.0005,6.1251,35.5343,11.2476,27.1463,35.8978
158.0,317.0,11.2674,39.9732,84.5961,230.9377,0.0247,0.0003,99.2444,218.0691,49.0837,-16.0935,0.0,0.0001,2.3798,0.0,6.1267,35.531,11.2273,27.1475,35.8998
159.0,319.0,11.2547,39.9605,91.0842,231.5686,0.0227,0.0003,99.261,218.0692,49.0837,-16.0935,0.0,0.0001,2.3823,0.0007,6.127,35.5295,11.2143,27.1487,35.9016
160.0,321.0,11.2586,39.9661,98.6897,230.9337,0.0206,0.0003,99.2622,218.0693,49.0837,-16.0935,0.0,0.0001,2.3811,-0.001,6.1269,35.5307,11.218,27.149,35.9017
161.0,323.0,11.2606,39.9714,98.7059,230.3795,0.0192,0.0003,99.2678,218.0693,49.0837,-16.0935,0.0,0.0001,2.3773,-0.0015,6.1267,35.5329,11.2196,27.1504,35.903
162.0,325.0,11.2614,39.9729,93.6817,230.6734,0.0221,0.0003,99.2638,218.0693,49.0837,-16.0935,0.0,0.0001,2.3764,-0.0004,6.1266,35.5331,11.2203,27.1504,35.903
163.0,327.0,11.2656,39.9794,70.8213,230.1195,0.019,0.0003,99.2553,218.0694,49.0837,-16.0935,0.0,0.0001,2.3732,-0.0008,6.1254,35.5343,11.2241,27.1507,35.9031
164.0,329.0,11.2748,39.9928,95.0619,229.5436,0.0221,0.0003,99.2612,218.0694,49.0837,-16.0935,0.0,0.0001,2.3688,-0.001,6.1231,35.538,11.2331,27.1519,35.9038
165.0,331.0,11.2954,40.0207,98.0479,230.0885,0.0238,0.0003,99.2387,218.0695,49.0837,-16.0935,0.0,0.0001,2.37,0.0001,6.1226,35.5451,11.2534,27.1536,35.9047
166.0,333.0,11.2967,40.0242,98.6909,231.333,0.0214,0.0003,99.2376,218.0695,49.0836,-16.0934,0.0,0.0001,2.3741,0.0023,6.1205,35.5463,11.2544,27.1544,35.9054
167.0,335.0,11.3041,40.0344,98.6962,230.6355,0.0218,0.0003,99.2449,218.0696,49.0836,-16.0934,0.0,0.0001,2.3746,-0.0002,6.1207,35.5483,11.2615,27.1546,35.9053
168.0,337.0,11.3038,40.0341,88.0989,230.8018,0.0209,0.0003,99.2391,218.0696,49.0836,-16.0935,0.0,0.0001,2.3761,-0.0003,6.122,35.5478,11.2611,27.1543,35.9051
169.0,339.0,11.3089,40.0416,98.7982,231.9925,0.0215,0.0003,99.238,218.0697,49.0836,-16.0934,0.0,0.0001,2.3766,0.0028,6.1202,35.5493,11.2658,27.1546,35.9051
170.0,341.0,11.3064,40.0411,96.7316,231.6028,0.0218,0.0003,99.2428,218.0697,49.0836,-16.0934,0.0,0.0001,2.3808,0.0002,6.1208,35.5502,11.263,27.1559,35.9065
171.0,343.0,11.3063,40.0405,92.9929,231.61,0.0204,0.0003,99.2385,218.0698,49.0836,-16.0934,0.0,0.0001,2.3797,0.0003,6.1213,35.5491,11.2628,27.155,35.9056
172.0,345.0,11.2991,40.0348,98.7059,231.9041,0.0222,0.0003,99.2366,218.0698,49.0836,-16.0934,0.0,0.0001,2.3808,0.0006,6.1209,35.5493,11.2553,27.1565,35.9074
173.0,347.0,11.2941,40.0301,88.6621,231.7907,0.0219,0.0003,99.2269,218.0698,49.0836,-16.0934,0.0,0.0001,2.3803,-0.0003,6.1227,35.5486,11.2501,27.157,35.9081
174.0,349.0,11.2802,40.0146,91.9903,231.3869,0.0197,0.0003,99.2359,218.0699,49.0835,-16.0934,0.0,0.0001,2.3778,-0.0008,6.1257,35.5457,11.2359,27.1573,35.9091
175.0,351.0,11.2568,39.9883,98.679,231.6102,0.023,0.0003,99.2373,218.0699,49.0835,-16.0934,0.0,0.0001,2.3772,0.0,6.1265,35.5409,11.2123,27.158,35.9107
176.0,353.0,11.2556,39.9884,83.1807,231.2884,0.0213,0.0003,99.2454,218.07,49.0835,-16.0934,0.0,0.0001,2.3753,-0.0007,6.1287,35.5414,11.2109,27.1586,35.9114
177.0,355.0,11.2446,39.9748,94.2141,231.6147,0.0222,0.0003,99.2482,218.07,49.0835,-16.0934,0.0,0.0001,2.3741,0.0003,6.1299,35.5376,11.1997,27.1577,35.9111
178.0,357.0,11.2289,39.958,93.3169,231.8872,0.0213,0.0003,99.2418,218.0701,49.0835,-16.0934,0.0,0.0001,2.3762,0.0003,6.1292,35.5349,11.1836,27.1586,35.9126
179.0,359.0,11.233,39.9631,98.705,231.4206,0.0202,0.0003,99.2455,218.0701,49.0835,-16.0934,0.0,0.0001,2.3739,-0.0007,6.1308,35.5356,11.1876,27.1584,35.9123
180.0,361.0,11.2299,39.9614,98.7029,232.4298,0.023,0.0003,99.2389,218.0702,49.0835,-16.0934,0.0,0.0001,2.3773,0.0014,6.1306,35.5358,11.1842,27.1592,35.9132
181.0,363.0,11.2338,39.9672,87.0923,232.3171,0.0209,0.0003,99.2418,218.0702,49.0835,-16.0934,0.0,0.0001,2.3783,0.0003,6.1304,35.5369,11.1879,27.1594,35.9132
182.0,365.0,11.233,39.9681,97.9617,232.2812,0.0233,0.0003,99.2388,218.0703,49.0834,-16.0934,0.0,0.0001,2.3778,0.0,6.1306,35.5375,11.1867,27.16,35.9139
183.0,367.0,11.2304,39.9653,98.7028,232.324,0.0228,0.0003,99.2463,218.0703,49.0834,-16.0934,0.0,0.0001,2.3775,-0.0002,6.1324,35.5366,11.184,27.1599,35.9139
184.0,369.0,11.2126,39.9455,59.6269,232.6131,0.021,0.0003,99.2491,218.0703,49.0834,-16.0934,0.0,0.0001,2.3778,0.0004,6.1322,35.5329,11.1659,27.1603,35.9151
185.0,371.0,11.2071,39.9398,96.5944,232.6496,0.0234,0.0003,99.2481,218.0704,49.0834,-16.0934,0.0,0.0001,2.3781,0.0001,6.136,35.5319,11.1602,27.1606,35.9156
186.0,373.0,11.1779,39.907,98.7024,233.4856,0.0228,0.0003,99.2606,218.0704,49.0834,-16.0934,0.0,0.0001,2.3813,0.0008,6.1388,35.5265,11.1308,27.1618,35.9181
187.0,375.0,11.1793,39.9095,76.0985,233.3162,0.0212,0.0003,99.2617,218.0705,49.0834,-16.0934,0.0,0.0001,2.3825,0.0,6.1375,35.5267,11.1319,27.1617,35.9179
188.0,377.0,11.1793,39.911,98.6997,232.9548,0.0202,0.0003,99.2578,218.0705,49.0834,-16.0934,0.0,0.0001,2.3802,-0.0005,6.1379,35.5272,11.1317,27.1622,35.9184
189.0,379.0,11.1766,39.9095,98.704,233.1681,0.0222,0.0003,99.254,218.0706,49.0834,-16.0934,0.0,0.0001,2.3802,-0.0002,6.1396,35.5276,11.1287,27.163,35.9193
190.0,381.0,11.1606,39.8917,75.1167,232.9957,0.0201,0.0003,99.2626,218.0706,49.0834,-16.0934,0.0,0.0001,2.3785,-0.0004,6.1405,35.5242,11.1125,27.1633,35.9204
191.0,383.0,11.1543,39.8859,67.7978,233.5129,0.0221,0.0003,99.2535,218.0707,49.0834,-16.0934,0.0,0.0001,2.3806,0.0003,6.1408,35.5236,11.1059,27.1641,35.9214
192.0,385.0,11.1508,39.8826,98.1474,233.5507,0.0244,0.0003,99.2626,218.0707,49.0833,-16.0934,0.0,0.0001,2.3803,0.0002,6.141,35.5228,11.1022,27.1642,35.9217
193.0,387.0,11.1471,39.8796,95.2591,233.6341,0.0225,0.0003,99.2645,218.0708,49.0833,-16.0934,0.0,0.0001,2.3807,0.0,6.1428,35.5226,11.0982,27.1647,35.9224
194.0,389.0,11.1431,39.8765,98.688,233.576,0.0253,0.0003,99.2634,218.0708,49.0833,-16.0934,0.0,0.0001,2.3804,-0.0002,6.1436,35.5225,11.094,27.1654,35.9233
195.0,391.0,11.1336,39.8655,98.6921,233.7666,0.0234,0.0003,99.2646,218.0709,49.0833,-16.0934,0.0,0.0001,2.3796,0.0002,6.144,35.5198,11.0844,27.1651,35.9233
196.0,393.0,11.1329,39.8676,98.7006,234.5984,0.0225,0.0003,99.218,218.0709,49.0833,-16.0934,0.0,0.0001,2.3823,0.0016,6.1442,35.5217,11.0833,27.1668,35.925
197.0,395.0,11.135,39.8708,89.8945,234.3114,0.0185,0.0003,99.2627,218.0709,49.0833,-16.0934,0.0,0.0001,2.3833,0.0002,6.1436,35.5221,11.0852,27.1667,35.9249
198.0,397.0,11.1385,39.8752,98.69,234.3958,0.019,0.0003,99.2626,218.071,49.0833,-16.0934,0.0,0.0001,2.3834,-0.0002,6.1443,35.5221,11.0885,27.1661,35.9242
199.0,399.0,11.1353,39.8744,98.6789,234.2197,0.023,0.0003,99.2464,218.0711,49.0833,-16.0934,0.0,0.0001,2.3838,-0.0006,6.144,35.5235,11.085,27.1678,35.926
200.0,401.0,11.1303,39.8696,82.9969,234.5421,0.0221,0.0003,99.2557,218.0711,49.0833,-16.0934,0.0,0.0001,2.3839,0.0002,6.1443,35.5228,11.0797,27.1682,35.9266
201.0,403.0,11.1217,39.8628,90.0201,235.6214,0.0173,0.0003,99.253,218.0711,49.0832,-16.0933,0.0,0.0001,2.3858,0.0025,6.1443,35.5229,11.0708,27.17,35.9288
202.0,405.0,11.1167,39.8577,97.0433,235.0523,0.0212,0.0003,99.2545,218.0712,49.0832,-16.0934,0.0,0.0001,2.3867,0.0002,6.1453,35.522,11.0656,27.1702,35.9292
203.0,407.0,11.1167,39.8582,98.719,235.0786,0.0199,0.0003,99.2504,218.0712,49.0832,-16.0933,0.0,0.0001,2.3863,0.0002,6.146,35.5217,11.0654,27.1701,35.9291
204.0,409.0,11.1181,39.8607,98.71,234.8812,0.0244,0.0003,99.2476,218.0713,49.0832,-16.0933,0.0,0.0001,2.3856,-0.0004,6.1463,35.5218,11.0664,27.1699,35.9289
205.0,411.0,11.1132,39.8571,80.2731,235.2592,0.02,0.0003,99.2474,218.0713,49.0832,-16.0934,0.0,0.0001,2.3865,0.0003,6.1466,35.5221,11.0614,27.1711,35.9303
206.0,413.0,11.1149,39.8595,98.6975,235.2441,0.0174,0.0003,99.2383,218.0714,49.0832,-16.0933,0.0,0.0001,2.3867,-0.0002,6.1479,35.5221,11.0629,27.1708,35.93
207.0,415.0,11.1016,39.8468,90.1278,235.3551,0.0208,0.0003,99.2493,218.0714,49.0832,-16.0933,0.0,0.0001,2.3864,0.0,6.1482,35.5212,11.0493,27.1726,35.9323
208.0,417.0,11.1018,39.8471,98.6975,235.3604,0.0196,0.0003,99.2457,218.0715,49.0832,-16.0933,0.0,0.0001,2.3861,-0.0003,6.1496,35.5207,11.0493,27.1722,35.9319
209.0,419.0,11.0888,39.8347,88.6135,236.1724,0.0226,0.0003,99.2577,218.0715,49.0831,-16.0933,0.0,0.0001,2.3892,0.0006,6.1492,35.5197,11.036,27.1738,35.9341
210.0,421.0,11.0912,39.8375,97.0228,235.7598,0.0252,0.0003,99.2236,218.0716,49.0831,-16.0933,0.0,0.0001,2.3893,-0.0007,6.1503,35.5196,11.0382,27.1734,35.9335
211.0,423.0,11.0884,39.8362,98.7,236.3553,0.0247,0.0003,99.2273,218.0716,49.0831,-16.0933,0.0,0.0001,2.3895,0.0006,6.15,35.5201,11.0351,27.1744,35.9346
212.0,425.0,11.0875,39.8367,77.22,236.3766,0.0215,0.0003,99.2358,218.0716,49.0831,-16.0933,0.0,0.0001,2.3918,0.0002,6.1496,35.5205,11.034,27.1749,35.9352
213.0,427.0,11.0904,39.8402,95.3467,236.429,0.0218,0.0003,99.2517,218.0717,49.0831,-16.0933,0.0,0.0001,2.3913,0.0,6.1501,35.5204,11.0366,27.1743,35.9345
214.0,429.0,11.0864,39.8376,98.6999,237.0288,0.0221,0.0003,99.2368,218.0717,49.0831,-16.0933,0.0,0.0001,2.3931,0.001,6.15,35.5207,11.0324,27.1753,35.9357
215.0,431.0,11.083,39.8356,98.7002,236.7836,0.0209,0.0003,99.246,218.0718,49.0831,-16.0933,0.0,0.0001,2.3934,-0.0001,6.1504,35.521,11.0288,27.1762,35.9367
216.0,433.0,11.0825,39.8359,98.6856,237.1742,0.021,0.0003,99.2626,218.0718,49.0831,-16.0933,0.0,0.0001,2.3932,0.0007,6.1511,35.521,11.028,27.1763,35.9369
217.0,435.0,11.0812,39.8357,86.6258,237.2467,0.0205,0.0003,99.2571,218.0719,49.083,-16.0933,0.0,0.0001,2.395,0.0004,6.1509,35.5211,11.0264,27.1767,35.9373
218.0,437.0,11.082,39.8374,91.6603,237.1937,0.0187,0.0003,99.255,218.0719,49.083,-16.0933,0.0,0.0001,2.3956,-0.0001,6.151,35.5212,11.027,27.1767,35.9372
219.0,439.0,11.0828,39.8387,76.2753,237.1215,0.0164,0.0003,99.2577,218.072,49.083,-16.0933,0.0,0.0001,2.3944,-0.0002,6.1514,35.5209,11.0275,27.1763,35.9369
220.0,441.0,11.0785,39.8355,90.2989,237.2953,0.0213,0.0003,99.2474,218.072,49.083,-16.0933,0.0,0.0001,2.3944,0.0002,6.1511,35.5208,11.0229,27.1771,35.9379
221.0,443.0,11.0782,39.8361,98.7023,237.0918,0.0247,0.0003,99.2168,218.0721,49.083,-16.0933,0.0,0.0001,2.3939,-0.0004,6.1519,35.5209,11.0224,27.1773,35.938
222.0,445.0,11.0744,39.8324,66.0267,235.8688,0.0203,0.0003,99.2529,218.0721,49.083,-16.0933,0.0,0.0001,2.3877,-0.0022,6.1534,35.5201,11.0184,27.1774,35.9383
223.0,447.0,11.0525,39.8106,98.6516,236.9722,0.0216,0.0003,99.2461,218.0722,49.083,-16.0933,0.0,0.0001,2.3897,0.0004,6.1535,35.5181,10.9962,27.1799,35.9418
224.0,449.0,11.0619,39.8209,98.68,236.2454,0.0209,0.0003,99.2509,218.0722,49.083,-16.0933,0.0,0.0001,2.3866,-0.0014,6.1562,35.5189,11.0054,27.1788,35.9403
225.0,451.0,11.0349,39.7927,84.4714,236.6798,0.0185,0.0003,99.2481,218.0723,49.083,-16.0933,0.0,0.0001,2.3865,0.0,6.1557,35.5155,10.9782,27.1812,35.9438
226.0,453.0,11.0374,39.7965,98.6227,236.544,0.0177,0.0003,99.2513,218.0723,49.0829,-16.0933,0.0,0.0001,2.3856,-0.0005,6.1574,35.5161,10.9805,27.1812,35.9438
227.0,455.0,11.0298,39.7892,98.7001,236.3852,0.0173,0.0003,99.2524,218.0723,49.0829,-16.0933,0.0,0.0001,2.3838,-0.0005,6.1577,35.5152,10.9726,27.1819,35.9448
228.0,457.0,11.0294,39.7894,98.7,236.6806,0.0181,0.0003,99.2469,218.0724,49.0829,-16.0933,0.0,0.0001,2.3837,0.0001,6.1581,35.515,10.972,27.1819,35.9448
229.0,459.0,11.0282,39.7884,81.5676,236.5437,0.0201,0.0003,99.2538,218.0724,49.0829,-16.0933,0.0,0.0001,2.3833,-0.0003,6.1586,35.5145,10.9705,27.1818,35.9448
230.0,461.0,11.0255,39.7868,98.71,235.8935,0.025,0.0003,99.2451,218.0725,49.0829,-16.0933,0.0,0.0001,2.3803,-0.0011,6.1587,35.5146,10.9676,27.1824,35.9455
231.0,463.0,11.0248,39.7868,91.8092,236.2821,0.0247,0.0003,99.2507,218.0725,49.0829,-16.0933,0.0,0.0001,2.3802,-0.0001,6.1587,35.5144,10.9666,27.1824,35.9455
232.0,465.0,11.0229,39.7846,83.7021,236.0196,0.0237,0.0003,99.2233,218.0726,49.0829,-16.0933,0.0,0.0001,2.3783,-0.001,6.1644,35.5133,10.9646,27.1819,35.9451
233.0,467.0,10.9644,39.7186,98.698,234.624,0.0227,0.0003,99.2461,218.0726,49.0829,-16.0933,0.0,0.0001,2.3712,-0.0028,6.1641,35.5028,10.9059,27.1844,35.9502
234.0,469.0,10.9583,39.7132,93.4185,235.6281,0.0231,0.0003,99.2391,218.0727,49.0829,-16.0933,0.0,0.0001,2.3726,-0.0003,6.1656,35.5023,10.8996,27.1851,35.9512
235.0,471.0,10.9596,39.7152,98.695,233.9261,0.0237,0.0003,99.2481,218.0727,49.0828,-16.0933,0.0,0.0001,2.3655,-0.0033,6.1691,35.502,10.9006,27.1847,35.9507
236.0,473.0,10.9366,39.691,98.6959,235.162,0.021,0.0003,99.2373,218.0728,49.0828,-16.0933,0.0,0.0001,2.3654,-0.0001,6.17,35.4989,10.8774,27.1865,35.9535
237.0,475.0,10.932,39.6859,87.053,234.6838,0.0223,0.0003,99.2377,218.0728,49.0828,-16.0933,0.0,0.0001,2.3636,-0.0007,6.1698,35.4978,10.8727,27.1866,35.9538
238.0,477.0,10.9303,39.6841,98.7015,233.973,0.0259,0.0003,99.2424,218.0728,49.0828,-16.0933,0.0,0.0001,2.359,-0.0017,6.1713,35.4967,10.8706,27.1861,35.9534
239.0,479.0,10.9243,39.679,90.8378,234.7852,0.0235,0.0003,99.2349,218.0729,49.0828,-16.0933,0.0,0.0001,2.3599,0.0001,6.1734,35.4962,10.8644,27.1868,35.9544
240.0,481.0,10.9226,39.6759,98.695,233.4363,0.0231,0.0003,99.2392,218.073,49.0828,-16.0933,0.0,0.0001,2.354,-0.0026,6.1782,35.494,10.8624,27.1854,35.9531
241.0,483.0,10.8632,39.61,98.6963,233.5383,0.0231,0.0003,99.2363,218.073,49.0828,-16.0933,0.0,0.0001,2.3514,-0.0016,6.1811,35.4844,10.8029,27.1887,35.959
242.0,485.0,10.8617,39.6099,92.605,233.641,0.022,0.0003,99.246,218.073,49.0828,-16.0934,0.0,0.0001,2.3494,-0.0005,6.1805,35.4849,10.8013,27.1894,35.9597
243.0,487.0,10.8649,39.6086,98.695,231.7889,0.0231,0.0003,99.2481,218.0731,49.0827,-16.0934,0.0,0.0001,2.3416,-0.0038,6.1856,35.4797,10.8042,27.1848,35.9551
244.0,489.0,10.8157,39.5594,90.5924,232.6694,0.0212,0.0003,99.2305,218.0732,49.0827,-16.0934,0.0,0.0001,2.34,-0.001,6.1876,35.4769,10.7549,27.1915,35.9639
245.0,491.0,10.8068,39.55,82.9785,232.7816,0.0204,0.0003,99.2277,218.0731,49.0827,-16.0934,0.0,0.0001,2.3386,-0.0002,6.1856,35.4756,10.7459,27.1921,35.9648
246.0,493.0,10.8098,39.5549,98.6949,231.6482,0.022,0.0003,99.2379,218.0732,49.0827,-16.0934,0.0,0.0001,2.3333,-0.002,6.1893,35.4765,10.7486,27.1923,35.965
247.0,495.0,10.8016,39.5464,98.6219,231.8925,0.0223,0.0003,99.2456,218.0733,49.0827,-16.0934,0.0,0.0001,2.3314,-0.0006,6.1894,35.475,10.7401,27.1927,35.9657
248.0,497.0,10.8021,39.5486,98.7,231.1827,0.0232,0.0003,99.2423,218.0733,49.0827,-16.0934,0.0,0.0001,2.326,-0.001,6.1898,35.4757,10.7404,27.1932,35.9662
249.0,499.0,10.8057,39.5567,85.4185,230.2579,0.0229,0.0003,99.2362,218.0734,49.0827,-16.0934,0.0,0.0001,2.321,-0.0019,6.1896,35.4796,10.7437,27.1956,35.9684
250.0,501.0,10.8021,39.5537,94.8378,230.4063,0.0214,0.0003,99.2391,218.0734,49.0827,-16.0934,0.0,0.0001,2.3175,-0.0006,6.191,35.4793,10.7398,27.1961,35.969
251.0,503.0,10.7914,39.5442,98.2012,229.7628,0.0207,0.0003,99.2383,218.0734,49.0826,-16.0934,0.0,0.0001,2.3135,-0.0011,6.1911,35.4791,10.7289,27.1979,35.9713
252.0,505.0,10.7941,39.548,98.6964,229.689,0.0197,0.0003,99.2432,218.0735,49.0826,-16.0934,0.0,0.0001,2.3116,-0.0007,6.1901,35.4797,10.7314,27.1979,35.9712
253.0,507.0,10.8017,39.56,84.356,229.7745,0.0232,0.0003,99.2392,218.0735,49.0826,-16.0934,0.0,0.0001,2.3099,-0.0001,6.1898,35.4831,10.7387,27.1993,35.9722
254.0,509.0,10.8013,39.5616,92.9497,228.9716,0.0209,0.0003,99.22,218.0736,49.0826,-16.0934,0.0,0.0001,2.3071,-0.0014,6.1898,35.4844,10.7381,27.2004,35.9733
255.0,511.0,10.7999,39.5619,90.2139,229.0634,0.0221,0.0003,99.2346,218.0736,49.0826,-16.0934,0.0,0.0001,2.3042,-0.0005,6.19,35.4852,10.7364,27.2013,35.9743
256.0,513.0,10.8011,39.564,98.6892,227.9005,0.0196,0.0003,99.2337,218.0737,49.0826,-16.0934,0.0,0.0001,2.3004,-0.0024,6.19,35.4854,10.7373,27.2013,35.9743
257.0,515.0,10.7884,39.5523,94.7656,228.6489,0.0225,0.0003,99.2319,218.0737,49.0826,-16.0935,0.0,0.0001,2.2994,-0.0001,6.1904,35.4847,10.7244,27.2031,35.9766
258.0,517.0,10.7926,39.5573,98.7011,228.1014,0.0232,0.0003,99.2362,218.0738,49.0826,-16.0935,0.0,0.0001,2.297,-0.0011,6.1908,35.4848,10.7283,27.2024,35.9757
259.0,519.0,10.7907,39.5582,83.7315,227.8633,0.0197,0.0003,99.2329,218.0738,49.0825,-16.0935,0.0,0.0001,2.2946,-0.0011,6.1908,35.4868,10.7261,27.2044,35.9778
260.0,521.0,10.7936,39.5632,91.8479,227.7067,0.0204,0.0003,99.2368,218.0739,49.0825,-16.0935,0.0,0.0001,2.2916,-0.0005,6.191,35.4881,10.7289,27.2049,35.9782
261.0,523.0,10.7885,39.5584,88.0205,226.9601,0.021,0.0003,99.2411,218.0739,49.0825,-16.0935,0.0,0.0001,2.2872,-0.0015,6.1934,35.4873,10.7235,27.2052,35.9787
262.0,525.0,10.7715,39.5399,98.6934,225.4191,0.0205,0.0003,99.2548,218.074,49.0825,-16.0935,0.0,0.0001,2.2794,-0.0032,6.1939,35.4844,10.7063,27.2061,35.9804
263.0,527.0,10.7609,39.529,98.6928,225.6653,0.019,0.0003,99.2535,218.074,49.0825,-16.0935,0.0,0.0001,2.2747,-0.0011,6.1953,35.4827,10.6955,27.2067,35.9814
264.0,529.0,10.7541,39.5229,98.6925,224.6895,0.0214,0.0003,99.2405,218.0741,49.0825,-16.0935,0.0,0.0001,2.2673,-0.0015,6.1965,35.4822,10.6885,27.2076,35.9826
265.0,531.0,10.7503,39.5213,98.692,222.3214,0.0186,0.0003,99.2599,218.0741,49.0825,-16.0935,0.0,0.0001,2.2562,-0.0044,6.1963,35.4835,10.6844,27.2093,35.9844
266.0,533.0,10.7513,39.5249,86.4516,222.1867,0.0215,0.0003,99.2414,218.0741,49.0825,-16.0935,0.0,0.0001,2.2471,-0.0016,6.1964,35.4851,10.6851,27.2105,35.9856
267.0,535.0,10.7519,39.5262,98.6893,220.7106,0.0213,0.0003,99.2376,218.0742,49.0825,-16.0936,0.0,0.0001,2.2378,-0.0026,6.1963,35.4851,10.6855,27.2104,35.9854
268.0,537.0,10.7513,39.5273,81.6662,220.2515,0.0263,0.0003,99.2413,218.0742,49.0824,-16.0936,0.0,0.0001,2.2308,-0.0018,6.1964,35.4858,10.6846,27.2111,35.9862
269.0,539.0,10.7509,39.5285,98.6882,221.1745,0.0224,0.0003,99.2356,218.0743,49.0824,-16.0936,0.0,0.0001,2.2328,0.0,6.1996,35.4866,10.6841,27.2118,35.9869
270.0,541.0,10.7147,39.4865,98.685,217.9021,0.0179,0.0003,99.2515,218.0743,49.0824,-16.0936,0.0,0.0001,2.2205,-0.0054,6.2015,35.4784,10.6477,27.2119,35.9886
271.0,543.0,10.6574,39.4241,90.3046,218.9428,0.0183,0.0003,99.2438,218.0744,49.0824,-16.0936,0.0,0.0001,2.2173,-0.0009,6.2012,35.4701,10.5904,27.2157,35.9949
272.0,545.0,10.696,39.4678,98.5924,218.6664,0.0214,0.0003,99.225,218.0744,49.0824,-16.0936,0.0,0.0001,2.2128,-0.0018,6.2173,35.4761,10.6286,27.2136,35.9911
273.0,547.0,10.5776,39.3334,84.6062,217.8037,0.0226,0.0003,99.2472,218.0745,49.0824,-16.0936,0.0,0.0001,2.2027,-0.0014,6.2212,35.4545,10.5104,27.2178,36.0005
274.0,549.0,10.5643,39.3192,94.8254,218.1317,0.0227,0.0003,99.2566,218.0745,49.0824,-16.0936,0.0,0.0001,2.2025,-0.0003,6.2199,35.4521,10.4969,27.2183,36.0016
275.0,551.0,10.5739,39.3304,97.3263,218.0479,0.0196,0.0003,99.2485,218.0745,49.0824,-16.0936,0.0,0.0001,2.2011,-0.0007,6.2263,35.4535,10.5063,27.2177,36.0006
276.0,553.0,10.5275,39.2776,98.2861,219.2544,0.025,0.0003,99.2626,218.0746,49.0824,-16.0936,0.0,0.0001,2.203,0.0018,6.2262,35.4443,10.4597,27.2187,36.0038
277.0,555.0,10.5098,39.2594,98.68,219.0111,0.0198,0.0003,99.2516,218.0746,49.0823,-16.0936,0.0,0.0001,2.2049,0.0001,6.2303,35.442,10.4419,27.2201,36.0059
278.0,557.0,10.4978,39.2475,90.5163,219.0042,0.0224,0.0003,99.258,218.0747,49.0823,-16.0936,0.0,0.0001,2.2045,-0.0003,6.2333,35.4407,10.4297,27.2213,36.0076
279.0,559.0,10.4983,39.2493,91.9547,218.251,0.0228,0.0003,99.2587,218.0747,49.0823,-16.0936,0.0,0.0001,2.2007,-0.0015,6.2349,35.4414,10.43,27.2218,36.008
280.0,561.0,10.4706,39.2186,90.8154,218.7206,0.0206,0.0003,99.2574,218.0748,49.0823,-16.0936,0.0,0.0001,2.2013,-0.0002,6.2341,35.436,10.402,27.2225,36.01
281.0,563.0,10.4734,39.2223,98.68,218.2485,0.0201,0.0003,99.2457,218.0748,49.0823,-16.0936,0.0,0.0001,2.199,-0.001,6.2348,35.4366,10.4047,27.2225,36.0099
282.0,565.0,10.4714,39.221,83.4262,216.2351,0.023,0.0003,99.2564,218.0748,49.0823,-16.0936,0.0,0.0001,2.19,-0.0036,6.2353,35.4361,10.4023,27.2225,36.01
283.0,567.0,10.4636,39.2146,98.681,217.2945,0.024,0.0003,99.2608,218.0749,49.0823,-16.0937,0.0,0.0001,2.188,-0.0001,6.2358,35.4361,10.3943,27.224,36.0118
284.0,569.0,10.4685,39.2201,98.68,214.6977,0.0246,0.0003,99.2626,218.0749,49.0823,-16.0937,0.0,0.0001,2.1796,-0.0051,6.2385,35.4363,10.399,27.2232,36.0109
285.0,571.0,10.4524,39.2051,85.6176,208.837,0.022,0.0003,99.2619,218.0749,49.0822,-16.0936,0.0,0.0001,2.1581,-0.0133,6.2371,35.4358,10.3826,27.2257,36.0141
286.0,573.0,10.4419,39.196,93.5077,213.0973,0.0201,0.0003,99.2611,218.075,49.0822,-16.0937,0.0,0.0001,2.1543,-0.0004,6.2385,35.4357,10.372,27.2276,36.0164
287.0,575.0,10.4456,39.2009,90.104,209.3082,0.0246,0.0003,99.2626,218.075,49.0822,-16.0937,0.0,0.0001,2.1421,-0.0068,6.24,35.4363,10.3753,27.2275,36.0161
288.0,577.0,10.4372,39.1932,88.8467,209.573,0.0221,0.0003,99.269,218.0751,49.0822,-16.0937,0.0,0.0001,2.1341,-0.0033,6.2404,35.4358,10.3668,27.2286,36.0176
289.0,579.0,10.4385,39.1961,98.68,208.578,0.0214,0.0003,99.253,218.0751,49.0822,-16.0936,0.0,0.0001,2.1224,-0.0022,6.2409,35.4365,10.3678,27.2289,36.0179
290.0,581.0,10.4355,39.1936,98.68,208.7169,0.0194,0.0003,99.2257,218.0751,49.0822,-16.0936,0.0,0.0001,2.119,-0.0009,6.2411,35.4359,10.3646,27.229,36.0181
291.0,583.0,10.4321,39.1926,98.68,208.7595,0.0182,0.0003,99.2801,218.0752,49.0822,-16.0937,0.0,0.0001,2.1183,-0.0005,6.2413,35.4374,10.3609,27.2308,36.02
292.0,585.0,10.4339,39.1961,98.68,205.4348,0.02,0.0003,99.2626,218.0752,49.0822,-16.0937,0.0,0.0001,2.1062,-0.0055,6.2415,35.4384,10.3625,27.2313,36.0205
293.0,587.0,10.4305,39.195,88.5068,205.2268,0.0196,0.0003,99.2683,218.0753,49.0822,-16.0937,0.0,0.0001,2.0972,-0.0031,6.2417,35.4396,10.3588,27.2329,36.0222
294.0,589.0,10.4299,39.196,96.409,205.5189,0.0207,0.0003,99.261,218.0753,49.0822,-16.0937,0.0,0.0001,2.0924,-0.0007,6.2416,35.4402,10.358,27.2335,36.0228
295.0,591.0,10.4301,39.1967,98.657,204.2229,0.0204,0.0003,99.2706,218.0754,49.0822,-16.0937,0.0,0.0001,2.0869,-0.0027,6.2444,35.4402,10.358,27.2335,36.0228
296.0,593.0,10.4092,39.1768,98.68,201.734,0.0213,0.0003,99.2626,218.0754,49.0821,-16.0937,0.0,0.0001,2.0743,-0.0053,6.2439,35.4392,10.3368,27.2365,36.0267
297.0,595.0,10.3992,39.1668,88.8324,202.4929,0.0179,0.0003,99.2649,218.0754,49.0821,-16.0937,0.0,0.0001,2.0694,-0.0016,6.2454,35.4379,10.3266,27.2372,36.0279
298.0,597.0,10.412,39.1802,96.6217,202.2838,0.0205,0.0003,99.27,218.0755,49.0821,-16.0937,0.0,0.0001,2.0651,-0.0012,6.2505,35.4384,10.3392,27.2354,36.0255
299.0,599.0,10.3691,39.1336,98.68,200.8651,0.0202,0.0003,99.2722,218.0755,49.0821,-16.0937,0.0,0.0001,2.0578,-0.0028,6.2524,35.4318,10.2963,27.2378,36.0298
300.0,601.0,10.3381,39.1011,98.6107,201.3121,0.0225,0.0003,99.275,218.0755,49.0821,-16.0936,0.0,0.0001,2.0552,-0.0008,6.2537,35.428,10.2651,27.2403,36.0337
301.0,603.0,10.3405,39.1056,91.3106,201.0146,0.0233,0.0003,99.2754,218.0756,49.0821,-16.0937,0.0,0.0001,2.0514,-0.0007,6.2575,35.4295,10.2672,27.2411,36.0343
302.0,605.0,10.3152,39.0777,98.6337,201.0065,0.0159,0.0003,99.2881,218.0756,49.0821,-16.0936,0.0,0.0001,2.0497,-0.0004,6.2582,35.4248,10.2418,27.2418,36.0362
303.0,607.0,10.3019,39.0644,96.6193,200.828,0.0196,0.0003,99.2678,218.0757,49.0821,-16.0936,0.0,0.0001,2.0481,-0.0005,6.2598,35.4233,10.2283,27.2431,36.038
304.0,609.0,10.3059,39.0692,98.68,200.3765,0.0235,0.0003,99.2843,218.0757,49.0821,-16.0936,0.0,0.0001,2.0454,-0.001,6.2599,35.4236,10.232,27.2426,36.0374
305.0,611.0,10.2942,39.0584,95.5312,200.4399,0.0245,0.0003,99.2179,218.0757,49.0821,-16.0936,0.0,0.0001,2.0445,-0.0006,6.2613,35.423,10.2202,27.2442,36.0395
306.0,613.0,10.2829,39.047,98.68,200.341,0.0217,0.0003,99.2889,218.0758,49.0821,-16.0936,0.0,0.0001,2.0441,-0.0005,6.264,35.4213,10.2086,27.2449,36.0407
307.0,615.0,10.2601,39.0247,98.6291,200.7851,0.0233,0.0003,99.2647,218.0758,49.0821,-16.0936,0.0,0.0001,2.0437,0.0,6.2632,35.4199,10.1856,27.2479,36.0446
308.0,617.0,10.2597,39.0249,91.9203,201.0996,0.0223,0.0003,99.2608,218.0758,49.082,-16.0936,0.0,0.0001,2.0446,0.0006,6.2628,35.4199,10.185,27.2479,36.0448
309.0,619.0,10.2684,39.0353,98.68,201.2337,0.0176,0.0003,99.2855,218.0759,49.082,-16.0936,0.0,0.0001,2.0447,0.0003,6.2676,35.4208,10.1934,27.2472,36.0437
310.0,621.0,10.2476,39.0146,98.68,200.6985,0.021,0.0003,99.2915,218.0759,49.082,-16.0936,0.0,0.0001,2.0428,-0.0006,6.2674,35.4192,10.1725,27.2496,36.047
311.0,623.0,10.2358,39.0036,80.2384,201.3211,0.0228,0.0003,99.2754,218.076,49.082,-16.0936,0.0,0.0001,2.0441,0.0004,6.2697,35.4187,10.1604,27.2513,36.0491
312.0,625.0,10.237,39.005,95.8632,201.9114,0.0206,0.0003,99.2662,218.076,49.082,-16.0936,0.0,0.0001,2.0456,0.0007,6.2735,35.4182,10.1615,27.2507,36.0485
313.0,627.0,10.2035,38.9699,98.68,201.7599,0.0218,0.0003,99.2734,218.0761,49.082,-16.0936,0.0,0.0001,2.0464,-0.0002,6.2743,35.4143,10.1279,27.2535,36.0528
314.0,629.0,10.1939,38.9615,98.68,201.5026,0.0222,0.0003,99.2684,218.0761,49.082,-16.0936,0.0,0.0001,2.0457,-0.0004,6.2742,35.4139,10.118,27.2549,36.0546
315.0,631.0,10.1952,38.9634,98.68,201.2485,0.0212,0.0003,99.2819,218.0761,49.082,-16.0936,0.0,0.0001,2.0438,-0.0008,6.2769,35.4141,10.1192,27.2549,36.0545
316.0,633.0,10.1875,38.9547,98.68,199.5199,0.0192,0.0003,99.266,218.0762,49.082,-16.0936,0.0,0.0001,2.036,-0.0032,6.2778,35.4118,10.1113,27.2545,36.0545
317.0,635.0,10.1427,38.9095,91.7189,199.8546,0.0218,0.0003,99.268,218.0762,49.082,-16.0936,0.0,0.0001,2.032,-0.0008,6.2786,35.4082,10.0663,27.2594,36.0614
318.0,637.0,10.1547,38.9226,98.68,198.5254,0.0234,0.0003,99.287,218.0763,49.082,-16.0936,0.0,0.0001,2.0266,-0.0035,6.2883,35.409,10.078,27.2581,36.0595
319.0,639.0,10.1051,38.8721,98.68,196.7005,0.024,0.0003,99.2915,218.0763,49.082,-16.0936,0.0,0.0001,2.0164,-0.0047,6.2855,35.405,10.0284,27.2635,36.0671
320.0,641.0,10.1037,38.8714,94.9149,198.31,0.0248,0.0003,99.2779,218.0763,49.082,-16.0936,0.0,0.0001,2.0156,-0.0001,6.2854,35.4047,10.0267,27.2636,36.0672
321.0,643.0,10.1223,38.8918,98.68,197.4165,0.0248,0.0003,99.2766,218.0764,49.082,-16.0936,0.0,0.0001,2.0123,-0.0018,6.2893,35.4068,10.0451,27.262,36.0648
322.0,645.0,10.0896,38.858,98.68,196.7403,0.0219,0.0003,99.2867,218.0764,49.0819,-16.0936,0.0,0.0001,2.0071,-0.0019,6.2889,35.4032,10.0123,27.2648,36.0691
323.0,647.0,10.0894,38.8587,98.0579,197.1867,0.0207,0.0003,99.2741,218.0764,49.082,-16.0936,0.0,0.0001,2.0054,-0.0005,6.2912,35.4032,10.0119,27.2649,36.0692
324.0,649.0,10.0692,38.8384,98.6418,196.9807,0.0193,0.0003,99.2711,218.0765,49.0819,-16.0935,0.0,0.0001,2.0032,-0.0004,6.2934,35.4014,9.9915,27.267,36.0722
325.0,651.0,10.0595,38.8316,98.68,196.2052,0.0224,0.0003,99.2859,218.0765,49.0819,-16.0935,0.0,0.0001,1.9993,-0.0015,6.2939,35.4029,9.9816,27.2699,36.0755
326.0,653.0,10.0592,38.8332,71.872,196.2017,0.0237,0.0003,99.2791,218.0766,49.0819,-16.0935,0.0,0.0001,1.9971,-0.0008,6.2944,35.4039,9.9811,27.2708,36.0764
327.0,655.0,10.0539,38.8294,97.4729,196.5023,0.0238,0.0003,99.2785,218.0766,49.0819,-16.0935,0.0,0.0001,1.9971,-0.0001,6.2947,35.4043,9.9754,27.272,36.0779
328.0,657.0,10.0523,38.8286,98.5725,195.7887,0.0204,0.0003,99.2679,218.0767,49.0819,-16.0935,0.0,0.0001,1.9944,-0.0014,6.298,35.4041,9.9737,27.2722,36.0782
329.0,659.0,10.0302,38.8087,98.68,195.3663,0.0204,0.0003,99.2713,218.0767,49.0819,-16.0935,0.0,0.0001,1.9911,-0.0015,6.2952,35.4045,9.9514,27.2763,36.0832
330.0,661.0,10.0172,38.7972,87.3537,195.7225,0.0227,0.0003,99.2626,218.0767,49.0819,-16.0935,0.0,0.0001,1.9903,-0.0004,6.2976,35.4046,9.9382,27.2787,36.0861
331.0,663.0,10.0226,38.8042,95.6585,195.7811,0.0241,0.0003,99.2653,218.0768,49.0819,-16.0935,0.0,0.0001,1.9898,-0.0003,6.2994,35.4055,9.9433,27.2785,36.0857
332.0,665.0,10.0148,38.7976,98.68,195.4253,0.0228,0.0003,99.2626,218.0768,49.0819,-16.0935,0.0,0.0001,1.9874,-0.0007,6.3014,35.4055,9.9353,27.2799,36.0874
333.0,667.0,9.9911,38.7764,98.68,195.902,0.0218,0.0003,99.2626,218.0768,49.0819,-16.0935,0.0,0.0001,1.9878,0.0003,6.3011,35.4061,9.9115,27.2844,36.0929
334.0,669.0,9.9986,38.7866,95.7306,195.7435,0.0215,0.0003,99.2603,218.0769,49.0819,-16.0935,0.0,0.0001,1.9873,-0.0001,6.3026,35.4083,9.9188,27.2849,36.0931
335.0,671.0,9.9742,38.7643,98.68,196.0255,0.0222,0.0003,99.2626,218.0769,49.0819,-16.0935,0.0,0.0001,1.9871,0.0002,6.3062,35.4084,9.8941,27.2892,36.0984
336.0,673.0,9.9593,38.75,98.68,195.9352,0.0228,0.0003,99.2578,218.0769,49.0819,-16.0935,0.0,0.0001,1.9869,0.0,6.3059,35.4074,9.8791,27.291,36.1008
337.0,675.0,9.9614,38.7525,91.5042,195.7654,0.0206,0.0003,99.2605,218.077,49.0819,-16.0935,0.0,0.0001,1.9841,-0.0005,6.3095,35.4073,9.881,27.2906,36.1004
338.0,677.0,9.9389,38.7295,98.68,195.4751,0.0234,0.0003,99.2626,218.077,49.0819,-16.0935,0.0,0.0001,1.9835,-0.0005,6.3095,35.4046,9.8583,27.2923,36.1031
339.0,679.0,9.9334,38.7243,80.4363,195.53,0.0247,0.0003,99.2588,218.0771,49.0819,-16.0935,0.0,0.0001,1.9827,-0.0004,6.3121,35.4038,9.8526,27.2927,36.1037
340.0,681.0,9.9248,38.7159,94.5851,194.5041,0.0229,0.0003,99.244,218.0771,49.0818,-16.0934,0.0,0.0001,1.9776,-0.0017,6.3162,35.4027,9.8439,27.2934,36.1048
341.0,683.0,9.899,38.6881,98.7074,193.8041,0.0237,0.0003,99.2626,218.0771,49.0818,-16.0934,0.0,0.0001,1.9719,-0.0019,6.3145,35.3986,9.8179,27.2945,36.1071
342.0,685.0,9.8965,38.6865,98.68,194.5547,0.0206,0.0003,99.2558,218.0772,49.0818,-16.0934,0.0,0.0001,1.972,-0.0002,6.3184,35.3986,9.8151,27.295,36.1077
343.0,687.0,9.8673,38.6556,98.68,192.9039,0.0231,0.0003,99.2535,218.0772,49.0818,-16.0934,0.0,0.0001,1.9668,-0.0031,6.3198,35.3944,9.7859,27.2968,36.1108
344.0,689.0,9.8532,38.6418,98.68,193.2677,0.0213,0.0003,99.2538,218.0773,49.0818,-16.0934,0.0,0.0001,1.9642,-0.0013,6.3236,35.3932,9.7716,27.2982,36.1129
345.0,691.0,9.8429,38.632,98.68,192.7038,0.0249,0.0003,99.2626,218.0773,49.0818,-16.0934,0.0,0.0001,1.959,-0.0015,6.3262,35.3924,9.7611,27.2994,36.1145
346.0,693.0,9.8125,38.5994,78.0691,192.5053,0.0224,0.0003,99.2626,218.0773,49.0818,-16.0934,0.0,0.0001,1.9561,-0.0014,6.3321,35.3879,9.7306,27.301,36.1175
347.0,695.0,9.7798,38.5657,97.454,192.3945,0.0221,0.0003,99.2576,218.0774,49.0818,-16.0934,0.0,0.0001,1.952,-0.0004,6.3317,35.3842,9.6977,27.3037,36.1216
348.0,697.0,9.7778,38.5636,96.1404,191.792,0.0243,0.0003,99.2626,218.0774,49.0818,-16.0934,0.0,0.0001,1.9495,-0.0016,6.337,35.3832,9.6956,27.3033,36.1213
349.0,699.0,9.7518,38.536,98.7515,191.3846,0.0238,0.0003,99.2626,218.0774,49.0818,-16.0934,0.0,0.0001,1.9475,-0.0017,6.3352,35.3793,9.6695,27.3047,36.1238
350.0,701.0,9.7403,38.5263,98.68,192.2134,0.0227,0.0003,99.2474,218.0775,49.0818,-16.0934,0.0,0.0001,1.9475,0.0002,6.3337,35.3796,9.6578,27.3069,36.1265
351.0,703.0,9.7584,38.5457,98.68,191.3474,0.0219,0.0003,99.2565,218.0775,49.0818,-16.0934,0.0,0.0001,1.9435,-0.0021,6.3472,35.3814,9.6756,27.3053,36.1241
352.0,705.0,9.7061,38.4902,73.0969,190.3766,0.0233,0.0003,99.2626,218.0775,49.0818,-16.0934,0.0,0.0001,1.9405,-0.0029,6.3483,35.3745,9.6233,27.3087,36.1299
353.0,707.0,9.6705,38.4538,98.7261,190.8309,0.0237,0.0003,99.2618,218.0776,49.0818,-16.0934,0.0,0.0001,1.9374,-0.0008,6.3419,35.3708,9.5876,27.3117,36.1345
354.0,709.0,9.6648,38.449,98.6603,191.6384,0.0245,0.0003,99.259,218.0776,49.0818,-16.0934,0.0,0.0001,1.9389,-0.0001,6.3518,35.3707,9.5818,27.3127,36.1357
355.0,711.0,9.6267,38.397,98.68,190.7059,0.0221,0.0003,99.2395,218.0777,49.0817,-16.0933,0.0,0.0001,1.9328,-0.002,6.3703,35.3535,9.5436,27.3056,36.1306
356.0,713.0,9.5742,38.3468,41.4025,190.5834,0.0266,0.0003,99.2626,218.0777,49.0817,-16.0933,0.0,0.0001,1.9328,-0.0015,6.3621,35.3525,9.4912,27.3136,36.1408
357.0,715.0,9.5227,38.2912,98.6801,191.1702,0.0242,0.0003,99.2578,218.0777,49.0817,-16.0933,0.0,0.0001,1.9334,-0.0001,6.3563,35.3445,9.4396,27.3159,36.1454
358.0,717.0,9.5131,38.2816,97.0818,191.6131,0.0207,0.0003,99.253,218.0777,49.0817,-16.0933,0.0,0.0001,1.9341,0.0,6.3672,35.3436,9.4299,27.3168,36.1468
359.0,719.0,9.5074,38.2749,98.68,190.0083,0.0207,0.0003,99.2626,218.0778,49.0817,-16.0933,0.0,0.0001,1.9272,-0.0026,6.3744,35.341,9.424,27.3158,36.146
360.0,721.0,9.48,38.2517,98.68,189.8994,0.0207,0.0003,99.2626,218.0778,49.0817,-16.0933,0.0,0.0001,1.926,-0.0018,6.3712,35.3428,9.3964,27.3218,36.1532
361.0,723.0,9.4973,38.2737,86.4379,190.7056,0.021,0.0003,99.2613,218.0779,49.0817,-16.0933,0.0,0.0001,1.9247,0.0001,6.3708,35.3477,9.4134,27.3228,36.1534
362.0,725.0,9.5017,38.2776,95.7625,190.4168,0.0198,0.0003,99.264,218.0779,49.0817,-16.0933,0.0,0.0001,1.9244,-0.0006,6.3706,35.3468,9.4176,27.3214,36.1518
363.0,727.0,9.5201,38.3036,98.68,189.6526,0.0202,0.0003,99.2626,218.0779,49.0817,-16.0933,0.0,0.0001,1.9209,-0.0017,6.3749,35.3547,9.4357,27.3246,36.1541
364.0,729.0,9.5028,38.2864,98.68,189.6003,0.0218,0.0003,99.2657,218.078,49.0817,-16.0933,0.0,0.0001,1.9186,-0.001,6.3726,35.3531,9.4182,27.3262,36.1565
365.0,731.0,9.4949,38.2803,79.2582,189.9,0.0255,0.0003,99.2649,218.078,49.0817,-16.0933,0.0,0.0001,1.918,-0.0001,6.3722,35.3536,9.4101,27.328,36.1586
366.0,733.0,9.512,38.3072,98.7167,188.4332,0.0228,0.0003,99.2737,218.078,49.0817,-16.0933,0.0,0.0001,1.913,-0.0024,6.3733,35.3636,9.4269,27.333,36.1628
367.0,735.0,9.481,38.276,98.68,188.481,0.0198,0.0003,99.2693,218.0781,49.0817,-16.0933,0.0,0.0001,1.9095,-0.0013,6.3762,35.3609,9.3957,27.3361,36.1672
368.0,737.0,9.4541,38.2491,98.68,187.6388,0.021,0.0003,99.2827,218.0781,49.0817,-16.0933,0.0,0.0001,1.9023,-0.0022,6.3826,35.3587,9.3687,27.3388,36.1712
369.0,739.0,9.4483,38.2454,85.1126,187.4381,0.0246,0.0003,99.2843,218.0781,49.0816,-16.0933,0.0,0.0001,1.8987,-0.0007,6.3797,35.3593,9.3627,27.3403,36.1729
370.0,741.0,9.4634,38.2654,98.68,187.2533,0.0195,0.0003,99.2876,218.0782,49.0816,-16.0933,0.0,0.0001,1.8956,-0.0015,6.3971,35.3645,9.3775,27.3419,36.1738
371.0,743.0,9.34,38.1281,98.68,185.3924,0.0216,0.0003,99.2915,218.0782,49.0816,-16.0933,0.0,0.0001,1.8874,-0.0031,6.3881,35.3426,9.2545,27.345,36.1825
372.0,745.0,9.295,38.0793,96.1207,186.3752,0.0217,0.0003,99.3011,218.0782,49.0816,-16.0932,0.0,0.0001,1.8853,-0.001,6.4058,35.3355,9.2095,27.3469,36.1864
373.0,747.0,9.2859,38.0696,84.185,185.141,0.0208,0.0003,99.2915,218.0783,49.0816,-16.0932,0.0,0.0001,1.8778,-0.0023,6.4148,35.3334,9.2003,27.3468,36.1867
374.0,749.0,9.2218,37.999,96.2968,184.5876,0.0229,0.0003,99.2915,218.0783,49.0816,-16.0932,0.0,0.0001,1.8736,-0.0018,6.4072,35.3224,9.1363,27.3486,36.1915
375.0,751.0,9.1042,37.8702,98.68,185.4242,0.0231,0.0003,99.307,218.0783,49.0816,-16.0932,0.0,0.0001,1.8704,-0.0014,6.4522,35.3033,9.0191,27.3527,36.201
376.0,753.0,8.966,37.7117,84.1361,184.6717,0.0276,0.0003,99.317,218.0784,49.0816,-16.0932,0.0,0.0001,1.8655,-0.0015,6.4474,35.2732,8.8815,27.3513,36.206
377.0,755.0,8.7803,37.5081,98.68,185.7961,0.0251,0.0003,99.3184,218.0784,49.0816,-16.0932,0.0,0.0001,1.8654,0.0001,6.4627,35.2424,8.6966,27.3566,36.2199
378.0,757.0,8.8425,37.5741,98.68,184.6538,0.0377,0.0003,99.311,218.0785,49.0816,-16.0932,0.0,0.0001,1.8582,-0.0028,6.5048,35.2495,8.7582,27.3523,36.2128
379.0,759.0,8.642,37.3576,95.6845,185.4967,0.0285,0.0003,99.3204,218.0785,49.0816,-16.0932,0.0,0.0001,1.8555,-0.0007,6.5136,35.2195,8.5586,27.3604,36.2301
380.0,761.0,8.569,37.2807,86.3544,185.6136,0.0239,0.0003,99.3454,218.0785,49.0816,-16.0932,0.0,0.0001,1.8559,-0.0002,6.5094,35.2098,8.4858,27.3641,36.2372
381.0,763.0,8.59,37.3126,82.3063,185.6784,0.0217,0.0003,99.3469,218.0786,49.0816,-16.0932,0.0,0.0001,1.856,0.0,6.506,35.2214,8.5063,27.3701,36.2421
382.0,765.0,8.6449,37.3768,91.378,185.1332,0.0166,0.0003,99.3522,218.0786,49.0815,-16.0932,0.0,0.0001,1.8546,-0.0003,6.4918,35.2339,8.5607,27.3713,36.2408
383.0,767.0,8.7001,37.4522,98.68,184.1834,0.0199,0.0003,99.3492,218.0786,49.0815,-16.0932,0.0,0.0001,1.8517,-0.0018,6.4941,35.2576,8.6154,27.3813,36.248
384.0,769.0,8.7026,37.4597,98.6158,184.2909,0.0193,0.0003,99.3568,218.0787,49.0815,-16.0932,0.0,0.0001,1.8485,-0.0007,6.4936,35.262,8.6176,27.3844,36.2509
385.0,771.0,8.6875,37.4463,98.68,184.2699,0.0209,0.0003,99.3556,218.0787,49.0815,-16.0932,0.0,0.0001,1.8479,-0.0003,6.4946,35.2621,8.6024,27.3869,36.254
386.0,773.0,8.6893,37.4484,98.68,183.7642,0.0197,0.0002,99.3781,218.0787,49.0815,-16.0932,0.0,0.0001,1.8466,-0.0014,6.493,35.2617,8.6041,27.3864,36.2535
387.0,775.0,8.6999,37.4651,98.68,183.8775,0.0229,0.0002,99.3781,218.0788,49.0815,-16.0932,0.0,0.0001,1.8461,-0.001,6.4929,35.2679,8.6143,27.3896,36.2562
388.0,777.0,8.7057,37.4739,98.68,184.1576,0.0251,0.0002,99.3781,218.0788,49.0815,-16.0931,0.0,0.0001,1.8455,-0.0002,6.493,35.2704,8.6198,27.3907,36.257
389.0,779.0,8.7007,37.465,85.0825,184.3863,0.0231,0.0002,99.3773,218.0788,49.0815,-16.0932,0.0,0.0001,1.8456,-0.0001,6.4957,35.2652,8.6147,27.3874,36.254
390.0,781.0,8.673,37.4392,98.6362,184.0317,0.0245,0.0002,99.407,218.0789,49.0814,-16.0931,0.0,0.0001,1.8437,-0.0007,6.5024,35.2644,8.5869,27.3912,36.259
391.0,783.0,8.6403,37.4086,98.52,184.1275,0.0232,0.0002,99.4001,218.0789,49.0814,-16.0931,0.0,0.0001,1.8428,-0.0005,6.5041,35.2639,8.5541,27.3959,36.2652
392.0,785.0,8.6211,37.3926,95.5267,183.8665,0.0224,0.0002,99.4035,218.079,49.0814,-16.0931,0.0,0.0001,1.8415,-0.0007,6.5016,35.2649,8.5347,27.3997,36.2698
393.0,787.0,8.62,37.3928,87.5709,184.138,0.0226,0.0002,99.3987,218.079,49.0814,-16.0931,0.0,0.0001,1.8422,0.0002,6.4939,35.2654,8.5335,27.4003,36.2705
394.0,789.0,8.6268,37.4001,95.8777,183.7154,0.0204,0.0002,99.407,218.079,49.0814,-16.0931,0.0,0.0001,1.8416,-0.0004,6.4783,35.2654,8.54,27.3993,36.2692
395.0,791.0,8.6484,37.435,98.68,184.8413,0.0211,0.0002,99.407,218.079,49.0814,-16.0931,0.0,0.0001,1.8425,0.0016,6.4909,35.2799,8.5613,27.4074,36.2761
396.0,793.0,8.8448,37.6685,93.8235,183.9142,0.0238,0.0002,99.407,218.0791,49.0814,-16.0931,0.0,0.0001,1.841,-0.0001,6.4904,35.3294,8.7562,27.4154,36.2748
397.0,795.0,8.8219,37.6388,98.68,183.9635,0.02,0.0002,99.407,218.0791,49.0814,-16.0931,0.0,0.0001,1.8403,0.0002,6.4824,35.3202,8.7333,27.4118,36.2724
398.0,797.0,8.8153,37.6342,98.68,182.9429,0.0186,0.0002,99.4052,218.0791,49.0814,-16.0931,0.0,0.0001,1.8392,-0.0017,6.4837,35.3211,8.7265,27.4136,36.2744
399.0,799.0,8.7311,37.5416,87.405,183.3502,0.0226,0.0002,99.4098,218.0792,49.0814,-16.0931,0.0,0.0001,1.838,-0.0005,6.4814,35.3061,8.6425,27.4151,36.2798
400.0,801.0,8.7589,37.5756,98.0334,183.5745,0.0226,0.0002,99.4011,218.0792,49.0814,-16.0931,0.0,0.0001,1.8383,0.0001,6.4812,35.3135,8.67,27.4166,36.28
401.0,803.0,8.7605,37.5785,97.52,183.0149,0.0187,0.0002,99.407,218.0793,49.0814,-16.0931,0.0,0.0001,1.8364,-0.0009,6.4816,35.3143,8.6713,27.417,36.2803
402.0,805.0,8.7132,37.5303,98.68,183.797,0.0204,0.0002,99.4223,218.0793,49.0813,-16.0931,0.0,0.0001,1.8374,0.0004,6.485,35.3094,8.624,27.4206,36.2862
403.0,807.0,8.743,37.559,86.0998,183.7226,0.0228,0.0002,99.4106,218.0793,49.0813,-16.0931,0.0,0.0001,1.8372,-0.0004,6.4965,35.3092,8.6534,27.4158,36.28
404.0,809.0,8.6515,37.4608,89.4741,183.148,0.0257,0.0002,99.3957,218.0794,49.0813,-16.0931,0.0,0.0001,1.8335,-0.0014,6.5078,35.2958,8.5622,27.4196,36.2881
405.0,811.0,8.5605,37.3626,98.679,184.2157,0.0225,0.0002,99.4214,218.0794,49.0813,-16.0931,0.0,0.0001,1.8352,0.0008,6.5052,35.2816,8.4716,27.4227,36.2954
406.0,813.0,8.5591,37.3614,98.68,184.3207,0.0203,0.0002,99.4019,218.0794,49.0813,-16.093,0.0,0.0001,1.837,0.0006,6.498,35.2809,8.47,27.4224,36.2952
407.0,815.0,8.6702,37.5025,98.68,184.2899,0.0198,0.0002,99.3979,218.0795,49.0813,-16.0931,0.0,0.0001,1.838,0.0003,6.494,35.3181,8.58,27.4344,36.3017
408.0,817.0,8.6927,37.529,98.68,183.2629,0.0198,0.0002,99.4359,218.0795,49.0813,-16.093,0.0,0.0001,1.8351,-0.0014,6.4955,35.3229,8.6023,27.4346,36.3009
409.0,819.0,8.665,37.501,85.6988,183.9282,0.0205,0.0002,99.3897,218.0795,49.0813,-16.093,0.0,0.0001,1.8356,0.0001,6.4928,35.3198,8.5744,27.4366,36.3041
410.0,821.0,8.6683,37.5051,98.6807,184.0542,0.0213,0.0002,99.3885,218.0796,49.0813,-16.093,0.0,0.0001,1.836,0.0003,6.4896,35.3203,8.5776,27.4365,36.3039
411.0,823.0,8.7375,37.5915,93.8709,183.0734,0.0188,0.0002,99.3781,218.0796,49.0813,-16.093,0.0,0.0001,1.8347,-0.0012,6.4829,35.3414,8.6461,27.4422,36.3063
412.0,825.0,8.7423,37.6029,98.68,183.2958,0.0224,0.0002,99.3781,218.0796,49.0813,-16.093,0.0,0.0001,1.8339,-0.0006,6.4842,35.3476,8.6506,27.4464,36.3101
413.0,827.0,8.7477,37.6071,94.3573,183.5681,0.0237,0.0002,99.3767,218.0797,49.0813,-16.093,0.0,0.0001,1.8327,-0.0001,6.4892,35.3456,8.6557,27.444,36.3076
414.0,829.0,8.7342,37.5903,98.68,183.2452,0.0229,0.0002,99.3781,218.0797,49.0812,-16.093,0.0,0.0001,1.8308,-0.0012,6.5042,35.3408,8.6421,27.4424,36.3067
415.0,831.0,8.6667,37.5195,98.68,183.2845,0.02,0.0002,99.3745,218.0797,49.0812,-16.093,0.0,0.0001,1.83,-0.0006,6.499,35.3325,8.5748,27.4465,36.3139
416.0,833.0,8.5977,37.4459,98.68,184.5938,0.0242,0.0002,99.3764,218.0798,49.0812,-16.093,0.0,0.0001,1.8325,0.0012,6.5032,35.3222,8.506,27.4492,36.3198
417.0,835.0,8.613,37.4636,92.4653,184.1438,0.0207,0.0003,99.3617,218.0798,49.0812,-16.093,0.0,0.0001,1.8332,-0.0004,6.5088,35.3246,8.5209,27.4488,36.3186
418.0,837.0,8.6072,37.4535,98.68,183.5135,0.0204,0.0003,99.3735,218.0799,49.0812,-16.093,0.0,0.0001,1.8333,-0.0015,6.522,35.319,8.5149,27.4453,36.3155
419.0,839.0,8.4673,37.3057,98.68,184.5541,0.021,0.0003,99.361,218.0799,49.0812,-16.093,0.0,0.0001,1.8333,0.0005,6.5189,35.3012,8.3757,27.453,36.3297
420.0,841.0,8.4371,37.2748,80.516,185.052,0.0234,0.0003,99.3486,218.0799,49.0812,-16.093,0.0,0.0001,1.8334,0.0008,6.5151,35.2974,8.3453,27.4547,36.3328
421.0,843.0,8.4598,37.2998,94.8028,185.0855,0.0216,0.0003,99.3547,218.0799,49.0812,-16.093,0.0,0.0001,1.8338,0.0,6.5279,35.3008,8.3678,27.4539,36.3309
422.0,845.0,8.4322,37.272,98.68,185.0909,0.0216,0.0003,99.3592,218.08,49.0812,-16.093,0.0,0.0001,1.8333,0.0001,6.5271,35.2976,8.3401,27.4557,36.334
423.0,847.0,8.4534,37.2967,98.4963,185.2342,0.0213,0.0003,99.3516,218.08,49.0812,-16.093,0.0,0.0001,1.8341,0.0006,6.5172,35.3018,8.3609,27.4558,36.333
424.0,849.0,8.5132,37.3746,98.68,185.1294,0.0226,0.0003,99.3515,218.0801,49.0812,-16.093,0.0,0.0001,1.8355,0.0002,6.5111,35.3236,8.4202,27.4637,36.338
425.0,851.0,8.6015,37.484,86.9118,184.3601,0.0214,0.0003,99.3492,218.0801,49.0812,-16.093,0.0,0.0001,1.8339,-0.0005,6.4998,35.3504,8.5075,27.471,36.3411
426.0,853.0,8.6224,37.5101,89.3768,183.9512,0.0231,0.0003,99.3492,218.0801,49.0812,-16.093,0.0,0.0001,1.8318,-0.0006,6.4933,35.3564,8.5282,27.4725,36.3416
427.0,855.0,8.665,37.5655,97.6854,183.673,0.0225,0.0003,99.3449,218.0802,49.0811,-16.093,0.0,0.0001,1.8301,-0.0008,6.4966,35.3714,8.5702,27.4777,36.3447
428.0,857.0,8.6433,37.5443,98.68,184.0926,0.0235,0.0003,99.3325,218.0802,49.0811,-16.093,0.0,0.0001,1.8302,0.0001,6.4984,35.3697,8.5484,27.4798,36.3478
429.0,859.0,8.6437,37.5469,85.3022,183.6666,0.0228,0.0003,99.3344,218.0802,49.0811,-16.093,0.0,0.0001,1.8283,-0.0004,6.4947,35.3711,8.5486,27.4809,36.3488
430.0,861.0,8.6576,37.57,86.0975,183.5758,0.0224,0.0003,99.3309,218.0803,49.0811,-16.093,0.0,0.0001,1.8269,-0.0003,6.4949,35.3805,8.5622,27.4862,36.3534
431.0,863.0,8.658,37.5718,98.68,183.9852,0.0226,0.0003,99.3327,218.0803,49.0811,-16.093,0.0,0.0001,1.8277,0.0004,6.4931,35.3812,8.5624,27.4866,36.3538
432.0,865.0,8.6633,37.5799,98.68,183.694,0.0205,0.0003,99.3348,218.0803,49.0811,-16.093,0.0,0.0001,1.8278,-0.0003,6.4915,35.3835,8.5674,27.4876,36.3546
433.0,867.0,8.6757,37.5952,98.68,183.6832,0.0227,0.0003,99.3355,218.0804,49.0811,-16.093,0.0,0.0001,1.8266,-0.0001,6.4918,35.3863,8.5794,27.488,36.3544
434.0,869.0,8.6883,37.6125,87.6668,183.4871,0.0235,0.0003,99.3218,218.0804,49.0811,-16.093,0.0,0.0001,1.8255,-0.0004,6.4897,35.3912,8.5918,27.4899,36.3556
435.0,871.0,8.684,37.6124,98.68,182.978,0.0221,0.0003,99.323,218.0804,49.0811,-16.093,0.0,0.0001,1.824,-0.0009,6.4904,35.3943,8.5872,27.493,36.3589
436.0,873.0,8.6481,37.5743,98.68,183.7593,0.0224,0.0003,99.2986,218.0805,49.081,-16.093,0.0,0.0001,1.8242,0.0003,6.4946,35.3889,8.5512,27.4944,36.362
437.0,875.0,8.6477,37.5746,82.2419,183.181,0.0222,0.0003,99.3046,218.0805,49.081,-16.093,0.0,0.0001,1.8228,-0.0007,6.4955,35.3889,8.5507,27.4945,36.3621
438.0,877.0,8.6265,37.5533,96.3482,183.4969,0.0166,0.0003,99.2963,218.0805,49.081,-16.093,0.0,0.0001,1.8223,-0.0003,6.5005,35.3868,8.5295,27.4962,36.3648
439.0,879.0,8.6248,37.5527,98.68,183.4072,0.0171,0.0003,99.3059,218.0806,49.081,-16.093,0.0,0.0001,1.8214,-0.0002,6.4984,35.3869,8.5275,27.4966,36.3653
440.0,881.0,8.5662,37.4922,94.9003,183.7817,0.0188,0.0003,99.287,218.0806,49.081,-16.093,0.0,0.0001,1.8222,0.0,6.5045,35.3804,8.469,27.5007,36.372
441.0,883.0,8.5901,37.5182,76.1612,183.493,0.0248,0.0003,99.2911,218.0806,49.081,-16.093,0.0,0.0001,1.8205,-0.0005,6.509,35.3831,8.4925,27.4991,36.3694
442.0,885.0,8.5551,37.4866,88.618,183.6725,0.0237,0.0003,99.2915,218.0807,49.081,-16.093,0.0,0.0001,1.8199,0.0,6.5068,35.3836,8.4576,27.505,36.3768
443.0,887.0,8.5551,37.4873,98.68,184.0787,0.0251,0.0003,99.2897,218.0807,49.081,-16.093,0.0,0.0001,1.8217,0.0003,6.5097,35.3833,8.4573,27.5048,36.3766
444.0,889.0,8.5563,37.4888,98.68,183.9738,0.0221,0.0003,99.2893,218.0808,49.081,-16.093,0.0,0.0001,1.8212,-0.0003,6.5156,35.383,8.4583,27.5043,36.3761
445.0,891.0,8.5137,37.449,98.68,184.0836,0.02,0.0003,99.2826,218.0808,49.081,-16.093,0.0,0.0001,1.8217,-0.0001,6.5154,35.3824,8.4156,27.5106,36.3843
446.0,893.0,8.5003,37.438,98.68,184.4597,0.0242,0.0003,99.2626,218.0808,49.081,-16.093,0.0,0.0001,1.8217,0.0006,6.5138,35.3831,8.4021,27.5132,36.3874
447.0,895.0,8.5005,37.439,90.1776,184.2446,0.0228,0.0003,99.2724,218.0808,49.081,-16.093,0.0,0.0001,1.8217,-0.0001,6.5185,35.3832,8.4022,27.5133,36.3876
448.0,897.0,8.4768,37.4169,96.9252,184.0498,0.0232,0.0003,99.2838,218.0809,49.0809,-16.093,0.0,0.0001,1.8193,-0.0007,6.528,35.3826,8.3784,27.5165,36.3918
449.0,899.0,8.4353,37.3736,95.1597,184.2169,0.025,0.0003,99.2828,218.0809,49.0809,-16.093,0.0,0.0001,1.8193,-0.0001,6.5228,35.3773,8.3369,27.5187,36.396
450.0,901.0,8.4279,37.3683,98.68,184.9421,0.0235,0.0003,99.2773,218.0809,49.0809,-16.093,0.0,0.0001,1.8215,0.0005,6.5292,35.3781,8.3292,27.5205,36.3981
451.0,903.0,8.4114,37.353,85.7929,184.9133,0.0207,0.0003,99.2626,218.081,49.0809,-16.093,0.0,0.0001,1.8217,0.0002,6.5287,35.3774,8.3126,27.5226,36.4009
452.0,905.0,8.4031,37.3462,98.68,184.5835,0.0195,0.0003,99.2699,218.081,49.0809,-16.093,0.0,0.0001,1.8202,-0.0006,6.5349,35.3775,8.3043,27.524,36.4027
453.0,907.0,8.3769,37.3215,98.68,185.3941,0.0234,0.0003,99.2745,218.0811,49.0809,-16.093,0.0,0.0001,1.8217,0.0007,6.5352,35.3765,8.2779,27.5273,36.4072
454.0,909.0,8.3682,37.3171,89.5763,185.3345,0.0216,0.0003,99.2667,218.0811,49.0809,-16.093,0.0,0.0001,1.8226,0.0003,6.5346,35.3795,8.269,27.5309,36.4112
455.0,911.0,8.3794,37.3255,98.4487,184.7766,0.0189,0.0003,99.2595,218.0811,49.0809,-16.093,0.0,0.0001,1.8208,-0.0006,6.5366,35.3767,8.28,27.5271,36.4069
456.0,913.0,8.367,37.3206,98.68,184.728,0.0196,0.0003,99.2674,218.0812,49.0809,-16.093,0.0,0.0001,1.8196,-0.0004,6.5362,35.3829,8.2675,27.5339,36.4142
457.0,915.0,8.3597,37.3162,91.9685,185.4613,0.0205,0.0003,99.2682,218.0812,49.0809,-16.093,0.0,0.0001,1.8214,0.0003,6.5406,35.3843,8.2599,27.5362,36.4168
458.0,917.0,8.3542,37.3074,94.8172,185.0912,0.0231,0.0003,99.2626,218.0812,49.0809,-16.093,0.0,0.0001,1.8218,-0.0006,6.5461,35.3799,8.2542,27.5336,36.4145
459.0,919.0,8.3078,37.2629,94.2445,185.6488,0.0194,0.0003,99.277,218.0812,49.0809,-16.093,0.0,0.0001,1.8222,0.0003,6.5428,35.378,8.208,27.5392,36.4222
460.0,921.0,8.2878,37.2437,96.6661,185.803,0.0233,0.0003,99.2679,218.0813,49.0809,-16.093,0.0,0.0001,1.8226,0.0,6.5483,35.3767,8.1879,27.5412,36.4251
461.0,923.0,8.2739,37.2275,73.7715,185.4692,0.0223,0.0003,99.2843,218.0813,49.0808,-16.093,0.0,0.0001,1.8198,-0.0006,6.5551,35.3724,8.1738,27.5401,36.4247
462.0,925.0,8.2395,37.1989,98.68,185.9069,0.0215,0.0003,99.2824,218.0814,49.0808,-16.093,0.0,0.0001,1.8217,0.0001,6.5544,35.3754,8.1394,27.5477,36.4338
463.0,927.0,8.2364,37.1967,98.68,186.32,0.0204,0.0003,99.2645,218.0814,49.0808,-16.093,0.0,0.0001,1.8233,0.0003,6.5533,35.3752,8.1361,27.548,36.4342
464.0,929.0,8.2453,37.206,70.5116,185.6437,0.0207,0.0003,99.2366,218.0815,49.0808,-16.093,0.0,0.0001,1.8205,-0.0008,6.5567,35.3754,8.1447,27.5468,36.4327
465.0,931.0,8.2349,37.1962,90.7652,186.3298,0.0181,0.0003,99.2605,218.0815,49.0808,-16.093,0.0,0.0001,1.8217,0.0003,6.5561,35.3745,8.1342,27.5477,36.434
466.0,933.0,8.2263,37.1913,95.8028,186.6164,0.0169,0.0003,99.2909,218.0815,49.0808,-16.093,0.0,0.0001,1.8226,0.0006,6.5553,35.3767,8.1253,27.5508,36.4375
467.0,935.0,8.226,37.191,92.2027,186.3286,0.0194,0.0003,99.2624,218.0815,49.0808,-16.0931,0.0,0.0001,1.8227,-0.0002,6.5589,35.376,8.1249,27.5504,36.4371
468.0,937.0,8.1978,37.1647,98.7645,186.2245,0.0234,0.0003,99.2843,218.0816,49.0808,-16.0931,0.0,0.0001,1.8205,-0.0006,6.5678,35.3754,8.0966,27.5541,36.4422
469.0,939.0,8.1878,37.1561,98.68,186.4339,0.0263,0.0003,99.2915,218.0816,49.0808,-16.0931,0.0,0.0001,1.8217,-0.0001,6.5665,35.3755,8.0865,27.5558,36.4443
470.0,941.0,8.1485,37.1198,95.5385,187.0819,0.0233,0.0003,99.2664,218.0816,49.0808,-16.0931,0.0,0.0001,1.824,0.0004,6.5646,35.3747,8.0472,27.5612,36.4514
471.0,943.0,8.1515,37.1233,98.68,187.0789,0.0211,0.0003,99.266,218.0817,49.0808,-16.0931,0.0,0.0001,1.8239,0.0001,6.5695,35.3749,8.05,27.5609,36.451
472.0,945.0,8.1564,37.1271,98.68,187.5806,0.0191,0.0003,99.2831,218.0817,49.0807,-16.0931,0.0,0.0001,1.8242,0.0007,6.5708,35.373,8.0546,27.5587,36.4486
473.0,947.0,8.1264,37.1044,98.68,187.9266,0.0219,0.0003,99.2626,218.0817,49.0807,-16.0931,0.0,0.0001,1.8275,0.0006,6.5689,35.3779,8.0246,27.5671,36.4583
474.0,949.0,8.1486,37.1332,98.68,187.5017,0.0201,0.0003,99.2872,218.0818,49.0807,-16.0931,0.0,0.0001,1.8266,-0.0001,6.5674,35.3854,8.0463,27.5696,36.4598
475.0,951.0,8.1677,37.1572,90.8432,187.3056,0.0214,0.0003,99.2626,218.0818,49.0807,-16.0931,0.0,0.0001,1.8252,-0.0003,6.567,35.3908,8.0651,27.5711,36.4603
476.0,953.0,8.1619,37.1509,98.68,187.1691,0.0211,0.0003,99.2879,218.0819,49.0807,-16.0931,0.0,0.0001,1.8242,-0.0003,6.5657,35.389,8.0592,27.5705,36.46
477.0,955.0,8.1698,37.1634,98.68,187.2901,0.0218,0.0003,99.2915,218.0819,49.0807,-16.0931,0.0,0.0001,1.8242,-0.0001,6.5659,35.3932,8.0666,27.5727,36.4619
478.0,957.0,8.1639,37.1588,91.488,187.2849,0.0219,0.0003,99.2652,218.0819,49.0807,-16.0931,0.0,0.0001,1.8241,-0.0001,6.5662,35.3933,8.0606,27.5737,36.4631
479.0,959.0,8.1604,37.1549,98.68,187.7796,0.0178,0.0003,99.2774,218.082,49.0807,-16.0931,0.0,0.0001,1.8253,0.0004,6.5682,35.392,8.057,27.5733,36.4628
480.0,961.0,8.1479,37.1439,98.68,187.4173,0.0211,0.0003,99.2798,218.082,49.0807,-16.0931,0.0,0.0001,1.8239,-0.0006,6.5779,35.3921,8.0443,27.5752,36.4654
481.0,963.0,8.1162,37.1091,98.68,187.4426,0.0223,0.0003,99.2807,218.082,49.0807,-16.0931,0.0,0.0001,1.8236,-0.0003,6.5727,35.3857,8.0126,27.575,36.4667
482.0,965.0,8.0988,37.0958,88.1314,188.3658,0.0236,0.0003,99.2644,218.0821,49.0807,-16.0931,0.0,0.0001,1.8255,0.0009,6.5749,35.388,7.9951,27.5795,36.4719
483.0,967.0,8.1133,37.1107,98.6565,187.666,0.0207,0.0003,99.2495,218.0821,49.0807,-16.0931,0.0,0.0001,1.8244,-0.0003,6.5752,35.3886,8.0093,27.5778,36.4695
484.0,969.0,8.1041,37.1065,98.68,188.2422,0.0237,0.0003,99.2698,218.0821,49.0806,-16.0931,0.0,0.0001,1.8253,0.0005,6.5751,35.3923,7.9999,27.5821,36.4743
485.0,971.0,8.1055,37.112,98.68,188.3724,0.0249,0.0003,99.2626,218.0822,49.0806,-16.0931,0.0,0.0001,1.8256,0.0005,6.5754,35.3958,8.001,27.5847,36.4768
486.0,973.0,8.0999,37.1064,88.9779,188.2391,0.0231,0.0003,99.2762,218.0822,49.0806,-16.0932,0.0,0.0001,1.8256,0.0,6.5768,35.3945,7.9952,27.5846,36.4769
487.0,975.0,8.0941,37.1008,98.613,188.0284,0.0205,0.0003,99.2626,218.0822,49.0806,-16.0932,0.0,0.0001,1.8249,-0.0003,6.5774,35.3935,7.9893,27.5846,36.4772
488.0,977.0,8.0878,37.1013,98.4625,188.1049,0.0215,0.0003,99.2626,218.0823,49.0806,-16.0932,0.0,0.0001,1.8245,-0.0001,6.5776,35.3993,7.9828,27.5902,36.483
489.0,979.0,8.0878,37.1019,98.68,187.9697,0.0216,0.0003,99.2603,218.0823,49.0806,-16.0932,0.0,0.0001,1.8238,-0.0003,6.5783,35.3992,7.9826,27.5902,36.483
490.0,981.0,8.0819,37.097,75.6171,187.9311,0.0237,0.0003,99.2626,218.0823,49.0806,-16.0932,0.0,0.0001,1.823,-0.0003,6.5784,35.3989,7.9765,27.5909,36.484
491.0,983.0,8.0754,37.0963,94.769,188.2535,0.0214,0.0003,99.2659,218.0824,49.0806,-16.0932,0.0,0.0001,1.8232,0.0003,6.5784,35.4037,7.9698,27.5957,36.489
492.0,985.0,8.0758,37.098,96.5546,188.5255,0.0194,0.0003,99.248,218.0824,49.0806,-16.0932,0.0,0.0001,1.8248,0.0002,6.5791,35.4043,7.97,27.5961,36.4894
493.0,987.0,8.0707,37.097,87.5383,188.0348,0.0215,0.0003,99.2626,218.0825,49.0806,-16.0932,0.0,0.0001,1.8236,-0.0007,6.5811,35.4075,7.9647,27.5994,36.4929
494.0,989.0,8.0655,37.0934,98.68,188.1446,0.0216,0.0003,99.2626,218.0825,49.0806,-16.0932,0.0,0.0001,1.8237,-0.0003,6.5807,35.408,7.9593,27.6006,36.4943
495.0,991.0,8.0544,37.0845,98.68,188.5771,0.0204,0.0003,99.2589,218.0825,49.0806,-16.0932,0.0,0.0001,1.8238,0.0001,6.5815,35.4085,7.948,27.6027,36.4969
496.0,993.0,8.0532,37.0835,90.5498,188.4811,0.0208,0.0003,99.2626,218.0826,49.0805,-16.0932,0.0,0.0001,1.8232,-0.0003,6.5883,35.4077,7.9467,27.6023,36.4966
497.0,995.0,8.0159,37.0473,95.355,188.7398,0.0184,0.0003,99.2626,218.0826,49.0805,-16.0932,0.0,0.0001,1.8233,0.0001,6.5874,35.4055,7.9094,27.6061,36.5021
498.0,997.0,8.0085,37.0407,97.9393,188.9699,0.0209,0.0003,99.2494,218.0826,49.0805,-16.0932,0.0,0.0001,1.8252,0.0001,6.5865,35.4048,7.9018,27.6068,36.5031
499.0,999.0,8.016,37.0487,98.68,188.6589,0.0229,0.0003,99.2626,218.0827,49.0805,-16.0932,0.0,0.0001,1.8247,-0.0004,6.5878,35.4051,7.909,27.6059,36.502
500.0,1001.0,8.0052,37.0402,94.8545,189.1056,0.0166,0.0003,99.2518,218.0827,49.0805,-16.0932,0.0,0.0001,1.8243,0.0002,6.5903,35.4059,7.898,27.6082,36.5047
501.0,1003.0,7.9993,37.0347,98.5915,189.2426,0.0186,0.0003,99.2396,218.0828,49.0805,-16.0932,0.0,0.0001,1.8252,0.0,6.5913,35.405,7.892,27.6084,36.5052
502.0,1005.0,7.9798,37.0163,98.68,188.9765,0.0203,0.0003,99.2406,218.0829,49.0805,-16.0932,0.0,0.0001,1.8244,-0.0007,6.5952,35.4039,7.8723,27.6104,36.5081
503.0,1007.0,7.9613,36.9995,92.631,189.629,0.0204,0.0003,99.2534,218.0829,49.0804,-16.0932,0.0,0.0001,1.8261,0.0005,6.5946,35.4037,7.8539,27.6131,36.5116
504.0,1009.0,7.9294,36.968,93.2698,190.029,0.0202,0.0003,99.2245,218.0834,49.0803,-16.0932,0.0,0.0001,1.8285,-0.0001,6.6014,35.401,7.8219,27.6157,36.5157
505.0,1011.0,7.9206,36.9598,96.8629,190.2616,0.0198,0.0003,99.2213,218.0834,49.0803,-16.0932,0.0,0.0001,1.829,0.0002,6.6018,35.4003,7.813,27.6165,36.5169
506.0,1013.0,7.908,36.9479,54.5558,190.5289,0.0191,0.0003,99.2049,218.0839,49.0802,-16.0932,0.0,0.0001,1.829,0.0005,6.6037,35.3997,7.8003,27.6179,36.5189
