Datacycle,press,temp,cond,alt,oxygen,fluor,atten,trans,jday,lat,lon,PAR,UPAR,oxV,oxdVdt,oxysat,salin,potemp,sigma0,sigma2
1.0,1.0,15.509,44.1236,98.4785,243.9393,0.5561,0.003,92.8497,203.5925,48.5544,-16.9097,0.0,0.0001,2.7212,-0.0003,5.6078,35.6357,15.5087,26.3487,34.9378
2.0,3.0,15.5205,44.1353,88.9015,244.3318,0.5763,0.003,92.8412,203.5925,48.5544,-16.9097,0.0,0.0001,2.7228,0.0004,5.6073,35.6354,15.5201,26.3459,34.9347
3.0,5.0,15.5407,44.1561,96.14,244.4903,0.6118,0.0029,92.9236,203.5927,48.5544,-16.9098,0.0,0.0001,2.7266,-0.0001,5.6042,35.6351,15.5399,26.3412,34.9292
4.0,7.0,15.5605,44.1762,87.5965,244.8196,0.6057,0.0029,92.9328,203.5928,48.5543,-16.9098,0.0,0.0001,2.7281,0.0004,5.6032,35.6345,15.5594,26.3363,34.9237
5.0,9.0,15.5323,44.1488,89.4379,245.145,0.6442,0.003,92.8219,203.5929,48.5543,-16.9098,0.0,0.0001,2.7301,0.0002,5.606,35.6345,15.5309,26.3427,34.9311
6.0,11.0,15.5093,44.1283,98.71,245.4485,0.6889,0.003,92.7725,203.593,48.5543,-16.9098,0.0,0.0001,2.7304,0.0003,5.6084,35.6361,15.5076,26.3492,34.9384
7.0,13.0,15.5002,44.1208,98.71,245.0092,0.7406,0.003,92.8212,203.593,48.5543,-16.9098,0.0,0.0001,2.7292,-0.0009,5.6107,35.6369,15.4982,26.352,34.9415
8.0,15.0,15.4808,44.1056,98.71,244.9676,0.8178,0.0029,93.1148,203.5931,48.5543,-16.9098,0.0,0.0001,2.7258,-0.0001,5.611,35.6397,15.4784,26.3586,34.9488
9.0,17.0,15.4784,44.1048,77.584,244.3935,0.8503,0.0028,93.3009,203.5932,48.5543,-16.9098,0.0,0.0001,2.7214,-0.001,5.6114,35.6403,15.4758,26.3597,34.9499
10.0,19.0,15.4794,44.108,98.71,243.4882,0.8368,0.0026,93.6428,203.5932,48.5543,-16.9098,0.0,0.0001,2.7149,-0.0021,5.6113,35.6415,15.4764,26.3604,34.9506
11.0,21.0,15.4803,44.1227,79.2202,243.9038,0.8374,0.0023,94.3185,203.5932,48.5543,-16.9098,0.0,0.0001,2.7149,-0.0003,5.6106,35.6531,15.477,26.3692,34.9593
12.0,23.0,15.481,44.1495,98.71,242.7902,0.7604,0.0019,95.3041,203.5933,48.5543,-16.9098,0.0,0.0001,2.7077,-0.0024,5.6124,35.676,15.4775,26.3868,34.9765
13.0,25.0,15.4572,44.1396,56.1075,241.8683,0.6542,0.0017,95.8027,203.5933,48.5543,-16.9098,0.0,0.0001,2.7003,-0.0032,5.6133,35.688,15.4533,26.4014,34.9919
14.0,27.0,15.4132,44.1066,87.4515,242.5576,0.5819,0.0015,96.2351,203.5934,48.5543,-16.9098,0.0,0.0001,2.6999,-0.0003,5.6187,35.6971,15.4091,26.4185,35.0103
15.0,29.0,15.3801,44.0791,98.7028,241.9818,0.5248,0.0014,96.6066,203.5934,48.5542,-16.9098,0.0,0.0001,2.6934,-0.0012,5.6218,35.7016,15.3756,26.4294,35.0224
16.0,31.0,15.3649,44.0656,76.678,241.2909,0.5116,0.0013,96.7462,203.5934,48.5542,-16.9098,0.0,0.0001,2.6883,-0.0022,5.6244,35.7024,15.3601,26.4335,35.027
17.0,33.0,15.3361,44.0387,83.5177,240.4221,0.4932,0.0013,96.9064,203.5935,48.5542,-16.9098,0.0,0.0001,2.6789,-0.0025,5.6285,35.7033,15.331,26.4408,35.0353
18.0,35.0,15.2951,44.001,74.0875,239.8413,0.4687,0.0012,96.9742,203.5935,48.5542,-16.9098,0.0,0.0001,2.6727,-0.0019,5.628,35.7055,15.2897,26.4517,35.0477
19.0,37.0,15.2809,43.9883,98.5111,239.897,0.4438,0.0012,97.1223,203.5936,48.5542,-16.9098,0.0,0.0001,2.6685,-0.0017,5.6378,35.7061,15.2753,26.4554,35.0519
20.0,39.0,15.2079,43.9169,98.71,238.8493,0.4323,0.0011,97.2992,203.5936,48.5542,-16.9098,0.0,0.0001,2.66,-0.0023,5.6361,35.7067,15.2019,26.4722,35.0713
21.0,41.0,15.1643,43.8747,70.2224,239.5537,0.4045,0.001,97.4039,203.5936,48.5542,-16.9099,0.0,0.0001,2.6596,-0.0005,5.6466,35.7073,15.1581,26.4825,35.0831
22.0,43.0,15.139,43.8504,59.8606,237.9669,0.387,0.001,97.4826,203.5937,48.5542,-16.9099,0.0,0.0001,2.6492,-0.0035,5.6514,35.7076,15.1325,26.4883,35.0899
23.0,45.0,15.1028,43.8161,77.0329,237.8219,0.363,0.001,97.5446,203.5937,48.5542,-16.9099,0.0,0.0001,2.6438,-0.0023,5.6557,35.7085,15.0959,26.4972,35.1
24.0,47.0,15.0296,43.7456,79.9121,238.5904,0.3524,0.001,97.5768,203.5937,48.5542,-16.9099,0.0,0.0001,2.6435,0.0001,5.661,35.7102,15.0224,26.5148,35.1202
25.0,49.0,14.9141,43.6311,84.0915,236.2848,0.3331,0.001,97.6997,203.5938,48.5542,-16.9099,0.0,0.0001,2.6269,-0.0069,5.6935,35.7105,14.9067,26.5405,35.1501
26.0,51.0,14.7313,43.4568,61.3635,236.3451,0.2863,0.0008,97.9942,203.5938,48.5542,-16.9099,0.0,0.0001,2.6168,-0.0028,5.6994,35.7171,14.7237,26.5858,35.2019
27.0,53.0,14.6717,43.4004,98.7062,236.2681,0.2669,0.0008,98.0876,203.5938,48.5542,-16.9099,0.0,0.0001,2.61,-0.0031,5.7193,35.7194,14.6638,26.6006,35.2188
28.0,55.0,14.4811,43.2099,98.7025,235.9895,0.2485,0.0007,98.2647,203.5939,48.5542,-16.9099,0.0,0.0001,2.5998,-0.0026,5.7354,35.7182,14.473,26.6411,35.2663
29.0,57.0,14.3559,43.0885,75.6158,235.9104,0.1919,0.0006,98.4733,203.5939,48.5542,-16.9099,0.0,0.0001,2.5915,-0.0038,5.7759,35.7206,14.3475,26.6701,35.2997
30.0,59.0,13.9817,42.7105,95.8245,234.0685,0.1583,0.0005,98.7241,203.5939,48.5541,-16.9099,0.0,0.0001,2.5682,-0.0079,5.8268,35.7142,13.9732,26.7447,35.3883
31.0,61.0,13.5987,42.32,97.2654,234.7059,0.1202,0.0004,98.9857,203.594,48.5541,-16.9099,0.0,0.0001,2.559,-0.0033,5.843,35.7036,13.59,26.8172,35.4751
32.0,63.0,13.3886,42.0992,98.7062,235.1048,0.1014,0.0004,99.0781,203.594,48.5541,-16.9099,0.0,0.0001,2.5531,-0.002,5.8657,35.6906,13.3797,26.8506,35.5166
33.0,65.0,13.2567,41.9721,79.922,233.9835,0.0905,0.0003,99.1851,203.594,48.5541,-16.9099,0.0,0.0001,2.5453,-0.0019,5.8559,35.6928,13.2476,26.8794,35.5504
34.0,67.0,13.3334,42.0872,83.4908,232.505,0.082,0.0003,99.2916,203.5941,48.5541,-16.9099,0.0,0.0001,2.5391,-0.0028,5.837,35.7291,13.324,26.8919,35.5595
35.0,69.0,13.4807,42.2924,98.695,229.5748,0.0732,0.0002,99.4524,203.5941,48.5541,-16.9099,0.0,0.0001,2.5222,-0.0071,5.8389,35.7847,13.4709,26.9046,35.566
36.0,71.0,13.4161,42.2313,98.71,230.5688,0.0645,0.0002,99.4977,203.5941,48.5541,-16.9099,0.0,0.0001,2.515,-0.0015,5.8496,35.7867,13.4061,26.9196,35.5833
37.0,73.0,13.3957,42.2093,98.71,228.3551,0.0589,0.0002,99.607,203.5942,48.5541,-16.9099,0.0,0.0001,2.5018,-0.0053,5.8557,35.7842,13.3855,26.9219,35.5865
38.0,75.0,13.3463,42.1537,98.7053,229.1495,0.0542,0.0001,99.6631,203.5942,48.5541,-16.9099,0.0,0.0001,2.4991,-0.001,5.8528,35.7769,13.3357,26.9265,35.593
39.0,77.0,13.3153,42.1247,88.4202,229.9834,0.0477,0.0001,99.6697,203.5942,48.5541,-16.9099,0.0,0.0001,2.5022,0.0008,5.8532,35.7774,13.3044,26.9333,35.601
40.0,79.0,13.3212,42.1292,82.74,228.8186,0.0572,0.0001,99.6775,203.5943,48.5541,-16.9099,0.0,0.0001,2.4968,-0.0031,5.8656,35.7757,13.3102,26.9309,35.5984
41.0,81.0,13.2761,42.0814,90.7947,229.2414,0.0441,0.0001,99.8013,203.5943,48.5541,-16.9099,0.0,0.0001,2.4946,-0.0009,5.867,35.7716,13.2648,26.937,35.6063
42.0,83.0,13.2373,42.0391,98.7046,229.7648,0.0389,0.0001,99.8024,203.5943,48.5541,-16.91,0.0,0.0001,2.496,0.0008,5.8626,35.767,13.2257,26.9414,35.6122
43.0,85.0,13.2446,42.0484,90.6739,229.6148,0.034,0.0001,99.8278,203.5944,48.5541,-16.91,0.0,0.0001,2.4952,-0.0006,5.8709,35.7683,13.2328,26.941,35.6115
44.0,87.0,13.1981,41.9979,98.695,229.5776,0.0339,0.0001,99.8618,203.5944,48.554,-16.91,0.0,0.0001,2.4934,-0.0002,5.8707,35.7629,13.1859,26.9464,35.6187
45.0,89.0,13.1981,42.0021,98.695,229.5424,0.0322,0.0,99.9053,203.5944,48.554,-16.91,0.0,0.0001,2.4923,-0.0004,5.8743,35.766,13.1857,26.9488,35.6212
46.0,91.0,13.1997,42.002,98.71,229.0925,0.0329,0.0,99.9164,203.5945,48.554,-16.91,0.0,0.0001,2.4886,-0.0015,5.8782,35.7637,13.1871,26.9468,35.6191
47.0,93.0,13.1512,41.95,84.8383,230.6507,0.0314,0.0,99.91,203.5945,48.554,-16.91,0.0,0.0001,2.4955,0.0013,5.8799,35.7589,13.1382,26.953,35.6272
48.0,95.0,13.1424,41.9408,98.705,230.976,0.034,0.0,99.944,203.5946,48.554,-16.91,0.0,0.0001,2.4978,0.0012,5.8808,35.7575,13.1292,26.9538,35.6284
49.0,97.0,13.1239,41.9212,86.9994,231.2764,0.0306,0.0,99.9487,203.5946,48.554,-16.91,0.0,0.0001,2.4998,0.0008,5.8844,35.7556,13.1105,26.9561,35.6314
50.0,99.0,13.0986,41.8942,93.8186,231.3292,0.0297,0.0,99.966,203.5947,48.554,-16.91,0.0,0.0001,2.5019,-0.0004,5.8863,35.7527,13.0849,26.9591,35.6354
51.0,101.0,13.0901,41.8862,88.842,231.5577,0.0309,0.0,99.98,203.5947,48.554,-16.91,0.0,0.0001,2.5023,0.0,5.8871,35.7521,13.0761,26.9604,35.6371
52.0,103.0,13.0777,41.8738,89.4465,231.4595,0.0303,0.0,100.0094,203.5948,48.554,-16.91,0.0,0.0001,2.5006,0.0,5.8884,35.7511,13.0634,26.9622,35.6393
53.0,105.0,13.0858,41.8836,86.3865,231.31,0.0283,0.0,100.0094,203.595,48.5539,-16.9101,0.0,0.0001,2.4989,-0.0002,5.8896,35.7521,13.0712,26.9614,35.6383
54.0,107.0,13.0605,41.8565,98.71,230.7405,0.0269,0.0,100.021,203.5951,48.5539,-16.9101,0.0,0.0001,2.4953,-0.001,5.8905,35.7492,13.0457,26.9643,35.6422
55.0,109.0,13.0528,41.8496,77.5146,230.8113,0.0265,0.0,100.0188,203.5952,48.5539,-16.9101,0.0,0.0001,2.4935,-0.0005,5.8922,35.7492,13.0377,26.9659,35.6441
56.0,111.0,13.0301,41.8248,96.6236,229.9838,0.0268,0.0,100.0353,203.5952,48.5539,-16.9101,0.0,0.0001,2.4867,-0.0013,5.8951,35.7458,13.0147,26.9679,35.647
57.0,113.0,13.0205,41.8148,98.71,229.8433,0.0266,0.0,100.0383,203.5953,48.5539,-16.9101,0.0,0.0001,2.4837,-0.001,5.8968,35.7445,13.0049,26.9689,35.6484
58.0,115.0,13.0096,41.8038,77.1732,229.4115,0.0274,0.0,100.0523,203.5953,48.5539,-16.9101,0.0,0.0001,2.4795,-0.0013,5.899,35.7435,12.9937,26.9704,35.6504
59.0,117.0,12.9955,41.7888,98.71,229.7596,0.0214,0.0,100.0465,203.5953,48.5539,-16.9101,0.0,0.0001,2.4792,0.0,5.8985,35.7416,12.9794,26.9718,35.6524
60.0,119.0,12.9714,41.7618,98.7045,229.6896,0.0184,0.0,100.0511,203.5954,48.5539,-16.9101,0.0,0.0001,2.4782,-0.0006,5.903,35.7375,12.955,26.9736,35.6551
61.0,121.0,12.9573,41.7465,98.7046,229.2366,0.0247,0.0,100.0388,203.5954,48.5539,-16.9101,0.0,0.0001,2.475,-0.0012,5.9067,35.7353,12.9406,26.9748,35.6569
62.0,123.0,12.9402,41.7273,69.9529,229.3029,0.0224,0.0,100.043,203.5954,48.5539,-16.9101,0.0,0.0001,2.4725,-0.0007,5.9077,35.7322,12.9232,26.9759,35.6587
63.0,125.0,12.9097,41.6907,98.6763,229.7368,0.0234,0.0,100.0426,203.5955,48.5539,-16.9102,0.0,0.0001,2.4727,0.0002,5.9128,35.7251,12.8925,26.9766,35.6606
64.0,127.0,12.8849,41.6623,98.71,231.3933,0.0276,0.0,100.0044,203.5955,48.5539,-16.9102,0.0,0.0001,2.4791,0.0028,5.9163,35.7204,12.8674,26.978,35.6631
65.0,129.0,12.8689,41.6434,98.695,231.657,0.0241,0.0,100.0133,203.5955,48.5539,-16.9102,0.0,0.0001,2.4825,0.0018,5.9189,35.7165,12.8511,26.9782,35.664
66.0,131.0,12.8416,41.613,98.6858,231.7439,0.0232,0.0,100.0133,203.5955,48.5539,-16.9102,0.0,0.0001,2.4843,0.0009,5.9217,35.7123,12.8236,26.9805,35.6674
67.0,133.0,12.8215,41.5896,81.4655,231.3137,0.0244,0.0,100.0126,203.5956,48.5539,-16.9102,0.0,0.0001,2.4826,-0.0006,5.9248,35.7081,12.8033,26.9814,35.6691
68.0,135.0,12.7998,41.5637,93.5236,231.4467,0.0229,0.0,100.004,203.5956,48.5539,-16.9102,0.0,0.0001,2.4817,-0.0003,5.9279,35.7028,12.7813,26.9817,35.6703
69.0,137.0,12.7703,41.5298,98.5881,231.4491,0.0224,0.0,100.0079,203.5956,48.5539,-16.9102,0.0,0.0001,2.4811,-0.0004,5.9285,35.6972,12.7515,26.9833,35.6731
70.0,139.0,12.7663,41.5258,98.5108,230.9923,0.0286,0.0,100.0061,203.5957,48.5539,-16.9102,0.0,0.0001,2.4784,-0.0012,5.9288,35.6962,12.7474,26.9834,35.6734
71.0,141.0,12.7669,41.5276,98.695,231.8208,0.0285,0.0,100.0133,203.5957,48.5539,-16.9102,0.0,0.0001,2.4801,0.0009,5.93,35.6966,12.7476,26.9836,35.6736
72.0,143.0,12.7598,41.5205,98.7021,231.2676,0.0289,0.0,99.9977,203.5957,48.5539,-16.9102,0.0,0.0001,2.4785,-0.0008,5.9299,35.6956,12.7403,26.9843,35.6746
73.0,145.0,12.7565,41.5179,76.1705,230.7507,0.0285,0.0,100.0013,203.5957,48.5538,-16.9102,0.0,0.0001,2.4752,-0.0015,5.9306,35.6953,12.7367,26.9848,35.6752
74.0,147.0,12.7537,41.5157,91.5356,231.2559,0.0255,0.0,99.9981,203.5958,48.5538,-16.9102,0.0,0.0001,2.4752,-0.0001,5.9339,35.6952,12.7336,26.9853,35.6758
75.0,149.0,12.7328,41.4921,98.71,230.743,0.0228,0.0,100.0093,203.5958,48.5538,-16.9102,0.0,0.0001,2.4712,-0.0013,5.9405,35.6913,12.7125,26.9865,35.6779
76.0,151.0,12.6661,41.4126,97.8271,232.2643,0.028,0.0,99.9672,203.5958,48.5538,-16.9102,0.0,0.0001,2.475,0.0019,5.9461,35.6769,12.6455,26.9887,35.6829
77.0,153.0,12.6322,41.3729,98.6975,232.0451,0.0316,0.0,99.9586,203.5958,48.5538,-16.9102,0.0,0.0001,2.4757,0.0004,5.9462,35.67,12.6115,26.9901,35.6857
78.0,155.0,12.6315,41.3747,98.695,231.7251,0.0331,0.0,99.9658,203.5959,48.5538,-16.9102,0.0,0.0001,2.4746,-0.0006,5.9462,35.6716,12.6105,26.9915,35.6872
79.0,157.0,12.6312,41.3755,90.1554,231.5531,0.0259,0.0,99.973,203.5959,48.5538,-16.9102,0.0,0.0001,2.4725,-0.0009,5.9484,35.6717,12.6099,26.9917,35.6874
80.0,159.0,12.607,41.3479,88.0412,232.1891,0.0293,0.0,99.9588,203.5959,48.5538,-16.9102,0.0,0.0001,2.4742,0.0004,5.9519,35.6672,12.5855,26.993,35.6897
81.0,161.0,12.598,41.3369,94.2472,232.4825,0.0269,0.0,99.9568,203.596,48.5538,-16.9102,0.0,0.0001,2.4746,0.0005,5.9551,35.6641,12.5762,26.9925,35.6896
82.0,163.0,12.5666,41.3005,98.71,233.3625,0.0264,0.0,99.9502,203.596,48.5538,-16.9102,0.0,0.0001,2.4783,0.0018,5.9566,35.658,12.5445,26.9941,35.6924
83.0,165.0,12.5544,41.2868,98.705,233.0095,0.0233,0.0,99.9473,203.596,48.5538,-16.9102,0.0,0.0001,2.478,0.0001,5.959,35.6554,12.5321,26.9945,35.6934
84.0,167.0,12.5364,41.2663,77.7737,233.5095,0.0241,0.0,99.9411,203.596,48.5538,-16.9102,0.0,0.0001,2.4798,0.0007,5.9604,35.6517,12.5138,26.9952,35.6949
85.0,169.0,12.5279,41.2569,88.0644,233.5601,0.0267,0.0,99.9401,203.5961,48.5538,-16.9102,0.0,0.0001,2.4807,0.0004,5.9609,35.6498,12.5051,26.9955,35.6955
86.0,171.0,12.5202,41.249,90.8714,233.5077,0.031,0.0,99.9444,203.5961,48.5538,-16.9102,0.0,0.0001,2.4806,-0.0002,5.962,35.6488,12.4971,26.9962,35.6966
87.0,173.0,12.5134,41.2422,94.7907,233.4165,0.0266,0.0,99.9371,203.5961,48.5538,-16.9102,0.0,0.0001,2.4794,-0.0005,5.9633,35.6479,12.4901,26.9969,35.6976
88.0,175.0,12.5048,41.2331,98.71,233.6154,0.0277,0.0,99.9464,203.5961,48.5538,-16.9102,0.0,0.0001,2.4793,0.0,5.9652,35.6461,12.4812,26.9973,35.6983
89.0,177.0,12.4865,41.2128,98.695,232.8006,0.0311,0.0,99.9405,203.5962,48.5538,-16.9102,0.0,0.0001,2.4752,-0.0019,5.9693,35.6431,12.4626,26.9986,35.7004
90.0,179.0,12.4598,41.1829,84.9416,233.0733,0.0282,0.0,99.9556,203.5962,48.5538,-16.9103,0.0,0.0001,2.4728,-0.0003,5.9704,35.6386,12.4357,27.0005,35.7033
91.0,181.0,12.4487,41.1715,98.68,233.2529,0.0294,0.0,99.9556,203.5962,48.5538,-16.9102,0.0,0.0001,2.4732,-0.0001,5.9715,35.6371,12.4244,27.0016,35.7049
92.0,183.0,12.4425,41.1656,98.695,232.3807,0.0281,0.0,99.9556,203.5963,48.5538,-16.9103,0.0,0.0001,2.469,-0.0019,5.9737,35.6363,12.4179,27.0022,35.7058
93.0,185.0,12.4247,41.1466,98.71,232.185,0.0257,0.0,99.9565,203.5963,48.5538,-16.9103,0.0,0.0001,2.4655,-0.0014,5.9742,35.6341,12.3998,27.004,35.7084
94.0,187.0,12.4198,41.1428,86.1558,228.6926,0.0246,0.0,99.9556,203.5963,48.5538,-16.9103,0.0,0.0001,2.4482,-0.0071,5.9767,35.6343,12.3947,27.0052,35.7097
95.0,189.0,12.3937,41.1143,98.68,230.0865,0.0258,0.0,99.97,203.5963,48.5538,-16.9103,0.0,0.0001,2.4437,-0.0004,5.9773,35.6302,12.3683,27.0072,35.7128
96.0,191.0,12.379,41.0983,95.1955,231.3716,0.0256,0.0,99.9579,203.5964,48.5538,-16.9103,0.0,0.0001,2.4474,0.0015,5.9839,35.628,12.3534,27.0084,35.7147
97.0,193.0,12.3493,41.0651,90.9154,230.8432,0.0226,0.0,99.97,203.5964,48.5538,-16.9103,0.0,0.0001,2.447,-0.0008,5.9865,35.6231,12.3235,27.0104,35.7179
98.0,195.0,12.3299,41.0448,86.6353,231.6606,0.024,0.0,99.958,203.5964,48.5538,-16.9103,0.0,0.0001,2.4475,0.0011,5.988,35.621,12.3038,27.0126,35.7209
99.0,197.0,12.3178,41.0315,98.9862,231.4354,0.0243,0.0,99.9773,203.5964,48.5538,-16.9103,0.0,0.0001,2.4478,0.0,5.989,35.6188,12.2914,27.0134,35.7222
100.0,199.0,12.3049,41.0179,98.7075,230.6776,0.0244,0.0,99.9751,203.5965,48.5538,-16.9103,0.0,0.0001,2.4448,-0.0015,5.9917,35.617,12.2784,27.0145,35.7238
101.0,201.0,12.2862,40.9979,98.6912,229.8962,0.0285,0.0,99.9685,203.5965,48.5538,-16.9103,0.0,0.0001,2.4397,-0.0024,5.9921,35.6144,12.2595,27.0162,35.7263
102.0,203.0,12.2826,40.9958,98.7082,230.5965,0.0268,0.0,99.9592,203.5965,48.5537,-16.9103,0.0,0.0001,2.4388,-0.0002,5.9981,35.6149,12.2555,27.0174,35.7276
103.0,205.0,12.2458,40.9549,82.9387,230.983,0.0236,0.0,99.9556,203.5966,48.5537,-16.9103,0.0,0.0001,2.4389,0.0002,6.0022,35.6091,12.2185,27.0201,35.7319
104.0,207.0,12.2078,40.9121,98.6312,230.7184,0.0241,0.0,99.9556,203.5966,48.5537,-16.9103,0.0,0.0001,2.438,-0.0006,6.0041,35.6029,12.1803,27.0227,35.736
105.0,209.0,12.1929,40.8968,98.706,230.5067,0.0231,0.0,99.9534,203.5966,48.5537,-16.9103,0.0,0.0001,2.4356,-0.0008,6.003,35.6013,12.1652,27.0244,35.7384
106.0,211.0,12.1978,40.9057,98.6843,230.6942,0.0227,0.0,99.9556,203.5966,48.5537,-16.9103,0.0,0.0001,2.4354,0.0001,6.0023,35.6043,12.1698,27.0258,35.7396
107.0,213.0,12.1944,40.9037,87.671,230.1703,0.0247,0.0,99.9698,203.5967,48.5537,-16.9103,0.0,0.0001,2.4328,-0.0011,6.0042,35.6048,12.1661,27.0269,35.7408
108.0,215.0,12.1901,40.8994,98.6907,229.7267,0.0285,0.0,99.9556,203.5967,48.5537,-16.9103,0.0,0.0001,2.4292,-0.0015,6.0039,35.6038,12.1615,27.0271,35.7411
109.0,217.0,12.1817,40.8925,82.5623,230.1607,0.0291,0.0,99.9556,203.5967,48.5537,-16.9103,0.0,0.0001,2.4289,-0.0001,6.0061,35.6041,12.1528,27.029,35.7434
110.0,219.0,12.1796,40.8912,98.387,230.3451,0.0233,0.0,99.9556,203.5968,48.5537,-16.9103,0.0,0.0001,2.4285,0.0,6.0101,35.6042,12.1506,27.0295,35.744
111.0,221.0,12.1511,40.8567,98.6212,231.518,0.0219,0.0,99.9556,203.5968,48.5537,-16.9103,0.0,0.0001,2.4324,0.0021,6.0112,35.5969,12.1218,27.0294,35.7451
112.0,223.0,12.1368,40.8421,98.7014,232.2626,0.0201,0.0,99.9569,203.5968,48.5537,-16.9103,0.0,0.0001,2.4367,0.0022,6.0157,35.5954,12.1073,27.031,35.7473
113.0,225.0,12.0993,40.8002,98.71,231.7017,0.0216,0.0,99.948,203.5968,48.5537,-16.9103,0.0,0.0001,2.4359,-0.0003,6.019,35.5892,12.0696,27.0335,35.7514
114.0,227.0,12.0775,40.7762,75.5866,231.6995,0.0252,0.0,99.9484,203.5969,48.5537,-16.9103,0.0,0.0001,2.4359,-0.0004,6.0209,35.5856,12.0475,27.0349,35.7537
115.0,229.0,12.0723,40.771,92.7233,232.3711,0.0292,0.0,99.9423,203.5969,48.5537,-16.9104,0.0,0.0001,2.4371,0.0007,6.0249,35.5848,12.042,27.0354,35.7544
116.0,231.0,12.0485,40.7441,98.815,232.8396,0.0255,0.0,99.9612,203.5969,48.5537,-16.9104,0.0,0.0001,2.4394,0.001,6.0286,35.5804,12.0181,27.0366,35.7566
117.0,233.0,12.0101,40.7011,98.705,233.5281,0.0219,0.0,99.9423,203.5969,48.5537,-16.9104,0.0,0.0001,2.4425,0.0013,6.0319,35.5741,11.9795,27.0392,35.7608
118.0,235.0,11.9864,40.6745,85.5698,233.4575,0.0238,0.0,99.9522,203.597,48.5537,-16.9104,0.0,0.0001,2.443,0.0001,6.0351,35.5698,11.9555,27.0405,35.7631
119.0,237.0,11.9584,40.6449,98.71,233.9436,0.0223,0.0,99.9749,203.597,48.5537,-16.9104,0.0,0.0001,2.4451,0.0007,6.0379,35.5666,11.9274,27.0434,35.7672
120.0,239.0,11.938,40.6235,98.6929,233.8228,0.0229,0.0,99.9821,203.597,48.5537,-16.9104,0.0,0.0001,2.4453,-0.0002,6.0393,35.5642,11.9067,27.0454,35.7701
121.0,241.0,11.9269,40.6124,98.6887,233.5515,0.0188,0.0,99.9814,203.597,48.5537,-16.9104,0.0,0.0001,2.4431,-0.0008,6.0399,35.563,11.8953,27.0467,35.7718
122.0,243.0,11.9217,40.6077,86.92,232.8493,0.0215,0.0,99.9845,203.5971,48.5537,-16.9104,0.0,0.0001,2.4408,-0.0019,6.0419,35.5626,11.8899,27.0474,35.7728
123.0,245.0,11.9103,40.5954,98.764,232.4953,0.0245,0.0,99.9845,203.5971,48.5537,-16.9104,0.0,0.0001,2.4347,-0.0016,6.0445,35.5605,11.8782,27.048,35.7738
124.0,247.0,11.8913,40.5746,96.29,231.5346,0.0226,0.0,99.9875,203.5971,48.5537,-16.9104,0.0,0.0001,2.4291,-0.0027,6.0446,35.5574,11.859,27.0493,35.7759
125.0,249.0,11.8876,40.5726,98.7,231.7312,0.0209,0.0,99.9905,203.5972,48.5537,-16.9104,0.0,0.0001,2.4269,-0.0011,6.0428,35.5581,11.8551,27.0505,35.7773
126.0,251.0,11.8997,40.5905,98.6915,231.7988,0.0236,0.0,99.9845,203.5972,48.5537,-16.9104,0.0,0.0001,2.4249,-0.0004,6.0436,35.5631,11.8669,27.0522,35.7785
127.0,253.0,11.8962,40.5872,82.4411,231.5648,0.0269,0.0,99.9749,203.5972,48.5537,-16.9104,0.0,0.0001,2.4229,-0.0009,6.0453,35.5625,11.8631,27.0524,35.7789
128.0,255.0,11.8823,40.5711,98.6911,231.4284,0.024,0.0,99.974,203.5972,48.5537,-16.9104,0.0,0.0001,2.4212,-0.0007,6.0445,35.559,11.849,27.0524,35.7794
129.0,257.0,11.8742,40.5648,94.5664,231.4486,0.0237,0.0,99.9732,203.5973,48.5537,-16.9104,0.0,0.0001,2.4207,-0.0005,6.0464,35.5597,11.8406,27.0546,35.7819
130.0,259.0,11.8791,40.571,98.71,230.6889,0.024,0.0,99.9845,203.5973,48.5537,-16.9104,0.0,0.0001,2.4154,-0.0019,6.05,35.5601,11.8452,27.054,35.7812
131.0,261.0,11.8645,40.5556,98.7056,230.1567,0.022,0.0,99.9845,203.5973,48.5537,-16.9104,0.0,0.0001,2.4115,-0.0025,6.052,35.5582,11.8303,27.0553,35.7831
132.0,263.0,11.8294,40.5174,98.7011,230.1895,0.0228,0.0,100.0037,203.5973,48.5537,-16.9104,0.0,0.0001,2.4097,-0.0014,6.0508,35.5535,11.7952,27.0584,35.7876
133.0,265.0,11.84,40.5337,98.71,230.721,0.0244,0.0,99.9717,203.5974,48.5537,-16.9104,0.0,0.0001,2.4086,0.0,6.0532,35.5584,11.8055,27.0603,35.789
134.0,267.0,11.8276,40.5202,98.71,230.2908,0.0209,0.0,99.9997,203.5974,48.5537,-16.9104,0.0,0.0001,2.407,-0.001,6.0536,35.5561,11.7927,27.0609,35.7902
135.0,269.0,11.8005,40.4907,98.707,230.0118,0.0206,0.0,100.0061,203.5974,48.5537,-16.9104,0.0,0.0001,2.4045,-0.0012,6.0551,35.552,11.7654,27.0629,35.7934
136.0,271.0,11.79,40.4791,85.805,230.0417,0.0208,0.0,100.0119,203.5975,48.5537,-16.9104,0.0,0.0001,2.4027,-0.0009,6.0594,35.5501,11.7548,27.0634,35.7943
137.0,273.0,11.78,40.4681,95.71,229.3754,0.0216,0.0,100.0115,203.5975,48.5537,-16.9105,0.0,0.0001,2.3985,-0.0019,6.0626,35.5479,11.7445,27.0637,35.795
138.0,275.0,11.7561,40.4418,98.6982,228.1345,0.0249,0.0,100.0133,203.5975,48.5537,-16.9105,0.0,0.0001,2.3905,-0.0037,6.0656,35.5438,11.7203,27.0651,35.7975
139.0,277.0,11.7302,40.4136,87.1402,225.8804,0.0251,0.0,100.0032,203.5975,48.5537,-16.9105,0.0,0.0001,2.3769,-0.0059,6.0691,35.5401,11.6942,27.0672,35.8006
140.0,279.0,11.7046,40.3853,98.7592,225.2451,0.0221,0.0,99.9949,203.5976,48.5537,-16.9105,0.0,0.0001,2.3653,-0.0039,6.0718,35.5358,11.6685,27.0687,35.8032
141.0,281.0,11.6846,40.3644,98.7033,226.6688,0.0223,0.0,100.0133,203.5976,48.5537,-16.9105,0.0,0.0001,2.3659,0.0003,6.0719,35.5335,11.6483,27.0707,35.8061
142.0,283.0,11.6813,40.3631,98.69,225.4326,0.0225,0.0,100.0133,203.5976,48.5537,-16.9105,0.0,0.0001,2.3618,-0.0022,6.0703,35.5343,11.6447,27.072,35.8075
143.0,285.0,11.688,40.3736,98.7002,224.2595,0.0218,0.0,100.0133,203.5976,48.5537,-16.9105,0.0,0.0001,2.3548,-0.0034,6.0699,35.5374,11.6511,27.0732,35.8084
144.0,287.0,11.6957,40.3837,88.8577,223.0088,0.0203,0.0,100.0133,203.5977,48.5537,-16.9105,0.0,0.0001,2.3451,-0.0038,6.0705,35.5392,11.6585,27.0733,35.8081
145.0,289.0,11.6902,40.3804,98.6869,229.1566,0.0241,0.0,99.9905,203.5977,48.5537,-16.9105,0.0,0.0001,2.3609,0.0095,6.0695,35.5403,11.6528,27.0751,35.8102
146.0,291.0,11.6948,40.3883,98.7025,233.3236,0.0205,0.0,99.9556,203.5977,48.5537,-16.9105,0.0,0.0001,2.3876,0.0129,6.0695,35.5428,11.6571,27.0763,35.8112
147.0,293.0,11.6985,40.3964,69.2472,233.1643,0.0198,0.0,99.9556,203.5978,48.5537,-16.9105,0.0,0.0001,2.4032,0.0058,6.0712,35.5464,11.6605,27.0785,35.8132
148.0,295.0,11.6852,40.383,90.4791,234.0405,0.0208,0.0,99.9366,203.5978,48.5537,-16.9105,0.0,0.0001,2.4125,0.0043,6.0718,35.545,11.647,27.0799,35.8152
149.0,297.0,11.68,40.3784,98.6988,233.9436,0.0245,0.0,99.9394,203.5978,48.5537,-16.9105,0.0,0.0001,2.4175,0.0016,6.0743,35.5445,11.6415,27.0806,35.816
150.0,299.0,11.6636,40.3599,98.71,232.6074,0.0233,0.0,99.9368,203.5978,48.5537,-16.9105,0.0,0.0001,2.4164,-0.0018,6.077,35.541,11.6249,27.081,35.8171
151.0,301.0,11.6423,40.3371,98.7025,231.9968,0.0221,0.0,99.9556,203.5979,48.5537,-16.9105,0.0,0.0001,2.411,-0.0024,6.0776,35.5383,11.6034,27.0829,35.82
152.0,303.0,11.637,40.3332,98.632,235.3616,0.0211,0.0,99.9169,203.5979,48.5537,-16.9105,0.0,0.0001,2.4205,0.0045,6.0788,35.5387,11.5978,27.0843,35.8216
153.0,305.0,11.6306,40.3275,98.695,236.2615,0.0231,0.0,99.9238,203.5979,48.5537,-16.9105,0.0,0.0001,2.4288,0.0037,6.0794,35.5383,11.5912,27.0852,35.8228
154.0,307.0,11.6229,40.3198,98.71,236.0456,0.0236,0.0,99.9128,203.5979,48.5536,-16.9105,0.0,0.0001,2.4314,0.0016,6.0812,35.5373,11.5833,27.0859,35.8238
155.0,309.0,11.61,40.3062,60.2379,235.3957,0.0214,0.0,99.9229,203.598,48.5536,-16.9105,0.0,0.0001,2.4313,-0.0005,6.0806,35.5355,11.5702,27.087,35.8254
156.0,311.0,11.611,40.3103,95.1396,236.4507,0.0235,0.0,99.9152,203.598,48.5536,-16.9105,0.0,0.0001,2.4345,0.0015,6.0802,35.5373,11.5708,27.0883,35.8267
157.0,313.0,11.6151,40.3168,98.6951,235.6925,0.0258,0.0,99.915,203.598,48.5536,-16.9105,0.0,0.0001,2.4335,-0.0009,6.0797,35.5389,11.5747,27.0888,35.827
158.0,315.0,11.6201,40.3258,98.406,235.6311,0.024,0.0,99.9345,203.5981,48.5536,-16.9106,0.0,0.0001,2.4319,-0.0004,6.0769,35.5421,11.5794,27.0904,35.8284
159.0,317.0,11.6266,40.3352,98.71,236.0425,0.023,0.0,99.9267,203.5981,48.5536,-16.9106,0.0,0.0001,2.4334,0.0008,6.072,35.5442,11.5856,27.0909,35.8286
160.0,319.0,11.6608,40.3816,98.6955,235.135,0.023,0.0,99.9301,203.5981,48.5536,-16.9106,0.0,0.0001,2.4311,-0.0012,6.0713,35.5564,11.6194,27.094,35.8302
161.0,321.0,11.6804,40.408,88.1612,234.2856,0.0252,0.0,99.945,203.5981,48.5536,-16.9106,0.0,0.0001,2.4264,-0.0021,6.0707,35.5628,11.6388,27.0954,35.8307
162.0,323.0,11.684,40.4152,84.4165,233.8848,0.0225,0.0,99.9504,203.5982,48.5536,-16.9106,0.0,0.0001,2.4213,-0.0018,6.0707,35.5657,11.6421,27.097,35.8321
163.0,325.0,11.6827,40.4149,93.4978,233.7171,0.023,0.0,99.9442,203.5982,48.5536,-16.9106,0.0,0.0001,2.4176,-0.0014,6.0706,35.5657,11.6406,27.0972,35.8324
164.0,327.0,11.6843,40.4185,98.7037,233.989,0.0188,0.0,99.9538,203.5982,48.5536,-16.9106,0.0,0.0001,2.4176,-0.0004,6.0709,35.5668,11.6419,27.0978,35.833
165.0,329.0,11.6816,40.4162,98.309,234.0192,0.0203,0.0,99.9522,203.5983,48.5536,-16.9106,0.0,0.0001,2.417,-0.0003,6.0711,35.5663,11.6389,27.098,35.8333
166.0,331.0,11.678,40.4139,98.71,233.8496,0.0224,0.0,99.9556,203.5983,48.5536,-16.9106,0.0,0.0001,2.4148,-0.0005,6.0727,35.5666,11.6351,27.0989,35.8344
167.0,333.0,11.671,40.407,98.7069,233.2424,0.0227,0.0,99.9414,203.5983,48.5536,-16.9106,0.0,0.0001,2.412,-0.0016,6.0746,35.5655,11.6278,27.0995,35.8352
168.0,335.0,11.6511,40.3847,98.71,233.2705,0.0238,0.0,99.9373,203.5983,48.5536,-16.9106,0.0,0.0001,2.4093,-0.0008,6.076,35.5617,11.6077,27.1004,35.8369
169.0,337.0,11.6407,40.3732,98.6962,233.1758,0.0235,0.0,99.9307,203.5984,48.5536,-16.9106,0.0,0.0001,2.4077,-0.0008,6.0789,35.5594,11.5971,27.1006,35.8376
170.0,339.0,11.6204,40.35,54.4121,233.9703,0.0166,0.0,99.9357,203.5984,48.5536,-16.9106,0.0,0.0001,2.4077,0.0006,6.0841,35.5552,11.5766,27.1011,35.839
171.0,341.0,11.5976,40.3244,98.1131,232.7736,0.02,0.0,99.9373,203.5984,48.5536,-16.9106,0.0,0.0001,2.4043,-0.002,6.0844,35.551,11.5536,27.1022,35.8411
172.0,343.0,11.5646,40.2884,93.5108,233.0154,0.0204,0.0,99.9429,203.5984,48.5536,-16.9106,0.0,0.0001,2.4023,-0.0008,6.0869,35.5462,11.5204,27.1047,35.845
173.0,345.0,11.5589,40.2835,98.7053,232.8067,0.0198,0.0,99.9355,203.5985,48.5536,-16.9106,0.0,0.0001,2.4002,-0.0009,6.0889,35.546,11.5145,27.1056,35.8462
174.0,347.0,11.5489,40.2736,93.0132,232.2852,0.0229,0.0,99.9299,203.5985,48.5536,-16.9106,0.0,0.0001,2.3959,-0.0016,6.0932,35.5448,11.5042,27.1066,35.8476
175.0,349.0,11.5266,40.2479,98.6974,232.2134,0.0234,0.0,99.9333,203.5985,48.5536,-16.9106,0.0,0.0001,2.3931,-0.0011,6.0944,35.5399,11.4817,27.1071,35.849
176.0,351.0,11.5088,40.2296,98.71,232.268,0.0232,0.0,99.9336,203.5985,48.5536,-16.9107,0.0,0.0001,2.392,-0.0007,6.0956,35.5381,11.4637,27.1091,35.8517
177.0,353.0,11.4985,40.2186,98.7018,232.9885,0.0204,0.0,99.9258,203.5986,48.5536,-16.9107,0.0,0.0001,2.3936,0.0009,6.0938,35.5362,11.4531,27.1095,35.8526
178.0,355.0,11.5091,40.2355,94.8891,233.1616,0.0201,0.0,99.9236,203.5986,48.5536,-16.9107,0.0,0.0001,2.3956,0.0006,6.0927,35.5418,11.4634,27.1119,35.8546
179.0,357.0,11.5188,40.2504,88.4869,233.0905,0.0231,0.0,99.9267,203.5986,48.5536,-16.9107,0.0,0.0001,2.3956,0.0003,6.0923,35.5463,11.4728,27.1137,35.8559
180.0,359.0,11.5205,40.2542,98.6995,232.6322,0.0201,0.0,99.9239,203.5987,48.5536,-16.9107,0.0,0.0001,2.394,-0.0008,6.0918,35.5476,11.4743,27.1144,35.8566
181.0,361.0,11.5249,40.2608,76.0012,232.3292,0.0223,0.0,99.9267,203.5987,48.5536,-16.9107,0.0,0.0001,2.3919,-0.0011,6.0921,35.5491,11.4785,27.1149,35.8568
182.0,363.0,11.523,40.2592,81.3165,232.5518,0.0192,0.0,99.9267,203.5987,48.5536,-16.9107,0.0,0.0001,2.3919,-0.0004,6.0924,35.5484,11.4763,27.1147,35.8568
183.0,365.0,11.5185,40.2548,93.5492,232.1887,0.0213,0.0,99.9245,203.5987,48.5536,-16.9107,0.0,0.0001,2.389,-0.001,6.0942,35.5475,11.4716,27.1149,35.8571
184.0,367.0,11.5071,40.2417,98.695,232.4577,0.0217,0.0,99.9297,203.5988,48.5536,-16.9107,0.0,0.0001,2.3871,-0.0002,6.0974,35.5446,11.4598,27.1148,35.8575
185.0,369.0,11.4946,40.228,98.7032,232.0766,0.0208,0.0,99.84,203.5988,48.5536,-16.9107,0.0,0.0001,2.3856,-0.0011,6.1008,35.542,11.4472,27.1152,35.8585
186.0,371.0,11.4627,40.1931,98.7036,231.8714,0.0226,0.0,99.9261,203.5988,48.5536,-16.9107,0.0,0.0001,2.3835,-0.0011,6.1012,35.5375,11.4151,27.1176,35.8623
187.0,373.0,11.4544,40.1848,98.6399,232.5553,0.0174,0.0,99.9156,203.5988,48.5536,-16.9107,0.0,0.0001,2.3848,0.0004,6.1018,35.5363,11.4066,27.1183,35.8633
188.0,375.0,11.4493,40.1807,98.7002,232.97,0.0218,0.0,99.905,203.5989,48.5536,-16.9107,0.0,0.0001,2.3863,0.0007,6.1027,35.5361,11.4012,27.1192,35.8644
189.0,377.0,11.4449,40.1771,91.2785,233.5765,0.0236,0.0,99.9122,203.5989,48.5536,-16.9107,0.0,0.0001,2.389,0.0011,6.1054,35.5358,11.3965,27.1198,35.8652
190.0,379.0,11.4324,40.1639,76.6514,232.6616,0.02,0.0,99.9095,203.5989,48.5536,-16.9107,0.0,0.0001,2.3867,-0.0013,6.1084,35.534,11.3838,27.1208,35.8667
191.0,381.0,11.4082,40.136,94.3689,231.2566,0.021,0.0,99.9173,203.599,48.5536,-16.9107,0.0,0.0001,2.3801,-0.0032,6.1059,35.5288,11.3595,27.1212,35.8682
192.0,383.0,11.3994,40.1265,98.7014,232.016,0.0228,0.0,99.9212,203.599,48.5536,-16.9108,0.0,0.0001,2.3767,-0.0006,6.1106,35.5269,11.3504,27.1214,35.8688
193.0,385.0,11.3929,40.1188,98.694,230.1034,0.0213,0.0,99.9204,203.599,48.5536,-16.9108,0.0,0.0001,2.3701,-0.0041,6.1146,35.5249,11.3437,27.1212,35.8688
194.0,387.0,11.3616,40.0836,98.7004,229.1717,0.0243,0.0,99.9267,203.599,48.5536,-16.9108,0.0,0.0001,2.3622,-0.004,6.1127,35.5191,11.3122,27.1225,35.8715
195.0,389.0,11.3581,40.0813,98.7008,230.1032,0.0185,0.0,99.9262,203.5991,48.5536,-16.9108,0.0,0.0001,2.3607,-0.0007,6.114,35.5191,11.3085,27.1232,35.8724
196.0,391.0,11.3612,40.0857,67.9758,229.8101,0.0188,0.0,99.9163,203.5991,48.5536,-16.9108,0.0,0.0001,2.359,-0.0008,6.1137,35.5198,11.3113,27.1232,35.8723
197.0,393.0,11.365,40.0914,98.808,230.5279,0.0176,0.0,99.9203,203.5991,48.5536,-16.9108,0.0,0.0001,2.3593,0.0007,6.1147,35.5209,11.3148,27.1234,35.8723
198.0,395.0,11.355,40.0799,94.9331,229.6223,0.0184,0.0,99.9175,203.5991,48.5536,-16.9108,0.0,0.0001,2.3561,-0.0015,6.1184,35.5181,11.3045,27.1231,35.8725
199.0,397.0,11.3319,40.0549,98.695,228.5929,0.0222,0.0,99.9267,203.5992,48.5536,-16.9108,0.0,0.0001,2.3493,-0.0028,6.1247,35.5148,11.2813,27.1249,35.8752
200.0,399.0,11.298,40.0186,85.0263,227.0342,0.0196,0.0,99.9236,203.5992,48.5536,-16.9108,0.0,0.0001,2.3412,-0.0046,6.1251,35.5105,11.2472,27.1278,35.8796
201.0,401.0,11.2827,40.0032,94.9846,227.361,0.02,0.0,99.9305,203.5992,48.5536,-16.9108,0.0,0.0001,2.3346,-0.0017,6.124,35.509,11.2317,27.1295,35.882
202.0,403.0,11.2896,40.0135,98.68,228.6014,0.0227,0.0,99.9333,203.5993,48.5536,-16.9108,0.0,0.0001,2.3379,0.0013,6.1228,35.5116,11.2384,27.1303,35.8824
203.0,405.0,11.2959,40.0231,98.6943,229.2663,0.0218,0.0,99.9206,203.5993,48.5536,-16.9108,0.0,0.0001,2.3416,0.0017,6.1219,35.5141,11.2443,27.1312,35.883
204.0,407.0,11.304,40.0342,98.6982,230.2917,0.0263,0.0,99.9229,203.5993,48.5536,-16.9108,0.0,0.0001,2.3474,0.0024,6.122,35.5164,11.2521,27.1316,35.8831
205.0,409.0,11.303,40.034,85.5386,229.7671,0.0203,0.0,99.9247,203.5993,48.5536,-16.9108,0.0,0.0001,2.349,0.0002,6.1223,35.5164,11.2509,27.1317,35.8833
206.0,411.0,11.3037,40.0359,94.078,229.4376,0.0216,0.0,99.9113,203.5994,48.5536,-16.9108,0.0,0.0001,2.348,-0.0008,6.1224,35.5167,11.2514,27.1319,35.8834
207.0,413.0,11.2895,40.0199,98.7008,229.6283,0.0208,0.0,99.908,203.5994,48.5536,-16.9108,0.0,0.0001,2.3471,-0.0002,6.1252,35.5136,11.2369,27.1322,35.8843
208.0,415.0,11.2721,39.9998,98.689,228.2274,0.0218,0.0,99.901,203.5994,48.5536,-16.9109,0.0,0.0001,2.3399,-0.0028,6.1324,35.5095,11.2194,27.1322,35.8851
209.0,417.0,11.2339,39.9568,60.0803,225.5086,0.0224,0.0,99.9139,203.5995,48.5536,-16.9109,0.0,0.0001,2.3257,-0.0063,6.1353,35.5025,11.181,27.1339,35.8884
210.0,419.0,11.2016,39.9208,98.692,224.5623,0.0212,0.0,99.9245,203.5995,48.5536,-16.9109,0.0,0.0001,2.3156,-0.0052,6.1341,35.4969,11.1484,27.1355,35.8915
211.0,421.0,11.1961,39.9148,94.3633,225.602,0.0187,0.0,99.932,203.5995,48.5536,-16.9109,0.0,0.0001,2.3124,-0.0011,6.1365,35.4953,11.1427,27.1353,35.8915
212.0,423.0,11.2132,39.9355,98.691,221.3342,0.0208,0.0,99.9234,203.5995,48.5536,-16.9109,0.0,0.0001,2.2956,-0.0088,6.1443,35.4989,11.1596,27.135,35.8905
213.0,425.0,11.154,39.8684,98.6879,220.6022,0.0237,0.0,99.9301,203.5996,48.5536,-16.9109,0.0,0.0001,2.2828,-0.0063,6.1438,35.488,11.1003,27.1373,35.8954
214.0,427.0,11.1366,39.8504,98.6892,221.4261,0.0241,0.0,99.9105,203.5996,48.5536,-16.9109,0.0,0.0001,2.2785,-0.0021,6.1423,35.4858,11.0827,27.1389,35.8977
215.0,429.0,11.1402,39.857,98.6969,221.8447,0.0207,0.0,99.9388,203.5996,48.5536,-16.9109,0.0,0.0001,2.2772,-0.0006,6.1446,35.4882,11.0861,27.1401,35.8988
216.0,431.0,11.1412,39.8595,98.69,221.617,0.0176,0.0,99.9358,203.5996,48.5536,-16.9109,0.0,0.0001,2.2742,-0.0011,6.1497,35.4888,11.0868,27.1405,35.8991
217.0,433.0,11.1312,39.8471,98.6847,221.0217,0.0181,0.0,99.9354,203.5997,48.5536,-16.9109,0.0,0.0001,2.2712,-0.0018,6.1519,35.4853,11.0766,27.1396,35.8987
218.0,435.0,11.0878,39.7985,65.5984,219.8186,0.0216,0.0,99.9138,203.5997,48.5536,-16.9109,0.0,0.0001,2.2636,-0.003,6.1527,35.4777,11.033,27.1416,35.9026
219.0,437.0,11.0798,39.79,96.625,219.3813,0.024,0.0,99.9407,203.5997,48.5536,-16.9109,0.0,0.0001,2.2579,-0.0018,6.1468,35.476,11.0248,27.1419,35.9032
220.0,439.0,11.1121,39.8354,98.68,219.5142,0.0226,0.0,99.9355,203.5998,48.5536,-16.9109,0.0,0.0001,2.2564,-0.0002,6.1405,35.4891,11.0567,27.1462,35.906
221.0,441.0,11.1663,39.9037,98.686,220.6731,0.0177,0.0,99.9267,203.5998,48.5536,-16.9109,0.0,0.0001,2.2599,0.0019,6.1378,35.5041,11.1105,27.148,35.9055
222.0,443.0,11.1819,39.9243,88.0389,220.3987,0.0159,0.0,99.9235,203.5998,48.5536,-16.9109,0.0,0.0001,2.2612,0.0005,6.1354,35.5089,11.1258,27.149,35.9057
223.0,445.0,11.1992,39.9482,98.686,220.7004,0.0193,0.0,99.9318,203.5998,48.5536,-16.9109,0.0,0.0001,2.2637,0.0008,6.1341,35.5149,11.1428,27.1505,35.9065
224.0,447.0,11.2081,39.9606,98.6933,220.78,0.0228,0.0,99.9221,203.5999,48.5536,-16.9109,0.0,0.0001,2.2639,0.0005,6.134,35.5179,11.1513,27.1513,35.9069
225.0,449.0,11.211,39.9654,98.6935,220.4484,0.0225,0.0,99.9217,203.5999,48.5536,-16.9109,0.0,0.0001,2.2635,-0.0003,6.1334,35.5189,11.154,27.1516,35.907
226.0,451.0,11.2151,39.9724,70.66,220.697,0.0184,0.0,99.9139,203.5999,48.5536,-16.911,0.0,0.0001,2.2639,0.0001,6.1331,35.5211,11.1579,27.1526,35.9079
227.0,453.0,11.2154,39.9748,98.6812,221.1292,0.0218,0.0,99.9183,203.5999,48.5536,-16.911,0.0,0.0001,2.2649,0.0006,6.1352,35.5224,11.1578,27.1536,35.9088
228.0,455.0,11.2068,39.9663,98.6892,220.8233,0.0214,0.0,99.9163,203.6,48.5536,-16.911,0.0,0.0001,2.2638,-0.0003,6.1378,35.5212,11.149,27.1543,35.9099
229.0,457.0,11.179,39.9348,73.7009,220.8575,0.0201,0.0,99.9032,203.6,48.5536,-16.911,0.0,0.0001,2.2639,-0.0002,6.1367,35.5158,11.121,27.1552,35.9121
230.0,459.0,11.1839,39.9429,89.6786,221.4492,0.0234,0.0,99.9114,203.6,48.5536,-16.911,0.0,0.0001,2.265,0.0009,6.1353,35.5182,11.1256,27.1562,35.9129
231.0,461.0,11.205,39.9703,98.68,222.313,0.0217,0.0,99.9058,203.6001,48.5536,-16.911,0.0,0.0001,2.2687,0.002,6.1352,35.5242,11.1464,27.1571,35.9128
232.0,463.0,11.2071,39.9734,98.6838,222.0841,0.0177,0.0,99.9079,203.6001,48.5536,-16.911,0.0,0.0001,2.2698,0.001,6.134,35.5245,11.1483,27.157,35.9126
233.0,465.0,11.2076,39.9746,98.6875,222.2504,0.0168,0.0,99.9061,203.6001,48.5536,-16.911,0.0,0.0001,2.2714,0.0007,6.1331,35.5244,11.1485,27.1568,35.9124
234.0,467.0,11.2179,39.9889,98.503,222.5455,0.0211,0.0,99.9054,203.6001,48.5535,-16.911,0.0,0.0001,2.2725,0.0003,6.1402,35.5277,11.1585,27.1576,35.9128
235.0,469.0,11.1896,39.9551,98.5951,222.1116,0.0201,0.0,99.9059,203.6002,48.5535,-16.911,0.0,0.0001,2.2715,-0.0005,6.1382,35.5205,11.1301,27.1572,35.9136
236.0,471.0,11.1525,39.9138,98.6873,223.2041,0.0209,0.0,99.8978,203.6002,48.5535,-16.911,0.0,0.0001,2.2731,0.0009,6.1506,35.5142,11.0928,27.1592,35.9172
237.0,473.0,11.0935,39.8454,72.756,222.0905,0.0221,0.0,99.9085,203.6002,48.5535,-16.911,0.0,0.0001,2.2697,-0.0015,6.1532,35.5023,11.0338,27.1607,35.9213
238.0,475.0,11.0731,39.8204,98.6899,222.5305,0.0193,0.0,99.9227,203.6002,48.5535,-16.911,0.0,0.0001,2.2686,-0.0001,6.1534,35.496,11.0132,27.1595,35.921
239.0,477.0,11.0684,39.8168,94.6039,222.4204,0.017,0.0,99.9,203.6003,48.5535,-16.911,0.0,0.0001,2.2676,-0.0003,6.1523,35.496,11.0083,27.1604,35.9221
240.0,479.0,11.0791,39.8311,98.692,223.2197,0.0213,0.0,99.8978,203.6003,48.5536,-16.911,0.0,0.0001,2.2698,0.0013,6.1524,35.4989,11.0187,27.1608,35.9221
241.0,481.0,11.0834,39.8367,89.6753,223.0202,0.0218,0.0,99.8984,203.6003,48.5536,-16.911,0.0,0.0001,2.2706,0.0003,6.1524,35.4996,11.0227,27.1607,35.9217
242.0,483.0,11.0805,39.8345,98.68,223.5605,0.0213,0.0,99.8916,203.6004,48.5536,-16.911,0.0,0.0001,2.2697,-0.0001,6.174,35.4991,11.0195,27.1608,35.922
243.0,485.0,11.0333,39.7699,98.692,221.2884,0.0247,0.0,99.8887,203.6004,48.5536,-16.911,0.0,0.0001,2.2625,-0.0045,6.1805,35.4795,10.9722,27.1542,35.9176
244.0,487.0,10.8787,39.5991,98.6933,217.7417,0.0186,0.0,99.9069,203.6004,48.5536,-16.911,0.0,0.0001,2.2414,-0.0078,6.1817,35.457,10.8179,27.1646,35.9346
245.0,489.0,10.8679,39.589,98.6866,218.0665,0.0197,0.0,99.8978,203.6004,48.5536,-16.911,0.0,0.0001,2.229,-0.0028,6.1882,35.4563,10.8069,27.1661,35.9366
246.0,491.0,10.8525,39.5718,72.4028,217.7863,0.0168,0.0,99.9012,203.6005,48.5536,-16.911,0.0,0.0001,2.2247,-0.0023,6.1895,35.4531,10.7913,27.1664,35.9376
247.0,493.0,10.7808,39.49,97.2963,217.529,0.0211,0.0,99.9019,203.6005,48.5535,-16.9111,0.0,0.0001,2.2202,-0.0021,6.1959,35.4395,10.7196,27.1687,35.943
248.0,495.0,10.7679,39.4771,98.6925,216.6612,0.0213,0.0,99.9184,203.6005,48.5535,-16.9111,0.0,0.0001,2.2142,-0.0023,6.1938,35.4381,10.7065,27.17,35.9449
249.0,497.0,10.7816,39.4989,98.68,217.4434,0.0206,0.0,99.91,203.6005,48.5535,-16.9111,0.0,0.0001,2.213,-0.0001,6.1982,35.4458,10.7199,27.1735,35.9478
250.0,499.0,10.752,39.4668,98.6851,216.0377,0.0214,0.0,99.9173,203.6006,48.5535,-16.9111,0.0,0.0001,2.2078,-0.0027,6.1993,35.4415,10.6902,27.1755,35.951
251.0,501.0,10.7473,39.4614,59.1703,215.693,0.0209,0.0,99.9093,203.6006,48.5535,-16.9111,0.0,0.0001,2.2039,-0.0021,6.1977,35.4397,10.6853,27.175,35.9508
252.0,503.0,10.7321,39.4455,93.6721,216.0502,0.0215,0.0,99.9159,203.6006,48.5535,-16.9111,0.0,0.0001,2.2014,-0.0008,6.2031,35.4373,10.6699,27.1759,35.9523
253.0,505.0,10.7164,39.4274,98.68,214.9335,0.0231,0.0,99.9267,203.6007,48.5535,-16.9111,0.0,0.0001,2.1964,-0.0025,6.204,35.4335,10.654,27.1758,35.9529
254.0,507.0,10.7081,39.4211,98.6867,215.249,0.025,0.0,99.9202,203.6007,48.5535,-16.9111,0.0,0.0001,2.1953,-0.0008,6.1988,35.4342,10.6455,27.1779,35.9553
255.0,509.0,10.7377,39.461,98.68,216.9517,0.0203,0.0,99.9171,203.6007,48.5535,-16.9111,0.0,0.0001,2.2008,0.0028,6.1881,35.4449,10.6746,27.181,35.9571
256.0,511.0,10.7889,39.5248,98.6858,218.2848,0.0167,0.0,99.9141,203.6007,48.5535,-16.9111,0.0,0.0001,2.2087,0.0041,6.1837,35.4586,10.7254,27.1825,35.9564
257.0,513.0,10.8531,39.6094,98.68,220.1692,0.0184,0.0,99.8999,203.6008,48.5535,-16.9111,0.0,0.0001,2.2218,0.0052,6.1766,35.4805,10.7891,27.1881,35.959
258.0,515.0,10.8999,39.6667,98.68,220.4078,0.0245,0.0,99.9003,203.6008,48.5535,-16.9111,0.0,0.0001,2.2305,0.0031,6.1708,35.4917,10.8355,27.1885,35.9573
259.0,517.0,10.9336,39.71,76.4812,221.0312,0.0205,0.0,99.9132,203.6008,48.5535,-16.9111,0.0,0.0001,2.2363,0.0026,6.1679,35.5017,10.8688,27.1903,35.9576
260.0,519.0,10.9582,39.7412,95.2259,222.1631,0.0178,0.0,99.9088,203.6008,48.5535,-16.9111,0.0,0.0001,2.2443,0.0029,6.1685,35.508,10.893,27.1908,35.9571
261.0,521.0,10.9594,39.7445,98.6909,224.0889,0.0183,0.0,99.9121,203.6009,48.5535,-16.9111,0.0,0.0001,2.2532,0.0048,6.1702,35.5093,10.894,27.1916,35.9578
262.0,523.0,10.9436,39.7287,98.6843,224.0671,0.0209,0.0,99.8998,203.6009,48.5535,-16.9111,0.0,0.0001,2.2586,0.0026,6.1711,35.5079,10.878,27.1935,35.9603
263.0,525.0,10.935,39.7193,88.8737,223.0829,0.0204,0.0,99.9097,203.6009,48.5535,-16.9111,0.0,0.0001,2.2582,-0.0003,6.1727,35.5062,10.8692,27.1937,35.961
264.0,527.0,10.9248,39.7084,98.6832,221.3212,0.02,0.0,99.9147,203.6009,48.5535,-16.9112,0.0,0.0001,2.2514,-0.0033,6.1741,35.5043,10.8588,27.1941,35.9618
265.0,529.0,10.9153,39.7,98.69,221.039,0.0209,0.0,99.9198,203.601,48.5535,-16.9112,0.0,0.0001,2.2466,-0.0025,6.1747,35.5041,10.8491,27.1957,35.9638
266.0,531.0,10.9076,39.6927,98.6934,220.7178,0.0206,0.0,99.9094,203.601,48.5535,-16.9112,0.0,0.0001,2.2413,-0.0019,6.1761,35.5031,10.8411,27.1964,35.9648
267.0,533.0,10.8964,39.6824,81.3492,221.5326,0.0209,0.0,99.9059,203.601,48.5535,-16.9112,0.0,0.0001,2.2405,0.0004,6.1768,35.5028,10.8296,27.1982,35.9672
268.0,535.0,10.893,39.6802,98.6857,222.3075,0.0229,0.0,99.8978,203.6011,48.5535,-16.9112,0.0,0.0001,2.2439,0.0012,6.1768,35.5029,10.826,27.199,35.968
269.0,537.0,10.893,39.6812,98.68,222.5244,0.0233,0.0,99.8978,203.6011,48.5535,-16.9112,0.0,0.0001,2.2452,0.0011,6.1769,35.5029,10.8258,27.199,35.9681
270.0,539.0,10.8919,39.681,79.1106,222.8021,0.0216,0.0,99.8956,203.6011,48.5535,-16.9112,0.0,0.0001,2.2483,0.0008,6.1768,35.5031,10.8244,27.1994,35.9685
271.0,541.0,10.8925,39.6845,85.3491,223.8231,0.0214,0.0,99.8872,203.6011,48.5535,-16.9112,0.0,0.0001,2.2527,0.002,6.1777,35.5052,10.8247,27.201,35.97
272.0,543.0,10.8881,39.6827,98.6865,224.2135,0.0215,0.0,99.8978,203.6012,48.5535,-16.9112,0.0,0.0001,2.2552,0.0017,6.1776,35.5066,10.8201,27.2029,35.9722
273.0,545.0,10.8831,39.6786,98.685,223.9288,0.0193,0.0,99.8868,203.6012,48.5535,-16.9112,0.0,0.0001,2.2576,0.0004,6.1791,35.5066,10.8149,27.2038,35.9733
274.0,547.0,10.8756,39.6725,98.68,222.2214,0.0198,0.0,99.8933,203.6012,48.5535,-16.9112,0.0,0.0001,2.2507,-0.0027,6.1829,35.5069,10.8072,27.2054,35.9752
275.0,549.0,10.8468,39.6429,98.5512,220.5596,0.0197,0.0,99.8978,203.6012,48.5535,-16.9112,0.0,0.0001,2.2401,-0.004,6.1842,35.504,10.7782,27.2084,35.9794
276.0,551.0,10.8371,39.6331,98.6108,219.3101,0.0174,0.0,99.8978,203.6013,48.5535,-16.9112,0.0,0.0001,2.2301,-0.0041,6.1846,35.5027,10.7683,27.2092,35.9807
277.0,553.0,10.8351,39.6316,98.6825,218.3714,0.0211,0.0001,99.8795,203.6013,48.5535,-16.9112,0.0,0.0001,2.2207,-0.0038,6.186,35.5024,10.766,27.2094,35.9809
278.0,555.0,10.8287,39.6255,98.687,217.7525,0.0218,0.0001,99.879,203.6013,48.5535,-16.9112,0.0,0.0001,2.2144,-0.0032,6.1847,35.5014,10.7594,27.2098,35.9817
279.0,557.0,10.8231,39.6216,72.6399,218.4925,0.0222,0.0001,99.7896,203.6014,48.5535,-16.9112,0.0,0.0001,2.2126,-0.0007,6.1858,35.5021,10.7536,27.2114,35.9834
280.0,559.0,10.8246,39.6242,94.4069,217.0357,0.021,0.0001,99.7719,203.6014,48.5535,-16.9112,0.0,0.0001,2.2061,-0.0027,6.186,35.5026,10.7549,27.2116,35.9835
281.0,561.0,10.8244,39.6256,98.68,215.906,0.0175,0.0001,99.869,203.6014,48.5535,-16.9113,0.0,0.0001,2.1984,-0.0032,6.1869,35.5032,10.7544,27.2121,35.9841
282.0,563.0,10.8181,39.6209,98.2807,215.079,0.019,0.0001,99.872,203.6014,48.5535,-16.9113,0.0,0.0001,2.1916,-0.0033,6.1872,35.5037,10.7479,27.2137,35.9859
283.0,565.0,10.814,39.6186,98.68,216.3274,0.018,0.0001,99.8674,203.6015,48.5535,-16.9113,0.0,0.0001,2.1912,0.0001,6.1876,35.5044,10.7436,27.215,35.9874
284.0,567.0,10.8117,39.617,98.68,217.7767,0.0182,0.0001,99.8786,203.6015,48.5535,-16.9113,0.0,0.0001,2.1965,0.0022,6.1879,35.5041,10.7409,27.2153,35.9878
285.0,569.0,10.8086,39.6148,78.4519,217.9852,0.0161,0.0001,99.869,203.6015,48.5535,-16.9113,0.0,0.0001,2.1997,0.0012,6.1899,35.5041,10.7376,27.2158,35.9885
286.0,571.0,10.7964,39.602,95.9659,219.037,0.02,0.0001,99.866,203.6016,48.5534,-16.9113,0.0,0.0001,2.2041,0.0022,6.1926,35.5021,10.7252,27.2165,35.9897
287.0,573.0,10.7835,39.5886,92.9325,220.9695,0.0202,0.0001,99.8741,203.6016,48.5534,-16.9113,0.0,0.0001,2.213,0.0041,6.1941,35.5003,10.7121,27.2174,35.9912
288.0,575.0,10.7691,39.5741,98.68,223.4161,0.0231,0.0001,99.869,203.6016,48.5534,-16.9113,0.0,0.0001,2.2255,0.0065,6.1943,35.4988,10.6975,27.2189,35.9933
289.0,577.0,10.7589,39.5631,86.197,223.3398,0.0204,0.0001,99.8659,203.6016,48.5534,-16.9113,0.0,0.0001,2.2347,0.0026,6.1964,35.4967,10.6871,27.2191,35.994
290.0,579.0,10.7513,39.5553,67.21,223.8484,0.019,0.0,99.8893,203.6017,48.5534,-16.9113,0.0,0.0001,2.2393,0.0021,6.1976,35.4953,10.6793,27.2195,35.9947
291.0,581.0,10.7422,39.5461,88.1726,224.1031,0.0175,0.0001,99.869,203.6017,48.5534,-16.9114,0.0,0.0001,2.2417,0.0017,6.199,35.4941,10.67,27.2202,35.9958
292.0,583.0,10.7302,39.5334,95.031,224.4241,0.022,0.0001,99.8807,203.6017,48.5534,-16.9114,0.0,0.0001,2.244,0.0012,6.2015,35.4921,10.6578,27.2208,35.9969
293.0,585.0,10.7137,39.5164,98.682,225.4556,0.021,0.0001,99.869,203.6017,48.5534,-16.9114,0.0,0.0001,2.2493,0.0021,6.2021,35.4901,10.641,27.2222,35.9991
294.0,587.0,10.7079,39.511,98.6861,225.6329,0.0201,0.0001,99.869,203.6018,48.5534,-16.9114,0.0,0.0001,2.2524,0.0013,6.2029,35.4893,10.635,27.2227,35.9998
295.0,589.0,10.7026,39.5059,98.6923,225.3987,0.0193,0.0001,99.869,203.6018,48.5534,-16.9114,0.0,0.0001,2.2533,0.0,6.2044,35.4885,10.6296,27.2231,36.0004
296.0,591.0,10.6934,39.4971,80.7364,224.8266,0.0228,0.0001,99.869,203.6018,48.5534,-16.9114,0.0,0.0001,2.2514,-0.001,6.2046,35.4878,10.6202,27.2242,36.0019
297.0,593.0,10.691,39.498,98.68,224.6534,0.0212,0.0001,99.8656,203.6018,48.5534,-16.9114,0.0,0.0001,2.249,-0.0009,6.2042,35.4899,10.6174,27.2263,36.0041
298.0,595.0,10.6921,39.5005,82.8839,225.2413,0.0228,0.0001,99.8486,203.6019,48.5534,-16.9114,0.0,0.0001,2.2491,0.0004,6.2041,35.4904,10.6183,27.2266,36.0044
299.0,597.0,10.6911,39.5014,83.1834,225.9783,0.0214,0.0001,99.8537,203.6019,48.5534,-16.9114,0.0,0.0001,2.2515,0.0015,6.2042,35.4914,10.617,27.2275,36.0054
300.0,599.0,10.6905,39.5014,88.658,225.6593,0.0206,0.0001,99.8488,203.6019,48.5534,-16.9114,0.0,0.0001,2.254,0.0,6.205,35.4914,10.6163,27.2277,36.0055
301.0,601.0,10.6878,39.4998,98.686,225.8797,0.0193,0.0001,99.8391,203.602,48.5534,-16.9114,0.0,0.0001,2.2537,0.0003,6.2062,35.4914,10.6133,27.2282,36.0062
302.0,603.0,10.68,39.492,98.6866,225.7617,0.0185,0.0001,99.8042,203.602,48.5534,-16.9114,0.0,0.0001,2.2527,-0.0002,6.208,35.4902,10.6052,27.2287,36.007
303.0,605.0,10.6655,39.4777,98.6879,224.5285,0.0194,0.0001,99.8578,203.602,48.5534,-16.9114,0.0,0.0001,2.2486,-0.002,6.2088,35.4888,10.5905,27.2303,36.0092
304.0,607.0,10.654,39.4666,98.6855,222.7145,0.0201,0.0001,99.8582,203.602,48.5534,-16.9114,0.0,0.0001,2.2374,-0.004,6.213,35.4879,10.5789,27.2316,36.0111
305.0,609.0,10.634,39.4442,98.68,220.3569,0.0233,0.0001,99.869,203.6021,48.5534,-16.9114,0.0,0.0001,2.2245,-0.0062,6.2158,35.484,10.5587,27.2322,36.0125
306.0,611.0,10.6168,39.4253,98.6912,219.2939,0.0156,0.0001,99.8618,203.6021,48.5534,-16.9114,0.0,0.0001,2.2138,-0.0056,6.2171,35.4808,10.5413,27.2327,36.0139
307.0,613.0,10.6,39.408,63.4902,219.1369,0.0167,0.0001,99.866,203.6021,48.5534,-16.9115,0.0,0.0001,2.205,-0.0033,6.2217,35.4786,10.5243,27.2341,36.0159
308.0,615.0,10.5761,39.3814,92.775,219.2411,0.0193,0.0001,99.8154,203.6021,48.5534,-16.9115,0.0,0.0001,2.1995,-0.0018,6.2252,35.4742,10.5002,27.2349,36.0178
309.0,617.0,10.5441,39.3465,98.6819,220.5057,0.0193,0.0001,99.8515,203.6022,48.5534,-16.9115,0.0,0.0001,2.2015,0.0009,6.2261,35.469,10.4681,27.2365,36.0209
310.0,619.0,10.5332,39.3359,98.6176,220.1082,0.0226,0.0001,99.8622,203.6022,48.5534,-16.9115,0.0,0.0001,2.201,-0.0004,6.2281,35.4679,10.4571,27.2377,36.0225
311.0,621.0,10.5228,39.3257,98.68,218.5275,0.0202,0.0001,99.869,203.6022,48.5534,-16.9115,0.0,0.0001,2.1946,-0.0028,6.23,35.467,10.4464,27.2388,36.024
312.0,623.0,10.5117,39.3153,98.68,217.7398,0.0221,0.0001,99.8473,203.6023,48.5534,-16.9115,0.0,0.0001,2.1885,-0.0029,6.2282,35.4663,10.4351,27.2403,36.026
313.0,625.0,10.5067,39.3117,98.6819,217.3973,0.0194,0.0001,99.869,203.6023,48.5534,-16.9115,0.0,0.0001,2.1843,-0.0023,6.2293,35.4666,10.4298,27.2414,36.0274
314.0,627.0,10.5074,39.3132,77.5112,217.6751,0.0213,0.0001,99.8602,203.6023,48.5534,-16.9115,0.0,0.0001,2.1821,-0.001,6.2312,35.4668,10.4304,27.2416,36.0275
315.0,629.0,10.5023,39.3095,91.9867,214.8204,0.0212,0.0001,99.8401,203.6023,48.5534,-16.9115,0.0,0.0001,2.1711,-0.0053,6.2317,35.4671,10.4251,27.2427,36.0288
316.0,631.0,10.4822,39.291,98.6833,214.9301,0.0183,0.0001,99.8453,203.6024,48.5534,-16.9115,0.0,0.0001,2.1643,-0.003,6.2333,35.4667,10.4047,27.246,36.033
317.0,633.0,10.4747,39.2838,98.2094,215.0171,0.0213,0.0001,99.8424,203.6024,48.5534,-16.9115,0.0,0.0001,2.1607,-0.0018,6.2381,35.466,10.397,27.2468,36.0341
318.0,635.0,10.4479,39.2547,98.68,212.8723,0.0194,0.0001,99.8586,203.6024,48.5534,-16.9115,0.0,0.0001,2.1501,-0.0045,6.242,35.4617,10.3701,27.2482,36.0367
319.0,637.0,10.4197,39.2227,98.68,212.018,0.0207,0.0001,99.8401,203.6024,48.5534,-16.9115,0.0,0.0001,2.1406,-0.0039,6.2466,35.4558,10.3418,27.2485,36.0383
320.0,639.0,10.3892,39.1892,69.8947,210.6554,0.0187,0.0001,99.8432,203.6025,48.5534,-16.9115,0.0,0.0001,2.1296,-0.0043,6.2509,35.4505,10.3112,27.2498,36.0409
321.0,641.0,10.3711,39.1687,92.1575,210.1738,0.0183,0.0001,99.8432,203.6025,48.5534,-16.9115,0.0,0.0001,2.1227,-0.0036,6.2544,35.4465,10.2929,27.2499,36.0418
322.0,643.0,10.336,39.1291,98.1558,209.0207,0.0174,0.0001,99.8401,203.6025,48.5534,-16.9115,0.0,0.0001,2.1146,-0.0043,6.2625,35.4397,10.2578,27.2507,36.0442
323.0,645.0,10.2787,39.0635,98.68,205.6653,0.0166,0.0001,99.8465,203.6026,48.5534,-16.9116,0.0,0.0001,2.0957,-0.0081,6.2753,35.4282,10.2005,27.2518,36.0478
324.0,647.0,10.1923,38.9644,79.8283,199.5809,0.0197,0.0001,99.8302,203.6026,48.5533,-16.9116,0.0,0.0001,2.0633,-0.0132,6.2782,35.4105,10.1143,27.2529,36.0528
325.0,649.0,10.172,38.9427,98.68,198.9756,0.019,0.0001,99.8401,203.6026,48.5533,-16.9116,0.0,0.0001,2.0454,-0.0092,6.2821,35.4074,10.0938,27.2541,36.0549
326.0,651.0,10.1488,38.9184,98.68,198.9317,0.0234,0.0001,99.8424,203.6026,48.5533,-16.9116,0.0,0.0001,2.0321,-0.0051,6.2877,35.4044,10.0705,27.2557,36.0576
327.0,653.0,10.1079,38.8746,98.68,197.5347,0.0231,0.0001,99.8571,203.6027,48.5533,-16.9116,0.0,0.0001,2.0201,-0.0048,6.2881,35.3987,10.0295,27.2583,36.062
328.0,655.0,10.0936,38.8643,98.68,197.7148,0.0199,0.0001,99.8401,203.6027,48.5533,-16.9116,0.0,0.0001,2.0153,-0.0025,6.2842,35.4014,10.015,27.263,36.0672
329.0,657.0,10.1258,38.9052,84.6143,199.2992,0.0183,0.0001,99.8658,203.6027,48.5533,-16.9116,0.0,0.0001,2.0171,0.0009,6.2829,35.4107,10.0468,27.2648,36.0675
330.0,659.0,10.1372,38.9239,96.1762,200.1855,0.0207,0.0001,99.8505,203.6027,48.5533,-16.9116,0.0,0.0001,2.0212,0.0016,6.2851,35.4177,10.0579,27.2683,36.0705
331.0,661.0,10.1233,38.9124,98.68,199.4442,0.0233,0.0001,99.8401,203.6028,48.5533,-16.9116,0.0,0.0001,2.0208,-0.0003,6.2858,35.4187,10.0438,27.2715,36.0742
332.0,663.0,10.1103,38.9005,98.68,199.0521,0.0201,0.0001,99.8425,203.6028,48.5533,-16.9116,0.0,0.0001,2.0187,-0.0009,6.2874,35.4182,10.0306,27.2734,36.0767
333.0,665.0,10.1004,38.8902,82.8306,197.835,0.0212,0.0001,99.8515,203.6028,48.5533,-16.9116,0.0,0.0001,2.0125,-0.0023,6.2909,35.4165,10.0205,27.2738,36.0776
334.0,667.0,10.0914,38.8803,98.68,197.479,0.0231,0.0001,99.8401,203.6029,48.5533,-16.9116,0.0,0.0001,2.0082,-0.0021,6.2935,35.4143,10.0113,27.2737,36.0779
335.0,669.0,10.0682,38.8558,89.1684,196.9742,0.0234,0.0001,99.8545,203.6029,48.5533,-16.9116,0.0,0.0001,2.0049,-0.0021,6.2895,35.4112,9.988,27.2753,36.0805
336.0,671.0,10.0428,38.8331,98.68,197.4561,0.0219,0.0001,99.862,203.6029,48.5533,-16.9116,0.0,0.0001,2.0029,-0.0007,6.2968,35.4117,9.9625,27.2801,36.0863
337.0,673.0,10.0266,38.8168,98.68,195.7697,0.0203,0.0001,99.8401,203.6029,48.5533,-16.9116,0.0,0.0001,1.9957,-0.0031,6.2979,35.41,9.9461,27.2816,36.0886
338.0,675.0,10.0255,38.8182,98.68,196.246,0.0208,0.0001,99.869,203.603,48.5533,-16.9116,0.0,0.0001,1.9937,-0.0011,6.2972,35.4115,9.9447,27.2829,36.09
339.0,677.0,10.0311,38.8297,98.68,196.4778,0.02,0.0001,99.8667,203.603,48.5533,-16.9116,0.0,0.0001,1.9928,-0.0004,6.2989,35.4169,9.9501,27.2863,36.093
340.0,679.0,10.0219,38.8207,98.68,196.4235,0.0173,0.0001,99.8459,203.603,48.5533,-16.9117,0.0,0.0001,1.9915,-0.0004,6.3017,35.416,9.9407,27.2871,36.0943
341.0,681.0,10.0001,38.7986,98.68,196.5519,0.0177,0.0001,99.8545,203.603,48.5533,-16.9117,0.0,0.0001,1.9906,-0.0003,6.3069,35.4137,9.9187,27.2891,36.0972
342.0,683.0,9.9803,38.7769,77.8542,196.3208,0.0211,0.0001,99.8401,203.6031,48.5533,-16.9117,0.0,0.0001,1.9891,-0.0009,6.3144,35.4102,9.8988,27.2898,36.0988
343.0,685.0,9.9294,38.7214,93.4182,196.7048,0.0207,0.0001,99.8401,203.6031,48.5533,-16.9117,0.0,0.0001,1.989,0.0002,6.3105,35.4022,9.8479,27.2923,36.1036
344.0,687.0,9.8852,38.676,98.68,197.036,0.0212,0.0001,99.8417,203.6031,48.5533,-16.9117,0.0,0.0001,1.9896,0.0001,6.3192,35.3979,9.8037,27.2965,36.1096
345.0,689.0,9.8789,38.6688,98.68,197.3523,0.0188,0.0001,99.8401,203.6031,48.5533,-16.9117,0.0,0.0001,1.9901,0.0004,6.321,35.3959,9.7973,27.296,36.1095
346.0,691.0,9.8643,38.655,88.4839,197.7395,0.0196,0.0001,99.8217,203.6032,48.5533,-16.9117,0.0,0.0001,1.9917,0.0005,6.3234,35.3951,9.7823,27.2979,36.112
347.0,693.0,9.8508,38.642,98.68,198.2837,0.0219,0.0001,99.8306,203.6032,48.5533,-16.9117,0.0,0.0001,1.9939,0.001,6.3256,35.3941,9.7687,27.2994,36.1141
348.0,695.0,9.8357,38.6263,98.68,198.7078,0.0189,0.0001,99.8112,203.6032,48.5533,-16.9117,0.0,0.0001,1.9963,0.0012,6.3268,35.3919,9.7534,27.3003,36.1157
349.0,697.0,9.8257,38.6166,98.68,198.2268,0.0198,0.0001,99.8208,203.6033,48.5533,-16.9117,0.0,0.0001,1.9957,-0.0002,6.3279,35.3907,9.7433,27.3011,36.1169
350.0,699.0,9.8087,38.5994,83.0823,197.7714,0.0215,0.0001,99.8229,203.6033,48.5533,-16.9117,0.0,0.0001,1.9937,-0.0008,6.328,35.3887,9.7261,27.3024,36.119
351.0,701.0,9.798,38.5888,98.6145,197.4782,0.0178,0.0001,99.8226,203.6033,48.5533,-16.9117,0.0,0.0001,1.9909,-0.0012,6.3338,35.3876,9.7153,27.3034,36.1205
352.0,703.0,9.7928,38.5835,98.68,195.7728,0.0195,0.0001,99.8192,203.6033,48.5533,-16.9117,0.0,0.0001,1.9831,-0.0033,6.3348,35.3863,9.7098,27.3033,36.1206
353.0,705.0,9.7478,38.5356,98.68,195.1757,0.0208,0.0001,99.8317,203.6034,48.5533,-16.9117,0.0,0.0001,1.9785,-0.0034,6.34,35.3802,9.6648,27.3061,36.1255
354.0,707.0,9.7263,38.5183,98.68,194.2507,0.0212,0.0001,99.836,203.6034,48.5533,-16.9117,0.0,0.0001,1.9714,-0.0036,6.3419,35.3828,9.6432,27.3118,36.1321
355.0,709.0,9.7162,38.5116,84.3684,187.8575,0.0157,0.0001,99.8692,203.6034,48.5533,-16.9118,0.0,0.0001,1.9422,-0.0106,6.3474,35.3848,9.6329,27.3151,36.1357
356.0,711.0,9.6811,38.4756,91.5915,189.1452,0.0198,0.0001,99.8752,203.6034,48.5532,-16.9118,0.0,0.0001,1.9299,-0.0038,6.351,35.3813,9.5977,27.3183,36.1405
357.0,713.0,9.6604,38.4549,98.68,191.9911,0.0206,0.0001,99.8273,203.6035,48.5532,-16.9118,0.0,0.0001,1.9345,0.002,6.3523,35.3795,9.5769,27.3204,36.1435
358.0,715.0,9.655,38.4538,98.5098,189.3159,0.0224,0.0,99.8722,203.6035,48.5532,-16.9118,0.0,0.0001,1.9288,-0.0027,6.3501,35.3826,9.5713,27.3237,36.1471
359.0,717.0,9.6024,38.3995,98.6037,188.137,0.021,0.0,99.8918,203.6035,48.5532,-16.9118,0.0,0.0001,1.9177,-0.0033,6.3665,35.3773,9.5187,27.3284,36.1541
360.0,719.0,9.5373,38.3243,98.68,186.8267,0.0208,0.0,99.8901,203.6036,48.5532,-16.9118,0.0,0.0001,1.9077,-0.0041,6.3763,35.3628,9.4537,27.3279,36.1566
361.0,721.0,9.4572,38.241,98.68,187.5435,0.0197,0.0,99.8845,203.6036,48.5532,-16.9118,0.0,0.0001,1.906,-0.0016,6.3757,35.3544,9.3738,27.3346,36.1668
362.0,723.0,9.4335,38.219,84.5099,188.2913,0.0222,0.0001,99.8812,203.6036,48.5532,-16.9118,0.0,0.0001,1.9049,-0.0003,6.3861,35.3541,9.3499,27.3383,36.1715
363.0,725.0,9.4092,38.1985,92.1534,187.9654,0.0223,0.0001,99.8699,203.6036,48.5532,-16.9118,0.0,0.0001,1.9035,-0.0007,6.3869,35.3559,9.3256,27.3438,36.1781
364.0,727.0,9.405,38.196,98.68,187.7346,0.0208,0.0001,99.879,203.6037,48.5532,-16.9118,0.0,0.0001,1.9014,-0.0009,6.3898,35.3566,9.3211,27.345,36.1795
365.0,729.0,9.3917,38.183,92.0811,186.9904,0.0194,0.0001,99.8762,203.6037,48.5532,-16.9118,0.0,0.0001,1.8972,-0.0018,6.3931,35.3553,9.3077,27.3463,36.1813
366.0,731.0,9.366,38.157,95.815,186.1341,0.021,0.0,99.8895,203.6037,48.5532,-16.9118,0.0,0.0001,1.8913,-0.0024,6.3938,35.3527,9.2818,27.3485,36.1847
367.0,733.0,9.3508,38.1401,98.68,186.2135,0.0221,0.0,99.9007,203.6037,48.5532,-16.9118,0.0,0.0001,1.8873,-0.0019,6.4123,35.3491,9.2665,27.3482,36.1851
368.0,735.0,9.2283,38.0054,98.68,187.0821,0.021,0.0,99.8766,203.6038,48.5532,-16.9118,0.0,0.0001,1.8871,0.0001,6.4182,35.329,9.1444,27.3525,36.195
369.0,737.0,9.199,37.9736,98.68,188.1277,0.0212,0.0,99.8958,203.6038,48.5532,-16.9118,0.0,0.0001,1.8896,0.0012,6.4213,35.3238,9.115,27.3532,36.197
370.0,739.0,9.174,37.9462,81.8509,188.2604,0.0215,0.0,99.8849,203.6038,48.5532,-16.9119,0.0,0.0001,1.8919,0.0007,6.4246,35.3191,9.0899,27.3536,36.1986
371.0,741.0,9.156,37.9288,96.4571,187.6535,0.0228,0.0001,99.8798,203.6039,48.5532,-16.9119,0.0,0.0001,1.8913,-0.0007,6.4277,35.3181,9.0718,27.3557,36.2015
372.0,743.0,9.1376,37.9115,98.4473,187.3173,0.0212,0.0,99.8912,203.6039,48.5532,-16.9119,0.0,0.0001,1.8877,-0.0009,6.4286,35.317,9.0532,27.3579,36.2045
373.0,745.0,9.1239,37.8992,98.68,187.5922,0.0216,0.0,99.8834,203.6039,48.5532,-16.9119,0.0,0.0001,1.8883,0.0,6.4238,35.3167,9.0394,27.3599,36.2071
374.0,747.0,9.1341,37.9126,86.526,187.2136,0.0208,0.0,99.8486,203.6039,48.5532,-16.9119,0.0,0.0001,1.8869,-0.0005,6.4221,35.3197,9.0493,27.3607,36.2074
375.0,749.0,9.1583,37.9424,98.68,186.2565,0.0239,0.0,99.9074,203.604,48.5532,-16.9119,0.0,0.0001,1.884,-0.0016,6.4179,35.3261,9.0731,27.3618,36.2074
376.0,751.0,9.1916,37.9894,89.4633,185.8298,0.022,0.0,99.9166,203.604,48.5532,-16.9119,0.0,0.0001,1.8803,-0.0019,6.4196,35.3411,9.106,27.3682,36.2122
377.0,753.0,9.1968,37.9968,98.68,185.6135,0.021,0.0,99.9244,203.604,48.5532,-16.9119,0.0,0.0001,1.8779,-0.0013,6.4195,35.3426,9.1109,27.3686,36.2123
378.0,755.0,9.1719,37.9668,98.68,184.957,0.0239,0.0,99.9328,203.6041,48.5532,-16.9119,0.0,0.0001,1.8737,-0.0013,6.407,35.3353,9.0859,27.3669,36.2119
379.0,757.0,9.2521,38.0714,98.68,184.7423,0.024,0.0,99.9357,203.6041,48.5532,-16.9119,0.0,0.0001,1.8717,-0.0012,6.4085,35.3642,9.1654,27.3766,36.2176
380.0,759.0,9.2502,38.0701,98.68,184.2742,0.0201,0.0,99.9408,203.6041,48.5532,-16.9119,0.0,0.0001,1.8676,-0.0018,6.4216,35.3637,9.1633,27.3765,36.2177
381.0,761.0,9.1708,37.9844,98.68,185.5567,0.0199,0.0,99.9205,203.6041,48.5532,-16.9119,0.0,0.0001,1.8684,0.0012,6.4127,35.3518,9.0841,27.3801,36.2249
382.0,763.0,9.2187,38.0459,98.68,184.7824,0.021,0.0,99.9229,203.6042,48.5532,-16.9119,0.0,0.0001,1.8677,-0.0005,6.4126,35.3677,9.1314,27.3849,36.2274
383.0,765.0,9.2235,38.0532,79.5066,184.251,0.0191,0.0,99.9326,203.6042,48.5532,-16.9119,0.0,0.0001,1.8651,-0.0011,6.4168,35.3696,9.136,27.3856,36.2278
384.0,767.0,9.2038,38.034,94.2061,183.8368,0.0193,0.0,99.9423,203.6042,48.5532,-16.9119,0.0,0.0001,1.862,-0.0015,6.4193,35.3684,9.1163,27.3879,36.231
385.0,769.0,9.1868,38.0161,98.68,184.194,0.0191,0.0,99.9396,203.6042,48.5532,-16.9119,0.0,0.0001,1.8608,-0.0005,6.4231,35.3657,9.0991,27.3886,36.2325
386.0,771.0,9.1546,37.9828,98.68,184.1084,0.0212,0.0,99.9403,203.6043,48.5532,-16.9119,0.0,0.0001,1.8592,-0.0005,6.4221,35.3616,9.0668,27.3906,36.236
387.0,773.0,9.1544,37.9844,88.0773,184.6481,0.0211,0.0,99.9447,203.6043,48.5532,-16.912,0.0,0.0001,1.8602,0.0005,6.4222,35.3625,9.0663,27.3914,36.2368
388.0,775.0,9.1563,37.9878,98.68,184.2785,0.0211,0.0,99.9345,203.6043,48.5532,-16.912,0.0,0.0001,1.8593,-0.0003,6.4231,35.3635,9.068,27.3919,36.2372
389.0,777.0,9.1517,37.9856,98.68,184.8924,0.0198,0.0,99.9396,203.6044,48.5532,-16.912,0.0,0.0001,1.8608,0.0006,6.4241,35.3648,9.0632,27.3937,36.2392
390.0,779.0,9.147,37.983,98.68,185.9483,0.0213,0.0,99.9074,203.6044,48.5532,-16.912,0.0,0.0001,1.8635,0.0019,6.4249,35.3658,9.0583,27.3953,36.241
391.0,781.0,9.1399,37.9771,98.68,186.1095,0.0201,0.0,99.9074,203.6044,48.5532,-16.912,0.0,0.0001,1.8665,0.0012,6.4263,35.3657,9.0511,27.3964,36.2424
392.0,783.0,9.1291,37.9668,86.9991,185.8942,0.0227,0.0,99.894,203.6044,48.5532,-16.912,0.0,0.0001,1.8669,0.0003,6.4309,35.3648,9.0401,27.3974,36.2439
393.0,785.0,9.1115,37.9487,98.4629,185.6224,0.0217,0.0,99.8972,203.6045,48.5532,-16.912,0.0,0.0001,1.8657,-0.001,6.4449,35.3626,9.0223,27.3987,36.2459
394.0,787.0,9.0332,37.8659,98.68,185.6846,0.0224,0.0,99.8978,203.6045,48.5532,-16.912,0.0,0.0001,1.8645,-0.0006,6.4474,35.3527,8.9442,27.4035,36.2543
395.0,789.0,8.9841,37.8127,98.68,186.1047,0.0199,0.0,99.8978,203.6045,48.5532,-16.912,0.0,0.0001,1.8645,0.0001,6.4512,35.3445,8.8951,27.405,36.2581
396.0,791.0,8.9537,37.7822,85.5292,185.4967,0.0193,0.0,99.8978,203.6045,48.5532,-16.912,0.0,0.0001,1.8616,-0.001,6.4547,35.3416,8.8647,27.4076,36.2621
397.0,793.0,8.939,37.7689,94.4731,185.2934,0.0193,0.0,99.9169,203.6046,48.5532,-16.912,0.0,0.0001,1.8599,-0.0009,6.4558,35.3415,8.8498,27.4099,36.265
398.0,795.0,8.9309,37.7613,98.68,185.0702,0.021,0.0,99.913,203.6046,48.5531,-16.912,0.0,0.0001,1.8581,-0.0009,6.4552,35.3408,8.8415,27.4106,36.2662
399.0,797.0,8.9304,37.7629,98.5291,185.253,0.021,0.0,99.9007,203.6046,48.5531,-16.912,0.0,0.0001,1.8571,-0.0003,6.4545,35.3418,8.8409,27.4115,36.2671
400.0,799.0,8.9319,37.7649,98.5807,185.4071,0.0191,0.0,99.9088,203.6047,48.5531,-16.912,0.0,0.0001,1.857,-0.0001,6.4561,35.3416,8.842,27.4112,36.2667
401.0,801.0,8.9297,37.7643,98.68,185.1896,0.0237,0.0,99.8978,203.6047,48.5531,-16.912,0.0,0.0001,1.8559,-0.0005,6.4561,35.3422,8.8397,27.4121,36.2676
402.0,803.0,8.9266,37.7637,98.68,185.0134,0.0205,0.0,99.9094,203.6047,48.5531,-16.912,0.0,0.0001,1.8547,-0.0005,6.456,35.3437,8.8364,27.4138,36.2695
403.0,805.0,8.9272,37.7658,85.9592,185.1971,0.0171,0.0,99.9096,203.6047,48.5531,-16.912,0.0,0.0001,1.8542,-0.0002,6.4582,35.3443,8.8367,27.4142,36.2698
404.0,807.0,8.9125,37.7514,98.6967,184.9963,0.0211,0.0,99.8978,203.6048,48.5531,-16.9121,0.0,0.0001,1.8527,-0.0006,6.4621,35.3428,8.8218,27.4154,36.2718
405.0,809.0,8.8994,37.7395,98.68,185.2004,0.0223,0.0,99.8978,203.6048,48.5531,-16.9121,0.0,0.0001,1.8529,-0.0002,6.4633,35.3426,8.8086,27.4173,36.2742
406.0,811.0,8.8838,37.7236,98.68,185.5121,0.0237,0.0,99.8978,203.6048,48.5531,-16.9121,0.0,0.0001,1.8532,0.0002,6.4639,35.3406,8.7929,27.4183,36.2759
407.0,813.0,8.8587,37.6985,76.8582,185.7597,0.0184,0.0,99.9018,203.6048,48.5531,-16.9121,0.0,0.0001,1.8536,0.0002,6.4702,35.3381,8.7677,27.4204,36.2792
408.0,815.0,8.8335,37.6721,88.911,185.8428,0.0178,0.0,99.9065,203.6049,48.5531,-16.9121,0.0,0.0001,1.8528,-0.0005,6.4853,35.3345,8.7424,27.4215,36.2815
409.0,817.0,8.7778,37.6108,98.6965,185.4397,0.0209,0.0,99.9158,203.6049,48.5531,-16.9121,0.0,0.0001,1.8498,-0.0015,6.5014,35.3245,8.6869,27.4225,36.285
410.0,819.0,8.6693,37.4952,98.68,185.5155,0.0216,0.0,99.9236,203.6049,48.5531,-16.9121,0.0,0.0001,1.8488,-0.0007,6.4961,35.3095,8.5787,27.4278,36.2953
411.0,821.0,8.6054,37.4324,98.68,187.1236,0.0203,0.0,99.9267,203.6049,48.5531,-16.9121,0.0,0.0001,1.8521,0.0015,6.499,35.3058,8.5149,27.4349,36.3053
412.0,823.0,8.6341,37.4643,98.6804,185.9982,0.0221,0.0,99.9235,203.605,48.5531,-16.9121,0.0,0.0001,1.8504,-0.001,6.5056,35.3101,8.5433,27.4338,36.3029
413.0,825.0,8.6017,37.432,71.0764,185.7052,0.0219,0.0,99.9149,203.605,48.5531,-16.9121,0.0,0.0001,1.8487,-0.0011,6.5052,35.3074,8.5109,27.4368,36.3074
414.0,827.0,8.5937,37.4239,98.68,186.3722,0.0199,0.0,99.931,203.605,48.5531,-16.9121,0.0,0.0001,1.8494,0.0,6.5081,35.3059,8.5027,27.4369,36.3079
415.0,829.0,8.5665,37.397,98.68,186.5656,0.0211,0.0,99.9302,203.6051,48.5531,-16.9121,0.0,0.0001,1.8491,0.0,6.5145,35.3036,8.4754,27.4394,36.3116
416.0,831.0,8.5365,37.3673,98.68,186.7324,0.0196,0.0,99.9341,203.6051,48.5531,-16.9121,0.0,0.0001,1.8498,0.0002,6.5136,35.301,8.4453,27.442,36.3156
417.0,833.0,8.5314,37.3635,98.68,186.6676,0.0212,0.0,99.9508,203.6051,48.5531,-16.9121,0.0,0.0001,1.8496,-0.0001,6.5142,35.3014,8.4401,27.4432,36.3169
418.0,835.0,8.535,37.3694,84.1384,186.6402,0.0232,0.0,99.9329,203.6051,48.5531,-16.9121,0.0,0.0001,1.8495,-0.0001,6.514,35.3031,8.4434,27.444,36.3176
419.0,837.0,8.5414,37.3791,96.6929,186.4792,0.018,0.0,99.9303,203.6052,48.5531,-16.9121,0.0,0.0001,1.8486,-0.0003,6.514,35.3058,8.4495,27.4452,36.3185
420.0,839.0,8.5373,37.3762,98.68,186.7231,0.0202,0.0,99.9232,203.6052,48.5531,-16.9121,0.0,0.0001,1.8486,-0.0005,6.5289,35.3061,8.4452,27.4461,36.3196
421.0,841.0,8.4701,37.3039,98.68,186.5867,0.0196,0.0,99.93,203.6052,48.5531,-16.9121,0.0,0.0001,1.8466,-0.0005,6.5323,35.2957,8.3783,27.4483,36.3249
422.0,843.0,8.3996,37.2359,91.3073,187.2449,0.0214,0.0,99.9551,203.6052,48.5531,-16.9121,0.0,0.0001,1.8481,0.0004,6.5306,35.2929,8.308,27.457,36.3368
423.0,845.0,8.4271,37.2704,98.68,186.556,0.0207,0.0,99.9556,203.6053,48.5531,-16.9121,0.0,0.0001,1.8462,-0.0007,6.5304,35.301,8.335,27.4591,36.3376
424.0,847.0,8.4444,37.294,98.68,186.9357,0.019,0.0,99.9556,203.6053,48.5531,-16.9121,0.0,0.0001,1.8462,0.0,6.5299,35.3078,8.352,27.4618,36.3394
425.0,849.0,8.4693,37.3218,98.68,186.7662,0.0206,0.0,99.9358,203.6053,48.5531,-16.9121,0.0,0.0001,1.8462,0.0001,6.5211,35.3118,8.3766,27.4612,36.3377
426.0,851.0,8.4986,37.3612,87.35,186.0437,0.0208,0.0,99.9556,203.6054,48.553,-16.9122,0.0,0.0001,1.8431,-0.0014,6.5314,35.3233,8.4054,27.4658,36.3408
427.0,853.0,8.4698,37.3302,98.68,185.7579,0.02,0.0,99.9513,203.6054,48.553,-16.9122,0.0,0.0001,1.839,-0.0021,6.5539,35.3182,8.3765,27.4662,36.3426
428.0,855.0,8.284,37.1208,98.68,187.0029,0.0228,0.0,99.9333,203.6054,48.553,-16.9122,0.0,0.0001,1.8376,-0.0004,6.5806,35.2803,8.1917,27.465,36.3501
429.0,857.0,8.0579,36.8734,83.3229,188.2305,0.0189,0.0,99.9636,203.6054,48.553,-16.9122,0.0,0.0001,1.8392,0.0007,6.5961,35.2417,7.9669,27.4687,36.3646
430.0,859.0,8.0053,36.8128,90.5377,188.6454,0.0195,0.0,99.97,203.6055,48.553,-16.9122,0.0,0.0001,1.8413,0.0002,6.6086,35.2286,7.9143,27.4664,36.3648
431.0,861.0,7.9442,36.7493,98.68,188.6736,0.0192,0.0,99.9737,203.6055,48.553,-16.9122,0.0,0.0001,1.842,0.0004,6.6002,35.2211,7.8534,27.4696,36.3708
432.0,863.0,7.9209,36.7243,98.68,189.9803,0.0199,0.0,99.9625,203.6055,48.553,-16.9122,0.0,0.0001,1.8466,0.0017,6.6058,35.2165,7.8301,27.4695,36.3719
433.0,865.0,7.9365,36.7425,98.68,189.5881,0.0196,0.0,99.9556,203.6055,48.553,-16.9122,0.0,0.0001,1.8462,-0.0003,6.6222,35.2197,7.8454,27.4697,36.3713
434.0,867.0,7.8489,36.6488,98.6789,189.9349,0.0201,0.0,99.9592,203.6056,48.553,-16.9122,0.0,0.0001,1.8462,0.0003,6.6227,35.2058,7.7581,27.4718,36.3776
435.0,869.0,7.8369,36.6399,98.68,190.5727,0.0226,0.0,99.9411,203.6056,48.553,-16.9123,0.0,0.0001,1.8484,0.001,6.6241,35.2072,7.7459,27.4746,36.381
436.0,871.0,7.8296,36.6329,98.68,190.2291,0.0216,0.0,99.9611,203.6056,48.553,-16.9123,0.0,0.0001,1.8491,0.0002,6.6179,35.2062,7.7384,27.475,36.3817
437.0,873.0,7.8569,36.6681,81.4177,190.2426,0.0203,0.0,99.9791,203.6057,48.553,-16.9123,0.0,0.0001,1.8496,0.0004,6.6098,35.2157,7.7654,27.4785,36.3838
438.0,875.0,7.9127,36.7375,98.68,189.6906,0.018,0.0,99.9824,203.6057,48.553,-16.9123,0.0,0.0001,1.8486,-0.0005,6.6091,35.2333,7.8206,27.4841,36.3867
439.0,877.0,7.9206,36.7487,93.9007,189.5826,0.0238,0.0,99.9845,203.6057,48.553,-16.9123,0.0,0.0001,1.8475,-0.0007,6.6107,35.2366,7.8283,27.4855,36.3877
440.0,879.0,7.9234,36.7545,98.5925,189.8026,0.0215,0.0,99.9871,203.6057,48.553,-16.9123,0.0,0.0001,1.8471,-0.0001,6.6097,35.2388,7.8307,27.4869,36.389
441.0,881.0,7.9235,36.7557,98.68,189.6915,0.0199,0.0,99.9845,203.6058,48.553,-16.9123,0.0,0.0001,1.8461,-0.0004,6.6132,35.2391,7.8306,27.4872,36.3892
442.0,883.0,7.9112,36.7436,98.68,189.7622,0.0214,0.0,99.9845,203.6058,48.553,-16.9123,0.0,0.0001,1.8462,-0.0004,6.6139,35.2376,7.8182,27.4878,36.3904
443.0,885.0,7.8863,36.719,98.68,190.1285,0.0199,0.0,100.004,203.6058,48.553,-16.9123,0.0,0.0001,1.8462,0.0001,6.6181,35.2353,7.7932,27.4898,36.3936
444.0,887.0,7.8671,36.6996,67.9332,190.186,0.0193,0.0,100.0106,203.6058,48.553,-16.9123,0.0,0.0001,1.8469,0.0003,6.612,35.2329,7.7739,27.4907,36.3954
445.0,889.0,7.9225,36.7671,95.6376,190.1359,0.0192,0.0,99.9926,203.6059,48.553,-16.9123,0.0,0.0001,1.8488,0.0007,6.59,35.2486,7.8287,27.4949,36.3968
446.0,891.0,8.0236,36.8809,98.68,190.0201,0.021,0.0,99.9989,203.6059,48.553,-16.9123,0.0,0.0001,1.8492,0.0005,6.5779,35.2684,7.9289,27.4955,36.3926
447.0,893.0,8.1084,36.9874,96.4117,188.4231,0.0215,0.0,100.0052,203.6059,48.553,-16.9123,0.0,0.0001,1.8453,-0.0014,6.5698,35.2961,8.0129,27.5046,36.3976
448.0,895.0,8.1635,37.0537,92.4082,188.8412,0.0218,0.0,99.9831,203.606,48.553,-16.9123,0.0,0.0001,1.8446,0.0,6.5621,35.3105,8.0674,27.5077,36.398
449.0,897.0,8.2014,37.1047,98.68,188.2516,0.0189,0.0,100.0018,203.606,48.553,-16.9123,0.0,0.0001,1.8439,-0.001,6.5677,35.3262,8.1048,27.5143,36.4026
450.0,899.0,8.1793,37.0813,98.68,188.2397,0.0213,0.0,100.0055,203.606,48.553,-16.9123,0.0,0.0001,1.8398,-0.0017,6.6013,35.3224,8.0827,27.5147,36.4041
451.0,901.0,7.9835,36.8575,98.68,188.7641,0.0191,0.0,100.0085,203.606,48.553,-16.9124,0.0,0.0001,1.8371,-0.0007,6.6147,35.2787,7.888,27.5097,36.4085
452.0,903.0,7.8875,36.7586,76.4886,190.4024,0.0196,0.0,100.0103,203.6061,48.553,-16.9124,0.0,0.0001,1.8405,0.0017,6.615,35.2681,7.7924,27.5156,36.419
453.0,905.0,7.876,36.7503,95.3861,190.8437,0.0189,0.0,99.9818,203.6061,48.5529,-16.9124,0.0,0.0001,1.8446,0.0018,6.6043,35.2696,7.7807,27.5186,36.4224
454.0,907.0,7.937,36.8232,98.6942,190.4539,0.0198,0.0,100.0133,203.6061,48.5529,-16.9124,0.0,0.0001,1.8466,0.0005,6.6004,35.2857,7.8411,27.5223,36.4231
455.0,909.0,7.9629,36.8563,98.68,189.7088,0.038,0.0,99.9929,203.6062,48.5529,-16.9124,0.0,0.0001,1.8458,-0.0004,6.5925,35.2942,7.8666,27.5251,36.4247
456.0,911.0,7.9709,36.867,92.4032,190.3057,0.0228,0.0,99.9845,203.6062,48.5529,-16.9124,0.0,0.0001,1.8462,0.0005,6.5944,35.297,7.8744,27.5261,36.4253
457.0,913.0,8.0338,36.9431,93.2248,189.4739,0.0222,0.0,99.9963,203.6062,48.5529,-16.9124,0.0,0.0001,1.8438,-0.0008,6.5933,35.3144,7.9365,27.5305,36.4266
458.0,915.0,7.9985,36.9055,98.68,189.8154,0.0213,0.0,99.9967,203.6062,48.5529,-16.9124,0.0,0.0001,1.8438,-0.0001,6.5956,35.3086,7.9012,27.5312,36.429
459.0,917.0,7.9926,36.9008,98.68,189.9133,0.0187,0.0,99.9845,203.6063,48.5529,-16.9124,0.0,0.0001,1.8437,-0.0002,6.5977,35.3084,7.8951,27.532,36.4301
460.0,919.0,7.9832,36.8914,98.68,190.0987,0.0193,0.0,99.9876,203.6063,48.5529,-16.9124,0.0,0.0001,1.8437,0.0002,6.5965,35.3068,7.8855,27.5321,36.4307
461.0,921.0,7.9829,36.8927,78.0221,190.5754,0.0205,0.0,99.9625,203.6063,48.5529,-16.9124,0.0,0.0001,1.8455,0.0007,6.5951,35.3077,7.885,27.5329,36.4315
462.0,923.0,7.9957,36.9091,98.68,190.1099,0.0203,0.0,99.964,203.6063,48.5529,-16.9124,0.0,0.0001,1.8442,-0.0003,6.5971,35.3115,7.8975,27.5341,36.432
463.0,925.0,7.982,36.8948,80.3248,190.2125,0.0231,0.0,99.9848,203.6064,48.5529,-16.9124,0.0,0.0001,1.8441,0.0,6.5951,35.309,7.8837,27.5341,36.4327
464.0,927.0,7.9872,36.9025,85.0725,190.1977,0.02,0.0,99.9783,203.6064,48.5529,-16.9124,0.0,0.0001,1.8443,0.0001,6.5887,35.3111,7.8887,27.5351,36.4334
465.0,929.0,8.0231,36.9477,93.8017,189.7551,0.0164,0.0,99.97,203.6064,48.5529,-16.9124,0.0,0.0001,1.8438,-0.0004,6.5849,35.3226,7.9242,27.5388,36.4354
466.0,931.0,8.0659,36.9982,98.68,189.5023,0.0198,0.0,99.9577,203.6064,48.5529,-16.9124,0.0,0.0001,1.8433,-0.0003,6.5739,35.3326,7.9664,27.5403,36.4348
467.0,933.0,8.1363,37.0828,98.68,188.6708,0.0185,0.0,99.9546,203.6065,48.5529,-16.9125,0.0,0.0001,1.84,-0.001,6.5653,35.3514,8.036,27.5445,36.4356
468.0,935.0,8.1805,37.1366,98.68,188.1478,0.0203,0.0,99.9301,203.6065,48.5529,-16.9125,0.0,0.0001,1.8378,-0.0013,6.5646,35.3633,8.0797,27.5473,36.4362
469.0,937.0,8.1859,37.1438,98.6681,188.0219,0.0221,0.0,99.942,203.6065,48.5529,-16.9125,0.0,0.0001,1.8364,-0.0008,6.5571,35.3648,8.0848,27.5477,36.4364
470.0,939.0,8.2007,37.1656,98.68,188.4245,0.0226,0.0,99.9386,203.6066,48.5529,-16.9125,0.0,0.0001,1.8364,0.0,6.5566,35.3725,8.0993,27.5515,36.4394
471.0,941.0,8.2306,37.2054,98.68,188.0823,0.0174,0.0,99.9292,203.6066,48.5529,-16.9125,0.0,0.0001,1.8347,-0.0007,6.5652,35.3839,8.1287,27.5559,36.4424
472.0,943.0,8.1684,37.1428,80.9041,188.5397,0.0175,0.0,99.9305,203.6066,48.5529,-16.9125,0.0,0.0001,1.8339,-0.0001,6.5718,35.3785,8.0667,27.5612,36.4505
473.0,945.0,8.1464,37.1201,96.0337,188.4298,0.0226,0.0,99.9122,203.6066,48.5529,-16.9125,0.0,0.0001,1.8336,-0.0002,6.5708,35.3755,8.0446,27.5621,36.4525
474.0,947.0,8.1237,37.0987,96.3074,188.9897,0.0178,0.0,99.9094,203.6067,48.5529,-16.9125,0.0,0.0001,1.8345,0.0006,6.571,35.3744,8.0219,27.5648,36.4562
475.0,949.0,8.1077,37.0823,98.6567,188.8478,0.0181,0.0,99.9098,203.6067,48.5529,-16.9125,0.0,0.0001,1.8344,-0.0004,6.5864,35.3721,8.0058,27.5654,36.4575
476.0,951.0,8.0281,37.0003,98.68,189.7209,0.0175,0.0,99.9023,203.6067,48.5529,-16.9125,0.0,0.0001,1.8339,0.0008,6.5909,35.3633,7.9265,27.5704,36.4663
477.0,953.0,8.0165,36.9885,98.68,190.1045,0.0174,0.0,99.9113,203.6067,48.5529,-16.9125,0.0,0.0001,1.8364,0.0008,6.5939,35.3613,7.9148,27.5706,36.467
478.0,955.0,7.9938,36.9661,98.68,190.1033,0.0196,0.0,99.902,203.6068,48.5528,-16.9125,0.0,0.0001,1.8374,0.0005,6.5923,35.3593,7.892,27.5725,36.47
479.0,957.0,7.9525,36.9218,84.0019,190.6164,0.02,0.0,99.9031,203.6068,48.5528,-16.9125,0.0,0.0001,1.8385,0.0005,6.6049,35.3524,7.8507,27.5732,36.4726
480.0,959.0,7.8909,36.8549,95.5956,190.3813,0.0207,0.0,99.8942,203.6068,48.5528,-16.9125,0.0,0.0001,1.8369,-0.0006,6.6226,35.3418,7.7894,27.574,36.4764
481.0,961.0,7.8304,36.7884,98.68,191.1988,0.0222,0.0,99.9016,203.6069,48.5528,-16.9125,0.0,0.0001,1.8382,0.0007,6.6212,35.3303,7.7292,27.574,36.4792
482.0,963.0,7.7921,36.7516,98.491,192.3875,0.0231,0.0,99.8902,203.6069,48.5528,-16.9125,0.0,0.0001,1.8418,0.0021,6.6204,35.3284,7.6908,27.5781,36.4852
483.0,965.0,7.7964,36.759,98.68,192.1937,0.0231,0.0,99.8925,203.6069,48.5528,-16.9125,0.0,0.0001,1.844,0.0008,6.6247,35.3311,7.6948,27.5796,36.4865
484.0,967.0,7.8092,36.771,98.68,191.8903,0.0206,0.0,99.9134,203.6069,48.5528,-16.9125,0.0,0.0001,1.8437,-0.0003,6.631,35.3305,7.7074,27.5773,36.4836
485.0,969.0,7.7654,36.7281,74.2005,192.3798,0.018,0.0,99.8985,203.607,48.5528,-16.9126,0.0,0.0001,1.8437,0.0003,6.6352,35.3274,7.6637,27.5813,36.4896
486.0,971.0,7.7213,36.6829,93.6389,193.0209,0.0193,0.0,99.8959,203.607,48.5528,-16.9126,0.0,0.0001,1.8459,0.0007,6.6391,35.3219,7.6197,27.5835,36.4939
487.0,973.0,7.7032,36.6639,98.1907,193.2277,0.0238,0.0001,99.8899,203.607,48.5528,-16.9126,0.0,0.0001,1.848,0.0007,6.6369,35.319,7.6015,27.5839,36.4951
488.0,975.0,7.7086,36.6745,98.68,193.2126,0.0196,0.0,99.894,203.607,48.5528,-16.9126,0.0,0.0001,1.8486,0.0002,6.6393,35.324,7.6066,27.5871,36.498
489.0,977.0,7.7016,36.6721,80.2269,192.9804,0.0208,0.0,99.8902,203.6071,48.5528,-16.9126,0.0,0.0001,1.8477,-0.0003,6.6436,35.3273,7.5994,27.5908,36.502
490.0,979.0,7.675,36.6482,98.68,193.5009,0.0177,0.0,99.8786,203.6071,48.5528,-16.9126,0.0,0.0001,1.8488,0.0004,6.6437,35.3275,7.5728,27.5948,36.5072
491.0,981.0,7.6717,36.647,98.68,193.7049,0.0215,0.0,99.8887,203.6071,48.5528,-16.9126,0.0,0.0001,1.8498,0.0008,6.6318,35.3287,7.5693,27.5962,36.5088
492.0,983.0,7.7426,36.7353,98.68,192.9695,0.0313,0.0001,99.8834,203.6072,48.5528,-16.9126,0.0,0.0001,1.8498,-0.0007,6.6335,35.3514,7.6394,27.6038,36.5129
493.0,985.0,7.732,36.7291,98.68,192.4719,0.0225,0.0001,99.7919,203.6072,48.5528,-16.9126,0.0,0.0001,1.8474,-0.0012,6.6347,35.3544,7.6287,27.6077,36.5172
494.0,987.0,7.7162,36.7156,82.5161,193.0015,0.0218,0.0001,99.869,203.6072,48.5528,-16.9126,0.0,0.0001,1.8468,-0.0001,6.6355,35.3548,7.6128,27.6104,36.5206
495.0,989.0,7.7148,36.7149,96.9648,192.8057,0.023,0.0001,99.8329,203.6072,48.5528,-16.9126,0.0,0.0001,1.8462,-0.0004,6.6351,35.3547,7.6112,27.6106,36.5209
496.0,991.0,7.7137,36.7149,98.68,193.041,0.02,0.0001,99.8401,203.6073,48.5528,-16.9126,0.0,0.0001,1.8462,0.0,6.6335,35.3549,7.6098,27.6109,36.5212
497.0,993.0,7.7256,36.7301,98.68,193.0828,0.0211,0.0001,99.8465,203.6073,48.5528,-16.9126,0.0,0.0001,1.8462,0.0,6.6342,35.3583,7.6215,27.6118,36.5216
498.0,995.0,7.7297,36.7381,92.0411,193.111,0.0204,0.0001,99.8543,203.6073,48.5528,-16.9126,0.0,0.0001,1.8462,-0.0001,6.637,35.3617,7.6254,27.614,36.5235
499.0,997.0,7.7023,36.7092,98.68,193.3242,0.0233,0.0001,99.8463,203.6073,48.5528,-16.9126,0.0,0.0001,1.8456,-0.0001,6.6451,35.3574,7.5979,27.6146,36.5255
500.0,999.0,7.6464,36.6469,98.68,194.0719,0.0204,0.0001,99.8554,203.6074,48.5528,-16.9126,0.0,0.0001,1.8477,0.001,6.6397,35.3456,7.5422,27.6135,36.5271
501.0,1001.0,7.6346,36.6352,90.4718,193.869,0.0204,0.0001,99.8554,203.6074,48.5528,-16.9126,0.0,0.0001,1.8475,-0.0004,6.6578,35.344,7.5303,27.614,36.5281
502.0,1003.0,7.5369,36.531,98.68,195.0288,0.0231,0.0001,99.8573,203.6075,48.5528,-16.9126,0.0,0.0001,1.8495,0.0011,6.6605,35.3291,7.433,27.6164,36.5352
503.0,1005.0,7.5338,36.5304,86.1002,195.149,0.0211,0.0001,99.8423,203.6075,48.5528,-16.9127,0.0,0.0001,1.8533,0.0004,6.6599,35.3308,7.4298,27.6182,36.5371
504.0,1007.0,7.5237,36.5203,98.68,195.3716,0.0199,0.0001,99.8424,203.6076,48.5528,-16.9127,0.0,0.0001,1.8525,0.0003,6.666,35.329,7.4195,27.6183,36.5377
505.0,1009.0,7.4851,36.4786,95.8495,196.1419,0.0195,0.0001,99.837,203.6077,48.5527,-16.9127,0.0,0.0001,1.8556,0.0001,6.6838,35.3218,7.381,27.6182,36.5395
506.0,1011.0,7.3824,36.3689,94.6764,197.218,0.0208,0.0001,99.8366,203.6079,48.5527,-16.9127,0.0,0.0001,1.8608,0.0001,6.6931,35.3058,7.2788,27.6203,36.5466
507.0,1013.0,7.3326,36.3129,92.8124,198.2407,0.0191,0.0001,99.836,203.6082,48.5527,-16.9128,0.0,0.0001,1.8661,0.0002,6.7048,35.2946,7.2293,27.6186,36.5473
