Datacycle,press,temp,cond,alt,oxygen,fluor,atten,trans,jday,lat,lon,PAR,UPAR,oxV,oxdVdt,oxysat,salin,potemp,sigma0,sigma2
1.0,7.0,16.0276,44.6541,92.9384,244.5066,0.4817,0.0031,92.631,205.8889,49.0894,-16.087,0.0,0.0001,2.7422,0.0002,5.5512,35.6421,16.0265,26.2357,34.8067
2.0,9.0,16.0263,44.6532,94.721,244.4843,0.4784,0.0031,92.6377,205.8889,49.0894,-16.087,0.0,0.0001,2.7424,-0.0003,5.5511,35.642,16.0249,26.2359,34.807
3.0,11.0,16.0266,44.6547,97.1631,244.7939,0.4734,0.0031,92.6383,205.889,49.0894,-16.087,0.0,0.0001,2.743,0.0006,5.5508,35.6421,16.0248,26.236,34.807
4.0,13.0,16.0311,44.6597,98.71,244.8254,0.4743,0.0031,92.6199,205.8891,49.0893,-16.0869,0.0,0.0001,2.7444,-0.0002,5.5513,35.6417,16.029,26.2347,34.8057
5.0,15.0,16.0235,44.6532,81.919,244.838,0.4807,0.0031,92.6386,205.8891,49.0893,-16.0869,0.0,0.0001,2.7415,-0.0006,5.5577,35.642,16.0211,26.2368,34.8079
6.0,17.0,15.9616,44.5893,51.7418,245.2817,0.4986,0.0031,92.5812,205.8892,49.0893,-16.0869,0.0,0.0001,2.7416,-0.0006,5.5707,35.6399,15.9589,26.2494,34.8228
7.0,19.0,15.855,44.4816,21.0699,245.9538,0.5119,0.0031,92.4982,205.8892,49.0893,-16.0869,0.0,0.0001,2.7435,0.0008,5.5731,35.6383,15.852,26.2727,34.8498
8.0,21.0,15.8105,44.4374,16.2832,245.8238,0.507,0.0031,92.5201,205.8893,49.0893,-16.0869,0.0,0.0001,2.7429,-0.0002,5.5758,35.6381,15.8072,26.2828,34.8614
9.0,23.0,15.8,44.4287,14.4747,245.2794,0.5139,0.0031,92.6249,205.8893,49.0893,-16.0869,0.0,0.0001,2.7394,-0.0012,5.5766,35.6389,15.7964,26.2859,34.8649
10.0,25.0,15.7945,44.4238,13.0339,246.077,0.5326,0.003,92.6899,205.8893,49.0893,-16.0869,0.0,0.0001,2.7409,0.0012,5.5772,35.6387,15.7906,26.287,34.8663
11.0,27.0,15.7872,44.418,10.3034,245.3421,0.5402,0.003,92.805,205.8894,49.0893,-16.0869,0.0,0.0001,2.7363,-0.0011,5.5788,35.6393,15.783,26.2893,34.8687
12.0,29.0,15.7705,44.4045,7.6128,245.1109,0.5528,0.0029,93.0413,205.8894,49.0893,-16.0869,0.0,0.0001,2.7345,-0.0011,5.5813,35.6413,15.766,26.2947,34.8747
13.0,31.0,15.7441,44.3834,7.5552,245.097,0.599,0.0028,93.3006,205.8894,49.0893,-16.0869,0.0,0.0001,2.7325,-0.0009,5.5845,35.6455,15.7393,26.304,34.8849
14.0,33.0,15.7154,44.3597,5.8251,244.6291,0.6663,0.0027,93.54,205.8894,49.0893,-16.0869,0.0,0.0001,2.7282,-0.0016,5.5868,35.6494,15.7102,26.3136,34.8955
15.0,35.0,15.6937,44.3402,68.0231,243.0777,0.7875,0.0026,93.7619,205.8895,49.0893,-16.0869,0.0,0.0001,2.7163,-0.0043,5.5943,35.6505,15.6882,26.3195,34.9021
16.0,37.0,15.5958,44.2454,58.9228,241.8067,1.221,0.0026,93.7974,205.8895,49.0893,-16.0869,0.0,0.0001,2.7013,-0.0052,5.6096,35.6527,15.59,26.3434,34.9295
17.0,39.0,15.4767,44.1295,98.7087,240.1132,0.9209,0.0024,94.1669,205.8896,49.0893,-16.0869,0.0,0.0001,2.6803,-0.0074,5.6406,35.6552,15.4707,26.3723,34.9625
18.0,41.0,15.2219,43.8927,71.2618,238.3726,0.8411,0.002,95.1046,205.8896,49.0893,-16.0869,0.0,0.0001,2.6583,-0.0084,5.6665,35.6713,15.2157,26.4418,35.0409
19.0,43.0,15.002,43.6948,76.2147,236.6614,0.7448,0.0018,95.6377,205.8896,49.0893,-16.0869,0.0,0.0001,2.6391,-0.0079,5.6761,35.6907,14.9956,26.5056,35.1123
20.0,45.0,14.6997,43.4235,75.4255,237.3373,0.5905,0.0014,96.6369,205.8897,49.0893,-16.0869,0.0,0.0001,2.6247,-0.0049,5.7215,35.7181,14.6929,26.5933,35.2105
21.0,47.0,14.4693,43.1998,94.515,233.1922,0.4871,0.0011,97.2614,205.8897,49.0892,-16.0869,0.0,0.0001,2.5962,-0.0097,5.7255,35.7231,14.4624,26.6472,35.2726
22.0,49.0,14.2951,43.044,59.6793,235.4669,0.4039,0.0009,97.6722,205.8897,49.0892,-16.0869,0.0,0.0001,2.5916,-0.0018,5.7521,35.7388,14.2879,26.6969,35.3285
23.0,51.0,14.2086,42.9626,93.5471,232.9359,0.3409,0.0009,97.8611,205.8898,49.0892,-16.0869,0.0,0.0001,2.5763,-0.006,5.758,35.7424,14.2012,26.7183,35.353
24.0,53.0,14.0557,42.8197,98.4088,233.6265,0.2878,0.0008,98.1383,205.8898,49.0892,-16.0869,0.0,0.0001,2.5655,-0.0039,5.798,35.7503,14.048,26.757,35.3973
25.0,55.0,13.8255,42.6064,63.3592,231.9171,0.2288,0.0006,98.4497,205.8898,49.0892,-16.0869,0.0,0.0001,2.5482,-0.005,5.8149,35.764,13.8176,26.8163,35.465
26.0,57.0,13.6543,42.4413,98.7042,231.9642,0.1866,0.0005,98.8112,205.8899,49.0892,-16.0869,0.0,0.0001,2.5389,-0.0033,5.8345,35.7676,13.6461,26.855,35.51
27.0,59.0,13.5262,42.2982,69.5071,232.4221,0.1711,0.0004,98.8753,205.8899,49.0892,-16.0869,0.0,0.0001,2.5352,-0.001,5.842,35.7517,13.5179,26.8694,35.5294
28.0,61.0,13.4481,42.2253,83.1766,232.0995,0.152,0.0004,98.9659,205.8899,49.0892,-16.0869,0.0,0.0001,2.5311,-0.0014,5.8475,35.7552,13.4395,26.8883,35.5512
29.0,63.0,13.4101,42.1876,98.7041,231.9206,0.1339,0.0003,99.1183,205.89,49.0892,-16.0869,0.0,0.0001,2.5275,-0.0014,5.8552,35.7541,13.4012,26.8954,35.5597
30.0,65.0,13.3493,42.1254,98.7087,232.6164,0.1203,0.0003,99.2478,205.89,49.0892,-16.0869,0.0,0.0001,2.5282,0.0007,5.8543,35.7515,13.3402,26.9059,35.5726
31.0,67.0,13.3286,42.1064,72.5514,232.0804,0.1057,0.0003,99.2934,205.89,49.0892,-16.087,0.0,0.0001,2.5249,-0.0011,5.8607,35.7522,13.3193,26.9108,35.5782
32.0,69.0,13.315,42.0931,89.9063,231.6861,0.1057,0.0002,99.3561,205.89,49.0892,-16.0869,0.0,0.0001,2.5223,-0.0016,5.8587,35.7515,13.3053,26.9131,35.5811
33.0,71.0,13.2898,42.0714,98.6919,233.1012,0.0925,0.0002,99.4772,205.8901,49.0891,-16.087,0.0,0.0001,2.5274,0.0011,5.8646,35.7536,13.2798,26.92,35.5889
34.0,73.0,13.2754,42.0555,98.7091,232.8622,0.0765,0.0002,99.5841,205.8901,49.0891,-16.0869,0.0,0.0001,2.5267,-0.0003,5.8692,35.7511,13.2652,26.921,35.5905
35.0,75.0,13.2286,42.0105,98.6716,232.9059,0.0694,0.0001,99.6892,205.8901,49.0891,-16.087,0.0,0.0001,2.525,-0.0004,5.8733,35.7514,13.2181,26.9309,35.6022
36.0,77.0,13.2089,41.9884,89.7012,233.1712,0.0641,0.0001,99.6924,205.8902,49.0891,-16.087,0.0,0.0001,2.5247,0.0001,5.8763,35.7482,13.1983,26.9325,35.6046
37.0,79.0,13.1757,41.9523,98.7042,233.4214,0.0567,0.0001,99.7627,205.8902,49.0891,-16.087,0.0,0.0001,2.5253,0.0001,5.8794,35.7441,13.1647,26.9362,35.6096
38.0,81.0,13.1478,41.9237,98.7058,232.9301,0.0453,0.0001,99.807,205.8903,49.0891,-16.087,0.0,0.0001,2.5228,-0.0013,5.8825,35.7422,13.1366,26.9404,35.615
39.0,83.0,13.126,41.9031,49.5286,232.4902,0.0445,0.0001,99.8401,205.8903,49.0891,-16.087,0.0,0.0001,2.5179,-0.0011,5.8838,35.7422,13.1145,26.9449,35.6203
40.0,85.0,13.1097,41.8854,98.7007,232.6211,0.0464,0.0001,99.869,205.8903,49.0891,-16.087,0.0,0.0001,2.5173,-0.0002,5.8821,35.7398,13.0979,26.9464,35.6225
41.0,87.0,13.1176,41.8926,97.0618,232.7862,0.0444,0.0001,99.8709,205.8904,49.0891,-16.087,0.0,0.0001,2.5158,-0.0004,5.8918,35.7385,13.1055,26.9439,35.6197
42.0,89.0,13.0504,41.8215,97.7843,232.9836,0.0426,0.0,99.9065,205.8904,49.0891,-16.087,0.0,0.0001,2.5153,-0.0001,5.8945,35.7331,13.0381,26.9533,35.6317
43.0,91.0,13.0328,41.8034,98.794,233.2958,0.0439,0.0,99.9267,205.8904,49.0891,-16.087,0.0,0.0001,2.5167,0.0007,5.8918,35.7315,13.0202,26.9558,35.6349
44.0,93.0,13.0457,41.8179,98.7,233.3822,0.046,0.0,99.9284,205.8905,49.0891,-16.087,0.0,0.0001,2.5173,0.0001,5.896,35.7325,13.0328,26.954,35.6326
45.0,95.0,13.0221,41.7946,98.6932,231.9652,0.0398,0.0,99.9425,205.8905,49.0891,-16.087,0.0,0.0001,2.5112,-0.003,5.896,35.7315,13.009,26.9581,35.6376
46.0,97.0,13.0112,41.7843,68.4278,233.008,0.0404,0.0,99.9926,205.8905,49.0891,-16.087,0.0,0.0001,2.5117,0.0005,5.8971,35.7309,12.9978,26.9598,35.6398
47.0,99.0,13.0195,41.7934,98.705,232.9022,0.0392,0.0,99.9518,205.8905,49.0891,-16.087,0.0,0.0001,2.5113,-0.0006,5.9017,35.7312,13.0059,26.9585,35.6381
48.0,101.0,12.9779,41.7468,49.1523,233.429,0.0387,0.0,100.0125,205.8906,49.089,-16.087,0.0,0.0001,2.5119,0.0004,5.9055,35.7249,12.9639,26.962,35.6434
49.0,103.0,12.9315,41.695,98.6442,233.9387,0.0372,0.0,100.0282,205.8906,49.089,-16.087,0.0,0.0001,2.5144,0.0012,5.9052,35.7182,12.9173,26.9662,35.6494
50.0,105.0,12.9444,41.7114,95.0511,233.1673,0.034,0.0,100.0252,205.8907,49.089,-16.087,0.0,0.0001,2.5112,-0.0011,5.9102,35.7209,12.93,26.9658,35.6485
51.0,107.0,12.9058,41.6713,96.8485,232.4053,0.0296,0.0,100.0711,205.8907,49.089,-16.087,0.0,0.0001,2.5058,-0.002,5.9104,35.718,12.8911,26.9714,35.6556
52.0,109.0,12.9041,41.6698,98.6459,232.4144,0.0305,0.0,100.0623,205.8907,49.089,-16.087,0.0,0.0001,2.5032,-0.001,5.9111,35.7174,12.8891,26.9713,35.6556
53.0,111.0,12.8991,41.6657,92.007,231.7983,0.0293,0.0,100.0634,205.8909,49.089,-16.087,0.0,0.0001,2.4955,-0.0003,5.9131,35.7173,12.8839,26.9723,35.6568
54.0,113.0,12.8724,41.637,77.8614,231.1845,0.0289,0.0,100.098,205.8911,49.089,-16.087,0.0,0.0001,2.4892,-0.0005,5.9152,35.7141,12.8569,26.9752,35.6608
55.0,115.0,12.8674,41.632,91.7223,231.4845,0.0273,0.0,100.0741,205.8912,49.089,-16.087,0.0,0.0001,2.4888,0.0004,5.9158,35.7132,12.8517,26.9756,35.6613
56.0,117.0,12.8645,41.6295,98.71,231.0982,0.0283,0.0,100.1016,205.8912,49.0889,-16.087,0.0,0.0001,2.4873,-0.0007,5.9166,35.7127,12.8485,26.9758,35.6617
57.0,119.0,12.8578,41.6228,98.695,230.6747,0.0262,0.0,100.102,205.8913,49.0889,-16.087,0.0,0.0001,2.4837,-0.0011,5.918,35.7116,12.8415,26.9764,35.6626
58.0,121.0,12.846,41.6105,81.3053,230.8007,0.0312,0.0,100.0858,205.8913,49.0889,-16.087,0.0,0.0001,2.4822,-0.0004,5.9193,35.7101,12.8294,26.9777,35.6643
59.0,123.0,12.8412,41.6057,98.6978,230.3025,0.0272,0.0,100.0983,205.8913,49.0889,-16.087,0.0,0.0001,2.4794,-0.0015,5.9206,35.7094,12.8244,26.9781,35.665
60.0,125.0,12.8297,41.5937,98.7025,230.8773,0.0258,0.0,100.1203,205.8913,49.0889,-16.087,0.0,0.0001,2.4799,0.0003,5.9206,35.7076,12.8126,26.9791,35.6665
61.0,127.0,12.8179,41.5813,73.6369,230.8793,0.0241,0.0,100.1228,205.8914,49.0889,-16.087,0.0,0.0001,2.4794,-0.0002,5.9244,35.706,12.8005,26.9803,35.6682
62.0,129.0,12.8041,41.5657,92.0009,230.4459,0.0222,0.0,100.1144,205.8914,49.0889,-16.087,0.0,0.0001,2.4771,-0.0012,5.9262,35.7033,12.7864,26.981,35.6694
63.0,131.0,12.7845,41.5441,98.71,231.0397,0.0287,0.0,100.1076,205.8914,49.0889,-16.087,0.0,0.0001,2.4779,0.0005,5.9265,35.7001,12.7666,26.9825,35.6718
64.0,133.0,12.7828,41.5426,98.7,230.8441,0.0289,0.0,100.1112,205.8915,49.0889,-16.087,0.0,0.0001,2.4776,-0.0005,5.9276,35.6995,12.7646,26.9824,35.6717
65.0,135.0,12.7743,41.5349,98.71,229.813,0.0287,0.0,100.0963,205.8915,49.0889,-16.087,0.0,0.0001,2.4719,-0.0022,5.9271,35.699,12.7559,26.9838,35.6735
66.0,137.0,12.7761,41.5383,98.7017,229.6285,0.0278,0.0,100.0408,205.8915,49.0889,-16.087,0.0,0.0001,2.4691,-0.0015,5.9262,35.6997,12.7573,26.9841,35.6737
67.0,139.0,12.7832,41.5478,98.7021,228.3479,0.0256,0.0,100.029,205.8915,49.0889,-16.087,0.0,0.0001,2.4617,-0.0033,5.9263,35.7015,12.7642,26.9841,35.6734
68.0,141.0,12.7843,41.5509,98.71,225.7991,0.0217,0.0,100.0502,205.8916,49.0889,-16.087,0.0,0.0001,2.4463,-0.0067,5.9284,35.7027,12.7651,26.9848,35.674
69.0,143.0,12.7751,41.5414,62.2663,225.9759,0.0246,0.0,100.0486,205.8916,49.0889,-16.087,0.0,0.0001,2.4397,-0.0033,5.9288,35.7014,12.7556,26.9857,35.6753
70.0,145.0,12.7532,41.5169,96.3085,226.5427,0.0245,0.0,100.0385,205.8916,49.0889,-16.087,0.0,0.0001,2.4382,-0.0006,5.9297,35.6976,12.7334,26.9872,35.6778
71.0,147.0,12.7602,41.5255,98.6942,225.9436,0.0247,0.0,100.0344,205.8916,49.0889,-16.087,0.0,0.0001,2.4339,-0.002,5.9339,35.6985,12.7402,26.9865,35.6768
72.0,149.0,12.7269,41.4882,98.6915,225.0652,0.0253,0.0,100.0323,205.8917,49.0889,-16.087,0.0,0.0001,2.4283,-0.0024,5.934,35.6932,12.7066,26.9891,35.6808
73.0,151.0,12.7194,41.4806,98.6992,225.0942,0.0248,0.0,100.0259,205.8917,49.0888,-16.087,0.0,0.0001,2.424,-0.0014,5.9342,35.692,12.6989,26.9897,35.6817
74.0,153.0,12.7211,41.4845,98.7045,225.3091,0.0251,0.0,99.9897,205.8917,49.0888,-16.087,0.0,0.0001,2.4234,-0.0007,5.9364,35.6933,12.7003,26.9905,35.6824
75.0,155.0,12.7067,41.4687,49.0539,224.5803,0.0266,0.0,100.0133,205.8918,49.0888,-16.087,0.0,0.0001,2.4176,-0.0016,5.9388,35.6908,12.6856,26.9915,35.684
76.0,157.0,12.6902,41.4505,96.1997,225.0694,0.0224,0.0,99.9902,205.8918,49.0888,-16.087,0.0,0.0001,2.4174,-0.0001,5.9407,35.6881,12.6689,26.9927,35.6859
77.0,159.0,12.6742,41.4325,96.3669,224.3682,0.025,0.0,99.9839,205.8918,49.0888,-16.087,0.0,0.0001,2.4141,-0.0014,5.9424,35.6851,12.6526,26.9936,35.6875
78.0,161.0,12.6553,41.4121,98.556,224.5115,0.0218,0.0,99.9448,205.8919,49.0888,-16.087,0.0,0.0001,2.4113,-0.0006,5.9462,35.6824,12.6335,26.9953,35.6899
79.0,163.0,12.6332,41.387,98.7006,224.3927,0.0258,0.0,99.9938,205.8919,49.0888,-16.087,0.0,0.0001,2.41,-0.0004,5.9444,35.6782,12.611,26.9965,35.692
80.0,165.0,12.6237,41.3771,98.7064,223.4213,0.0242,0.0,99.9814,205.8919,49.0888,-16.087,0.0,0.0001,2.4049,-0.0022,5.9491,35.6767,12.6012,26.9973,35.6932
81.0,167.0,12.6284,41.3827,66.7647,222.4636,0.0267,0.0,99.9556,205.8919,49.0888,-16.087,0.0,0.0001,2.397,-0.0033,5.9527,35.677,12.6058,26.9967,35.6924
82.0,169.0,12.5885,41.3375,98.6942,223.177,0.0269,0.0,99.9845,205.892,49.0888,-16.087,0.0,0.0001,2.3961,-0.0004,5.9511,35.6702,12.5656,26.9994,35.6968
83.0,171.0,12.5732,41.3218,95.2658,223.2055,0.0266,0.0,99.9463,205.892,49.0888,-16.087,0.0,0.0001,2.3959,-0.0006,5.9574,35.6686,12.5501,27.0012,35.6992
84.0,173.0,12.5556,41.3025,98.4999,223.5522,0.0275,0.0,99.9592,205.892,49.0888,-16.087,0.0,0.0001,2.3956,0.0,5.9609,35.666,12.5322,27.0027,35.7014
85.0,175.0,12.5215,41.2625,98.5512,223.8068,0.0245,0.0,99.9752,205.8921,49.0888,-16.087,0.0,0.0001,2.3956,0.0002,5.9647,35.6587,12.4979,27.0038,35.704
86.0,177.0,12.4909,41.2279,98.6875,224.3187,0.0246,0.0,99.9495,205.8921,49.0888,-16.087,0.0,0.0001,2.3972,0.0009,5.9662,35.6535,12.467,27.0058,35.7073
87.0,179.0,12.4784,41.2147,79.9392,224.3981,0.0269,0.0,99.9291,205.8921,49.0888,-16.087,0.0,0.0001,2.398,0.0003,5.9697,35.6516,12.4543,27.0069,35.7088
88.0,181.0,12.4528,41.1852,96.3256,223.9355,0.0273,0.0,99.9556,205.8921,49.0888,-16.087,0.0,0.0001,2.3975,-0.0008,5.9677,35.6465,12.4284,27.008,35.7111
89.0,183.0,12.454,41.1899,90.9871,223.4116,0.0299,0.0,99.9556,205.8922,49.0888,-16.087,0.0,0.0001,2.394,-0.0014,5.9667,35.6491,12.4294,27.0099,35.7128
90.0,185.0,12.473,41.2179,98.696,221.9549,0.0235,0.0,99.9519,205.8922,49.0888,-16.0871,0.0,0.0001,2.3842,-0.0037,5.9741,35.6573,12.4481,27.0125,35.7147
91.0,187.0,12.4341,41.1728,85.164,221.253,0.029,0.0,99.9503,205.8922,49.0887,-16.0871,0.0,0.0001,2.3764,-0.0035,5.9795,35.6498,12.4091,27.0144,35.7182
92.0,189.0,12.3767,41.1049,89.6382,221.6778,0.0271,0.0,99.9632,205.8922,49.0887,-16.0871,0.0,0.0001,2.3738,-0.0012,5.979,35.6377,12.3514,27.0164,35.7225
93.0,191.0,12.3796,41.1099,98.6951,220.8837,0.025,0.0,99.959,205.8923,49.0887,-16.0871,0.0,0.0001,2.369,-0.0019,5.9785,35.6388,12.354,27.0167,35.7227
94.0,193.0,12.3827,41.1146,98.6967,220.4467,0.026,0.0,99.9504,205.8923,49.0887,-16.0871,0.0,0.0001,2.3629,-0.002,5.9841,35.6396,12.3568,27.0167,35.7227
95.0,195.0,12.3468,41.071,98.6875,222.063,0.0241,0.0,99.9442,205.8923,49.0887,-16.0871,0.0,0.0001,2.3665,0.0021,5.9863,35.6305,12.3207,27.0168,35.7242
96.0,197.0,12.3219,41.0471,82.8665,224.7911,0.0235,0.0,99.9371,205.8924,49.0887,-16.0871,0.0,0.0001,2.3801,0.0057,5.9844,35.63,12.2956,27.0212,35.7297
97.0,199.0,12.336,41.0668,95.3334,226.6279,0.0249,0.0,99.9501,205.8924,49.0887,-16.0871,0.0,0.0001,2.3946,0.006,5.9844,35.6347,12.3093,27.0223,35.7301
98.0,201.0,12.338,41.0699,98.6997,224.8182,0.0245,0.0,99.9382,205.8924,49.0887,-16.0871,0.0,0.0001,2.3941,-0.0006,5.9887,35.6351,12.3111,27.0222,35.73
99.0,203.0,12.312,41.0402,98.7006,227.1651,0.0224,0.0,99.9336,205.8925,49.0887,-16.0871,0.0,0.0001,2.4016,0.0038,5.9913,35.6302,12.2849,27.0235,35.7324
100.0,205.0,12.2923,41.0176,60.8156,227.5321,0.0262,0.0,99.9532,205.8925,49.0887,-16.0871,0.0,0.0001,2.4066,0.0025,5.9937,35.6261,12.2649,27.0243,35.734
101.0,207.0,12.2773,41.0,98.6988,227.4548,0.0257,0.0,99.9394,205.8925,49.0887,-16.0871,0.0,0.0001,2.4082,0.0011,5.9941,35.6224,12.2498,27.0244,35.7347
102.0,209.0,12.2479,40.9658,93.6587,227.4994,0.0252,0.0,99.9178,205.8925,49.0887,-16.0871,0.0,0.0001,2.41,0.0001,5.9999,35.6162,12.22,27.0253,35.7369
103.0,211.0,12.2216,40.9343,98.7035,227.8227,0.025,0.0,99.9267,205.8926,49.0887,-16.0871,0.0,0.0001,2.4104,0.0005,6.0025,35.6095,12.1935,27.0253,35.738
104.0,213.0,12.2061,40.9187,98.7045,228.3457,0.0259,0.0,99.9216,205.8926,49.0887,-16.0871,0.0,0.0001,2.4126,0.001,6.0032,35.6082,12.1778,27.0273,35.7407
105.0,215.0,12.2034,40.9157,98.6899,228.5019,0.0256,0.0,99.894,205.8926,49.0887,-16.0871,0.0,0.0001,2.4141,0.0007,6.0025,35.6071,12.1748,27.027,35.7405
106.0,217.0,12.196,40.9073,98.6929,228.2282,0.0242,0.0,99.9172,205.8926,49.0886,-16.0871,0.0,0.0001,2.4135,-0.0004,6.0049,35.6051,12.1672,27.027,35.7408
107.0,219.0,12.1957,40.9073,98.695,228.1358,0.0242,0.0,99.9033,205.8927,49.0886,-16.0871,0.0,0.0001,2.4116,-0.0009,6.0104,35.6046,12.1667,27.0267,35.7405
108.0,221.0,12.1321,40.8337,79.2091,229.2955,0.0251,0.0,99.8845,205.8927,49.0886,-16.0871,0.0,0.0001,2.4153,0.0012,6.0166,35.5924,12.1028,27.0296,35.7461
109.0,223.0,12.0836,40.7779,94.1476,230.3303,0.0221,0.0001,99.8501,205.8927,49.0886,-16.0871,0.0,0.0001,2.419,0.0017,6.023,35.5834,12.0542,27.032,35.7505
110.0,225.0,12.0527,40.7402,98.6929,231.3755,0.0244,0.0,99.8978,205.8928,49.0886,-16.0871,0.0,0.0001,2.4254,0.0032,6.0198,35.5751,12.023,27.0316,35.7515
111.0,227.0,12.045,40.7328,98.6965,231.3839,0.0241,0.0,99.8852,205.8928,49.0886,-16.0871,0.0,0.0001,2.4284,0.0014,6.024,35.5744,12.0151,27.0325,35.7527
112.0,229.0,12.0482,40.7367,98.6532,231.2606,0.0279,0.0001,99.8591,205.8928,49.0886,-16.0872,0.0,0.0001,2.4285,0.0002,6.0276,35.5744,12.018,27.0319,35.7521
113.0,231.0,12.0192,40.7057,98.695,231.0391,0.0281,0.0,99.8948,205.8928,49.0886,-16.0872,0.0,0.0001,2.428,-0.0004,6.0258,35.5706,11.9887,27.0346,35.756
114.0,233.0,12.0191,40.7086,98.7025,230.2677,0.0264,0.0,99.8978,205.8929,49.0886,-16.0872,0.0,0.0001,2.4249,-0.0016,6.0242,35.5727,11.9884,27.0363,35.7576
115.0,235.0,12.0402,40.7359,81.3127,230.3541,0.0251,0.0001,99.8605,205.8929,49.0886,-16.0872,0.0,0.0001,2.4235,-0.0006,6.0206,35.5785,12.0092,27.0369,35.7573
116.0,237.0,12.0626,40.7661,87.7442,230.1234,0.0241,0.0,99.9108,205.8929,49.0886,-16.0872,0.0,0.0001,2.4218,-0.0005,6.017,35.5858,12.0314,27.0382,35.7576
117.0,239.0,12.0781,40.7868,98.6957,229.6608,0.0247,0.0,99.912,205.893,49.0886,-16.0872,0.0,0.0001,2.4193,-0.0012,6.0153,35.5903,12.0466,27.0388,35.7576
118.0,241.0,12.1235,40.8455,98.5101,229.0221,0.0263,0.0,99.9357,205.893,49.0886,-16.0872,0.0,0.0001,2.4156,-0.0015,6.0119,35.6033,12.0916,27.0402,35.757
119.0,243.0,12.1355,40.8631,98.694,226.4834,0.024,0.0,99.9443,205.893,49.0886,-16.0872,0.0,0.0001,2.4038,-0.0055,6.0116,35.6082,12.1033,27.0418,35.7581
120.0,245.0,12.1388,40.8686,98.68,225.8039,0.0249,0.0,99.9556,205.893,49.0885,-16.0872,0.0,0.0001,2.3936,-0.0043,6.0106,35.6095,12.1063,27.0422,35.7583
121.0,247.0,12.1227,40.8524,74.5995,226.8407,0.0252,0.0,99.9342,205.8931,49.0885,-16.0872,0.0,0.0001,2.3929,-0.0003,6.0091,35.6082,12.09,27.0443,35.7611
122.0,249.0,12.1442,40.881,93.9315,221.7776,0.0245,0.0,99.9183,205.8931,49.0885,-16.0872,0.0,0.0001,2.3716,-0.0091,6.0103,35.6148,12.1112,27.0454,35.7612
123.0,251.0,12.1412,40.8819,98.7026,220.6511,0.0225,0.0,99.9556,205.8931,49.0885,-16.0872,0.0,0.0001,2.3538,-0.0061,6.0117,35.6177,12.108,27.0482,35.7642
124.0,253.0,12.1317,40.872,98.6881,221.2101,0.023,0.0,99.9556,205.8931,49.0885,-16.0872,0.0,0.0001,2.3493,-0.0024,6.0136,35.6162,12.0981,27.049,35.7654
125.0,255.0,12.1188,40.8577,78.2429,221.0878,0.0244,0.0,99.9526,205.8932,49.0885,-16.0872,0.0,0.0001,2.3456,-0.0017,6.0142,35.6136,12.085,27.0495,35.7664
126.0,257.0,12.098,40.8352,98.6896,220.8711,0.0227,0.0,99.921,205.8932,49.0885,-16.0872,0.0,0.0001,2.3414,-0.0015,6.0197,35.6106,12.0639,27.0512,35.769
127.0,259.0,12.0675,40.8006,98.6962,219.7048,0.0232,0.0,99.9272,205.8932,49.0885,-16.0872,0.0,0.0001,2.3335,-0.003,6.0247,35.6051,12.0333,27.0529,35.772
128.0,261.0,12.043,40.7721,98.685,219.4089,0.0199,0.0,99.9533,205.8933,49.0885,-16.0872,0.0,0.0001,2.3292,-0.0024,6.0268,35.5996,12.0086,27.0534,35.7735
129.0,263.0,12.026,40.7533,98.6853,219.361,0.0177,0.0,99.9444,205.8933,49.0885,-16.0872,0.0,0.0001,2.3272,-0.0015,6.0218,35.5967,11.9913,27.0545,35.7753
130.0,265.0,12.0186,40.7459,86.5745,220.0681,0.0196,0.0,99.9509,205.8933,49.0885,-16.0872,0.0,0.0001,2.3274,-0.0001,6.0282,35.5956,11.9837,27.055,35.7762
131.0,267.0,12.0065,40.7294,98.6866,219.231,0.0218,0.0,99.9486,205.8934,49.0885,-16.0872,0.0,0.0001,2.323,-0.0019,6.0325,35.5901,11.9713,27.0532,35.7749
132.0,269.0,11.9835,40.7073,98.6929,219.2105,0.021,0.0,99.9556,205.8934,49.0885,-16.0872,0.0,0.0001,2.3211,-0.0013,6.0308,35.5896,11.9481,27.0572,35.7799
133.0,271.0,11.9683,40.6901,98.6895,219.9024,0.0236,0.0,99.9556,205.8934,49.0885,-16.0872,0.0,0.0001,2.3222,0.0005,6.0319,35.5864,11.9327,27.0577,35.781
134.0,273.0,11.978,40.7023,83.9921,219.7151,0.0208,0.0,99.9152,205.8934,49.0885,-16.0872,0.0,0.0001,2.3218,-0.0004,6.0339,35.5884,11.9421,27.0575,35.7804
135.0,275.0,11.9621,40.6852,90.3464,218.9818,0.0236,0.0,99.9436,205.8935,49.0884,-16.0872,0.0,0.0001,2.3189,-0.0017,6.0361,35.5858,11.926,27.0585,35.7821
136.0,277.0,11.9479,40.6718,98.6842,219.8946,0.0227,0.0,99.9556,205.8935,49.0884,-16.0872,0.0,0.0001,2.3191,0.0007,6.036,35.5853,11.9115,27.0609,35.7851
137.0,279.0,11.9455,40.6705,98.6938,219.9291,0.0218,0.0,99.9317,205.8935,49.0884,-16.0872,0.0,0.0001,2.3206,0.0006,6.0304,35.5853,11.9089,27.0614,35.7857
138.0,281.0,11.9612,40.6921,98.7044,221.5979,0.0221,0.0,99.93,205.8935,49.0884,-16.0872,0.0,0.0001,2.3289,0.0038,6.0198,35.5908,11.9242,27.0628,35.7864
139.0,283.0,12.0565,40.82,98.6914,224.0198,0.0207,0.0,99.9303,205.8936,49.0884,-16.0873,0.0,0.0001,2.3417,0.0067,6.0193,35.6241,12.0191,27.0704,35.7898
140.0,285.0,12.0665,40.8312,98.6983,222.2901,0.0217,0.0,99.9003,205.8936,49.0884,-16.0873,0.0,0.0001,2.3435,0.0001,6.0206,35.6245,12.0288,27.0689,35.7879
141.0,287.0,12.0587,40.823,98.6988,221.8537,0.0208,0.0,99.9241,205.8936,49.0884,-16.0873,0.0,0.0001,2.3404,-0.0008,6.0224,35.6232,12.0208,27.0693,35.7887
142.0,289.0,12.0477,40.8113,96.4681,221.6494,0.0197,0.0,99.9212,205.8936,49.0884,-16.0873,0.0,0.0001,2.3384,-0.0011,6.0241,35.6214,12.0095,27.0702,35.79
143.0,291.0,12.0313,40.7937,82.7371,221.4978,0.0227,0.0,99.9249,205.8937,49.0884,-16.0873,0.0,0.0001,2.3361,-0.001,6.0271,35.6189,11.9929,27.0714,35.7919
144.0,293.0,12.0065,40.7661,96.0818,221.1732,0.0222,0.0,99.8754,205.8937,49.0884,-16.0873,0.0,0.0001,2.3323,-0.0012,6.0302,35.6145,11.9678,27.0728,35.7943
145.0,295.0,11.9937,40.7521,98.7004,220.9375,0.0246,0.0,99.9084,205.8937,49.0884,-16.0873,0.0,0.0001,2.3284,-0.0015,6.0363,35.6122,11.9548,27.0735,35.7956
146.0,297.0,11.9503,40.702,81.1759,221.8853,0.0216,0.0,99.9267,205.8938,49.0884,-16.0873,0.0,0.0001,2.3308,0.0011,6.0323,35.6038,11.9112,27.0753,35.7993
147.0,299.0,11.9481,40.7012,98.6942,221.763,0.0194,0.0,99.9196,205.8938,49.0884,-16.0873,0.0,0.0001,2.3308,-0.0004,6.0415,35.6043,11.9088,27.0762,35.8002
148.0,301.0,11.9232,40.6721,98.7023,221.2435,0.0231,0.0,99.9213,205.8938,49.0884,-16.0873,0.0,0.0001,2.3278,-0.001,6.0409,35.5987,11.8837,27.0766,35.8017
149.0,303.0,11.8872,40.6332,98.6922,221.806,0.024,0.0,99.9267,205.8938,49.0884,-16.0873,0.0,0.0001,2.3283,0.0004,6.0427,35.5941,11.8474,27.08,35.8066
150.0,305.0,11.8986,40.6461,95.8903,221.2498,0.0235,0.0,99.9019,205.8939,49.0884,-16.0873,0.0,0.0001,2.3263,-0.0009,6.0423,35.5951,11.8586,27.0786,35.8048
151.0,307.0,11.8899,40.6406,76.1387,222.5089,0.0243,0.0,99.9267,205.8939,49.0884,-16.0873,0.0,0.0001,2.3292,0.0018,6.0414,35.5971,11.8496,27.0819,35.8084
152.0,309.0,11.8996,40.6543,98.6274,223.2492,0.0244,0.0,99.9053,205.8939,49.0884,-16.0873,0.0,0.0001,2.3348,0.0019,6.0429,35.6003,11.859,27.0826,35.8086
153.0,311.0,11.8925,40.6469,98.6926,223.8362,0.0225,0.0,99.9057,205.894,49.0884,-16.0873,0.0,0.0001,2.3389,0.002,6.0424,35.5987,11.8517,27.0828,35.8092
154.0,313.0,11.8732,40.6252,98.6927,223.5744,0.0228,0.0,99.8858,205.894,49.0883,-16.0873,0.0,0.0001,2.3402,0.0001,6.046,35.5952,11.8321,27.0838,35.811
155.0,315.0,11.877,40.6303,59.8121,225.0495,0.0257,0.0001,99.8594,205.894,49.0883,-16.0873,0.0,0.0001,2.3446,0.0026,6.0478,35.5958,11.8357,27.0836,35.8106
156.0,317.0,11.8591,40.6119,94.7077,225.3432,0.0218,0.0,99.8978,205.894,49.0883,-16.0873,0.0,0.0001,2.3496,0.0019,6.0473,35.594,11.8175,27.0856,35.8134
157.0,319.0,11.8462,40.5985,94.7053,225.519,0.0186,0.0,99.8925,205.8941,49.0883,-16.0873,0.0,0.0001,2.3518,0.001,6.0497,35.5921,11.8044,27.0866,35.815
158.0,321.0,11.848,40.6004,98.4733,225.4226,0.0219,0.0,99.8926,205.8941,49.0883,-16.0873,0.0,0.0001,2.3516,-0.0001,6.0539,35.5915,11.806,27.0859,35.8142
159.0,323.0,11.8052,40.5536,98.68,225.6777,0.0171,0.0,99.8978,205.8941,49.0883,-16.0873,0.0,0.0001,2.3522,0.0005,6.0542,35.5856,11.763,27.0895,35.8195
160.0,325.0,11.8058,40.5564,98.6932,224.5817,0.0192,0.0,99.8991,205.8941,49.0883,-16.0873,0.0,0.0001,2.3485,-0.0018,6.0547,35.587,11.7634,27.0905,35.8206
161.0,327.0,11.8005,40.552,98.6946,223.4138,0.0189,0.0001,99.8659,205.8942,49.0883,-16.0873,0.0,0.0001,2.3409,-0.003,6.0568,35.5868,11.7579,27.0914,35.8217
162.0,329.0,11.7841,40.5342,74.4858,223.6357,0.0219,0.0001,99.8747,205.8942,49.0883,-16.0873,0.0,0.0001,2.3364,-0.0012,6.0612,35.5842,11.7412,27.0926,35.8235
163.0,331.0,11.7558,40.5031,90.601,223.2629,0.0207,0.0,99.8942,205.8942,49.0883,-16.0874,0.0,0.0001,2.3332,-0.0014,6.0621,35.5796,11.7127,27.0944,35.8265
164.0,333.0,11.7367,40.4844,98.6917,223.0626,0.0187,0.0001,99.8568,205.8943,49.0883,-16.0874,0.0,0.0001,2.3313,-0.0013,6.0651,35.5787,11.6933,27.0973,35.8303
165.0,335.0,11.7225,40.4705,80.4781,223.6983,0.0197,0.0001,99.8697,205.8943,49.0883,-16.0874,0.0,0.0001,2.3307,0.0005,6.0655,35.5778,11.6789,27.0994,35.8329
166.0,337.0,11.7199,40.4694,98.695,223.2672,0.0208,0.0,99.8936,205.8943,49.0883,-16.0874,0.0,0.0001,2.3285,-0.0007,6.0657,35.5782,11.6761,27.1003,35.8339
167.0,339.0,11.7195,40.4688,98.7025,223.2833,0.02,0.0001,99.8803,205.8943,49.0883,-16.0874,0.0,0.0001,2.328,-0.0003,6.0657,35.5773,11.6754,27.0997,35.8334
168.0,341.0,11.7154,40.4646,98.6918,223.0167,0.019,0.0001,99.8595,205.8944,49.0883,-16.0874,0.0,0.0001,2.3257,-0.001,6.0705,35.5762,11.6711,27.0997,35.8335
169.0,343.0,11.6976,40.4439,98.7053,221.6121,0.0188,0.0001,99.8611,205.8944,49.0883,-16.0874,0.0,0.0001,2.3189,-0.0033,6.0742,35.5721,11.6531,27.0998,35.8345
170.0,345.0,11.6571,40.3999,76.8017,221.9316,0.0209,0.0001,99.869,205.8944,49.0883,-16.0874,0.0,0.0001,2.3157,-0.0012,6.074,35.5666,11.6124,27.1032,35.8396
171.0,347.0,11.656,40.4002,95.9252,222.3342,0.021,0.0001,99.8401,205.8945,49.0882,-16.0874,0.0,0.0001,2.3153,0.0002,6.0723,35.567,11.6111,27.1038,35.8402
172.0,349.0,11.6609,40.4067,98.7055,222.719,0.0208,0.0001,99.8778,205.8945,49.0882,-16.0874,0.0,0.0001,2.3173,0.0006,6.072,35.568,11.6157,27.1037,35.8399
173.0,351.0,11.6749,40.4249,98.6875,223.4162,0.0163,0.0001,99.8371,205.8945,49.0882,-16.0874,0.0,0.0001,2.3205,0.0013,6.0715,35.5715,11.6293,27.1039,35.8395
174.0,353.0,11.6744,40.426,85.3574,223.6459,0.0195,0.0001,99.8449,205.8945,49.0882,-16.0874,0.0,0.0001,2.3229,0.0008,6.0719,35.5722,11.6286,27.1045,35.8401
175.0,355.0,11.6712,40.4245,95.5912,224.2577,0.0252,0.0001,99.8401,205.8946,49.0882,-16.0874,0.0,0.0001,2.3259,0.0013,6.0739,35.5727,11.6251,27.1056,35.8413
176.0,357.0,11.6576,40.4112,92.5383,224.0805,0.0255,0.0001,99.8216,205.8946,49.0882,-16.0874,0.0,0.0001,2.3269,0.0002,6.0751,35.5718,11.6112,27.1076,35.8439
177.0,359.0,11.6503,40.4045,98.6931,223.3946,0.0228,0.0001,99.8401,205.8946,49.0882,-16.0874,0.0,0.0001,2.3248,-0.0013,6.0738,35.5714,11.6038,27.1086,35.8453
178.0,361.0,11.6425,40.3968,98.6828,223.9867,0.0209,0.0001,99.8264,205.8946,49.0882,-16.0874,0.0,0.0001,2.3253,0.0001,6.0753,35.5705,11.5957,27.1094,35.8463
179.0,363.0,11.6454,40.4017,98.6857,223.9374,0.023,0.0001,99.8377,205.8947,49.0882,-16.0874,0.0,0.0001,2.3251,-0.0003,6.0767,35.5717,11.5984,27.1099,35.8467
180.0,365.0,11.6353,40.3937,98.6917,223.1047,0.0195,0.0001,99.847,205.8947,49.0882,-16.0874,0.0,0.0001,2.3208,-0.0017,6.0781,35.5724,11.588,27.1123,35.8496
181.0,367.0,11.6269,40.3844,98.6974,222.7339,0.0188,0.0001,99.8289,205.8947,49.0882,-16.0874,0.0,0.0001,2.3167,-0.0016,6.0798,35.5705,11.5793,27.1125,35.8501
182.0,369.0,11.6155,40.3722,98.7079,222.2033,0.0189,0.0001,99.8334,205.8948,49.0882,-16.0874,0.0,0.0001,2.3126,-0.0018,6.0801,35.5684,11.5677,27.1131,35.8512
183.0,371.0,11.6065,40.3629,80.8237,222.8634,0.0241,0.0001,99.8228,205.8948,49.0882,-16.0874,0.0,0.0001,2.3122,-0.0002,6.0865,35.5671,11.5585,27.1138,35.8522
184.0,373.0,11.5782,40.3297,95.8744,223.8806,0.0218,0.0001,99.804,205.8948,49.0882,-16.0875,0.0,0.0001,2.3138,0.0012,6.0939,35.5607,11.53,27.1142,35.8539
185.0,375.0,11.5247,40.2684,98.6933,225.5966,0.0257,0.0001,99.8401,205.8948,49.0882,-16.0875,0.0,0.0001,2.3206,0.004,6.088,35.5507,11.4764,27.1164,35.8584
186.0,377.0,11.4733,40.207,88.4896,225.6111,0.0216,0.0001,99.8254,205.8949,49.0882,-16.0875,0.0,0.0001,2.3257,0.0011,6.102,35.5382,11.4249,27.1164,35.8606
187.0,379.0,11.4432,40.176,98.6875,226.8559,0.0224,0.0001,99.8301,205.8949,49.0882,-16.0875,0.0,0.0001,2.3293,0.0028,6.1063,35.5356,11.3946,27.12,35.8655
188.0,381.0,11.4174,40.146,98.6964,227.0932,0.0226,0.0001,99.8154,205.8949,49.0881,-16.0875,0.0,0.0001,2.3333,0.0018,6.1065,35.5298,11.3686,27.1203,35.867
189.0,383.0,11.4173,40.1465,98.6938,226.7165,0.0198,0.0001,99.8425,205.895,49.0881,-16.0875,0.0,0.0001,2.3337,0.0,6.109,35.5297,11.3682,27.1203,35.867
190.0,385.0,11.3982,40.1247,98.693,226.649,0.022,0.0001,99.8401,205.895,49.0881,-16.0875,0.0,0.0001,2.3333,0.0,6.1087,35.5254,11.3489,27.1206,35.8681
191.0,387.0,11.3886,40.1143,91.5614,226.3645,0.022,0.0001,99.8311,205.895,49.0881,-16.0875,0.0,0.0001,2.3317,-0.0007,6.1103,35.5235,11.3391,27.1209,35.8688
192.0,389.0,11.3931,40.1205,98.586,225.8356,0.0228,0.0001,99.8293,205.895,49.0881,-16.0875,0.0,0.0001,2.3284,-0.001,6.1058,35.5245,11.3434,27.1209,35.8686
193.0,391.0,11.4089,40.1449,98.7026,226.928,0.0237,0.0001,99.8322,205.8951,49.0881,-16.0875,0.0,0.0001,2.3321,0.0015,6.1015,35.5326,11.3589,27.1243,35.8713
194.0,393.0,11.4363,40.1817,98.685,228.4921,0.0209,0.0001,99.8354,205.8951,49.0881,-16.0875,0.0,0.0001,2.3384,0.0035,6.1038,35.5419,11.3859,27.1265,35.8723
195.0,395.0,11.4581,40.2101,83.8056,228.1334,0.0238,0.0001,99.7996,205.8951,49.0881,-16.0875,0.0,0.0001,2.3422,0.0011,6.0997,35.5479,11.4073,27.1272,35.872
196.0,397.0,11.4502,40.202,93.1259,228.9501,0.0232,0.0001,99.8124,205.8952,49.0881,-16.0875,0.0,0.0001,2.3463,0.0019,6.0974,35.5468,11.3992,27.1278,35.873
197.0,399.0,11.4722,40.2303,85.767,229.346,0.0242,0.0001,99.8277,205.8952,49.0881,-16.0875,0.0,0.0001,2.3497,0.0018,6.0986,35.5527,11.4209,27.1284,35.8726
198.0,401.0,11.4848,40.2474,98.5842,229.6984,0.0217,0.0001,99.808,205.8952,49.0881,-16.0875,0.0,0.0001,2.3533,0.0016,6.0949,35.5566,11.4332,27.1291,35.8728
199.0,403.0,11.4821,40.2452,98.6886,230.6846,0.0283,0.0001,99.8034,205.8952,49.0881,-16.0875,0.0,0.0001,2.3598,0.0023,6.0918,35.5562,11.4303,27.1294,35.8732
200.0,405.0,11.5192,40.2919,98.68,231.5074,0.0281,0.0001,99.8049,205.8953,49.0881,-16.0875,0.0,0.0001,2.3649,0.0028,6.0911,35.5657,11.467,27.1299,35.8721
201.0,407.0,11.5219,40.2966,98.7025,231.7874,0.0219,0.0001,99.8058,205.8953,49.0881,-16.0875,0.0,0.0001,2.368,0.0021,6.0887,35.567,11.4694,27.1305,35.8725
202.0,409.0,11.5371,40.3171,84.395,233.0815,0.0242,0.0001,99.7805,205.8953,49.0881,-16.0875,0.0,0.0001,2.377,0.0031,6.0885,35.5718,11.4843,27.1314,35.8728
203.0,411.0,11.5444,40.3275,93.0996,233.1866,0.0267,0.0001,99.7456,205.8954,49.0881,-16.0875,0.0,0.0001,2.382,0.0015,6.0859,35.5741,11.4913,27.1319,35.873
204.0,413.0,11.5599,40.3485,98.71,234.603,0.0274,0.0001,99.7607,205.8954,49.0881,-16.0875,0.0,0.0001,2.3883,0.0031,6.086,35.579,11.5064,27.1329,35.8733
205.0,415.0,11.5639,40.3548,98.7053,234.5649,0.0217,0.0001,99.7504,205.8954,49.088,-16.0875,0.0,0.0001,2.3923,0.0014,6.0879,35.5808,11.5102,27.1335,35.8737
206.0,417.0,11.5572,40.3477,84.9872,234.6493,0.0227,0.0001,99.7535,205.8954,49.088,-16.0875,0.0,0.0001,2.3932,0.0008,6.0896,35.5792,11.5033,27.1336,35.8741
207.0,419.0,11.5185,40.3025,98.6933,234.1245,0.0264,0.0001,99.7267,205.8955,49.088,-16.0875,0.0,0.0001,2.3908,-0.001,6.0974,35.5708,11.4644,27.1344,35.8766
208.0,421.0,11.4757,40.2527,98.69,230.1813,0.0231,0.0001,99.7585,205.8955,49.088,-16.0875,0.0,0.0001,2.3714,-0.0084,6.1251,35.5619,11.4215,27.1354,35.8795
209.0,423.0,11.303,40.0419,98.6874,223.0086,0.0236,0.0001,99.8029,205.8955,49.088,-16.0875,0.0,0.0001,2.3323,-0.0167,6.1297,35.5179,11.249,27.1333,35.8849
210.0,425.0,11.2367,39.9708,80.8742,222.1521,0.0204,0.0001,99.8167,205.8955,49.088,-16.0875,0.0,0.0001,2.3114,-0.0103,6.1232,35.5101,11.1827,27.1394,35.8938
211.0,427.0,11.2356,39.9696,96.7967,225.4698,0.0211,0.0001,99.8055,205.8956,49.088,-16.0875,0.0,0.0001,2.3092,-0.0008,6.1355,35.5092,11.1813,27.139,35.8935
212.0,429.0,11.212,39.9416,98.686,222.0001,0.021,0.0001,99.7866,205.8956,49.088,-16.0875,0.0,0.0001,2.2953,-0.0066,6.14,35.5033,11.1576,27.1388,35.8943
213.0,431.0,11.1825,39.9088,98.6919,221.4448,0.0247,0.0001,99.8242,205.8956,49.088,-16.0875,0.0,0.0001,2.2853,-0.0048,6.1407,35.4983,11.128,27.1403,35.8971
214.0,433.0,11.1665,39.8921,98.2562,221.2572,0.0222,0.0001,99.8179,205.8957,49.088,-16.0875,0.0,0.0001,2.2782,-0.0027,6.1404,35.496,11.1117,27.1415,35.899
215.0,435.0,11.1671,39.8935,98.8441,221.5365,0.0214,0.0001,99.7415,205.8957,49.088,-16.0875,0.0,0.0001,2.2756,-0.0009,6.1393,35.4959,11.1121,27.1414,35.8989
216.0,437.0,11.1746,39.9053,92.4778,221.3268,0.0191,0.0001,99.8096,205.8957,49.088,-16.0875,0.0,0.0001,2.273,-0.0009,6.1393,35.4996,11.1193,27.143,35.9001
217.0,439.0,11.1763,39.9086,98.68,221.4178,0.0189,0.0001,99.8047,205.8957,49.088,-16.0875,0.0,0.0001,2.2723,-0.0002,6.136,35.5003,11.1207,27.1432,35.9003
218.0,441.0,11.1934,39.9319,98.6886,222.4012,0.0188,0.0001,99.778,205.8958,49.088,-16.0875,0.0,0.0001,2.2755,0.0014,6.136,35.5062,11.1374,27.1447,35.9011
219.0,443.0,11.2065,39.9502,98.68,222.9704,0.0178,0.0001,99.8112,205.8958,49.088,-16.0875,0.0,0.0001,2.2787,0.0016,6.1363,35.511,11.1503,27.1461,35.9018
220.0,445.0,11.1956,39.939,98.6933,222.7624,0.0175,0.0001,99.7887,205.8958,49.088,-16.0875,0.0,0.0001,2.2797,0.0006,6.1362,35.5094,11.1392,27.1469,35.9031
221.0,447.0,11.1985,39.943,98.6931,222.8091,0.019,0.0001,99.7987,205.8958,49.088,-16.0875,0.0,0.0001,2.2794,0.0001,6.1377,35.5097,11.1418,27.1467,35.9027
222.0,449.0,11.1783,39.9225,98.6978,222.2697,0.0174,0.0001,99.802,205.8959,49.088,-16.0875,0.0,0.0001,2.2784,-0.0011,6.14,35.5077,11.1214,27.1489,35.9058
223.0,451.0,11.1707,39.9143,85.7303,221.5191,0.0203,0.0001,99.7775,205.8959,49.088,-16.0875,0.0,0.0001,2.274,-0.0018,6.1381,35.5062,11.1136,27.1491,35.9064
224.0,453.0,11.1778,39.9278,97.9489,221.3517,0.0223,0.0001,99.8098,205.8959,49.088,-16.0875,0.0,0.0001,2.2712,-0.0014,6.1379,35.5117,11.1204,27.1522,35.9091
225.0,455.0,11.1935,39.9461,96.9142,222.4474,0.0265,0.0001,99.7929,205.896,49.0879,-16.0875,0.0,0.0001,2.2752,0.0014,6.127,35.5139,11.1358,27.151,35.9073
226.0,457.0,11.2744,40.0533,98.6853,228.5051,0.0241,0.0001,99.7824,205.896,49.0879,-16.0875,0.0,0.0001,2.2977,0.0112,6.1249,35.5418,11.2161,27.1579,35.9106
227.0,459.0,11.3201,40.1084,75.2687,231.1526,0.0257,0.0001,99.7618,205.896,49.0879,-16.0875,0.0,0.0001,2.3099,0.0148,6.122,35.5517,11.2615,27.1573,35.9079
228.0,461.0,11.3164,40.1049,98.6878,228.5355,0.0203,0.0001,99.7611,205.896,49.0879,-16.0875,0.0,0.0001,2.3167,0.0044,6.12,35.5508,11.2575,27.1573,35.9082
229.0,463.0,11.2993,40.0832,98.6971,229.42,0.0207,0.0001,99.7568,205.8961,49.0879,-16.0875,0.0,0.0001,2.3268,0.0034,6.1148,35.5451,11.2402,27.1561,35.9077
230.0,465.0,11.3456,40.1468,98.6907,231.6911,0.0167,0.0001,99.7824,205.8961,49.0879,-16.0875,0.0,0.0001,2.3392,0.0052,6.1156,35.5626,11.2861,27.1612,35.9107
231.0,467.0,11.3488,40.1516,98.6911,233.5671,0.0207,0.0001,99.7756,205.8961,49.0879,-16.0875,0.0,0.0001,2.3499,0.007,6.1159,35.5634,11.289,27.1613,35.9107
232.0,469.0,11.3272,40.1287,89.8548,231.9436,0.0224,0.0001,99.7591,205.8962,49.0879,-16.0875,0.0,0.0001,2.3521,0.0005,6.1197,35.5606,11.2671,27.1632,35.9134
233.0,471.0,11.3166,40.1146,98.6096,232.962,0.023,0.0001,99.7418,205.8962,49.0879,-16.0875,0.0,0.0001,2.3553,0.0016,6.1265,35.556,11.2564,27.1615,35.9123
234.0,473.0,11.2619,40.0563,98.695,234.9049,0.0203,0.0001,99.7752,205.8962,49.0879,-16.0875,0.0,0.0001,2.3639,0.0038,6.129,35.5497,11.2016,27.1668,35.9199
235.0,475.0,11.2463,40.0385,98.695,234.5075,0.0212,0.0001,99.7824,205.8962,49.0879,-16.0875,0.0,0.0001,2.3672,0.0013,6.129,35.5462,11.1858,27.167,35.9208
236.0,477.0,11.2405,40.0327,78.9742,234.4766,0.0205,0.0001,99.7814,205.8963,49.0879,-16.0875,0.0,0.0001,2.3679,0.0007,6.128,35.5452,11.1798,27.1673,35.9214
237.0,479.0,11.2476,40.0414,96.3094,234.4874,0.0231,0.0001,99.7278,205.8963,49.0879,-16.0875,0.0,0.0001,2.3681,0.0,6.1321,35.5461,11.1866,27.1668,35.9205
238.0,481.0,11.2223,40.0122,98.7025,234.4344,0.0228,0.0001,99.7419,205.8963,49.0879,-16.0875,0.0,0.0001,2.368,-0.0004,6.1324,35.5407,11.1612,27.1672,35.9221
239.0,483.0,11.2087,39.9985,98.3506,234.7113,0.0231,0.0001,99.7634,205.8963,49.0879,-16.0875,0.0,0.0001,2.3682,0.0002,6.1334,35.5392,11.1474,27.1686,35.924
240.0,485.0,11.2026,39.9915,98.6991,235.0185,0.0258,0.0001,99.7535,205.8964,49.0879,-16.0874,0.0,0.0001,2.3687,0.0002,6.1372,35.5373,11.141,27.1683,35.924
241.0,487.0,11.1762,39.9627,98.697,234.1264,0.0228,0.0001,99.7758,205.8964,49.0879,-16.0874,0.0,0.0001,2.3675,-0.0016,6.1369,35.5331,11.1144,27.1699,35.9268
242.0,489.0,11.1904,39.9814,83.6194,234.3689,0.0225,0.0001,99.7666,205.8964,49.0879,-16.0874,0.0,0.0001,2.3657,-0.0004,6.1336,35.537,11.1283,27.1704,35.9267
243.0,491.0,11.1969,39.9907,95.218,232.4606,0.0206,0.0001,99.7195,205.8965,49.0879,-16.0874,0.0,0.0001,2.3575,-0.0034,6.1347,35.5392,11.1345,27.171,35.9269
244.0,493.0,11.2032,40.0013,98.686,231.9556,0.0208,0.0001,99.7543,205.8965,49.0879,-16.0874,0.0,0.0001,2.3501,-0.0028,6.1391,35.5427,11.1404,27.1726,35.9283
245.0,495.0,11.1719,39.9653,98.7056,231.4077,0.0224,0.0001,99.7634,205.8965,49.0879,-16.0874,0.0,0.0001,2.3452,-0.0027,6.1406,35.5362,11.1091,27.1733,35.9304
246.0,497.0,11.1625,39.9554,83.4983,229.7779,0.0237,0.0001,99.7719,205.8965,49.0879,-16.0874,0.0,0.0001,2.3361,-0.0044,6.1394,35.5346,11.0994,27.1738,35.9313
247.0,499.0,11.1458,39.9371,98.7417,230.3078,0.0216,0.0001,99.7483,205.8966,49.0879,-16.0874,0.0,0.0001,2.3314,-0.0016,6.1451,35.5316,11.0825,27.1746,35.9328
248.0,501.0,11.1275,39.9156,98.694,230.0042,0.0188,0.0001,99.7572,205.8966,49.0879,-16.0874,0.0,0.0001,2.3276,-0.0017,6.1492,35.5269,11.0641,27.1744,35.9333
249.0,503.0,11.1084,39.8954,98.6929,230.3466,0.0211,0.0001,99.7535,205.8966,49.0879,-16.0874,0.0,0.0001,2.326,-0.0004,6.1514,35.5244,11.0447,27.1759,35.9357
250.0,505.0,11.0819,39.8651,98.6921,230.1905,0.0193,0.0001,99.7674,205.8966,49.0879,-16.0874,0.0,0.0001,2.3245,-0.0006,6.1519,35.5187,11.0181,27.1764,35.9374
251.0,507.0,11.0749,39.8584,86.0857,229.2399,0.0219,0.0001,99.7267,205.8967,49.0879,-16.0874,0.0,0.0001,2.3193,-0.002,6.1546,35.5178,11.0108,27.177,35.9383
252.0,509.0,11.057,39.8392,96.6082,228.3692,0.0231,0.0001,99.7213,205.8967,49.0879,-16.0874,0.0,0.0001,2.3128,-0.0025,6.1584,35.5151,10.9928,27.1782,35.9402
253.0,511.0,11.0439,39.8241,98.6957,227.9537,0.0189,0.0001,99.7824,205.8967,49.0878,-16.0874,0.0,0.0001,2.3084,-0.0024,6.1589,35.5119,10.9795,27.1781,35.9408
254.0,513.0,11.0217,39.8005,98.7007,229.6338,0.0194,0.0001,99.7824,205.8968,49.0878,-16.0874,0.0,0.0001,2.3113,0.0016,6.1575,35.5088,10.9571,27.1798,35.9434
255.0,515.0,11.032,39.8138,87.1796,228.8817,0.0231,0.0001,99.7311,205.8968,49.0878,-16.0874,0.0,0.0001,2.3096,-0.0009,6.1637,35.5112,10.9671,27.1798,35.943
256.0,517.0,10.9959,39.7721,93.4289,227.466,0.023,0.0001,99.7575,205.8968,49.0878,-16.0874,0.0,0.0001,2.3022,-0.0029,6.1675,35.5034,10.9308,27.1804,35.9451
257.0,519.0,10.9715,39.7467,98.6907,226.3453,0.0233,0.0001,99.7824,205.8968,49.0878,-16.0874,0.0,0.0001,2.2965,-0.0039,6.164,35.5008,10.9063,27.1828,35.9486
258.0,521.0,10.9611,39.7367,98.6864,226.9474,0.0255,0.0001,99.7618,205.8969,49.0878,-16.0874,0.0,0.0001,2.2943,-0.0014,6.1667,35.4999,10.8957,27.184,35.9503
259.0,523.0,10.9743,39.7523,98.6904,227.3348,0.0314,0.0001,99.7267,205.8969,49.0878,-16.0874,0.0,0.0001,2.2931,-0.0007,6.1715,35.5021,10.9086,27.1833,35.949
260.0,525.0,10.9381,39.7137,98.71,225.5543,0.0233,0.0001,99.7535,205.8969,49.0878,-16.0874,0.0,0.0001,2.2857,-0.0033,6.1708,35.4974,10.8723,27.1863,35.9536
261.0,527.0,10.9247,39.6999,98.68,225.8426,0.0222,0.0001,99.7728,205.8969,49.0878,-16.0874,0.0,0.0001,2.2836,-0.0018,6.172,35.4956,10.8587,27.1874,35.9552
262.0,529.0,10.9297,39.7062,98.691,225.9717,0.0223,0.0001,99.7314,205.897,49.0878,-16.0874,0.0,0.0001,2.281,-0.0011,6.1767,35.4964,10.8634,27.1872,35.9548
263.0,531.0,10.8926,39.6677,82.2304,224.7314,0.0204,0.0001,99.7357,205.897,49.0878,-16.0874,0.0,0.0001,2.2733,-0.0024,6.1794,35.4927,10.8261,27.191,35.9602
264.0,533.0,10.8829,39.6584,98.6926,225.5184,0.0221,0.0001,99.7659,205.897,49.0878,-16.0874,0.0,0.0001,2.2726,-0.0003,6.1816,35.4919,10.8162,27.1921,35.9617
265.0,535.0,10.8732,39.6498,95.0563,226.269,0.0244,0.0001,99.7786,205.8971,49.0878,-16.0874,0.0,0.0001,2.2746,0.0013,6.179,35.4918,10.8064,27.1939,35.9639
266.0,537.0,10.8642,39.6408,98.6986,226.0823,0.0242,0.0001,99.7487,205.8971,49.0878,-16.0874,0.0,0.0001,2.2752,0.0,6.1841,35.4905,10.797,27.1945,35.9649
267.0,539.0,10.8622,39.6391,87.1972,225.8211,0.0218,0.0001,99.7397,205.8971,49.0878,-16.0874,0.0,0.0001,2.2735,-0.0007,6.188,35.4899,10.7949,27.1944,35.965
268.0,541.0,10.8199,39.5938,98.6937,226.3561,0.0174,0.0001,99.7824,205.8972,49.0878,-16.0873,0.0,0.0001,2.2735,0.0004,6.1898,35.4844,10.7525,27.1978,35.9701
269.0,543.0,10.804,39.5769,98.68,225.5568,0.0189,0.0001,99.7672,205.8972,49.0878,-16.0873,0.0,0.0001,2.2716,-0.0012,6.1901,35.4819,10.7364,27.1987,35.9718
270.0,545.0,10.7918,39.564,98.686,225.1637,0.0194,0.0001,99.7421,205.8972,49.0878,-16.0873,0.0,0.0001,2.2683,-0.0013,6.1909,35.4799,10.724,27.1994,35.973
271.0,547.0,10.7905,39.5653,98.6393,226.2739,0.0224,0.0001,99.7359,205.8972,49.0878,-16.0873,0.0,0.0001,2.2695,0.0011,6.1917,35.4816,10.7224,27.201,35.9746
272.0,549.0,10.7927,39.5724,66.2233,227.0526,0.0206,0.0001,99.7761,205.8973,49.0878,-16.0873,0.0,0.0001,2.2735,0.0018,6.1919,35.4857,10.7244,27.2039,35.9773
273.0,551.0,10.784,39.5626,98.6773,226.7894,0.0183,0.0001,99.7752,205.8973,49.0878,-16.0873,0.0,0.0001,2.2741,0.0006,6.1911,35.4835,10.7155,27.2038,35.9776
274.0,553.0,10.791,39.5731,98.7004,227.6344,0.0184,0.0001,99.7409,205.8973,49.0878,-16.0873,0.0,0.0001,2.2775,0.0014,6.1935,35.4863,10.7221,27.2047,35.9783
275.0,555.0,10.7743,39.5558,98.6912,228.1204,0.0215,0.0001,99.7824,205.8973,49.0878,-16.0873,0.0,0.0001,2.2814,0.0014,6.1938,35.4842,10.7052,27.2061,35.9804
276.0,557.0,10.7695,39.5525,79.8854,228.0556,0.0226,0.0001,99.7265,205.8974,49.0878,-16.0873,0.0,0.0001,2.2826,0.0005,6.1934,35.4846,10.7002,27.2073,35.9818
277.0,559.0,10.776,39.5627,97.6938,229.2447,0.022,0.0001,99.7788,205.8974,49.0878,-16.0873,0.0,0.0001,2.2857,0.002,6.1952,35.4876,10.7064,27.2086,35.9828
278.0,561.0,10.7613,39.5466,94.4969,228.5088,0.0202,0.0001,99.7594,205.8974,49.0878,-16.0873,0.0,0.0001,2.2857,-0.0002,6.1974,35.4848,10.6916,27.2091,35.9839
279.0,563.0,10.7494,39.5339,98.4738,227.1344,0.0223,0.0001,99.7698,205.8975,49.0878,-16.0873,0.0,0.0001,2.2808,-0.0024,6.1986,35.4828,10.6794,27.2096,35.985
280.0,565.0,10.7311,39.5147,98.695,226.8056,0.0203,0.0001,99.7559,205.8975,49.0878,-16.0873,0.0,0.0001,2.276,-0.0017,6.1995,35.4803,10.6609,27.211,35.9872
281.0,567.0,10.7293,39.5146,98.6921,227.6224,0.0216,0.0001,99.7757,205.8975,49.0877,-16.0873,0.0,0.0001,2.276,0.0002,6.2011,35.4811,10.6589,27.212,35.9882
282.0,569.0,10.7238,39.5101,98.6931,228.0858,0.0205,0.0001,99.7824,205.8975,49.0877,-16.0873,0.0,0.0001,2.2772,0.0008,6.2009,35.4809,10.6532,27.2129,35.9894
283.0,571.0,10.7107,39.4967,82.9597,227.4609,0.0195,0.0001,99.7755,205.8976,49.0877,-16.0873,0.0,0.0001,2.2755,-0.0007,6.2041,35.4793,10.6398,27.2141,35.9911
284.0,573.0,10.7077,39.4938,93.5425,226.2008,0.0198,0.0001,99.7659,205.8976,49.0877,-16.0873,0.0,0.0001,2.269,-0.0026,6.2093,35.4786,10.6367,27.214,35.9912
285.0,575.0,10.6683,39.4506,98.69,225.0895,0.0182,0.0001,99.7824,205.8976,49.0877,-16.0872,0.0,0.0001,2.2625,-0.0035,6.2111,35.4722,10.5971,27.2161,35.995
286.0,577.0,10.6505,39.432,98.6883,225.0857,0.0197,0.0001,99.7824,205.8976,49.0877,-16.0872,0.0,0.0001,2.2584,-0.002,6.2091,35.4698,10.5792,27.2175,35.9972
287.0,579.0,10.6483,39.4298,92.7737,225.4128,0.0217,0.0001,99.771,205.8977,49.0877,-16.0872,0.0,0.0001,2.2555,-0.0008,6.2132,35.4689,10.5767,27.2172,35.997
288.0,581.0,10.6473,39.4288,98.6835,223.8788,0.0212,0.0001,99.7584,205.8977,49.0877,-16.0872,0.0,0.0001,2.2482,-0.0031,6.2177,35.4681,10.5755,27.2168,35.9967
289.0,583.0,10.6065,39.3859,98.68,223.3752,0.0205,0.0001,99.7824,205.8977,49.0877,-16.0872,0.0,0.0001,2.2446,-0.003,6.2146,35.4635,10.5347,27.2204,36.0021
290.0,585.0,10.5965,39.3754,98.6882,223.8501,0.0211,0.0001,99.7646,205.8978,49.0877,-16.0872,0.0,0.0001,2.242,-0.0011,6.2191,35.4615,10.5244,27.2207,36.0028
291.0,587.0,10.5937,39.373,81.4772,222.8526,0.0208,0.0001,99.7529,205.8978,49.0877,-16.0872,0.0,0.0001,2.2357,-0.0022,6.2211,35.4609,10.5214,27.2208,36.003
292.0,589.0,10.5767,39.3568,94.1619,222.7981,0.024,0.0001,99.8071,205.8978,49.0877,-16.0872,0.0,0.0001,2.2332,-0.0014,6.2212,35.4603,10.5042,27.2234,36.0063
293.0,591.0,10.5753,39.3561,98.6817,223.2785,0.023,0.0001,99.7955,205.8978,49.0877,-16.0872,0.0,0.0001,2.2332,-0.0002,6.2211,35.4601,10.5026,27.2235,36.0065
294.0,593.0,10.5691,39.3498,98.6847,222.8452,0.0177,0.0001,99.7612,205.8979,49.0877,-16.0872,0.0,0.0001,2.2305,-0.0008,6.2219,35.4588,10.4961,27.2236,36.0069
295.0,595.0,10.5696,39.3526,70.4787,222.9966,0.016,0.0001,99.7719,205.8979,49.0877,-16.0872,0.0,0.0001,2.2295,-0.0002,6.2239,35.4603,10.4964,27.2248,36.008
296.0,597.0,10.5584,39.3419,98.6825,222.8126,0.022,0.0001,99.7903,205.8979,49.0877,-16.0872,0.0,0.0001,2.2283,-0.0005,6.2233,35.4593,10.4849,27.2261,36.0098
297.0,599.0,10.5509,39.3351,95.0216,222.1902,0.0205,0.0001,99.7772,205.898,49.0877,-16.0872,0.0,0.0001,2.2244,-0.0015,6.2276,35.4589,10.4772,27.2271,36.0111
298.0,601.0,10.5408,39.3242,98.68,221.8345,0.0228,0.0001,99.7651,205.898,49.0877,-16.0871,0.0,0.0001,2.2209,-0.0014,6.2299,35.4569,10.467,27.2274,36.0119
299.0,603.0,10.5142,39.2966,98.68,221.3203,0.0255,0.0001,99.7738,205.898,49.0877,-16.0871,0.0,0.0001,2.2169,-0.0018,6.2317,35.4539,10.4402,27.2298,36.0154
300.0,605.0,10.4992,39.2821,98.688,220.7252,0.0201,0.0001,99.7947,205.8981,49.0877,-16.0871,0.0,0.0001,2.2118,-0.0018,6.2329,35.4528,10.4249,27.2316,36.0179
301.0,607.0,10.495,39.2785,98.6842,220.6599,0.0193,0.0001,99.7745,205.8981,49.0877,-16.0871,0.0,0.0001,2.2093,-0.0013,6.2353,35.4525,10.4206,27.2321,36.0186
302.0,609.0,10.4761,39.2601,98.68,219.5053,0.0212,0.0001,99.7763,205.8981,49.0877,-16.0871,0.0,0.0001,2.2027,-0.0026,6.2367,35.4514,10.4015,27.2346,36.022
303.0,611.0,10.4582,39.2423,88.8369,218.8169,0.0207,0.0001,99.7912,205.8981,49.0877,-16.0871,0.0,0.0001,2.1954,-0.0023,6.2385,35.4497,10.3834,27.2365,36.0246
304.0,613.0,10.4512,39.2359,98.6647,218.6427,0.0195,0.0001,99.7655,205.8982,49.0877,-16.0871,0.0,0.0001,2.1914,-0.0016,6.2404,35.4493,10.3762,27.2374,36.0258
305.0,615.0,10.4458,39.2306,98.7228,218.0637,0.0222,0.0001,99.7877,205.8982,49.0877,-16.0871,0.0,0.0001,2.1879,-0.0019,6.2403,35.4484,10.3706,27.2377,36.0264
306.0,617.0,10.4233,39.2114,98.68,217.1761,0.0213,0.0001,99.7848,205.8982,49.0877,-16.0871,0.0,0.0001,2.1812,-0.0025,6.2431,35.4497,10.3479,27.2427,36.0323
307.0,619.0,10.4296,39.2162,90.3833,215.5511,0.0213,0.0001,99.7509,205.8983,49.0877,-16.0871,0.0,0.0001,2.1711,-0.0038,6.247,35.4477,10.354,27.2401,36.0294
308.0,621.0,10.3888,39.1751,98.6887,214.7644,0.0221,0.0001,99.7824,205.8983,49.0876,-16.0871,0.0,0.0001,2.1625,-0.0032,6.2487,35.4447,10.313,27.245,36.0361
309.0,623.0,10.3828,39.1691,98.68,214.6589,0.0193,0.0001,99.7853,205.8983,49.0876,-16.0871,0.0,0.0001,2.158,-0.0024,6.2535,35.4438,10.3068,27.2453,36.0367
310.0,625.0,10.3599,39.1436,98.68,214.6713,0.0195,0.0001,99.787,205.8983,49.0876,-16.0871,0.0,0.0001,2.1552,-0.0016,6.2554,35.4394,10.2838,27.2459,36.0383
311.0,627.0,10.3302,39.1119,96.5741,214.5661,0.0199,0.0001,99.7862,205.8984,49.0876,-16.0871,0.0,0.0001,2.1522,-0.0012,6.259,35.4352,10.2541,27.2479,36.0416
312.0,629.0,10.3035,39.0862,86.6738,212.5137,0.0203,0.0001,99.7824,205.8984,49.0876,-16.087,0.0,0.0001,2.1425,-0.0036,6.2588,35.434,10.2272,27.2516,36.0465
313.0,631.0,10.2964,39.0802,98.6367,213.1477,0.0197,0.0001,99.764,205.8984,49.0876,-16.087,0.0,0.0001,2.139,-0.0009,6.2605,35.4338,10.2198,27.2528,36.0479
314.0,633.0,10.3022,39.0868,98.68,212.2934,0.0221,0.0001,99.7712,205.8985,49.0876,-16.087,0.0,0.0001,2.1341,-0.0021,6.265,35.4343,10.2253,27.2522,36.0471
315.0,635.0,10.2791,39.0644,98.68,210.3587,0.0252,0.0001,99.7824,205.8985,49.0876,-16.087,0.0,0.0001,2.1259,-0.0044,6.2637,35.4331,10.2022,27.2553,36.0512
316.0,637.0,10.2417,39.0267,83.3087,210.5948,0.0235,0.0001,99.7449,205.8985,49.0876,-16.087,0.0,0.0001,2.1207,-0.0023,6.2675,35.4302,10.1646,27.2595,36.057
317.0,639.0,10.2489,39.0347,98.7055,209.0439,0.0209,0.0001,99.7618,205.8985,49.0876,-16.087,0.0,0.0001,2.1119,-0.0034,6.263,35.4305,10.1716,27.2586,36.0558
318.0,641.0,10.2517,39.0463,98.68,208.6938,0.019,0.0001,99.7824,205.8986,49.0876,-16.087,0.0,0.0001,2.1069,-0.0024,6.258,35.4388,10.1741,27.2646,36.0616
319.0,643.0,10.3035,39.1075,98.68,208.6682,0.0196,0.0001,99.7824,205.8986,49.0876,-16.087,0.0,0.0001,2.1039,-0.0016,6.2617,35.4495,10.2254,27.264,36.0587
320.0,645.0,10.3068,39.1124,90.4314,207.9427,0.0237,0.0001,99.7067,205.8986,49.0876,-16.087,0.0,0.0001,2.0994,-0.0019,6.2586,35.4504,10.2284,27.2642,36.0588
321.0,647.0,10.2949,39.1039,98.68,203.6108,0.0194,0.0001,99.7535,205.8987,49.0876,-16.087,0.0,0.0001,2.0815,-0.0076,6.2606,35.4524,10.2163,27.2679,36.0629
322.0,649.0,10.2913,39.1054,98.68,204.3314,0.0214,0.0001,99.7618,205.8987,49.0876,-16.087,0.0,0.0001,2.0746,-0.0034,6.2617,35.4563,10.2124,27.2716,36.0668
323.0,651.0,10.2779,39.0876,98.6822,205.7185,0.0207,0.0001,99.7478,205.8987,49.0876,-16.087,0.0,0.0001,2.0741,-0.0002,6.2684,35.4505,10.1989,27.2695,36.0652
324.0,653.0,10.2476,39.0529,74.9666,206.3828,0.0229,0.0001,99.7502,205.8987,49.0876,-16.087,0.0,0.0001,2.0755,0.0008,6.27,35.4441,10.1685,27.2697,36.0669
325.0,655.0,10.2228,39.0257,98.68,206.8194,0.023,0.0001,99.7535,205.8988,49.0876,-16.087,0.0,0.0001,2.0772,0.001,6.2727,35.4395,10.1436,27.2705,36.0687
326.0,657.0,10.2115,39.0135,95.4728,206.7071,0.0221,0.0001,99.7394,205.8988,49.0876,-16.087,0.0,0.0001,2.0768,-0.0001,6.2803,35.4373,10.132,27.2708,36.0696
327.0,659.0,10.1469,38.942,76.3325,206.3472,0.0219,0.0001,99.697,205.8988,49.0876,-16.087,0.0,0.0001,2.0753,-0.0008,6.2849,35.4266,10.0675,27.2736,36.0752
328.0,661.0,10.1254,38.9189,87.1802,206.1334,0.0192,0.0001,99.739,205.8989,49.0876,-16.0869,0.0,0.0001,2.0736,-0.0007,6.283,35.423,10.0459,27.2746,36.0772
329.0,663.0,10.1122,38.9059,98.68,206.3214,0.0207,0.0001,99.7535,205.8989,49.0875,-16.0869,0.0,0.0001,2.0731,-0.0003,6.2852,35.4217,10.0325,27.2758,36.079
330.0,665.0,10.1231,38.9184,98.68,206.2708,0.0207,0.0001,99.7036,205.8989,49.0876,-16.0869,0.0,0.0001,2.0708,-0.0004,6.2873,35.4232,10.0431,27.2751,36.0779
331.0,667.0,10.1038,38.8992,98.68,205.9227,0.0195,0.0001,99.739,205.8989,49.0875,-16.0869,0.0,0.0001,2.0702,-0.0008,6.2873,35.4213,10.0236,27.277,36.0806
332.0,669.0,10.0926,38.8901,86.0741,205.3587,0.0209,0.0001,99.7002,205.899,49.0875,-16.0869,0.0,0.0001,2.067,-0.0015,6.2886,35.4221,10.0123,27.2796,36.0837
333.0,671.0,10.0908,38.8916,98.68,203.2025,0.0204,0.0001,99.6069,205.899,49.0875,-16.0869,0.0,0.0001,2.0578,-0.0041,6.29,35.4245,10.0103,27.2819,36.086
334.0,673.0,10.0887,38.8912,98.68,202.1141,0.0194,0.0001,99.7313,205.899,49.0875,-16.0869,0.0,0.0001,2.0483,-0.0045,6.2968,35.4254,10.0079,27.2829,36.0871
335.0,675.0,10.055,38.8534,98.68,202.2288,0.0214,0.0001,99.7246,205.899,49.0875,-16.0869,0.0,0.0001,2.0439,-0.0024,6.2929,35.4188,9.9742,27.2836,36.0893
336.0,677.0,10.031,38.8284,89.1182,202.6303,0.0233,0.0001,99.7113,205.8991,49.0875,-16.0869,0.0,0.0001,2.0419,-0.0009,6.2955,35.4158,9.9499,27.2854,36.0921
337.0,679.0,10.0598,38.8664,91.3874,199.9641,0.0233,0.0001,99.7193,205.8991,49.0875,-16.0869,0.0,0.0001,2.0301,-0.0048,6.3044,35.4255,9.9784,27.2881,36.0936
338.0,681.0,9.9995,38.7989,96.7417,200.1509,0.0228,0.0001,99.7284,205.8991,49.0875,-16.0869,0.0,0.0001,2.0253,-0.0026,6.306,35.4146,9.9181,27.2899,36.098
339.0,683.0,9.9714,38.7699,98.68,199.7737,0.0191,0.0001,99.7286,205.8992,49.0875,-16.0869,0.0,0.0001,2.0208,-0.002,6.3005,35.4115,9.8899,27.2923,36.1017
340.0,685.0,9.9799,38.7805,95.4034,200.2924,0.0228,0.0002,99.5889,205.8992,49.0875,-16.0869,0.0,0.0001,2.019,-0.0009,6.3118,35.4132,9.8981,27.2922,36.1012
341.0,687.0,9.9387,38.7348,98.68,198.637,0.0263,0.0001,99.7013,205.8992,49.0875,-16.0869,0.0,0.0001,2.0113,-0.003,6.3142,35.4058,9.8569,27.2935,36.1043
342.0,689.0,9.913,38.7077,98.68,198.5486,0.0232,0.0001,99.717,205.8992,49.0875,-16.0869,0.0,0.0001,2.0084,-0.0022,6.3129,35.4023,9.8311,27.2952,36.1072
343.0,691.0,9.9096,38.7062,98.68,198.8044,0.021,0.0001,99.7241,205.8993,49.0875,-16.0869,0.0,0.0001,2.0068,-0.001,6.3137,35.4031,9.8274,27.2964,36.1086
344.0,693.0,9.9188,38.7156,98.68,198.5796,0.0231,0.0001,99.7181,205.8993,49.0875,-16.0869,0.0,0.0001,2.004,-0.0009,6.3138,35.4033,9.8364,27.295,36.1068
345.0,695.0,9.9122,38.7144,76.9765,196.9651,0.0202,0.0001,99.7378,205.8993,49.0875,-16.0869,0.0,0.0001,1.9981,-0.003,6.3135,35.4074,9.8296,27.2994,36.1114
346.0,697.0,9.9013,38.7032,98.68,196.9705,0.0219,0.0001,99.732,205.8994,49.0875,-16.0868,0.0,0.0001,1.9928,-0.0017,6.3184,35.4054,9.8184,27.2998,36.1123
347.0,699.0,9.911,38.7146,85.951,196.2093,0.0219,0.0001,99.7087,205.8994,49.0875,-16.0868,0.0,0.0001,1.9867,-0.0025,6.3266,35.407,9.8279,27.2994,36.1115
348.0,701.0,9.8335,38.6327,82.2111,193.3644,0.0225,0.0001,99.7246,205.8994,49.0875,-16.0868,0.0,0.0001,1.9742,-0.0054,6.3269,35.3978,9.7506,27.3054,36.1208
349.0,703.0,9.8141,38.6176,93.2448,192.0879,0.0242,0.0001,99.7167,205.8994,49.0875,-16.0868,0.0,0.0001,1.9617,-0.0043,6.3157,35.4003,9.731,27.3106,36.1269
350.0,705.0,9.8747,38.6962,98.68,191.8252,0.0186,0.0001,99.7246,205.8995,49.0875,-16.0868,0.0,0.0001,1.9573,-0.0027,6.3101,35.4207,9.791,27.3164,36.1298
351.0,707.0,9.9317,38.7672,98.68,191.3619,0.0188,0.0001,99.7128,205.8995,49.0875,-16.0868,0.0,0.0001,1.9518,-0.002,6.3038,35.4368,9.8475,27.3194,36.1302
352.0,709.0,9.9717,38.8196,98.6271,191.0988,0.0221,0.0001,99.7024,205.8995,49.0875,-16.0868,0.0,0.0001,1.9477,-0.0014,6.3041,35.4504,9.887,27.3232,36.1321
353.0,711.0,9.9563,38.8061,98.68,190.9676,0.0214,0.0001,99.6924,205.8996,49.0874,-16.0868,0.0,0.0001,1.9444,-0.0015,6.3182,35.4504,9.8714,27.326,36.1355
354.0,713.0,9.9197,38.7639,98.68,190.2913,0.0205,0.0001,99.6841,205.8996,49.0874,-16.0868,0.0,0.0001,1.9411,-0.003,6.3414,35.4425,9.8348,27.326,36.1372
355.0,715.0,9.7549,38.5747,91.2552,189.1906,0.0229,0.0001,99.7588,205.8996,49.0874,-16.0868,0.0,0.0001,1.9295,-0.0032,6.3459,35.4089,9.6706,27.3276,36.1463
356.0,717.0,9.6965,38.5082,80.3937,188.9702,0.0264,0.0001,99.6884,205.8996,49.0874,-16.0868,0.0,0.0001,1.9235,-0.0024,6.354,35.3969,9.6123,27.328,36.1494
357.0,719.0,9.6218,38.4268,94.4229,189.0573,0.022,0.0001,99.739,205.8997,49.0874,-16.0868,0.0,0.0001,1.9212,-0.0009,6.3446,35.3855,9.5377,27.3316,36.1564
358.0,721.0,9.6848,38.5067,98.68,188.4639,0.0261,0.0001,99.7505,205.8997,49.0874,-16.0868,0.0,0.0001,1.9182,-0.0013,6.3417,35.4049,9.6001,27.3363,36.1581
359.0,723.0,9.7431,38.5782,98.6729,187.8437,0.0236,0.0001,99.7148,205.8997,49.0874,-16.0868,0.0,0.0001,1.9144,-0.0012,6.332,35.4203,9.6579,27.3387,36.1578
360.0,725.0,9.7499,38.5894,98.68,188.3259,0.0201,0.0001,99.7307,205.8998,49.0874,-16.0868,0.0,0.0001,1.9151,0.0006,6.3167,35.4246,9.6644,27.3409,36.1596
361.0,727.0,9.8556,38.7197,98.68,187.0483,0.0182,0.0001,99.7599,205.8998,49.0874,-16.0868,0.0,0.0001,1.913,-0.0016,6.3154,35.4537,9.7693,27.3459,36.1598
362.0,729.0,9.8883,38.7606,74.0644,186.3187,0.0218,0.0001,99.7305,205.8998,49.0874,-16.0868,0.0,0.0001,1.9074,-0.002,6.3169,35.4625,9.8015,27.3473,36.1597
363.0,731.0,9.8758,38.7509,92.259,185.4999,0.0226,0.0001,99.7246,205.8998,49.0874,-16.0868,0.0,0.0001,1.9018,-0.0023,6.321,35.4639,9.7888,27.3506,36.1635
364.0,733.0,9.8512,38.7244,98.68,185.1431,0.0197,0.0001,99.7646,205.8999,49.0874,-16.0867,0.0,0.0001,1.8957,-0.0019,6.3264,35.4599,9.7641,27.3516,36.1656
365.0,735.0,9.8211,38.6902,98.68,185.3366,0.0163,0.0001,99.7679,205.8999,49.0874,-16.0867,0.0,0.0001,1.8935,-0.0012,6.3324,35.4535,9.734,27.3517,36.1671
366.0,737.0,9.7851,38.6493,76.1698,186.1045,0.0227,0.0001,99.7439,205.8999,49.0874,-16.0867,0.0,0.0001,1.8944,0.0005,6.3311,35.446,9.6979,27.352,36.169
367.0,739.0,9.7434,38.6016,89.5267,186.0687,0.0203,0.0001,99.7279,205.9,49.0874,-16.0867,0.0,0.0001,1.895,-0.0002,6.3372,35.4369,9.6562,27.352,36.1709
368.0,741.0,9.7299,38.5896,98.68,185.9267,0.0226,0.0001,99.7218,205.9,49.0874,-16.0867,0.0,0.0001,1.8936,-0.0004,6.3374,35.437,9.6425,27.3543,36.1738
369.0,743.0,9.7422,38.6085,98.68,185.0979,0.0235,0.0001,99.7659,205.9,49.0874,-16.0867,0.0,0.0001,1.8911,-0.0016,6.3369,35.4434,9.6545,27.3573,36.1762
370.0,745.0,9.7398,38.61,98.68,185.3106,0.0203,0.0001,99.7291,205.9,49.0874,-16.0867,0.0,0.0001,1.8898,-0.0007,6.3355,35.4466,9.6519,27.3602,36.1792
371.0,747.0,9.7463,38.6213,98.68,185.3997,0.0232,0.0001,99.7494,205.9001,49.0874,-16.0867,0.0,0.0001,1.8886,-0.0003,6.3341,35.4509,9.6581,27.3625,36.1812
372.0,749.0,9.7532,38.6342,86.2262,185.435,0.0209,0.0001,99.7362,205.9001,49.0874,-16.0867,0.0,0.0001,1.8889,0.0,6.3299,35.4564,9.6647,27.3657,36.184
373.0,751.0,9.78,38.6707,98.68,185.046,0.0201,0.0001,99.7276,205.9001,49.0873,-16.0867,0.0,0.0001,1.8877,-0.0007,6.3313,35.4666,9.691,27.3692,36.1862
374.0,753.0,9.7861,38.6809,98.68,184.8883,0.0211,0.0001,99.7151,205.9002,49.0874,-16.0867,0.0,0.0001,1.8855,-0.0006,6.3319,35.4701,9.6969,27.371,36.1877
375.0,755.0,9.7718,38.6661,98.68,184.3762,0.0229,0.0001,99.7198,205.9002,49.0873,-16.0867,0.0,0.0001,1.8827,-0.0013,6.3366,35.4683,9.6825,27.372,36.1894
376.0,757.0,9.7436,38.6453,82.9675,183.5949,0.0209,0.0001,99.7342,205.9002,49.0873,-16.0867,0.0,0.0001,1.8788,-0.002,6.3355,35.4737,9.6542,27.3811,36.1995
377.0,759.0,9.7346,38.6408,91.0563,183.7332,0.0215,0.0001,99.7307,205.9002,49.0873,-16.0867,0.0,0.0001,1.876,-0.0009,6.3343,35.4769,9.6449,27.3851,36.204
378.0,761.0,9.747,38.6553,97.9521,184.1983,0.022,0.0001,99.6589,205.9003,49.0873,-16.0867,0.0,0.0001,1.8763,0.0001,6.3343,35.4787,9.657,27.3845,36.2027
379.0,763.0,9.7449,38.6538,98.68,183.6489,0.0197,0.0001,99.7246,205.9003,49.0873,-16.0867,0.0,0.0001,1.8747,-0.0008,6.3341,35.4785,9.6547,27.3847,36.2031
380.0,765.0,9.7442,38.6664,83.8899,182.6068,0.0245,0.0001,99.7322,205.9003,49.0873,-16.0867,0.0,0.0001,1.8718,-0.002,6.3314,35.491,9.6537,27.3947,36.2129
381.0,767.0,9.7566,38.6862,98.68,181.9329,0.0205,0.0001,99.7246,205.9004,49.0873,-16.0866,0.0,0.0001,1.8657,-0.002,6.3288,35.4983,9.6659,27.3983,36.2159
382.0,769.0,9.7782,38.7158,98.68,181.4545,0.0225,0.0001,99.7315,205.9004,49.0873,-16.0866,0.0,0.0001,1.8611,-0.0017,6.3293,35.5066,9.6871,27.4012,36.2178
383.0,771.0,9.7748,38.7146,98.68,181.3775,0.0204,0.0001,99.7158,205.9004,49.0873,-16.0866,0.0,0.0001,1.8576,-0.0012,6.332,35.5079,9.6835,27.4028,36.2195
384.0,773.0,9.7574,38.6984,85.602,181.2249,0.0206,0.0001,99.7246,205.9004,49.0873,-16.0866,0.0,0.0001,1.8555,-0.001,6.3326,35.5075,9.6659,27.4055,36.223
385.0,775.0,9.7494,38.6943,91.1561,181.3194,0.0234,0.0001,99.7246,205.9005,49.0873,-16.0866,0.0,0.0001,1.8547,-0.0004,6.3316,35.5101,9.6577,27.4089,36.2267
386.0,777.0,9.7512,38.6995,95.1742,181.2551,0.0231,0.0001,99.7129,205.9005,49.0873,-16.0866,0.0,0.0001,1.8539,-0.0004,6.3321,35.5128,9.6593,27.4108,36.2285
387.0,779.0,9.7511,38.705,54.494,180.8481,0.0231,0.0001,99.7246,205.9005,49.0873,-16.0866,0.0,0.0001,1.8498,-0.0009,6.3319,35.5176,9.6589,27.4145,36.2322
388.0,781.0,9.7504,38.7073,92.3995,180.6243,0.0252,0.0001,99.7411,205.9005,49.0873,-16.0866,0.0,0.0001,1.8501,-0.0009,6.332,35.5198,9.658,27.4164,36.2341
389.0,783.0,9.7527,38.7108,95.5869,180.8136,0.0226,0.0001,99.7006,205.9006,49.0873,-16.0866,0.0,0.0001,1.8489,-0.0003,6.3311,35.52,9.6599,27.4163,36.2339
390.0,785.0,9.7567,38.7193,98.68,180.2256,0.0198,0.0001,99.7194,205.9006,49.0873,-16.0866,0.0,0.0001,1.8468,-0.0011,6.3313,35.524,9.6636,27.4188,36.2361
391.0,787.0,9.7562,38.7246,98.68,180.4129,0.0201,0.0001,99.713,205.9006,49.0873,-16.0866,0.0,0.0001,1.8462,-0.0006,6.3311,35.529,9.6629,27.4229,36.2402
392.0,789.0,9.753,38.7227,98.5195,180.6088,0.0221,0.0001,99.7174,205.9007,49.0873,-16.0866,0.0,0.0001,1.8462,-0.0001,6.3309,35.5293,9.6595,27.4236,36.2411
393.0,791.0,9.7595,38.7307,98.68,180.2103,0.0249,0.0001,99.6912,205.9007,49.0873,-16.0866,0.0,0.0001,1.8446,-0.0006,6.3279,35.5304,9.6657,27.4234,36.2406
394.0,793.0,9.7759,38.7591,98.68,179.1292,0.0234,0.0001,99.7233,205.9007,49.0873,-16.0866,0.0,0.0001,1.8402,-0.0019,6.3301,35.5424,9.6818,27.4301,36.2464
395.0,795.0,9.7631,38.7462,69.913,179.6379,0.0224,0.0001,99.7101,205.9008,49.0872,-16.0866,0.0,0.0001,1.8388,-0.0004,6.3307,35.5408,9.6688,27.4311,36.248
396.0,797.0,9.7548,38.7388,96.6445,180.1197,0.0248,0.0001,99.7114,205.9008,49.0872,-16.0866,0.0,0.0001,1.84,0.0004,6.3307,35.5406,9.6604,27.4323,36.2496
397.0,799.0,9.747,38.733,95.6507,179.5952,0.021,0.0001,99.6994,205.9008,49.0872,-16.0866,0.0,0.0001,1.8375,-0.0006,6.3337,35.5413,9.6523,27.4342,36.2518
398.0,801.0,9.7389,38.7255,98.68,179.3724,0.0178,0.0001,99.7246,205.9008,49.0872,-16.0866,0.0,0.0001,1.8365,-0.0008,6.3339,35.541,9.644,27.4354,36.2533
399.0,803.0,9.7296,38.7175,79.2574,179.0803,0.0218,0.0001,99.7203,205.9009,49.0872,-16.0866,0.0,0.0001,1.8339,-0.001,6.3336,35.5409,9.6346,27.4369,36.2553
400.0,805.0,9.7327,38.7233,98.68,179.4876,0.0183,0.0001,99.7082,205.9009,49.0872,-16.0866,0.0,0.0001,1.8339,0.0,6.3348,35.5428,9.6374,27.4379,36.2561
401.0,807.0,9.7222,38.7144,98.68,179.4834,0.018,0.0001,99.7198,205.9009,49.0872,-16.0866,0.0,0.0001,1.8339,-0.0001,6.3356,35.543,9.6267,27.4399,36.2585
402.0,809.0,9.7187,38.7114,98.68,179.3793,0.021,0.0001,99.6707,205.9009,49.0872,-16.0866,0.0,0.0001,1.8339,-0.0003,6.3366,35.5426,9.6229,27.4402,36.259
403.0,811.0,9.7081,38.706,91.2573,179.4987,0.0229,0.0001,99.7077,205.901,49.0872,-16.0866,0.0,0.0001,1.8333,-0.0001,6.336,35.5466,9.6121,27.4452,36.2644
404.0,813.0,9.7152,38.7182,79.6974,179.6263,0.0252,0.0001,99.6921,205.901,49.0872,-16.0866,0.0,0.0001,1.8339,0.0002,6.3357,35.551,9.6189,27.4474,36.2663
405.0,815.0,9.7165,38.7193,97.5166,179.7219,0.0218,0.0001,99.6581,205.901,49.0872,-16.0866,0.0,0.0001,1.8334,0.0,6.3391,35.5501,9.62,27.4466,36.2654
406.0,817.0,9.7067,38.7133,98.68,179.6716,0.0191,0.0001,99.6957,205.9011,49.0872,-16.0866,0.0,0.0001,1.8315,-0.0006,6.3497,35.5526,9.61,27.4502,36.2694
407.0,819.0,9.6586,38.6607,98.68,179.9356,0.0194,0.0001,99.6861,205.9011,49.0872,-16.0865,0.0,0.0001,1.8315,-0.0003,6.3569,35.545,9.562,27.4523,36.2737
408.0,821.0,9.5696,38.5634,80.2215,180.2836,0.0176,0.0001,99.6761,205.9011,49.0872,-16.0865,0.0,0.0001,1.8315,0.0001,6.3639,35.5314,9.4732,27.4566,36.282
409.0,823.0,9.5223,38.509,93.2549,180.6284,0.018,0.0001,99.6447,205.9011,49.0872,-16.0865,0.0,0.0001,1.8324,0.0001,6.3697,35.521,9.4259,27.4564,36.2839
410.0,825.0,9.4906,38.475,98.68,180.1483,0.0196,0.0001,99.6863,205.9012,49.0872,-16.0865,0.0,0.0001,1.8307,-0.001,6.3766,35.5163,9.3942,27.4579,36.2869
411.0,827.0,9.4626,38.4427,98.68,180.2557,0.0208,0.0001,99.6669,205.9012,49.0872,-16.0865,0.0,0.0001,1.8315,-0.0003,6.3692,35.5097,9.3662,27.4574,36.2877
412.0,829.0,9.4438,38.4258,98.68,180.9876,0.0201,0.0001,99.6748,205.9012,49.0872,-16.0865,0.0,0.0001,1.8331,0.0006,6.371,35.5096,9.3472,27.4605,36.2916
413.0,831.0,9.4763,38.4631,98.68,180.992,0.022,0.0001,99.6518,205.9012,49.0872,-16.0865,0.0,0.0001,1.8338,0.0006,6.361,35.5154,9.3793,27.4597,36.2893
414.0,833.0,9.5286,38.5362,98.68,180.1618,0.0217,0.0001,99.6635,205.9013,49.0872,-16.0865,0.0,0.0001,1.832,-0.0012,6.3671,35.5385,9.431,27.4692,36.2963
415.0,835.0,9.5043,38.5122,98.68,179.6838,0.0202,0.0001,99.6896,205.9013,49.0872,-16.0865,0.0,0.0001,1.8284,-0.0016,6.3722,35.5367,9.4066,27.4718,36.3
416.0,837.0,9.4689,38.4737,88.6705,179.9514,0.0175,0.0001,99.6861,205.9013,49.0872,-16.0865,0.0,0.0001,1.8267,-0.0008,6.3771,35.5309,9.3711,27.4732,36.3029
417.0,839.0,9.4258,38.4311,89.7545,180.2019,0.0204,0.0001,99.676,205.9014,49.0872,-16.0865,0.0,0.0001,1.8254,0.0,6.3736,35.5283,9.3281,27.4782,36.3099
418.0,841.0,9.4607,38.4776,95.57,179.5932,0.0212,0.0001,99.6797,205.9014,49.0872,-16.0865,0.0,0.0001,1.8247,-0.0013,6.3805,35.5411,9.3625,27.4826,36.3126
419.0,843.0,9.4192,38.4323,98.68,180.0782,0.0209,0.0001,99.6782,205.9014,49.0872,-16.0865,0.0,0.0001,1.8242,-0.0005,6.3863,35.5344,9.321,27.4842,36.3161
420.0,845.0,9.3731,38.3796,94.6934,180.4781,0.0207,0.0001,99.6669,205.9014,49.0872,-16.0865,0.0,0.0001,1.824,0.0,6.3948,35.5245,9.275,27.4841,36.3181
421.0,847.0,9.3166,38.3139,85.9765,180.4494,0.0233,0.0001,99.6669,205.9015,49.0872,-16.0865,0.0,0.0001,1.8238,0.0,6.3921,35.5114,9.2187,27.4831,36.3198
422.0,849.0,9.3203,38.3223,98.68,180.873,0.0211,0.0001,99.6782,205.9015,49.0872,-16.0865,0.0,0.0001,1.8253,0.0006,6.3879,35.5154,9.222,27.4857,36.3221
423.0,851.0,9.3518,38.3605,98.68,180.678,0.0201,0.0001,99.6681,205.9015,49.0872,-16.0865,0.0,0.0001,1.8254,-0.0003,6.3945,35.5228,9.2531,27.4864,36.3214
424.0,853.0,9.3211,38.3264,98.68,180.0948,0.0182,0.0001,99.6933,205.9016,49.0872,-16.0865,0.0,0.0001,1.8223,-0.0014,6.4068,35.5169,9.2223,27.4868,36.3232
425.0,855.0,9.2384,38.2331,79.2041,180.4535,0.021,0.0001,99.6869,205.9016,49.0871,-16.0865,0.0,0.0001,1.8217,-0.0007,6.4137,35.5009,9.1399,27.4878,36.328
426.0,857.0,9.1831,38.1736,98.68,180.7488,0.0229,0.0001,99.6957,205.9016,49.0871,-16.0865,0.0,0.0001,1.8217,0.0002,6.4075,35.493,9.0848,27.4906,36.3333
427.0,859.0,9.1793,38.1727,94.2712,181.378,0.0192,0.0001,99.6712,205.9016,49.0871,-16.0865,0.0,0.0001,1.8228,0.0006,6.4158,35.4948,9.0807,27.4927,36.3356
428.0,861.0,9.1752,38.1684,82.945,181.3491,0.0185,0.0001,99.6706,205.9017,49.0871,-16.0865,0.0,0.0001,1.8222,0.0,6.421,35.4937,9.0764,27.4925,36.3356
429.0,863.0,9.1364,38.1264,88.0598,181.2278,0.0178,0.0001,99.6885,205.9017,49.0871,-16.0865,0.0,0.0001,1.8218,-0.0002,6.4215,35.4874,9.0377,27.4939,36.3387
430.0,865.0,9.1211,38.1117,98.68,181.5538,0.0206,0.0001,99.6936,205.9017,49.0871,-16.0865,0.0,0.0001,1.8227,0.0002,6.4236,35.4862,9.0221,27.4955,36.341
431.0,867.0,9.1149,38.1064,98.68,181.2935,0.0195,0.0001,99.6813,205.9017,49.0871,-16.0865,0.0,0.0001,1.8217,-0.0007,6.4313,35.4861,9.0158,27.4965,36.3422
432.0,869.0,9.0715,38.0587,98.68,181.9276,0.0211,0.0001,99.6881,205.9018,49.0871,-16.0865,0.0,0.0001,1.8217,0.0001,6.4424,35.4784,8.9724,27.4975,36.3453
433.0,871.0,8.9989,37.9789,98.5328,181.8338,0.0243,0.0001,99.6496,205.9018,49.0871,-16.0865,0.0,0.0001,1.8215,-0.0003,6.4467,35.466,8.9001,27.4994,36.3505
434.0,873.0,8.949,37.9249,98.68,183.139,0.023,0.0001,99.6957,205.9018,49.0871,-16.0865,0.0,0.0001,1.8222,0.0016,6.4503,35.4581,8.8502,27.5012,36.3546
435.0,875.0,8.9366,37.9124,98.68,182.7915,0.0188,0.0001,99.6733,205.9018,49.0871,-16.0865,0.0,0.0001,1.8246,0.0002,6.4523,35.4565,8.8377,27.5019,36.3559
436.0,877.0,8.9288,37.9052,80.3221,182.2599,0.019,0.0001,99.7051,205.9019,49.0871,-16.0865,0.0,0.0001,1.8226,-0.0008,6.4557,35.4558,8.8297,27.5027,36.357
437.0,879.0,8.9059,37.8822,97.2777,182.2042,0.0209,0.0001,99.7064,205.9019,49.0871,-16.0864,0.0,0.0001,1.8217,-0.0005,6.4527,35.4535,8.8066,27.5046,36.36
438.0,881.0,8.9023,37.8795,95.4677,183.0568,0.0222,0.0001,99.6763,205.9019,49.0871,-16.0864,0.0,0.0001,1.8242,0.0007,6.4538,35.4532,8.8028,27.5049,36.3605
439.0,883.0,8.9213,37.9015,98.3936,182.7069,0.0201,0.0001,99.6921,205.902,49.0871,-16.0864,0.0,0.0001,1.8237,-0.0001,6.4529,35.4568,8.8215,27.5048,36.3595
440.0,885.0,8.9103,37.8938,98.6587,182.396,0.0202,0.0001,99.7106,205.902,49.0871,-16.0864,0.0,0.0001,1.8223,-0.0005,6.4505,35.4586,8.8104,27.508,36.3632
441.0,887.0,8.9284,37.9191,98.68,182.4761,0.0173,0.0001,99.704,205.902,49.0871,-16.0864,0.0,0.0001,1.8217,-0.0003,6.4512,35.4661,8.8281,27.511,36.3653
442.0,889.0,8.9319,37.9262,98.68,182.3762,0.0162,0.0001,99.7182,205.902,49.0871,-16.0864,0.0,0.0001,1.8211,-0.0005,6.4567,35.4692,8.8313,27.513,36.3671
443.0,891.0,8.8881,37.8786,83.5872,182.7108,0.0248,0.0001,99.7226,205.9021,49.0871,-16.0864,0.0,0.0001,1.8202,-0.0001,6.4619,35.4618,8.7876,27.5142,36.3703
444.0,893.0,8.8727,37.8648,90.4275,182.783,0.0236,0.0001,99.7246,205.9021,49.0871,-16.0864,0.0,0.0001,1.8193,-0.0004,6.4735,35.4618,8.772,27.5167,36.3735
445.0,895.0,8.8011,37.7863,98.68,183.4696,0.0241,0.0001,99.7246,205.9021,49.0871,-16.0864,0.0,0.0001,1.8193,0.0003,6.4821,35.4497,8.7006,27.5185,36.3786
446.0,897.0,8.7441,37.7242,98.68,183.8313,0.0193,0.0001,99.74,205.9021,49.0871,-16.0864,0.0,0.0001,1.8213,0.0004,6.4886,35.4403,8.6439,27.5201,36.3828
447.0,899.0,8.6863,37.661,81.8547,184.428,0.0213,0.0001,99.7471,205.9022,49.0871,-16.0864,0.0,0.0001,1.8238,0.0011,6.4866,35.4304,8.5861,27.5215,36.387
448.0,901.0,8.6852,37.6639,98.68,184.3015,0.0212,0.0001,99.7318,205.9022,49.0871,-16.0864,0.0,0.0001,1.8251,0.0003,6.4855,35.4337,8.5848,27.5243,36.3897
449.0,903.0,8.7028,37.6897,82.6244,183.6551,0.022,0.0001,99.7504,205.9022,49.0871,-16.0864,0.0,0.0001,1.8236,-0.0008,6.4871,35.4425,8.6021,27.5285,36.393
450.0,905.0,8.6864,37.6743,98.68,183.9326,0.0222,0.0001,99.752,205.9023,49.0871,-16.0864,0.0,0.0001,1.823,-0.0002,6.4879,35.4415,8.5856,27.5303,36.3956
451.0,907.0,8.6689,37.6572,98.68,184.0787,0.0232,0.0001,99.7318,205.9023,49.0871,-16.0864,0.0,0.0001,1.8236,0.0003,6.4803,35.4401,8.5679,27.532,36.3981
452.0,909.0,8.7238,37.7264,98.68,184.1819,0.0227,0.0001,99.7349,205.9023,49.0871,-16.0864,0.0,0.0001,1.8234,0.0001,6.4858,35.4573,8.6222,27.5369,36.4003
453.0,911.0,8.6916,37.697,89.3217,184.0575,0.0232,0.0001,99.7359,205.9023,49.0871,-16.0864,0.0,0.0001,1.8227,-0.0003,6.4889,35.4575,8.59,27.5421,36.407
454.0,913.0,8.6749,37.6798,98.68,184.0686,0.0233,0.0001,99.7607,205.9024,49.0871,-16.0864,0.0,0.0001,1.8217,-0.0004,6.4959,35.4551,8.5732,27.5429,36.4085
455.0,915.0,8.6405,37.6427,98.68,184.4223,0.019,0.0001,99.7504,205.9024,49.0871,-16.0864,0.0,0.0001,1.822,0.0,6.4971,35.4493,8.5388,27.5438,36.411
456.0,917.0,8.6162,37.6189,84.3702,184.76,0.0206,0.0001,99.7591,205.9024,49.0871,-16.0864,0.0,0.0001,1.8233,0.0005,6.4972,35.4475,8.5144,27.5462,36.4145
457.0,919.0,8.6159,37.6204,87.24,184.6161,0.0225,0.0001,99.7559,205.9024,49.0871,-16.0864,0.0,0.0001,1.8236,-0.0001,6.4979,35.4486,8.5139,27.5471,36.4155
458.0,921.0,8.6133,37.6194,98.68,184.3216,0.0197,0.0001,99.7402,205.9025,49.0871,-16.0864,0.0,0.0001,1.8219,-0.0006,6.501,35.4494,8.5111,27.5482,36.4166
459.0,923.0,8.6007,37.611,98.68,184.3714,0.0152,0.0001,99.7824,205.9025,49.0871,-16.0864,0.0,0.0001,1.8215,-0.0003,6.4998,35.4521,8.4983,27.5523,36.4213
460.0,925.0,8.579,37.5891,98.68,185.0486,0.0176,0.0001,99.7784,205.9025,49.0871,-16.0864,0.0,0.0001,1.8221,0.0004,6.5056,35.4495,8.4765,27.5537,36.4237
461.0,927.0,8.5819,37.5914,98.68,185.0413,0.0172,0.0001,99.7476,205.9026,49.0871,-16.0864,0.0,0.0001,1.8222,0.0001,6.5079,35.4484,8.4792,27.5524,36.4223
462.0,929.0,8.5345,37.5482,98.68,185.1745,0.0153,0.0001,99.7535,205.9026,49.0871,-16.0864,0.0,0.0001,1.823,0.0002,6.5069,35.449,8.4319,27.5603,36.4323
463.0,931.0,8.5466,37.5643,98.68,185.3567,0.0182,0.0001,99.7763,205.9026,49.0871,-16.0863,0.0,0.0001,1.8238,0.0003,6.507,35.4531,8.4437,27.5616,36.433
464.0,933.0,8.5471,37.5649,98.6245,185.28,0.0188,0.0001,99.7562,205.9026,49.0871,-16.0863,0.0,0.0001,1.8235,-0.0001,6.5128,35.4523,8.4439,27.561,36.4324
465.0,935.0,8.5297,37.5467,79.2953,185.0775,0.0185,0.0001,99.7654,205.9026,49.0871,-16.0863,0.0,0.0001,1.8216,-0.0008,6.5231,35.4496,8.4265,27.5616,36.4338
466.0,937.0,8.4495,37.4608,94.8016,186.0458,0.0208,0.0001,99.7778,205.9027,49.0871,-16.0863,0.0,0.0001,1.8228,0.0005,6.5324,35.4378,8.3466,27.5648,36.4407
467.0,939.0,8.3997,37.4066,98.68,186.1092,0.0209,0.0001,99.771,205.9027,49.0871,-16.0863,0.0,0.0001,1.8233,0.0,6.5388,35.4293,8.2968,27.5658,36.444
468.0,941.0,8.3283,37.3298,98.6578,187.2892,0.0221,0.0001,99.7824,205.9027,49.0871,-16.0863,0.0,0.0001,1.8266,0.0015,6.54,35.4182,8.2257,27.568,36.4496
469.0,943.0,8.3075,37.3119,98.68,187.0605,0.0208,0.0001,99.782,205.9028,49.0871,-16.0863,0.0,0.0001,1.8278,0.0004,6.5414,35.4192,8.2048,27.572,36.4545
470.0,945.0,8.3212,37.3327,98.68,186.8595,0.0188,0.0001,99.7795,205.9028,49.0871,-16.0863,0.0,0.0001,1.8275,0.0,6.5406,35.4264,8.2182,27.5756,36.4575
471.0,947.0,8.3201,37.3338,86.8918,187.3002,0.0203,0.0001,99.7632,205.9028,49.0871,-16.0863,0.0,0.0001,1.8278,0.0002,6.5505,35.4278,8.2168,27.5769,36.4588
472.0,949.0,8.2834,37.295,94.5091,187.1612,0.0224,0.0001,99.7851,205.9028,49.0871,-16.0863,0.0,0.0001,1.8272,-0.0005,6.5592,35.4225,8.1802,27.5784,36.462
473.0,951.0,8.2272,37.2358,98.0566,187.7196,0.0242,0.0001,99.7712,205.9029,49.0871,-16.0863,0.0,0.0001,1.8276,0.0002,6.5662,35.415,8.1241,27.5811,36.4673
474.0,953.0,8.1444,37.1454,98.6028,188.8435,0.0191,0.0001,99.7896,205.9029,49.087,-16.0863,0.0,0.0001,1.8313,0.0017,6.5611,35.4007,8.0417,27.5824,36.4725
475.0,955.0,8.1595,37.1638,98.68,188.0306,0.0162,0.0001,99.7941,205.9029,49.087,-16.0863,0.0,0.0001,1.8299,-0.0004,6.5697,35.4044,8.0565,27.5831,36.4725
476.0,957.0,8.1482,37.1536,98.68,189.397,0.0184,0.0001,99.7991,205.903,49.087,-16.0863,0.0,0.0001,1.8339,0.0017,6.5592,35.4036,8.0451,27.5842,36.4741
477.0,959.0,8.2056,37.2277,91.1304,188.169,0.0199,0.0001,99.7947,205.903,49.087,-16.0863,0.0,0.0001,1.8327,-0.0006,6.5626,35.4243,8.1017,27.5918,36.4789
478.0,961.0,8.1703,37.1941,95.0798,188.1372,0.0197,0.0001,99.7848,205.903,49.087,-16.0863,0.0,0.0001,1.8303,-0.0005,6.5678,35.4229,8.0665,27.596,36.4847
479.0,963.0,8.1357,37.1577,98.4565,188.8405,0.0245,0.0001,99.7933,205.9031,49.087,-16.0863,0.0,0.0001,1.8315,0.0004,6.5697,35.4177,8.0319,27.5973,36.4876
480.0,965.0,8.1373,37.1593,98.68,188.7029,0.0241,0.0001,99.7809,205.9031,49.087,-16.0863,0.0,0.0001,1.8315,-0.0001,6.5736,35.4171,8.0333,27.5966,36.4868
481.0,967.0,8.1089,37.1304,98.68,189.3559,0.0225,0.0001,99.7992,205.9031,49.087,-16.0863,0.0,0.0001,1.8315,0.0004,6.5865,35.4139,8.0048,27.5984,36.4899
482.0,969.0,8.0206,37.0386,88.3632,190.0413,0.021,0.0001,99.7928,205.9032,49.087,-16.0863,0.0,0.0001,1.833,0.0006,6.6001,35.4036,7.917,27.6035,36.4992
483.0,971.0,7.8774,36.8788,94.915,192.071,0.0191,0.0001,99.8078,205.9032,49.087,-16.0863,0.0,0.0001,1.8405,0.0022,6.6097,35.3753,7.7746,27.6026,36.5051
484.0,973.0,7.8589,36.8598,98.68,191.9583,0.0228,0.0001,99.7898,205.9033,49.087,-16.0863,0.0,0.0001,1.8431,0.0014,6.6003,35.3729,7.756,27.6035,36.5069
485.0,975.0,7.9521,36.9722,82.4666,191.7239,0.0211,0.0001,99.8011,205.9033,49.087,-16.0863,0.0,0.0001,1.846,0.0002,6.5956,35.3986,7.8483,27.6099,36.5087
486.0,977.0,7.979,37.005,91.9815,190.8795,0.02,0.0001,99.819,205.9033,49.087,-16.0863,0.0,0.0001,1.8429,-0.0012,6.604,35.4057,7.8747,27.6115,36.5091
487.0,979.0,7.8845,36.9027,98.68,192.0543,0.0187,0.0001,99.8038,205.9034,49.087,-16.0863,0.0,0.0001,1.8432,0.0001,6.6237,35.3902,7.7807,27.6134,36.5154
488.0,981.0,7.5598,36.5364,98.68,193.0171,0.0244,0.0001,99.8184,205.9034,49.087,-16.0863,0.0,0.0001,1.8436,-0.0002,6.6606,35.3219,7.4582,27.6069,36.5247
489.0,983.0,7.5348,36.5017,91.258,195.6659,0.0203,0.0001,99.8344,205.9035,49.087,-16.0863,0.0,0.0001,1.8479,0.0031,6.6727,35.3086,7.4332,27.6001,36.5193
490.0,985.0,7.441,36.4028,98.68,196.601,0.0208,0.0001,99.8189,205.9035,49.087,-16.0863,0.0,0.0001,1.8575,0.002,6.679,35.2956,7.3399,27.6035,36.5271
491.0,987.0,7.4546,36.4214,86.848,196.2461,0.0201,0.0001,99.7987,205.9035,49.087,-16.0862,0.0,0.0001,1.8605,0.0003,6.6803,35.3012,7.3532,27.606,36.5289
492.0,989.0,7.5013,36.4773,97.4418,196.3641,0.0195,0.0001,99.8313,205.9037,49.087,-16.0862,0.0,0.0001,1.8618,0.0,6.6794,35.3133,7.3993,27.6089,36.5295
493.0,991.0,7.463,36.4367,93.6628,196.3659,0.0203,0.0001,99.8436,205.9039,49.087,-16.0862,0.0,0.0001,1.8618,0.0,6.6785,35.3073,7.361,27.6097,36.5321
494.0,993.0,7.4378,36.4106,94.7966,196.4429,0.0211,0.0001,99.8056,205.9045,49.0869,-16.0861,0.0,0.0001,1.8617,0.0,6.6802,35.3035,7.3358,27.6103,36.534
495.0,995.0,7.4392,36.4132,93.793,196.4067,0.021,0.0001,99.6878,205.9054,49.0869,-16.086,0.0,0.0001,1.8615,0.0,6.6797,35.3042,7.337,27.6107,36.5343
