Datacycle,press,temp,cond,alt,oxygen,fluor,atten,trans,jday,lat,lon,PAR,UPAR,oxV,oxdVdt,oxysat,salin,potemp,sigma0,sigma2
1.0,3.0,15.1779,43.7277,98.71,248.1445,1.4347,0.0046,89.0472,210.0425,48.9951,-16.8608,0.0,0.0001,2.7462,-0.0002,5.6476,35.5764,15.1774,26.3772,34.9789
2.0,5.0,15.1784,43.729,98.71,248.2769,1.4395,0.0046,89.2057,210.0426,48.9951,-16.8608,0.0,0.0001,2.7464,0.0002,5.6475,35.5765,15.1777,26.3772,34.9789
3.0,7.0,15.1786,43.7302,98.71,248.0764,1.4309,0.0046,89.1799,210.0427,48.995,-16.8609,0.0,0.0001,2.7448,-0.0004,5.6475,35.5765,15.1775,26.3773,34.9789
4.0,9.0,15.1793,43.7319,98.71,247.9639,1.4333,0.0046,89.1656,210.0428,48.995,-16.8609,0.0,0.0001,2.7423,0.0,5.6475,35.5765,15.1779,26.3772,34.9788
5.0,11.0,15.1798,43.7329,98.71,248.1633,1.4258,0.0046,89.1714,210.0429,48.995,-16.8609,0.0,0.0001,2.7431,0.0003,5.6472,35.5765,15.1781,26.3771,34.9788
6.0,13.0,15.1807,43.7344,98.71,247.9106,1.4327,0.0046,89.158,210.0429,48.995,-16.861,0.0,0.0001,2.7419,-0.0007,5.6472,35.5764,15.1788,26.3769,34.9785
7.0,15.0,15.1814,43.7362,98.71,248.1951,1.4303,0.0046,89.1547,210.043,48.995,-16.861,0.0,0.0001,2.7432,0.0,5.6472,35.5764,15.1792,26.3768,34.9784
8.0,17.0,15.1816,43.7374,98.71,248.3711,1.4465,0.0046,89.1493,210.0431,48.9949,-16.861,0.0,0.0001,2.7427,0.0006,5.6472,35.5763,15.179,26.3768,34.9784
9.0,19.0,15.1816,43.7381,98.71,247.8242,1.4263,0.0046,89.1598,210.0432,48.9949,-16.8611,0.0,0.0001,2.7411,-0.001,5.6472,35.5763,15.1787,26.3768,34.9784
10.0,21.0,15.1812,43.7386,98.71,248.2018,1.4452,0.0046,89.1573,210.0432,48.9949,-16.8611,0.0,0.0001,2.7415,0.0,5.6472,35.5763,15.1781,26.377,34.9786
11.0,23.0,15.1783,43.737,98.71,248.3499,1.4667,0.0046,89.1829,210.0433,48.9949,-16.8611,0.0,0.0001,2.7418,0.0,5.6483,35.5765,15.1748,26.3779,34.9796
12.0,25.0,15.1121,43.6712,98.71,247.6927,1.4908,0.0046,89.3096,210.0434,48.9949,-16.8612,0.0,0.0001,2.7374,-0.001,5.6488,35.5759,15.1083,26.3922,34.9963
13.0,27.0,15.1079,43.6676,98.71,247.9068,1.4602,0.0045,89.3777,210.0434,48.9949,-16.8612,0.0,0.0001,2.7357,-0.0006,5.6537,35.5759,15.1038,26.3932,34.9974
14.0,29.0,15.071,43.6328,98.71,246.5717,1.5147,0.0043,89.7041,210.0435,48.9948,-16.8612,0.0,0.0001,2.7277,-0.003,5.6584,35.577,15.0666,26.4022,35.0078
15.0,31.0,15.0235,43.5873,98.71,247.199,1.4741,0.0043,89.793,210.0435,48.9948,-16.8612,0.0,0.0001,2.7237,-0.0017,5.6763,35.5779,15.0189,26.4135,35.0208
16.0,33.0,14.7179,43.2826,98.71,245.3582,1.2592,0.0035,91.7087,210.0436,48.9948,-16.8612,0.0,0.0001,2.7042,-0.0016,5.6838,35.5766,14.713,26.4797,35.098
17.0,35.0,14.674,43.2412,98.71,244.8529,1.2223,0.0036,91.4809,210.0437,48.9948,-16.8613,0.0,0.0001,2.6946,-0.0058,5.7282,35.578,14.6688,26.4903,35.1102
18.0,37.0,14.1906,42.7555,98.71,237.7714,1.0589,0.0024,93.8849,210.0437,48.9948,-16.8613,0.0,0.0001,2.647,-0.0171,5.7522,35.5722,14.1852,26.5902,35.2278
19.0,39.0,13.8947,42.4764,98.71,242.3489,0.8954,0.0026,93.8581,210.0438,48.9948,-16.8613,0.0,0.0001,2.6546,-0.0029,5.7632,35.5845,13.8892,26.6624,35.3108
20.0,41.0,13.5763,42.1872,98.71,238.5108,0.6035,0.0015,96.3561,210.0438,48.9947,-16.8613,0.0,0.0001,2.6058,-0.0092,5.8582,35.6076,13.5704,26.7469,35.4068
21.0,43.0,13.3171,41.9322,98.71,237.1683,0.4456,0.0012,97.0392,210.0439,48.9947,-16.8613,0.0,0.0001,2.5822,-0.004,5.8584,35.6079,13.3112,26.8006,35.4704
22.0,45.0,13.0935,41.7297,98.71,233.3865,0.3401,0.0008,97.8995,210.0439,48.9947,-16.8614,0.0,0.0001,2.5513,-0.0101,5.9018,35.6238,13.0873,26.8587,35.5367
23.0,47.0,12.8966,41.5532,98.7082,235.1386,0.2316,0.0007,98.2289,210.044,48.9947,-16.8614,0.0,0.0001,2.5414,-0.0031,5.9255,35.6397,12.8902,26.9109,35.5962
24.0,49.0,12.5371,41.2046,98.71,233.8252,0.1105,0.0004,99.0658,210.044,48.9947,-16.8614,0.0,0.0001,2.5222,-0.0024,5.9526,35.6431,12.5305,26.9852,35.6844
25.0,51.0,12.4793,41.1469,98.71,233.5642,0.0845,0.0003,99.2546,210.0441,48.9947,-16.8614,0.0,0.0001,2.5136,-0.002,5.9692,35.6413,12.4725,26.9953,35.6967
26.0,53.0,12.4475,41.1109,98.71,233.1583,0.0761,0.0003,99.3218,210.0441,48.9946,-16.8614,0.0,0.0001,2.5088,-0.0013,5.9663,35.6357,12.4404,26.9973,35.7
27.0,55.0,12.465,41.1303,98.71,233.3192,0.0801,0.0003,99.3623,210.0442,48.9946,-16.8615,0.0,0.0001,2.5075,-0.0007,5.9705,35.6372,12.4577,26.9951,35.6971
28.0,57.0,12.3952,41.0595,98.71,233.3433,0.0677,0.0002,99.4517,210.0443,48.9946,-16.8615,0.0,0.0001,2.5038,0.0004,5.9732,35.6338,12.3876,27.0062,35.711
29.0,59.0,12.3959,41.0609,98.71,233.7377,0.0674,0.0002,99.4534,210.0443,48.9946,-16.8615,0.0,0.0001,2.5068,0.0004,5.9735,35.6337,12.3881,27.0061,35.7109
30.0,61.0,12.3942,41.0587,98.71,233.227,0.0627,0.0002,99.5505,210.0444,48.9946,-16.8615,0.0,0.0001,2.5019,-0.0014,5.987,35.6324,12.3861,27.0054,35.7103
31.0,63.0,12.3125,40.9702,98.71,233.2496,0.0617,0.0002,99.5802,210.0444,48.9946,-16.8615,0.0,0.0001,2.4996,-0.0004,5.9866,35.6232,12.3042,27.0143,35.7225
32.0,65.0,12.3099,40.9679,98.71,233.5903,0.0529,0.0002,99.5874,210.0445,48.9946,-16.8615,0.0,0.0001,2.5009,-0.0001,5.988,35.6228,12.3013,27.0145,35.7229
33.0,67.0,12.2781,40.9309,98.71,233.6741,0.0472,0.0001,99.6524,210.0445,48.9946,-16.8615,0.0,0.0001,2.498,-0.0004,6.0013,35.6161,12.2692,27.0157,35.7253
34.0,69.0,12.2062,40.8499,98.71,234.1772,0.0499,0.0001,99.6742,210.0445,48.9946,-16.8615,0.0,0.0001,2.4995,0.0005,6.0016,35.6047,12.1971,27.0209,35.7335
35.0,71.0,12.2045,40.8507,98.71,234.2843,0.0459,0.0001,99.7124,210.0446,48.9946,-16.8616,0.0,0.0001,2.5003,0.0,6.0049,35.606,12.1951,27.0222,35.7349
36.0,73.0,12.2203,40.8684,98.71,233.7863,0.0414,0.0001,99.7679,210.0447,48.9945,-16.8616,0.0,0.0001,2.4962,-0.0019,6.0169,35.6076,12.2107,27.0204,35.7325
37.0,75.0,12.1366,40.7736,98.71,234.12,0.0391,0.0001,99.7398,210.0447,48.9945,-16.8616,0.0,0.0001,2.4974,-0.0004,6.0094,35.594,12.1268,27.0262,35.7418
38.0,77.0,12.0966,40.7308,98.71,234.5629,0.0408,0.0001,99.7513,210.0447,48.9945,-16.8616,0.0,0.0001,2.4993,0.0,6.0122,35.5894,12.0865,27.0304,35.7476
39.0,79.0,12.0947,40.7281,98.708,235.1579,0.0364,0.0001,99.7824,210.0448,48.9945,-16.8617,0.0,0.0001,2.4991,0.0009,6.0202,35.5877,12.0843,27.0295,35.7468
40.0,81.0,12.0455,40.6779,98.7061,235.2392,0.0381,0.0001,99.7794,210.0448,48.9945,-16.8616,0.0,0.0001,2.4998,0.0002,6.0254,35.5848,12.035,27.0368,35.7561
41.0,83.0,12.0252,40.6534,98.7041,235.6285,0.039,0.0001,99.8,210.0449,48.9945,-16.8617,0.0,0.0001,2.5018,0.0007,6.0253,35.579,12.0143,27.0363,35.7565
42.0,85.0,12.019,40.6455,98.71,235.0424,0.0469,0.0001,99.7832,210.0449,48.9945,-16.8617,0.0,0.0001,2.4988,-0.0016,6.0342,35.5766,12.0079,27.0357,35.7561
43.0,87.0,11.9433,40.5641,98.71,235.5807,0.0472,0.0001,99.7246,210.045,48.9945,-16.8617,0.0,0.0001,2.4979,0.0004,6.0354,35.5681,11.932,27.0436,35.7672
44.0,89.0,11.9583,40.5785,98.71,234.9945,0.0547,0.0001,99.7171,210.045,48.9944,-16.8617,0.0,0.0001,2.4948,-0.0016,6.0444,35.5673,11.9468,27.0402,35.7632
45.0,91.0,11.88,40.494,98.71,235.2742,0.0526,0.0001,99.7189,210.0451,48.9944,-16.8617,0.0,0.0001,2.4932,-0.0001,6.0445,35.558,11.8682,27.048,35.7743
46.0,93.0,11.8754,40.4901,98.71,235.0088,0.053,0.0001,99.7342,210.0451,48.9944,-16.8617,0.0,0.0001,2.49,-0.0009,6.0521,35.5579,11.8633,27.0488,35.7753
47.0,95.0,11.8305,40.4425,98.71,235.6359,0.0493,0.0001,99.7448,210.0452,48.9944,-16.8617,0.0,0.0001,2.4908,0.0007,6.0521,35.5531,11.8182,27.0537,35.7821
48.0,97.0,11.8339,40.4474,98.71,235.4312,0.0485,0.0001,99.7485,210.0452,48.9944,-16.8618,0.0,0.0001,2.491,0.0,6.0512,35.5537,11.8213,27.0536,35.7818
49.0,99.0,11.8572,40.4744,98.71,235.5007,0.0495,0.0001,99.7482,210.0453,48.9944,-16.8618,0.0,0.0001,2.4901,-0.0003,6.0548,35.5575,11.8444,27.0521,35.7793
50.0,101.0,11.8023,40.4147,98.71,235.3992,0.0486,0.0001,99.7535,210.0453,48.9944,-16.8618,0.0,0.0001,2.4895,-0.0002,6.0535,35.5502,11.7892,27.057,35.7865
51.0,103.0,11.7994,40.4131,98.71,235.3192,0.0463,0.0001,99.7633,210.0453,48.9944,-16.8618,0.0,0.0001,2.4881,-0.0006,6.0573,35.5507,11.7861,27.058,35.7876
52.0,105.0,11.7742,40.3877,98.71,235.2654,0.0457,0.0001,99.7571,210.0454,48.9943,-16.8618,0.0,0.0001,2.4859,-0.0002,6.0584,35.5487,11.7606,27.0613,35.7919
53.0,107.0,11.7693,40.3837,98.71,235.0616,0.0424,0.0001,99.7787,210.0455,48.9943,-16.8619,0.0,0.0001,2.4836,-0.0005,6.0607,35.5486,11.7554,27.0622,35.7931
54.0,109.0,11.763,40.3786,98.7072,234.9703,0.0417,0.0001,99.778,210.0456,48.9943,-16.8619,0.0,0.0001,2.4823,-0.0003,6.06,35.5488,11.7489,27.0635,35.7947
55.0,111.0,11.7654,40.3855,98.7025,234.6761,0.0369,0.0001,99.792,210.0457,48.9943,-16.8619,0.0,0.0001,2.4794,-0.0002,6.0601,35.5525,11.7511,27.066,35.797
56.0,113.0,11.7659,40.3895,98.703,234.2042,0.0306,0.0001,99.7684,210.0458,48.9942,-16.8619,0.0,0.0001,2.4755,-0.0006,6.0605,35.555,11.7513,27.0679,35.7988
57.0,115.0,11.7636,40.3924,98.71,233.1525,0.0305,0.0001,99.8018,210.0459,48.9942,-16.862,0.0,0.0001,2.4688,-0.0017,6.0607,35.5592,11.7487,27.0717,35.8027
58.0,117.0,11.7597,40.39,98.71,233.6693,0.0275,0.0001,99.7831,210.0459,48.9942,-16.862,0.0,0.0001,2.4679,0.0002,6.0613,35.5595,11.7445,27.0727,35.8039
59.0,119.0,11.7559,40.386,98.71,233.9524,0.0291,0.0001,99.7787,210.046,48.9942,-16.862,0.0,0.0001,2.469,0.0002,6.0633,35.5584,11.7405,27.0726,35.8039
60.0,121.0,11.7231,40.3506,98.71,234.5367,0.0298,0.0001,99.753,210.046,48.9942,-16.862,0.0,0.0001,2.4701,0.0007,6.0709,35.5542,11.7076,27.0756,35.8083
61.0,123.0,11.681,40.3052,98.71,236.0799,0.0333,0.0001,99.7535,210.0461,48.9942,-16.862,0.0,0.0001,2.4786,0.0026,6.0695,35.5489,11.6652,27.0795,35.814
62.0,125.0,11.6875,40.3128,98.71,235.8351,0.029,0.0001,99.7368,210.0461,48.9941,-16.862,0.0,0.0001,2.481,0.0003,6.0722,35.5493,11.6714,27.0786,35.8129
63.0,127.0,11.6707,40.2969,98.71,235.7043,0.0306,0.0001,99.7535,210.0462,48.9941,-16.8621,0.0,0.0001,2.4802,-0.0004,6.0733,35.5488,11.6543,27.0815,35.8164
64.0,129.0,11.667,40.2961,98.71,234.4203,0.027,0.0001,99.7587,210.0462,48.9941,-16.8621,0.0,0.0001,2.4724,-0.0017,6.0729,35.5506,11.6504,27.0836,35.8186
65.0,131.0,11.6643,40.2954,98.68,234.5157,0.0268,0.0001,99.7425,210.0463,48.9941,-16.8621,0.0,0.0001,2.4702,-0.0009,6.0751,35.5515,11.6475,27.0849,35.82
66.0,133.0,11.6491,40.2819,98.71,234.4632,0.0294,0.0001,99.7384,210.0463,48.9941,-16.8621,0.0,0.0001,2.4676,-0.0003,6.0755,35.5519,11.632,27.0881,35.8239
67.0,135.0,11.647,40.2806,98.7028,234.8363,0.028,0.0001,99.7152,210.0463,48.9941,-16.8622,0.0,0.0001,2.4692,0.0002,6.0772,35.5518,11.6296,27.0885,35.8243
68.0,137.0,11.6328,40.2651,98.71,235.2849,0.0258,0.0001,99.7103,210.0464,48.994,-16.8622,0.0,0.0001,2.47,0.0006,6.0818,35.5493,11.6153,27.0893,35.8257
69.0,139.0,11.5937,40.2223,98.71,236.4587,0.0301,0.0001,99.6993,210.0464,48.994,-16.8622,0.0,0.0001,2.4776,0.0011,6.0826,35.5434,11.5758,27.0921,35.8302
70.0,141.0,11.5927,40.2221,98.71,236.5233,0.0306,0.0001,99.6906,210.0465,48.994,-16.8622,0.0,0.0001,2.4793,0.0007,6.082,35.5437,11.5747,27.0926,35.8307
71.0,143.0,11.5777,40.2075,98.71,239.2267,0.0299,0.0001,99.6669,210.0465,48.994,-16.8622,0.0,0.0001,2.4884,0.0055,6.0834,35.5427,11.5594,27.0947,35.8335
72.0,145.0,11.5888,40.2234,98.71,237.9103,0.0317,0.0001,99.6638,210.0466,48.994,-16.8622,0.0,0.0001,2.4911,-0.0001,6.0837,35.5467,11.5703,27.0957,35.834
73.0,147.0,11.5865,40.2209,98.71,238.121,0.0323,0.0001,99.6669,210.0466,48.994,-16.8622,0.0,0.0001,2.4898,0.0007,6.085,35.5456,11.5677,27.0953,35.8338
74.0,149.0,11.5797,40.2153,98.71,238.309,0.0317,0.0001,99.6693,210.0467,48.994,-16.8623,0.0,0.0001,2.4915,0.0003,6.0861,35.5455,11.5606,27.0966,35.8353
75.0,151.0,11.5799,40.2155,98.7083,237.8611,0.0338,0.0001,99.6351,210.0467,48.994,-16.8623,0.0,0.0001,2.4902,-0.0009,6.0869,35.545,11.5606,27.0962,35.8349
76.0,153.0,11.5298,40.1577,98.7092,239.3146,0.0322,0.0001,99.6669,210.0468,48.9939,-16.8623,0.0,0.0001,2.4914,0.0031,6.0889,35.5348,11.5102,27.0977,35.8386
77.0,155.0,11.5186,40.1487,98.71,239.4192,0.0312,0.0001,99.603,210.0468,48.9939,-16.8623,0.0,0.0001,2.4963,0.0012,6.0903,35.5357,11.4988,27.1006,35.8419
78.0,157.0,11.5258,40.1574,98.71,240.0043,0.0321,0.0001,99.6192,210.0469,48.9939,-16.8623,0.0,0.0001,2.4996,0.0011,6.0933,35.5368,11.5058,27.1001,35.8411
79.0,159.0,11.5192,40.1524,98.71,239.9361,0.0308,0.0001,99.6149,210.0469,48.9939,-16.8623,0.0,0.0001,2.5004,0.0005,6.0926,35.5371,11.4989,27.1017,35.8429
80.0,161.0,11.5176,40.1515,98.71,239.6801,0.0345,0.0002,99.6114,210.0469,48.9939,-16.8623,0.0,0.0001,2.4999,-0.0004,6.0935,35.537,11.4971,27.1019,35.8433
81.0,163.0,11.5136,40.1504,98.71,239.7424,0.0314,0.0002,99.6124,210.047,48.9939,-16.8624,0.0,0.0001,2.4992,-0.0002,6.0937,35.5386,11.4927,27.104,35.8455
82.0,165.0,11.5137,40.1515,98.71,239.3955,0.0288,0.0001,99.627,210.047,48.9939,-16.8624,0.0,0.0001,2.4969,-0.0009,6.0949,35.5389,11.4926,27.1042,35.8457
83.0,167.0,11.5065,40.1453,98.71,239.6531,0.0296,0.0002,99.6041,210.0471,48.9938,-16.8624,0.0,0.0001,2.4976,-0.0004,6.0946,35.5386,11.4851,27.1054,35.8472
84.0,169.0,11.5049,40.1444,98.71,239.742,0.0288,0.0002,99.5982,210.0471,48.9938,-16.8624,0.0,0.0001,2.4979,-0.0002,6.0942,35.5386,11.4834,27.1057,35.8476
85.0,171.0,11.5082,40.1485,98.71,239.3453,0.0266,0.0002,99.592,210.0472,48.9938,-16.8624,0.0,0.0001,2.4944,-0.0004,6.0951,35.5384,11.4864,27.105,35.8468
86.0,173.0,11.4953,40.1371,98.71,240.1257,0.0299,0.0002,99.5858,210.0472,48.9938,-16.8624,0.0,0.0001,2.4973,0.0007,6.0952,35.5386,11.4732,27.1077,35.8499
87.0,175.0,11.4975,40.14,98.71,240.0161,0.0315,0.0002,99.5869,210.0473,48.9938,-16.8624,0.0,0.0001,2.4972,-0.0001,6.0967,35.5387,11.4752,27.1074,35.8496
88.0,177.0,11.4895,40.1335,98.71,239.7413,0.0283,0.0002,99.5798,210.0473,48.9938,-16.8625,0.0,0.0001,2.4959,-0.0006,6.0968,35.5389,11.4669,27.1091,35.8516
89.0,179.0,11.489,40.1336,98.71,238.5941,0.0291,0.0002,99.5769,210.0474,48.9938,-16.8625,0.0,0.0001,2.4892,-0.0023,6.0978,35.5386,11.4662,27.1089,35.8515
90.0,181.0,11.4806,40.1274,98.71,239.1643,0.03,0.0002,99.5617,210.0474,48.9937,-16.8625,0.0,0.0001,2.4893,-0.0006,6.0978,35.5394,11.4575,27.1112,35.8541
91.0,183.0,11.48,40.1275,98.71,239.4099,0.0298,0.0002,99.5571,210.0474,48.9938,-16.8625,0.0,0.0001,2.4898,0.0002,6.0973,35.5395,11.4567,27.1114,35.8544
92.0,185.0,11.4829,40.1312,98.71,238.7983,0.0298,0.0002,99.5529,210.0475,48.9937,-16.8625,0.0,0.0001,2.4862,-0.0011,6.0993,35.5394,11.4594,27.1109,35.8537
93.0,187.0,11.4692,40.1208,98.71,238.3667,0.0256,0.0002,99.5514,210.0475,48.9937,-16.8625,0.0,0.0001,2.4835,-0.0014,6.0981,35.5413,11.4453,27.115,35.8583
94.0,189.0,11.4728,40.1244,98.71,239.1707,0.0255,0.0002,99.5526,210.0476,48.9937,-16.8625,0.0,0.0001,2.4856,0.0003,6.0993,35.5407,11.4488,27.1139,35.8571
95.0,191.0,11.463,40.1159,98.71,239.2464,0.0263,0.0002,99.5487,210.0476,48.9937,-16.8625,0.0,0.0001,2.4855,0.0002,6.0998,35.5406,11.4387,27.1157,35.8593
96.0,193.0,11.4595,40.1135,98.71,239.1515,0.0235,0.0002,99.5439,210.0477,48.9937,-16.8625,0.0,0.0001,2.4855,-0.0004,6.1011,35.5408,11.435,27.1165,35.8603
97.0,195.0,11.4548,40.1103,98.71,238.6193,0.0233,0.0002,99.4918,210.0477,48.9937,-16.8626,0.0,0.0001,2.482,-0.0011,6.101,35.5412,11.4299,27.1177,35.8617
98.0,197.0,11.4555,40.1118,98.71,239.0147,0.0237,0.0002,99.5281,210.0477,48.9937,-16.8626,0.0,0.0001,2.4824,0.0,6.1009,35.5414,11.4305,27.1178,35.8618
99.0,199.0,11.4555,40.1135,98.71,238.9619,0.0229,0.0002,99.5171,210.0478,48.9936,-16.8626,0.0,0.0001,2.4811,0.0001,6.101,35.5418,11.4301,27.1182,35.8622
100.0,201.0,11.4541,40.113,98.7062,238.5715,0.0258,0.0002,99.4905,210.0478,48.9936,-16.8626,0.0,0.0001,2.4789,-0.0006,6.1016,35.5419,11.4285,27.1186,35.8626
101.0,203.0,11.4437,40.1043,98.7081,239.1276,0.0219,0.0002,99.4936,210.0479,48.9936,-16.8626,0.0,0.0001,2.4796,0.0007,6.1024,35.5422,11.4178,27.1208,35.8652
102.0,205.0,11.4442,40.1058,98.71,239.0996,0.0233,0.0002,99.5087,210.0479,48.9936,-16.8626,0.0,0.0001,2.4803,0.0001,6.1027,35.5424,11.4181,27.1209,35.8653
103.0,207.0,11.4429,40.1047,98.71,238.5098,0.0247,0.0002,99.4956,210.048,48.9936,-16.8626,0.0,0.0001,2.4771,-0.001,6.1035,35.5419,11.4166,27.1208,35.8653
104.0,209.0,11.4362,40.0995,98.71,239.4101,0.0245,0.0002,99.4999,210.048,48.9936,-16.8627,0.0,0.0001,2.479,0.0013,6.1031,35.5418,11.4096,27.1221,35.8669
105.0,211.0,11.4367,40.1006,98.71,239.1627,0.0252,0.0002,99.4864,210.0481,48.9936,-16.8627,0.0,0.0001,2.4798,0.0,6.1029,35.542,11.41,27.1222,35.8669
106.0,213.0,11.4395,40.1051,98.71,238.463,0.0249,0.0002,99.4787,210.0481,48.9936,-16.8627,0.0,0.0001,2.4764,-0.0013,6.1027,35.5428,11.4124,27.1223,35.867
107.0,215.0,11.4446,40.113,98.71,238.836,0.0247,0.0002,99.4728,210.0482,48.9935,-16.8627,0.0,0.0001,2.4763,-0.0002,6.1029,35.5448,11.4172,27.1229,35.8674
108.0,217.0,11.4419,40.111,98.71,237.9855,0.021,0.0002,99.4828,210.0482,48.9935,-16.8627,0.0,0.0001,2.4716,-0.0015,6.103,35.5445,11.4142,27.1232,35.8678
109.0,219.0,11.437,40.1092,98.71,238.8787,0.0239,0.0002,99.4634,210.0483,48.9935,-16.8627,0.0,0.0001,2.4735,0.0006,6.1031,35.5462,11.4091,27.1256,35.8703
110.0,221.0,11.4313,40.1026,98.71,239.2301,0.0239,0.0002,99.4647,210.0483,48.9935,-16.8627,0.0,0.0001,2.4756,0.0005,6.106,35.5446,11.4031,27.1254,35.8704
111.0,223.0,11.4104,40.0798,98.71,240.4862,0.0262,0.0002,99.4647,210.0483,48.9935,-16.8627,0.0,0.0001,2.4804,0.0023,6.1066,35.5412,11.3821,27.1267,35.8726
112.0,225.0,11.4089,40.0795,98.71,240.5879,0.0228,0.0002,99.4522,210.0484,48.9935,-16.8627,0.0,0.0001,2.4851,0.0007,6.1063,35.5412,11.3802,27.127,35.873
113.0,227.0,11.4096,40.0808,98.71,240.6321,0.0237,0.0002,99.461,210.0484,48.9935,-16.8627,0.0,0.0001,2.4856,0.0004,6.1072,35.5413,11.3808,27.127,35.873
114.0,229.0,11.4051,40.0775,98.71,241.135,0.0251,0.0002,99.4647,210.0485,48.9935,-16.8628,0.0,0.0001,2.4869,0.0012,6.1072,35.5412,11.376,27.1279,35.874
115.0,231.0,11.4034,40.0774,98.71,241.0335,0.0256,0.0002,99.4632,210.0485,48.9934,-16.8628,0.0,0.0001,2.4879,0.0003,6.1079,35.5418,11.374,27.1286,35.8749
116.0,233.0,11.4016,40.0769,98.71,241.0541,0.0242,0.0002,99.4631,210.0486,48.9934,-16.8628,0.0,0.0001,2.4882,0.0,6.1082,35.5422,11.3719,27.1294,35.8757
117.0,235.0,11.4027,40.0788,98.71,240.4162,0.0211,0.0002,99.4604,210.0486,48.9934,-16.8628,0.0,0.0001,2.4855,-0.0015,6.1088,35.5424,11.3728,27.1293,35.8756
118.0,237.0,11.3964,40.0752,98.7,240.8342,0.0223,0.0002,99.4601,210.0487,48.9934,-16.8628,0.0,0.0001,2.4851,0.0,6.1086,35.5437,11.3663,27.1316,35.8781
119.0,239.0,11.3948,40.0749,98.7085,241.3592,0.0246,0.0002,99.4334,210.0487,48.9934,-16.8628,0.0,0.0001,2.4882,0.0004,6.1086,35.5441,11.3644,27.1323,35.8789
120.0,241.0,11.3949,40.0756,98.71,240.2158,0.0259,0.0002,99.4599,210.0488,48.9934,-16.8628,0.0,0.0001,2.484,-0.0022,6.1095,35.544,11.3642,27.1322,35.8788
121.0,243.0,11.3907,40.0734,98.71,240.8111,0.0239,0.0002,99.4604,210.0488,48.9934,-16.8628,0.0,0.0001,2.4836,-0.0002,6.1094,35.5447,11.3598,27.1335,35.8803
122.0,245.0,11.3905,40.0741,98.71,240.9077,0.0218,0.0002,99.4489,210.0489,48.9934,-16.8628,0.0,0.0001,2.4841,-0.0001,6.1092,35.5447,11.3593,27.1336,35.8804
123.0,247.0,11.3932,40.0769,98.71,240.3293,0.0222,0.0002,99.4381,210.0489,48.9933,-16.8628,0.0,0.0001,2.4805,-0.0012,6.1104,35.5441,11.3618,27.1327,35.8794
124.0,249.0,11.3853,40.0706,98.71,240.037,0.021,0.0002,99.4407,210.0489,48.9933,-16.8628,0.0,0.0001,2.4786,-0.0015,6.1104,35.5447,11.3537,27.1347,35.8817
125.0,251.0,11.3835,40.0697,98.71,241.0423,0.0221,0.0002,99.4647,210.0489,48.9933,-16.8628,0.0,0.0001,2.4808,0.001,6.11,35.5447,11.3516,27.1351,35.8822
126.0,253.0,11.3835,40.0703,98.71,241.0164,0.0233,0.0002,99.4392,210.049,48.9933,-16.8629,0.0,0.0001,2.4825,0.0,6.1103,35.5444,11.3513,27.1349,35.8821
127.0,255.0,11.3788,40.0658,98.71,239.4584,0.0225,0.0002,99.4359,210.0491,48.9933,-16.8629,0.0,0.0001,2.4752,-0.0027,6.1112,35.5434,11.3464,27.1351,35.8824
128.0,257.0,11.3769,40.0647,98.71,240.1091,0.022,0.0002,99.4359,210.0491,48.9933,-16.8629,0.0,0.0001,2.4751,-0.0008,6.111,35.5432,11.3442,27.1353,35.8827
129.0,259.0,11.3772,40.0661,98.71,240.7234,0.0246,0.0002,99.431,210.0491,48.9933,-16.8629,0.0,0.0001,2.4769,0.0006,6.1109,35.5434,11.3443,27.1354,35.8829
130.0,261.0,11.3783,40.0683,98.71,240.4961,0.0249,0.0002,99.4315,210.0492,48.9933,-16.8629,0.0,0.0001,2.477,-0.0006,6.1113,35.5437,11.3451,27.1355,35.8829
131.0,263.0,11.3759,40.0673,98.71,239.9341,0.0212,0.0002,99.4359,210.0492,48.9933,-16.8629,0.0,0.0001,2.4737,-0.0012,6.1111,35.544,11.3424,27.1362,35.8837
132.0,265.0,11.3761,40.0682,98.71,240.1762,0.021,0.0002,99.4359,210.0492,48.9933,-16.8629,0.0,0.0001,2.4726,-0.0004,6.1117,35.544,11.3424,27.1363,35.8838
133.0,267.0,11.3721,40.0651,98.71,240.2044,0.0234,0.0002,99.4359,210.0493,48.9932,-16.8629,0.0,0.0001,2.4714,0.0,6.1117,35.5437,11.3381,27.1368,35.8845
134.0,269.0,11.37,40.0638,98.71,240.4064,0.0211,0.0002,99.4359,210.0493,48.9932,-16.8629,0.0,0.0001,2.4722,0.0001,6.112,35.5435,11.3357,27.1371,35.8849
135.0,271.0,11.3718,40.0665,98.71,239.6541,0.0215,0.0002,99.4295,210.0494,48.9932,-16.8629,0.0,0.0001,2.4694,-0.0015,6.1129,35.5438,11.3373,27.1371,35.8848
136.0,273.0,11.3654,40.0616,98.71,240.3824,0.0211,0.0002,99.4147,210.0494,48.9932,-16.8629,0.0,0.0001,2.4704,0.0003,6.1131,35.5441,11.3307,27.1385,35.8864
137.0,275.0,11.3622,40.0593,98.71,240.0477,0.0235,0.0002,99.4053,210.0494,48.9932,-16.8629,0.0,0.0001,2.4692,-0.0004,6.113,35.544,11.3273,27.139,35.8871
138.0,277.0,11.3599,40.0577,98.705,239.9614,0.0188,0.0002,99.4244,210.0495,48.9932,-16.863,0.0,0.0001,2.4676,-0.0005,6.1138,35.5437,11.3247,27.1393,35.8875
139.0,279.0,11.357,40.0556,98.71,240.2671,0.0199,0.0002,99.4287,210.0495,48.9932,-16.863,0.0,0.0001,2.4669,0.0004,6.1137,35.5434,11.3215,27.1397,35.888
140.0,281.0,11.356,40.0552,98.71,239.9978,0.0228,0.0002,99.4147,210.0496,48.9932,-16.863,0.0,0.0001,2.4661,-0.0004,6.1144,35.5433,11.3203,27.1398,35.8882
141.0,283.0,11.3507,40.0505,98.71,240.0746,0.0226,0.0002,99.407,210.0496,48.9932,-16.863,0.0,0.0001,2.4662,-0.0002,6.1144,35.5427,11.3147,27.1404,35.889
142.0,285.0,11.3485,40.0489,98.71,240.3101,0.024,0.0002,99.409,210.0496,48.9932,-16.863,0.0,0.0001,2.4668,0.0001,6.1148,35.5424,11.3123,27.1406,35.8893
143.0,287.0,11.3479,40.0489,98.6985,239.3078,0.0216,0.0002,99.4123,210.0497,48.9931,-16.863,0.0,0.0001,2.4625,-0.0019,6.1166,35.5422,11.3114,27.1406,35.8893
144.0,289.0,11.339,40.0399,98.695,239.7836,0.0235,0.0002,99.41,210.0497,48.9931,-16.863,0.0,0.0001,2.4626,-0.0002,6.1154,35.5408,11.3023,27.1412,35.8903
145.0,291.0,11.3321,40.0335,98.71,239.9657,0.0205,0.0002,99.4183,210.0498,48.9931,-16.863,0.0,0.0001,2.463,-0.0001,6.116,35.5401,11.2951,27.142,35.8914
146.0,293.0,11.3335,40.0355,98.7046,238.9883,0.0226,0.0002,99.4082,210.0498,48.9931,-16.863,0.0,0.0001,2.4577,-0.0017,6.1175,35.5399,11.2963,27.1416,35.891
147.0,295.0,11.3267,40.0292,98.7027,239.9254,0.0197,0.0002,99.3897,210.0498,48.9931,-16.863,0.0,0.0001,2.4588,0.0007,6.1172,35.5391,11.2892,27.1424,35.8921
148.0,297.0,11.3273,40.0306,98.7008,240.0126,0.0237,0.0002,99.4038,210.0498,48.9931,-16.863,0.0,0.0001,2.46,0.0004,6.118,35.5393,11.2896,27.1424,35.8921
149.0,299.0,11.3248,40.0289,98.7062,239.9779,0.0216,0.0002,99.4117,210.0499,48.9931,-16.863,0.0,0.0001,2.4599,0.0,6.1186,35.539,11.2869,27.1427,35.8925
150.0,301.0,11.3222,40.0266,98.695,239.4917,0.0196,0.0002,99.4022,210.05,48.9931,-16.863,0.0,0.0001,2.4574,-0.001,6.1198,35.5384,11.284,27.1428,35.8927
151.0,303.0,11.3153,40.0197,98.7025,239.4681,0.0228,0.0002,99.3967,210.05,48.9931,-16.863,0.0,0.0001,2.4557,-0.0006,6.1197,35.5374,11.2768,27.1433,35.8935
152.0,305.0,11.3136,40.0187,98.71,239.6713,0.0227,0.0002,99.407,210.05,48.9931,-16.863,0.0,0.0001,2.4566,-0.0002,6.1195,35.5371,11.2748,27.1434,35.8937
153.0,307.0,11.3118,40.0175,98.7069,239.7851,0.0216,0.0002,99.3945,210.0501,48.9931,-16.8631,0.0,0.0001,2.4567,0.0,6.1198,35.5369,11.2729,27.1437,35.894
154.0,309.0,11.3087,40.015,98.71,239.6201,0.0199,0.0002,99.4057,210.0501,48.993,-16.8631,0.0,0.0001,2.4546,-0.0005,6.1217,35.5363,11.2695,27.1438,35.8943
155.0,311.0,11.2984,40.0046,98.71,239.5439,0.0196,0.0002,99.4019,210.0501,48.993,-16.8631,0.0,0.0001,2.4534,-0.0005,6.1227,35.535,11.2589,27.1447,35.8957
156.0,313.0,11.2932,39.9993,98.7056,239.6103,0.0218,0.0002,99.407,210.0502,48.993,-16.8631,0.0,0.0001,2.4529,-0.0001,6.1221,35.5339,11.2535,27.1449,35.8961
157.0,315.0,11.2894,39.9964,98.7087,239.5637,0.0221,0.0002,99.3853,210.0502,48.993,-16.8631,0.0,0.0001,2.4522,-0.0002,6.1231,35.5338,11.2495,27.1456,35.897
158.0,317.0,11.286,39.9932,98.71,239.2971,0.0232,0.0002,99.407,210.0503,48.993,-16.8631,0.0,0.0001,2.4505,-0.0008,6.1257,35.5331,11.2458,27.1457,35.8972
159.0,319.0,11.2708,39.9773,98.71,239.4953,0.0242,0.0002,99.407,210.0503,48.993,-16.8631,0.0,0.0001,2.4504,0.0,6.125,35.531,11.2304,27.1469,35.8991
160.0,321.0,11.2677,39.9753,98.71,239.6602,0.0208,0.0002,99.407,210.0503,48.993,-16.8631,0.0,0.0001,2.4503,0.0001,6.126,35.531,11.227,27.1475,35.8998
161.0,323.0,11.2626,39.9707,98.71,239.3036,0.0249,0.0002,99.4098,210.0504,48.993,-16.8631,0.0,0.0001,2.4479,-0.0007,6.1276,35.5304,11.2216,27.1481,35.9006
162.0,325.0,11.2519,39.9593,98.71,239.1421,0.0212,0.0002,99.4196,210.0504,48.993,-16.8631,0.0,0.0001,2.4457,-0.0008,6.1295,35.5287,11.2108,27.1488,35.9018
163.0,327.0,11.2449,39.9529,98.68,239.3081,0.0232,0.0002,99.398,210.0504,48.9929,-16.8631,0.0,0.0001,2.445,-0.0002,6.13,35.5281,11.2036,27.1496,35.9029
164.0,329.0,11.2374,39.9457,98.7,238.9818,0.0209,0.0002,99.4247,210.0505,48.9929,-16.8631,0.0,0.0001,2.4436,-0.0008,6.1308,35.5274,11.1958,27.1505,35.9041
165.0,331.0,11.2312,39.9402,98.71,239.525,0.0182,0.0002,99.4102,210.0505,48.9929,-16.8631,0.0,0.0001,2.444,0.0005,6.1306,35.5267,11.1894,27.1511,35.905
166.0,333.0,11.2307,39.9401,98.71,238.9824,0.0202,0.0002,99.4235,210.0505,48.9929,-16.8632,0.0,0.0001,2.4421,-0.001,6.1323,35.5264,11.1887,27.1511,35.905
167.0,335.0,11.2221,39.9323,98.71,239.027,0.0203,0.0002,99.4359,210.0506,48.9929,-16.8631,0.0,0.0001,2.4406,-0.0004,6.1325,35.526,11.1798,27.1524,35.9067
168.0,337.0,11.2196,39.9305,98.695,239.5879,0.0211,0.0002,99.4315,210.0506,48.9929,-16.8632,0.0,0.0001,2.442,0.0005,6.133,35.5257,11.177,27.1527,35.9071
169.0,339.0,11.2152,39.9264,98.71,238.8837,0.0228,0.0002,99.4359,210.0506,48.9929,-16.8632,0.0,0.0001,2.4395,-0.001,6.1347,35.525,11.1724,27.1529,35.9076
170.0,341.0,11.2016,39.9139,98.71,238.9667,0.0191,0.0002,99.4291,210.0507,48.9929,-16.8632,0.0,0.0001,2.4384,-0.0005,6.1355,35.5248,11.1585,27.1553,35.9105
171.0,343.0,11.198,39.9111,98.694,239.6703,0.0168,0.0002,99.4421,210.0507,48.9929,-16.8632,0.0,0.0001,2.4393,0.0011,6.136,35.5245,11.1547,27.1558,35.9111
172.0,345.0,11.1934,39.9077,98.71,239.2333,0.019,0.0002,99.4239,210.0507,48.9929,-16.8632,0.0,0.0001,2.4384,-0.0002,6.1365,35.5248,11.1499,27.1569,35.9124
173.0,347.0,11.1906,39.9056,98.71,239.3406,0.0214,0.0002,99.4325,210.0508,48.9928,-16.8632,0.0,0.0001,2.4383,-0.0001,6.1367,35.5245,11.1468,27.1573,35.913
174.0,349.0,11.1891,39.9051,98.71,239.2705,0.0212,0.0002,99.4359,210.0508,48.9928,-16.8632,0.0,0.0001,2.4378,-0.0003,6.1368,35.5245,11.145,27.1576,35.9133
175.0,351.0,11.1848,39.9023,98.71,239.5092,0.0199,0.0002,99.441,210.0508,48.9928,-16.8632,0.0,0.0001,2.438,0.0001,6.1371,35.5247,11.1404,27.1586,35.9145
176.0,353.0,11.1875,39.9048,98.7025,239.2585,0.0177,0.0002,99.4307,210.0509,48.9928,-16.8632,0.0,0.0001,2.4368,-0.0006,6.1379,35.5241,11.1429,27.1577,35.9135
177.0,355.0,11.1801,39.8996,98.7032,239.6546,0.0192,0.0002,99.4359,210.0509,48.9928,-16.8632,0.0,0.0001,2.438,0.0003,6.1376,35.5251,11.1353,27.1599,35.916
178.0,357.0,11.1768,39.8975,98.7006,239.9585,0.0218,0.0002,99.4387,210.0509,48.9928,-16.8632,0.0,0.0001,2.4392,0.0004,6.1385,35.5252,11.1317,27.1606,35.9168
179.0,359.0,11.1722,39.8939,98.71,239.4807,0.022,0.0002,99.4394,210.051,48.9928,-16.8632,0.0,0.0001,2.4383,-0.0006,6.139,35.525,11.1269,27.1613,35.9178
180.0,361.0,11.1712,39.8935,98.71,239.7557,0.0194,0.0002,99.4393,210.051,48.9928,-16.8632,0.0,0.0001,2.4372,0.0,6.1397,35.525,11.1256,27.1615,35.918
181.0,363.0,11.1647,39.8888,98.71,239.6604,0.0176,0.0002,99.4393,210.051,48.9928,-16.8632,0.0,0.0001,2.4359,-0.0004,6.1401,35.5256,11.1189,27.1632,35.92
182.0,365.0,11.1618,39.8878,98.71,240.0208,0.0195,0.0002,99.4359,210.0511,48.9928,-16.8632,0.0,0.0001,2.4359,0.0004,6.14,35.5264,11.1158,27.1644,35.9213
183.0,367.0,11.1628,39.8897,98.71,239.9934,0.0193,0.0002,99.441,210.0511,48.9928,-16.8633,0.0,0.0001,2.4369,0.0003,6.1398,35.5264,11.1165,27.1643,35.9212
184.0,369.0,11.1643,39.8917,98.6894,239.9608,0.0197,0.0002,99.4334,210.0512,48.9927,-16.8633,0.0,0.0001,2.4373,-0.0003,6.1404,35.5262,11.1178,27.1639,35.9207
185.0,371.0,11.1608,39.8899,98.6997,240.0441,0.0181,0.0002,99.4461,210.0512,48.9927,-16.8633,0.0,0.0001,2.4361,-0.0001,6.1406,35.5269,11.114,27.1652,35.9222
186.0,373.0,11.1589,39.8891,98.71,239.7064,0.022,0.0002,99.4359,210.0512,48.9927,-16.8633,0.0,0.0001,2.4354,-0.0008,6.1405,35.5272,11.1119,27.1658,35.9229
187.0,375.0,11.1574,39.8901,98.71,240.4858,0.0213,0.0002,99.4406,210.0512,48.9927,-16.8633,0.0,0.0001,2.4385,0.0005,6.1404,35.5283,11.11,27.167,35.9241
188.0,377.0,11.1581,39.8913,98.71,239.8924,0.0202,0.0002,99.4437,210.0513,48.9927,-16.8633,0.0,0.0001,2.4366,-0.0011,6.1409,35.5283,11.1105,27.1669,35.9239
189.0,379.0,11.1557,39.8914,98.71,240.6808,0.0218,0.0002,99.4541,210.0513,48.9927,-16.8633,0.0,0.0001,2.4383,0.0007,6.1408,35.5297,11.1079,27.1685,35.9257
190.0,381.0,11.1557,39.893,98.71,240.7391,0.0215,0.0002,99.4647,210.0513,48.9927,-16.8633,0.0,0.0001,2.4387,0.0003,6.1408,35.5304,11.1077,27.1691,35.9263
191.0,383.0,11.1556,39.8949,98.695,240.6079,0.0215,0.0002,99.4508,210.0514,48.9927,-16.8633,0.0,0.0001,2.4389,-0.0002,6.1407,35.5313,11.1072,27.1698,35.927
192.0,385.0,11.1556,39.8954,98.7,240.9505,0.0218,0.0002,99.4447,210.0514,48.9927,-16.8633,0.0,0.0001,2.4397,0.0005,6.1408,35.5314,11.1071,27.1699,35.9271
193.0,387.0,11.1551,39.8969,98.71,240.7217,0.0212,0.0002,99.4647,210.0515,48.9927,-16.8633,0.0,0.0001,2.4392,-0.0005,6.1411,35.5322,11.1063,27.1707,35.9279
194.0,389.0,11.1539,39.897,98.71,241.4375,0.0201,0.0002,99.4647,210.0515,48.9927,-16.8633,0.0,0.0001,2.4407,0.001,6.1411,35.5325,11.1047,27.1712,35.9285
195.0,391.0,11.1531,39.8972,98.695,241.0187,0.0212,0.0002,99.4674,210.0515,48.9926,-16.8633,0.0,0.0001,2.4405,-0.0003,6.1411,35.5326,11.1037,27.1715,35.9288
196.0,393.0,11.1537,39.8988,98.71,241.3001,0.0179,0.0002,99.4656,210.0516,48.9926,-16.8633,0.0,0.0001,2.4413,0.0001,6.1408,35.5328,11.1041,27.1716,35.9289
197.0,395.0,11.1551,39.9034,98.695,241.3976,0.0227,0.0002,99.4647,210.0516,48.9926,-16.8633,0.0,0.0001,2.4408,0.0002,6.1407,35.5351,11.1053,27.1731,35.9303
198.0,397.0,11.156,39.9053,98.68,241.4827,0.0219,0.0002,99.4647,210.0516,48.9926,-16.8633,0.0,0.0001,2.4414,0.0001,6.1407,35.5351,11.1058,27.1731,35.9303
199.0,399.0,11.1559,39.9067,98.6847,241.5731,0.0199,0.0002,99.4583,210.0517,48.9926,-16.8633,0.0,0.0001,2.4419,0.0002,6.1406,35.5356,11.1055,27.1735,35.9307
200.0,401.0,11.1563,39.9077,98.6894,241.0904,0.0198,0.0002,99.4701,210.0517,48.9926,-16.8633,0.0,0.0001,2.4403,-0.0011,6.1405,35.5355,11.1057,27.1734,35.9306
201.0,403.0,11.1565,39.9108,98.71,241.625,0.0189,0.0002,99.4695,210.0517,48.9926,-16.8634,0.0,0.0001,2.441,0.0003,6.1405,35.5375,11.1055,27.175,35.9322
202.0,405.0,11.1569,39.9131,98.71,242.1936,0.0207,0.0002,99.4763,210.0518,48.9926,-16.8634,0.0,0.0001,2.4433,0.001,6.1404,35.5384,11.1057,27.1757,35.9328
203.0,407.0,11.1571,39.9134,98.71,241.9415,0.021,0.0002,99.4636,210.0518,48.9926,-16.8634,0.0,0.0001,2.4436,0.0,6.1403,35.5378,11.1057,27.1752,35.9323
204.0,409.0,11.1573,39.916,98.71,241.928,0.0197,0.0002,99.4699,210.0519,48.9926,-16.8634,0.0,0.0001,2.444,-0.0003,6.1403,35.5393,11.1057,27.1764,35.9335
205.0,411.0,11.1575,39.9179,98.71,242.2993,0.0221,0.0002,99.4647,210.0519,48.9926,-16.8634,0.0,0.0001,2.4445,0.0005,6.1403,35.5401,11.1056,27.177,35.9341
206.0,413.0,11.1573,39.9187,98.71,242.2273,0.0209,0.0002,99.4712,210.0519,48.9926,-16.8634,0.0,0.0001,2.4449,-0.0002,6.1403,35.5403,11.1051,27.1772,35.9343
207.0,415.0,11.1575,39.9198,98.71,241.9071,0.0204,0.0002,99.4647,210.052,48.9925,-16.8634,0.0,0.0001,2.4421,-0.0004,6.1402,35.5404,11.1051,27.1773,35.9344
208.0,417.0,11.1567,39.9206,98.6936,241.9398,0.0221,0.0002,99.4705,210.052,48.9925,-16.8634,0.0,0.0001,2.4415,-0.0002,6.1404,35.5408,11.104,27.1778,35.935
209.0,419.0,11.1559,39.9208,98.7018,242.3632,0.0159,0.0002,99.4659,210.052,48.9925,-16.8634,0.0,0.0001,2.4418,0.0006,6.1404,35.5409,11.1028,27.1781,35.9353
210.0,421.0,11.1549,39.9209,98.71,242.096,0.0186,0.0002,99.4627,210.0521,48.9925,-16.8634,0.0,0.0001,2.4418,-0.0003,6.1406,35.541,11.1017,27.1784,35.9357
211.0,423.0,11.1542,39.9213,98.7081,242.1877,0.0208,0.0002,99.4647,210.0521,48.9925,-16.8634,0.0,0.0001,2.4412,0.0002,6.1405,35.5412,11.1007,27.1787,35.936
212.0,425.0,11.1544,39.9221,98.7062,241.7651,0.0218,0.0002,99.4624,210.0522,48.9925,-16.8634,0.0,0.0001,2.4391,-0.0006,6.1407,35.5411,11.1007,27.1787,35.936
213.0,427.0,11.1531,39.922,98.71,241.4436,0.0207,0.0002,99.4647,210.0522,48.9925,-16.8634,0.0,0.0001,2.4361,-0.0009,6.141,35.5413,11.0991,27.1791,35.9365
214.0,429.0,11.1515,39.9213,98.71,241.7625,0.0188,0.0002,99.4773,210.0522,48.9925,-16.8634,0.0,0.0001,2.4363,0.0,6.1409,35.5412,11.0972,27.1794,35.9368
215.0,431.0,11.1503,39.9211,98.7043,242.2307,0.0192,0.0002,99.4564,210.0523,48.9925,-16.8634,0.0,0.0001,2.4393,0.0003,6.1409,35.5413,11.0957,27.1798,35.9373
216.0,433.0,11.1509,39.9225,98.7024,241.2512,0.0208,0.0002,99.4683,210.0523,48.9924,-16.8634,0.0,0.0001,2.4354,-0.0018,6.1415,35.5412,11.0961,27.1796,35.9371
217.0,435.0,11.1479,39.9203,98.7006,241.6681,0.0201,0.0002,99.4647,210.0523,48.9924,-16.8634,0.0,0.0001,2.4347,-0.0004,6.1413,35.541,11.0928,27.18,35.9377
218.0,437.0,11.147,39.9203,98.6987,242.0679,0.0171,0.0002,99.4568,210.0524,48.9924,-16.8634,0.0,0.0001,2.4363,0.0002,6.1413,35.5409,11.0916,27.1802,35.9378
219.0,439.0,11.1482,39.9222,98.71,241.4874,0.017,0.0002,99.4589,210.0524,48.9924,-16.8634,0.0,0.0001,2.4337,-0.0008,6.1417,35.5409,11.0927,27.18,35.9376
220.0,441.0,11.1456,39.9202,98.7025,241.5241,0.0174,0.0002,99.4631,210.0525,48.9924,-16.8634,0.0,0.0001,2.4323,-0.0004,6.1418,35.5406,11.0898,27.1803,35.9381
221.0,443.0,11.1442,39.9196,98.71,241.1109,0.0161,0.0002,99.4647,210.0525,48.9924,-16.8634,0.0,0.0001,2.4298,-0.0011,6.1419,35.5405,11.0883,27.1805,35.9383
222.0,445.0,11.143,39.9193,98.71,241.7441,0.018,0.0002,99.4497,210.0525,48.9924,-16.8634,0.0,0.0001,2.431,0.0005,6.142,35.5404,11.0867,27.1807,35.9386
223.0,447.0,11.1423,39.9194,98.7029,241.7316,0.0177,0.0002,99.459,210.0526,48.9924,-16.8634,0.0,0.0001,2.4319,-0.0002,6.1429,35.5404,11.0858,27.1809,35.9388
224.0,449.0,11.1358,39.9141,98.71,241.2839,0.0198,0.0002,99.4623,210.0526,48.9923,-16.8634,0.0,0.0001,2.4286,-0.0006,6.1434,35.5403,11.079,27.182,35.9402
225.0,451.0,11.1333,39.9123,98.71,240.4462,0.0226,0.0002,99.4647,210.0527,48.9923,-16.8634,0.0,0.0001,2.4247,-0.002,6.1436,35.5401,11.0763,27.1823,35.9407
226.0,453.0,11.1315,39.9112,98.71,240.5668,0.0176,0.0002,99.4548,210.0527,48.9923,-16.8634,0.0,0.0001,2.4227,-0.0009,6.1434,35.5398,11.0742,27.1825,35.9409
227.0,455.0,11.131,39.9117,98.695,241.3593,0.0228,0.0002,99.4589,210.0527,48.9923,-16.8635,0.0,0.0001,2.4253,0.0004,6.1435,35.5401,11.0736,27.1829,35.9413
228.0,457.0,11.1316,39.9135,98.71,240.2946,0.0214,0.0002,99.449,210.0528,48.9923,-16.8635,0.0,0.0001,2.4225,-0.0019,6.1435,35.5402,11.0738,27.1829,35.9413
229.0,459.0,11.1325,39.9152,98.71,241.1182,0.021,0.0002,99.4492,210.0528,48.9923,-16.8635,0.0,0.0001,2.4227,0.0001,6.1432,35.5404,11.0744,27.183,35.9413
230.0,461.0,11.136,39.9215,98.68,240.4003,0.0161,0.0003,99.2792,210.0529,48.9923,-16.8635,0.0,0.0001,2.42,-0.0014,6.143,35.5422,11.0777,27.1837,35.942
231.0,463.0,11.1358,39.9224,98.7064,240.8757,0.0159,0.0002,99.446,210.0529,48.9923,-16.8635,0.0,0.0001,2.4206,-0.0002,6.1428,35.5423,11.0771,27.1839,35.9422
232.0,465.0,11.1358,39.9229,98.707,240.6795,0.0182,0.0002,99.4575,210.0529,48.9923,-16.8635,0.0,0.0001,2.4197,-0.0003,6.1429,35.5423,11.077,27.184,35.9422
233.0,467.0,11.137,39.9248,98.6937,240.0784,0.0216,0.0002,99.4529,210.053,48.9923,-16.8635,0.0,0.0001,2.4171,-0.0015,6.1425,35.5421,11.078,27.1836,35.9418
234.0,469.0,11.1398,39.9335,98.6955,240.9405,0.0221,0.0002,99.461,210.053,48.9923,-16.8635,0.0,0.0001,2.4186,0.0003,6.1427,35.5468,11.0803,27.1869,35.9449
235.0,471.0,11.1397,39.9339,98.695,240.8627,0.0217,0.0002,99.4341,210.053,48.9922,-16.8635,0.0,0.0001,2.4189,-0.0001,6.1425,35.5468,11.0802,27.1869,35.945
236.0,473.0,11.1399,39.9355,98.71,240.0277,0.0211,0.0002,99.4647,210.0531,48.9922,-16.8635,0.0,0.0001,2.4164,-0.0014,6.1424,35.5472,11.0801,27.1872,35.9453
237.0,475.0,11.1392,39.9371,98.7,240.3599,0.019,0.0002,99.4548,210.0531,48.9922,-16.8635,0.0,0.0001,2.4149,-0.0004,6.1422,35.5485,11.079,27.1884,35.9465
238.0,477.0,11.1407,39.94,98.6919,241.0542,0.0182,0.0002,99.4683,210.0532,48.9922,-16.8635,0.0,0.0001,2.4155,0.001,6.1422,35.5492,11.0803,27.1887,35.9467
239.0,479.0,11.1393,39.9407,98.705,240.73,0.0184,0.0002,99.4511,210.0532,48.9922,-16.8635,0.0,0.0001,2.4161,-0.0002,6.1426,35.5503,11.0787,27.1898,35.9479
240.0,481.0,11.1367,39.9397,98.71,240.6757,0.0207,0.0002,99.4431,210.0532,48.9922,-16.8635,0.0,0.0001,2.4139,-0.0001,6.1426,35.5507,11.0758,27.1907,35.9489
241.0,483.0,11.1367,39.9402,98.7062,240.4546,0.0169,0.0002,99.4489,210.0533,48.9922,-16.8635,0.0,0.0001,2.4137,-0.0004,6.142,35.5508,11.0756,27.1908,35.949
242.0,485.0,11.1419,39.9482,98.6967,240.3554,0.0213,0.0002,99.4562,210.0533,48.9922,-16.8635,0.0,0.0001,2.4115,-0.0005,6.1421,35.5526,11.0804,27.1913,35.9493
243.0,487.0,11.1464,39.9554,98.7048,240.7631,0.0182,0.0002,99.443,210.0534,48.9922,-16.8635,0.0,0.0001,2.4137,0.0003,6.1413,35.5545,11.0847,27.1921,35.9498
244.0,489.0,11.1482,39.9589,98.71,241.1782,0.0185,0.0002,99.4359,210.0534,48.9922,-16.8635,0.0,0.0001,2.4138,0.0006,6.1412,35.5554,11.0862,27.1924,35.9501
245.0,491.0,11.1474,39.9607,98.71,240.7883,0.0188,0.0002,99.4458,210.0534,48.9922,-16.8635,0.0,0.0001,2.4139,-0.0004,6.1413,35.5571,11.0852,27.194,35.9517
246.0,493.0,11.1421,39.9566,98.704,241.0624,0.018,0.0002,99.4361,210.0535,48.9921,-16.8635,0.0,0.0001,2.4146,0.0002,6.1413,35.557,11.0796,27.1949,35.9529
247.0,495.0,11.1433,39.9586,98.71,240.635,0.0199,0.0002,99.4257,210.0535,48.9921,-16.8635,0.0,0.0001,2.4135,-0.0009,6.1414,35.5571,11.0806,27.1948,35.9527
248.0,497.0,11.1431,39.9615,98.695,240.7577,0.0224,0.0002,99.4415,210.0536,48.9921,-16.8635,0.0,0.0001,2.4121,-0.0003,6.1416,35.5593,11.0801,27.1966,35.9545
249.0,499.0,11.1417,39.9609,98.7069,241.2028,0.0226,0.0002,99.443,210.0536,48.9921,-16.8635,0.0,0.0001,2.4138,0.0005,6.1414,35.5592,11.0784,27.1969,35.9548
250.0,501.0,11.142,39.9618,98.6979,241.1101,0.0192,0.0002,99.4381,210.0536,48.9921,-16.8635,0.0,0.0001,2.4133,0.0001,6.1415,35.559,11.0785,27.1967,35.9547
251.0,503.0,11.143,39.9658,98.7055,241.6823,0.0182,0.0002,99.4363,210.0537,48.9921,-16.8635,0.0,0.0001,2.4164,0.0006,6.1415,35.5609,11.0791,27.198,35.9559
252.0,505.0,11.1421,39.9651,98.702,240.8809,0.0187,0.0002,99.4359,210.0537,48.9921,-16.8635,0.0,0.0001,2.4131,-0.0011,6.143,35.5605,11.078,27.1979,35.9559
253.0,507.0,11.1298,39.9525,98.6985,241.2208,0.0231,0.0002,99.4313,210.0537,48.9921,-16.8636,0.0,0.0001,2.4124,0.0,6.1431,35.5586,11.0655,27.1988,35.9573
254.0,509.0,11.1296,39.9535,98.695,241.0003,0.0207,0.0002,99.4359,210.0538,48.9921,-16.8636,0.0,0.0001,2.4116,-0.0004,6.1426,35.559,11.065,27.1992,35.9577
255.0,511.0,11.1325,39.9578,98.6894,240.5604,0.0215,0.0002,99.4318,210.0538,48.9921,-16.8636,0.0,0.0001,2.4093,-0.001,6.1419,35.5598,11.0678,27.1992,35.9576
256.0,513.0,11.1376,39.9653,98.7013,241.2224,0.0214,0.0002,99.4311,210.0538,48.9921,-16.8636,0.0,0.0001,2.4103,0.0006,6.1417,35.5613,11.0725,27.1996,35.9578
257.0,515.0,11.1426,39.9721,98.7053,241.3766,0.0194,0.0002,99.3733,210.0539,48.9921,-16.8636,0.0,0.0001,2.4114,0.0003,6.1413,35.5625,11.0773,27.1997,35.9576
258.0,517.0,11.143,39.9747,98.7006,241.6805,0.0227,0.0002,99.4118,210.0539,48.9921,-16.8636,0.0,0.0001,2.4124,0.0006,6.1415,35.5637,11.0774,27.2005,35.9585
259.0,519.0,11.1405,39.9736,98.6999,241.7396,0.0202,0.0002,99.4308,210.054,48.9921,-16.8636,0.0,0.0001,2.4134,0.0003,6.1415,35.564,11.0746,27.2013,35.9594
260.0,521.0,11.1407,39.974,98.71,241.6144,0.0184,0.0002,99.4127,210.054,48.9921,-16.8636,0.0,0.0001,2.4135,-0.0004,6.1421,35.5635,11.0746,27.2009,35.9589
261.0,523.0,11.137,39.972,98.71,241.1235,0.0205,0.0002,99.4224,210.054,48.992,-16.8636,0.0,0.0001,2.4109,-0.0012,6.1423,35.5639,11.0706,27.202,35.9602
262.0,525.0,11.1329,39.9683,98.7034,241.8098,0.0189,0.0002,99.4256,210.054,48.992,-16.8636,0.0,0.0001,2.4115,0.0004,6.1434,35.5634,11.0663,27.2024,35.9608
263.0,527.0,11.124,39.959,98.7024,241.2783,0.0186,0.0002,99.4287,210.0541,48.992,-16.8636,0.0,0.0001,2.4099,-0.0008,6.1443,35.562,11.0572,27.2029,35.9617
264.0,529.0,11.121,39.9562,98.71,240.6471,0.0173,0.0002,99.4214,210.0541,48.992,-16.8636,0.0,0.0001,2.4066,-0.0014,6.1438,35.5614,11.054,27.203,35.962
265.0,531.0,11.1191,39.9547,98.6881,241.001,0.0208,0.0002,99.4298,210.0541,48.992,-16.8636,0.0,0.0001,2.406,-0.0005,6.1447,35.5608,11.0518,27.203,35.962
266.0,533.0,11.1171,39.9544,98.6975,240.4041,0.0189,0.0002,99.4245,210.0542,48.992,-16.8636,0.0,0.0001,2.4023,-0.0012,6.145,35.5614,11.0496,27.2039,35.963
267.0,535.0,11.1157,39.9541,98.6896,241.5173,0.0194,0.0002,99.4192,210.0542,48.992,-16.8636,0.0,0.0001,2.4046,0.0011,6.1447,35.5615,11.0479,27.2043,35.9634
268.0,537.0,11.115,39.9543,98.6917,241.0347,0.0183,0.0002,99.4383,210.0542,48.992,-16.8636,0.0,0.0001,2.4044,-0.0004,6.1451,35.5615,11.0469,27.2044,35.9636
269.0,539.0,11.1143,39.954,98.68,240.8346,0.0174,0.0002,99.4059,210.0543,48.992,-16.8637,0.0,0.0001,2.4019,-0.0003,6.1454,35.561,11.0459,27.2042,35.9635
270.0,541.0,11.1125,39.9535,98.6975,240.9265,0.0165,0.0002,99.4265,210.0543,48.992,-16.8637,0.0,0.0001,2.4017,-0.0002,6.1455,35.5614,11.0439,27.2049,35.9643
271.0,543.0,11.1113,39.953,98.7023,240.7761,0.0208,0.0002,99.4114,210.0543,48.992,-16.8637,0.0,0.0001,2.4005,-0.0004,6.1459,35.5613,11.0425,27.2051,35.9645
272.0,545.0,11.1103,39.9527,98.71,240.5412,0.0178,0.0002,99.4256,210.0544,48.992,-16.8637,0.0,0.0001,2.3993,-0.0008,6.1455,35.5612,11.0412,27.2052,35.9647
273.0,547.0,11.1071,39.9507,98.7059,241.248,0.0194,0.0002,99.4234,210.0544,48.992,-16.8637,0.0,0.0001,2.4009,0.0006,6.1461,35.5612,11.0377,27.2059,35.9655
274.0,549.0,11.1085,39.953,98.7053,240.4489,0.0214,0.0002,99.4269,210.0544,48.992,-16.8637,0.0,0.0001,2.3985,-0.0014,6.1469,35.5615,11.0389,27.2059,35.9654
275.0,551.0,11.1008,39.9467,98.695,240.9706,0.0218,0.0002,99.4334,210.0544,48.992,-16.8637,0.0,0.0001,2.3989,0.0001,6.1464,35.5615,11.031,27.2074,35.9672
276.0,553.0,11.0983,39.9453,98.7025,241.0809,0.0228,0.0002,99.435,210.0545,48.9919,-16.8637,0.0,0.0001,2.3991,0.0,6.1475,35.5616,11.0282,27.208,35.9679
277.0,555.0,11.0969,39.9447,98.71,241.0467,0.0213,0.0002,99.4239,210.0545,48.9919,-16.8637,0.0,0.0001,2.3985,0.0,6.148,35.5616,11.0266,27.2082,35.9683
278.0,557.0,11.0933,39.9422,98.6975,240.4152,0.02,0.0002,99.4487,210.0545,48.9919,-16.8637,0.0,0.0001,2.3956,-0.0012,6.148,35.5617,11.0227,27.209,35.9692
279.0,559.0,11.0923,39.9419,98.695,240.9226,0.0187,0.0002,99.4272,210.0546,48.9919,-16.8637,0.0,0.0001,2.3958,0.0001,6.1482,35.5614,11.0215,27.209,35.9693
280.0,561.0,11.091,39.9416,98.7061,241.4238,0.0164,0.0002,99.4374,210.0546,48.9919,-16.8637,0.0,0.0001,2.3981,0.0007,6.1485,35.5615,11.0199,27.2094,35.9697
281.0,563.0,11.0885,39.9405,98.71,241.3939,0.0197,0.0002,99.4395,210.0546,48.9919,-16.8637,0.0,0.0001,2.3987,0.0001,6.1485,35.5618,11.0172,27.2101,35.9705
282.0,565.0,11.0876,39.9407,98.71,241.2594,0.0176,0.0002,99.429,210.0547,48.9919,-16.8637,0.0,0.0001,2.3979,-0.0002,6.1488,35.5619,11.0159,27.2104,35.9709
283.0,567.0,11.0866,39.9404,98.695,240.8271,0.0167,0.0002,99.4435,210.0547,48.9919,-16.8638,0.0,0.0001,2.3966,-0.0009,6.1489,35.5619,11.0147,27.2106,35.9711
284.0,569.0,11.0847,39.9401,98.7025,241.027,0.017,0.0002,99.4329,210.0547,48.9919,-16.8638,0.0,0.0001,2.3955,-0.0004,6.1489,35.5623,11.0125,27.2114,35.972
285.0,571.0,11.0839,39.9399,98.6963,241.2367,0.0174,0.0002,99.433,210.0548,48.9919,-16.8638,0.0,0.0001,2.3957,0.0001,6.1489,35.5625,11.0115,27.2117,35.9723
286.0,573.0,11.0818,39.9394,98.7045,241.9577,0.0153,0.0002,99.4528,210.0548,48.9919,-16.8638,0.0,0.0001,2.398,0.0012,6.1496,35.5629,11.0091,27.2124,35.9732
287.0,575.0,11.08,39.9386,98.7009,241.3086,0.0163,0.0002,99.4551,210.0548,48.9919,-16.8638,0.0,0.0001,2.3966,-0.0005,6.1495,35.563,11.0071,27.2128,35.9737
288.0,577.0,11.0773,39.9367,98.698,241.3083,0.0212,0.0002,99.432,210.0549,48.9919,-16.8638,0.0,0.0001,2.3951,-0.0004,6.1502,35.5628,11.0042,27.2133,35.9742
289.0,579.0,11.0758,39.9358,98.695,241.308,0.0189,0.0002,99.4359,210.0549,48.9919,-16.8638,0.0,0.0001,2.3932,0.0,6.1503,35.5625,11.0024,27.2134,35.9744
290.0,581.0,11.0724,39.9334,98.698,241.1599,0.0202,0.0002,99.4519,210.0549,48.9919,-16.8638,0.0,0.0001,2.3932,-0.0002,6.15,35.5625,10.9987,27.214,35.9752
291.0,583.0,11.0708,39.9325,98.7075,241.2297,0.0203,0.0002,99.4368,210.055,48.9918,-16.8638,0.0,0.0001,2.3929,-0.0002,6.1508,35.5624,10.997,27.2142,35.9755
292.0,585.0,11.0669,39.93,98.71,240.9509,0.0179,0.0002,99.4539,210.055,48.9918,-16.8638,0.0,0.0001,2.3907,-0.0006,6.1517,35.5625,10.9927,27.2151,35.9765
293.0,587.0,11.0654,39.9291,98.6987,241.1724,0.0187,0.0002,99.4426,210.055,48.9918,-16.8638,0.0,0.0001,2.3907,-0.0001,6.1515,35.5622,10.991,27.2152,35.9767
294.0,589.0,11.0626,39.9272,98.7062,241.6344,0.0212,0.0002,99.4424,210.0551,48.9918,-16.8638,0.0,0.0001,2.392,0.0006,6.1517,35.5621,10.9879,27.2157,35.9773
295.0,591.0,11.064,39.9293,98.7014,241.7401,0.0215,0.0002,99.4471,210.0551,48.9918,-16.8639,0.0,0.0001,2.3932,0.0002,6.152,35.5622,10.9892,27.2156,35.9771
296.0,593.0,11.0598,39.9258,98.7023,241.5064,0.0189,0.0002,99.4464,210.0551,48.9918,-16.8639,0.0,0.0001,2.3926,-0.0004,6.1524,35.5618,10.9846,27.2161,35.9778
297.0,595.0,11.0581,39.9249,98.7008,241.6322,0.0241,0.0002,99.4437,210.0552,48.9918,-16.8639,0.0,0.0001,2.392,0.0001,6.1524,35.5617,10.9827,27.2163,35.9781
298.0,597.0,11.0562,39.9238,98.7069,241.9903,0.0186,0.0002,99.4374,210.0552,48.9918,-16.8639,0.0,0.0001,2.3929,0.0003,6.1525,35.5615,10.9806,27.2166,35.9785
299.0,599.0,11.0588,39.928,98.71,241.2678,0.0208,0.0002,99.4515,210.0553,48.9918,-16.8639,0.0,0.0001,2.3911,-0.0011,6.1524,35.5623,10.9828,27.2168,35.9786
300.0,601.0,11.0625,39.934,98.7036,241.6574,0.0183,0.0002,99.4435,210.0553,48.9918,-16.8639,0.0,0.0001,2.3911,0.0,6.1522,35.5636,10.9863,27.2171,35.9788
301.0,603.0,11.0615,39.9337,98.7025,241.9167,0.0177,0.0002,99.4506,210.0553,48.9918,-16.8639,0.0,0.0001,2.3918,0.0002,6.1522,35.5637,10.985,27.2174,35.9791
302.0,605.0,11.059,39.9328,98.6887,242.2661,0.0199,0.0002,99.4596,210.0554,48.9918,-16.8639,0.0,0.0001,2.3931,0.0006,6.1525,35.5641,10.9822,27.2183,35.9801
303.0,607.0,11.0561,39.9302,98.7025,242.04,0.0192,0.0002,99.4567,210.0554,48.9918,-16.8639,0.0,0.0001,2.3927,-0.0002,6.153,35.5638,10.9792,27.2186,35.9806
304.0,609.0,11.0542,39.9292,98.7025,241.5404,0.016,0.0002,99.4517,210.0554,48.9918,-16.8639,0.0,0.0001,2.3907,-0.0009,6.1528,35.5636,10.977,27.2188,35.9808
305.0,611.0,11.0527,39.9287,98.7009,242.1048,0.0164,0.0002,99.4391,210.0555,48.9918,-16.8639,0.0,0.0001,2.3919,0.0001,6.1531,35.5636,10.9752,27.2192,35.9813
306.0,613.0,11.0515,39.9285,98.6987,242.352,0.0162,0.0002,99.4616,210.0555,48.9917,-16.864,0.0,0.0001,2.3919,0.0003,6.1536,35.5635,10.9738,27.2193,35.9815
307.0,615.0,11.0503,39.9279,98.7,242.5556,0.0192,0.0002,99.4551,210.0555,48.9917,-16.864,0.0,0.0001,2.3927,0.0006,6.1536,35.5633,10.9723,27.2194,35.9817
308.0,617.0,11.0491,39.9275,98.705,242.1374,0.0174,0.0002,99.4527,210.0556,48.9917,-16.864,0.0,0.0001,2.3916,-0.0004,6.1538,35.5633,10.9709,27.2197,35.982
309.0,619.0,11.0479,39.9271,98.71,242.729,0.0196,0.0002,99.4512,210.0556,48.9917,-16.864,0.0,0.0001,2.3929,0.0006,6.1539,35.5632,10.9694,27.2199,35.9823
310.0,621.0,11.0471,39.9273,98.71,242.0897,0.0203,0.0002,99.4581,210.0556,48.9917,-16.864,0.0,0.0001,2.3905,-0.0006,6.1541,35.5633,10.9683,27.2202,35.9826
311.0,623.0,11.0445,39.9255,98.6997,241.6273,0.0191,0.0002,99.4602,210.0557,48.9917,-16.864,0.0,0.0001,2.3873,-0.0012,6.1546,35.5629,10.9655,27.2204,35.9829
312.0,625.0,11.0428,39.9246,98.71,242.7712,0.0178,0.0002,99.4647,210.0557,48.9917,-16.864,0.0,0.0001,2.3895,0.0014,6.1542,35.5626,10.9634,27.2206,35.9832
313.0,627.0,11.0391,39.9218,98.6886,242.4951,0.0165,0.0002,99.4579,210.0557,48.9917,-16.864,0.0,0.0001,2.3895,0.0004,6.1543,35.5625,10.9596,27.2212,35.9839
314.0,629.0,11.0398,39.9227,98.7064,241.7918,0.0179,0.0002,99.4445,210.0558,48.9917,-16.864,0.0,0.0001,2.3877,-0.0011,6.155,35.5625,10.9601,27.2211,35.9838
315.0,631.0,11.0387,39.9229,98.7044,241.9655,0.0169,0.0002,99.4455,210.0558,48.9917,-16.864,0.0,0.0001,2.386,-0.0004,6.1558,35.5627,10.9587,27.2215,35.9842
316.0,633.0,11.0351,39.9199,98.685,242.4327,0.0152,0.0002,99.4458,210.0558,48.9917,-16.864,0.0,0.0001,2.3871,0.0004,6.1555,35.562,10.9549,27.2217,35.9846
317.0,635.0,11.032,39.9177,98.6987,242.8049,0.0174,0.0002,99.4607,210.0559,48.9917,-16.864,0.0,0.0001,2.3888,0.0009,6.1546,35.5619,10.9514,27.2222,35.9853
318.0,637.0,11.0333,39.9194,98.6984,242.6142,0.0173,0.0002,99.4412,210.0559,48.9917,-16.864,0.0,0.0001,2.3896,-0.0003,6.1559,35.5618,10.9526,27.2219,35.985
319.0,639.0,11.0302,39.9172,98.695,241.3886,0.0169,0.0002,99.448,210.056,48.9916,-16.8641,0.0,0.0001,2.3839,-0.0022,6.1567,35.5615,10.9492,27.2223,35.9855
320.0,641.0,11.0285,39.9162,98.6985,242.1976,0.0171,0.0002,99.4375,210.056,48.9916,-16.8641,0.0,0.0001,2.384,-0.0001,6.1563,35.5612,10.9472,27.2224,35.9857
321.0,643.0,11.0269,39.9154,98.6945,242.8517,0.0184,0.0002,99.4611,210.056,48.9916,-16.8641,0.0,0.0001,2.386,0.0012,6.1561,35.5611,10.9453,27.2227,35.986
322.0,645.0,11.0258,39.9151,98.7044,242.6167,0.0184,0.0002,99.4577,210.056,48.9916,-16.8641,0.0,0.0001,2.3871,-0.0001,6.1565,35.5613,10.9441,27.223,35.9864
323.0,647.0,11.0258,39.9159,98.707,241.9225,0.0184,0.0002,99.4568,210.0561,48.9916,-16.8641,0.0,0.0001,2.3834,-0.0011,6.1573,35.5612,10.9438,27.223,35.9865
324.0,649.0,11.0224,39.9129,98.7,242.3537,0.0182,0.0002,99.4551,210.0561,48.9916,-16.8641,0.0,0.0001,2.3834,0.0001,6.1569,35.5606,10.9402,27.2232,35.9867
325.0,651.0,11.0216,39.9131,98.6945,242.5281,0.0173,0.0002,99.4568,210.0561,48.9916,-16.8641,0.0,0.0001,2.3837,0.0002,6.1573,35.5607,10.9391,27.2235,35.9871
326.0,653.0,11.0208,39.9128,98.7029,242.7469,0.0194,0.0002,99.4511,210.0562,48.9916,-16.8641,0.0,0.0001,2.3846,0.0003,6.1581,35.5604,10.938,27.2235,35.9871
327.0,655.0,11.0159,39.9088,98.7019,242.5028,0.0177,0.0002,99.4686,210.0562,48.9916,-16.8641,0.0,0.0001,2.3837,-0.0003,6.1581,35.56,10.9329,27.2241,35.988
328.0,657.0,11.0151,39.9088,98.703,242.3488,0.0161,0.0002,99.4647,210.0563,48.9916,-16.8641,0.0,0.0001,2.3823,-0.0003,6.1585,35.5599,10.9318,27.2242,35.9881
329.0,659.0,11.0133,39.9078,98.7028,242.5219,0.0173,0.0002,99.4686,210.0563,48.9916,-16.8641,0.0,0.0001,2.3826,-0.0002,6.1589,35.5597,10.9298,27.2244,35.9884
330.0,661.0,11.0119,39.9067,98.7025,241.8003,0.017,0.0002,99.4647,210.0563,48.9916,-16.8641,0.0,0.0001,2.3796,-0.0013,6.1596,35.5592,10.9281,27.2243,35.9884
331.0,663.0,11.006,39.9012,98.71,242.3349,0.0177,0.0002,99.4618,210.0563,48.9916,-16.8642,0.0,0.0001,2.3797,0.0001,6.1598,35.5586,10.922,27.2249,35.9893
332.0,665.0,11.003,39.8987,98.6902,242.311,0.0186,0.0002,99.4545,210.0564,48.9916,-16.8642,0.0,0.0001,2.3795,-0.0002,6.1599,35.5582,10.9187,27.2252,35.9897
333.0,667.0,11.0018,39.8985,98.7023,242.5928,0.0182,0.0002,99.4491,210.0564,48.9916,-16.8642,0.0,0.0001,2.38,0.0001,6.1604,35.5581,10.9172,27.2254,35.99
334.0,669.0,10.9996,39.8971,98.7033,241.826,0.0169,0.0002,99.4563,210.0565,48.9915,-16.8642,0.0,0.0001,2.3773,-0.0013,6.1607,35.5578,10.9148,27.2256,35.9903
335.0,671.0,10.9966,39.8945,98.7013,241.9391,0.0152,0.0002,99.4474,210.0565,48.9915,-16.8642,0.0,0.0001,2.3761,-0.0007,6.1602,35.5572,10.9115,27.2257,35.9905
336.0,673.0,10.994,39.8924,98.6992,242.2919,0.015,0.0002,99.4523,210.0565,48.9915,-16.8642,0.0,0.0001,2.3774,0.0,6.1609,35.557,10.9087,27.2261,35.991
337.0,675.0,10.9942,39.8934,98.695,242.1436,0.018,0.0002,99.4465,210.0566,48.9915,-16.8642,0.0,0.0001,2.3751,-0.0004,6.1618,35.5568,10.9087,27.226,35.9909
338.0,677.0,10.9889,39.8883,98.69,241.8764,0.0171,0.0002,99.4503,210.0566,48.9915,-16.8642,0.0,0.0001,2.3742,-0.0008,6.161,35.556,10.9032,27.2264,35.9915
339.0,679.0,10.9832,39.8832,98.692,242.5077,0.0162,0.0002,99.4476,210.0566,48.9915,-16.8642,0.0,0.0001,2.376,0.0003,6.1615,35.5553,10.8971,27.2269,35.9924
340.0,681.0,10.984,39.8848,98.698,242.5369,0.0157,0.0002,99.4539,210.0567,48.9915,-16.8643,0.0,0.0001,2.3748,-0.0001,6.1635,35.5554,10.8977,27.2269,35.9923
341.0,683.0,10.9763,39.8775,98.6978,241.8324,0.0128,0.0002,99.4571,210.0567,48.9915,-16.8642,0.0,0.0001,2.3738,-0.0015,6.165,35.5547,10.8898,27.2278,35.9935
342.0,685.0,10.9689,39.8704,98.6991,242.0987,0.0148,0.0002,99.4536,210.0567,48.9915,-16.8642,0.0,0.0001,2.3721,-0.0005,6.1651,35.5538,10.8822,27.2285,35.9945
343.0,687.0,10.9642,39.8665,98.6954,242.4635,0.0171,0.0002,99.4467,210.0568,48.9915,-16.8643,0.0,0.0001,2.3736,0.0003,6.1646,35.5537,10.8772,27.2293,35.9955
344.0,689.0,10.9627,39.8658,98.6974,242.3787,0.0187,0.0002,99.4111,210.0568,48.9915,-16.8643,0.0,0.0001,2.3727,-0.0001,6.1655,35.5536,10.8755,27.2295,35.9958
345.0,691.0,10.9622,39.8662,98.68,242.2586,0.0207,0.0003,99.2524,210.0568,48.9915,-16.8643,0.0,0.0001,2.3714,-0.0003,6.1653,35.5534,10.8747,27.2295,35.9959
346.0,693.0,10.962,39.8665,98.699,241.944,0.0183,0.0002,99.4472,210.0569,48.9915,-16.8643,0.0,0.0001,2.3696,-0.0008,6.1669,35.5534,10.8743,27.2295,35.9959
347.0,695.0,10.9492,39.8537,98.71,242.2405,0.0188,0.0002,99.4438,210.0569,48.9914,-16.8643,0.0,0.0001,2.3686,0.0001,6.1675,35.5519,10.8613,27.2308,35.9977
348.0,697.0,10.9437,39.8489,98.7011,242.223,0.0167,0.0002,99.4524,210.0569,48.9914,-16.8644,0.0,0.0001,2.3687,0.0,6.1669,35.5514,10.8555,27.2314,35.9986
349.0,699.0,10.9429,39.8485,98.695,242.4058,0.0152,0.0002,99.4329,210.057,48.9914,-16.8644,0.0,0.0001,2.3687,0.0,6.1686,35.5512,10.8545,27.2315,35.9987
350.0,701.0,10.9398,39.8461,98.7025,241.6753,0.0186,0.0002,99.4584,210.057,48.9914,-16.8644,0.0,0.0001,2.3663,-0.0013,6.1693,35.5508,10.8512,27.2318,35.9991
351.0,703.0,10.9363,39.8432,98.7028,242.2141,0.0183,0.0002,99.4487,210.057,48.9914,-16.8644,0.0,0.0001,2.3666,0.0001,6.1691,35.5505,10.8474,27.2322,35.9997
352.0,705.0,10.9334,39.8412,98.7031,242.183,0.0174,0.0002,99.4472,210.0571,48.9914,-16.8644,0.0,0.0001,2.3669,-0.0004,6.169,35.5502,10.8443,27.2326,36.0002
353.0,707.0,10.931,39.8396,98.695,241.5427,0.0126,0.0002,99.4359,210.0571,48.9914,-16.8644,0.0,0.0001,2.3626,-0.0011,6.17,35.5499,10.8415,27.2328,36.0006
354.0,709.0,10.9272,39.8366,98.695,242.2174,0.0145,0.0002,99.4647,210.0571,48.9914,-16.8644,0.0,0.0001,2.3626,0.0005,6.1697,35.5499,10.8376,27.2335,36.0014
355.0,711.0,10.9265,39.837,98.697,242.4246,0.0186,0.0002,99.4492,210.0572,48.9914,-16.8644,0.0,0.0001,2.3651,0.0003,6.1695,35.5499,10.8365,27.2337,36.0016
356.0,713.0,10.9288,39.8398,98.6868,241.4498,0.0161,0.0002,99.4445,210.0572,48.9914,-16.8644,0.0,0.0001,2.3617,-0.0015,6.1712,35.5498,10.8386,27.2333,36.0011
357.0,715.0,10.9235,39.835,98.698,241.8521,0.0172,0.0002,99.456,210.0573,48.9914,-16.8645,0.0,0.0001,2.3616,-0.0004,6.1712,35.5492,10.833,27.2338,36.0019
358.0,717.0,10.9207,39.8329,98.6894,242.1908,0.0178,0.0002,99.4543,210.0573,48.9913,-16.8645,0.0,0.0001,2.3618,0.0002,6.1709,35.5489,10.83,27.2341,36.0023
359.0,719.0,10.9216,39.835,98.6889,242.012,0.0172,0.0002,99.4534,210.0573,48.9913,-16.8645,0.0,0.0001,2.3617,-0.0002,6.171,35.5492,10.8307,27.2342,36.0024
360.0,721.0,10.9223,39.8362,98.6917,241.92,0.0172,0.0002,99.4409,210.0574,48.9913,-16.8645,0.0,0.0001,2.3595,-0.0002,6.1711,35.549,10.8312,27.234,36.0022
361.0,723.0,10.9216,39.8366,98.71,241.9732,0.0214,0.0002,99.4617,210.0574,48.9913,-16.8645,0.0,0.0001,2.3606,-0.0003,6.171,35.5491,10.8302,27.2342,36.0024
362.0,725.0,10.9217,39.8375,98.6976,242.3823,0.016,0.0002,99.4514,210.0574,48.9913,-16.8645,0.0,0.0001,2.3616,0.0003,6.1709,35.5491,10.83,27.2342,36.0025
363.0,727.0,10.9225,39.839,98.687,241.7293,0.0161,0.0002,99.456,210.0575,48.9913,-16.8645,0.0,0.0001,2.359,-0.001,6.171,35.5491,10.8306,27.2341,36.0024
364.0,729.0,10.9226,39.8401,98.7042,242.1488,0.0175,0.0002,99.4597,210.0575,48.9913,-16.8645,0.0,0.0001,2.3592,0.0,6.1709,35.5491,10.8304,27.2342,36.0024
365.0,731.0,10.9214,39.8394,98.7007,242.0779,0.0195,0.0002,99.4499,210.0575,48.9913,-16.8646,0.0,0.0001,2.3596,-0.0003,6.1725,35.5488,10.829,27.2342,36.0025
366.0,733.0,10.901,39.8168,98.695,241.7203,0.018,0.0002,99.4519,210.0576,48.9913,-16.8646,0.0,0.0001,2.3564,-0.0007,6.1726,35.5449,10.8083,27.2349,36.0041
367.0,735.0,10.9,39.817,98.7013,241.3931,0.0182,0.0002,99.4503,210.0576,48.9913,-16.8646,0.0,0.0001,2.3543,-0.001,6.1745,35.5452,10.8071,27.2353,36.0046
368.0,737.0,10.8922,39.8087,98.6916,240.4088,0.0217,0.0002,99.4647,210.0576,48.9913,-16.8646,0.0,0.0001,2.3492,-0.0019,6.1743,35.5435,10.7991,27.2355,36.005
369.0,739.0,10.8767,39.7927,98.692,241.13,0.022,0.0002,99.4514,210.0577,48.9913,-16.8646,0.0,0.0001,2.3483,-0.0001,6.1769,35.5416,10.7834,27.2368,36.0071
370.0,741.0,10.8729,39.7891,98.695,239.9133,0.0203,0.0002,99.4557,210.0577,48.9913,-16.8646,0.0,0.0001,2.3438,-0.0022,6.1774,35.541,10.7794,27.2371,36.0075
371.0,743.0,10.8757,39.7938,98.6926,240.4148,0.0213,0.0002,99.4494,210.0577,48.9913,-16.8647,0.0,0.0001,2.3429,-0.0005,6.1774,35.5421,10.7819,27.2374,36.0078
372.0,745.0,10.8753,39.7945,98.697,240.3977,0.0215,0.0002,99.4493,210.0578,48.9912,-16.8647,0.0,0.0001,2.342,-0.0006,6.1778,35.5423,10.7813,27.2377,36.0081
373.0,747.0,10.8721,39.792,98.6846,240.2403,0.0195,0.0002,99.4508,210.0578,48.9913,-16.8647,0.0,0.0001,2.3391,-0.0002,6.1784,35.5418,10.7778,27.238,36.0084
374.0,749.0,10.872,39.7919,98.7046,239.7453,0.0172,0.0002,99.4524,210.0579,48.9912,-16.8647,0.0,0.0001,2.3371,-0.0013,6.1811,35.5411,10.7774,27.2375,36.008
375.0,751.0,10.855,39.7725,98.6959,238.8361,0.0151,0.0002,99.4647,210.0579,48.9912,-16.8647,0.0,0.0001,2.3333,-0.0024,6.179,35.537,10.7603,27.2374,36.0087
376.0,753.0,10.8434,39.7611,98.6908,239.7934,0.0196,0.0002,99.4348,210.0579,48.9912,-16.8647,0.0,0.0001,2.3334,-0.0001,6.1811,35.536,10.7484,27.2387,36.0105
377.0,755.0,10.8395,39.7571,98.6856,239.0029,0.0194,0.0002,99.4497,210.0579,48.9912,-16.8647,0.0,0.0001,2.3304,-0.0016,6.182,35.5354,10.7444,27.239,36.0109
378.0,757.0,10.821,39.7357,98.695,237.397,0.0185,0.0002,99.4503,210.058,48.9912,-16.8647,0.0,0.0001,2.3236,-0.0036,6.1823,35.5306,10.7257,27.2386,36.0114
379.0,759.0,10.807,39.7216,98.6979,238.5692,0.0211,0.0002,99.4486,210.058,48.9912,-16.8648,0.0,0.0001,2.3217,-0.0003,6.1852,35.5291,10.7115,27.2401,36.0135
380.0,761.0,10.813,39.7285,98.6882,236.7346,0.0158,0.0002,99.4525,210.0581,48.9912,-16.8648,0.0,0.0001,2.315,-0.0034,6.1895,35.5295,10.7172,27.2393,36.0124
381.0,763.0,10.7855,39.6979,98.68,235.7486,0.0131,0.0002,99.451,210.0581,48.9912,-16.8648,0.0,0.0001,2.3099,-0.0039,6.1881,35.5245,10.6896,27.2403,36.0147
382.0,765.0,10.7818,39.6952,98.6992,237.3338,0.0215,0.0002,99.449,210.0581,48.9912,-16.8648,0.0,0.0001,2.3104,-0.0002,6.1886,35.5245,10.6856,27.2411,36.0156
383.0,767.0,10.78,39.6937,98.71,234.5356,0.0201,0.0002,99.4561,210.0582,48.9912,-16.8648,0.0,0.0001,2.3017,-0.0054,6.1927,35.5239,10.6836,27.241,36.0156
384.0,769.0,10.7648,39.678,98.6974,233.7974,0.0185,0.0002,99.4556,210.0582,48.9912,-16.8648,0.0,0.0001,2.2968,-0.0057,6.1925,35.5222,10.6683,27.2424,36.0177
385.0,771.0,10.7601,39.6742,98.6955,235.7501,0.0185,0.0002,99.4536,210.0582,48.9912,-16.8649,0.0,0.0001,2.2962,-0.0003,6.1918,35.5216,10.6633,27.2428,36.0183
386.0,773.0,10.7645,39.68,98.6979,235.3728,0.012,0.0002,99.4609,210.0583,48.9911,-16.8649,0.0,0.0001,2.2943,-0.0014,6.1981,35.5225,10.6674,27.2428,36.0181
387.0,775.0,10.7384,39.6517,98.6944,233.1297,0.0155,0.0002,99.4463,210.0583,48.9911,-16.8649,0.0,0.0001,2.2865,-0.0045,6.1983,35.5185,10.6413,27.2443,36.0208
388.0,777.0,10.7151,39.6255,98.6932,232.7209,0.0195,0.0002,99.4562,210.0583,48.9912,-16.8649,0.0,0.0001,2.2782,-0.0028,6.1962,35.5138,10.6178,27.2449,36.0223
389.0,779.0,10.712,39.6217,98.6848,233.5515,0.016,0.0002,99.4563,210.0584,48.9911,-16.8649,0.0,0.0001,2.2761,-0.0011,6.2077,35.5124,10.6145,27.2443,36.022
390.0,781.0,10.6435,39.5449,98.6879,229.256,0.0144,0.0002,99.4647,210.0584,48.9911,-16.8649,0.0,0.0001,2.2607,-0.0075,6.2119,35.5005,10.5461,27.2473,36.0279
391.0,783.0,10.6051,39.5032,98.68,229.838,0.0182,0.0002,99.4588,210.0584,48.9911,-16.8649,0.0,0.0001,2.253,-0.0035,6.2103,35.4946,10.5076,27.2495,36.0318
392.0,785.0,10.5867,39.4844,98.687,230.4416,0.0187,0.0002,99.4523,210.0585,48.9911,-16.865,0.0,0.0001,2.2503,-0.0011,6.212,35.4929,10.4891,27.2515,36.0345
393.0,787.0,10.6069,39.5087,98.6833,227.5237,0.0182,0.0002,99.4545,210.0585,48.9911,-16.865,0.0,0.0001,2.2381,-0.0059,6.2237,35.4967,10.509,27.2509,36.0331
394.0,789.0,10.5686,39.4673,98.68,225.3086,0.0195,0.0002,99.4469,210.0585,48.9911,-16.865,0.0,0.0001,2.2266,-0.0077,6.221,35.4916,10.4706,27.2537,36.0376
395.0,791.0,10.536,39.4332,98.6833,226.9368,0.0196,0.0002,99.4485,210.0586,48.9911,-16.865,0.0,0.0001,2.2206,-0.0013,6.2212,35.4875,10.4379,27.2563,36.0416
396.0,793.0,10.5368,39.4347,98.68,224.5461,0.0171,0.0002,99.4495,210.0586,48.9911,-16.865,0.0,0.0001,2.2123,-0.0053,6.2257,35.4874,10.4384,27.2562,36.0415
397.0,795.0,10.493,39.3899,98.7025,222.5777,0.016,0.0002,99.4575,210.0586,48.9911,-16.865,0.0,0.0001,2.2048,-0.0075,6.222,35.4838,10.3947,27.2611,36.0483
398.0,797.0,10.4974,39.3948,98.68,225.0322,0.019,0.0002,99.4511,210.0587,48.9911,-16.865,0.0,0.0001,2.2023,-0.0011,6.2302,35.4837,10.3988,27.2603,36.0473
399.0,799.0,10.4818,39.3776,98.6886,220.5857,0.0219,0.0002,99.4565,210.0587,48.9911,-16.865,0.0,0.0001,2.1871,-0.008,6.2354,35.4807,10.383,27.2607,36.0484
400.0,801.0,10.4186,39.3104,98.68,221.1522,0.0206,0.0002,99.4608,210.0587,48.9911,-16.865,0.0,0.0001,2.1757,-0.0033,6.2419,35.4731,10.3198,27.2659,36.0563
401.0,803.0,10.4003,39.2934,98.6877,218.5776,0.0198,0.0002,99.4518,210.0588,48.9911,-16.865,0.0,0.0001,2.1601,-0.0056,6.2495,35.4727,10.3014,27.2689,36.06
402.0,805.0,10.3576,39.2454,98.6808,217.5442,0.0184,0.0002,99.4499,210.0588,48.9911,-16.865,0.0,0.0001,2.1475,-0.0041,6.2549,35.4647,10.2587,27.2701,36.0632
403.0,807.0,10.3224,39.2069,98.68,216.671,0.0226,0.0002,99.4539,210.0588,48.9911,-16.865,0.0,0.0001,2.1382,-0.0034,6.2537,35.4592,10.2234,27.272,36.0666
404.0,809.0,10.2885,39.172,98.68,216.0797,0.0221,0.0002,99.4443,210.0589,48.9911,-16.8651,0.0,0.0001,2.1304,-0.0029,6.2611,35.4559,10.1896,27.2753,36.0714
405.0,811.0,10.2781,39.1613,98.68,214.5101,0.0193,0.0002,99.4359,210.0589,48.9911,-16.8651,0.0,0.0001,2.1215,-0.0038,6.2607,35.4543,10.179,27.2758,36.0724
406.0,813.0,10.2782,39.1622,98.68,215.4526,0.021,0.0002,99.448,210.0589,48.9911,-16.8651,0.0,0.0001,2.1187,-0.0011,6.2655,35.4543,10.1788,27.2759,36.0725
407.0,815.0,10.2472,39.128,98.68,213.1699,0.0216,0.0002,99.4455,210.059,48.991,-16.8651,0.0,0.0001,2.1088,-0.0046,6.2759,35.4489,10.1477,27.2771,36.0751
408.0,817.0,10.1969,39.0747,98.68,211.6819,0.0217,0.0002,99.4427,210.059,48.991,-16.8651,0.0,0.0001,2.1001,-0.0056,6.2769,35.4429,10.0975,27.2811,36.0813
409.0,819.0,10.162,39.0397,98.68,212.3333,0.0195,0.0002,99.4499,210.0591,48.991,-16.8651,0.0,0.0001,2.0918,-0.0011,6.2746,35.4401,10.0625,27.285,36.0867
410.0,821.0,10.1956,39.0782,98.68,209.9891,0.0198,0.0002,99.445,210.0591,48.991,-16.8651,0.0,0.0001,2.0833,-0.0053,6.2881,35.4458,10.0957,27.2837,36.0839
411.0,823.0,10.1054,38.9823,98.68,205.8994,0.0224,0.0002,99.4519,210.0591,48.991,-16.8651,0.0,0.0001,2.0662,-0.0093,6.2839,35.4351,10.0057,27.2909,36.0951
412.0,825.0,10.0783,38.9535,98.68,209.1071,0.0213,0.0002,99.4614,210.0592,48.991,-16.8651,0.0,0.0001,2.0612,-0.0002,6.2864,35.4311,9.9785,27.2925,36.0978
413.0,827.0,10.0778,38.9537,98.68,207.8535,0.0208,0.0002,99.4555,210.0592,48.991,-16.8651,0.0,0.0001,2.0574,-0.002,6.2855,35.4314,9.9778,27.2928,36.0982
414.0,829.0,10.06,38.9362,98.68,205.7475,0.0215,0.0002,99.4539,210.0592,48.991,-16.8652,0.0,0.0001,2.0494,-0.0047,6.2832,35.4297,9.9599,27.2946,36.1007
415.0,831.0,10.0574,38.9342,98.6828,208.1639,0.0209,0.0002,99.4633,210.0593,48.991,-16.8652,0.0,0.0001,2.051,0.0001,6.2914,35.4296,9.9571,27.295,36.1013
416.0,833.0,10.0432,38.9182,98.68,205.297,0.0177,0.0002,99.4549,210.0593,48.991,-16.8652,0.0,0.0001,2.043,-0.0048,6.2977,35.4261,9.9427,27.2947,36.1016
417.0,835.0,10.0119,38.888,98.68,204.5613,0.0166,0.0002,99.4094,210.0593,48.991,-16.8652,0.0,0.0001,2.0373,-0.0043,6.2901,35.4248,9.9112,27.2991,36.1074
418.0,837.0,10.0001,38.8769,98.68,206.6334,0.02,0.0002,99.4333,210.0594,48.991,-16.8652,0.0,0.0001,2.0381,-0.0001,6.296,35.4244,9.8994,27.3008,36.1096
419.0,839.0,10.0004,38.8779,98.68,203.7527,0.0173,0.0002,99.4359,210.0594,48.991,-16.8652,0.0,0.0001,2.0281,-0.0048,6.3055,35.4241,9.8994,27.3006,36.1094
420.0,841.0,9.9738,38.852,98.68,202.7294,0.0196,0.0002,99.4311,210.0594,48.991,-16.8652,0.0,0.0001,2.0216,-0.0048,6.3032,35.4225,9.8726,27.3039,36.1138
421.0,843.0,9.9658,38.8451,98.6834,204.0866,0.019,0.0002,99.4253,210.0595,48.991,-16.8652,0.0,0.0001,2.0183,-0.0014,6.2998,35.4224,9.8644,27.3052,36.1155
422.0,845.0,9.9621,38.8416,98.68,204.7614,0.0197,0.0002,99.4245,210.0595,48.991,-16.8652,0.0,0.0001,2.0211,0.0,6.3027,35.422,9.8606,27.3056,36.116
423.0,847.0,9.9746,38.8556,98.68,202.8151,0.0244,0.0002,99.4279,210.0595,48.9909,-16.8652,0.0,0.0001,2.0144,-0.0037,6.3148,35.423,9.8728,27.3043,36.1142
424.0,849.0,9.9406,38.8209,98.68,201.2513,0.0255,0.0002,99.4245,210.0596,48.9909,-16.8652,0.0,0.0001,2.0061,-0.0051,6.3166,35.4198,9.8388,27.3076,36.119
425.0,851.0,9.8821,38.7602,98.68,202.2529,0.0196,0.0002,99.4298,210.0596,48.9909,-16.8653,0.0,0.0001,2.0004,-0.0006,6.314,35.4138,9.7802,27.3129,36.1268
426.0,853.0,9.865,38.7439,98.68,201.3085,0.0232,0.0002,99.4296,210.0596,48.9909,-16.8652,0.0,0.0001,1.9949,-0.0013,6.3151,35.4132,9.7631,27.3153,36.13
427.0,855.0,9.9042,38.7829,98.68,198.886,0.026,0.0002,99.4503,210.0597,48.9909,-16.8653,0.0,0.0001,1.987,-0.0066,6.3421,35.4138,9.8018,27.3092,36.1223
428.0,857.0,9.7712,38.6432,98.68,195.7094,0.0217,0.0002,99.4734,210.0597,48.9909,-16.8653,0.0,0.0001,1.9731,-0.0091,6.3371,35.3998,9.6694,27.3207,36.1396
429.0,859.0,9.7109,38.58,98.68,194.9972,0.0169,0.0002,99.4885,210.0597,48.9909,-16.8653,0.0,0.0001,1.9627,-0.0071,6.3293,35.3931,9.6091,27.3256,36.1471
430.0,861.0,9.7404,38.6122,98.68,199.1144,0.0201,0.0002,99.4668,210.0598,48.9909,-16.8653,0.0,0.0001,1.968,0.0003,6.3336,35.3965,9.6383,27.3233,36.1436
431.0,863.0,9.7132,38.5814,98.68,193.3273,0.024,0.0002,99.4936,210.0598,48.9908,-16.8653,0.0,0.0001,1.9495,-0.0092,6.3604,35.3904,9.611,27.3232,36.1447
432.0,865.0,9.6068,38.4748,98.68,191.4426,0.0271,0.0002,99.4936,210.0598,48.9908,-16.8653,0.0,0.0001,1.9362,-0.0094,6.3582,35.3841,9.505,27.336,36.1622
433.0,867.0,9.5784,38.4464,98.68,192.0812,0.026,0.0002,99.482,210.0599,48.9908,-16.8653,0.0,0.0001,1.9328,-0.006,6.3525,35.3818,9.4765,27.339,36.1664
434.0,869.0,9.5683,38.4391,98.68,194.0972,0.0219,0.0002,99.4698,210.0599,48.9908,-16.8653,0.0,0.0001,1.9293,-0.0008,6.3578,35.3836,9.4662,27.3421,36.1699
435.0,871.0,9.5812,38.4546,98.68,192.2107,0.0233,0.0002,99.4936,210.06,48.9908,-16.8653,0.0,0.0001,1.9213,-0.0035,6.3682,35.3859,9.4788,27.3418,36.169
436.0,873.0,9.5308,38.4057,98.68,190.9791,0.0241,0.0002,99.4827,210.06,48.9908,-16.8653,0.0,0.0001,1.9116,-0.0036,6.3704,35.3839,9.4285,27.3486,36.1781
437.0,875.0,9.5192,38.3946,98.68,190.6763,0.0234,0.0002,99.4936,210.06,48.9908,-16.8653,0.0,0.0001,1.9055,-0.0023,6.3683,35.3829,9.4167,27.3498,36.1798
438.0,877.0,9.511,38.3868,98.68,191.6208,0.0193,0.0002,99.4857,210.0601,48.9908,-16.8653,0.0,0.0001,1.9047,-0.0002,6.3701,35.3822,9.4084,27.3506,36.1809
439.0,879.0,9.5043,38.3825,98.68,190.4038,0.0261,0.0002,99.4936,210.0601,48.9908,-16.8654,0.0,0.0001,1.8987,-0.0023,6.379,35.3833,9.4014,27.3527,36.1832
440.0,881.0,9.474,38.3488,98.68,190.011,0.0226,0.0004,99.2367,210.0601,48.9908,-16.8654,0.0,0.0001,1.8972,-0.0021,6.3742,35.3775,9.3711,27.3532,36.1851
441.0,883.0,9.4563,38.3309,98.68,190.7294,0.0205,0.0002,99.4367,210.0602,48.9908,-16.8654,0.0,0.0001,1.8964,-0.0004,6.3781,35.3754,9.3533,27.3544,36.1872
442.0,885.0,9.4414,38.316,98.68,190.4043,0.0232,0.0002,99.4898,210.0602,48.9908,-16.8654,0.0,0.0001,1.8933,-0.0005,6.3831,35.3736,9.3382,27.3556,36.189
443.0,887.0,9.415,38.2889,98.68,190.2166,0.0229,0.0002,99.5225,210.0603,48.9908,-16.8654,0.0,0.0001,1.8913,-0.0007,6.3863,35.3707,9.3118,27.3576,36.1922
444.0,889.0,9.4075,38.2809,98.68,189.7043,0.0222,0.0002,99.5291,210.0603,48.9908,-16.8654,0.0,0.0001,1.8889,-0.0012,6.387,35.3689,9.304,27.3575,36.1925
445.0,891.0,9.3982,38.272,98.68,190.1961,0.02,0.0002,99.5244,210.0603,48.9908,-16.8654,0.0,0.0001,1.8888,-0.0002,6.3883,35.3678,9.2945,27.3582,36.1937
446.0,893.0,9.4002,38.2736,98.68,189.5371,0.017,0.0002,99.5461,210.0604,48.9908,-16.8654,0.0,0.0001,1.8847,-0.0016,6.4057,35.3667,9.2963,27.357,36.1924
447.0,895.0,9.3165,38.1858,98.68,188.8634,0.0207,0.0002,99.5398,210.0604,48.9908,-16.8654,0.0,0.0001,1.8816,-0.0024,6.4092,35.3573,9.2129,27.3634,36.2025
448.0,897.0,9.2685,38.1379,98.68,189.3115,0.0207,0.0002,99.5406,210.0605,48.9907,-16.8654,0.0,0.0001,1.8807,-0.001,6.4054,35.3537,9.165,27.3684,36.2097
449.0,899.0,9.2504,38.1207,98.68,189.7294,0.0212,0.0002,99.5447,210.0605,48.9908,-16.8654,0.0,0.0001,1.8808,0.0003,6.3986,35.3532,9.1468,27.371,36.213
450.0,901.0,9.2479,38.1199,98.68,188.5918,0.0213,0.0002,99.5631,210.0605,48.9907,-16.8654,0.0,0.0001,1.8754,-0.002,6.416,35.3536,9.1441,27.3717,36.2139
451.0,903.0,9.1819,38.0554,98.68,188.4566,0.0203,0.0002,99.553,210.0606,48.9907,-16.8654,0.0,0.0001,1.8723,-0.0016,6.42,35.3507,9.0782,27.3802,36.2252
452.0,905.0,9.194,38.0701,98.68,188.595,0.0197,0.0002,99.5613,210.0606,48.9907,-16.8654,0.0,0.0001,1.8698,-0.0006,6.4193,35.3531,9.09,27.3802,36.2247
453.0,907.0,9.1727,38.0472,98.68,187.3858,0.0185,0.0002,99.5802,210.0607,48.9907,-16.8655,0.0,0.0001,1.862,-0.0023,6.4324,35.3494,9.0686,27.3808,36.2262
454.0,909.0,9.0962,37.9746,98.68,187.4947,0.0226,0.0002,99.5863,210.0607,48.9907,-16.8655,0.0,0.0001,1.8615,-0.0012,6.4287,35.3483,8.9923,27.3923,36.2411
455.0,911.0,9.0923,37.9722,98.68,188.2271,0.0226,0.0002,99.5812,210.0607,48.9907,-16.8655,0.0,0.0001,1.8619,0.0001,6.4279,35.3488,8.9882,27.3933,36.2423
456.0,913.0,9.112,37.9916,98.68,186.9682,0.0199,0.0002,99.5802,210.0608,48.9907,-16.8655,0.0,0.0001,1.8594,-0.002,6.4306,35.3488,9.0076,27.3902,36.2384
457.0,915.0,9.0627,37.9453,98.68,187.872,0.0206,0.0002,99.5897,210.0608,48.9907,-16.8655,0.0,0.0001,1.859,-0.0003,6.4373,35.3481,8.9584,27.3976,36.2479
458.0,917.0,9.0542,37.9367,98.68,187.302,0.0208,0.0002,99.5944,210.0608,48.9907,-16.8655,0.0,0.0001,1.8561,-0.001,6.4381,35.3467,8.9496,27.3979,36.2486
459.0,919.0,9.0282,37.9106,98.68,187.6195,0.0243,0.0002,99.6008,210.0609,48.9907,-16.8655,0.0,0.0001,1.8553,-0.0006,6.4526,35.3442,8.9236,27.4002,36.252
460.0,921.0,8.9354,37.8187,98.68,186.4933,0.0245,0.0002,99.6077,210.0609,48.9907,-16.8655,0.0,0.0001,1.8487,-0.0021,6.4639,35.339,8.8312,27.4109,36.2669
461.0,923.0,8.8765,37.7607,98.68,186.6243,0.025,0.0002,99.597,210.0609,48.9906,-16.8655,0.0,0.0001,1.8462,-0.0009,6.4587,35.3355,8.7724,27.4175,36.2761
462.0,925.0,8.8468,37.7333,98.68,186.9335,0.0207,0.0002,99.5911,210.061,48.9906,-16.8655,0.0,0.0001,1.8462,-0.0004,6.4628,35.3355,8.7428,27.4223,36.2822
463.0,927.0,8.8574,37.7406,98.68,186.2349,0.022,0.0002,99.6091,210.061,48.9906,-16.8656,0.0,0.0001,1.8425,-0.0012,6.4666,35.3318,8.753,27.4177,36.2772
464.0,929.0,8.831,37.7221,98.68,186.77,0.0202,0.0002,99.6068,210.0611,48.9906,-16.8656,0.0,0.0001,1.8425,-0.0001,6.4677,35.3375,8.7265,27.4264,36.287
465.0,931.0,8.8371,37.7289,98.68,186.2793,0.0211,0.0002,99.6043,210.0611,48.9906,-16.8656,0.0,0.0001,1.8407,-0.0009,6.4704,35.3379,8.7323,27.4258,36.2861
466.0,933.0,8.8286,37.7313,98.68,185.3057,0.0221,0.0002,99.6092,210.0611,48.9906,-16.8656,0.0,0.0001,1.836,-0.0017,6.4697,35.3479,8.7237,27.435,36.2956
467.0,935.0,8.827,37.7324,98.68,185.7086,0.023,0.0002,99.6186,210.0612,48.9905,-16.8656,0.0,0.0001,1.8338,-0.0004,6.4714,35.3496,8.7218,27.4366,36.2973
468.0,937.0,8.8163,37.7246,98.68,185.1828,0.0214,0.0002,99.6091,210.0612,48.9905,-16.8656,0.0,0.0001,1.8315,-0.0011,6.4718,35.3511,8.711,27.4396,36.3006
469.0,939.0,8.795,37.7058,98.68,185.5312,0.0222,0.0001,99.6238,210.0613,48.9905,-16.8656,0.0,0.0001,1.8315,-0.0003,6.4732,35.3515,8.6896,27.4433,36.3053
470.0,941.0,8.7956,37.7066,98.68,185.5925,0.0263,0.0001,99.6168,210.0613,48.9905,-16.8656,0.0,0.0001,1.8305,-0.0003,6.4797,35.351,8.6899,27.4428,36.3049
471.0,943.0,8.7509,37.6633,98.68,185.5576,0.02,0.0001,99.6284,210.0613,48.9905,-16.8657,0.0,0.0001,1.8291,-0.0003,6.4839,35.3488,8.6453,27.4482,36.3122
472.0,945.0,8.724,37.6364,98.68,185.6646,0.0214,0.0002,99.6181,210.0614,48.9905,-16.8657,0.0,0.0001,1.828,-0.0005,6.4956,35.3463,8.6183,27.4505,36.3157
473.0,947.0,8.6514,37.5624,98.68,185.9655,0.0228,0.0001,99.638,210.0614,48.9905,-16.8657,0.0,0.0001,1.8275,-0.0001,6.5033,35.3397,8.546,27.4567,36.3252
474.0,949.0,8.607,37.5196,98.68,186.4903,0.0201,0.0001,99.6268,210.0615,48.9905,-16.8657,0.0,0.0001,1.8288,0.0008,6.4979,35.3378,8.5017,27.4621,36.3326
475.0,951.0,8.6134,37.5272,98.68,185.9726,0.0225,0.0001,99.6207,210.0615,48.9905,-16.8657,0.0,0.0001,1.8279,-0.0005,6.5016,35.3388,8.5078,27.4619,36.3321
476.0,953.0,8.6112,37.5262,98.68,186.0029,0.0182,0.0001,99.6284,210.0615,48.9905,-16.8657,0.0,0.0001,1.8257,-0.0002,6.5024,35.3388,8.5054,27.4624,36.3327
477.0,955.0,8.5968,37.5141,98.68,186.472,0.0217,0.0002,99.6174,210.0616,48.9905,-16.8657,0.0,0.0001,1.8283,0.0003,6.502,35.3391,8.4908,27.4649,36.3358
478.0,957.0,8.6011,37.5188,98.68,186.3804,0.0201,0.0002,99.6136,210.0616,48.9904,-16.8657,0.0,0.0001,1.8278,0.0,6.5055,35.3391,8.4949,27.4642,36.335
479.0,959.0,8.5887,37.5096,98.68,186.2791,0.0235,0.0001,99.6314,210.0617,48.9904,-16.8658,0.0,0.0001,1.8278,-0.0003,6.5053,35.3407,8.4823,27.4674,36.3388
480.0,961.0,8.5903,37.5138,98.68,186.1349,0.0209,0.0001,99.628,210.0617,48.9904,-16.8657,0.0,0.0001,1.8266,-0.0003,6.505,35.3427,8.4836,27.4688,36.34
481.0,963.0,8.5936,37.5181,98.68,186.2128,0.0207,0.0002,99.6141,210.0617,48.9904,-16.8658,0.0,0.0001,1.8262,-0.0001,6.5039,35.3433,8.4867,27.4688,36.3399
482.0,965.0,8.604,37.5339,98.68,186.0944,0.0215,0.0001,99.6226,210.0618,48.9904,-16.8658,0.0,0.0001,1.8253,-0.0002,6.5042,35.3484,8.4969,27.4712,36.3418
483.0,967.0,8.5963,37.5343,98.68,186.0027,0.0223,0.0001,99.6307,210.0618,48.9904,-16.8658,0.0,0.0001,1.8245,-0.0003,6.5045,35.3557,8.4889,27.4782,36.349
484.0,969.0,8.5876,37.526,98.68,186.134,0.0219,0.0002,99.613,210.0618,48.9904,-16.8658,0.0,0.0001,1.8241,-0.0001,6.5077,35.3547,8.48,27.4788,36.35
485.0,971.0,8.5671,37.5055,98.68,185.7554,0.0223,0.0001,99.6256,210.0619,48.9904,-16.8658,0.0,0.0001,1.822,-0.0008,6.5135,35.3526,8.4596,27.4803,36.3525
486.0,973.0,8.5166,37.4571,98.68,186.1333,0.025,0.0002,99.6091,210.0619,48.9904,-16.8658,0.0,0.0001,1.8217,0.0001,6.5134,35.3506,8.4091,27.4866,36.361
487.0,975.0,8.5299,37.4705,98.68,186.057,0.0227,0.0001,99.6232,210.062,48.9903,-16.8659,0.0,0.0001,1.8216,-0.0002,6.5167,35.351,8.4221,27.4849,36.3587
488.0,977.0,8.5111,37.4532,98.68,186.4612,0.0208,0.0001,99.626,210.062,48.9903,-16.8659,0.0,0.0001,1.8216,0.0003,6.5167,35.3504,8.4033,27.4873,36.362
489.0,979.0,8.508,37.4508,98.68,186.2505,0.02,0.0002,99.6105,210.0621,48.9903,-16.8659,0.0,0.0001,1.822,-0.0002,6.5178,35.3497,8.3999,27.4873,36.3622
490.0,981.0,8.5081,37.4515,98.68,186.0974,0.023,0.0002,99.6129,210.0621,48.9903,-16.8659,0.0,0.0001,1.819,-0.0007,6.5341,35.3496,8.3997,27.4873,36.3622
491.0,983.0,8.4276,37.3685,98.68,186.0553,0.0223,0.0002,99.6023,210.0621,48.9903,-16.8659,0.0,0.0001,1.818,-0.0006,6.5322,35.3411,8.3195,27.493,36.3716
492.0,985.0,8.3928,37.3361,98.68,186.406,0.0215,0.0002,99.597,210.0622,48.9903,-16.866,0.0,0.0001,1.8197,-0.0005,6.5329,35.3405,8.2847,27.4979,36.3781
493.0,987.0,8.381,37.3256,98.68,186.833,0.0203,0.0002,99.6033,210.0622,48.9903,-16.866,0.0,0.0001,1.8207,0.0005,6.5278,35.3405,8.2729,27.4997,36.3804
494.0,989.0,8.4048,37.3499,98.68,186.2394,0.0223,0.0002,99.6091,210.0622,48.9903,-16.866,0.0,0.0001,1.82,-0.0005,6.5366,35.3418,8.2963,27.4971,36.3767
495.0,991.0,8.3505,37.2985,98.68,187.1524,0.0208,0.0002,99.5939,210.0623,48.9903,-16.866,0.0,0.0001,1.8193,0.0007,6.5339,35.3402,8.2421,27.5042,36.3863
496.0,993.0,8.358,37.3066,98.68,186.8178,0.0184,0.0002,99.5916,210.0623,48.9903,-16.866,0.0,0.0001,1.8205,-0.0002,6.5367,35.3406,8.2494,27.5035,36.3852
497.0,995.0,8.3425,37.2968,98.68,187.0782,0.0201,0.0002,99.5977,210.0624,48.9903,-16.866,0.0,0.0001,1.8193,0.0003,6.5407,35.3443,8.2337,27.5088,36.3911
498.0,997.0,8.348,37.3034,98.68,186.7538,0.0225,0.0002,99.606,210.0624,48.9902,-16.866,0.0,0.0001,1.8184,-0.0003,6.5419,35.3453,8.239,27.5087,36.3908
499.0,999.0,8.3353,37.2935,98.68,187.2073,0.0195,0.0002,99.5973,210.0625,48.9902,-16.8661,0.0,0.0001,1.8199,0.0001,6.5416,35.3463,8.2261,27.5115,36.3941
500.0,1001.0,8.3314,37.2926,98.68,187.2069,0.0209,0.0002,99.5824,210.0625,48.9902,-16.8661,0.0,0.0001,1.8193,0.0001,6.5424,35.3484,8.2219,27.5138,36.3966
501.0,1003.0,8.3343,37.3029,98.68,187.2939,0.0194,0.0002,99.5938,210.0626,48.9902,-16.8661,0.0,0.0001,1.8195,0.0001,6.5427,35.3552,8.2246,27.5187,36.4013
502.0,1005.0,8.3351,37.3019,98.68,186.8985,0.0214,0.0002,99.5928,210.0626,48.9902,-16.8661,0.0,0.0001,1.818,-0.0008,6.5508,35.3527,8.2252,27.5167,36.3993
503.0,1007.0,8.2769,37.2441,98.68,187.2811,0.0216,0.0002,99.5839,210.0627,48.9902,-16.8662,0.0,0.0001,1.8186,-0.0004,6.5543,35.3485,8.1671,27.5223,36.4075
504.0,1009.0,8.258,37.2232,98.68,187.6269,0.0217,0.0002,99.585,210.0628,48.9901,-16.8662,0.0,0.0001,1.8188,-0.0001,6.5598,35.3443,8.1482,27.5219,36.4081
505.0,1011.0,8.1577,37.1149,98.68,188.5529,0.0225,0.0002,99.5802,210.0629,48.9902,-16.8662,0.0,0.0001,1.8205,0.0012,6.5621,35.3283,8.0484,27.5245,36.4154
506.0,1013.0,8.1325,37.0863,98.68,189.149,0.0261,0.0002,99.591,210.063,48.9902,-16.8662,0.0,0.0001,1.8217,0.0018,6.5666,35.3225,8.0232,27.5238,36.4159
