Datacycle,press,temp,cond,alt,oxygen,fluor,atten,trans,jday,lat,lon,PAR,UPAR,oxV,oxdVdt,oxysat,salin,potemp,sigma0,sigma2
1.0,7.0,15.1047,43.6289,96.5055,250.297,1.2966,0.0044,89.5696,202.8538,49.4477,-17.1818,0.0,0.0001,2.761,0.0,5.6567,35.5516,15.1036,26.3744,34.9791
2.0,9.0,15.1052,43.6306,98.71,250.6019,1.2867,0.0044,89.5345,202.8539,49.4477,-17.1818,0.0,0.0001,2.7619,0.0005,5.6567,35.5516,15.1038,26.3744,34.979
3.0,11.0,15.1044,43.6303,88.1306,250.5356,1.3308,0.0044,89.5989,202.8539,49.4477,-17.1818,0.0,0.0001,2.7621,-0.0001,5.6567,35.5516,15.1028,26.3747,34.9793
4.0,13.0,15.1061,43.6327,98.6242,249.9406,1.287,0.0044,89.5357,202.8539,49.4477,-17.1817,0.0,0.0001,2.7598,-0.0015,5.6566,35.5514,15.1042,26.3742,34.9787
5.0,15.0,15.107,43.6344,93.9592,250.8611,1.327,0.0044,89.5771,202.854,49.4477,-17.1817,0.0,0.0001,2.7621,0.0009,5.6566,35.5513,15.1047,26.374,34.9786
6.0,17.0,15.1067,43.6352,91.5596,250.3974,1.303,0.0044,89.5708,202.854,49.4477,-17.1817,0.0,0.0001,2.7605,-0.0007,5.6571,35.5514,15.1041,26.3742,34.9788
7.0,19.0,15.1,43.6306,98.818,250.6644,1.2999,0.0044,89.5921,202.8541,49.4477,-17.1817,0.0,0.0001,2.7606,0.0001,5.6587,35.5524,15.0971,26.3765,34.9814
8.0,21.0,15.0765,43.6157,98.71,250.0499,1.273,0.0044,89.6761,202.8541,49.4477,-17.1817,0.0,0.0001,2.7561,-0.0015,5.6602,35.5596,15.0733,26.3873,34.9929
9.0,23.0,15.0689,43.6157,98.71,249.8068,1.2725,0.0041,90.3114,202.8541,49.4477,-17.1817,0.0,0.0001,2.7531,-0.0012,5.6614,35.5656,15.0654,26.3937,34.9995
10.0,25.0,15.0575,43.6101,85.5684,249.5609,1.2093,0.0039,90.6411,202.8541,49.4477,-17.1817,0.0,0.0001,2.7493,-0.0012,5.6625,35.5701,15.0537,26.3998,35.0059
11.0,27.0,15.043,43.6,96.5267,249.5179,1.2098,0.0038,90.9336,202.8542,49.4477,-17.1817,0.0,0.0001,2.7473,-0.0009,5.6652,35.5732,15.0389,26.4055,35.0121
12.0,29.0,15.0267,43.587,98.71,248.8597,1.2274,0.0037,91.0913,202.8542,49.4477,-17.1817,0.0,0.0001,2.7425,-0.0018,5.6661,35.5755,15.0223,26.4109,35.0181
13.0,31.0,15.0052,43.5717,98.71,249.4655,1.1786,0.0037,91.2468,202.8542,49.4477,-17.1817,0.0,0.0001,2.7428,0.0003,5.6667,35.58,15.0005,26.4192,35.0271
14.0,33.0,15.0017,43.5708,75.2087,248.5306,1.2015,0.0036,91.3786,202.8543,49.4477,-17.1817,0.0,0.0001,2.7388,-0.0024,5.6681,35.5817,14.9968,26.4213,35.0294
15.0,35.0,14.9939,43.5705,94.3542,248.1311,1.1279,0.0034,91.9702,202.8543,49.4477,-17.1817,0.0,0.0001,2.7311,-0.0027,5.6813,35.5877,14.9886,26.4278,35.036
16.0,37.0,14.8155,43.4128,98.71,243.2333,0.9667,0.0025,93.8887,202.8543,49.4477,-17.1817,0.0,0.0001,2.695,-0.016,5.7483,35.6053,14.81,26.4805,35.095
17.0,39.0,14.1346,42.7513,98.71,235.4335,0.4674,0.0012,97.0411,202.8544,49.4477,-17.1817,0.0,0.0001,2.6197,-0.0198,5.7976,35.619,14.129,26.6382,35.2773
18.0,41.0,13.8568,42.4884,98.71,235.6099,0.2962,0.0009,97.8064,202.8544,49.4477,-17.1817,0.0,0.0001,2.5921,-0.0058,5.7903,35.6299,13.8508,26.7056,35.3548
19.0,43.0,13.7634,42.41,98.71,238.2738,0.265,0.0008,97.9432,202.8544,49.4477,-17.1817,0.0,0.0001,2.5934,0.0008,5.8165,35.6423,13.7573,26.7348,35.3873
20.0,45.0,13.5505,42.2116,98.71,235.259,0.2282,0.0008,98.1391,202.8545,49.4477,-17.1816,0.0,0.0001,2.5687,-0.009,5.8863,35.6531,13.5441,26.7874,35.4478
21.0,47.0,13.0799,41.7336,84.9749,236.706,0.1606,0.0006,98.6312,202.8545,49.4477,-17.1816,0.0,0.0001,2.5553,-0.0005,5.906,35.6395,13.0734,26.8737,35.552
22.0,49.0,12.9835,41.6349,95.57,236.4067,0.1423,0.0005,98.697,202.8545,49.4476,-17.1816,0.0,0.0001,2.5525,-0.0018,5.9175,35.635,12.9767,26.8897,35.5718
23.0,51.0,12.8524,41.4925,98.71,237.1069,0.1326,0.0005,98.801,202.8546,49.4476,-17.1816,0.0,0.0001,2.5499,-0.0011,5.9409,35.6212,12.8454,26.9055,35.5928
24.0,53.0,12.6927,41.3465,92.9764,236.9286,0.1161,0.0004,98.9882,202.8546,49.4476,-17.1816,0.0,0.0001,2.5492,-0.0005,5.9321,35.6308,12.6855,26.945,35.6383
25.0,55.0,12.7574,41.4408,98.71,235.8009,0.0936,0.0003,99.2216,202.8547,49.4476,-17.1816,0.0,0.0001,2.5426,-0.0019,5.9279,35.6595,12.7499,26.9544,35.6448
26.0,57.0,12.7681,41.473,98.71,235.4129,0.0742,0.0002,99.5081,202.8547,49.4476,-17.1816,0.0,0.0001,2.5404,-0.0019,5.9278,35.6795,12.7603,26.9678,35.6576
27.0,59.0,12.7468,41.4512,98.71,235.8009,0.063,0.0002,99.5529,202.8547,49.4476,-17.1816,0.0,0.0001,2.5372,-0.0008,5.9364,35.678,12.7388,26.9709,35.6615
28.0,61.0,12.7086,41.4095,83.1285,235.2336,0.0581,0.0002,99.6184,202.8547,49.4476,-17.1816,0.0,0.0001,2.5325,-0.0018,5.9423,35.6732,12.7004,26.9749,35.667
29.0,63.0,12.6681,41.3671,98.6962,235.5424,0.0523,0.0001,99.6689,202.8548,49.4476,-17.1816,0.0,0.0001,2.5322,0.0,5.9384,35.6699,12.6596,26.9804,35.6742
30.0,65.0,12.658,41.3566,98.6352,235.8874,0.046,0.0001,99.6981,202.8548,49.4476,-17.1816,0.0,0.0001,2.5331,-0.0004,5.946,35.6684,12.6492,26.9813,35.6755
31.0,67.0,12.6218,41.3168,92.7305,235.2661,0.0481,0.0001,99.7679,202.8548,49.4476,-17.1816,0.0,0.0001,2.529,-0.0012,5.9455,35.6633,12.6128,26.9846,35.6803
32.0,69.0,12.5952,41.2891,86.8257,235.948,0.0466,0.0001,99.7662,202.8549,49.4476,-17.1816,0.0,0.0001,2.5295,0.0,5.9528,35.661,12.5859,26.9882,35.6849
33.0,71.0,12.5809,41.2737,93.3504,235.7701,0.0416,0.0001,99.8089,202.8549,49.4476,-17.1816,0.0,0.0001,2.5282,-0.0005,5.9545,35.6588,12.5713,26.9894,35.6867
34.0,73.0,12.5663,41.2581,98.3815,235.4366,0.0397,0.0001,99.8345,202.8549,49.4476,-17.1816,0.0,0.0001,2.5251,-0.0011,5.957,35.6567,12.5565,26.9906,35.6886
35.0,75.0,12.5494,41.2398,98.705,234.9661,0.0363,0.0001,99.8545,202.855,49.4476,-17.1815,0.0,0.0001,2.5209,-0.0018,5.9619,35.6542,12.5393,26.9921,35.6908
36.0,77.0,12.5259,41.2134,92.9148,235.0779,0.0366,0.0,99.8942,202.855,49.4476,-17.1815,0.0,0.0001,2.5195,-0.0005,5.9585,35.6501,12.5156,26.9936,35.6932
37.0,79.0,12.5037,41.1899,87.1245,235.4344,0.0346,0.0,99.8953,202.855,49.4476,-17.1815,0.0,0.0001,2.52,-0.0001,5.9629,35.6475,12.4931,26.9961,35.6966
38.0,81.0,12.5026,41.1896,94.385,235.2563,0.0358,0.0,99.9212,202.8551,49.4476,-17.1815,0.0,0.0001,2.5182,-0.0004,5.9638,35.6473,12.4917,26.9962,35.6968
39.0,83.0,12.5007,41.1877,71.6614,235.268,0.0327,0.0,99.9245,202.8551,49.4476,-17.1815,0.0,0.0001,2.5176,-0.0003,5.9642,35.6466,12.4896,26.9961,35.6968
40.0,85.0,12.4963,41.1837,98.6995,235.47,0.0323,0.0,99.9505,202.8551,49.4476,-17.1815,0.0,0.0001,2.518,0.0002,5.9634,35.646,12.485,26.9965,35.6974
41.0,87.0,12.4829,41.1695,98.5291,235.2295,0.0364,0.0,99.9495,202.8552,49.4476,-17.1815,0.0,0.0001,2.5159,-0.0008,5.9692,35.644,12.4713,26.9977,35.6991
42.0,89.0,12.4327,41.1161,98.71,234.6012,0.0353,0.0,99.946,202.8552,49.4476,-17.1815,0.0,0.0001,2.5116,-0.0017,5.9706,35.6389,12.4207,27.0037,35.7071
43.0,91.0,12.4213,41.1048,60.8929,235.0917,0.0327,0.0,100.0012,202.8552,49.4476,-17.1815,0.0,0.0001,2.5118,0.0001,5.9695,35.638,12.4091,27.0052,35.7092
44.0,93.0,12.4207,41.1057,94.358,235.0293,0.0333,0.0,100.0183,202.8553,49.4476,-17.1815,0.0,0.0001,2.5109,-0.0006,5.9746,35.6387,12.4083,27.0059,35.7098
45.0,95.0,12.4027,41.0879,49.7677,233.5507,0.0293,0.0,100.0287,202.8553,49.4476,-17.1815,0.0,0.0001,2.5028,-0.0033,5.9776,35.6375,12.39,27.0086,35.7133
46.0,97.0,12.3937,41.0781,5.1775,233.8987,0.0308,0.0,100.0273,202.8553,49.4476,-17.1815,0.0,0.0001,2.4993,-0.0015,5.9844,35.6357,12.3808,27.009,35.7141
47.0,99.0,12.3392,41.0188,88.4008,233.2533,0.0297,0.0,100.047,202.8554,49.4476,-17.1815,0.0,0.0001,2.4943,-0.0019,5.9854,35.629,12.326,27.0146,35.7219
48.0,101.0,12.3306,41.0105,92.1531,233.4482,0.0289,0.0,100.0467,202.8554,49.4476,-17.1815,0.0,0.0001,2.4922,-0.0005,5.9857,35.6284,12.3171,27.0158,35.7235
49.0,103.0,12.3281,41.0088,98.71,233.0511,0.0299,0.0,100.0731,202.8554,49.4476,-17.1815,0.0,0.0001,2.4891,-0.0014,5.9882,35.6283,12.3144,27.0163,35.724
50.0,105.0,12.3122,40.9923,94.8754,232.4485,0.03,0.0,100.0711,202.8555,49.4476,-17.1815,0.0,0.0001,2.4855,-0.002,5.9867,35.6266,12.2982,27.0181,35.7265
51.0,107.0,12.3018,40.982,91.0408,233.2299,0.031,0.0,100.0665,202.8555,49.4476,-17.1815,0.0,0.0001,2.4866,0.0003,5.9865,35.6254,12.2876,27.0193,35.7281
52.0,109.0,12.3088,40.9903,98.695,233.2839,0.0278,0.0,100.0741,202.8556,49.4475,-17.1815,0.0,0.0001,2.487,-0.0002,5.9896,35.6261,12.2944,27.0185,35.727
53.0,111.0,12.3008,40.9829,90.8694,233.4568,0.0335,0.0,100.0638,202.8557,49.4475,-17.1815,0.0,0.0001,2.4878,0.0,5.9897,35.6257,12.286,27.0198,35.7287
54.0,113.0,12.2665,40.9449,98.6845,233.3234,0.0299,0.0,100.0814,202.8559,49.4475,-17.1814,0.0,0.0001,2.4851,-0.0005,5.9968,35.6205,12.2516,27.0225,35.7328
55.0,115.0,12.2374,40.913,84.1293,233.0183,0.0346,0.0,100.0807,202.8559,49.4475,-17.1814,0.0,0.0001,2.4816,-0.0006,5.9983,35.616,12.2222,27.0247,35.7362
56.0,117.0,12.2297,40.9056,69.5741,233.2225,0.0314,0.0,100.0684,202.856,49.4475,-17.1814,0.0,0.0001,2.4817,-0.0001,5.9981,35.6152,12.2142,27.0257,35.7375
57.0,119.0,12.2413,40.9231,95.7388,231.7234,0.0301,0.0,100.0685,202.856,49.4475,-17.1814,0.0,0.0001,2.4748,-0.003,5.9991,35.6204,12.2255,27.0275,35.7388
58.0,121.0,12.2613,40.9511,98.68,229.2303,0.0294,0.0,100.0844,202.856,49.4475,-17.1814,0.0,0.0001,2.4616,-0.0073,6.0049,35.6278,12.2453,27.0294,35.7399
59.0,123.0,12.2057,40.8821,98.7025,230.6561,0.0275,0.0,100.0801,202.8561,49.4475,-17.1814,0.0,0.0001,2.4621,-0.0017,6.0007,35.6128,12.1895,27.0286,35.7414
60.0,125.0,12.1734,40.849,98.5326,231.926,0.0257,0.0,100.054,202.8561,49.4475,-17.1814,0.0,0.0001,2.4641,0.0002,6.0125,35.6103,12.1569,27.033,35.7472
61.0,127.0,12.1389,40.806,98.71,233.2599,0.0259,0.0,100.0552,202.8561,49.4475,-17.1814,0.0,0.0001,2.4665,0.0019,6.0272,35.6005,12.1222,27.0321,35.7478
62.0,129.0,12.0418,40.6918,98.7025,235.7652,0.0299,0.0,100.0268,202.8562,49.4475,-17.1814,0.0,0.0001,2.4772,0.0055,6.0316,35.5807,12.0249,27.0355,35.7553
63.0,131.0,11.989,40.6338,78.6886,236.82,0.0349,0.0,100.0118,202.8562,49.4475,-17.1814,0.0,0.0001,2.4883,0.0043,6.0314,35.5734,11.9719,27.04,35.762
64.0,133.0,11.9788,40.6238,87.6712,235.9405,0.0345,0.0,100.0291,202.8562,49.4475,-17.1814,0.0,0.0001,2.4908,0.0003,6.0308,35.5724,11.9614,27.0413,35.7637
65.0,135.0,11.9834,40.6328,98.7128,235.1746,0.0321,0.0,100.0316,202.8562,49.4475,-17.1814,0.0,0.0001,2.4871,-0.0014,6.0341,35.5759,11.9657,27.0432,35.7654
66.0,137.0,11.9635,40.6113,73.326,235.5511,0.0283,0.0,100.0209,202.8563,49.4475,-17.1814,0.0,0.0001,2.4853,-0.0001,6.0379,35.573,11.9456,27.0448,35.7678
67.0,139.0,11.944,40.5891,90.3625,236.7649,0.0298,0.0,100.0243,202.8563,49.4474,-17.1814,0.0,0.0001,2.489,0.002,6.0405,35.5692,11.9259,27.0456,35.7694
68.0,141.0,11.9218,40.5629,98.695,237.5321,0.0291,0.0,100.0321,202.8563,49.4474,-17.1814,0.0,0.0001,2.4937,0.0025,6.0433,35.5638,11.9034,27.0457,35.7705
69.0,143.0,11.8961,40.5343,98.71,239.2439,0.0305,0.0,100.0309,202.8563,49.4474,-17.1814,0.0,0.0001,2.5037,0.004,6.0435,35.5592,11.8774,27.0472,35.7731
70.0,145.0,11.8947,40.5351,98.71,237.1679,0.0287,0.0,100.0275,202.8564,49.4474,-17.1814,0.0,0.0001,2.5006,-0.0022,6.0423,35.5605,11.8758,27.0485,35.7744
71.0,147.0,11.9021,40.5482,66.4335,235.564,0.0257,0.0,100.031,202.8564,49.4474,-17.1814,0.0,0.0001,2.4913,-0.004,6.0418,35.5653,11.8829,27.0508,35.7764
72.0,149.0,11.9048,40.5537,81.8045,235.4872,0.0207,0.0,100.0422,202.8564,49.4474,-17.1814,0.0,0.0001,2.487,-0.0027,6.042,35.5673,11.8854,27.052,35.7774
73.0,151.0,11.9049,40.5556,97.1754,235.5456,0.0257,0.0,100.0422,202.8565,49.4474,-17.1814,0.0,0.0001,2.4838,-0.0018,6.0463,35.5684,11.8853,27.0528,35.7782
74.0,153.0,11.8651,40.5124,98.71,235.3928,0.0264,0.0,100.0264,202.8565,49.4474,-17.1814,0.0,0.0001,2.4794,-0.0013,6.0512,35.5631,11.8452,27.0564,35.7835
75.0,155.0,11.8343,40.478,98.71,235.491,0.0294,0.0,100.0275,202.8565,49.4474,-17.1814,0.0,0.0001,2.478,-0.0005,6.0494,35.5579,11.8142,27.0582,35.7866
76.0,157.0,11.8383,40.486,63.8558,234.9327,0.0308,0.0,100.0357,202.8565,49.4474,-17.1814,0.0,0.0001,2.4754,-0.0014,6.0499,35.5608,11.8179,27.0598,35.788
77.0,159.0,11.8506,40.5018,95.2873,234.79,0.0249,0.0,100.0232,202.8566,49.4474,-17.1815,0.0,0.0001,2.472,-0.0009,6.0484,35.5638,11.8299,27.0598,35.7875
78.0,161.0,11.8567,40.5129,96.4247,234.0046,0.0249,0.0,100.0364,202.8566,49.4474,-17.1814,0.0,0.0001,2.4683,-0.0023,6.0502,35.5679,11.8358,27.0619,35.7893
79.0,163.0,11.8531,40.5097,97.5621,234.2554,0.0263,0.0,100.0337,202.8566,49.4474,-17.1814,0.0,0.0001,2.4661,-0.0014,6.0551,35.5675,11.8319,27.0623,35.7898
80.0,165.0,11.8067,40.4562,98.6995,234.7826,0.0263,0.0,100.0422,202.8566,49.4474,-17.1814,0.0,0.0001,2.4658,0.0002,6.0584,35.5583,11.7853,27.064,35.7936
81.0,167.0,11.7792,40.4272,98.7003,235.575,0.027,0.0,100.0261,202.8567,49.4474,-17.1814,0.0,0.0001,2.4694,0.0012,6.0577,35.5551,11.7576,27.0668,35.7975
82.0,169.0,11.7869,40.4379,98.7012,234.7418,0.0274,0.0,100.0278,202.8567,49.4474,-17.1814,0.0,0.0001,2.4674,-0.0009,6.0569,35.5576,11.765,27.0673,35.7977
83.0,171.0,11.8037,40.4623,74.3428,234.0962,0.029,0.0,100.0468,202.8567,49.4474,-17.1814,0.0,0.0001,2.4629,-0.0019,6.0607,35.5647,11.7815,27.0697,35.7993
84.0,173.0,11.7643,40.4187,49.9844,234.8752,0.0299,0.0,100.0363,202.8568,49.4474,-17.1814,0.0,0.0001,2.4633,0.0002,6.0632,35.5586,11.7419,27.0725,35.8038
85.0,175.0,11.752,40.4076,98.7004,234.3726,0.0269,0.0,100.007,202.8568,49.4474,-17.1814,0.0,0.0001,2.4616,-0.0008,6.0609,35.5585,11.7293,27.0748,35.8066
86.0,177.0,11.733,40.3877,95.3391,235.1806,0.0268,0.0,100.0352,202.8568,49.4474,-17.1814,0.0,0.0001,2.4633,0.0006,6.0656,35.5562,11.7101,27.0767,35.8092
87.0,179.0,11.718,40.3701,98.71,235.0417,0.0287,0.0,100.0061,202.8568,49.4474,-17.1814,0.0,0.0001,2.4619,-0.0006,6.0752,35.5525,11.695,27.0767,35.8099
88.0,181.0,11.6617,40.3061,78.0138,235.3325,0.0253,0.0,100.0073,202.8569,49.4474,-17.1814,0.0,0.0001,2.4613,-0.0001,6.0787,35.5423,11.6384,27.0795,35.8151
89.0,183.0,11.637,40.2801,98.71,236.0924,0.025,0.0,100.0133,202.8569,49.4474,-17.1814,0.0,0.0001,2.4642,0.0015,6.0757,35.5395,11.6134,27.082,35.8186
90.0,185.0,11.6219,40.2647,98.7042,236.9486,0.0261,0.0,100.0068,202.8569,49.4474,-17.1814,0.0,0.0001,2.4696,0.0017,6.0789,35.5378,11.5981,27.0835,35.8208
91.0,187.0,11.6328,40.2771,98.71,237.0511,0.0237,0.0,99.9538,202.857,49.4474,-17.1814,0.0,0.0001,2.4717,0.0006,6.0811,35.5388,11.6088,27.0823,35.8191
92.0,189.0,11.6099,40.2542,98.71,236.7036,0.0292,0.0,100.0133,202.857,49.4474,-17.1814,0.0,0.0001,2.4712,-0.0006,6.0814,35.5372,11.5857,27.0854,35.8232
93.0,191.0,11.6096,40.2541,74.0305,236.6452,0.0287,0.0,99.9968,202.857,49.4474,-17.1814,0.0,0.0001,2.4701,-0.0005,6.0815,35.5366,11.5851,27.0851,35.8229
94.0,193.0,11.6076,40.2533,98.6544,237.2183,0.0276,0.0,99.9968,202.857,49.4474,-17.1814,0.0,0.0001,2.4716,0.0008,6.0808,35.5368,11.5828,27.0857,35.8236
95.0,195.0,11.604,40.2502,98.71,237.4015,0.0269,0.0,99.9789,202.8571,49.4474,-17.1814,0.0,0.0001,2.4732,0.0003,6.082,35.5364,11.5789,27.0861,35.8241
96.0,197.0,11.6024,40.2516,98.71,237.2797,0.0245,0.0,99.9789,202.8571,49.4474,-17.1814,0.0,0.0001,2.4725,0.0,6.0815,35.5383,11.5771,27.0879,35.826
97.0,199.0,11.607,40.2585,68.2002,237.4573,0.0215,0.0,100.0133,202.8571,49.4474,-17.1814,0.0,0.0001,2.4725,0.0001,6.0821,35.5398,11.5814,27.0882,35.8262
98.0,201.0,11.6035,40.2559,98.6903,237.3349,0.0256,0.0,100.0077,202.8571,49.4474,-17.1814,0.0,0.0001,2.4723,-0.0003,6.083,35.5398,11.5777,27.0889,35.827
99.0,203.0,11.5989,40.2523,94.753,236.8331,0.0269,0.0,100.0133,202.8572,49.4474,-17.1814,0.0,0.0001,2.4701,-0.0013,6.0835,35.5399,11.5729,27.0899,35.8282
100.0,205.0,11.5916,40.2459,98.2717,237.2396,0.0266,0.0,100.0133,202.8572,49.4474,-17.1814,0.0,0.0001,2.4699,0.0001,6.0838,35.5395,11.5653,27.0911,35.8297
101.0,207.0,11.5886,40.2441,98.6462,237.1901,0.0278,0.0,99.9963,202.8572,49.4474,-17.1814,0.0,0.0001,2.4695,-0.0004,6.085,35.5396,11.562,27.0918,35.8305
102.0,209.0,11.5818,40.2384,98.7064,237.5937,0.0253,0.0,99.9941,202.8573,49.4474,-17.1814,0.0,0.0001,2.4701,0.0005,6.0862,35.5396,11.555,27.0931,35.8321
103.0,211.0,11.5727,40.2293,98.71,237.2067,0.0293,0.0,99.9821,202.8573,49.4474,-17.1814,0.0,0.0001,2.469,-0.0006,6.0863,35.5386,11.5457,27.094,35.8334
104.0,213.0,11.569,40.2259,70.0327,236.9225,0.0283,0.0,99.9924,202.8573,49.4473,-17.1814,0.0,0.0001,2.4664,-0.001,6.0867,35.5379,11.5417,27.0942,35.8338
105.0,215.0,11.5693,40.2273,88.4325,236.7461,0.0275,0.0,99.9556,202.8573,49.4473,-17.1814,0.0,0.0001,2.4652,-0.0011,6.0863,35.5381,11.5417,27.0944,35.834
106.0,217.0,11.5644,40.2231,98.7586,237.446,0.0265,0.0,100.0009,202.8573,49.4474,-17.1814,0.0,0.0001,2.4664,0.0006,6.0866,35.5379,11.5366,27.0952,35.835
107.0,219.0,11.5685,40.2285,98.71,237.1595,0.0264,0.0,99.9917,202.8574,49.4474,-17.1814,0.0,0.0001,2.4661,-0.0003,6.0839,35.5385,11.5404,27.0949,35.8345
108.0,221.0,11.5916,40.2609,57.2771,236.6478,0.0267,0.0,99.9896,202.8574,49.4473,-17.1814,0.0,0.0001,2.4635,-0.0009,6.0824,35.5471,11.5633,27.0974,35.8359
109.0,223.0,11.5973,40.2693,98.7076,237.235,0.028,0.0,99.9689,202.8574,49.4473,-17.1814,0.0,0.0001,2.4647,0.0006,6.0815,35.549,11.5687,27.0979,35.8362
110.0,225.0,11.6037,40.2781,83.5268,236.753,0.0267,0.0,99.9973,202.8575,49.4473,-17.1814,0.0,0.0001,2.4635,-0.0007,6.0836,35.5509,11.5748,27.0981,35.8362
111.0,227.0,11.5928,40.2676,88.5878,236.5605,0.0252,0.0,99.958,202.8575,49.4474,-17.1814,0.0,0.0001,2.4605,-0.001,6.0846,35.5499,11.5636,27.0995,35.838
112.0,229.0,11.5779,40.2506,93.6489,237.0524,0.0216,0.0,99.9448,202.8575,49.4474,-17.1814,0.0,0.0001,2.4615,0.0002,6.084,35.5465,11.5485,27.0997,35.8388
113.0,231.0,11.57,40.242,98.71,236.7737,0.0243,0.0,100.0035,202.8576,49.4473,-17.1814,0.0,0.0001,2.4598,-0.0003,6.0835,35.5449,11.5403,27.1,35.8395
114.0,233.0,11.585,40.2655,58.5784,236.2093,0.0234,0.0,99.9845,202.8576,49.4473,-17.1814,0.0,0.0001,2.4577,-0.0017,6.0844,35.5528,11.5551,27.1033,35.8421
115.0,235.0,11.593,40.2766,98.6975,237.0891,0.027,0.0,99.945,202.8576,49.4473,-17.1814,0.0,0.0001,2.459,0.0007,6.0844,35.5552,11.5628,27.1037,35.8422
116.0,237.0,11.5781,40.2611,98.71,236.9472,0.0285,0.0,100.0019,202.8576,49.4473,-17.1814,0.0,0.0001,2.4591,0.0002,6.0839,35.5531,11.5476,27.105,35.8441
117.0,239.0,11.5826,40.2664,98.7066,236.5973,0.0266,0.0,99.9778,202.8577,49.4473,-17.1814,0.0,0.0001,2.4578,-0.0007,6.0849,35.5534,11.5519,27.1044,35.8433
118.0,241.0,11.5789,40.2646,86.795,236.0981,0.0277,0.0,100.0018,202.8577,49.4473,-17.1814,0.0,0.0001,2.454,-0.0013,6.086,35.5541,11.5479,27.1057,35.8448
119.0,243.0,11.5661,40.2516,57.1365,236.2082,0.0285,0.0,99.9845,202.8577,49.4473,-17.1814,0.0,0.0001,2.4531,-0.0007,6.0857,35.5525,11.5349,27.1069,35.8465
120.0,245.0,11.563,40.2491,98.6078,236.4229,0.026,0.0,100.007,202.8577,49.4473,-17.1813,0.0,0.0001,2.4527,-0.0003,6.0884,35.5521,11.5315,27.1072,35.847
121.0,247.0,11.5546,40.2399,98.7025,236.3272,0.0262,0.0,100.0071,202.8578,49.4473,-17.1814,0.0,0.0001,2.4517,-0.0005,6.0915,35.5503,11.5229,27.1074,35.8476
122.0,249.0,11.5315,40.2151,98.695,238.2527,0.0243,0.0,99.9917,202.8578,49.4473,-17.1813,0.0,0.0001,2.4571,0.0031,6.0938,35.5471,11.4995,27.1094,35.8505
123.0,251.0,11.5186,40.2007,82.8585,237.0086,0.0264,0.0,100.0088,202.8578,49.4473,-17.1813,0.0,0.0001,2.4557,-0.0006,6.0937,35.5445,11.4865,27.1097,35.8514
124.0,253.0,11.5079,40.191,98.6993,234.9103,0.0245,0.0,100.0133,202.8578,49.4473,-17.1813,0.0,0.0001,2.4473,-0.0044,6.0933,35.5443,11.4755,27.1117,35.8538
125.0,255.0,11.5112,40.1979,98.71,235.171,0.0261,0.0,99.9943,202.8579,49.4473,-17.1813,0.0,0.0001,2.442,-0.0017,6.0933,35.547,11.4785,27.1132,35.8551
126.0,257.0,11.5129,40.2011,98.7064,235.4831,0.0242,0.0,99.9874,202.8579,49.4474,-17.1813,0.0,0.0001,2.4409,-0.0003,6.0931,35.5476,11.4799,27.1134,35.8553
127.0,259.0,11.5129,40.2027,75.0926,235.4866,0.0263,0.0,99.9905,202.8579,49.4473,-17.1813,0.0,0.0001,2.4402,-0.0004,6.0937,35.5483,11.4798,27.114,35.8559
128.0,261.0,11.5136,40.2058,85.4759,235.5896,0.0276,0.0,99.9912,202.858,49.4473,-17.1813,0.0,0.0001,2.44,-0.0002,6.0932,35.5498,11.4802,27.115,35.8569
129.0,263.0,11.4989,40.1913,95.8593,235.956,0.0253,0.0,99.9719,202.858,49.4473,-17.1813,0.0,0.0001,2.441,0.0005,6.0949,35.5484,11.4651,27.1168,35.8593
130.0,265.0,11.5022,40.1948,64.5013,235.2569,0.0209,0.0,99.9556,202.858,49.4473,-17.1813,0.0,0.0001,2.4386,-0.0015,6.0973,35.5482,11.4683,27.1161,35.8584
131.0,267.0,11.4824,40.1744,87.8445,234.8914,0.021,0.0,99.9989,202.858,49.4474,-17.1813,0.0,0.0001,2.4352,-0.0015,6.0982,35.5461,11.4483,27.1181,35.8613
132.0,269.0,11.4763,40.1697,98.7054,234.6831,0.022,0.0,99.9845,202.8581,49.4474,-17.1813,0.0,0.0001,2.4322,-0.0013,6.0981,35.5464,11.4419,27.1196,35.863
133.0,271.0,11.4752,40.1703,98.71,235.0079,0.0206,0.0,99.9845,202.8581,49.4474,-17.1813,0.0,0.0001,2.4324,0.0,6.0979,35.5471,11.4406,27.1203,35.8638
134.0,273.0,11.48,40.1775,98.705,235.2503,0.024,0.0,99.9521,202.8581,49.4474,-17.1813,0.0,0.0001,2.4326,0.0003,6.0962,35.5487,11.4451,27.1208,35.864
135.0,275.0,11.4882,40.1887,98.6553,235.6488,0.0249,0.0,99.9488,202.8582,49.4474,-17.1813,0.0,0.0001,2.4343,0.0008,6.0963,35.5511,11.453,27.1211,35.8641
136.0,277.0,11.4907,40.1939,98.7059,235.2439,0.0219,0.0,99.9432,202.8582,49.4474,-17.1813,0.0,0.0001,2.4332,-0.0005,6.0985,35.553,11.4552,27.1222,35.865
137.0,279.0,11.472,40.1742,98.71,236.2546,0.0187,0.0,99.9506,202.8582,49.4474,-17.1813,0.0,0.0001,2.435,0.0017,6.0988,35.5505,11.4363,27.1238,35.8674
138.0,281.0,11.4644,40.1665,98.6867,237.1635,0.0221,0.0,99.9481,202.8582,49.4473,-17.1813,0.0,0.0001,2.4392,0.0029,6.1004,35.5493,11.4285,27.1243,35.8683
139.0,283.0,11.4579,40.16,67.8852,236.9617,0.0222,0.0,99.9535,202.8583,49.4473,-17.1813,0.0,0.0001,2.4413,0.001,6.1009,35.5482,11.4218,27.1247,35.869
140.0,285.0,11.4552,40.158,94.1562,237.2456,0.0252,0.0,99.9535,202.8583,49.4473,-17.1813,0.0,0.0001,2.444,0.0007,6.1014,35.5479,11.4187,27.1251,35.8694
141.0,287.0,11.4518,40.1554,98.5716,237.1891,0.0237,0.0,99.959,202.8583,49.4473,-17.1813,0.0,0.0001,2.4441,0.0001,6.1016,35.5476,11.4151,27.1255,35.87
142.0,289.0,11.4484,40.1534,98.5953,236.6587,0.0207,0.0,99.9655,202.8583,49.4473,-17.1813,0.0,0.0001,2.4411,-0.0009,6.1001,35.548,11.4114,27.1265,35.8712
143.0,291.0,11.4561,40.1642,98.6975,235.7566,0.0209,0.0,99.973,202.8584,49.4473,-17.1812,0.0,0.0001,2.437,-0.002,6.0999,35.5505,11.4188,27.1271,35.8714
144.0,293.0,11.4599,40.1701,98.71,235.4602,0.0223,0.0,99.9964,202.8584,49.4473,-17.1812,0.0,0.0001,2.4331,-0.0016,6.0995,35.5518,11.4224,27.1275,35.8716
145.0,295.0,11.4596,40.1722,68.9273,235.8956,0.0208,0.0,100.0013,202.8584,49.4473,-17.1812,0.0,0.0001,2.433,-0.0001,6.0991,35.5532,11.4218,27.1286,35.8728
146.0,297.0,11.471,40.1867,93.8468,236.2807,0.0218,0.0,100.0016,202.8585,49.4473,-17.1812,0.0,0.0001,2.4347,0.0007,6.0944,35.5559,11.433,27.1286,35.8723
147.0,299.0,11.5008,40.226,98.695,236.292,0.0218,0.0,99.9692,202.8585,49.4473,-17.1812,0.0,0.0001,2.4354,0.0002,6.0938,35.5652,11.4624,27.1303,35.8727
148.0,301.0,11.5037,40.23,98.71,236.2456,0.0174,0.0,99.9845,202.8585,49.4473,-17.1812,0.0,0.0001,2.4356,0.0001,6.0917,35.5653,11.4651,27.13,35.8722
149.0,303.0,11.5131,40.2435,98.7081,236.2045,0.0208,0.0,99.9694,202.8585,49.4473,-17.1812,0.0,0.0001,2.4355,-0.0002,6.0923,35.5689,11.4742,27.131,35.8729
150.0,305.0,11.5235,40.257,71.3908,236.6862,0.0216,0.0,99.9659,202.8586,49.4473,-17.1812,0.0,0.0001,2.4359,0.0007,6.0921,35.5713,11.4844,27.131,35.8724
151.0,307.0,11.5174,40.2505,81.0687,236.5764,0.0227,0.0,99.9582,202.8586,49.4473,-17.1812,0.0,0.0001,2.4364,-0.0004,6.0969,35.5701,11.4781,27.1312,35.8729
152.0,309.0,11.4899,40.2175,98.71,236.4735,0.0246,0.0,99.9624,202.8586,49.4473,-17.1812,0.0,0.0001,2.4355,-0.0005,6.0976,35.563,11.4503,27.1309,35.8738
153.0,311.0,11.4739,40.2008,98.695,235.8503,0.0262,0.0,99.9628,202.8586,49.4473,-17.1812,0.0,0.0001,2.433,-0.0014,6.0957,35.5609,11.4341,27.1323,35.8759
154.0,313.0,11.4869,40.218,98.6912,236.5448,0.0229,0.0,99.9556,202.8587,49.4473,-17.1812,0.0,0.0001,2.4338,0.0004,6.0949,35.5644,11.4467,27.1327,35.8757
155.0,315.0,11.4973,40.2316,84.8664,236.4265,0.0254,0.0,99.9438,202.8587,49.4473,-17.1812,0.0,0.0001,2.4343,-0.0001,6.0911,35.5671,11.4569,27.1329,35.8754
156.0,317.0,11.5279,40.2714,98.6875,234.6868,0.0224,0.0,99.9512,202.8587,49.4473,-17.1812,0.0,0.0001,2.427,-0.0035,6.0953,35.5762,11.4871,27.1343,35.8755
157.0,319.0,11.4909,40.2288,98.71,235.739,0.0221,0.0,99.9497,202.8587,49.4473,-17.1811,0.0,0.0001,2.428,0.0,6.0943,35.5684,11.45,27.1352,35.878
158.0,321.0,11.4944,40.2343,98.71,237.0195,0.0234,0.0,99.9556,202.8588,49.4473,-17.1811,0.0,0.0001,2.4314,0.0023,6.094,35.5697,11.4531,27.1356,35.8783
159.0,323.0,11.5008,40.2424,86.8858,236.5699,0.0199,0.0,99.9546,202.8588,49.4473,-17.1811,0.0,0.0001,2.432,0.0001,6.0962,35.5708,11.4593,27.1353,35.8777
160.0,325.0,11.4843,40.2233,58.5689,235.9497,0.0183,0.0,99.9379,202.8588,49.4473,-17.1811,0.0,0.0001,2.4298,-0.0014,6.0956,35.5667,11.4426,27.1352,35.8783
161.0,327.0,11.4858,40.2275,92.7985,235.6818,0.0203,0.0,99.9508,202.8589,49.4473,-17.1811,0.0,0.0001,2.427,-0.0012,6.0943,35.5685,11.4439,27.1364,35.8795
162.0,329.0,11.5009,40.247,98.71,234.755,0.0215,0.0,99.9437,202.8589,49.4473,-17.1811,0.0,0.0001,2.4222,-0.0025,6.0948,35.5725,11.4586,27.1368,35.8792
163.0,331.0,11.4971,40.2443,98.71,235.9566,0.0192,0.0,99.9452,202.8589,49.4473,-17.1811,0.0,0.0001,2.4232,0.0007,6.0944,35.5725,11.4546,27.1375,35.88
164.0,333.0,11.4974,40.2457,87.8604,236.9365,0.0206,0.0,99.9508,202.8589,49.4473,-17.1811,0.0,0.0001,2.4277,0.0019,6.0967,35.5728,11.4546,27.1377,35.8803
165.0,335.0,11.4884,40.2363,98.7058,236.4905,0.0194,0.0,99.9479,202.859,49.4473,-17.1811,0.0,0.0001,2.4283,-0.0002,6.0976,35.5713,11.4454,27.1383,35.8813
166.0,337.0,11.4751,40.2227,98.71,234.8806,0.0238,0.0,99.9464,202.859,49.4473,-17.1811,0.0,0.0001,2.4232,-0.0032,6.0986,35.5699,11.432,27.1397,35.8833
167.0,339.0,11.4685,40.2163,98.71,235.0784,0.0189,0.0,99.9476,202.859,49.4473,-17.1811,0.0,0.0001,2.4192,-0.0015,6.0991,35.569,11.425,27.1403,35.8842
168.0,341.0,11.4631,40.2113,90.3807,235.4107,0.0182,0.0,99.9437,202.859,49.4473,-17.181,0.0,0.0001,2.4178,-0.0004,6.0995,35.5682,11.4194,27.1407,35.8848
169.0,343.0,11.461,40.2103,82.1482,235.454,0.0218,0.0,99.9367,202.8591,49.4473,-17.181,0.0,0.0001,2.4176,-0.0003,6.1004,35.5684,11.417,27.1413,35.8855
170.0,345.0,11.4534,40.2027,98.6012,235.6047,0.0182,0.0,99.9319,202.8591,49.4473,-17.181,0.0,0.0001,2.4176,0.0,6.1004,35.5673,11.4092,27.1419,35.8864
171.0,347.0,11.4524,40.2032,98.71,235.2245,0.0203,0.0,99.936,202.8591,49.4473,-17.181,0.0,0.0001,2.4163,-0.0006,6.0982,35.5679,11.4079,27.1426,35.8872
172.0,349.0,11.4682,40.2247,98.71,234.7287,0.0201,0.0,99.9366,202.8592,49.4473,-17.181,0.0,0.0001,2.413,-0.0015,6.1002,35.5731,11.4234,27.1438,35.8876
173.0,351.0,11.4586,40.2161,83.1703,234.829,0.0196,0.0,99.942,202.8592,49.4473,-17.181,0.0,0.0001,2.4117,-0.0007,6.1001,35.5731,11.4136,27.1456,35.8898
174.0,353.0,11.4489,40.2064,84.7217,235.6073,0.0192,0.0,99.9407,202.8592,49.4473,-17.181,0.0,0.0001,2.4139,0.0008,6.1014,35.5717,11.4036,27.1464,35.891
175.0,355.0,11.4413,40.1975,95.2311,235.188,0.0222,0.0,99.9379,202.8592,49.4473,-17.181,0.0,0.0001,2.4123,-0.0007,6.1051,35.5693,11.3959,27.146,35.891
176.0,357.0,11.4122,40.1648,96.9099,235.0577,0.0225,0.0,99.9368,202.8593,49.4473,-17.1809,0.0,0.0001,2.4111,-0.0005,6.1023,35.564,11.3666,27.1473,35.8936
177.0,359.0,11.4326,40.191,98.5887,234.6872,0.0218,0.0,99.9369,202.8593,49.4473,-17.1809,0.0,0.0001,2.4091,-0.001,6.1016,35.5695,11.3867,27.1478,35.8932
178.0,361.0,11.4414,40.2046,98.7044,233.5866,0.0212,0.0,99.9108,202.8593,49.4473,-17.1809,0.0,0.0001,2.404,-0.0025,6.1024,35.5736,11.3951,27.1495,35.8944
179.0,363.0,11.4351,40.1989,98.6912,234.3424,0.0209,0.0,99.9215,202.8593,49.4473,-17.1809,0.0,0.0001,2.4029,-0.0001,6.1018,35.573,11.3886,27.1502,35.8955
180.0,365.0,11.4404,40.2066,78.1412,234.1956,0.022,0.0,99.9155,202.8594,49.4473,-17.1809,0.0,0.0001,2.4015,-0.0005,6.103,35.5747,11.3936,27.1506,35.8956
181.0,367.0,11.4418,40.2096,83.94,233.7542,0.0238,0.0,99.9207,202.8594,49.4473,-17.1809,0.0,0.0001,2.3993,-0.0014,6.1052,35.5755,11.3947,27.151,35.896
182.0,369.0,11.4245,40.1898,98.701,234.5201,0.0211,0.0,99.9178,202.8594,49.4473,-17.1809,0.0,0.0001,2.4005,0.0003,6.1056,35.5718,11.3772,27.1514,35.8971
183.0,371.0,11.4106,40.1748,98.4872,234.9966,0.0198,0.0,99.9254,202.8594,49.4473,-17.1809,0.0,0.0001,2.4025,0.0008,6.1069,35.5693,11.3631,27.1521,35.8984
184.0,373.0,11.4023,40.1666,98.695,234.9228,0.0215,0.0,99.9161,202.8595,49.4472,-17.1809,0.0,0.0001,2.4032,0.0001,6.1087,35.5683,11.3545,27.1529,35.8995
185.0,375.0,11.3901,40.1538,98.6969,235.4566,0.0208,0.0,99.919,202.8595,49.4472,-17.1809,0.0,0.0001,2.4051,0.0008,6.1087,35.5664,11.3422,27.1538,35.9009
186.0,377.0,11.3891,40.1534,52.8374,234.837,0.0219,0.0,99.9152,202.8595,49.4472,-17.1809,0.0,0.0001,2.4039,-0.0009,6.1086,35.5662,11.3409,27.1539,35.9011
187.0,379.0,11.3903,40.1569,94.1227,235.4238,0.0216,0.0,99.9206,202.8596,49.4472,-17.1809,0.0,0.0001,2.4047,0.0004,6.1087,35.5675,11.3419,27.1546,35.9018
188.0,381.0,11.3891,40.1571,91.3635,235.3991,0.0191,0.0,99.9175,202.8596,49.4472,-17.1809,0.0,0.0001,2.4047,0.0001,6.1095,35.5679,11.3404,27.1553,35.9025
189.0,383.0,11.3838,40.152,98.7,235.1456,0.0162,0.0,99.9213,202.8596,49.4472,-17.1808,0.0,0.0001,2.4035,-0.0005,6.1121,35.5673,11.3348,27.1558,35.9032
190.0,385.0,11.3612,40.1266,75.9425,234.8206,0.0191,0.0,99.9178,202.8596,49.4472,-17.1808,0.0,0.0001,2.4008,-0.0011,6.1123,35.563,11.312,27.1567,35.9051
191.0,387.0,11.3638,40.1311,98.7044,235.362,0.0233,0.0,99.9191,202.8597,49.4472,-17.1808,0.0,0.0001,2.4024,0.0005,6.1121,35.5641,11.3144,27.1571,35.9055
192.0,389.0,11.3624,40.1317,98.71,235.977,0.023,0.0,99.9224,202.8597,49.4472,-17.1808,0.0,0.0001,2.4033,0.0015,6.112,35.5651,11.3127,27.1582,35.9066
193.0,391.0,11.3635,40.1339,98.695,235.6043,0.0221,0.0,99.8648,202.8597,49.4472,-17.1808,0.0,0.0001,2.4037,-0.0001,6.1128,35.5653,11.3136,27.1582,35.9065
194.0,393.0,11.3581,40.1299,98.71,234.9887,0.0248,0.0,99.9177,202.8598,49.4472,-17.1808,0.0,0.0001,2.4005,-0.0014,6.115,35.5656,11.3078,27.1595,35.908
195.0,395.0,11.3436,40.1144,70.7222,234.8507,0.0166,0.0,99.905,202.8598,49.4472,-17.1808,0.0,0.0001,2.3982,-0.0011,6.1153,35.5632,11.2931,27.1604,35.9096
196.0,397.0,11.3408,40.1125,95.797,235.3157,0.0205,0.0,99.9094,202.8598,49.4472,-17.1808,0.0,0.0001,2.3986,0.0002,6.1151,35.5632,11.2901,27.1609,35.9102
197.0,399.0,11.3384,40.1107,98.4936,235.3492,0.0206,0.0,99.901,202.8598,49.4472,-17.1808,0.0,0.0001,2.3989,0.0,6.1157,35.5629,11.2875,27.1611,35.9106
198.0,401.0,11.3361,40.1089,98.705,234.8919,0.0211,0.0,99.8978,202.8599,49.4472,-17.1808,0.0,0.0001,2.3968,-0.0009,6.1154,35.5624,11.2849,27.1613,35.9108
199.0,403.0,11.3386,40.1142,76.2406,235.0439,0.0216,0.0,99.9059,202.8599,49.4472,-17.1808,0.0,0.0001,2.3958,-0.0003,6.1154,35.5642,11.2871,27.1623,35.9117
200.0,405.0,11.3402,40.1175,98.7043,234.6286,0.0206,0.0,99.8978,202.8599,49.4471,-17.1808,0.0,0.0001,2.393,-0.0011,6.118,35.5653,11.2885,27.1629,35.9122
201.0,407.0,11.3274,40.1038,86.2045,234.4792,0.0207,0.0001,99.7307,202.8599,49.4471,-17.1807,0.0,0.0001,2.3913,-0.0013,6.1224,35.5631,11.2755,27.1635,35.9135
202.0,409.0,11.3058,40.0788,98.695,234.5431,0.0206,0.0,99.891,202.86,49.4471,-17.1807,0.0,0.0001,2.3897,-0.0008,6.1232,35.5583,11.2537,27.1638,35.9147
203.0,411.0,11.2791,40.0495,98.695,235.0023,0.0202,0.0,99.8948,202.86,49.4471,-17.1807,0.0,0.0001,2.3907,0.0004,6.1211,35.5538,11.2268,27.1654,35.9174
204.0,413.0,11.2878,40.061,98.7037,234.7077,0.0212,0.0,99.8995,202.86,49.4471,-17.1807,0.0,0.0001,2.3908,-0.0005,6.1221,35.5561,11.2352,27.1656,35.9172
205.0,415.0,11.2941,40.0703,98.6961,234.7829,0.0198,0.0,99.8978,202.8601,49.4471,-17.1807,0.0,0.0001,2.3877,-0.0002,6.1244,35.5584,11.2412,27.1662,35.9176
206.0,417.0,11.2727,40.0472,98.68,234.682,0.0191,0.0,99.8978,202.8601,49.4471,-17.1807,0.0,0.0001,2.3873,-0.0003,6.1232,35.5549,11.2195,27.1676,35.9199
207.0,419.0,11.2763,40.0526,98.705,234.8216,0.0203,0.0,99.8978,202.8601,49.4471,-17.1807,0.0,0.0001,2.3871,0.0,6.1223,35.556,11.223,27.1678,35.9199
208.0,421.0,11.2659,40.0422,85.0652,234.7994,0.0184,0.0,99.884,202.8601,49.4471,-17.1807,0.0,0.0001,2.3865,-0.0003,6.1253,35.5548,11.2124,27.1688,35.9214
209.0,423.0,11.2639,40.0413,92.0121,234.4697,0.0207,0.0,99.8978,202.8602,49.4471,-17.1807,0.0,0.0001,2.3854,-0.0007,6.1261,35.5551,11.2101,27.1694,35.9221
210.0,425.0,11.2587,40.0366,98.6955,234.0934,0.021,0.0,99.8978,202.8602,49.4471,-17.1807,0.0,0.0001,2.3823,-0.0012,6.1277,35.5545,11.2047,27.17,35.9229
211.0,427.0,11.2519,40.0294,98.71,233.6174,0.0183,0.0001,99.8623,202.8602,49.4471,-17.1807,0.0,0.0001,2.3793,-0.0016,6.1274,35.5532,11.1976,27.1702,35.9234
212.0,429.0,11.2436,40.0215,85.8595,234.0855,0.0196,0.0,99.8926,202.8602,49.4471,-17.1807,0.0,0.0001,2.3792,-0.0003,6.1273,35.5523,11.1891,27.1711,35.9247
213.0,431.0,11.2439,40.0228,95.8347,234.1232,0.0212,0.0,99.8786,202.8603,49.4471,-17.1806,0.0,0.0001,2.3789,-0.0004,6.1287,35.5524,11.1891,27.1712,35.9248
214.0,433.0,11.2413,40.0206,98.71,234.6191,0.0215,0.0,99.8914,202.8603,49.4471,-17.1807,0.0,0.0001,2.3789,0.0006,6.1317,35.5518,11.1863,27.1712,35.9249
215.0,435.0,11.2268,40.0051,98.7025,234.7297,0.0212,0.0,99.8963,202.8603,49.447,-17.1806,0.0,0.0001,2.3795,0.0003,6.1344,35.5495,11.1715,27.1722,35.9265
216.0,437.0,11.2062,39.9813,98.6875,234.4495,0.0198,0.0,99.8978,202.8603,49.447,-17.1806,0.0,0.0001,2.3797,-0.0005,6.1351,35.5448,11.1508,27.1723,35.9276
217.0,439.0,11.1955,39.971,75.5244,235.5785,0.0196,0.0,99.887,202.8604,49.447,-17.1806,0.0,0.0001,2.3825,0.0015,6.1341,35.5439,11.1398,27.1737,35.9294
218.0,441.0,11.2022,39.9803,98.3296,234.9823,0.0172,0.0001,99.8927,202.8604,49.447,-17.1806,0.0,0.0001,2.381,-0.0005,6.1338,35.5459,11.1463,27.174,35.9294
219.0,443.0,11.2046,39.9846,98.6875,234.8547,0.023,0.0,99.8724,202.8604,49.447,-17.1806,0.0,0.0001,2.3799,-0.0007,6.138,35.5469,11.1484,27.1744,35.9297
220.0,445.0,11.1791,39.956,98.6985,235.2726,0.0188,0.0,99.8955,202.8605,49.447,-17.1806,0.0,0.0001,2.3801,0.0002,6.1399,35.542,11.1226,27.1753,35.9318
221.0,447.0,11.1603,39.9355,83.6958,234.7503,0.0183,0.0,99.8978,202.8605,49.447,-17.1806,0.0,0.0001,2.3778,-0.0009,6.1404,35.5389,11.1037,27.1764,35.9336
222.0,449.0,11.1579,39.9336,98.686,234.4829,0.0195,0.0,99.8978,202.8605,49.447,-17.1805,0.0,0.0001,2.3761,-0.0012,6.1405,35.5385,11.101,27.1766,35.934
223.0,451.0,11.1564,39.932,90.8903,235.1346,0.0194,0.0,99.8978,202.8605,49.447,-17.1805,0.0,0.0001,2.3771,0.0004,6.1394,35.5377,11.0993,27.1763,35.9337
224.0,453.0,11.159,39.937,98.3363,235.3044,0.0195,0.0,99.8978,202.8606,49.447,-17.1805,0.0,0.0001,2.378,0.0004,6.1386,35.5392,11.1017,27.177,35.9343
225.0,455.0,11.1725,39.9548,98.6102,234.7825,0.0215,0.0,99.8917,202.8606,49.447,-17.1805,0.0,0.0001,2.3763,-0.0007,6.1387,35.5429,11.1148,27.1775,35.9342
226.0,457.0,11.1809,39.9656,98.71,233.8747,0.0187,0.0,99.8893,202.8606,49.447,-17.1805,0.0,0.0001,2.3724,-0.0024,6.1428,35.5447,11.123,27.1774,35.9338
227.0,459.0,11.1583,39.9397,98.6912,234.5873,0.0207,0.0,99.8948,202.8606,49.447,-17.1805,0.0,0.0001,2.3727,-0.0002,6.1391,35.5396,11.1002,27.1776,35.935
228.0,461.0,11.1424,39.9231,86.2796,235.1426,0.0234,0.0,99.8948,202.8607,49.447,-17.1805,0.0,0.0001,2.3744,0.0005,6.1406,35.5374,11.084,27.1788,35.9369
229.0,463.0,11.1671,39.9536,86.1495,234.8193,0.0253,0.0,99.8858,202.8607,49.447,-17.1805,0.0,0.0001,2.3737,-0.0002,6.1373,35.5434,11.1085,27.179,35.936
230.0,465.0,11.1824,39.9744,98.6871,234.4392,0.0199,0.0,99.891,202.8607,49.447,-17.1805,0.0,0.0001,2.3722,-0.0007,6.1356,35.5484,11.1234,27.1802,35.9364
231.0,467.0,11.1872,39.9812,86.6002,233.928,0.0227,0.0,99.8796,202.8608,49.447,-17.1805,0.0,0.0001,2.369,-0.0014,6.1359,35.5498,11.1279,27.1805,35.9365
232.0,469.0,11.1941,39.9912,87.5054,233.6276,0.0222,0.0001,99.8826,202.8608,49.447,-17.1805,0.0,0.0001,2.3663,-0.0015,6.1371,35.5521,11.1346,27.181,35.9368
233.0,471.0,11.1813,39.9775,98.6983,233.5143,0.0168,0.0,99.8978,202.8608,49.447,-17.1804,0.0,0.0001,2.3646,-0.0011,6.1372,35.5498,11.1215,27.1816,35.938
234.0,473.0,11.1667,39.9606,98.69,233.7482,0.0163,0.0,99.8957,202.8608,49.447,-17.1804,0.0,0.0001,2.3629,-0.0003,6.1383,35.5461,11.1067,27.1815,35.9385
235.0,475.0,11.1598,39.9542,98.6977,233.1654,0.0198,0.0,99.8978,202.8609,49.447,-17.1804,0.0,0.0001,2.3592,-0.0014,6.1428,35.5458,11.0996,27.1825,35.9398
236.0,477.0,11.1417,39.9358,82.42,232.3418,0.0168,0.0,99.8978,202.8609,49.447,-17.1804,0.0,0.0001,2.3542,-0.0025,6.1472,35.5438,11.0813,27.1844,35.9424
237.0,479.0,11.1021,39.8889,98.695,232.4156,0.0172,0.0,99.8978,202.8609,49.447,-17.1804,0.0,0.0001,2.3521,-0.0015,6.1465,35.5344,11.0415,27.1843,35.9441
238.0,481.0,11.1036,39.8917,95.0735,233.3093,0.0179,0.0,99.8932,202.8609,49.447,-17.1804,0.0,0.0001,2.3531,0.0005,6.1468,35.535,11.0428,27.1845,35.9443
239.0,483.0,11.1126,39.9031,98.6996,232.3998,0.022,0.0,99.8978,202.861,49.447,-17.1804,0.0,0.0001,2.3504,-0.0016,6.1491,35.537,11.0515,27.1845,35.9438
240.0,485.0,11.0904,39.8778,98.6915,232.0803,0.0213,0.0,99.8978,202.861,49.447,-17.1804,0.0,0.0001,2.3468,-0.0012,6.1483,35.532,11.0291,27.1847,35.9451
241.0,487.0,11.0866,39.8761,83.4284,232.4858,0.0227,0.0,99.8921,202.861,49.4469,-17.1804,0.0,0.0001,2.3462,-0.0003,6.1499,35.533,11.0251,27.1862,35.9467
242.0,489.0,11.0883,39.879,73.8243,231.5799,0.0193,0.0,99.8978,202.8611,49.4469,-17.1804,0.0,0.0001,2.3433,-0.002,6.1496,35.5336,11.0266,27.1864,35.9468
243.0,491.0,11.0846,39.8754,98.6856,231.8386,0.0163,0.0,99.8978,202.8611,49.4469,-17.1804,0.0,0.0001,2.3425,-0.0009,6.149,35.5326,11.0226,27.1864,35.947
244.0,493.0,11.0839,39.8757,98.7016,232.2955,0.0199,0.0001,99.8849,202.8611,49.4469,-17.1803,0.0,0.0001,2.343,0.0,6.1505,35.5328,11.0217,27.1867,35.9473
245.0,495.0,11.0824,39.8742,98.6969,232.0765,0.0206,0.0001,99.8634,202.8611,49.4469,-17.1803,0.0,0.0001,2.3407,-0.0004,6.1503,35.5318,11.02,27.1862,35.947
246.0,497.0,11.077,39.8702,98.7042,232.0178,0.0204,0.0,99.8978,202.8612,49.4469,-17.1803,0.0,0.0001,2.3407,-0.0004,6.1486,35.532,11.0142,27.1875,35.9484
247.0,499.0,11.0871,39.8843,98.68,232.2572,0.0188,0.0001,99.8978,202.8612,49.4469,-17.1803,0.0,0.0001,2.3413,0.0,6.1497,35.5355,11.0241,27.1884,35.9489
248.0,501.0,11.1004,39.9017,98.6967,232.3497,0.0178,0.0,99.8865,202.8612,49.4469,-17.1803,0.0,0.0001,2.341,0.0002,6.1482,35.5391,11.037,27.1888,35.9487
249.0,503.0,11.0973,39.8977,76.5398,231.9926,0.0232,0.0,99.8936,202.8612,49.4469,-17.1803,0.0,0.0001,2.3404,-0.0006,6.1475,35.5375,11.0337,27.1881,35.9482
250.0,505.0,11.103,39.9071,91.9922,232.1852,0.0178,0.0,99.8936,202.8613,49.4469,-17.1803,0.0,0.0001,2.3402,-0.0001,6.1471,35.5403,11.0391,27.1894,35.9492
251.0,507.0,11.1051,39.9107,98.6896,231.7735,0.0191,0.0,99.8978,202.8613,49.4469,-17.1803,0.0,0.0001,2.3385,-0.0008,6.1464,35.541,11.0409,27.1895,35.9493
252.0,509.0,11.1081,39.9159,98.6843,232.0162,0.0192,0.0,99.8978,202.8613,49.4469,-17.1803,0.0,0.0001,2.3382,-0.0002,6.1467,35.5424,11.0437,27.1902,35.9498
253.0,511.0,11.1108,39.9202,98.6847,232.2922,0.0229,0.0,99.8978,202.8613,49.4468,-17.1803,0.0,0.0001,2.3388,0.0004,6.1467,35.5433,11.0461,27.1904,35.9499
254.0,513.0,11.1116,39.9222,94.7318,232.3474,0.0198,0.0,99.891,202.8614,49.4469,-17.1803,0.0,0.0001,2.3395,0.0001,6.1466,35.5436,11.0467,27.1905,35.95
255.0,515.0,11.1105,39.9215,98.6862,231.6751,0.0203,0.0001,99.8752,202.8614,49.4468,-17.1803,0.0,0.0001,2.3367,-0.0014,6.1476,35.543,11.0454,27.1903,35.9499
256.0,517.0,11.1023,39.9138,98.6906,231.8354,0.0227,0.0,99.8978,202.8614,49.4468,-17.1803,0.0,0.0001,2.3358,-0.0009,6.1474,35.5423,11.0368,27.1913,35.9512
257.0,519.0,11.1008,39.9118,98.68,232.2039,0.0242,0.0,99.8978,202.8615,49.4468,-17.1803,0.0,0.0001,2.3364,0.0004,6.1469,35.541,11.0351,27.1906,35.9506
258.0,521.0,11.0943,39.9049,92.1243,232.4303,0.0206,0.0001,99.8757,202.8615,49.4468,-17.1803,0.0,0.0001,2.3367,-0.0001,6.155,35.5396,11.0284,27.1907,35.951
259.0,523.0,11.0258,39.8212,98.2586,234.1074,0.0201,0.0,99.8978,202.8615,49.4468,-17.1803,0.0,0.0001,2.3409,0.0028,6.1569,35.5211,10.9599,27.1888,35.9521
260.0,525.0,11.0319,39.833,98.7005,232.8929,0.0238,0.0,99.8945,202.8616,49.4468,-17.1803,0.0,0.0001,2.3395,-0.0007,6.1584,35.5262,10.9657,27.1918,35.9548
261.0,527.0,11.0435,39.848,98.6997,232.8184,0.0233,0.0,99.8901,202.8616,49.4468,-17.1803,0.0,0.0001,2.3375,-0.001,6.1686,35.529,10.977,27.1919,35.9544
262.0,529.0,10.958,39.7491,84.0814,234.1864,0.0237,0.0,99.8839,202.8616,49.4468,-17.1802,0.0,0.0001,2.34,0.0012,6.1747,35.5118,10.8915,27.1941,35.9603
263.0,531.0,10.9118,39.692,98.6958,234.7658,0.018,0.0,99.8978,202.8616,49.4468,-17.1802,0.0,0.0001,2.3436,0.0012,6.1758,35.4984,10.8453,27.1919,35.9603
264.0,533.0,10.8993,39.6798,93.2681,233.8747,0.0188,0.0,99.8978,202.8617,49.4468,-17.1802,0.0,0.0001,2.3412,-0.0009,6.1773,35.4973,10.8325,27.1934,35.9623
265.0,535.0,10.89,39.6711,98.3995,234.0694,0.0211,0.0,99.8978,202.8617,49.4468,-17.1802,0.0,0.0001,2.3405,-0.0002,6.1783,35.4969,10.8231,27.1948,35.964
266.0,537.0,10.8879,39.6701,98.4869,233.5348,0.0179,0.0,99.8978,202.8617,49.4468,-17.1802,0.0,0.0001,2.3382,-0.0012,6.18,35.4971,10.8207,27.1954,35.9647
267.0,539.0,10.8752,39.6582,98.7025,233.205,0.0194,0.0,99.8978,202.8617,49.4468,-17.1802,0.0,0.0001,2.335,-0.0014,6.1796,35.4966,10.8079,27.1973,35.9672
268.0,541.0,10.8693,39.6536,98.6919,233.7963,0.0183,0.0,99.9036,202.8618,49.4468,-17.1802,0.0,0.0001,2.3358,0.0002,6.1792,35.4967,10.8016,27.1985,35.9686
269.0,543.0,10.8692,39.6558,90.6214,233.9546,0.0179,0.0,99.9062,202.8618,49.4468,-17.1802,0.0,0.0001,2.3368,0.0002,6.1804,35.4981,10.8013,27.1996,35.9698
270.0,545.0,10.8662,39.6539,93.9638,233.9103,0.0178,0.0,99.9062,202.8618,49.4467,-17.1802,0.0,0.0001,2.337,-0.0003,6.1808,35.4983,10.7981,27.2004,35.9707
271.0,547.0,10.8651,39.6539,98.68,233.5549,0.0161,0.0,99.8978,202.8619,49.4467,-17.1802,0.0,0.0001,2.3344,-0.0008,6.1809,35.4985,10.7967,27.2008,35.9711
272.0,549.0,10.8639,39.6539,98.6975,233.6954,0.0198,0.0,99.9205,202.8619,49.4467,-17.1802,0.0,0.0001,2.3338,-0.0003,6.1804,35.4985,10.7952,27.2011,35.9715
273.0,551.0,10.8663,39.6582,98.705,234.3494,0.0223,0.0,99.9027,202.8619,49.4467,-17.1802,0.0,0.0001,2.3357,0.0008,6.1804,35.4995,10.7974,27.2015,35.9717
274.0,553.0,10.8657,39.6585,70.9678,234.627,0.0232,0.0,99.9234,202.8619,49.4467,-17.1802,0.0,0.0001,2.3379,0.0008,6.1806,35.4997,10.7965,27.2018,35.9721
275.0,555.0,10.8646,39.658,92.1401,234.2591,0.0192,0.0,99.9171,202.862,49.4467,-17.1802,0.0,0.0001,2.337,-0.0003,6.181,35.4996,10.7953,27.2019,35.9723
276.0,557.0,10.8634,39.6578,98.7045,233.6268,0.0216,0.0,99.9215,202.862,49.4467,-17.1802,0.0,0.0001,2.3341,-0.0014,6.181,35.4997,10.7937,27.2023,35.9727
277.0,559.0,10.8625,39.6578,98.692,233.7594,0.0201,0.0,99.9206,202.862,49.4467,-17.1802,0.0,0.0001,2.3333,-0.0008,6.1809,35.4996,10.7927,27.2024,35.9729
278.0,561.0,10.8618,39.6588,98.6997,234.3956,0.0213,0.0,99.9022,202.862,49.4467,-17.1802,0.0,0.0001,2.334,0.0006,6.1808,35.5002,10.7917,27.2031,35.9736
279.0,563.0,10.8602,39.6585,92.9518,234.2841,0.0178,0.0,99.9082,202.8621,49.4467,-17.1802,0.0,0.0001,2.3344,-0.0001,6.1816,35.5008,10.7898,27.2038,35.9744
280.0,565.0,10.855,39.6533,98.695,233.3831,0.0161,0.0,99.9207,202.8621,49.4467,-17.1802,0.0,0.0001,2.331,-0.0016,6.1828,35.4996,10.7844,27.2039,35.9747
281.0,567.0,10.8489,39.6484,98.7006,233.7384,0.019,0.0,99.9054,202.8621,49.4467,-17.1802,0.0,0.0001,2.3309,-0.0005,6.1825,35.4996,10.7779,27.2051,35.9761
282.0,569.0,10.848,39.6489,98.6882,234.2126,0.0208,0.0,99.924,202.8621,49.4466,-17.1802,0.0,0.0001,2.3309,0.0005,6.1822,35.5,10.7768,27.2056,35.9767
283.0,571.0,10.8503,39.6524,98.129,233.9867,0.0218,0.0,99.9267,202.8622,49.4467,-17.1801,0.0,0.0001,2.3308,-0.0002,6.1833,35.5006,10.7789,27.2057,35.9767
284.0,573.0,10.8436,39.6475,83.2034,233.9717,0.0197,0.0,99.9209,202.8622,49.4466,-17.1801,0.0,0.0001,2.3288,-0.0004,6.1856,35.5011,10.772,27.2073,35.9786
285.0,575.0,10.8288,39.6318,95.8391,231.7752,0.0205,0.0,99.9138,202.8622,49.4466,-17.1801,0.0,0.0001,2.3217,-0.004,6.187,35.4989,10.757,27.2083,35.9802
286.0,577.0,10.8214,39.6241,98.6967,230.7531,0.0199,0.0,99.9205,202.8623,49.4466,-17.1801,0.0,0.0001,2.3128,-0.0043,6.1912,35.4976,10.7494,27.2087,35.9809
287.0,579.0,10.8041,39.6048,98.6933,227.0602,0.0197,0.0,99.9032,202.8623,49.4466,-17.1801,0.0,0.0001,2.2957,-0.0086,6.1888,35.4941,10.7319,27.2091,35.9821
288.0,581.0,10.7791,39.5781,93.1765,227.0555,0.0182,0.0,99.8961,202.8623,49.4466,-17.1801,0.0,0.0001,2.2818,-0.004,6.1927,35.4903,10.7067,27.2107,35.9848
289.0,583.0,10.7791,39.579,98.6871,224.9347,0.0209,0.0,99.8978,202.8623,49.4466,-17.1801,0.0,0.0001,2.2687,-0.0056,6.1935,35.4904,10.7064,27.2107,35.9849
290.0,585.0,10.7646,39.5646,98.6915,225.5289,0.0197,0.0,99.8978,202.8624,49.4466,-17.1801,0.0,0.0001,2.264,-0.0024,6.1957,35.4889,10.6918,27.2122,35.987
291.0,587.0,10.76,39.5598,98.6902,225.4096,0.0183,0.0,99.8915,202.8624,49.4466,-17.1801,0.0,0.0001,2.2602,-0.0019,6.1974,35.488,10.6869,27.2124,35.9874
292.0,589.0,10.7467,39.5456,98.6883,224.7023,0.0188,0.0,99.8978,202.8624,49.4466,-17.1801,0.0,0.0001,2.2563,-0.0022,6.1964,35.4858,10.6734,27.2131,35.9886
293.0,591.0,10.7447,39.5457,92.962,225.1062,0.0185,0.0,99.9033,202.8625,49.4466,-17.1801,0.0,0.0001,2.254,-0.0007,6.1981,35.4869,10.6711,27.2143,35.99
294.0,593.0,10.7389,39.5434,98.6875,224.7674,0.0202,0.0,99.8978,202.8625,49.4466,-17.1801,0.0,0.0001,2.2515,-0.0012,6.1977,35.4893,10.6652,27.2173,35.9931
295.0,595.0,10.7326,39.5373,65.7736,226.2773,0.0209,0.0,99.9019,202.8625,49.4465,-17.1801,0.0,0.0001,2.2555,0.0018,6.1979,35.4882,10.6586,27.2176,35.9938
296.0,597.0,10.7325,39.538,94.5334,225.8072,0.021,0.0,99.8989,202.8625,49.4465,-17.1801,0.0,0.0001,2.2559,-0.0001,6.2,35.4882,10.6583,27.2177,35.9939
297.0,599.0,10.7229,39.5291,98.68,225.7496,0.019,0.0,99.8978,202.8626,49.4465,-17.1801,0.0,0.0001,2.2552,-0.0003,6.2009,35.4877,10.6484,27.2191,35.9957
298.0,601.0,10.7201,39.5271,98.6897,225.733,0.0175,0.0,99.8689,202.8626,49.4465,-17.1801,0.0,0.0001,2.2547,-0.0003,6.2016,35.4877,10.6455,27.2196,35.9963
299.0,603.0,10.7144,39.5223,98.6987,225.4151,0.0187,0.0,99.8978,202.8626,49.4465,-17.1801,0.0,0.0001,2.2526,-0.0007,6.202,35.4875,10.6396,27.2205,35.9974
300.0,605.0,10.7064,39.5147,98.6403,225.2696,0.0208,0.0,99.8958,202.8626,49.4465,-17.1801,0.0,0.0001,2.2515,-0.0006,6.2027,35.4866,10.6313,27.2213,35.9986
301.0,607.0,10.6987,39.5076,98.695,225.5192,0.0161,0.0,99.8978,202.8627,49.4465,-17.1801,0.0,0.0001,2.2515,-0.0002,6.2045,35.486,10.6234,27.2222,35.9999
302.0,609.0,10.6956,39.5059,98.695,225.4368,0.0172,0.0,99.8978,202.8627,49.4465,-17.1801,0.0,0.0001,2.2513,-0.0005,6.2059,35.4864,10.62,27.2231,36.0009
303.0,611.0,10.6881,39.4987,98.695,225.9277,0.0169,0.0001,99.7562,202.8627,49.4465,-17.1801,0.0,0.0001,2.2511,0.0005,6.2055,35.4855,10.6123,27.2238,36.0019
304.0,613.0,10.679,39.49,70.8062,226.3968,0.02,0.0,99.8978,202.8627,49.4465,-17.1801,0.0,0.0001,2.2527,0.0011,6.2046,35.4845,10.603,27.2247,36.0032
305.0,615.0,10.6825,39.4941,97.0475,226.1667,0.019,0.0,99.8932,202.8628,49.4465,-17.1801,0.0,0.0001,2.2533,-0.0002,6.2079,35.4845,10.6063,27.2241,36.0025
306.0,617.0,10.6655,39.4781,98.3671,225.3855,0.0201,0.0,99.8978,202.8628,49.4465,-17.1801,0.0,0.0001,2.2491,-0.0017,6.2128,35.4839,10.589,27.2267,36.0058
307.0,619.0,10.6574,39.47,98.5994,225.2427,0.0178,0.0,99.9021,202.8628,49.4465,-17.1801,0.0,0.0001,2.2467,-0.0016,6.2144,35.4828,10.5807,27.2273,36.0068
308.0,621.0,10.6277,39.4369,98.68,224.6356,0.0229,0.0,99.8978,202.8629,49.4464,-17.1801,0.0,0.0001,2.244,-0.002,6.2125,35.4774,10.5508,27.2284,36.0092
309.0,623.0,10.61,39.4185,88.3948,224.585,0.0206,0.0,99.8978,202.8629,49.4464,-17.1801,0.0,0.0001,2.2402,-0.0011,6.215,35.4751,10.533,27.2298,36.0113
310.0,625.0,10.6052,39.4147,94.7585,222.9035,0.0188,0.0,99.8913,202.8629,49.4464,-17.1801,0.0,0.0001,2.2324,-0.0036,6.2184,35.475,10.5279,27.2306,36.0124
311.0,627.0,10.5916,39.4005,93.5677,222.5977,0.0189,0.0,99.9024,202.863,49.4464,-17.1801,0.0,0.0001,2.2276,-0.0027,6.2193,35.4729,10.5141,27.2315,36.0138
312.0,629.0,10.5896,39.3986,98.68,223.0798,0.015,0.0,99.8978,202.863,49.4464,-17.1801,0.0,0.0001,2.2274,-0.0011,6.2203,35.4723,10.5119,27.2314,36.0138
313.0,631.0,10.5819,39.3914,98.6883,223.9148,0.017,0.0,99.9003,202.863,49.4464,-17.1801,0.0,0.0001,2.2273,0.0007,6.2188,35.4715,10.504,27.2321,36.0149
314.0,633.0,10.5808,39.3909,77.8686,223.7241,0.0152,0.0,99.9001,202.863,49.4464,-17.1801,0.0,0.0001,2.2272,-0.0002,6.2216,35.4713,10.5026,27.2322,36.015
315.0,635.0,10.5749,39.3853,98.68,223.174,0.018,0.0,99.8913,202.8631,49.4464,-17.1801,0.0,0.0001,2.224,-0.0013,6.225,35.4704,10.4966,27.2326,36.0158
316.0,637.0,10.5631,39.3726,88.7381,221.7447,0.0203,0.0,99.903,202.8631,49.4464,-17.1801,0.0,0.0001,2.2197,-0.0032,6.2219,35.4681,10.4846,27.2329,36.0166
317.0,639.0,10.542,39.3502,98.68,222.0514,0.0218,0.0,99.9022,202.8631,49.4464,-17.1801,0.0,0.0001,2.2145,-0.0014,6.2259,35.4649,10.4632,27.2342,36.0188
318.0,641.0,10.5498,39.3608,98.68,220.8982,0.0226,0.0,99.9026,202.8631,49.4464,-17.18,0.0,0.0001,2.2096,-0.0028,6.2269,35.4674,10.4708,27.2348,36.0191
319.0,643.0,10.5322,39.341,98.6932,220.8171,0.0208,0.0,99.8943,202.8632,49.4464,-17.18,0.0,0.0001,2.205,-0.0018,6.2303,35.4636,10.453,27.235,36.02
320.0,645.0,10.5213,39.3283,98.6819,220.1578,0.0223,0.0,99.9017,202.8632,49.4464,-17.1801,0.0,0.0001,2.2004,-0.0021,6.2283,35.4605,10.442,27.2346,36.0201
321.0,647.0,10.4966,39.3026,97.7787,220.1545,0.0189,0.0,99.8956,202.8632,49.4464,-17.1801,0.0,0.0001,2.1971,-0.0016,6.2334,35.4576,10.4171,27.2367,36.0232
322.0,649.0,10.4864,39.2919,98.6889,219.282,0.0201,0.0,99.8947,202.8632,49.4464,-17.18,0.0,0.0001,2.1921,-0.0025,6.2375,35.4559,10.4067,27.2372,36.0242
323.0,651.0,10.4486,39.2508,98.6815,217.9988,0.0171,0.0,99.8978,202.8633,49.4464,-17.18,0.0,0.0001,2.184,-0.0032,6.2381,35.45,10.3688,27.2393,36.028
324.0,653.0,10.4448,39.2476,75.1178,218.0505,0.0172,0.0,99.8909,202.8633,49.4464,-17.18,0.0,0.0001,2.1784,-0.0018,6.2434,35.4496,10.3648,27.2397,36.0286
325.0,655.0,10.4169,39.2181,80.3686,216.6212,0.0177,0.0,99.8978,202.8633,49.4464,-17.18,0.0,0.0001,2.1706,-0.0031,6.2404,35.4458,10.3368,27.2416,36.0317
326.0,657.0,10.4232,39.2292,98.68,217.1687,0.0202,0.0,99.8978,202.8633,49.4464,-17.18,0.0,0.0001,2.1701,-0.0013,6.2417,35.4501,10.3428,27.2439,36.0337
327.0,659.0,10.4324,39.2429,96.2408,219.1162,0.0224,0.0001,99.8624,202.8634,49.4464,-17.18,0.0,0.0001,2.1756,0.002,6.2411,35.454,10.3517,27.2454,36.0348
328.0,661.0,10.4263,39.2353,93.2522,219.1792,0.0188,0.0,99.8513,202.8634,49.4463,-17.18,0.0,0.0001,2.1775,0.0006,6.248,35.4516,10.3453,27.2447,36.0343
329.0,663.0,10.3944,39.2006,98.68,216.8858,0.0179,0.0,99.8978,202.8634,49.4463,-17.18,0.0,0.0001,2.1709,-0.004,6.257,35.4466,10.3134,27.2464,36.0374
330.0,665.0,10.3543,39.1526,98.6842,214.2648,0.0179,0.0,99.8911,202.8635,49.4463,-17.18,0.0,0.0001,2.1607,-0.0071,6.2531,35.4361,10.2732,27.2452,36.0381
331.0,667.0,10.3163,39.1127,98.68,214.033,0.02,0.0001,99.8794,202.8635,49.4463,-17.18,0.0,0.0001,2.1511,-0.0046,6.2523,35.4315,10.235,27.2483,36.0428
332.0,669.0,10.3428,39.143,98.68,215.4217,0.0214,0.0,99.8938,202.8635,49.4463,-17.18,0.0,0.0001,2.1482,-0.0006,6.2575,35.4357,10.2613,27.247,36.0404
333.0,671.0,10.303,39.1005,88.7914,212.8411,0.0183,0.0,99.8978,202.8636,49.4463,-17.18,0.0,0.0001,2.1388,-0.0047,6.2613,35.4304,10.2214,27.2498,36.045
334.0,673.0,10.2942,39.0934,98.68,212.4475,0.0215,0.0,99.8978,202.8636,49.4463,-17.18,0.0,0.0001,2.1317,-0.0035,6.2629,35.4308,10.2124,27.2517,36.0472
335.0,675.0,10.2788,39.0784,98.6307,211.9692,0.0211,0.0,99.9024,202.8636,49.4463,-17.18,0.0,0.0001,2.1259,-0.0028,6.2616,35.4295,10.1968,27.2534,36.0495
336.0,677.0,10.2726,39.0724,98.68,212.3535,0.0185,0.0,99.8994,202.8636,49.4463,-17.18,0.0,0.0001,2.1233,-0.0013,6.2641,35.4287,10.1903,27.2539,36.0504
337.0,679.0,10.2622,39.0626,79.5792,211.7501,0.0189,0.0,99.8959,202.8637,49.4463,-17.18,0.0,0.0001,2.1193,-0.0017,6.2665,35.4281,10.1798,27.2553,36.0522
338.0,681.0,10.25,39.0503,98.7586,210.766,0.0183,0.0,99.8978,202.8637,49.4463,-17.18,0.0,0.0001,2.1122,-0.0023,6.2685,35.4264,10.1673,27.2561,36.0536
339.0,683.0,10.2401,39.0406,96.7865,210.225,0.0158,0.0,99.8978,202.8637,49.4463,-17.18,0.0,0.0001,2.1087,-0.0024,6.2679,35.4255,10.1573,27.2571,36.055
340.0,685.0,10.2371,39.0386,96.1384,210.2191,0.0245,0.0,99.8978,202.8637,49.4463,-17.18,0.0,0.0001,2.1065,-0.0018,6.2677,35.4255,10.1541,27.2577,36.0557
341.0,687.0,10.2348,39.0375,98.599,210.7111,0.0228,0.0,99.8858,202.8638,49.4463,-17.18,0.0,0.0001,2.1055,-0.0004,6.2694,35.4258,10.1515,27.2584,36.0565
342.0,689.0,10.2346,39.0407,98.68,210.509,0.0242,0.0001,99.8978,202.8638,49.4463,-17.18,0.0,0.0001,2.1038,-0.0006,6.2698,35.4283,10.1511,27.2604,36.0585
343.0,691.0,10.2302,39.0363,98.68,210.6403,0.0224,0.0,99.8935,202.8638,49.4463,-17.18,0.0,0.0001,2.1035,-0.0002,6.27,35.4271,10.1465,27.2603,36.0586
344.0,693.0,10.225,39.0311,79.5085,210.6103,0.0223,0.0001,99.874,202.8638,49.4462,-17.18,0.0,0.0001,2.1027,-0.0003,6.2706,35.4262,10.1411,27.2605,36.0591
345.0,695.0,10.2217,39.0307,98.6813,210.02,0.0196,0.0001,99.8893,202.8639,49.4462,-17.18,0.0,0.0001,2.1001,-0.0012,6.2706,35.4279,10.1375,27.2625,36.0612
346.0,697.0,10.2195,39.0311,88.5429,210.3539,0.022,0.0001,99.8841,202.8639,49.4462,-17.18,0.0,0.0001,2.1001,-0.0003,6.2706,35.4295,10.1351,27.2641,36.0629
347.0,699.0,10.2179,39.0309,98.68,210.5572,0.023,0.0001,99.8789,202.8639,49.4462,-17.18,0.0,0.0001,2.1005,0.0,6.271,35.43,10.1332,27.2649,36.0637
348.0,701.0,10.2191,39.0324,98.6856,210.0545,0.0209,0.0001,99.8833,202.864,49.4462,-17.18,0.0,0.0001,2.0983,-0.0009,6.2727,35.4297,10.1342,27.2644,36.0632
349.0,703.0,10.21,39.0264,98.68,209.5682,0.0209,0.0,99.8774,202.864,49.4462,-17.18,0.0,0.0001,2.0947,-0.0013,6.2736,35.4315,10.1248,27.2675,36.0667
350.0,705.0,10.2013,39.0208,98.68,209.4383,0.0184,0.0,99.8978,202.864,49.4462,-17.18,0.0,0.0001,2.0932,-0.0011,6.2726,35.4333,10.116,27.2704,36.0699
351.0,707.0,10.1892,39.0109,76.0811,209.7127,0.0231,0.0001,99.8807,202.864,49.4462,-17.18,0.0,0.0001,2.0922,-0.0003,6.2756,35.434,10.1037,27.2731,36.0731
352.0,709.0,10.1933,39.0123,93.2839,208.6305,0.0225,0.0001,99.869,202.8641,49.4462,-17.18,0.0,0.0001,2.0878,-0.0021,6.2762,35.4309,10.1075,27.27,36.0699
353.0,711.0,10.1674,38.9906,98.68,209.8556,0.0223,0.0001,99.8607,202.8641,49.4462,-17.18,0.0,0.0001,2.0896,0.0003,6.2767,35.4331,10.0814,27.2762,36.0772
354.0,713.0,10.1767,39.0062,98.68,211.6494,0.0233,0.0001,99.8282,202.8641,49.4462,-17.18,0.0,0.0001,2.0959,0.0029,6.2768,35.4387,10.0905,27.2791,36.0796
355.0,715.0,10.1732,39.0015,73.9686,211.4817,0.0191,0.0001,99.8395,202.8641,49.4462,-17.18,0.0,0.0001,2.0991,0.001,6.2785,35.4365,10.0867,27.278,36.0787
356.0,717.0,10.159,38.991,98.6774,211.4583,0.0213,0.0001,99.8232,202.8642,49.4462,-17.18,0.0,0.0001,2.1006,0.0003,6.2797,35.4388,10.0723,27.2823,36.0835
357.0,719.0,10.1526,38.9845,86.2035,210.684,0.0195,0.0001,99.8326,202.8642,49.4462,-17.18,0.0,0.0001,2.0985,-0.0014,6.2842,35.4377,10.0658,27.2826,36.0841
358.0,721.0,10.1339,38.9663,98.68,209.8577,0.0187,0.0001,99.8164,202.8642,49.4462,-17.18,0.0,0.0001,2.0937,-0.0022,6.2872,35.4366,10.0469,27.285,36.0873
359.0,723.0,10.0938,38.9229,98.68,207.5594,0.0195,0.0001,99.8099,202.8643,49.4462,-17.18,0.0,0.0001,2.082,-0.0048,6.2934,35.4304,10.0068,27.287,36.0912
360.0,725.0,10.0457,38.8701,98.68,204.9619,0.0215,0.0001,99.8197,202.8643,49.4461,-17.18,0.0,0.0001,2.0664,-0.0063,6.292,35.4226,9.9586,27.2892,36.0955
361.0,727.0,10.0185,38.841,84.4631,205.9004,0.0233,0.0001,99.8346,202.8643,49.4462,-17.18,0.0,0.0001,2.0604,-0.0027,6.3046,35.4187,9.9314,27.2908,36.0983
362.0,729.0,9.9814,38.8004,98.6796,200.968,0.0187,0.0001,99.8441,202.8643,49.4461,-17.18,0.0,0.0001,2.0408,-0.0091,6.3093,35.4125,9.8942,27.2924,36.1015
363.0,731.0,9.9496,38.7699,98.68,200.8314,0.0194,0.0001,99.8134,202.8644,49.4461,-17.18,0.0,0.0001,2.0266,-0.0054,6.3129,35.4114,9.8623,27.297,36.1075
364.0,733.0,9.9138,38.7311,31.0142,199.4654,0.0189,0.0001,99.8346,202.8644,49.4461,-17.18,0.0,0.0001,2.0169,-0.0054,6.3119,35.4055,9.8264,27.2985,36.1106
365.0,735.0,9.9119,38.7304,95.4704,200.2409,0.0186,0.0001,99.8254,202.8644,49.4461,-17.18,0.0,0.0001,2.012,-0.0021,6.3147,35.4058,9.8243,27.2991,36.1113
366.0,737.0,9.91,38.7296,98.68,198.5556,0.0209,0.0001,99.8329,202.8645,49.4461,-17.18,0.0,0.0001,2.0035,-0.0037,6.3151,35.4061,9.8221,27.2997,36.112
367.0,739.0,9.8939,38.7171,98.68,199.3586,0.022,0.0001,99.8282,202.8645,49.4461,-17.18,0.0,0.0001,2.0028,-0.001,6.3164,35.408,9.8058,27.304,36.117
368.0,741.0,9.8934,38.7165,98.68,200.0559,0.0215,0.0001,99.8239,202.8645,49.4461,-17.18,0.0,0.0001,2.0021,0.0002,6.318,35.4073,9.8052,27.3035,36.1165
369.0,743.0,9.8907,38.7183,98.68,200.2481,0.0228,0.0001,99.8006,202.8645,49.4461,-17.18,0.0,0.0001,2.0024,0.0004,6.3169,35.4109,9.8023,27.3068,36.1199
370.0,745.0,9.8668,38.6955,98.68,200.2855,0.0236,0.0001,99.7993,202.8646,49.4461,-17.18,0.0,0.0001,2.0027,0.0002,6.3203,35.4097,9.7782,27.31,36.1241
371.0,747.0,9.8674,38.6951,98.68,199.0789,0.0241,0.0001,99.7976,202.8646,49.4461,-17.18,0.0,0.0001,1.9983,-0.0022,6.3282,35.408,9.7786,27.3086,36.1228
372.0,749.0,9.817,38.6431,98.68,197.5773,0.0221,0.0001,99.8232,202.8646,49.4461,-17.18,0.0,0.0001,1.9908,-0.004,6.3318,35.4032,9.7283,27.3134,36.1297
373.0,751.0,9.7962,38.6246,79.0857,197.5362,0.0222,0.0001,99.8183,202.8646,49.4461,-17.18,0.0,0.0001,1.9865,-0.0025,6.3333,35.4036,9.7073,27.3172,36.1345
374.0,753.0,9.7727,38.6037,95.1874,197.0236,0.0195,0.0001,99.8055,202.8647,49.4461,-17.18,0.0,0.0001,1.9819,-0.002,6.3306,35.4042,9.6837,27.3217,36.1399
375.0,755.0,9.767,38.5985,98.68,197.0901,0.0188,0.0001,99.8125,202.8647,49.4461,-17.18,0.0,0.0001,1.9777,-0.0013,6.3365,35.4037,9.6778,27.3223,36.1408
376.0,757.0,9.761,38.5926,85.2514,196.296,0.0221,0.0001,99.8362,202.8647,49.4461,-17.18,0.0,0.0001,1.9732,-0.0019,6.3351,35.4025,9.6715,27.3224,36.1412
377.0,759.0,9.7419,38.5735,96.6267,196.5657,0.0201,0.0001,99.7829,202.8648,49.4461,-17.18,0.0,0.0001,1.9709,-0.001,6.3432,35.4005,9.6522,27.3241,36.1437
378.0,761.0,9.7198,38.5503,98.68,194.573,0.0201,0.0001,99.822,202.8648,49.4461,-17.18,0.0,0.0001,1.9632,-0.0035,6.3438,35.3976,9.63,27.3256,36.1462
379.0,763.0,9.6945,38.5242,98.68,194.152,0.0191,0.0001,99.8249,202.8648,49.4461,-17.18,0.0,0.0001,1.9574,-0.0028,6.3441,35.3945,9.6046,27.3275,36.1492
380.0,765.0,9.6962,38.5268,98.68,194.7042,0.0211,0.0001,99.8196,202.8648,49.4461,-17.18,0.0,0.0001,1.9547,-0.001,6.3486,35.395,9.6061,27.3276,36.1492
381.0,767.0,9.6817,38.5119,74.4547,193.475,0.0194,0.0001,99.8419,202.8649,49.446,-17.18,0.0,0.0001,1.9496,-0.0025,6.3497,35.3928,9.5914,27.3284,36.1507
382.0,769.0,9.6466,38.4737,98.68,193.0709,0.018,0.0001,99.8465,202.8649,49.446,-17.18,0.0,0.0001,1.9451,-0.0024,6.348,35.3869,9.5563,27.3296,36.1535
383.0,771.0,9.6461,38.4743,98.5734,193.8175,0.0208,0.0001,99.8416,202.8649,49.446,-17.18,0.0,0.0001,1.9448,-0.0006,6.354,35.3872,9.5555,27.33,36.1539
384.0,773.0,9.6128,38.4374,98.68,191.8519,0.0216,0.0001,99.873,202.8649,49.446,-17.18,0.0,0.0001,1.9357,-0.0035,6.3656,35.381,9.5222,27.3307,36.1561
385.0,775.0,9.5714,38.3921,61.6606,190.2636,0.0232,0.0,99.8833,202.865,49.446,-17.18,0.0,0.0001,1.9252,-0.0044,6.3709,35.3739,9.4808,27.3321,36.1594
386.0,777.0,9.5233,38.3396,98.6769,189.5109,0.022,0.0,99.8805,202.865,49.446,-17.18,0.0,0.0001,1.9209,-0.0042,6.3696,35.366,9.4327,27.3339,36.1634
387.0,779.0,9.5153,38.3328,93.9678,189.8705,0.0166,0.0,99.8945,202.865,49.446,-17.18,0.0,0.0001,1.9171,-0.0023,6.3669,35.366,9.4246,27.3353,36.1651
388.0,781.0,9.5071,38.3259,98.6798,190.2974,0.019,0.0,99.8819,202.865,49.446,-17.18,0.0,0.0001,1.9131,-0.001,6.3753,35.3662,9.4161,27.3368,36.167
389.0,783.0,9.4856,38.3054,79.5636,189.4738,0.0205,0.0,99.9086,202.8651,49.446,-17.18,0.0,0.0001,1.909,-0.0017,6.3763,35.3651,9.3945,27.3395,36.1707
390.0,785.0,9.4822,38.303,98.679,189.59,0.021,0.0,99.9091,202.8651,49.446,-17.18,0.0,0.0001,1.9075,-0.001,6.3788,35.365,9.3909,27.34,36.1713
391.0,787.0,9.4688,38.2901,98.68,189.0861,0.0186,0.0,99.9104,202.8651,49.446,-17.18,0.0,0.0001,1.9042,-0.0015,6.3813,35.3641,9.3773,27.3416,36.1735
392.0,789.0,9.4451,38.2679,98.68,189.0968,0.0201,0.0,99.9107,202.8652,49.446,-17.18,0.0,0.0001,1.9018,-0.0009,6.3833,35.3633,9.3535,27.345,36.1779
393.0,791.0,9.4298,38.2534,98.68,188.6783,0.0224,0.0,99.9109,202.8652,49.446,-17.18,0.0,0.0001,1.8983,-0.0012,6.386,35.3626,9.3381,27.3469,36.1805
394.0,793.0,9.4117,38.2352,67.4584,188.1445,0.0229,0.0,99.9209,202.8652,49.446,-17.18,0.0,0.0001,1.8958,-0.0015,6.3842,35.3608,9.3198,27.3485,36.1829
395.0,795.0,9.4033,38.2315,97.2226,188.4361,0.0192,0.0,99.9098,202.8652,49.446,-17.18,0.0,0.0001,1.8936,-0.0007,6.3899,35.3643,9.3112,27.3527,36.1875
396.0,797.0,9.385,38.2154,98.68,187.7487,0.0192,0.0,99.9054,202.8653,49.446,-17.18,0.0,0.0001,1.8912,-0.0014,6.3894,35.3647,9.2928,27.356,36.1916
397.0,799.0,9.3915,38.2254,98.68,187.4847,0.0197,0.0,99.8977,202.8653,49.446,-17.18,0.0,0.0001,1.8883,-0.0011,6.389,35.3676,9.299,27.3573,36.1925
398.0,801.0,9.3918,38.2291,94.7705,185.8099,0.0245,0.0,99.9296,202.8653,49.446,-17.18,0.0,0.0001,1.8815,-0.0033,6.3902,35.3704,9.2991,27.3595,36.1947
399.0,803.0,9.3814,38.2228,41.4684,185.4635,0.0244,0.0,99.9204,202.8653,49.446,-17.18,0.0,0.0001,1.878,-0.0027,6.3894,35.3731,9.2885,27.3634,36.199
400.0,805.0,9.3682,38.2104,95.7504,186.1551,0.0223,0.0,99.9225,202.8654,49.446,-17.18,0.0,0.0001,1.8745,-0.001,6.3969,35.3722,9.2752,27.3649,36.2011
401.0,807.0,9.3117,38.1507,98.68,185.1177,0.0194,0.0,99.9306,202.8654,49.4459,-17.18,0.0,0.0001,1.8686,-0.0022,6.4046,35.365,9.2187,27.3685,36.2072
402.0,809.0,9.2812,38.1235,98.68,185.1008,0.0184,0.0,99.8916,202.8654,49.4459,-17.18,0.0,0.0001,1.8663,-0.0017,6.4086,35.366,9.1881,27.3742,36.2143
403.0,811.0,9.2756,38.1209,84.5925,184.8003,0.0206,0.0,99.9411,202.8655,49.4459,-17.18,0.0,0.0001,1.8645,-0.0016,6.4058,35.3679,9.1824,27.3767,36.217
404.0,813.0,9.2469,38.0965,80.3775,185.3399,0.0218,0.0,99.9344,202.8655,49.4459,-17.18,0.0,0.0001,1.8632,-0.0002,6.4062,35.3698,9.1535,27.3829,36.2244
405.0,815.0,9.2838,38.1302,98.68,184.9052,0.0207,0.0,99.9191,202.8655,49.4459,-17.18,0.0,0.0001,1.862,-0.001,6.4113,35.3678,9.1901,27.3754,36.2153
406.0,817.0,9.2381,38.0917,98.68,184.3711,0.0224,0.0,99.9391,202.8655,49.4459,-17.18,0.0,0.0001,1.8584,-0.0014,6.4097,35.3719,9.1444,27.386,36.2279
407.0,819.0,9.2211,38.077,98.68,185.2189,0.0237,0.0,99.9153,202.8656,49.4459,-17.18,0.0,0.0001,1.8586,0.0001,6.4148,35.3723,9.1272,27.3892,36.2318
408.0,821.0,9.2114,38.068,98.68,185.0833,0.021,0.0,99.9493,202.8656,49.4459,-17.18,0.0,0.0001,1.8585,-0.0001,6.4147,35.3717,9.1174,27.3903,36.2333
409.0,823.0,9.2034,38.0659,78.8974,186.4419,0.0221,0.0001,99.6865,202.8656,49.4459,-17.18,0.0,0.0001,1.862,0.0018,6.4146,35.3762,9.1091,27.3952,36.2385
410.0,825.0,9.207,38.0689,98.68,186.0176,0.0193,0.0002,99.6791,202.8657,49.4459,-17.18,0.0,0.0001,1.8628,0.0003,6.4153,35.3753,9.1125,27.3939,36.2371
411.0,827.0,9.203,38.0673,85.6642,186.7154,0.0206,0.0,99.9234,202.8657,49.4459,-17.18,0.0,0.0001,1.8653,0.0011,6.415,35.3765,9.1082,27.3956,36.2389
412.0,829.0,9.2008,38.0676,79.3185,186.4949,0.0219,0.0,99.9267,202.8657,49.4459,-17.18,0.0,0.0001,1.8657,0.0004,6.4157,35.3778,9.1058,27.397,36.2404
413.0,831.0,9.2013,38.068,92.076,186.1976,0.0208,0.0,99.9207,202.8657,49.4459,-17.18,0.0,0.0001,1.8649,-0.0004,6.4176,35.3772,9.1061,27.3965,36.2399
414.0,833.0,9.1867,38.0564,98.68,186.7045,0.0158,0.0,99.9199,202.8658,49.4459,-17.18,0.0,0.0001,1.8657,0.0003,6.4225,35.3785,9.0913,27.3999,36.244
415.0,835.0,9.1345,38.0051,98.68,186.3466,0.0203,0.0,99.9267,202.8658,49.4459,-17.18,0.0,0.0001,1.8638,-0.0007,6.4304,35.3757,9.0392,27.4061,36.2525
416.0,837.0,9.0981,37.9711,98.6769,185.67,0.0201,0.0,99.9238,202.8658,49.4459,-17.18,0.0,0.0001,1.8604,-0.0014,6.4335,35.3752,9.0028,27.4117,36.2596
417.0,839.0,9.0859,37.9597,98.5825,185.3014,0.0252,0.0,99.9324,202.8658,49.4459,-17.18,0.0,0.0001,1.8585,-0.0015,6.4327,35.3746,8.9904,27.4132,36.2617
418.0,841.0,9.0632,37.9393,98.68,185.9161,0.0212,0.0,99.9472,202.8659,49.4459,-17.18,0.0,0.0001,1.8577,0.0,6.4326,35.3749,8.9676,27.4171,36.2666
419.0,843.0,9.0551,37.9325,98.68,185.7164,0.0206,0.0,99.9329,202.8659,49.4459,-17.18,0.0,0.0001,1.8558,-0.0005,6.4392,35.375,8.9594,27.4185,36.2684
420.0,845.0,9.038,37.9162,70.8554,185.5767,0.0213,0.0,99.944,202.8659,49.4458,-17.18,0.0,0.0001,1.8547,-0.0007,6.4413,35.3739,8.9422,27.4205,36.2711
421.0,847.0,9.0131,37.8922,95.03,185.7074,0.0225,0.0,99.9441,202.866,49.4458,-17.1801,0.0,0.0001,1.8538,-0.0004,6.4458,35.3724,8.9172,27.4233,36.275
422.0,849.0,8.9891,37.869,98.68,185.3074,0.0208,0.0,99.95,202.866,49.4458,-17.18,0.0,0.0001,1.8523,-0.0008,6.4452,35.371,8.8931,27.4261,36.2789
423.0,851.0,8.9981,37.8808,98.5347,185.474,0.0193,0.0,99.946,202.866,49.4458,-17.18,0.0,0.0001,1.851,-0.0002,6.4433,35.3734,8.9017,27.4266,36.279
424.0,853.0,9.0065,37.8923,98.68,185.5197,0.0196,0.0,99.9386,202.866,49.4458,-17.1801,0.0,0.0001,1.8506,-0.0002,6.4439,35.3763,8.9099,27.4275,36.2795
425.0,855.0,9.0106,37.9004,98.68,185.1603,0.0224,0.0,99.9499,202.8661,49.4458,-17.1801,0.0,0.0001,1.8492,-0.001,6.4523,35.38,8.9137,27.4298,36.2816
426.0,857.0,8.973,37.8602,98.68,185.301,0.0212,0.0,99.9556,202.8661,49.4458,-17.1801,0.0,0.0001,1.8478,-0.0005,6.4545,35.3742,8.8761,27.4313,36.2848
427.0,859.0,8.9296,37.8157,75.7128,185.4027,0.0212,0.0,99.9496,202.8661,49.4458,-17.1801,0.0,0.0001,1.8471,-0.0003,6.4586,35.3697,8.8327,27.4347,36.2902
428.0,861.0,8.902,37.7868,92.7055,185.4145,0.0214,0.0,99.951,202.8662,49.4458,-17.1801,0.0,0.0001,1.8459,-0.0003,6.4615,35.3659,8.8051,27.4361,36.2929
429.0,863.0,8.89,37.7755,98.68,185.2609,0.0245,0.0,99.9471,202.8662,49.4458,-17.1801,0.0,0.0001,1.8437,-0.0007,6.466,35.3651,8.7929,27.4375,36.2947
430.0,865.0,8.873,37.7584,98.68,185.1641,0.0257,0.0,99.9556,202.8662,49.4458,-17.1801,0.0,0.0001,1.8438,-0.0004,6.4622,35.3632,8.7758,27.4387,36.2968
431.0,867.0,8.8315,37.7157,89.9539,185.6784,0.0221,0.0,99.9444,202.8662,49.4458,-17.1801,0.0,0.0001,1.8441,0.0001,6.4679,35.3584,8.7343,27.4415,36.3015
432.0,869.0,8.8598,37.7453,98.68,185.4803,0.0212,0.0,99.9442,202.8663,49.4458,-17.1801,0.0,0.0001,1.8435,-0.0004,6.4727,35.3606,8.7622,27.4389,36.2975
433.0,871.0,8.8141,37.6992,98.68,185.6894,0.0252,0.0,99.9526,202.8663,49.4458,-17.1801,0.0,0.0001,1.8433,-0.0001,6.4747,35.3567,8.7165,27.4431,36.3038
434.0,873.0,8.7997,37.6856,98.68,185.8417,0.0199,0.0,99.9556,202.8663,49.4458,-17.1801,0.0,0.0001,1.8434,0.0,6.4761,35.3556,8.7021,27.4445,36.3059
435.0,875.0,8.7839,37.6709,79.9745,185.6947,0.0196,0.0,99.9532,202.8663,49.4458,-17.1801,0.0,0.0001,1.8423,-0.0003,6.4786,35.3551,8.6861,27.4466,36.3087
436.0,877.0,8.7738,37.6617,94.879,185.4547,0.0224,0.0,99.9566,202.8664,49.4457,-17.1801,0.0,0.0001,1.841,-0.0007,6.4812,35.3546,8.6759,27.4479,36.3104
437.0,879.0,8.7522,37.6427,98.68,185.6554,0.0221,0.0,99.9592,202.8664,49.4457,-17.1801,0.0,0.0001,1.8406,-0.0001,6.4799,35.355,8.6541,27.4516,36.3152
438.0,881.0,8.7447,37.6363,98.68,185.8496,0.0188,0.0,99.9466,202.8664,49.4457,-17.1801,0.0,0.0001,1.8409,-0.0001,6.4846,35.3547,8.6464,27.4526,36.3165
439.0,883.0,8.7319,37.6255,65.5437,185.8189,0.024,0.0,99.95,202.8665,49.4457,-17.1801,0.0,0.0001,1.84,-0.0002,6.4886,35.3552,8.6335,27.455,36.3195
440.0,885.0,8.7069,37.601,98.68,185.657,0.0233,0.0,99.9517,202.8665,49.4457,-17.1801,0.0,0.0001,1.8388,-0.0005,6.4912,35.3532,8.6084,27.4575,36.323
441.0,887.0,8.6896,37.5843,90.6861,185.847,0.0203,0.0,99.957,202.8665,49.4457,-17.1801,0.0,0.0001,1.8393,-0.0001,6.49,35.3519,8.5909,27.4592,36.3255
442.0,889.0,8.6712,37.5669,98.68,186.2649,0.0199,0.0,99.9556,202.8665,49.4457,-17.1801,0.0,0.0001,1.8398,0.0006,6.4897,35.3509,8.5724,27.4613,36.3285
443.0,891.0,8.672,37.5698,93.7622,185.9205,0.0242,0.0,99.9531,202.8666,49.4457,-17.1801,0.0,0.0001,1.8387,-0.0005,6.4962,35.3525,8.573,27.4624,36.3296
444.0,893.0,8.6507,37.5475,48.9572,185.4538,0.0242,0.0,99.9749,202.8666,49.4457,-17.1801,0.0,0.0001,1.8364,-0.0012,6.4991,35.3494,8.5516,27.4634,36.3315
445.0,895.0,8.638,37.5369,93.8545,186.078,0.023,0.0,99.9556,202.8666,49.4457,-17.1801,0.0,0.0001,1.8371,0.0001,6.498,35.3498,8.5387,27.4658,36.3345
446.0,897.0,8.6213,37.5229,92.3519,186.1281,0.0207,0.0,99.9577,202.8666,49.4457,-17.1801,0.0,0.0001,1.8373,0.0,6.5013,35.3507,8.5219,27.469,36.3385
447.0,899.0,8.6181,37.5201,98.68,186.0937,0.0224,0.0,99.9556,202.8667,49.4457,-17.1801,0.0,0.0001,1.8364,-0.0002,6.5035,35.35,8.5186,27.4691,36.3387
448.0,901.0,8.6018,37.5053,98.68,186.479,0.0205,0.0,99.9719,202.8667,49.4457,-17.1801,0.0,0.0001,1.8372,0.0003,6.505,35.3497,8.5021,27.4714,36.3417
449.0,903.0,8.5911,37.4957,98.68,186.4343,0.022,0.0,99.9556,202.8667,49.4457,-17.1801,0.0,0.0001,1.8375,-0.0001,6.5054,35.3491,8.4913,27.4726,36.3434
450.0,905.0,8.5871,37.4926,85.3857,186.2873,0.0213,0.0,99.9664,202.8668,49.4457,-17.1801,0.0,0.0001,1.8366,-0.0004,6.5094,35.349,8.487,27.4732,36.3442
451.0,907.0,8.5655,37.4713,98.68,185.9979,0.02,0.0,99.9639,202.8668,49.4457,-17.1801,0.0,0.0001,1.8343,-0.0007,6.5121,35.347,8.4653,27.475,36.347
452.0,909.0,8.5466,37.4532,88.8031,186.3608,0.0213,0.0,99.9532,202.8668,49.4457,-17.1801,0.0,0.0001,1.8339,0.0,6.5105,35.3457,8.4463,27.4769,36.3498
453.0,911.0,8.5331,37.4407,80.4363,186.4285,0.0229,0.0,99.9689,202.8668,49.4457,-17.1801,0.0,0.0001,1.8343,-0.0001,6.5147,35.3451,8.4327,27.4786,36.3521
454.0,913.0,8.5273,37.4351,91.9608,186.6438,0.0187,0.0,99.9544,202.8669,49.4456,-17.1801,0.0,0.0001,1.8344,0.0001,6.5173,35.3443,8.4268,27.4789,36.3526
455.0,915.0,8.5166,37.425,98.68,186.7239,0.0204,0.0,99.9496,202.8669,49.4456,-17.1801,0.0,0.0001,1.8341,0.0,6.5219,35.3432,8.4159,27.4797,36.3539
456.0,917.0,8.4903,37.3982,98.68,186.6914,0.0209,0.0,99.9601,202.8669,49.4456,-17.1801,0.0,0.0001,1.8337,-0.0004,6.5293,35.3402,8.3895,27.4815,36.357
457.0,919.0,8.4342,37.3415,98.68,187.1646,0.0207,0.0,99.9584,202.8669,49.4456,-17.1801,0.0,0.0001,1.8341,0.0003,6.5299,35.3351,8.3336,27.4862,36.3642
458.0,921.0,8.4149,37.3225,98.68,187.0415,0.0225,0.0,99.9115,202.867,49.4456,-17.1801,0.0,0.0001,1.8341,-0.0002,6.5327,35.3334,8.3141,27.4878,36.3667
459.0,923.0,8.4096,37.3172,98.68,187.0344,0.0222,0.0,99.9556,202.867,49.4456,-17.1801,0.0,0.0001,1.834,-0.0001,6.5301,35.3321,8.3087,27.4877,36.3668
460.0,925.0,8.4031,37.3122,98.68,187.7144,0.0198,0.0,99.9706,202.867,49.4456,-17.1801,0.0,0.0001,1.8354,0.0006,6.5352,35.3323,8.302,27.4888,36.3683
461.0,927.0,8.3927,37.3018,71.8624,187.1051,0.0169,0.0,99.9556,202.867,49.4456,-17.1801,0.0,0.0001,1.8339,-0.0008,6.5402,35.331,8.2914,27.4894,36.3694
462.0,929.0,8.3655,37.2736,96.9947,187.4324,0.0184,0.0,99.9556,202.8671,49.4456,-17.1801,0.0,0.0001,1.8339,0.0,6.5408,35.3273,8.2642,27.4907,36.372
463.0,931.0,8.3525,37.2609,96.0602,187.6571,0.0191,0.0,99.9687,202.8671,49.4456,-17.1801,0.0,0.0001,1.8342,0.0001,6.544,35.3259,8.251,27.4917,36.3735
464.0,933.0,8.337,37.245,98.5129,187.5839,0.0178,0.0,99.97,202.8671,49.4456,-17.1801,0.0,0.0001,1.8337,-0.0004,6.5492,35.3237,8.2355,27.4923,36.3749
465.0,935.0,8.309,37.2165,98.68,187.9152,0.0229,0.0,99.9792,202.8672,49.4456,-17.1801,0.0,0.0001,1.834,0.0001,6.5481,35.3203,8.2074,27.494,36.3779
466.0,937.0,8.2839,37.1926,98.68,187.9332,0.0217,0.0,99.9845,202.8672,49.4456,-17.1801,0.0,0.0001,1.834,-0.0002,6.557,35.3189,8.1822,27.4967,36.3818
467.0,939.0,8.2425,37.1524,98.6806,188.2094,0.0206,0.0,99.9802,202.8672,49.4456,-17.1801,0.0,0.0001,1.8339,0.0003,6.555,35.3166,8.1408,27.5012,36.3881
468.0,941.0,8.2463,37.1572,77.0975,188.1188,0.0227,0.0,99.9636,202.8672,49.4456,-17.1801,0.0,0.0001,1.8342,-0.0002,6.5581,35.3171,8.1444,27.5011,36.3878
469.0,943.0,8.2426,37.1568,98.6796,187.8592,0.0201,0.0,99.9556,202.8673,49.4456,-17.1801,0.0,0.0001,1.8327,-0.0005,6.5583,35.3195,8.1406,27.5036,36.3905
470.0,945.0,8.2368,37.1564,98.68,188.1099,0.0145,0.0,99.9845,202.8673,49.4456,-17.1801,0.0,0.0001,1.8333,-0.0001,6.5578,35.3238,8.1346,27.5078,36.3949
471.0,947.0,8.2363,37.1596,98.68,188.5705,0.0185,0.0,99.9845,202.8673,49.4456,-17.18,0.0,0.0001,1.8339,0.0006,6.5573,35.3266,8.1338,27.5102,36.3973
472.0,949.0,8.2416,37.1628,93.2535,188.2655,0.0207,0.0,99.9724,202.8673,49.4456,-17.18,0.0,0.0001,1.8337,-0.0002,6.5589,35.324,8.1388,27.5074,36.3943
473.0,951.0,8.2322,37.1547,98.68,187.3671,0.0215,0.0,99.9737,202.8674,49.4456,-17.18,0.0,0.0001,1.832,-0.0015,6.5652,35.3238,8.1292,27.5087,36.396
474.0,953.0,8.2204,37.1448,98.68,187.848,0.0213,0.0,99.9845,202.8674,49.4456,-17.18,0.0,0.0001,1.8303,-0.0005,6.5635,35.3242,8.1174,27.5108,36.3986
475.0,955.0,8.1885,37.112,98.68,188.8023,0.0195,0.0,99.9845,202.8674,49.4456,-17.18,0.0,0.0001,1.8317,0.0008,6.5671,35.3202,8.0854,27.5125,36.4019
476.0,957.0,8.1736,37.1001,84.5997,188.8976,0.0195,0.0,99.9824,202.8675,49.4456,-17.18,0.0,0.0001,1.8334,0.0004,6.567,35.3215,8.0704,27.5158,36.4058
477.0,959.0,8.1669,37.0941,95.778,188.4307,0.0218,0.0,99.9814,202.8675,49.4456,-17.18,0.0,0.0001,1.8315,-0.0006,6.57,35.321,8.0636,27.5165,36.4068
478.0,961.0,8.1541,37.0848,98.68,189.0516,0.0194,0.0,99.983,202.8675,49.4455,-17.18,0.0,0.0001,1.8337,0.0004,6.5685,35.3229,8.0506,27.5199,36.4108
479.0,963.0,8.1655,37.1012,98.68,188.6959,0.0207,0.0,99.9845,202.8675,49.4455,-17.18,0.0,0.0001,1.8328,-0.0002,6.5685,35.3281,8.0617,27.5223,36.4126
480.0,965.0,8.1749,37.1174,98.68,187.8536,0.0222,0.0,99.9556,202.8676,49.4455,-17.18,0.0,0.0001,1.8305,-0.0015,6.5687,35.335,8.0707,27.5264,36.4162
481.0,967.0,8.1565,37.1024,76.0053,188.6482,0.0199,0.0,99.9556,202.8676,49.4455,-17.18,0.0,0.0001,1.8309,0.0001,6.5684,35.3364,8.0522,27.5303,36.4209
482.0,969.0,8.1551,37.1012,93.9275,188.8292,0.0215,0.0,99.959,202.8676,49.4455,-17.18,0.0,0.0001,1.8312,0.0,6.5737,35.3357,8.0507,27.53,36.4207
483.0,971.0,8.1268,37.0739,98.68,188.8063,0.0219,0.0,99.9989,202.8676,49.4455,-17.18,0.0,0.0001,1.8303,-0.0003,6.5809,35.334,8.0223,27.5329,36.4249
484.0,973.0,8.1021,37.0509,98.68,188.8542,0.0233,0.0,99.9965,202.8677,49.4455,-17.18,0.0,0.0001,1.8297,-0.0003,6.5839,35.3332,7.9975,27.536,36.4291
485.0,975.0,8.0653,37.0174,98.68,189.4318,0.025,0.0,99.9827,202.8677,49.4455,-17.18,0.0,0.0001,1.8308,0.0005,6.5839,35.3333,7.9608,27.5417,36.4364
486.0,977.0,8.0608,37.0159,98.68,189.8629,0.0229,0.0,99.9835,202.8677,49.4455,-17.18,0.0,0.0001,1.8315,0.0009,6.5834,35.3355,7.9561,27.5441,36.439
487.0,979.0,8.0642,37.0239,98.68,189.8418,0.0205,0.0,99.9845,202.8677,49.4455,-17.18,0.0,0.0001,1.8336,0.0005,6.5832,35.3397,7.9592,27.5469,36.4417
488.0,981.0,8.0642,37.0273,98.68,189.7129,0.0206,0.0,99.9845,202.8678,49.4455,-17.18,0.0,0.0001,1.8339,-0.0003,6.5891,35.3423,7.959,27.549,36.4437
489.0,983.0,8.0399,37.0038,98.68,189.4712,0.0233,0.0,99.9845,202.8678,49.4455,-17.18,0.0,0.0001,1.8335,-0.0004,6.5844,35.3407,7.9346,27.5514,36.4472
490.0,985.0,7.9971,36.9597,83.3465,190.2677,0.0191,0.0,99.9861,202.8678,49.4455,-17.18,0.0,0.0001,1.8331,0.0002,6.5984,35.3354,7.8919,27.5537,36.4515
491.0,987.0,7.9594,36.918,95.4228,189.7406,0.0216,0.0,99.9823,202.8679,49.4455,-17.18,0.0,0.0001,1.8305,-0.001,6.6137,35.3277,7.8543,27.5533,36.4529
492.0,989.0,7.8952,36.8499,98.68,189.9882,0.0216,0.0,99.9933,202.8679,49.4455,-17.18,0.0,0.0001,1.8303,-0.0002,6.6075,35.3183,7.7903,27.5554,36.4581
493.0,991.0,7.8459,36.7976,98.68,191.8532,0.0195,0.0,99.9946,202.8679,49.4455,-17.18,0.0,0.0001,1.8348,0.0021,6.6119,35.3107,7.7412,27.5568,36.4618
494.0,993.0,7.8569,36.8097,90.0603,190.9735,0.0231,0.0,99.97,202.8679,49.4455,-17.18,0.0,0.0001,1.8338,-0.0003,6.6255,35.3119,7.7519,27.5561,36.4606
495.0,995.0,7.797,36.7472,98.68,191.074,0.0235,0.0,100.003,202.868,49.4455,-17.18,0.0,0.0001,1.8335,0.0001,6.6215,35.304,7.6922,27.5587,36.4661
496.0,997.0,7.7655,36.7138,98.68,192.2333,0.0202,0.0,100.0133,202.868,49.4454,-17.18,0.0,0.0001,1.8361,0.0011,6.6335,35.2987,7.6607,27.5592,36.4681
497.0,999.0,7.7275,36.674,98.68,192.0242,0.0214,0.0,100.0047,202.868,49.4454,-17.1799,0.0,0.0001,1.8364,0.0002,6.638,35.2932,7.6228,27.5605,36.4711
498.0,1001.0,7.6847,36.6289,82.8464,192.4889,0.0187,0.0,100.0194,202.8681,49.4454,-17.1799,0.0,0.0001,1.8376,0.0003,6.6477,35.2868,7.5801,27.5617,36.4744
499.0,1003.0,7.6503,36.5931,98.68,192.8981,0.0236,0.0,100.0007,202.8681,49.4454,-17.1799,0.0,0.0001,1.8386,0.0006,6.6483,35.282,7.5457,27.563,36.4773
500.0,1005.0,7.6387,36.5834,88.1439,193.1084,0.0198,0.0,100.0023,202.8682,49.4454,-17.1799,0.0,0.0001,1.8404,0.0002,6.6511,35.2821,7.5339,27.5648,36.4797
501.0,1007.0,7.6555,36.6025,94.6779,192.9592,0.0201,0.0,99.9951,202.8683,49.4454,-17.1799,0.0,0.0001,1.8406,-0.0003,6.6536,35.2848,7.5504,27.5644,36.4785
502.0,1009.0,7.5992,36.544,94.5577,193.284,0.0212,0.0,99.9514,202.8691,49.4452,-17.1798,0.0,0.0001,1.8412,0.0,6.6559,35.2775,7.4943,27.5669,36.4837
503.0,1011.0,7.5961,36.5412,96.9143,193.2843,0.0216,0.0001,99.8841,202.8697,49.4451,-17.1797,0.0,0.0001,1.8406,0.0001,6.6565,35.2771,7.4911,27.5671,36.484
