Datacycle,press,temp,cond,alt,oxygen,fluor,atten,trans,jday,lat,lon,PAR,UPAR,oxV,oxdVdt,oxysat,salin,potemp,sigma0,sigma2
1.0,7.0,15.2101,43.7297,98.71,245.0069,0.6729,0.0027,93.4464,203.3434,48.9076,-16.9071,0.0,0.0001,2.717,0.0,5.6451,35.5475,15.209,26.3478,34.9488
2.0,9.0,15.2097,43.7301,98.71,245.4714,0.696,0.0027,93.4295,203.3435,48.9076,-16.9072,0.0,0.0001,2.7196,0.0005,5.645,35.5474,15.2083,26.348,34.9489
3.0,11.0,15.2092,43.7304,98.71,245.7323,0.7211,0.0027,93.3989,203.3435,48.9076,-16.9072,0.0,0.0001,2.7216,0.0007,5.6451,35.5474,15.2075,26.3482,34.9491
4.0,13.0,15.2094,43.7315,98.71,245.6436,0.7709,0.0028,93.3467,203.3436,48.9076,-16.9072,0.0,0.0001,2.7217,-0.0004,5.6451,35.5474,15.2074,26.3482,34.9492
5.0,15.0,15.209,43.732,98.71,245.6519,0.8111,0.0027,93.3734,203.3436,48.9075,-16.9072,0.0,0.0001,2.7212,-0.0003,5.6453,35.5474,15.2067,26.3484,34.9493
6.0,17.0,15.2078,43.7314,98.71,245.9691,0.8198,0.0027,93.3839,203.3436,48.9075,-16.9072,0.0,0.0001,2.7219,0.0005,5.6452,35.5471,15.2052,26.3484,34.9495
7.0,19.0,15.2062,43.7309,98.71,246.18,0.8307,0.0027,93.4406,203.3437,48.9075,-16.9072,0.0,0.0001,2.7226,0.0007,5.6452,35.5473,15.2033,26.349,34.9501
8.0,21.0,15.2077,43.7331,98.71,245.7929,0.8274,0.0027,93.4799,203.3437,48.9075,-16.9072,0.0,0.0001,2.7218,-0.0009,5.6458,35.5471,15.2045,26.3486,34.9496
9.0,23.0,15.2042,43.7308,98.71,245.9354,0.8069,0.0026,93.5968,203.3437,48.9075,-16.9072,0.0,0.0001,2.7201,-0.0001,5.6473,35.5473,15.2007,26.3496,34.9508
10.0,25.0,15.1913,43.7204,98.71,245.6381,0.7764,0.0025,93.8265,203.3438,48.9075,-16.9072,0.0,0.0001,2.7179,-0.0009,5.6488,35.5489,15.1876,26.3537,34.9554
11.0,27.0,15.1499,43.687,98.71,245.3645,0.759,0.0024,94.2028,203.3438,48.9075,-16.9072,0.0,0.0001,2.714,-0.002,5.6596,35.5552,15.1457,26.3679,34.9709
12.0,29.0,15.059,43.628,98.71,244.1872,0.7044,0.0021,94.9093,203.3438,48.9075,-16.9072,0.0,0.0001,2.7037,-0.0033,5.6665,35.5831,15.0546,26.4096,35.0156
13.0,31.0,14.9882,43.5731,98.71,244.165,0.6835,0.002,95.187,203.3439,48.9075,-16.9072,0.0,0.0001,2.6953,-0.0027,5.681,35.5969,14.9835,26.436,35.0443
14.0,33.0,14.8491,43.4406,98.71,242.2126,0.6309,0.0018,95.5766,203.3439,48.9075,-16.9072,0.0,0.0001,2.6795,-0.0062,5.7035,35.6018,14.8441,26.4704,35.0837
15.0,35.0,14.6574,43.2445,98.71,240.3956,0.5457,0.0016,96.141,203.3439,48.9075,-16.9072,0.0,0.0001,2.6608,-0.0061,5.7072,35.5962,14.6522,26.508,35.1283
16.0,37.0,14.6121,43.2021,98.71,241.4093,0.4535,0.0015,96.4397,203.344,48.9075,-16.9073,0.0,0.0001,2.658,0.0,5.7039,35.5978,14.6065,26.5192,35.1411
17.0,39.0,14.6085,43.1995,98.71,240.6749,0.4325,0.0015,96.3814,203.344,48.9075,-16.9073,0.0,0.0001,2.6516,-0.0025,5.7174,35.598,14.6027,26.5202,35.1422
18.0,41.0,14.5594,43.1511,98.71,239.4556,0.4103,0.0014,96.5357,203.344,48.9075,-16.9073,0.0,0.0001,2.6406,-0.004,5.7285,35.5974,14.5533,26.5305,35.1543
19.0,43.0,14.4578,43.0525,98.695,238.6156,0.383,0.0013,96.8137,203.3441,48.9075,-16.9073,0.0,0.0001,2.6296,-0.0042,5.7393,35.599,14.4515,26.5537,35.1812
20.0,45.0,14.3574,42.959,98.71,237.9014,0.3491,0.0012,97.0734,203.3441,48.9075,-16.9073,0.0,0.0001,2.6184,-0.0037,5.7496,35.604,14.3508,26.5793,35.2104
21.0,47.0,14.2846,42.8926,98.71,238.2122,0.3268,0.0011,97.2021,203.3441,48.9075,-16.9073,0.0,0.0001,2.6141,-0.0013,5.7566,35.6087,14.2777,26.5986,35.2323
22.0,49.0,14.1261,42.7393,98.71,237.5527,0.3097,0.0011,97.3047,203.3442,48.9074,-16.9073,0.0,0.0001,2.603,-0.0046,5.7971,35.6116,14.119,26.6347,35.2742
23.0,51.0,13.841,42.4676,98.71,236.6697,0.2818,0.0009,97.8195,203.3442,48.9074,-16.9073,0.0,0.0001,2.5831,-0.0066,5.8522,35.621,13.8337,26.7023,35.3522
24.0,53.0,13.4661,42.0745,98.71,237.3178,0.2215,0.0007,98.1201,203.3442,48.9074,-16.9073,0.0,0.0001,2.574,-0.0034,5.878,35.5989,13.4586,26.7632,35.4275
25.0,55.0,13.1602,41.8234,98.71,235.6643,0.1719,0.0006,98.4944,203.3443,48.9074,-16.9073,0.0,0.0001,2.5595,-0.0059,5.8988,35.6463,13.1526,26.8628,35.538
26.0,57.0,13.0032,41.6858,98.71,234.628,0.1376,0.0005,98.782,203.3443,48.9074,-16.9073,0.0,0.0001,2.5442,-0.0044,5.9066,35.6617,12.9954,26.9067,35.5877
27.0,59.0,12.9481,41.6337,98.71,234.562,0.1168,0.0004,98.905,203.3443,48.9074,-16.9073,0.0,0.0001,2.5378,-0.0023,5.9087,35.663,12.94,26.9189,35.6019
28.0,61.0,12.9394,41.6278,98.71,234.2,0.1156,0.0004,98.944,203.3444,48.9074,-16.9073,0.0,0.0001,2.5311,-0.0018,5.9123,35.6648,12.9311,26.9221,35.6055
29.0,63.0,12.9055,41.5944,97.5757,234.3798,0.1049,0.0004,98.9792,203.3444,48.9074,-16.9074,0.0,0.0001,2.5297,-0.0009,5.9163,35.6638,12.8969,26.9282,35.6129
30.0,65.0,12.8415,41.5347,98.705,234.2797,0.0987,0.0004,99.0626,203.3444,48.9074,-16.9074,0.0,0.0001,2.5257,-0.0015,5.9312,35.6661,12.8326,26.9429,35.6301
31.0,67.0,12.7415,41.4384,98.71,234.1352,0.0822,0.0003,99.2805,203.3445,48.9074,-16.9074,0.0,0.0001,2.5216,-0.0009,5.9343,35.6671,12.7324,26.9638,35.6548
32.0,69.0,12.7292,41.4296,98.7014,234.5603,0.0716,0.0003,99.3579,203.3445,48.9074,-16.9074,0.0,0.0001,2.522,0.0003,5.935,35.6695,12.7198,26.9682,35.6596
33.0,71.0,12.72,41.4228,98.71,234.1798,0.0691,0.0002,99.4029,203.3445,48.9074,-16.9074,0.0,0.0001,2.5197,-0.0009,5.939,35.6708,12.7104,26.971,35.6628
34.0,73.0,12.697,41.3995,98.71,234.4581,0.063,0.0002,99.4736,203.3445,48.9074,-16.9074,0.0,0.0001,2.5195,-0.0002,5.9399,35.6694,12.6871,26.9746,35.6673
35.0,75.0,12.6616,41.3629,98.71,234.6465,0.0602,0.0002,99.5446,203.3446,48.9074,-16.9074,0.0,0.0001,2.5197,-0.0001,5.9436,35.6666,12.6514,26.9795,35.6736
36.0,77.0,12.6458,41.3464,98.71,234.3463,0.0536,0.0002,99.5751,203.3446,48.9074,-16.9074,0.0,0.0001,2.5162,-0.0012,5.9537,35.6649,12.6354,26.9814,35.6761
37.0,79.0,12.5777,41.2696,98.71,234.1203,0.0537,0.0002,99.5928,203.3447,48.9074,-16.9074,0.0,0.0001,2.5139,-0.0008,5.9504,35.6543,12.567,26.9867,35.6843
38.0,81.0,12.5741,41.2647,98.71,234.5244,0.0522,0.0001,99.6087,203.3447,48.9074,-16.9074,0.0,0.0001,2.5134,-0.0005,5.9597,35.6521,12.5632,26.9858,35.6835
39.0,83.0,12.5245,41.2102,98.6894,234.3092,0.048,0.0001,99.6813,203.3447,48.9073,-16.9074,0.0,0.0001,2.511,-0.0004,5.9593,35.6454,12.5133,26.9905,35.6902
40.0,85.0,12.5178,41.205,98.71,234.2177,0.0461,0.0001,99.7012,203.3448,48.9073,-16.9075,0.0,0.0001,2.5086,-0.001,5.9678,35.6461,12.5064,26.9923,35.6924
41.0,87.0,12.4631,41.145,98.7014,234.1565,0.0437,0.0001,99.7637,203.3448,48.9073,-16.9075,0.0,0.0001,2.5059,-0.0005,5.968,35.639,12.4514,26.9977,35.7
42.0,89.0,12.4551,41.1377,98.7014,234.778,0.0406,0.0001,99.7896,203.3448,48.9073,-16.9075,0.0,0.0001,2.5079,0.0011,5.9671,35.6386,12.4431,26.999,35.7016
43.0,91.0,12.4609,41.1444,98.6982,234.0578,0.0421,0.0001,99.7984,203.3448,48.9073,-16.9075,0.0,0.0001,2.5057,-0.0008,5.9671,35.6389,12.4488,26.9981,35.7005
44.0,93.0,12.4793,41.1729,98.695,234.7745,0.035,0.0,99.8733,203.3449,48.9073,-16.9075,0.0,0.0001,2.5073,0.0009,5.9664,35.6481,12.4668,27.0017,35.7033
45.0,95.0,12.4747,41.1721,98.6925,235.8399,0.0321,0.0,99.8978,203.3449,48.9073,-16.9075,0.0,0.0001,2.5124,0.0025,5.9664,35.6506,12.4619,27.0046,35.7063
46.0,97.0,12.4734,41.1714,98.71,234.8527,0.0342,0.0,99.9207,203.345,48.9073,-16.9075,0.0,0.0001,2.5104,-0.0008,5.9687,35.6503,12.4604,27.0047,35.7064
47.0,99.0,12.4638,41.1614,98.7025,235.0977,0.0315,0.0,99.907,203.345,48.9073,-16.9075,0.0,0.0001,2.509,-0.0002,5.9746,35.6489,12.4505,27.0056,35.7077
48.0,101.0,12.4229,41.1123,98.71,234.5135,0.0311,0.0,99.8959,203.345,48.9073,-16.9075,0.0,0.0001,2.5048,-0.0017,5.9829,35.6394,12.4094,27.0063,35.7102
49.0,103.0,12.3576,41.0367,98.695,234.579,0.0315,0.0,99.8978,203.345,48.9073,-16.9075,0.0,0.0001,2.5019,-0.0008,5.9864,35.6273,12.3439,27.0098,35.7164
50.0,105.0,12.3259,41.0001,98.7069,234.6246,0.034,0.0,99.8971,203.3451,48.9073,-16.9076,0.0,0.0001,2.5008,0.0,5.983,35.6209,12.3119,27.011,35.7189
51.0,107.0,12.35,41.0295,98.7,233.2511,0.0362,0.0,99.8964,203.3451,48.9073,-16.9076,0.0,0.0001,2.4943,-0.0032,5.989,35.6259,12.3357,27.0102,35.7172
52.0,109.0,12.3264,41.0049,98.707,234.0437,0.0339,0.0,99.9093,203.3453,48.9073,-16.9076,0.0,0.0001,2.4929,0.0,5.9903,35.6233,12.3118,27.0129,35.7208
53.0,111.0,12.2719,40.9442,98.7065,234.2952,0.0326,0.0,99.9167,203.3454,48.9073,-16.9077,0.0,0.0001,2.4931,0.0001,5.9946,35.6155,12.2572,27.0175,35.7277
54.0,113.0,12.244,40.9123,98.7025,234.7255,0.0318,0.0,99.9199,203.3455,48.9072,-16.9077,0.0,0.0001,2.4941,0.0001,6.0014,35.61,12.229,27.0188,35.7301
55.0,115.0,12.1932,40.8562,98.704,234.0972,0.0308,0.0,99.9497,203.3455,48.9072,-16.9077,0.0,0.0001,2.4907,-0.0013,6.0054,35.6028,12.178,27.0231,35.7365
56.0,117.0,12.176,40.8375,98.71,234.6174,0.0335,0.0,99.9331,203.3456,48.9072,-16.9077,0.0,0.0001,2.4907,0.0001,6.0072,35.6003,12.1605,27.0245,35.7387
57.0,119.0,12.1645,40.825,98.7006,234.5006,0.0339,0.0,99.9331,203.3456,48.9072,-16.9077,0.0,0.0001,2.4895,-0.0003,6.0088,35.5982,12.1488,27.0252,35.7398
58.0,121.0,12.1542,40.8156,98.705,234.8655,0.0322,0.0,99.9359,203.3457,48.9072,-16.9077,0.0,0.0001,2.4906,0.0003,6.0095,35.5978,12.1382,27.0269,35.742
59.0,123.0,12.1492,40.8116,98.7055,234.0492,0.031,0.0,99.9629,203.3457,48.9072,-16.9077,0.0,0.0001,2.487,-0.0018,6.0129,35.5978,12.1329,27.0279,35.7432
60.0,125.0,12.1274,40.7884,98.695,234.4363,0.0297,0.0,99.9556,203.3457,48.9072,-16.9077,0.0,0.0001,2.4852,-0.0001,6.0156,35.5949,12.1109,27.0299,35.7461
61.0,127.0,12.1048,40.7639,98.71,234.7403,0.0285,0.0,99.9392,203.3458,48.9072,-16.9077,0.0,0.0001,2.4862,0.0004,6.0152,35.5918,12.088,27.032,35.7491
62.0,129.0,12.1063,40.7675,98.71,234.3282,0.0269,0.0,99.9566,203.3458,48.9072,-16.9077,0.0,0.0001,2.4846,-0.0008,6.0169,35.5929,12.0893,27.0326,35.7497
63.0,131.0,12.096,40.7578,98.68,233.7973,0.0306,0.0,99.9612,203.3458,48.9072,-16.9077,0.0,0.0001,2.4804,-0.0016,6.0197,35.5925,12.0788,27.0343,35.7518
64.0,133.0,12.0793,40.7396,98.7025,234.3192,0.0289,0.0,99.9659,203.3459,48.9072,-16.9078,0.0,0.0001,2.4806,-0.0001,6.0205,35.5897,12.0618,27.0354,35.7536
65.0,135.0,12.0656,40.7263,98.7014,234.2578,0.0258,0.0,99.9508,203.3459,48.9072,-16.9078,0.0,0.0001,2.4801,-0.0003,6.021,35.5889,12.0478,27.0375,35.7562
66.0,137.0,12.0634,40.7249,98.7025,234.3753,0.0271,0.0,99.9765,203.3459,48.9072,-16.9078,0.0,0.0001,2.4796,0.0,6.0216,35.5887,12.0453,27.0378,35.7567
67.0,139.0,12.0573,40.7191,98.7023,234.6606,0.0279,0.0,99.9845,203.3459,48.9072,-16.9078,0.0,0.0001,2.4803,0.0002,6.0247,35.588,12.039,27.0385,35.7576
68.0,141.0,12.0411,40.7008,98.71,234.3972,0.0294,0.0,99.9812,203.346,48.9072,-16.9078,0.0,0.0001,2.4787,-0.0008,6.0292,35.5847,12.0225,27.0391,35.7589
69.0,143.0,12.0112,40.6673,98.7008,235.5323,0.0296,0.0,99.9984,203.346,48.9072,-16.9078,0.0,0.0001,2.4815,0.0016,6.0308,35.5794,11.9925,27.0408,35.7619
70.0,145.0,11.9892,40.6436,98.6961,236.1438,0.0304,0.0,100.0001,203.346,48.9072,-16.9078,0.0,0.0001,2.4859,0.0017,6.0314,35.5765,11.9701,27.0428,35.7648
71.0,147.0,11.9866,40.6421,98.71,235.4106,0.0259,0.0,100.0133,203.3461,48.9072,-16.9078,0.0,0.0001,2.4846,-0.0011,6.0345,35.5767,11.9674,27.0435,35.7655
72.0,149.0,11.9736,40.6277,98.7046,234.9814,0.0237,0.0,100.0108,203.3461,48.9072,-16.9078,0.0,0.0001,2.4818,-0.0014,6.035,35.5742,11.9542,27.0441,35.7667
73.0,151.0,11.9535,40.6069,98.71,235.6334,0.0273,0.0,99.9845,203.3461,48.9072,-16.9078,0.0,0.0001,2.4822,0.0003,6.0361,35.5721,11.9338,27.0464,35.7698
74.0,153.0,11.9534,40.6092,98.71,235.2487,0.025,0.0,99.9737,203.3461,48.9072,-16.9078,0.0,0.0001,2.4803,-0.001,6.0403,35.5735,11.9335,27.0475,35.771
75.0,155.0,11.9236,40.5746,98.7061,235.818,0.0301,0.0,99.9639,203.3462,48.9072,-16.9078,0.0,0.0001,2.4806,0.0005,6.0417,35.5672,11.9034,27.0484,35.7731
76.0,157.0,11.909,40.559,98.7021,235.8893,0.0325,0.0,99.958,203.3462,48.9072,-16.9078,0.0,0.0001,2.4812,0.0002,6.0423,35.565,11.8885,27.0495,35.7749
77.0,159.0,11.9015,40.5514,98.71,236.3226,0.0242,0.0,99.9556,203.3462,48.9072,-16.9078,0.0,0.0001,2.4826,0.0009,6.043,35.5637,11.8807,27.05,35.7757
78.0,161.0,11.8957,40.5475,98.705,235.9178,0.0251,0.0,99.9652,203.3462,48.9072,-16.9078,0.0,0.0001,2.4819,-0.0006,6.0441,35.5647,11.8747,27.0519,35.7778
79.0,163.0,11.8952,40.5486,98.7021,234.9531,0.0249,0.0,99.9687,203.3463,48.9071,-16.9078,0.0,0.0001,2.4776,-0.0024,6.044,35.5654,11.874,27.0527,35.7786
80.0,165.0,11.8858,40.5395,98.7056,235.4305,0.0277,0.0,99.9456,203.3463,48.9071,-16.9079,0.0,0.0001,2.4774,-0.0007,6.0439,35.5647,11.8644,27.0539,35.7802
81.0,167.0,11.8836,40.5373,98.71,235.4122,0.0251,0.0,99.9434,203.3463,48.9071,-16.9079,0.0,0.0001,2.476,-0.0006,6.0463,35.5636,11.8619,27.0536,35.78
82.0,169.0,11.8711,40.5259,98.71,234.6509,0.0278,0.0,99.9467,203.3464,48.9071,-16.9079,0.0,0.0001,2.4713,-0.0017,6.0464,35.5633,11.849,27.0558,35.7827
83.0,171.0,11.872,40.5293,98.71,235.4009,0.0297,0.0,99.9409,203.3464,48.9071,-16.9079,0.0,0.0001,2.4718,0.0004,6.047,35.5649,11.8497,27.0569,35.7838
84.0,173.0,11.867,40.5248,98.695,234.4594,0.0283,0.0,99.9494,203.3464,48.9071,-16.9079,0.0,0.0001,2.4682,-0.0016,6.0473,35.5645,11.8445,27.0575,35.7846
85.0,175.0,11.8669,40.5279,98.7012,233.6305,0.0288,0.0,99.9556,203.3464,48.9071,-16.9079,0.0,0.0001,2.4624,-0.0025,6.0489,35.5667,11.844,27.0593,35.7864
86.0,177.0,11.8538,40.5149,98.6875,233.8025,0.028,0.0,99.9487,203.3465,48.9071,-16.9079,0.0,0.0001,2.4596,-0.0013,6.0514,35.5656,11.8308,27.061,35.7887
87.0,179.0,11.8348,40.4937,98.6987,233.8614,0.0288,0.0,99.9463,203.3465,48.9071,-16.9079,0.0,0.0001,2.4581,-0.0005,6.0509,35.5622,11.8115,27.0621,35.7905
88.0,181.0,11.8354,40.4963,98.71,233.9159,0.0259,0.0,99.9269,203.3465,48.9071,-16.9079,0.0,0.0001,2.4576,-0.0002,6.0514,35.5631,11.8119,27.0627,35.7911
89.0,183.0,11.8274,40.4892,98.7058,233.4817,0.0261,0.0,99.9453,203.3465,48.9071,-16.9079,0.0,0.0001,2.4544,-0.001,6.0533,35.5628,11.8036,27.0641,35.7928
90.0,185.0,11.8173,40.4791,98.71,233.9469,0.0246,0.0,99.9542,203.3466,48.9071,-16.9079,0.0,0.0001,2.4545,0.0,6.0549,35.5619,11.7933,27.0653,35.7945
91.0,187.0,11.8108,40.4729,98.7081,233.7876,0.0256,0.0,99.9386,203.3466,48.9071,-16.9079,0.0,0.0001,2.4542,-0.0003,6.0539,35.5609,11.7865,27.0659,35.7953
92.0,189.0,11.8043,40.4674,98.7062,233.9572,0.0249,0.0,99.9196,203.3466,48.9071,-16.9079,0.0,0.0001,2.454,0.0,6.0559,35.5608,11.7797,27.0671,35.7968
93.0,191.0,11.8059,40.4687,98.6954,233.2476,0.0244,0.0,99.9219,203.3467,48.9071,-16.9079,0.0,0.0001,2.4508,-0.0018,6.0596,35.5599,11.7812,27.0661,35.7958
94.0,193.0,11.7786,40.4427,98.7025,233.4306,0.0264,0.0,99.9293,203.3467,48.9071,-16.9079,0.0,0.0001,2.449,-0.0009,6.061,35.5597,11.7536,27.0711,35.8019
95.0,195.0,11.7596,40.4225,98.6952,234.4104,0.029,0.0,99.9221,203.3467,48.9071,-16.9079,0.0,0.0001,2.4518,0.0014,6.0594,35.5569,11.7344,27.0726,35.8042
96.0,197.0,11.7606,40.4249,98.6997,234.1922,0.0283,0.0,99.9161,203.3467,48.9071,-16.9079,0.0,0.0001,2.4524,-0.0002,6.0632,35.5573,11.7351,27.0728,35.8044
97.0,199.0,11.7426,40.4057,98.6989,234.1702,0.0272,0.0,99.8991,203.3468,48.9071,-16.9079,0.0,0.0001,2.4505,-0.0002,6.0664,35.5548,11.7168,27.0743,35.8066
98.0,201.0,11.7295,40.3926,98.7042,234.0548,0.0268,0.0,99.8922,203.3468,48.9071,-16.908,0.0,0.0001,2.4505,-0.0005,6.0668,35.5535,11.7034,27.0759,35.8087
99.0,203.0,11.7151,40.3788,98.7037,234.9572,0.0265,0.0,99.8978,203.3468,48.9071,-16.908,0.0,0.0001,2.4525,0.0014,6.0662,35.5528,11.6888,27.0781,35.8115
100.0,205.0,11.716,40.3812,98.6955,235.0496,0.0239,0.0,99.8978,203.3468,48.9071,-16.908,0.0,0.0001,2.4542,0.0007,6.0674,35.5535,11.6895,27.0785,35.8119
101.0,207.0,11.7138,40.38,98.7008,235.5615,0.0259,0.0001,99.8793,203.3469,48.9071,-16.908,0.0,0.0001,2.4572,0.0011,6.0684,35.5536,11.6871,27.079,35.8126
102.0,209.0,11.7049,40.3713,98.7054,236.4162,0.0284,0.0001,99.8641,203.3469,48.9071,-16.908,0.0,0.0001,2.4612,0.0021,6.0683,35.5526,11.6779,27.08,35.8139
103.0,211.0,11.7042,40.3729,98.71,236.1556,0.0258,0.0001,99.8666,203.3469,48.9071,-16.908,0.0,0.0001,2.4621,0.0004,6.0685,35.554,11.6769,27.0812,35.8152
104.0,213.0,11.7081,40.3807,98.71,235.4311,0.026,0.0,99.9045,203.347,48.9071,-16.908,0.0,0.0001,2.4594,-0.0014,6.0722,35.557,11.6805,27.0829,35.8167
105.0,215.0,11.6767,40.3457,98.71,235.0558,0.0269,0.0,99.9007,203.347,48.9071,-16.908,0.0,0.0001,2.4564,-0.0016,6.0718,35.5518,11.6489,27.0849,35.8199
106.0,217.0,11.6769,40.3465,98.71,235.2537,0.0247,0.0,99.8978,203.347,48.9071,-16.908,0.0,0.0001,2.4545,-0.0005,6.0724,35.5517,11.6489,27.0848,35.8198
107.0,219.0,11.6753,40.3462,98.71,235.8025,0.0261,0.0,99.8864,203.347,48.9071,-16.908,0.0,0.0001,2.4557,0.0004,6.0755,35.5518,11.6469,27.0852,35.8204
108.0,221.0,11.6258,40.2881,98.71,235.3181,0.0239,0.0,99.8978,203.3471,48.9071,-16.908,0.0,0.0001,2.4531,-0.0011,6.0815,35.5411,11.5973,27.0862,35.8235
109.0,223.0,11.6062,40.2655,98.71,234.3742,0.0284,0.0,99.8978,203.3471,48.907,-16.908,0.0,0.0001,2.4477,-0.0024,6.0812,35.5369,11.5775,27.0867,35.8248
110.0,225.0,11.6013,40.2609,98.71,234.8506,0.028,0.0,99.8906,203.3471,48.907,-16.908,0.0,0.0001,2.4471,-0.0004,6.0789,35.536,11.5723,27.087,35.8254
111.0,227.0,11.6235,40.2896,98.7025,236.198,0.0313,0.0001,99.8753,203.3471,48.907,-16.908,0.0,0.0001,2.4519,0.0023,6.0785,35.5421,11.5942,27.0876,35.825
112.0,229.0,11.6354,40.3059,98.6997,235.5535,0.0266,0.0001,99.875,203.3472,48.9071,-16.908,0.0,0.0001,2.4516,0.0,6.0774,35.5459,11.6059,27.0884,35.8253
113.0,231.0,11.6393,40.3122,98.7017,235.4891,0.028,0.0001,99.869,203.3472,48.9071,-16.908,0.0,0.0001,2.4516,-0.0008,6.0774,35.5476,11.6095,27.0891,35.8258
114.0,233.0,11.6329,40.3059,98.6982,237.4291,0.0282,0.0001,99.869,203.3472,48.9071,-16.908,0.0,0.0001,2.4577,0.0033,6.0776,35.5466,11.6029,27.0895,35.8265
115.0,235.0,11.6229,40.2966,98.71,237.0612,0.0267,0.0001,99.8711,203.3473,48.9071,-16.908,0.0,0.0001,2.4602,0.0007,6.0801,35.546,11.5926,27.091,35.8284
116.0,237.0,11.6208,40.2939,98.7025,237.8698,0.0252,0.0001,99.807,203.3473,48.9071,-16.908,0.0,0.0001,2.463,0.0017,6.0821,35.5447,11.5903,27.0904,35.8279
117.0,239.0,11.6066,40.281,98.71,238.2832,0.028,0.0001,99.8401,203.3473,48.907,-16.908,0.0,0.0001,2.4661,0.0013,6.086,35.5445,11.5758,27.093,35.8311
118.0,241.0,11.5735,40.2429,98.7,238.5457,0.0272,0.0001,99.8491,203.3473,48.907,-16.908,0.0,0.0001,2.4683,0.0009,6.0896,35.5378,11.5426,27.094,35.8335
119.0,243.0,11.544,40.208,98.71,239.1038,0.0221,0.0001,99.8343,203.3474,48.907,-16.908,0.0,0.0001,2.4712,0.0014,6.0872,35.5309,11.5129,27.0942,35.835
120.0,245.0,11.5507,40.2174,98.71,239.327,0.0289,0.0001,99.8343,203.3474,48.907,-16.908,0.0,0.0001,2.4737,0.0013,6.0847,35.533,11.5193,27.0947,35.8352
121.0,247.0,11.5794,40.2563,98.7069,238.3567,0.0288,0.0001,99.8503,203.3474,48.907,-16.908,0.0,0.0001,2.4714,-0.0011,6.0842,35.5428,11.5477,27.097,35.8362
122.0,249.0,11.5835,40.2641,98.7047,238.0044,0.0262,0.0001,99.8642,203.3474,48.907,-16.908,0.0,0.0001,2.4679,-0.0011,6.0854,35.5457,11.5514,27.0984,35.8375
123.0,251.0,11.5771,40.2586,98.7025,237.1879,0.0281,0.0001,99.8576,203.3475,48.907,-16.908,0.0,0.0001,2.4631,-0.0023,6.0867,35.5454,11.5449,27.0995,35.8388
124.0,253.0,11.5693,40.2505,98.7016,238.0658,0.0264,0.0001,99.849,203.3475,48.907,-16.908,0.0,0.0001,2.4637,0.0004,6.086,35.5442,11.5368,27.1001,35.8397
125.0,255.0,11.5646,40.2465,98.7006,238.4502,0.0266,0.0001,99.8495,203.3475,48.907,-16.9081,0.0,0.0001,2.4653,0.0006,6.0869,35.5437,11.5318,27.1006,35.8405
126.0,257.0,11.5696,40.2523,98.7037,237.3156,0.0295,0.0001,99.8415,203.3476,48.907,-16.9081,0.0,0.0001,2.4608,-0.0023,6.0937,35.5439,11.5366,27.0999,35.8396
127.0,259.0,11.5335,40.2116,98.7069,235.2356,0.0263,0.0001,99.8873,203.3476,48.907,-16.9081,0.0,0.0001,2.4503,-0.0052,6.0937,35.5374,11.5003,27.1017,35.8429
128.0,261.0,11.5129,40.1894,98.71,235.2886,0.0234,0.0,99.8978,203.3476,48.907,-16.9081,0.0,0.0001,2.4444,-0.003,6.0935,35.5343,11.4795,27.1031,35.8452
129.0,263.0,11.5162,40.1944,98.71,235.7176,0.0271,0.0,99.8927,203.3476,48.907,-16.9081,0.0,0.0001,2.4422,-0.0007,6.0913,35.5352,11.4825,27.1032,35.8452
130.0,265.0,11.5316,40.2157,98.71,236.1806,0.027,0.0,99.8904,203.3477,48.907,-16.9081,0.0,0.0001,2.4444,0.0004,6.0906,35.5404,11.4976,27.1045,35.8458
131.0,267.0,11.539,40.2257,98.71,236.3549,0.0248,0.0,99.8898,203.3477,48.907,-16.9081,0.0,0.0001,2.4444,0.0004,6.0893,35.5425,11.5047,27.1047,35.8457
132.0,269.0,11.5393,40.2286,98.7053,237.0242,0.0277,0.0001,99.871,203.3477,48.907,-16.9081,0.0,0.0001,2.4468,0.0014,6.0901,35.5439,11.5047,27.1059,35.8468
133.0,271.0,11.5514,40.2447,98.71,236.7055,0.0269,0.0001,99.8256,203.3477,48.907,-16.9081,0.0,0.0001,2.4476,0.0002,6.0878,35.5473,11.5166,27.1063,35.8467
134.0,273.0,11.5563,40.2513,98.7058,237.2243,0.025,0.0001,99.8358,203.3478,48.907,-16.9081,0.0,0.0001,2.4498,0.0009,6.0869,35.5486,11.5212,27.1064,35.8466
135.0,275.0,11.5625,40.2599,98.71,237.817,0.0225,0.0001,99.8443,203.3478,48.9069,-16.9081,0.0,0.0001,2.4528,0.0014,6.0868,35.5501,11.5272,27.1065,35.8464
136.0,277.0,11.5627,40.2619,98.6987,237.4576,0.0232,0.0001,99.8386,203.3478,48.9069,-16.9081,0.0,0.0001,2.4531,-0.0001,6.0871,35.551,11.5271,27.1072,35.8471
137.0,279.0,11.5592,40.2588,98.7025,237.5887,0.0251,0.0001,99.8433,203.3479,48.9069,-16.9081,0.0,0.0001,2.453,-0.0001,6.0909,35.5505,11.5234,27.1075,35.8476
138.0,281.0,11.5389,40.2357,98.71,236.6121,0.0293,0.0001,99.8401,203.3479,48.9069,-16.9081,0.0,0.0001,2.4493,-0.002,6.0902,35.5462,11.5029,27.108,35.849
139.0,283.0,11.5222,40.2183,98.71,236.8896,0.0255,0.0001,99.8625,203.3479,48.9069,-16.9081,0.0,0.0001,2.4471,-0.001,6.0938,35.5443,11.4859,27.1097,35.8514
140.0,285.0,11.5149,40.2079,98.7053,234.988,0.0243,0.0001,99.8683,203.3479,48.9069,-16.9081,0.0,0.0001,2.4385,-0.0041,6.0963,35.5402,11.4784,27.1079,35.85
141.0,287.0,11.4946,40.1865,98.7053,235.0363,0.0271,0.0,99.8978,203.348,48.9069,-16.9081,0.0,0.0001,2.4342,-0.0022,6.095,35.5373,11.4578,27.1095,35.8524
142.0,289.0,11.4909,40.1842,98.7037,235.432,0.0268,0.0001,99.8545,203.348,48.9069,-16.9081,0.0,0.0001,2.4321,-0.0005,6.0964,35.5375,11.4539,27.1104,35.8535
143.0,291.0,11.4962,40.1903,98.7025,234.731,0.0252,0.0001,99.8888,203.348,48.9069,-16.9081,0.0,0.0001,2.4289,-0.0017,6.0958,35.5379,11.459,27.1098,35.8527
144.0,293.0,11.4911,40.187,98.7037,234.8892,0.0243,0.0,99.8978,203.348,48.9069,-16.9081,0.0,0.0001,2.4277,-0.0006,6.093,35.5387,11.4536,27.1114,35.8545
145.0,295.0,11.5163,40.2215,98.7006,234.4291,0.0241,0.0001,99.8768,203.3481,48.9069,-16.9081,0.0,0.0001,2.4258,-0.0009,6.0881,35.5476,11.4784,27.1137,35.8556
146.0,297.0,11.5485,40.2635,98.695,234.328,0.0248,0.0001,99.855,203.3481,48.9069,-16.9081,0.0,0.0001,2.4237,-0.0007,6.086,35.5573,11.5103,27.1153,35.8558
147.0,299.0,11.5592,40.2786,98.6993,234.0977,0.0215,0.0001,99.881,203.3481,48.9069,-16.9081,0.0,0.0001,2.4227,-0.0006,6.0829,35.5611,11.5207,27.1162,35.8563
148.0,301.0,11.5939,40.3234,98.7,234.5405,0.0223,0.0001,99.8601,203.3482,48.9069,-16.9081,0.0,0.0001,2.4236,0.0003,6.0811,35.5713,11.5551,27.1177,35.8563
149.0,303.0,11.5962,40.3274,98.7042,234.0429,0.0212,0.0001,99.8401,203.3482,48.9069,-16.9081,0.0,0.0001,2.4225,-0.0008,6.0799,35.572,11.5572,27.1179,35.8564
150.0,305.0,11.6082,40.3428,98.7025,234.7857,0.0219,0.0001,99.8443,203.3482,48.9069,-16.9081,0.0,0.0001,2.4249,0.0012,6.075,35.5748,11.5689,27.1179,35.8558
151.0,307.0,11.6408,40.3858,98.7007,234.7478,0.0217,0.0001,99.8308,203.3482,48.9069,-16.9081,0.0,0.0001,2.4261,0.0003,6.0745,35.585,11.6011,27.1197,35.8562
152.0,309.0,11.6465,40.3949,98.6929,233.9065,0.0217,0.0001,99.8277,203.3483,48.9069,-16.9082,0.0,0.0001,2.423,-0.0014,6.0749,35.5878,11.6065,27.1209,35.8572
153.0,311.0,11.6441,40.3929,98.7025,233.5413,0.0221,0.0001,99.8545,203.3483,48.9069,-16.9081,0.0,0.0001,2.42,-0.0016,6.0746,35.5873,11.6039,27.121,35.8574
154.0,313.0,11.6457,40.3965,98.7,234.2844,0.0232,0.0001,99.8367,203.3483,48.9069,-16.9082,0.0,0.0001,2.4206,0.0003,6.0732,35.5883,11.6053,27.1215,35.8578
155.0,315.0,11.6549,40.4097,98.689,234.4783,0.0222,0.0001,99.8453,203.3483,48.9069,-16.9082,0.0,0.0001,2.4216,0.0004,6.0742,35.5916,11.6141,27.1224,35.8583
156.0,317.0,11.6325,40.3841,98.705,234.6991,0.0316,0.0001,99.8441,203.3484,48.9069,-16.9082,0.0,0.0001,2.4222,0.0002,6.0799,35.5867,11.5915,27.1229,35.8597
157.0,319.0,11.5953,40.3413,98.7031,234.0356,0.0335,0.0001,99.8434,203.3484,48.9069,-16.9082,0.0,0.0001,2.4188,-0.0015,6.0847,35.5796,11.5541,27.1243,35.8628
158.0,321.0,11.5769,40.3199,98.6962,234.027,0.0226,0.0001,99.8401,203.3484,48.9068,-16.9082,0.0,0.0001,2.4172,-0.0009,6.0825,35.5751,11.5356,27.1243,35.8636
159.0,323.0,11.5688,40.3111,98.7017,234.9902,0.0255,0.0001,99.8446,203.3484,48.9068,-16.9082,0.0,0.0001,2.4197,0.0013,6.0842,35.5734,11.5271,27.1246,35.8642
160.0,325.0,11.5693,40.3133,98.7055,234.57,0.0231,0.0001,99.8424,203.3485,48.9068,-16.9082,0.0,0.0001,2.4182,-0.0003,6.0854,35.5742,11.5275,27.1252,35.8648
161.0,327.0,11.5659,40.312,98.6917,235.1375,0.0215,0.0001,99.8433,203.3485,48.9068,-16.9082,0.0,0.0001,2.4201,0.0009,6.0852,35.5751,11.5238,27.1266,35.8663
162.0,329.0,11.562,40.3088,98.6957,235.6057,0.0227,0.0001,99.8401,203.3485,48.9068,-16.9082,0.0,0.0001,2.4225,0.001,6.0875,35.575,11.5196,27.1272,35.8671
163.0,331.0,11.5566,40.3029,98.7029,235.2565,0.025,0.0001,99.8204,203.3486,48.9068,-16.9082,0.0,0.0001,2.4215,-0.0005,6.0936,35.5736,11.514,27.1272,35.8674
164.0,333.0,11.5191,40.2597,98.6912,235.2286,0.0238,0.0001,99.8401,203.3486,48.9068,-16.9082,0.0,0.0001,2.42,-0.0005,6.0943,35.566,11.4763,27.1284,35.8702
165.0,335.0,11.5022,40.2414,98.6971,235.7619,0.0218,0.0001,99.8366,203.3486,48.9068,-16.9082,0.0,0.0001,2.4219,0.0005,6.0929,35.5632,11.4591,27.1294,35.8719
166.0,337.0,11.504,40.2453,98.71,235.6429,0.0256,0.0001,99.8067,203.3487,48.9068,-16.9082,0.0,0.0001,2.4225,-0.0001,6.0934,35.5642,11.4607,27.1299,35.8723
167.0,339.0,11.5071,40.2494,98.701,234.971,0.0246,0.0001,99.8329,203.3487,48.9068,-16.9082,0.0,0.0001,2.4191,-0.0014,6.0928,35.5646,11.4636,27.1297,35.872
168.0,341.0,11.5086,40.2529,98.695,235.3326,0.0221,0.0001,99.831,203.3487,48.9068,-16.9082,0.0,0.0001,2.4188,-0.0002,6.093,35.5659,11.4648,27.1305,35.8727
169.0,343.0,11.5013,40.2461,98.6992,235.8724,0.0219,0.0001,99.8346,203.3487,48.9068,-16.9082,0.0,0.0001,2.4201,0.0006,6.0948,35.565,11.4572,27.1312,35.8738
170.0,345.0,11.4999,40.2437,98.695,235.5727,0.0237,0.0001,99.8229,203.3488,48.9068,-16.9082,0.0,0.0001,2.4197,-0.0008,6.0995,35.5632,11.4556,27.1301,35.8727
171.0,347.0,11.4688,40.2088,98.7025,235.8267,0.0188,0.0001,99.8176,203.3488,48.9068,-16.9082,0.0,0.0001,2.42,-0.0001,6.0995,35.5577,11.4243,27.1317,35.8757
172.0,349.0,11.4621,40.2018,98.7061,236.1559,0.0232,0.0001,99.8081,203.3488,48.9068,-16.9082,0.0,0.0001,2.42,0.0005,6.099,35.5563,11.4173,27.1318,35.8761
173.0,351.0,11.4663,40.209,98.71,236.0269,0.0259,0.0001,99.8249,203.3488,48.9068,-16.9082,0.0,0.0001,2.42,-0.0001,6.0991,35.5585,11.4212,27.1329,35.877
174.0,353.0,11.4644,40.2095,98.7025,235.8267,0.0234,0.0001,99.8285,203.3489,48.9068,-16.9082,0.0,0.0001,2.4194,-0.0006,6.1001,35.5598,11.4191,27.1343,35.8784
175.0,355.0,11.4578,40.2018,98.7,235.537,0.0247,0.0002,99.5761,203.3489,48.9068,-16.9082,0.0,0.0001,2.4175,-0.0011,6.1026,35.5578,11.4123,27.134,35.8785
176.0,357.0,11.4349,40.1754,98.7021,235.7836,0.021,0.0001,99.8222,203.3489,48.9068,-16.9082,0.0,0.0001,2.4161,-0.0003,6.1021,35.5528,11.3891,27.1344,35.8799
177.0,359.0,11.4305,40.1714,98.71,235.858,0.0227,0.0001,99.8045,203.3489,48.9068,-16.9082,0.0,0.0001,2.4161,-0.0003,6.1043,35.5521,11.3845,27.1347,35.8804
178.0,361.0,11.4268,40.1661,98.6875,235.8595,0.0166,0.0001,99.8245,203.349,48.9068,-16.9082,0.0,0.0001,2.4145,0.0001,6.1024,35.5494,11.3806,27.1334,35.8792
179.0,363.0,11.4409,40.1874,98.7036,236.2268,0.0192,0.0001,99.829,203.349,48.9068,-16.9082,0.0,0.0001,2.4161,0.0005,6.1036,35.556,11.3943,27.1359,35.8811
180.0,365.0,11.4391,40.1863,98.695,235.7648,0.0243,0.0001,99.8127,203.349,48.9068,-16.9082,0.0,0.0001,2.4143,-0.0008,6.1061,35.5561,11.3923,27.1364,35.8817
181.0,367.0,11.4173,40.1621,98.69,235.7559,0.0247,0.0001,99.8081,203.3491,48.9067,-16.9082,0.0,0.0001,2.4135,-0.0005,6.1055,35.5521,11.3703,27.1373,35.8836
182.0,369.0,11.416,40.1622,98.7037,236.0963,0.0249,0.0001,99.8158,203.3491,48.9067,-16.9083,0.0,0.0001,2.4141,0.0006,6.1013,35.5525,11.3687,27.138,35.8843
183.0,371.0,11.4308,40.1834,98.695,236.0387,0.0213,0.0001,99.8231,203.3491,48.9067,-16.9083,0.0,0.0001,2.4151,0.0002,6.1008,35.5584,11.3833,27.1399,35.8855
184.0,373.0,11.4523,40.2102,98.7074,235.2802,0.0228,0.0001,99.8211,203.3491,48.9067,-16.9083,0.0,0.0001,2.4108,-0.0013,6.1027,35.5635,11.4045,27.1399,35.8846
185.0,375.0,11.44,40.1968,98.7016,235.2048,0.0239,0.0001,99.8255,203.3492,48.9067,-16.9083,0.0,0.0001,2.4086,-0.001,6.1041,35.561,11.392,27.1403,35.8855
186.0,377.0,11.4312,40.1865,98.6991,235.3622,0.0228,0.0001,99.8168,203.3492,48.9067,-16.9083,0.0,0.0001,2.408,-0.0001,6.1013,35.5584,11.3829,27.14,35.8856
187.0,379.0,11.444,40.2043,98.7053,235.6403,0.0198,0.0001,99.8132,203.3492,48.9067,-16.9083,0.0,0.0001,2.4093,0.0003,6.0992,35.5629,11.3954,27.1411,35.8862
188.0,381.0,11.4625,40.2285,98.68,234.9719,0.0237,0.0001,99.822,203.3492,48.9067,-16.9083,0.0,0.0001,2.4073,-0.001,6.0983,35.5683,11.4136,27.1419,35.8862
189.0,383.0,11.4642,40.2321,98.695,234.8905,0.0206,0.0001,99.8067,203.3493,48.9067,-16.9083,0.0,0.0001,2.4053,-0.0006,6.0964,35.5694,11.415,27.1425,35.8867
190.0,385.0,11.48,40.2533,98.7065,235.0523,0.0201,0.0001,99.8194,203.3493,48.9067,-16.9083,0.0,0.0001,2.4048,-0.0002,6.0977,35.5741,11.4305,27.1432,35.8868
191.0,387.0,11.4753,40.2493,98.6962,234.892,0.0205,0.0001,99.8159,203.3493,48.9067,-16.9083,0.0,0.0001,2.4032,-0.0007,6.1007,35.5739,11.4256,27.144,35.8877
192.0,389.0,11.4456,40.2149,98.7007,234.8895,0.0228,0.0001,99.8098,203.3494,48.9067,-16.9083,0.0,0.0001,2.4017,-0.0006,6.1038,35.5672,11.3957,27.1444,35.8894
193.0,391.0,11.4287,40.1966,98.6956,235.0102,0.0249,0.0001,99.8064,203.3494,48.9067,-16.9083,0.0,0.0001,2.4013,-0.0002,6.1036,35.5645,11.3785,27.1455,35.8912
194.0,393.0,11.4327,40.2021,98.7021,235.0966,0.0218,0.0001,99.8158,203.3494,48.9067,-16.9083,0.0,0.0001,2.4016,0.0,6.1023,35.5653,11.3822,27.1454,35.891
195.0,395.0,11.4398,40.2125,98.69,234.9321,0.0203,0.0001,99.8143,203.3494,48.9067,-16.9083,0.0,0.0001,2.4005,-0.0003,6.1016,35.5679,11.3891,27.1461,35.8914
196.0,397.0,11.4569,40.233,98.6878,235.034,0.0205,0.0001,99.8112,203.3495,48.9067,-16.9083,0.0,0.0001,2.3994,-0.0005,6.1094,35.571,11.4059,27.1454,35.89
197.0,399.0,11.3962,40.1618,98.7037,235.1018,0.0225,0.0001,99.8157,203.3495,48.9067,-16.9083,0.0,0.0001,2.3986,-0.0003,6.1104,35.5578,11.3451,27.1465,35.8937
198.0,401.0,11.3817,40.1459,98.6967,235.056,0.0227,0.0001,99.817,203.3495,48.9067,-16.9083,0.0,0.0001,2.3977,-0.0005,6.1125,35.5552,11.3304,27.1472,35.895
199.0,403.0,11.3759,40.1391,98.707,235.3771,0.0194,0.0001,99.8202,203.3495,48.9067,-16.9083,0.0,0.0001,2.3979,0.0003,6.1117,35.5532,11.3243,27.1468,35.8948
200.0,405.0,11.3587,40.1195,98.7054,235.686,0.0181,0.0001,99.8401,203.3496,48.9067,-16.9083,0.0,0.0001,2.3991,0.0005,6.113,35.5493,11.3069,27.147,35.8958
201.0,407.0,11.3419,40.0999,98.6904,235.5368,0.0206,0.0001,99.8105,203.3496,48.9067,-16.9083,0.0,0.0001,2.3987,-0.0006,6.1203,35.5453,11.2899,27.147,35.8966
202.0,409.0,11.3113,40.0652,98.71,235.3519,0.023,0.0001,99.8112,203.3496,48.9067,-16.9083,0.0,0.0001,2.3956,-0.0007,6.1235,35.5393,11.2592,27.1481,35.899
203.0,411.0,11.2886,40.0401,98.695,235.585,0.0234,0.0001,99.8283,203.3497,48.9066,-16.9083,0.0,0.0001,2.3956,-0.0002,6.1249,35.5353,11.2363,27.1491,35.901
204.0,413.0,11.2772,40.0285,98.7021,235.7349,0.0229,0.0001,99.8336,203.3497,48.9066,-16.9083,0.0,0.0001,2.3956,0.0001,6.1237,35.5339,11.2246,27.1503,35.9026
205.0,415.0,11.2712,40.0232,98.71,235.7762,0.0271,0.0001,99.8289,203.3497,48.9066,-16.9083,0.0,0.0001,2.3956,-0.0001,6.1256,35.5333,11.2184,27.1509,35.9036
206.0,417.0,11.2663,40.0187,98.7038,235.2561,0.0205,0.0001,99.8308,203.3497,48.9066,-16.9083,0.0,0.0001,2.393,-0.0011,6.1268,35.533,11.2133,27.1516,35.9044
207.0,419.0,11.2633,40.0165,98.6982,235.2199,0.0178,0.0001,99.8298,203.3498,48.9066,-16.9083,0.0,0.0001,2.3917,-0.0008,6.1275,35.5328,11.21,27.1521,35.9051
208.0,421.0,11.2595,40.0134,98.6998,235.8065,0.0193,0.0001,99.8211,203.3498,48.9066,-16.9083,0.0,0.0001,2.3925,0.0004,6.128,35.5324,11.206,27.1525,35.9056
209.0,423.0,11.2527,40.0069,98.7034,235.587,0.0214,0.0001,99.8184,203.3498,48.9066,-16.9083,0.0,0.0001,2.3919,-0.0003,6.1287,35.5316,11.199,27.1532,35.9066
210.0,425.0,11.2473,40.0024,98.7037,234.478,0.0222,0.0001,99.8102,203.3498,48.9066,-16.9083,0.0,0.0001,2.387,-0.0022,6.129,35.5316,11.1933,27.1543,35.9079
211.0,427.0,11.2458,40.0016,98.71,234.8818,0.0206,0.0001,99.8343,203.3499,48.9066,-16.9083,0.0,0.0001,2.3862,-0.0007,6.1293,35.5313,11.1916,27.1543,35.9081
212.0,429.0,11.2417,39.9989,98.705,235.1626,0.0214,0.0001,99.8198,203.3499,48.9066,-16.9083,0.0,0.0001,2.3864,0.0,6.1294,35.5317,11.1872,27.1554,35.9093
213.0,431.0,11.2415,40.0001,98.7,234.9948,0.0232,0.0001,99.8251,203.3499,48.9066,-16.9084,0.0,0.0001,2.3853,-0.0003,6.1293,35.532,11.1867,27.1558,35.9097
214.0,433.0,11.2422,40.0025,98.7025,234.7235,0.0216,0.0001,99.8314,203.35,48.9066,-16.9084,0.0,0.0001,2.3834,-0.0008,6.1296,35.5328,11.1871,27.1563,35.9102
215.0,435.0,11.2405,40.0019,98.6949,234.8278,0.023,0.0001,99.822,203.35,48.9066,-16.9084,0.0,0.0001,2.3833,-0.0003,6.1292,35.5329,11.1851,27.1568,35.9108
216.0,437.0,11.2402,40.0037,98.6995,234.6603,0.0221,0.0001,99.8102,203.35,48.9066,-16.9084,0.0,0.0001,2.3815,-0.0006,6.1311,35.5342,11.1846,27.1578,35.9118
217.0,439.0,11.2297,39.9931,98.7021,233.5688,0.0242,0.0001,99.8051,203.35,48.9066,-16.9084,0.0,0.0001,2.3773,-0.0022,6.1311,35.5329,11.174,27.1588,35.9133
218.0,441.0,11.2247,39.9898,98.71,234.6992,0.0261,0.0001,99.8067,203.3501,48.9066,-16.9084,0.0,0.0001,2.3773,0.0006,6.1321,35.5336,11.1686,27.1603,35.915
219.0,443.0,11.2211,39.9867,98.71,234.2223,0.0253,0.0001,99.8009,203.3501,48.9066,-16.9084,0.0,0.0001,2.3756,-0.0007,6.1329,35.5331,11.1649,27.1606,35.9155
220.0,445.0,11.2144,39.9803,98.68,234.5714,0.0242,0.0001,99.8052,203.3501,48.9066,-16.9084,0.0,0.0001,2.3751,0.0003,6.1323,35.5323,11.1579,27.1613,35.9164
221.0,447.0,11.2142,39.9819,98.7017,234.369,0.0236,0.0001,99.7862,203.3501,48.9065,-16.9084,0.0,0.0001,2.3745,-0.0003,6.1332,35.5332,11.1575,27.1621,35.9172
222.0,449.0,11.212,39.9805,98.6994,233.8694,0.0226,0.0001,99.8027,203.3502,48.9065,-16.9084,0.0,0.0001,2.3712,-0.0008,6.1341,35.5331,11.155,27.1624,35.9177
223.0,451.0,11.2069,39.9764,98.6867,233.2677,0.0188,0.0001,99.8112,203.3502,48.9065,-16.9084,0.0,0.0001,2.3686,-0.0017,6.1347,35.533,11.1497,27.1634,35.9188
224.0,453.0,11.2034,39.9735,98.7006,232.858,0.0224,0.0001,99.8112,203.3502,48.9065,-16.9084,0.0,0.0001,2.3655,-0.0017,6.133,35.5326,11.146,27.1637,35.9193
225.0,455.0,11.2164,39.9918,98.695,233.6485,0.0194,0.0001,99.8159,203.3503,48.9065,-16.9084,0.0,0.0001,2.3663,0.0004,6.1324,35.5374,11.1585,27.1652,35.9202
226.0,457.0,11.2386,40.0193,98.691,232.9001,0.0188,0.0001,99.8054,203.3503,48.9065,-16.9084,0.0,0.0001,2.363,-0.0012,6.1315,35.5425,11.1805,27.1651,35.9191
227.0,459.0,11.2222,40.002,98.7001,230.0239,0.0202,0.0001,99.8112,203.3503,48.9065,-16.9084,0.0,0.0001,2.3507,-0.0054,6.1344,35.54,11.1638,27.1662,35.921
228.0,461.0,11.2036,39.983,98.6964,228.8748,0.0206,0.0001,99.8112,203.3503,48.9065,-16.9084,0.0,0.0001,2.3443,-0.006,6.1341,35.5384,11.145,27.1684,35.9239
229.0,463.0,11.2028,39.9821,98.6915,230.8957,0.0222,0.0001,99.8112,203.3504,48.9065,-16.9084,0.0,0.0001,2.3441,-0.0001,6.1335,35.5372,11.144,27.1677,35.9233
230.0,465.0,11.1966,39.9761,98.689,230.8386,0.0213,0.0001,99.8046,203.3504,48.9065,-16.9084,0.0,0.0001,2.3431,-0.0006,6.1352,35.5366,11.1376,27.1684,35.9242
231.0,467.0,11.1968,39.9776,98.6912,230.7925,0.0226,0.0001,99.8105,203.3504,48.9065,-16.9084,0.0,0.0001,2.3424,-0.0005,6.135,35.5369,11.1376,27.1686,35.9245
232.0,469.0,11.1983,39.9814,98.6912,231.9775,0.0212,0.0001,99.8112,203.3504,48.9065,-16.9084,0.0,0.0001,2.3448,0.0019,6.1349,35.5382,11.1387,27.1694,35.9252
233.0,471.0,11.1988,39.9827,98.6933,231.6875,0.0206,0.0001,99.8042,203.3505,48.9065,-16.9084,0.0,0.0001,2.3459,0.0004,6.1361,35.5384,11.139,27.1695,35.9253
234.0,473.0,11.1894,39.9731,98.7035,232.0096,0.0217,0.0001,99.8052,203.3505,48.9065,-16.9084,0.0,0.0001,2.3464,0.0007,6.1374,35.5369,11.1293,27.1701,35.9263
235.0,475.0,11.18,39.9634,98.697,232.2423,0.0229,0.0001,99.8071,203.3505,48.9065,-16.9084,0.0,0.0001,2.3468,0.0007,6.1378,35.5353,11.1197,27.1707,35.9273
236.0,477.0,11.1774,39.9616,98.6962,232.4696,0.0174,0.0001,99.8112,203.3506,48.9065,-16.9084,0.0,0.0001,2.3492,0.0005,6.1395,35.5351,11.1169,27.171,35.9278
237.0,479.0,11.1642,39.947,98.6975,232.8573,0.0254,0.0001,99.8112,203.3506,48.9065,-16.9084,0.0,0.0001,2.3509,0.0007,6.141,35.5324,11.1035,27.1714,35.9287
238.0,481.0,11.1555,39.9386,98.6933,232.3496,0.0197,0.0001,99.8091,203.3506,48.9064,-16.9084,0.0,0.0001,2.35,-0.0006,6.1419,35.5316,11.0945,27.1724,35.9301
239.0,483.0,11.1472,39.9317,98.6916,232.067,0.0202,0.0001,99.8037,203.3506,48.9064,-16.9084,0.0,0.0001,2.3473,-0.0008,6.1429,35.5318,11.086,27.1741,35.9321
240.0,485.0,11.145,39.93,98.68,231.9052,0.0192,0.0001,99.7988,203.3507,48.9064,-16.9084,0.0,0.0001,2.3454,-0.001,6.1445,35.5314,11.0835,27.1742,35.9324
241.0,487.0,11.1287,39.9131,98.6941,232.7616,0.0203,0.0001,99.8129,203.3507,48.9064,-16.9085,0.0,0.0001,2.3474,0.0009,6.1432,35.5294,11.0671,27.1757,35.9345
242.0,489.0,11.1191,39.9022,98.7055,231.4977,0.0246,0.0001,99.8038,203.3507,48.9064,-16.9085,0.0,0.0001,2.3434,-0.0021,6.1504,35.527,11.0573,27.1756,35.9349
243.0,491.0,11.0961,39.8764,98.68,227.7161,0.0225,0.0001,99.7968,203.3508,48.9064,-16.9085,0.0,0.0001,2.3269,-0.0078,6.1542,35.5225,11.0341,27.1764,35.9366
244.0,493.0,11.061,39.8351,98.6854,226.8047,0.0214,0.0001,99.8076,203.3508,48.9064,-16.9085,0.0,0.0001,2.317,-0.007,6.1527,35.5143,10.9988,27.1765,35.9383
245.0,495.0,11.0512,39.8237,98.6892,227.1631,0.0213,0.0001,99.8036,203.3508,48.9064,-16.9085,0.0,0.0001,2.3092,-0.0032,6.1561,35.5115,10.9889,27.1761,35.9384
246.0,497.0,11.0508,39.8247,98.6928,225.6636,0.0216,0.0001,99.8046,203.3508,48.9064,-16.9085,0.0,0.0001,2.2976,-0.0039,6.1588,35.5119,10.9882,27.1765,35.9388
247.0,499.0,11.0364,39.8106,98.6867,226.2013,0.0211,0.0001,99.8112,203.3509,48.9064,-16.9085,0.0,0.0001,2.293,-0.001,6.1603,35.5107,10.9734,27.1783,35.9412
248.0,501.0,11.0279,39.8025,98.7008,225.1753,0.025,0.0001,99.8029,203.3509,48.9064,-16.9085,0.0,0.0001,2.288,-0.0027,6.1644,35.51,10.9648,27.1793,35.9426
249.0,503.0,11.0061,39.7759,98.6864,224.1621,0.0231,0.0001,99.8092,203.3509,48.9064,-16.9085,0.0,0.0001,2.2801,-0.0032,6.168,35.5037,10.9429,27.1784,35.9427
250.0,505.0,10.9592,39.7203,98.68,223.8359,0.0253,0.0001,99.8112,203.3509,48.9064,-16.9085,0.0,0.0001,2.2734,-0.0026,6.1755,35.4924,10.8958,27.1782,35.9445
251.0,507.0,10.9292,39.6859,98.6871,223.6576,0.0221,0.0001,99.7976,203.351,48.9064,-16.9085,0.0,0.0001,2.2687,-0.0021,6.1814,35.4862,10.8657,27.1787,35.9464
252.0,509.0,10.8861,39.6353,98.6892,222.8425,0.021,0.0001,99.8,203.351,48.9064,-16.9085,0.0,0.0001,2.2632,-0.0028,6.1849,35.4764,10.8225,27.1789,35.9485
253.0,511.0,10.8362,39.5778,98.6913,222.2958,0.0235,0.0001,99.807,203.351,48.9064,-16.9085,0.0,0.0001,2.2574,-0.0026,6.1883,35.466,10.7726,27.1798,35.9516
254.0,513.0,10.8145,39.5521,98.68,221.9264,0.0236,0.0001,99.8059,203.3511,48.9064,-16.9085,0.0,0.0001,2.2517,-0.0018,6.189,35.4604,10.7506,27.1794,35.9522
255.0,515.0,10.8185,39.5585,98.6894,221.5109,0.0223,0.0001,99.8112,203.3511,48.9064,-16.9085,0.0,0.0001,2.248,-0.0019,6.1911,35.462,10.7544,27.18,35.9526
256.0,517.0,10.8103,39.5508,98.6843,220.6651,0.0229,0.0001,99.8083,203.3511,48.9063,-16.9085,0.0,0.0001,2.242,-0.0026,6.1921,35.4613,10.746,27.1809,35.9539
257.0,519.0,10.7893,39.5274,98.68,220.3814,0.0209,0.0001,99.809,203.3511,48.9063,-16.9085,0.0,0.0001,2.2366,-0.0019,6.1939,35.4572,10.7248,27.1816,35.9554
258.0,521.0,10.7766,39.5141,98.6886,220.0874,0.0216,0.0001,99.8053,203.3512,48.9063,-16.9085,0.0,0.0001,2.2334,-0.0015,6.1921,35.4554,10.7119,27.1825,35.9569
259.0,523.0,10.7865,39.5278,98.68,219.5294,0.0219,0.0001,99.802,203.3512,48.9063,-16.9085,0.0,0.0001,2.2295,-0.0017,6.1907,35.4585,10.7215,27.1832,35.9572
260.0,525.0,10.8029,39.5494,98.6834,220.0963,0.0237,0.0001,99.8002,203.3512,48.9063,-16.9085,0.0,0.0001,2.2295,0.0,6.1893,35.4635,10.7376,27.1842,35.9574
261.0,527.0,10.8107,39.5602,98.68,219.7517,0.0182,0.0001,99.8165,203.3512,48.9063,-16.9085,0.0,0.0001,2.2277,-0.0007,6.1919,35.4659,10.7452,27.1847,35.9576
262.0,529.0,10.7999,39.5486,98.68,218.1355,0.0163,0.0001,99.8112,203.3513,48.9063,-16.9085,0.0,0.0001,2.2206,-0.0033,6.1955,35.4638,10.7341,27.1851,35.9584
263.0,531.0,10.7688,39.5134,98.6826,218.1931,0.0202,0.0001,99.8014,203.3513,48.9063,-16.9085,0.0,0.0001,2.2161,-0.0018,6.1971,35.4576,10.7028,27.1858,35.9606
264.0,533.0,10.7559,39.5003,98.6928,217.6851,0.0231,0.0001,99.8105,203.3513,48.9063,-16.9085,0.0,0.0001,2.2118,-0.0017,6.1973,35.456,10.6897,27.1869,35.9623
265.0,535.0,10.7534,39.4986,98.6883,217.3411,0.0259,0.0001,99.8112,203.3514,48.9063,-16.9085,0.0,0.0001,2.2081,-0.0017,6.1978,35.456,10.687,27.1874,35.9628
266.0,537.0,10.7499,39.4967,98.68,217.3026,0.0213,0.0001,99.8311,203.3514,48.9063,-16.9085,0.0,0.0001,2.2057,-0.0011,6.1984,35.4565,10.6833,27.1885,35.9641
267.0,539.0,10.7446,39.494,98.683,217.0358,0.0234,0.0001,99.8184,203.3514,48.9063,-16.9085,0.0,0.0001,2.2027,-0.001,6.198,35.4579,10.6777,27.1906,35.9664
268.0,541.0,10.7436,39.4945,98.6869,217.3776,0.0211,0.0001,99.838,203.3514,48.9063,-16.9086,0.0,0.0001,2.2028,-0.0001,6.1978,35.4585,10.6764,27.1912,35.9671
269.0,543.0,10.7492,39.5026,98.68,217.187,0.0228,0.0001,99.8242,203.3515,48.9063,-16.9086,0.0,0.0001,2.2018,-0.0005,6.1981,35.4604,10.6818,27.1918,35.9674
270.0,545.0,10.7466,39.5014,98.68,217.251,0.0232,0.0001,99.8305,203.3515,48.9063,-16.9086,0.0,0.0001,2.2011,-0.0002,6.1978,35.461,10.679,27.1927,35.9684
271.0,547.0,10.7446,39.5019,98.6834,217.4764,0.0221,0.0001,99.8319,203.3515,48.9063,-16.9086,0.0,0.0001,2.2017,0.0001,6.1985,35.4625,10.6767,27.1943,35.9701
272.0,549.0,10.7376,39.4955,98.6846,217.1715,0.0216,0.0001,99.817,203.3515,48.9063,-16.9086,0.0,0.0001,2.2006,-0.0007,6.1998,35.462,10.6695,27.1953,35.9713
273.0,551.0,10.7329,39.4917,98.68,216.6591,0.0215,0.0001,99.8367,203.3516,48.9062,-16.9086,0.0,0.0001,2.1973,-0.0012,6.2002,35.4617,10.6646,27.1959,35.9722
274.0,553.0,10.7309,39.4919,98.6856,216.6225,0.0225,0.0001,99.8401,203.3516,48.9062,-16.9086,0.0,0.0001,2.1958,-0.0008,6.2,35.463,10.6623,27.1973,35.9736
275.0,555.0,10.7311,39.4941,98.68,216.7426,0.0244,0.0001,99.8372,203.3516,48.9062,-16.9086,0.0,0.0001,2.1952,-0.0003,6.2,35.4641,10.6623,27.1982,35.9745
276.0,557.0,10.7313,39.4956,98.6863,216.3083,0.0217,0.0001,99.8237,203.3517,48.9062,-16.9086,0.0,0.0001,2.1929,-0.001,6.2007,35.4646,10.6622,27.1986,35.9749
277.0,559.0,10.727,39.4922,98.68,216.4416,0.0176,0.0001,99.8401,203.3517,48.9062,-16.9086,0.0,0.0001,2.1923,-0.0003,6.1993,35.4645,10.6576,27.1993,35.9758
278.0,561.0,10.7377,39.5082,98.6823,216.1421,0.0229,0.0001,99.8301,203.3517,48.9062,-16.9086,0.0,0.0001,2.19,-0.0011,6.2049,35.4693,10.6681,27.2012,35.9772
279.0,563.0,10.701,39.4659,98.6828,215.3101,0.0222,0.0001,99.8363,203.3517,48.9062,-16.9086,0.0,0.0001,2.1852,-0.0019,6.2052,35.4613,10.6313,27.2015,35.9792
280.0,565.0,10.689,39.4545,98.6841,215.4185,0.0205,0.0001,99.8289,203.3518,48.9062,-16.9086,0.0,0.0001,2.1832,-0.0011,6.2068,35.4606,10.619,27.2031,35.9813
281.0,567.0,10.6824,39.4481,98.685,215.2155,0.0225,0.0001,99.8364,203.3518,48.9062,-16.9086,0.0,0.0001,2.1806,-0.0009,6.2071,35.4598,10.6123,27.2037,35.9822
282.0,569.0,10.6797,39.4468,98.68,214.7063,0.0232,0.0001,99.8396,203.3518,48.9062,-16.9086,0.0,0.0001,2.177,-0.0013,6.2068,35.4601,10.6093,27.2046,35.9831
283.0,571.0,10.6793,39.4478,98.68,214.5746,0.0221,0.0001,99.8401,203.3518,48.9062,-16.9086,0.0,0.0001,2.1746,-0.001,6.2067,35.4604,10.6086,27.2049,35.9835
284.0,573.0,10.6717,39.4411,98.6825,215.0412,0.0222,0.0001,99.8379,203.3519,48.9062,-16.9086,0.0,0.0001,2.1748,-0.0001,6.2109,35.4602,10.6008,27.2061,35.9851
285.0,575.0,10.6528,39.4204,98.68,214.0089,0.0191,0.0001,99.8352,203.3519,48.9062,-16.9086,0.0,0.0001,2.1706,-0.0017,6.2097,35.4569,10.5817,27.207,35.9867
286.0,577.0,10.6583,39.4306,98.6875,215.2623,0.0184,0.0001,99.8401,203.3519,48.9062,-16.9086,0.0,0.0001,2.1719,0.0012,6.2089,35.4608,10.5869,27.209,35.9885
287.0,579.0,10.6644,39.4375,98.6818,215.7986,0.0196,0.0001,99.8401,203.352,48.9062,-16.9086,0.0,0.0001,2.1754,0.0016,6.2078,35.461,10.5928,27.2082,35.9874
288.0,581.0,10.6716,39.4485,98.6821,216.0817,0.0235,0.0001,99.8424,203.352,48.9062,-16.9086,0.0,0.0001,2.178,0.0009,6.2114,35.4642,10.5997,27.2095,35.9884
289.0,583.0,10.649,39.424,98.68,215.7356,0.0202,0.0001,99.8401,203.352,48.9062,-16.9086,0.0,0.0001,2.1783,-0.0002,6.211,35.4605,10.5769,27.2106,35.9905
290.0,585.0,10.6339,39.4079,98.6855,215.178,0.0195,0.0001,99.8385,203.352,48.9062,-16.9086,0.0,0.0001,2.1753,-0.0011,6.2137,35.458,10.5617,27.2114,35.992
291.0,587.0,10.6302,39.4045,98.68,214.31,0.0231,0.0001,99.8345,203.3521,48.9061,-16.9086,0.0,0.0001,2.1703,-0.0018,6.2134,35.4574,10.5577,27.2116,35.9923
292.0,589.0,10.6318,39.4084,98.68,213.8045,0.0227,0.0001,99.8435,203.3521,48.9061,-16.9086,0.0,0.0001,2.1662,-0.0019,6.2124,35.4589,10.559,27.2125,35.9932
293.0,591.0,10.6434,39.4256,98.6834,214.5089,0.0202,0.0001,99.8401,203.3521,48.9061,-16.9086,0.0,0.0001,2.167,0.0003,6.206,35.4639,10.5703,27.2145,35.9946
294.0,593.0,10.6719,39.4626,98.6838,216.7077,0.019,0.0001,99.8329,203.3521,48.9061,-16.9086,0.0,0.0001,2.1751,0.0037,6.1995,35.4728,10.5985,27.2164,35.9952
295.0,595.0,10.7291,39.5341,98.68,220.0918,0.023,0.0001,99.8401,203.3522,48.9061,-16.9086,0.0,0.0001,2.1919,0.007,6.2016,35.4884,10.6551,27.2184,35.9947
296.0,597.0,10.7136,39.5175,98.68,219.9174,0.0244,0.0001,99.8361,203.3522,48.9061,-16.9086,0.0,0.0001,2.2002,0.0031,6.2043,35.4858,10.6394,27.2192,35.9962
297.0,599.0,10.6992,39.502,98.6839,220.0915,0.0231,0.0001,99.8381,203.3522,48.9061,-16.9086,0.0,0.0001,2.2042,0.0016,6.208,35.4832,10.6248,27.2198,35.9974
298.0,601.0,10.6754,39.4751,98.68,220.6713,0.022,0.0001,99.8401,203.3523,48.9061,-16.9086,0.0,0.0001,2.2075,0.0015,6.2125,35.4784,10.6009,27.2203,35.999
299.0,603.0,10.6501,39.4475,98.68,220.8009,0.0198,0.0001,99.8401,203.3523,48.9061,-16.9086,0.0,0.0001,2.2088,0.0013,6.2093,35.4743,10.5755,27.2217,36.0014
300.0,605.0,10.618,39.413,98.68,219.7681,0.0189,0.0001,99.8296,203.3523,48.9061,-16.9086,0.0,0.0001,2.2071,-0.0012,6.2153,35.4697,10.5433,27.2238,36.0049
301.0,607.0,10.602,39.3963,98.68,218.1764,0.0212,0.0001,99.8344,203.3523,48.9061,-16.9086,0.0,0.0001,2.1995,-0.0033,6.2166,35.4677,10.5272,27.2251,36.007
302.0,609.0,10.6028,39.3987,98.68,217.2823,0.0216,0.0001,99.8338,203.3524,48.9061,-16.9086,0.0,0.0001,2.1924,-0.0035,6.2166,35.4685,10.5277,27.2256,36.0074
303.0,611.0,10.6053,39.4034,98.68,217.1179,0.0212,0.0001,99.8299,203.3524,48.9061,-16.9086,0.0,0.0001,2.1869,-0.0022,6.2179,35.4698,10.5298,27.2262,36.008
304.0,613.0,10.5935,39.3909,98.68,216.8739,0.0209,0.0001,99.8355,203.3524,48.9061,-16.9086,0.0,0.0001,2.1827,-0.0017,6.2205,35.4679,10.5178,27.2269,36.0091
305.0,615.0,10.5906,39.3885,98.68,216.5966,0.0232,0.0001,99.8401,203.3524,48.9061,-16.9086,0.0,0.0001,2.18,-0.0016,6.2203,35.4674,10.5147,27.2271,36.0094
306.0,617.0,10.5531,39.3482,98.68,217.6165,0.0224,0.0001,99.8397,203.3525,48.9061,-16.9087,0.0,0.0001,2.1808,0.0,6.2293,35.4619,10.4771,27.2295,36.0135
307.0,619.0,10.5183,39.3071,98.68,217.8212,0.0217,0.0001,99.8286,203.3525,48.9061,-16.9086,0.0,0.0001,2.1802,0.0001,6.2363,35.4533,10.4422,27.2289,36.0145
308.0,621.0,10.4674,39.2516,98.68,219.8812,0.0194,0.0001,99.8264,203.3525,48.9061,-16.9087,0.0,0.0001,2.1857,0.0034,6.2397,35.4458,10.3913,27.232,36.0198
309.0,623.0,10.4425,39.2258,98.68,219.8528,0.0194,0.0001,99.8401,203.3526,48.906,-16.9087,0.0,0.0001,2.1883,0.002,6.2425,35.4431,10.3663,27.2344,36.0233
310.0,625.0,10.4259,39.2069,98.6862,221.7209,0.0179,0.0001,99.8306,203.3526,48.906,-16.9087,0.0,0.0001,2.1965,0.0037,6.2454,35.4393,10.3495,27.2344,36.024
311.0,627.0,10.4036,39.183,98.6868,223.0565,0.0207,0.0001,99.818,203.3526,48.906,-16.9087,0.0,0.0001,2.2059,0.0036,6.2482,35.4359,10.3271,27.2356,36.0262
312.0,629.0,10.3848,39.1635,98.6875,223.4036,0.0218,0.0001,99.8401,203.3526,48.906,-16.9087,0.0,0.0001,2.212,0.0022,6.2504,35.4334,10.3081,27.237,36.0285
313.0,631.0,10.3618,39.1389,98.68,223.7485,0.0224,0.0001,99.8355,203.3527,48.906,-16.9087,0.0,0.0001,2.2157,0.0014,6.2537,35.43,10.2849,27.2384,36.0309
314.0,633.0,10.341,39.1182,98.68,223.3003,0.0219,0.0001,99.8214,203.3527,48.906,-16.9087,0.0,0.0001,2.216,0.0,6.2514,35.4282,10.264,27.2406,36.034
315.0,635.0,10.3563,39.141,98.6875,222.4081,0.0201,0.0001,99.8211,203.3527,48.906,-16.9087,0.0,0.0001,2.2135,-0.0014,6.25,35.4355,10.2789,27.2438,36.0364
316.0,637.0,10.3688,39.1595,98.68,221.7839,0.023,0.0001,99.8174,203.3527,48.906,-16.9087,0.0,0.0001,2.2091,-0.0018,6.248,35.4414,10.2912,27.2462,36.0383
317.0,639.0,10.3768,39.1719,98.6905,220.721,0.0222,0.0001,99.8166,203.3528,48.906,-16.9087,0.0,0.0001,2.2032,-0.0024,6.2459,35.4452,10.2989,27.2479,36.0395
318.0,641.0,10.3951,39.1971,98.6812,219.8931,0.02,0.0001,99.805,203.3528,48.906,-16.9087,0.0,0.0001,2.1976,-0.0029,6.2468,35.452,10.3168,27.25,36.0408
319.0,643.0,10.3921,39.1962,98.6818,220.1098,0.0198,0.0001,99.8194,203.3528,48.906,-16.9087,0.0,0.0001,2.1938,-0.0011,6.2468,35.4531,10.3135,27.2514,36.0423
320.0,645.0,10.389,39.194,98.6875,219.7174,0.0225,0.0001,99.815,203.3529,48.906,-16.9087,0.0,0.0001,2.1907,-0.0015,6.2474,35.4531,10.3102,27.252,36.0431
321.0,647.0,10.3813,39.1878,98.6911,219.6847,0.0234,0.0001,99.8112,203.3529,48.906,-16.9087,0.0,0.0001,2.1892,-0.001,6.2471,35.4534,10.3023,27.2536,36.045
322.0,649.0,10.3825,39.1925,98.6844,221.2586,0.0256,0.0001,99.8112,203.3529,48.906,-16.9087,0.0,0.0001,2.1927,0.0016,6.2507,35.4559,10.3033,27.2554,36.0468
323.0,651.0,10.3605,39.169,98.6854,221.4337,0.023,0.0001,99.7938,203.3529,48.906,-16.9087,0.0,0.0001,2.195,0.0007,6.255,35.4527,10.2812,27.2568,36.0491
324.0,653.0,10.3392,39.1449,98.68,221.8022,0.0208,0.0001,99.8073,203.353,48.906,-16.9087,0.0,0.0001,2.1962,0.0009,6.2585,35.4483,10.2597,27.2571,36.0504
325.0,655.0,10.306,39.1083,98.68,222.1434,0.0216,0.0001,99.8112,203.353,48.9059,-16.9087,0.0,0.0001,2.199,0.0007,6.2589,35.4425,10.2263,27.2584,36.0532
326.0,657.0,10.3021,39.1057,98.68,221.5701,0.0212,0.0001,99.7957,203.353,48.9059,-16.9087,0.0,0.0001,2.1978,-0.0006,6.2604,35.4429,10.2223,27.2594,36.0543
327.0,659.0,10.2954,39.1003,98.68,221.5471,0.0194,0.0001,99.8112,203.353,48.9059,-16.9087,0.0,0.0001,2.1966,-0.0005,6.2598,35.4431,10.2153,27.2608,36.056
328.0,661.0,10.2831,39.0879,98.68,221.6624,0.0187,0.0001,99.8075,203.3531,48.9059,-16.9087,0.0,0.0001,2.1957,-0.0003,6.2641,35.4413,10.2029,27.2616,36.0573
329.0,663.0,10.2628,39.0662,98.68,220.9364,0.022,0.0001,99.805,203.3531,48.9059,-16.9087,0.0,0.0001,2.1931,-0.0013,6.263,35.4382,10.1824,27.2627,36.0594
330.0,665.0,10.2647,39.0703,98.68,221.2819,0.0221,0.0001,99.8111,203.3531,48.9059,-16.9087,0.0,0.0001,2.1915,-0.0005,6.2671,35.4398,10.1841,27.2636,36.0602
331.0,667.0,10.248,39.0542,98.6914,219.6282,0.0253,0.0001,99.8166,203.3532,48.9059,-16.9087,0.0,0.0001,2.1853,-0.003,6.2684,35.4389,10.1672,27.2659,36.0632
332.0,669.0,10.2319,39.0386,98.6816,218.7991,0.0271,0.0001,99.8112,203.3532,48.9059,-16.9087,0.0,0.0001,2.1801,-0.0035,6.2681,35.4377,10.151,27.2678,36.0658
333.0,671.0,10.2172,39.0246,98.68,219.7074,0.0232,0.0001,99.8061,203.3532,48.9059,-16.9087,0.0,0.0001,2.1782,-0.0008,6.2709,35.4368,10.136,27.2697,36.0683
334.0,673.0,10.2134,39.0193,98.68,218.1072,0.0206,0.0001,99.799,203.3532,48.9059,-16.9087,0.0,0.0001,2.171,-0.0033,6.2775,35.4342,10.132,27.2684,36.0672
335.0,675.0,10.181,38.9847,98.68,216.9757,0.0183,0.0001,99.7811,203.3533,48.9059,-16.9087,0.0,0.0001,2.1635,-0.0038,6.281,35.4297,10.0995,27.2705,36.0707
336.0,677.0,10.1643,38.9675,98.68,216.123,0.0165,0.0001,99.7939,203.3533,48.9059,-16.9087,0.0,0.0001,2.1564,-0.0041,6.2811,35.4278,10.0827,27.2719,36.0729
337.0,679.0,10.1371,38.9379,98.6823,216.6412,0.0212,0.0001,99.7845,203.3533,48.9059,-16.9087,0.0,0.0001,2.1529,-0.0014,6.2806,35.423,10.0553,27.2729,36.0751
338.0,681.0,10.1451,38.9471,98.6814,216.4765,0.0224,0.0001,99.7847,203.3533,48.9059,-16.9087,0.0,0.0001,2.1498,-0.0012,6.2839,35.4239,10.063,27.2723,36.0742
339.0,683.0,10.1304,38.9321,98.68,215.1778,0.0249,0.0001,99.7854,203.3534,48.9058,-16.9087,0.0,0.0001,2.1432,-0.0027,6.2839,35.422,10.0482,27.2733,36.0758
340.0,685.0,10.1249,38.9307,98.68,215.5803,0.0201,0.0001,99.7879,203.3534,48.9058,-16.9087,0.0,0.0001,2.1414,-0.001,6.284,35.4248,10.0423,27.2766,36.0793
341.0,687.0,10.1242,38.9307,98.68,215.3264,0.0179,0.0001,99.789,203.3534,48.9058,-16.9087,0.0,0.0001,2.1393,-0.001,6.283,35.4247,10.0414,27.2766,36.0794
342.0,689.0,10.1266,38.9355,98.68,214.8655,0.021,0.0001,99.7812,203.3535,48.9058,-16.9087,0.0,0.0001,2.1355,-0.0011,6.2797,35.4264,10.0436,27.2776,36.0802
343.0,691.0,10.1465,38.9621,98.68,215.7354,0.0219,0.0001,99.7824,203.3535,48.9058,-16.9087,0.0,0.0001,2.1376,0.0007,6.2797,35.4332,10.0632,27.2795,36.0812
344.0,693.0,10.1521,38.971,98.69,216.0162,0.0235,0.0001,99.764,203.3535,48.9058,-16.9087,0.0,0.0001,2.1389,0.0006,6.2818,35.4359,10.0684,27.2807,36.0822
345.0,695.0,10.1397,38.9582,98.68,214.4187,0.0226,0.0001,99.761,203.3535,48.9058,-16.9087,0.0,0.0001,2.1344,-0.0024,6.2837,35.4342,10.0559,27.2815,36.0836
346.0,697.0,10.1268,38.9453,98.68,213.5772,0.0203,0.0001,99.7594,203.3536,48.9058,-16.9087,0.0,0.0001,2.1291,-0.0028,6.2833,35.4327,10.0428,27.2826,36.0852
347.0,699.0,10.1179,38.9369,98.6825,213.9321,0.0204,0.0001,99.7651,203.3536,48.9058,-16.9087,0.0,0.0001,2.1258,-0.0014,6.2897,35.4318,10.0337,27.2835,36.0865
348.0,701.0,10.087,38.9029,98.68,211.0045,0.0233,0.0001,99.7439,203.3536,48.9058,-16.9087,0.0,0.0001,2.115,-0.0055,6.2939,35.4265,10.0027,27.2847,36.0891
349.0,703.0,10.0589,38.8737,98.68,209.1813,0.0201,0.0001,99.7356,203.3536,48.9058,-16.9087,0.0,0.0001,2.1018,-0.0063,6.2994,35.4234,9.9745,27.2872,36.0928
350.0,705.0,10.0265,38.8389,98.68,208.5863,0.0175,0.0001,99.7358,203.3537,48.9058,-16.9087,0.0,0.0001,2.0911,-0.005,6.3058,35.4185,9.9421,27.2889,36.096
351.0,707.0,9.9497,38.7533,98.68,206.5183,0.0212,0.0001,99.7417,203.3537,48.9058,-16.9087,0.0,0.0001,2.0754,-0.0054,6.3116,35.405,9.8654,27.2914,36.1019
352.0,709.0,9.9307,38.7331,98.68,205.2597,0.0227,0.0001,99.7593,203.3537,48.9058,-16.9087,0.0,0.0001,2.0612,-0.0043,6.313,35.4021,9.8462,27.2925,36.1038
353.0,711.0,9.9222,38.7241,98.68,205.3395,0.0222,0.0001,99.7607,203.3538,48.9058,-16.9087,0.0,0.0001,2.0566,-0.0025,6.3121,35.4002,9.8376,27.2924,36.1042
354.0,713.0,9.9222,38.7253,98.68,205.7493,0.0209,0.0001,99.7739,203.3538,48.9057,-16.9087,0.0,0.0001,2.0549,-0.0008,6.3111,35.4004,9.8372,27.2927,36.1044
355.0,715.0,9.9376,38.7471,98.68,206.1039,0.0211,0.0001,99.7679,203.3538,48.9058,-16.9087,0.0,0.0001,2.0546,-0.0001,6.3144,35.4069,9.8524,27.2952,36.1062
356.0,717.0,9.9047,38.7137,98.68,204.9083,0.0196,0.0001,99.7602,203.3538,48.9057,-16.9087,0.0,0.0001,2.0492,-0.0023,6.3228,35.4039,9.8193,27.2985,36.1109
357.0,719.0,9.8594,38.6619,98.68,201.5938,0.023,0.0001,99.7758,203.3539,48.9057,-16.9087,0.0,0.0001,2.0352,-0.0061,6.322,35.3942,9.774,27.2986,36.1131
358.0,721.0,9.837,38.6419,98.68,200.6327,0.0184,0.0001,99.7824,203.3539,48.9057,-16.9087,0.0,0.0001,2.0269,-0.0056,6.3218,35.3948,9.7515,27.3029,36.1183
359.0,723.0,9.8597,38.6684,98.68,202.1376,0.0226,0.0001,99.774,203.3539,48.9057,-16.9087,0.0,0.0001,2.0244,-0.0012,6.3223,35.3988,9.7738,27.3022,36.1167
360.0,725.0,9.8597,38.6685,98.68,200.1883,0.0208,0.0001,99.7582,203.354,48.9057,-16.9087,0.0,0.0001,2.0168,-0.004,6.3252,35.3982,9.7736,27.3018,36.1163
361.0,727.0,9.8443,38.6531,98.68,199.3264,0.0237,0.0001,99.7792,203.354,48.9057,-16.9087,0.0,0.0001,2.0091,-0.0038,6.3245,35.3964,9.7581,27.303,36.1182
362.0,729.0,9.8285,38.6368,98.68,199.9056,0.019,0.0001,99.7824,203.354,48.9057,-16.9087,0.0,0.0001,2.0069,-0.0017,6.3248,35.3943,9.7421,27.3041,36.1199
363.0,731.0,9.8305,38.6396,98.68,200.1056,0.0214,0.0001,99.7528,203.354,48.9057,-16.9087,0.0,0.0001,2.0047,-0.0011,6.3332,35.3945,9.7439,27.304,36.1198
364.0,733.0,9.7821,38.586,98.68,198.5801,0.0282,0.0001,99.7693,203.3541,48.9057,-16.9088,0.0,0.0001,1.9966,-0.0036,6.3581,35.3859,9.6955,27.3054,36.1234
365.0,735.0,9.6929,38.4835,98.68,196.6239,0.0224,0.0001,99.7824,203.3541,48.9057,-16.9088,0.0,0.0001,1.9844,-0.0053,6.3609,35.367,9.6065,27.3056,36.1277
366.0,737.0,9.5562,38.3314,98.68,196.1774,0.0246,0.0001,99.796,203.3541,48.9057,-16.9088,0.0,0.0001,1.9763,-0.0043,6.3702,35.3433,9.4704,27.3099,36.1381
367.0,739.0,9.5216,38.2938,98.68,195.4439,0.0233,0.0001,99.7893,203.3541,48.9057,-16.9088,0.0,0.0001,1.9676,-0.0037,6.3755,35.3378,9.4357,27.3113,36.1411
368.0,741.0,9.4896,38.2635,98.68,194.1048,0.0211,0.0001,99.7892,203.3542,48.9057,-16.9088,0.0,0.0001,1.9563,-0.0038,6.383,35.3368,9.4036,27.3159,36.1471
369.0,743.0,9.4463,38.2168,98.68,193.0927,0.0202,0.0001,99.7906,203.3542,48.9056,-16.9088,0.0,0.0001,1.9469,-0.0038,6.3916,35.3302,9.3604,27.3179,36.151
370.0,745.0,9.4151,38.1831,98.68,192.0418,0.0239,0.0001,99.8053,203.3542,48.9056,-16.9088,0.0,0.0001,1.9395,-0.0041,6.3922,35.3249,9.3291,27.3189,36.1535
371.0,747.0,9.324,38.0785,98.68,192.8962,0.0226,0.0001,99.8112,203.3542,48.9056,-16.9088,0.0,0.0001,1.9365,-0.0012,6.3933,35.3052,9.2381,27.3185,36.1572
372.0,749.0,9.3234,38.0832,98.68,192.9064,0.0231,0.0001,99.8286,203.3543,48.9056,-16.9088,0.0,0.0001,1.9327,-0.0016,6.4134,35.3099,9.2374,27.3223,36.161
373.0,751.0,9.2625,38.0094,98.68,191.1287,0.024,0.0001,99.8324,203.3543,48.9056,-16.9088,0.0,0.0001,1.9256,-0.0035,6.4176,35.2925,9.1766,27.3186,36.1602
374.0,753.0,9.2012,37.9452,98.68,190.9428,0.0241,0.0001,99.8297,203.3543,48.9056,-16.9088,0.0,0.0001,1.9197,-0.0026,6.4223,35.285,9.1154,27.3227,36.1671
375.0,755.0,9.1775,37.9199,98.68,190.8646,0.0211,0.0001,99.8323,203.3544,48.9056,-16.9088,0.0,0.0001,1.9149,-0.0018,6.4297,35.2812,9.0916,27.3236,36.1691
376.0,757.0,9.1361,37.8739,98.68,190.424,0.022,0.0001,99.8362,203.3544,48.9056,-16.9088,0.0,0.0001,1.9098,-0.002,6.4387,35.273,9.0502,27.3239,36.1713
377.0,759.0,9.0642,37.7966,98.68,190.4063,0.0217,0.0001,99.8589,203.3544,48.9056,-16.9088,0.0,0.0001,1.9063,-0.0015,6.448,35.2624,8.9784,27.3272,36.1779
378.0,761.0,9.0067,37.7321,98.68,189.5498,0.0191,0.0001,99.8546,203.3544,48.9056,-16.9088,0.0,0.0001,1.9027,-0.0018,6.4399,35.2509,8.9211,27.3275,36.1808
379.0,763.0,9.0334,37.7709,98.68,189.9422,0.0218,0.0001,99.8582,203.3545,48.9056,-16.9088,0.0,0.0001,1.9002,-0.0007,6.4432,35.2641,8.9474,27.3335,36.1855
380.0,765.0,9.016,37.7548,98.68,189.6664,0.0212,0.0001,99.8814,203.3545,48.9056,-16.9088,0.0,0.0001,1.8972,-0.0014,6.4602,35.2633,8.9298,27.3358,36.1886
381.0,767.0,8.9378,37.667,98.68,188.8246,0.0226,0.0001,99.8666,203.3545,48.9056,-16.9088,0.0,0.0001,1.8915,-0.0024,6.4715,35.2481,8.8518,27.3363,36.1927
382.0,769.0,8.8599,37.582,98.68,188.9338,0.023,0.0,99.8847,203.3546,48.9056,-16.9088,0.0,0.0001,1.8875,-0.0017,6.4844,35.2351,8.7741,27.3385,36.1985
383.0,771.0,8.7731,37.4883,98.68,188.6412,0.0246,0.0,99.8938,203.3546,48.9056,-16.9088,0.0,0.0001,1.8837,-0.0015,6.4887,35.2215,8.6876,27.3416,36.2056
384.0,773.0,8.7437,37.4595,98.68,188.8168,0.0262,0.0,99.8906,203.3546,48.9056,-16.9088,0.0,0.0001,1.8822,-0.0006,6.4831,35.2193,8.6581,27.3446,36.2099
385.0,775.0,8.7298,37.4475,98.68,189.2249,0.0249,0.0,99.8978,203.3546,48.9056,-16.9088,0.0,0.0001,1.8824,0.0001,6.4876,35.2195,8.644,27.347,36.2129
386.0,777.0,8.7483,37.4682,98.68,187.9327,0.0268,0.0,99.8906,203.3547,48.9056,-16.9088,0.0,0.0001,1.8802,-0.0014,6.477,35.2224,8.6623,27.3464,36.2115
387.0,779.0,8.7246,37.4471,98.68,188.9482,0.0255,0.0,99.9226,203.3547,48.9056,-16.9088,0.0,0.0001,1.8788,0.0006,6.4827,35.2225,8.6384,27.3502,36.2163
388.0,781.0,8.888,37.6684,98.68,188.2726,0.0221,0.0,99.9129,203.3547,48.9056,-16.9088,0.0,0.0001,1.8767,-0.0008,6.4855,35.2922,8.8006,27.3792,36.2372
389.0,783.0,8.9214,37.6841,98.68,188.1345,0.0211,0.0,99.8917,203.3547,48.9056,-16.9088,0.0,0.0001,1.8764,-0.0005,6.4791,35.2748,8.8336,27.3602,36.217
390.0,785.0,8.8183,37.5696,98.68,186.5414,0.0205,0.0,99.9267,203.3548,48.9056,-16.9088,0.0,0.0001,1.871,-0.0033,6.4907,35.2557,8.7309,27.3616,36.2232
391.0,787.0,8.6885,37.4341,98.68,187.1985,0.0248,0.0,99.9447,203.3548,48.9056,-16.9088,0.0,0.0001,1.8679,-0.0016,6.5038,35.2409,8.6016,27.3704,36.2379
392.0,789.0,8.6341,37.3756,98.68,186.8943,0.0248,0.0,99.9428,203.3548,48.9056,-16.9088,0.0,0.0001,1.8657,-0.0016,6.5114,35.2323,8.5473,27.3722,36.2423
393.0,791.0,8.5944,37.3342,98.68,187.097,0.0201,0.0,99.9489,203.3548,48.9055,-16.9088,0.0,0.0001,1.8629,-0.0007,6.5076,35.2272,8.5076,27.3744,36.2463
394.0,793.0,8.5654,37.305,98.68,187.8298,0.0251,0.0,99.9533,203.3549,48.9055,-16.9088,0.0,0.0001,1.8642,0.0003,6.5134,35.2241,8.4785,27.3766,36.2498
395.0,795.0,8.5611,37.3008,98.68,187.3984,0.0242,0.0,99.955,203.3549,48.9055,-16.9088,0.0,0.0001,1.8623,-0.0006,6.5164,35.2233,8.474,27.3766,36.25
396.0,797.0,8.5551,37.2943,98.68,187.6312,0.0254,0.0,99.9528,203.3549,48.9055,-16.9088,0.0,0.0001,1.862,-0.0003,6.5219,35.2214,8.4678,27.3761,36.2498
397.0,799.0,8.5131,37.2509,98.68,187.7229,0.0223,0.0,99.9507,203.355,48.9055,-16.9088,0.0,0.0001,1.8618,0.0,6.5208,35.2162,8.4259,27.3785,36.2542
398.0,801.0,8.5166,37.264,98.68,188.0385,0.0246,0.0,99.9515,203.355,48.9055,-16.9089,0.0,0.0001,1.8632,0.001,6.5028,35.2255,8.4291,27.3853,36.2607
399.0,803.0,8.6438,37.41,98.68,188.0099,0.0255,0.0,99.9568,203.355,48.9055,-16.9089,0.0,0.0001,1.8657,0.0008,6.491,35.2526,8.5553,27.3869,36.2562
400.0,805.0,8.6866,37.4618,98.68,188.0521,0.0247,0.0,99.9556,203.355,48.9055,-16.9089,0.0,0.0001,1.8675,0.0008,6.4797,35.2637,8.5976,27.3889,36.2563
401.0,807.0,8.7732,37.5704,98.68,188.64,0.0234,0.0,99.952,203.3551,48.9055,-16.9089,0.0,0.0001,1.8694,0.0008,6.4951,35.291,8.6834,27.3968,36.26
402.0,809.0,8.6864,37.4724,98.68,187.8074,0.0249,0.0,99.9604,203.3551,48.9055,-16.9089,0.0,0.0001,1.8674,-0.0008,6.497,35.2731,8.597,27.3964,36.2637
403.0,811.0,8.668,37.4529,98.68,187.8715,0.0229,0.0,99.9556,203.3551,48.9055,-16.9089,0.0,0.0001,1.8669,-0.0004,6.4963,35.27,8.5784,27.3969,36.265
404.0,813.0,8.6713,37.457,98.68,188.0888,0.024,0.0,99.9601,203.3551,48.9055,-16.9089,0.0,0.0001,1.8665,0.0,6.4956,35.2702,8.5814,27.3966,36.2645
405.0,815.0,8.6859,37.4761,98.68,187.9829,0.022,0.0,99.9636,203.3552,48.9055,-16.9089,0.0,0.0001,1.8665,0.0002,6.4851,35.2748,8.5957,27.3979,36.2652
406.0,817.0,8.7608,37.5731,98.68,187.2857,0.0237,0.0,99.9725,203.3552,48.9055,-16.9089,0.0,0.0001,1.8642,-0.001,6.4871,35.3016,8.67,27.4073,36.2709
407.0,819.0,8.7266,37.5362,98.68,187.3556,0.0236,0.0,99.967,203.3552,48.9055,-16.9089,0.0,0.0001,1.8634,-0.0007,6.4911,35.2958,8.6356,27.4081,36.2733
408.0,821.0,8.7014,37.5073,98.68,187.1117,0.0221,0.0,99.98,203.3553,48.9055,-16.9089,0.0,0.0001,1.8612,-0.0009,6.4928,35.2896,8.6104,27.4072,36.2737
409.0,823.0,8.6623,37.4701,98.68,186.9881,0.0214,0.0,99.9556,203.3553,48.9055,-16.9089,0.0,0.0001,1.8599,-0.0003,6.4822,35.2883,8.5713,27.4123,36.2805
410.0,825.0,8.7498,37.5753,98.68,186.4892,0.0266,0.0,99.9556,203.3553,48.9055,-16.9089,0.0,0.0001,1.8579,-0.0013,6.4912,35.3111,8.6581,27.4166,36.2806
411.0,827.0,8.7077,37.5227,98.68,186.1995,0.0265,0.0,99.9753,203.3553,48.9055,-16.9089,0.0,0.0001,1.8526,-0.002,6.5201,35.2968,8.616,27.412,36.278
412.0,829.0,8.5351,37.3337,98.68,186.7117,0.0218,0.0,99.9824,203.3554,48.9055,-16.9089,0.0,0.0001,1.8501,-0.0005,6.5204,35.268,8.4442,27.4164,36.2904
413.0,831.0,8.5002,37.2971,98.68,187.4935,0.0243,0.0,99.9563,203.3554,48.9055,-16.9089,0.0,0.0001,1.852,0.0007,6.5231,35.2632,8.4093,27.418,36.2937
414.0,833.0,8.4972,37.2959,98.68,187.2494,0.0236,0.0,99.9674,203.3554,48.9054,-16.9089,0.0,0.0001,1.8516,-0.0001,6.5282,35.2639,8.4062,27.4191,36.2949
415.0,835.0,8.4415,37.2367,98.68,187.4523,0.0227,0.0,99.9568,203.3555,48.9054,-16.9089,0.0,0.0001,1.851,-0.0002,6.538,35.2557,8.3505,27.4212,36.2996
416.0,837.0,8.4022,37.1951,98.68,187.5078,0.0255,0.0,99.9666,203.3555,48.9054,-16.9089,0.0,0.0001,1.8498,-0.0002,6.5412,35.2499,8.3112,27.4227,36.303
417.0,839.0,8.3677,37.1642,98.68,188.1266,0.0234,0.0,99.9679,203.3555,48.9054,-16.9089,0.0,0.0001,1.8516,0.0006,6.5422,35.2506,8.2767,27.4286,36.3104
418.0,841.0,8.2983,37.0938,98.68,187.85,0.0255,0.0,99.9493,203.3555,48.9054,-16.9089,0.0,0.0001,1.8506,-0.0006,6.5576,35.244,8.2076,27.434,36.319
419.0,843.0,8.2949,37.0915,98.68,188.1832,0.0241,0.0,99.9676,203.3556,48.9054,-16.9089,0.0,0.0001,1.8498,0.0002,6.5575,35.2442,8.204,27.4347,36.3199
420.0,845.0,8.2648,37.0636,98.68,188.8891,0.0234,0.0,99.9648,203.3556,48.9054,-16.9089,0.0,0.0001,1.8516,0.0009,6.5589,35.2435,8.1738,27.4388,36.3253
421.0,847.0,8.2591,37.0595,98.68,188.4493,0.0239,0.0,99.9516,203.3556,48.9054,-16.9089,0.0,0.0001,1.8523,-0.0003,6.5621,35.2439,8.1679,27.44,36.3268
422.0,849.0,8.241,37.0417,98.68,188.3236,0.0219,0.0,99.9695,203.3556,48.9054,-16.9089,0.0,0.0001,1.8517,-0.0004,6.5633,35.2421,8.1498,27.4414,36.329
423.0,851.0,8.2232,37.0235,98.68,188.6718,0.022,0.0,99.9707,203.3557,48.9054,-16.9089,0.0,0.0001,1.851,-0.0001,6.5699,35.2394,8.1318,27.442,36.3304
424.0,853.0,8.1835,36.9784,98.68,188.396,0.0204,0.0,99.9603,203.3557,48.9054,-16.9089,0.0,0.0001,1.8498,-0.0001,6.5565,35.2302,8.0922,27.4408,36.3312
425.0,855.0,8.2414,37.059,98.68,188.9869,0.0205,0.0,99.9621,203.3557,48.9054,-16.9089,0.0,0.0001,1.8547,0.001,6.5425,35.2572,8.1494,27.4533,36.3407
426.0,857.0,8.3515,37.1915,98.68,187.263,0.0196,0.0,99.9628,203.3558,48.9054,-16.9089,0.0,0.0001,1.8504,-0.0019,6.5472,35.287,8.2585,27.46,36.3421
427.0,859.0,8.3542,37.1961,98.68,187.4949,0.0213,0.0,99.9755,203.3558,48.9054,-16.909,0.0,0.0001,1.8477,-0.0011,6.5516,35.2883,8.2609,27.4606,36.3426
428.0,861.0,8.3294,37.1662,98.68,187.5651,0.0235,0.0,99.9624,203.3558,48.9054,-16.909,0.0,0.0001,1.8439,-0.0018,6.5845,35.2806,8.2362,27.4584,36.3416
429.0,863.0,8.101,36.9172,98.68,188.766,0.0236,0.0,99.9845,203.3558,48.9054,-16.909,0.0,0.0001,1.8433,0.0002,6.597,35.2426,8.009,27.4632,36.3571
430.0,865.0,8.021,36.8315,98.68,190.2741,0.0262,0.0,99.9656,203.3559,48.9054,-16.909,0.0,0.0001,1.8486,0.002,6.6036,35.2301,7.9292,27.4653,36.363
431.0,867.0,7.9639,36.7736,98.68,190.8017,0.0234,0.0,99.97,203.3559,48.9054,-16.909,0.0,0.0001,1.8514,0.0017,6.6041,35.2243,7.8723,27.4693,36.3697
432.0,869.0,7.9601,36.7706,98.68,190.8429,0.0227,0.0,99.9845,203.3559,48.9054,-16.909,0.0,0.0001,1.8539,0.0009,6.6045,35.224,7.8684,27.4696,36.3702
433.0,871.0,7.96,36.7716,98.68,190.9086,0.0208,0.0,99.98,203.3559,48.9054,-16.909,0.0,0.0001,1.8553,0.0006,6.6033,35.2244,7.868,27.47,36.3705
434.0,873.0,7.96,36.7735,98.68,189.8812,0.0225,0.0,99.9853,203.356,48.9054,-16.909,0.0,0.0001,1.8572,0.0007,6.5529,35.2255,7.8678,27.4709,36.3714
435.0,875.0,8.2532,37.1049,98.68,189.6521,0.021,0.0,99.9764,203.356,48.9053,-16.909,0.0,0.0001,1.8588,0.0011,6.5248,35.2845,8.1588,27.4731,36.3597
436.0,877.0,8.4583,37.3649,98.68,184.9416,0.0203,0.0,99.9845,203.356,48.9053,-16.909,0.0,0.0001,1.8459,-0.0064,6.5375,35.3553,8.3623,27.4975,36.374
437.0,879.0,8.4502,37.3571,98.68,184.6159,0.0205,0.0,99.9845,203.356,48.9053,-16.909,0.0,0.0001,1.8376,-0.0033,6.5178,35.354,8.354,27.4978,36.3746
438.0,881.0,8.5444,37.4743,98.68,185.6727,0.0213,0.0,99.9845,203.3561,48.9053,-16.909,0.0,0.0001,1.8383,0.0004,6.4811,35.3832,8.4473,27.5062,36.3785
439.0,883.0,8.6546,37.6108,98.68,184.2134,0.0221,0.0,99.9768,203.3561,48.9053,-16.909,0.0,0.0001,1.835,-0.0014,6.4727,35.4164,8.5565,27.5152,36.3821
440.0,885.0,8.7788,37.7535,98.68,182.6024,0.0225,0.0,99.9691,203.3561,48.9053,-16.909,0.0,0.0001,1.8301,-0.0034,6.471,35.4422,8.6797,27.5159,36.3771
441.0,887.0,8.796,37.7774,98.68,183.0199,0.0184,0.0,99.962,203.3562,48.9053,-16.909,0.0,0.0001,1.8262,-0.0013,6.4709,35.4492,8.6966,27.5187,36.379
442.0,889.0,8.7973,37.7797,98.68,183.0049,0.0247,0.0,99.9682,203.3562,48.9053,-16.909,0.0,0.0001,1.823,-0.0009,6.4743,35.4494,8.6976,27.5188,36.379
443.0,891.0,8.7837,37.7656,98.68,183.4439,0.0242,0.0,99.9556,203.3562,48.9053,-16.909,0.0,0.0001,1.8223,-0.0004,6.4864,35.4471,8.6839,27.5191,36.38
444.0,893.0,8.7294,37.7052,98.68,183.6045,0.0264,0.0,99.9556,203.3562,48.9053,-16.909,0.0,0.0001,1.8217,-0.0004,6.495,35.4369,8.6297,27.5197,36.3831
445.0,895.0,8.6568,37.624,98.68,184.1337,0.0224,0.0,99.9592,203.3563,48.9053,-16.909,0.0,0.0001,1.8224,0.0005,6.4942,35.4226,8.5574,27.5199,36.3868
446.0,897.0,8.6112,37.5748,98.68,184.3601,0.0209,0.0,99.9631,203.3563,48.9053,-16.909,0.0,0.0001,1.8238,0.0003,6.4999,35.4153,8.5118,27.5213,36.3903
447.0,899.0,8.6111,37.576,98.68,184.6684,0.0209,0.0,99.9531,203.3563,48.9053,-16.909,0.0,0.0001,1.8239,0.0,6.5152,35.4158,8.5115,27.5218,36.3907
448.0,901.0,8.5235,37.477,98.68,185.2378,0.0189,0.0,99.9556,203.3564,48.9053,-16.909,0.0,0.0001,1.8236,0.0002,6.5312,35.3975,8.4242,27.5211,36.3941
449.0,903.0,8.4291,37.3737,98.68,185.5988,0.021,0.0,99.9479,203.3564,48.9053,-16.909,0.0,0.0001,1.8246,0.0005,6.534,35.3815,8.3303,27.5231,36.4006
450.0,905.0,8.3884,37.3299,98.68,186.0868,0.0231,0.0,99.9556,203.3564,48.9053,-16.909,0.0,0.0001,1.8263,0.0008,6.5349,35.3749,8.2896,27.5242,36.4036
451.0,907.0,8.377,37.3178,98.68,186.257,0.0235,0.0,99.9348,203.3564,48.9053,-16.909,0.0,0.0001,1.8278,0.0005,6.5391,35.3725,8.2781,27.5241,36.4041
452.0,909.0,8.3552,37.2944,98.68,186.5193,0.0231,0.0,99.9402,203.3565,48.9053,-16.9091,0.0,0.0001,1.8289,0.0005,6.5416,35.3687,8.2562,27.5245,36.4055
453.0,911.0,8.3466,37.2852,98.68,186.7332,0.022,0.0,99.9058,203.3565,48.9052,-16.9091,0.0,0.0001,1.8303,0.0005,6.5426,35.3667,8.2475,27.5242,36.4056
454.0,913.0,8.3314,37.2711,98.68,187.0833,0.0218,0.0,99.9267,203.3565,48.9052,-16.9091,0.0,0.0001,1.8313,0.0007,6.5438,35.3659,8.2321,27.526,36.4081
455.0,915.0,8.3219,37.2652,98.68,186.8888,0.021,0.0,99.9238,203.3565,48.9052,-16.9091,0.0,0.0001,1.8314,0.0,6.5473,35.3682,8.2224,27.5293,36.4118
456.0,917.0,8.296,37.2412,98.68,187.1525,0.0214,0.0,99.9267,203.3566,48.9052,-16.9091,0.0,0.0001,1.8312,0.0001,6.5532,35.3676,8.1964,27.5328,36.4165
457.0,919.0,8.2632,37.2067,98.68,187.3061,0.0222,0.0,99.9246,203.3566,48.9052,-16.9091,0.0,0.0001,1.8315,0.0,6.5555,35.3627,8.1637,27.534,36.4192
458.0,921.0,8.2451,37.1887,98.68,187.9151,0.0228,0.0,99.8988,203.3566,48.9052,-16.9091,0.0,0.0001,1.8335,0.0008,6.557,35.3606,8.1454,27.5351,36.4212
459.0,923.0,8.2248,37.1678,98.68,187.8706,0.0211,0.0,99.9202,203.3566,48.9052,-16.9091,0.0,0.0001,1.8337,0.0,6.5667,35.358,8.125,27.5362,36.4232
460.0,925.0,8.1739,37.1138,98.68,188.1577,0.0226,0.0,99.9033,203.3567,48.9052,-16.9091,0.0,0.0001,1.8338,0.0002,6.5705,35.3505,8.0743,27.538,36.4274
461.0,927.0,8.1566,37.0953,98.68,188.4351,0.024,0.0,99.8901,203.3567,48.9052,-16.9091,0.0,0.0001,1.8347,0.0005,6.5692,35.3473,8.0568,27.5381,36.4283
462.0,929.0,8.1434,37.083,98.68,188.8779,0.0184,0.0,99.8978,203.3567,48.9052,-16.9091,0.0,0.0001,1.8362,0.0009,6.5703,35.3463,8.0435,27.5394,36.4302
463.0,931.0,8.1421,37.0822,98.68,188.3844,0.0182,0.0,99.8978,203.3568,48.9052,-16.9091,0.0,0.0001,1.836,-0.0003,6.5743,35.346,8.0421,27.5394,36.4303
464.0,933.0,8.1171,37.0558,98.68,188.5635,0.0191,0.0001,99.8822,203.3568,48.9052,-16.9091,0.0,0.0001,1.8345,-0.0002,6.5819,35.342,8.0169,27.54,36.4321
465.0,935.0,8.0769,37.0144,98.68,189.3996,0.0184,0.0,99.8957,203.3568,48.9052,-16.9091,0.0,0.0001,1.8363,0.0011,6.5793,35.3369,7.9768,27.5421,36.4361
466.0,937.0,8.0376,36.9715,98.68,189.5948,0.0195,0.0,99.8871,203.3568,48.9052,-16.9091,0.0,0.0001,1.8374,0.0005,6.5907,35.3295,7.9376,27.5422,36.4381
467.0,939.0,7.9824,36.9119,98.68,189.6528,0.0198,0.0,99.8998,203.3569,48.9052,-16.9091,0.0,0.0001,1.8366,-0.0003,6.6098,35.3204,7.8825,27.5433,36.4418
468.0,941.0,7.9083,36.8322,98.68,190.9178,0.0206,0.0,99.8885,203.3569,48.9052,-16.9092,0.0,0.0001,1.8389,0.0011,6.6167,35.3082,7.8087,27.5448,36.4468
469.0,943.0,7.8547,36.7751,98.68,191.9196,0.0226,0.0,99.8906,203.3569,48.9052,-16.9091,0.0,0.0001,1.8422,0.0018,6.6255,35.2999,7.7553,27.5462,36.4507
470.0,945.0,7.8171,36.7367,98.68,191.8219,0.0226,0.0,99.8978,203.3569,48.9052,-16.9092,0.0,0.0001,1.8435,0.0007,6.6312,35.2958,7.7178,27.5485,36.4548
471.0,947.0,7.7671,36.6823,98.68,192.4393,0.0187,0.0,99.8906,203.357,48.9051,-16.9092,0.0,0.0001,1.8437,0.0008,6.6399,35.2865,7.6679,27.5485,36.4572
472.0,949.0,7.7046,36.6179,98.68,193.3555,0.0193,0.0,99.8713,203.357,48.9051,-16.9092,0.0,0.0001,1.8498,0.0014,6.6453,35.2791,7.6056,27.5519,36.4635
473.0,951.0,7.6816,36.5935,98.68,193.7632,0.0239,0.0,99.8891,203.357,48.9051,-16.9092,0.0,0.0001,1.8512,0.001,6.6515,35.2752,7.5825,27.5522,36.465
474.0,953.0,7.6447,36.5544,98.68,193.7844,0.0234,0.0001,99.888,203.3571,48.9051,-16.9092,0.0,0.0001,1.8523,0.0002,6.661,35.2691,7.5456,27.5528,36.4673
475.0,955.0,7.5812,36.4854,98.68,194.2071,0.0269,0.0,99.887,203.3571,48.9051,-16.9092,0.0,0.0001,1.8533,0.0005,6.6646,35.2576,7.4824,27.553,36.4706
476.0,957.0,7.5499,36.4544,98.68,194.6692,0.0217,0.0,99.8978,203.3571,48.9051,-16.9092,0.0,0.0001,1.8551,0.0006,6.6705,35.2547,7.4511,27.5553,36.4744
477.0,959.0,7.5146,36.4179,98.68,195.0741,0.0217,0.0,99.8978,203.3571,48.9051,-16.9092,0.0,0.0001,1.8559,0.0006,6.6744,35.25,7.4159,27.5566,36.4774
478.0,961.0,7.5029,36.4064,98.68,195.1997,0.0174,0.0,99.8978,203.3572,48.9051,-16.9092,0.0,0.0001,1.8571,0.0005,6.6756,35.2485,7.4041,27.5572,36.4785
479.0,963.0,7.4725,36.3744,98.68,195.8216,0.0199,0.0,99.8978,203.3572,48.9051,-16.9092,0.0,0.0001,1.8601,0.0012,6.6722,35.2435,7.3736,27.5576,36.4805
480.0,965.0,7.5133,36.423,98.68,195.4824,0.0199,0.0,99.9003,203.3572,48.9051,-16.9092,0.0,0.0001,1.8604,0.0,6.6766,35.254,7.4139,27.56,36.4808
481.0,967.0,7.5222,36.4159,98.68,193.4634,0.0206,0.0,99.8978,203.3573,48.9051,-16.9092,0.0,0.0001,1.8554,-0.0029,6.6795,35.2363,7.4226,27.5449,36.4656
482.0,969.0,7.3463,36.2417,98.68,195.9118,0.0218,0.0,99.8978,203.3573,48.9051,-16.9092,0.0,0.0001,1.8581,0.0009,6.681,35.224,7.2477,27.5603,36.4892
483.0,971.0,7.3031,36.2019,98.68,196.1559,0.0213,0.0,99.9031,203.3573,48.9051,-16.9092,0.0,0.0001,1.8582,-0.0004,6.7154,35.2236,7.2046,27.5661,36.497
484.0,973.0,7.2314,36.1219,98.68,198.3084,0.0225,0.0,99.8978,203.3573,48.9051,-16.9092,0.0,0.0001,1.8608,0.0027,6.713,35.2081,7.1332,27.5641,36.4985
485.0,975.0,7.2217,36.1202,98.68,199.0618,0.0212,0.0,99.9053,203.3574,48.9051,-16.9092,0.0,0.0001,1.8665,0.0029,6.7136,35.215,7.1234,27.5709,36.5057
486.0,977.0,7.2666,36.1751,98.68,198.2981,0.0222,0.0,99.9009,203.3574,48.9051,-16.9092,0.0,0.0001,1.8682,0.0008,6.713,35.2283,7.1677,27.5751,36.5076
487.0,979.0,7.2504,36.1553,98.68,197.4758,0.0199,0.0,99.9132,203.3574,48.9051,-16.9092,0.0,0.0001,1.8673,-0.0007,6.7135,35.2223,7.1514,27.5727,36.5061
488.0,981.0,7.2383,36.1476,98.68,197.9306,0.0176,0.0,99.9151,203.3574,48.905,-16.9092,0.0,0.0001,1.8675,0.0001,6.7116,35.2253,7.1392,27.5768,36.5107
489.0,983.0,7.2652,36.1786,98.68,198.2654,0.0194,0.0,99.9252,203.3575,48.905,-16.9092,0.0,0.0001,1.8692,0.0005,6.7068,35.2308,7.1657,27.5774,36.51
490.0,985.0,7.2892,36.207,98.68,197.4353,0.0224,0.0,99.9167,203.3575,48.905,-16.9092,0.0,0.0001,1.8698,0.0001,6.6775,35.2365,7.1892,27.5785,36.5099
491.0,987.0,7.4007,36.3374,98.68,198.0173,0.0207,0.0,99.933,203.3575,48.905,-16.9092,0.0,0.0001,1.8681,0.0006,6.6805,35.2644,7.2997,27.5847,36.5106
492.0,989.0,7.5499,36.5122,98.68,193.8715,0.0236,0.0,99.9267,203.3575,48.905,-16.9092,0.0,0.0001,1.8627,-0.0047,6.67,35.302,7.4475,27.593,36.5116
493.0,991.0,7.5526,36.5152,98.68,195.595,0.0201,0.0,99.9444,203.3576,48.905,-16.9093,0.0,0.0001,1.8615,-0.0002,6.6523,35.3019,7.45,27.5926,36.511
494.0,993.0,7.5691,36.5354,98.68,194.5584,0.021,0.0,99.9236,203.3576,48.905,-16.9093,0.0,0.0001,1.8593,-0.0009,6.6356,35.3062,7.4661,27.5935,36.5112
495.0,995.0,7.7167,36.7112,98.68,192.9791,0.0188,0.0,99.9331,203.3576,48.905,-16.9093,0.0,0.0001,1.8559,-0.0021,6.6255,35.3459,7.6124,27.6035,36.5138
496.0,997.0,7.804,36.8153,98.68,192.2886,0.0174,0.0,99.9299,203.3577,48.905,-16.9093,0.0,0.0001,1.8483,-0.0022,6.6293,35.3689,7.6988,27.6088,36.5149
497.0,999.0,7.8078,36.8191,98.68,192.5626,0.0198,0.0,99.9374,203.3577,48.905,-16.9093,0.0,0.0001,1.8474,-0.0004,6.6123,35.3685,7.7024,27.6079,36.5138
498.0,1001.0,7.8931,36.925,98.68,191.4359,0.0214,0.0,99.9463,203.3577,48.905,-16.9093,0.0,0.0001,1.8433,-0.0017,6.6117,35.3952,7.7868,27.6164,36.5181
499.0,1003.0,7.8917,36.9226,98.68,191.6077,0.0201,0.0,99.9212,203.3578,48.905,-16.9093,0.0,0.0001,1.8404,-0.0004,6.6066,35.3934,7.7852,27.6152,36.517
500.0,1005.0,7.8735,36.9039,98.68,191.7533,0.0232,0.0,99.9171,203.3579,48.9049,-16.9093,0.0,0.0001,1.8399,0.0,6.6084,35.3905,7.7668,27.6157,36.5183
501.0,1007.0,7.8633,36.8946,98.68,191.7686,0.0185,0.0,99.8939,203.358,48.9049,-16.9093,0.0,0.0001,1.8397,0.0,6.6085,35.3898,7.7566,27.6166,36.5198
502.0,1009.0,7.8693,36.9025,98.68,191.8056,0.0209,0.0001,99.8515,203.3582,48.9048,-16.9094,0.0,0.0001,1.8399,0.0,6.6081,35.3914,7.7622,27.6171,36.5199
503.0,1011.0,7.8823,36.9224,98.68,191.8468,0.0209,0.0001,99.7501,203.3588,48.9047,-16.9096,0.0,0.0001,1.8397,0.0,6.6083,35.3988,7.7749,27.621,36.5232
