Datacycle,press,temp,cond,alt,oxygen,fluor,atten,trans,jday,lat,lon,PAR,UPAR,oxV,oxdVdt,oxysat,salin,potemp,sigma0,sigma2
1.0,1.0,15.3494,43.9034,42.6698,240.3635,0.2762,0.0034,91.9443,213.3123,48.7205,-16.5519,0.0,0.0001,2.6841,-0.0011,5.6281,35.5812,15.3492,26.3425,34.938
2.0,3.0,15.3493,43.9042,28.2911,241.4323,0.3367,0.0033,92.0431,213.3123,48.7204,-16.5519,0.0,0.0001,2.69,0.0005,5.6281,35.5813,15.3488,26.3427,34.9382
3.0,5.0,15.3496,43.9054,39.9411,241.5919,0.3394,0.0022,94.678,213.3125,48.7204,-16.5519,0.0,0.0001,2.6921,0.0001,5.628,35.5814,15.3489,26.3428,34.9383
4.0,7.0,15.3496,43.9064,79.5684,241.9035,0.3788,0.0021,94.8658,213.3126,48.7204,-16.5519,0.0,0.0001,2.6941,0.0002,5.628,35.5814,15.3485,26.3428,34.9384
5.0,9.0,15.3496,43.9071,98.71,242.3579,0.3744,0.0021,94.9112,213.3128,48.7203,-16.5519,0.0,0.0001,2.6974,0.0004,5.628,35.5813,15.3482,26.3428,34.9384
6.0,11.0,15.3479,43.9063,98.71,242.5401,0.4003,0.0021,94.8978,213.3128,48.7203,-16.5518,0.0,0.0001,2.6985,0.0002,5.6282,35.5814,15.3462,26.3434,34.939
7.0,13.0,15.3484,43.908,98.71,242.3684,0.4667,0.0021,94.9067,213.3129,48.7203,-16.5518,0.0,0.0001,2.6973,-0.0002,5.6282,35.5815,15.3463,26.3435,34.939
8.0,15.0,15.3486,43.9091,98.71,242.3411,0.4878,0.0021,94.915,213.313,48.7203,-16.5518,0.0,0.0001,2.6971,-0.0002,5.6282,35.5815,15.3462,26.3434,34.939
9.0,17.0,15.3478,43.9092,98.71,242.6316,0.4982,0.0021,94.9109,213.3131,48.7202,-16.5518,0.0,0.0001,2.6972,0.0004,5.6283,35.5814,15.3451,26.3436,34.9392
10.0,19.0,15.3489,43.9112,98.71,242.6646,0.511,0.0021,94.9252,213.3132,48.7202,-16.5518,0.0,0.0001,2.6984,-0.0002,5.6282,35.5814,15.3459,26.3434,34.9391
11.0,21.0,15.3488,43.9132,98.71,242.6691,0.5004,0.0021,94.953,213.3133,48.7202,-16.5518,0.0,0.0001,2.6976,0.0,5.6282,35.5825,15.3455,26.3444,34.94
12.0,23.0,15.3489,43.9139,93.482,242.3315,0.5097,0.0021,94.9662,213.3133,48.7202,-16.5518,0.0,0.0001,2.6954,-0.0008,5.6281,35.5824,15.3453,26.3443,34.9399
13.0,25.0,15.3489,43.9148,96.7603,242.503,0.5076,0.0021,94.9644,213.3134,48.7202,-16.5518,0.0,0.0001,2.6944,0.0,5.6281,35.5824,15.345,26.3444,34.94
14.0,27.0,15.3491,43.9168,95.6941,241.9867,0.5098,0.0021,94.9774,213.3135,48.7202,-16.5518,0.0,0.0001,2.6917,-0.0007,5.6281,35.5831,15.3449,26.345,34.9406
15.0,29.0,15.345,43.9144,98.7474,242.0374,0.5055,0.0021,94.9864,213.3135,48.7201,-16.5517,0.0,0.0001,2.6888,-0.0001,5.629,35.5841,15.3406,26.3467,34.9424
16.0,31.0,15.3339,43.9092,95.4369,241.9451,0.5119,0.002,95.0229,213.3136,48.7201,-16.5517,0.0,0.0001,2.6882,0.0,5.6286,35.5887,15.3292,26.3528,34.9489
17.0,33.0,15.3458,43.9175,95.3592,242.1516,0.5158,0.002,94.999,213.3137,48.7201,-16.5517,0.0,0.0001,2.6888,0.0002,5.6285,35.5844,15.3408,26.3469,34.9426
18.0,35.0,15.347,43.9188,96.2153,242.1733,0.5182,0.0021,94.9947,213.3138,48.7201,-16.5517,0.0,0.0001,2.6891,-0.0004,5.6299,35.5836,15.3416,26.3461,34.9419
19.0,37.0,15.2832,43.8631,95.4667,241.1273,0.5085,0.002,95.2036,213.3139,48.7201,-16.5517,0.0,0.0001,2.6788,-0.0023,5.6438,35.5902,15.2775,26.3655,34.9634
20.0,39.0,14.9898,43.6025,93.3302,239.4307,0.4236,0.0015,96.4091,213.3139,48.72,-16.5517,0.0,0.0001,2.6563,-0.0022,5.6662,35.6189,14.9838,26.4529,35.0609
21.0,41.0,14.6744,43.3415,98.7073,233.2335,0.3738,0.0013,96.8101,213.314,48.72,-16.5517,0.0,0.0001,2.6101,-0.017,5.7393,35.6677,14.6683,26.5594,35.1782
22.0,43.0,14.1946,42.9561,98.5928,233.7746,0.2989,0.0011,97.2258,213.3141,48.72,-16.5517,0.0,0.0001,2.5807,-0.0027,5.7503,35.7527,14.1883,26.729,35.3641
23.0,45.0,13.9468,42.761,98.71,229.006,0.22,0.0008,98.0594,213.3141,48.72,-16.5517,0.0,0.0001,2.5406,-0.0065,5.7721,35.8001,13.9403,26.8183,35.4619
24.0,47.0,13.9121,42.7389,98.6983,230.6565,0.1745,0.0007,98.2042,213.3142,48.72,-16.5517,0.0,0.0001,2.5376,-0.0017,5.7962,35.8111,13.9054,26.8342,35.4789
25.0,49.0,13.7214,42.5641,98.6995,229.7488,0.1198,0.0006,98.4987,213.3143,48.7199,-16.5517,0.0,0.0001,2.5235,-0.0011,5.8099,35.8241,13.7143,26.8845,35.5361
26.0,51.0,13.7001,42.5453,98.6993,229.5427,0.1059,0.0005,98.6604,213.3143,48.7199,-16.5517,0.0,0.0001,2.5218,-0.0006,5.806,35.8256,13.6929,26.8901,35.5426
27.0,53.0,13.6704,42.5155,98.6992,230.0998,0.096,0.0005,98.6675,213.3144,48.7199,-16.5516,0.0,0.0001,2.5237,0.0002,5.8085,35.8244,13.6628,26.8955,35.5491
28.0,55.0,13.6597,42.5017,98.7035,229.8615,0.0826,0.0004,98.885,213.3145,48.7199,-16.5516,0.0,0.0001,2.5196,-0.0005,5.8185,35.8204,13.6518,26.8947,35.5487
29.0,57.0,13.5948,42.4265,98.71,229.7485,0.073,0.0004,98.9757,213.3145,48.7199,-16.5516,0.0,0.0001,2.5164,-0.0002,5.8226,35.8095,13.5867,26.8998,35.5564
30.0,59.0,13.5619,42.3929,98.71,229.753,0.0712,0.0004,99.0144,213.3146,48.7199,-16.5516,0.0,0.0001,2.5134,-0.0007,5.8347,35.8078,13.5535,26.9054,35.5633
31.0,61.0,13.4677,42.2788,98.71,229.5431,0.0684,0.0004,99.0494,213.3147,48.7198,-16.5516,0.0,0.0001,2.5097,-0.0005,5.8382,35.7874,13.4591,26.9092,35.5709
32.0,63.0,13.4322,42.2416,98.697,229.6879,0.07,0.0004,99.0686,213.3147,48.7198,-16.5516,0.0,0.0001,2.5097,-0.0003,5.839,35.7848,13.4234,26.9146,35.5777
33.0,65.0,13.3773,42.1823,98.7023,229.3586,0.0656,0.0003,99.147,213.3148,48.7198,-16.5516,0.0,0.0001,2.5041,-0.0007,5.8501,35.7791,13.3681,26.9216,35.5868
34.0,67.0,13.3974,42.2044,98.68,229.3217,0.0623,0.0003,99.1856,213.3149,48.7198,-16.5516,0.0,0.0001,2.502,-0.0004,5.8527,35.7806,13.388,26.9186,35.5831
35.0,69.0,13.3578,42.1611,98.7055,229.164,0.0573,0.0003,99.2029,213.3149,48.7198,-16.5516,0.0,0.0001,2.4998,-0.0004,5.8537,35.7757,13.3481,26.923,35.5891
36.0,71.0,13.3409,42.144,98.705,229.1726,0.0528,0.0003,99.241,213.315,48.7198,-16.5516,0.0,0.0001,2.4982,-0.0001,5.8552,35.7745,13.3309,26.9256,35.5923
37.0,73.0,13.3149,42.1162,98.6975,229.0819,0.051,0.0003,99.2666,213.3151,48.7198,-16.5516,0.0,0.0001,2.497,-0.0003,5.8564,35.7715,13.3047,26.9287,35.5965
38.0,75.0,13.3064,42.1075,98.6955,229.1898,0.0479,0.0003,99.2961,213.3151,48.7197,-16.5516,0.0,0.0001,2.4966,0.0,5.8577,35.7707,13.296,26.9299,35.598
39.0,77.0,13.2811,42.0799,98.71,229.2745,0.0458,0.0003,99.3348,213.3152,48.7197,-16.5516,0.0,0.0001,2.4952,0.0001,5.8627,35.7671,13.2703,26.9324,35.6015
40.0,79.0,13.2746,42.074,98.71,229.5265,0.046,0.0003,99.3153,213.3153,48.7197,-16.5516,0.0,0.0001,2.4965,0.0,5.864,35.7667,13.2636,26.9334,35.6028
41.0,81.0,13.2534,42.0508,98.695,229.7814,0.0435,0.0003,99.3315,213.3154,48.7197,-16.5516,0.0,0.0001,2.4973,0.0,5.8671,35.7638,13.2421,26.9356,35.6058
42.0,83.0,13.2295,42.0254,98.7073,229.4091,0.0435,0.0003,99.362,213.3154,48.7197,-16.5515,0.0,0.0001,2.4945,-0.0007,5.8701,35.7614,13.218,26.9387,35.6099
43.0,85.0,13.219,42.0152,98.7071,229.5757,0.0371,0.0002,99.3729,213.3155,48.7197,-16.5515,0.0,0.0001,2.4939,-0.0002,5.8714,35.7607,13.2072,26.9403,35.6119
44.0,87.0,13.1828,41.9776,98.705,229.4117,0.0343,0.0002,99.3968,213.3156,48.7197,-16.5515,0.0,0.0001,2.4918,-0.0005,5.8745,35.758,13.1707,26.9457,35.6187
45.0,89.0,13.1679,41.9616,98.705,229.3931,0.0316,0.0002,99.389,213.3156,48.7197,-16.5515,0.0,0.0001,2.4888,0.0,5.8789,35.7561,13.1556,26.9473,35.6209
46.0,91.0,13.133,41.9248,98.7064,229.0785,0.0287,0.0002,99.4107,213.3157,48.7196,-16.5515,0.0,0.0001,2.4861,-0.0004,5.8802,35.7529,13.1203,26.952,35.627
47.0,93.0,13.1279,41.9195,98.7053,229.4578,0.0292,0.0002,99.4301,213.3158,48.7196,-16.5515,0.0,0.0001,2.4868,0.0003,5.8818,35.7519,13.115,26.9523,35.6275
48.0,95.0,13.1136,41.9042,98.71,229.118,0.029,0.0002,99.4001,213.3159,48.7196,-16.5515,0.0,0.0001,2.4856,-0.0006,5.8819,35.7501,13.1005,26.9539,35.6297
49.0,97.0,13.1053,41.8975,98.71,229.3357,0.028,0.0002,99.4105,213.3159,48.7196,-16.5515,0.0,0.0001,2.485,0.0001,5.8838,35.7505,13.0918,26.9559,35.632
50.0,99.0,13.1025,41.8953,98.7075,228.7085,0.0282,0.0002,99.4305,213.316,48.7196,-16.5515,0.0,0.0001,2.4798,-0.0006,5.8858,35.7501,13.0887,26.9563,35.6325
51.0,101.0,13.0903,41.8828,98.71,227.3477,0.0251,0.0002,99.4339,213.3161,48.7196,-16.5515,0.0,0.0001,2.4702,-0.0019,5.8873,35.7488,13.0763,26.9578,35.6345
52.0,103.0,13.0865,41.8794,98.7024,227.7865,0.0259,0.0002,99.4189,213.3162,48.7195,-16.5515,0.0,0.0001,2.4691,-0.0001,5.8884,35.7482,13.0722,26.9582,35.6351
53.0,105.0,13.0715,41.8633,98.71,227.97,0.0248,0.0002,99.3978,213.3163,48.7195,-16.5514,0.0,0.0001,2.469,0.0003,5.8906,35.7462,13.057,26.9597,35.6372
54.0,107.0,13.0583,41.8491,98.71,227.8224,0.0252,0.0002,99.3984,213.3164,48.7195,-16.5514,0.0,0.0001,2.4682,-0.0004,5.8909,35.7442,13.0435,26.9609,35.6389
55.0,109.0,13.0518,41.8428,98.7014,228.3313,0.0237,0.0002,99.4022,213.3165,48.7195,-16.5514,0.0,0.0001,2.4688,0.0009,5.8918,35.7434,13.0367,26.9617,35.64
56.0,111.0,13.0517,41.8434,98.7032,228.0601,0.0252,0.0002,99.3796,213.3165,48.7195,-16.5514,0.0,0.0001,2.4692,-0.0003,5.8925,35.7433,13.0363,26.9617,35.64
57.0,113.0,13.0282,41.8181,98.71,228.2517,0.0261,0.0003,99.3659,213.3166,48.7195,-16.5514,0.0,0.0001,2.4684,0.0001,5.8939,35.7402,13.0125,26.9641,35.6434
58.0,115.0,13.0365,41.8278,98.7046,227.8369,0.0274,0.0003,99.363,213.3167,48.7195,-16.5514,0.0,0.0001,2.4659,-0.0007,5.8947,35.7411,13.0206,26.9632,35.6421
59.0,117.0,13.0139,41.8034,98.7043,228.001,0.0252,0.0003,99.3475,213.3168,48.7194,-16.5514,0.0,0.0001,2.4647,0.0001,5.8963,35.7381,12.9977,26.9654,35.6453
60.0,119.0,12.9971,41.785,98.7062,227.9537,0.0232,0.0003,99.3469,213.3168,48.7194,-16.5514,0.0,0.0001,2.4642,-0.0005,5.8996,35.7354,12.9807,26.9668,35.6473
61.0,121.0,12.9867,41.7739,98.7058,228.2651,0.024,0.0003,99.3435,213.3169,48.7194,-16.5514,0.0,0.0001,2.4647,0.0002,5.9006,35.734,12.97,26.9678,35.6488
62.0,123.0,12.9699,41.7555,98.705,228.2992,0.0326,0.0003,99.3386,213.3169,48.7194,-16.5514,0.0,0.0001,2.4646,-0.0002,5.9023,35.7313,12.953,26.9692,35.6509
63.0,125.0,12.9601,41.7454,98.7048,228.3716,0.0284,0.0003,99.3271,213.317,48.7194,-16.5514,0.0,0.0001,2.4642,0.0001,5.9022,35.7297,12.9428,26.97,35.6521
64.0,127.0,12.9613,41.747,98.695,228.2512,0.0252,0.0003,99.3175,213.3171,48.7194,-16.5513,0.0,0.0001,2.4631,-0.0002,5.9035,35.7294,12.9438,26.9696,35.6517
65.0,129.0,12.9521,41.7384,98.695,228.3955,0.0224,0.0003,99.3204,213.3172,48.7194,-16.5513,0.0,0.0001,2.4635,-0.0001,5.9037,35.7289,12.9343,26.9711,35.6535
66.0,131.0,12.9444,41.7302,98.71,227.8978,0.0243,0.0003,99.3174,213.3172,48.7193,-16.5513,0.0,0.0001,2.4604,-0.001,5.905,35.7276,12.9263,26.9717,35.6545
67.0,133.0,12.9371,41.7236,98.707,228.4374,0.0237,0.0003,99.3057,213.3173,48.7193,-16.5513,0.0,0.0001,2.4611,0.0002,5.9072,35.7273,12.9187,26.9731,35.6561
68.0,135.0,12.9077,41.6905,98.71,229.9007,0.0251,0.0003,99.2915,213.3173,48.7193,-16.5513,0.0,0.0001,2.4684,0.002,5.9112,35.7225,12.8891,26.9753,35.6595
69.0,137.0,12.893,41.6747,98.7009,229.7211,0.0249,0.0003,99.2897,213.3174,48.7193,-16.5513,0.0,0.0001,2.4699,0.0001,5.9138,35.7204,12.8742,26.9767,35.6615
70.0,139.0,12.8479,41.6228,98.71,230.0748,0.0268,0.0003,99.2848,213.3175,48.7193,-16.5513,0.0,0.0001,2.4714,0.0001,5.9165,35.7122,12.8288,26.9794,35.6661
71.0,141.0,12.8442,41.6187,98.7029,229.8406,0.0233,0.0003,99.2587,213.3175,48.7193,-16.5513,0.0,0.0001,2.4695,-0.0004,5.9202,35.7111,12.8249,26.9794,35.6662
72.0,143.0,12.8175,41.5897,98.71,229.6393,0.0238,0.0003,99.2626,213.3176,48.7193,-16.5513,0.0,0.0001,2.4665,-0.0004,5.9207,35.7076,12.7979,26.982,35.67
73.0,145.0,12.8192,41.5918,98.71,229.6938,0.0236,0.0003,99.2662,213.3177,48.7192,-16.5513,0.0,0.0001,2.4658,-0.0004,5.9245,35.7072,12.7994,26.9814,35.6693
74.0,147.0,12.7774,41.5453,98.705,229.0799,0.0279,0.0003,99.2626,213.3177,48.7192,-16.5513,0.0,0.0001,2.4607,-0.0009,5.9263,35.7011,12.7573,26.9851,35.6747
75.0,149.0,12.7722,41.5396,98.7075,229.0938,0.0252,0.0003,99.2614,213.3178,48.7192,-16.5513,0.0,0.0001,2.458,-0.0003,5.9291,35.6996,12.7518,26.9851,35.6749
76.0,151.0,12.7494,41.5136,98.705,228.9148,0.0229,0.0003,99.2626,213.3179,48.7192,-16.5513,0.0,0.0001,2.4554,-0.0003,5.932,35.6955,12.7288,26.9865,35.6773
77.0,153.0,12.7238,41.4847,98.7031,228.7856,0.0229,0.0003,99.2394,213.3179,48.7192,-16.5512,0.0,0.0001,2.4541,-0.0006,5.9337,35.6911,12.703,26.9882,35.68
78.0,155.0,12.7012,41.4596,98.7037,228.8523,0.023,0.0003,99.2337,213.318,48.7192,-16.5512,0.0,0.0001,2.4516,0.0,5.9371,35.6872,12.6801,26.9897,35.6825
79.0,157.0,12.6808,41.436,98.6987,228.1572,0.0229,0.0003,99.2289,213.3181,48.7192,-16.5512,0.0,0.0001,2.447,-0.0011,5.9402,35.683,12.6595,26.9906,35.6842
80.0,159.0,12.6636,41.4176,98.6993,227.919,0.0224,0.0003,99.2287,213.3181,48.7191,-16.5512,0.0,0.0001,2.4434,-0.0009,5.9427,35.6808,12.642,26.9924,35.6867
81.0,161.0,12.6429,41.3947,98.6987,228.4636,0.0255,0.0003,99.2211,213.3182,48.7191,-16.5512,0.0,0.0001,2.4439,0.0004,5.9442,35.6775,12.6211,26.994,35.6891
82.0,163.0,12.6166,41.3656,98.7005,228.222,0.0261,0.0003,99.2246,213.3183,48.7191,-16.5512,0.0,0.0001,2.4423,-0.0002,5.9448,35.6733,12.5944,26.996,35.6922
83.0,165.0,12.6189,41.3674,98.71,227.986,0.0238,0.0003,99.2337,213.3183,48.7191,-16.5512,0.0,0.0001,2.4406,-0.001,5.9483,35.6722,12.5966,26.9947,35.6909
84.0,167.0,12.5896,41.3362,98.7017,228.6479,0.0253,0.0003,99.2167,213.3184,48.7191,-16.5512,0.0,0.0001,2.443,0.0002,5.95,35.6689,12.567,26.9981,35.6955
85.0,169.0,12.5675,41.3113,98.705,228.5682,0.0259,0.0003,99.2211,213.3185,48.7191,-16.5512,0.0,0.0001,2.4417,-0.0002,5.9533,35.6646,12.5446,26.9992,35.6975
86.0,171.0,12.5506,41.293,98.7073,228.5737,0.0259,0.0003,99.2112,213.3185,48.7191,-16.5512,0.0,0.0001,2.4408,-0.0004,5.9581,35.6625,12.5275,27.0009,35.6999
87.0,173.0,12.5082,41.2456,98.7088,228.1728,0.0258,0.0003,99.1857,213.3186,48.719,-16.5512,0.0,0.0001,2.4363,-0.0006,5.9598,35.6558,12.4848,27.0041,35.7048
88.0,175.0,12.5115,41.2506,98.6897,227.78,0.0257,0.0003,99.1969,213.3187,48.719,-16.5512,0.0,0.0001,2.4328,-0.0008,5.9612,35.6567,12.4879,27.0042,35.7048
89.0,177.0,12.496,41.2339,98.6982,228.0911,0.0276,0.0003,99.1836,213.3187,48.719,-16.5512,0.0,0.0001,2.4328,-0.0001,5.9642,35.6544,12.4722,27.0056,35.7068
90.0,179.0,12.4822,41.219,98.7076,228.0766,0.0258,0.0003,99.1808,213.3188,48.719,-16.5512,0.0,0.0001,2.4319,-0.0003,5.9663,35.6522,12.458,27.0066,35.7084
91.0,181.0,12.4628,41.1972,98.7062,227.334,0.0258,0.0003,99.1645,213.3189,48.719,-16.5512,0.0,0.0001,2.4262,-0.0009,5.9697,35.6486,12.4384,27.0077,35.7103
92.0,183.0,12.4483,41.1798,98.7058,227.1325,0.0286,0.0003,99.1688,213.3189,48.719,-16.5512,0.0,0.0001,2.4235,-0.0009,5.968,35.6449,12.4238,27.0077,35.7109
93.0,185.0,12.4051,41.1295,98.71,227.9168,0.0282,0.0003,99.1489,213.319,48.719,-16.5512,0.0,0.0001,2.4258,0.0006,5.9722,35.6361,12.3803,27.0094,35.7145
94.0,187.0,12.4063,41.1316,98.7025,227.9167,0.0302,0.0003,99.1485,213.3191,48.7189,-16.5512,0.0,0.0001,2.4248,0.0,5.9768,35.6361,12.3812,27.0093,35.7143
95.0,189.0,12.3699,41.0927,98.695,228.7299,0.0308,0.0003,99.1456,213.3191,48.7189,-16.5512,0.0,0.0001,2.4283,0.0007,5.9822,35.6321,12.3446,27.0133,35.7199
96.0,191.0,12.3409,41.0591,98.705,228.6312,0.0276,0.0003,99.1471,213.3192,48.7189,-16.5511,0.0,0.0001,2.4294,-0.0007,5.9843,35.6262,12.3153,27.0144,35.7222
97.0,193.0,12.333,41.0514,98.7044,228.3697,0.0255,0.0003,99.1564,213.3193,48.7189,-16.5511,0.0,0.0001,2.4273,-0.0004,5.9828,35.6256,12.3072,27.0156,35.7237
98.0,195.0,12.3365,41.0563,98.7055,227.7745,0.0273,0.0003,99.176,213.3193,48.7189,-16.5511,0.0,0.0001,2.4228,-0.0013,5.9849,35.626,12.3104,27.0153,35.7232
99.0,197.0,12.3268,41.0475,98.71,225.5974,0.0263,0.0003,99.1794,213.3194,48.7189,-16.5511,0.0,0.0001,2.4087,-0.0036,5.9869,35.6258,12.3005,27.017,35.7253
100.0,199.0,12.3161,41.0407,98.7041,220.5001,0.0289,0.0003,99.1886,213.3195,48.7188,-16.5511,0.0,0.0001,2.3698,-0.0051,5.9873,35.6283,12.2895,27.0212,35.7299
101.0,201.0,12.3134,41.0383,98.7011,220.6668,0.0242,0.0003,99.175,213.3195,48.7188,-16.5511,0.0,0.0001,2.3616,-0.0018,5.9887,35.6278,12.2865,27.0213,35.7302
102.0,203.0,12.292,41.015,98.6953,219.5076,0.0279,0.0003,99.1847,213.3196,48.7188,-16.5511,0.0,0.0001,2.3498,-0.0015,5.9919,35.6246,12.2648,27.0231,35.7328
103.0,205.0,12.2699,40.9902,98.6926,220.3139,0.0245,0.0003,99.1614,213.3197,48.7188,-16.5511,0.0,0.0001,2.3514,0.0005,5.9922,35.6206,12.2425,27.0243,35.735
104.0,207.0,12.2638,40.9837,98.7025,220.7388,0.0239,0.0003,99.1764,213.3197,48.7188,-16.5511,0.0,0.0001,2.3521,0.0007,5.9999,35.6195,12.2362,27.0247,35.7356
105.0,209.0,12.1926,40.9023,98.7023,221.7519,0.0239,0.0003,99.1628,213.3198,48.7187,-16.5511,0.0,0.0001,2.3605,0.0004,6.0021,35.6069,12.1648,27.0288,35.7427
106.0,211.0,12.192,40.8998,98.6995,222.848,0.0252,0.0003,99.1599,213.3199,48.7187,-16.5511,0.0,0.0001,2.3634,0.002,6.0094,35.6044,12.1641,27.027,35.741
107.0,213.0,12.1339,40.8357,98.6961,224.1813,0.0268,0.0003,99.1568,213.3199,48.7187,-16.5511,0.0,0.0001,2.3777,0.0013,6.0069,35.596,12.1056,27.0318,35.7482
108.0,215.0,12.1367,40.8407,98.6981,225.2177,0.0276,0.0003,99.1542,213.32,48.7187,-16.5511,0.0,0.0001,2.3803,0.0027,6.0106,35.5978,12.1083,27.0327,35.7489
109.0,217.0,12.1056,40.8047,98.698,227.2945,0.0279,0.0003,99.1375,213.32,48.7187,-16.5511,0.0,0.0001,2.3933,0.0036,6.0111,35.591,12.0769,27.0335,35.7511
110.0,219.0,12.1053,40.8055,98.6953,226.3979,0.0275,0.0003,99.1328,213.3201,48.7187,-16.5511,0.0,0.0001,2.3937,-0.0003,6.0205,35.5914,12.0764,27.0339,35.7515
111.0,221.0,12.0507,40.7446,98.6994,225.6788,0.0272,0.0003,99.1315,213.3201,48.7187,-16.5511,0.0,0.0001,2.3896,-0.0016,6.0248,35.583,12.0215,27.038,35.7578
112.0,223.0,12.0263,40.7173,98.6996,227.1454,0.0256,0.0003,99.1389,213.3202,48.7187,-16.5511,0.0,0.0001,2.3945,0.0011,6.0236,35.5788,11.9969,27.0394,35.7603
113.0,225.0,12.0199,40.711,98.7,227.6465,0.0237,0.0003,99.1355,213.3202,48.7186,-16.5511,0.0,0.0001,2.3966,0.0009,6.0321,35.5779,11.9904,27.0401,35.7612
114.0,227.0,11.9765,40.6623,98.7037,229.0531,0.0276,0.0003,99.1268,213.3203,48.7186,-16.5511,0.0,0.0001,2.4049,0.0022,6.0325,35.5708,11.9467,27.0429,35.7659
115.0,229.0,11.9657,40.6508,98.6983,228.6372,0.0279,0.0003,99.1301,213.3203,48.7186,-16.5511,0.0,0.0001,2.4055,0.0,6.0345,35.5691,11.9357,27.0437,35.7671
116.0,231.0,11.941,40.6248,98.705,229.8514,0.0288,0.0003,99.1375,213.3204,48.7186,-16.5511,0.0,0.0001,2.4115,0.0013,6.0353,35.5661,11.9107,27.0461,35.7706
117.0,233.0,11.9465,40.6335,98.7017,229.1988,0.0243,0.0003,99.1727,213.3204,48.7186,-16.5511,0.0,0.0001,2.4098,-0.0007,6.0379,35.5685,11.916,27.047,35.7712
118.0,235.0,11.9313,40.6207,98.6902,227.3482,0.0245,0.0003,99.1812,213.3205,48.7186,-16.5511,0.0,0.0001,2.3978,-0.0021,6.038,35.5696,11.9004,27.0508,35.7756
119.0,237.0,11.9306,40.6204,98.7055,227.2659,0.0241,0.0003,99.1853,213.3206,48.7186,-16.5511,0.0,0.0001,2.3934,-0.0009,6.0386,35.5691,11.8995,27.0506,35.7754
120.0,239.0,11.9297,40.6199,98.705,226.898,0.0227,0.0003,99.1843,213.3206,48.7186,-16.5511,0.0,0.0001,2.3895,-0.0012,6.039,35.5687,11.8984,27.0505,35.7755
121.0,241.0,11.9245,40.6154,98.7045,227.1149,0.0257,0.0003,99.1834,213.3206,48.7186,-16.5511,0.0,0.0001,2.389,-0.0005,6.0407,35.5683,11.8929,27.0512,35.7764
122.0,243.0,11.8989,40.5874,98.7,224.9269,0.024,0.0003,99.1832,213.3207,48.7186,-16.5511,0.0,0.0001,2.3814,-0.0042,6.0405,35.5644,11.8671,27.0532,35.7794
123.0,245.0,11.9001,40.5908,98.697,224.9952,0.0246,0.0003,99.183,213.3207,48.7185,-16.5511,0.0,0.0001,2.3756,-0.0024,6.0419,35.5659,11.8681,27.0542,35.7803
124.0,247.0,11.9077,40.6016,98.6997,224.3541,0.0243,0.0003,99.176,213.3208,48.7185,-16.5511,0.0,0.0001,2.3644,-0.0002,6.0414,35.568,11.8753,27.0544,35.7802
125.0,249.0,11.9079,40.6019,98.6905,223.5688,0.0187,0.0003,99.2049,213.3208,48.7185,-16.5511,0.0,0.0001,2.3626,-0.0025,6.0421,35.5676,11.8753,27.0541,35.7799
126.0,251.0,11.904,40.6004,98.6977,222.2506,0.0233,0.0003,99.2049,213.3209,48.7185,-16.5511,0.0,0.0001,2.3536,-0.0034,6.0415,35.5687,11.8712,27.0557,35.7817
127.0,253.0,11.9105,40.6094,98.698,221.4655,0.0242,0.0003,99.1928,213.3209,48.7185,-16.5511,0.0,0.0001,2.3451,-0.003,6.0385,35.5706,11.8775,27.056,35.7818
128.0,255.0,11.9508,40.6659,98.6945,216.2853,0.0257,0.0003,99.2145,213.321,48.7185,-16.5511,0.0,0.0001,2.314,-0.0073,6.0366,35.5864,11.9174,27.0606,35.7846
129.0,257.0,11.9407,40.6589,98.6942,219.2067,0.0224,0.0003,99.2106,213.321,48.7185,-16.5511,0.0,0.0001,2.3169,0.0012,6.0375,35.5882,11.9069,27.0641,35.7884
130.0,259.0,11.9382,40.6554,98.6973,218.1349,0.0219,0.0003,99.2049,213.3211,48.7185,-16.5511,0.0,0.0001,2.3147,-0.0023,6.0406,35.5867,11.9042,27.0634,35.7878
131.0,261.0,11.9123,40.6276,98.6971,217.8828,0.0228,0.0003,99.2286,213.3211,48.7184,-16.5511,0.0,0.0001,2.3106,-0.0014,6.0396,35.5831,11.878,27.0656,35.7911
132.0,263.0,11.9009,40.6158,98.6923,218.5708,0.02,0.0003,99.213,213.3211,48.7184,-16.551,0.0,0.0001,2.3115,0.0001,6.0425,35.5816,11.8664,27.0667,35.7927
133.0,265.0,11.869,40.5796,98.696,217.2902,0.0216,0.0003,99.2241,213.3212,48.7184,-16.5511,0.0,0.0001,2.3048,-0.0026,6.0511,35.5756,11.8344,27.0681,35.7955
134.0,267.0,11.8301,40.5366,98.6905,216.0277,0.0255,0.0003,99.2337,213.3212,48.7184,-16.551,0.0,0.0001,2.2953,-0.003,6.0493,35.5698,11.7953,27.071,35.8
135.0,269.0,11.8296,40.5373,98.6955,216.6012,0.0242,0.0003,99.2073,213.3213,48.7184,-16.551,0.0,0.0001,2.2931,-0.0006,6.0521,35.5701,11.7946,27.0715,35.8005
136.0,271.0,11.8175,40.5234,98.6839,215.8827,0.0204,0.0003,99.2337,213.3213,48.7184,-16.551,0.0,0.0001,2.2882,-0.0015,6.0541,35.5671,11.7822,27.0715,35.801
137.0,273.0,11.7979,40.5035,98.6925,216.8927,0.0247,0.0003,99.2049,213.3214,48.7184,-16.551,0.0,0.0001,2.2912,0.0004,6.0546,35.5652,11.7623,27.0738,35.8042
138.0,275.0,11.7979,40.5033,98.6904,216.1419,0.0209,0.0003,99.2015,213.3214,48.7184,-16.551,0.0,0.0001,2.2883,-0.0015,6.0602,35.5644,11.7621,27.0732,35.8036
139.0,277.0,11.7456,40.4457,98.6917,217.3233,0.0197,0.0003,99.2001,213.3215,48.7183,-16.551,0.0,0.0001,2.2906,0.0015,6.0575,35.5568,11.7096,27.0773,35.8099
140.0,279.0,11.7488,40.4508,98.6897,217.3304,0.0221,0.0003,99.2066,213.3215,48.7183,-16.551,0.0,0.0001,2.2911,0.0006,6.0645,35.5581,11.7126,27.0777,35.8101
141.0,281.0,11.7068,40.4043,98.6892,217.4343,0.0215,0.0003,99.2076,213.3216,48.7183,-16.551,0.0,0.0001,2.2936,-0.0005,6.0669,35.5515,11.6704,27.0805,35.8148
142.0,283.0,11.6956,40.3928,98.693,218.0229,0.0245,0.0003,99.2111,213.3216,48.7183,-16.551,0.0,0.0001,2.2949,0.0005,6.0685,35.55,11.6589,27.0816,35.8163
143.0,285.0,11.6989,40.3978,98.69,220.2156,0.0258,0.0003,99.2049,213.3217,48.7183,-16.551,0.0,0.0001,2.3039,0.004,6.0684,35.5508,11.662,27.0816,35.8162
144.0,287.0,11.6831,40.3829,98.6924,219.3353,0.0225,0.0003,99.2007,213.3217,48.7183,-16.551,0.0,0.0001,2.3061,0.0,6.0698,35.5504,11.6459,27.0844,35.8196
145.0,289.0,11.6806,40.3804,98.7025,219.5885,0.0269,0.0003,99.2337,213.3217,48.7183,-16.551,0.0,0.0001,2.3054,0.0006,6.0735,35.5496,11.6432,27.0842,35.8195
146.0,291.0,11.656,40.3539,98.6933,220.9192,0.0226,0.0003,99.2193,213.3218,48.7183,-16.551,0.0,0.0001,2.3103,0.0029,6.0725,35.5462,11.6184,27.0862,35.8226
147.0,293.0,11.6548,40.353,98.693,220.3552,0.0227,0.0003,99.208,213.3218,48.7183,-16.551,0.0,0.0001,2.3112,0.0001,6.0751,35.5458,11.617,27.0862,35.8227
148.0,295.0,11.6321,40.3279,98.6957,219.9451,0.022,0.0003,99.2212,213.3219,48.7182,-16.551,0.0,0.0001,2.3091,-0.0011,6.079,35.5418,11.5941,27.0874,35.8248
149.0,297.0,11.6064,40.3004,98.6952,220.4407,0.0226,0.0003,99.2049,213.3219,48.7182,-16.551,0.0,0.0001,2.31,0.0,6.0797,35.5382,11.5681,27.0895,35.828
150.0,299.0,11.6091,40.3043,98.6898,220.938,0.0187,0.0003,99.2143,213.322,48.7182,-16.551,0.0,0.0001,2.3115,0.0008,6.0821,35.5387,11.5706,27.0894,35.8278
151.0,301.0,11.5971,40.2922,98.6992,220.5468,0.0239,0.0003,99.2265,213.322,48.7182,-16.551,0.0,0.0001,2.3105,-0.0007,6.0839,35.5373,11.5583,27.0907,35.8296
152.0,303.0,11.5838,40.2776,98.6924,220.4031,0.0229,0.0003,99.2285,213.3221,48.7182,-16.551,0.0,0.0001,2.308,-0.0004,6.0853,35.5346,11.5447,27.0911,35.8306
153.0,305.0,11.5616,40.2544,98.6979,220.2353,0.0218,0.0003,99.2296,213.3221,48.7182,-16.5511,0.0,0.0001,2.3065,-0.0003,6.0863,35.5322,11.5223,27.0934,35.8339
154.0,307.0,11.5462,40.2377,98.6969,220.6832,0.024,0.0003,99.2301,213.3222,48.7182,-16.551,0.0,0.0001,2.3068,0.0003,6.0891,35.5297,11.5068,27.0944,35.8355
155.0,309.0,11.551,40.2464,98.705,221.3305,0.0248,0.0003,99.2314,213.3222,48.7182,-16.5511,0.0,0.0001,2.3098,0.0011,6.0887,35.5326,11.5112,27.0959,35.8367
156.0,311.0,11.5518,40.2479,98.6944,221.5821,0.0246,0.0003,99.224,213.3222,48.7182,-16.5511,0.0,0.0001,2.312,0.0007,6.09,35.5328,11.5118,27.0959,35.8367
157.0,313.0,11.5391,40.2357,98.6995,222.3095,0.0206,0.0003,99.2289,213.3223,48.7181,-16.5511,0.0,0.0001,2.3163,0.0012,6.0902,35.5318,11.4988,27.0976,35.8389
158.0,315.0,11.5387,40.2391,98.697,222.6827,0.0221,0.0003,99.2308,213.3223,48.7181,-16.5511,0.0,0.0001,2.32,0.0006,6.0911,35.5347,11.4982,27.0999,35.8413
159.0,317.0,11.5304,40.2314,98.6916,222.8535,0.0239,0.0003,99.2337,213.3224,48.7181,-16.5511,0.0,0.0001,2.3207,0.0004,6.0933,35.534,11.4896,27.101,35.8427
160.0,319.0,11.5143,40.2137,98.6868,222.4596,0.0245,0.0003,99.217,213.3224,48.7181,-16.5511,0.0,0.0001,2.3191,-0.0009,6.0983,35.5312,11.4733,27.1019,35.8443
161.0,321.0,11.4819,40.1791,98.68,221.4354,0.0254,0.0003,99.2299,213.3224,48.7181,-16.5511,0.0,0.0001,2.314,-0.0021,6.0959,35.5273,11.4407,27.1049,35.8487
162.0,323.0,11.4809,40.179,98.6988,221.941,0.023,0.0003,99.2325,213.3225,48.7181,-16.5511,0.0,0.0001,2.3126,-0.0003,6.0985,35.5273,11.4396,27.1052,35.849
163.0,325.0,11.4765,40.175,98.6892,221.3347,0.0222,0.0003,99.2337,213.3225,48.7181,-16.5511,0.0,0.0001,2.3095,-0.0014,6.0988,35.5268,11.4348,27.1056,35.8496
164.0,327.0,11.4757,40.1756,98.6927,221.6546,0.0216,0.0003,99.2318,213.3226,48.7181,-16.5511,0.0,0.0001,2.3088,-0.0002,6.099,35.5269,11.4338,27.106,35.85
165.0,329.0,11.4744,40.1754,98.6908,221.3844,0.0201,0.0003,99.2337,213.3226,48.7181,-16.5511,0.0,0.0001,2.3071,-0.0006,6.1003,35.5271,11.4322,27.1064,35.8505
166.0,331.0,11.4629,40.1638,98.6913,221.1595,0.0227,0.0003,99.2319,213.3226,48.7181,-16.5511,0.0,0.0001,2.3043,-0.0008,6.1023,35.5259,11.4205,27.1076,35.8522
167.0,333.0,11.4539,40.1548,98.7002,220.7873,0.0248,0.0003,99.2337,213.3227,48.7181,-16.5511,0.0,0.0001,2.3019,-0.0011,6.1023,35.5248,11.4113,27.1084,35.8534
168.0,335.0,11.4413,40.1424,98.6935,221.2467,0.0219,0.0003,99.2318,213.3227,48.7181,-16.5511,0.0,0.0001,2.3022,0.0,6.1029,35.5236,11.3984,27.11,35.8555
169.0,337.0,11.4452,40.1469,98.6842,220.5828,0.0227,0.0003,99.2337,213.3228,48.718,-16.5511,0.0,0.0001,2.2992,-0.0014,6.1045,35.5238,11.4021,27.1094,35.8548
170.0,339.0,11.4345,40.1379,98.6862,219.8424,0.0261,0.0003,99.2337,213.3228,48.718,-16.5511,0.0,0.0001,2.2953,-0.0019,6.1042,35.5241,11.3911,27.1117,35.8575
171.0,341.0,11.4398,40.1462,98.6923,220.7032,0.0237,0.0003,99.2242,213.3228,48.718,-16.5511,0.0,0.0001,2.2952,0.0005,6.1036,35.5262,11.3961,27.1124,35.858
172.0,343.0,11.4399,40.1472,98.6886,219.6369,0.0241,0.0003,99.2241,213.3229,48.718,-16.5511,0.0,0.0001,2.2915,-0.0021,6.1067,35.5263,11.3959,27.1125,35.8581
173.0,345.0,11.4201,40.1267,98.6877,220.4206,0.0184,0.0003,99.2337,213.3229,48.718,-16.5512,0.0,0.0001,2.291,0.0006,6.1058,35.5239,11.3759,27.1144,35.8608
174.0,347.0,11.4104,40.1174,98.6897,220.4947,0.022,0.0003,99.2184,213.323,48.718,-16.5512,0.0,0.0001,2.2913,0.0,6.1072,35.5231,11.366,27.1156,35.8624
175.0,349.0,11.4091,40.1162,98.7057,220.3202,0.0208,0.0003,99.2049,213.323,48.718,-16.5512,0.0,0.0001,2.2906,-0.0003,6.1072,35.5223,11.3645,27.1153,35.8622
176.0,351.0,11.3873,40.0943,98.6931,220.3206,0.0222,0.0003,99.2163,213.323,48.718,-16.5512,0.0,0.0001,2.29,-0.0002,6.1093,35.5207,11.3424,27.1181,35.8659
177.0,353.0,11.3938,40.1021,98.6969,219.9692,0.0231,0.0003,99.2086,213.3231,48.718,-16.5512,0.0,0.0001,2.2877,-0.001,6.1128,35.5215,11.3487,27.1175,35.8651
178.0,355.0,11.3674,40.0744,98.7042,219.849,0.024,0.0003,99.2267,213.3231,48.718,-16.5512,0.0,0.0001,2.2847,-0.0006,6.1154,35.5185,11.3222,27.1202,35.8688
179.0,357.0,11.3524,40.0576,98.6977,219.2591,0.025,0.0003,99.2134,213.3231,48.718,-16.5512,0.0,0.0001,2.2816,-0.0012,6.1147,35.5153,11.3069,27.1205,35.8698
180.0,359.0,11.3481,40.0543,98.6897,219.5918,0.0243,0.0003,99.2098,213.3232,48.718,-16.5512,0.0,0.0001,2.2805,-0.0002,6.1166,35.5153,11.3023,27.1213,35.8708
181.0,361.0,11.3426,40.0485,98.6852,219.3087,0.0191,0.0003,99.2149,213.3232,48.7179,-16.5512,0.0,0.0001,2.2784,-0.0005,6.1164,35.5138,11.2966,27.1212,35.871
182.0,363.0,11.3238,40.0281,98.6937,219.6438,0.0178,0.0003,99.2074,213.3232,48.7179,-16.5512,0.0,0.0001,2.2784,-0.0001,6.1214,35.5107,11.2776,27.1224,35.8729
183.0,365.0,11.3015,40.0031,98.6919,217.7366,0.0225,0.0003,99.2103,213.3233,48.7179,-16.5512,0.0,0.0001,2.268,-0.0023,6.1231,35.5065,11.2551,27.1232,35.8748
184.0,367.0,11.3008,40.0013,98.6831,215.9184,0.0216,0.0003,99.2176,213.3233,48.7179,-16.5512,0.0,0.0001,2.2576,-0.0048,6.1262,35.5048,11.2542,27.1221,35.8737
185.0,369.0,11.2557,39.9509,98.6883,215.1351,0.022,0.0003,99.2169,213.3234,48.7179,-16.5513,0.0,0.0001,2.2495,-0.0039,6.1254,35.4968,11.2089,27.1243,35.8778
186.0,371.0,11.2552,39.9507,98.6881,215.6726,0.0229,0.0003,99.2035,213.3234,48.7179,-16.5513,0.0,0.0001,2.2456,-0.0015,6.1321,35.4966,11.2082,27.1243,35.8778
187.0,373.0,11.2193,39.9115,98.6827,212.569,0.0238,0.0003,99.1625,213.3234,48.7179,-16.5513,0.0,0.0001,2.2279,-0.0046,6.1339,35.4911,11.1721,27.1266,35.8817
188.0,375.0,11.2038,39.8941,98.691,212.0435,0.0193,0.0003,99.2159,213.3235,48.7179,-16.5513,0.0,0.0001,2.2172,-0.0029,6.1391,35.4878,11.1564,27.1269,35.8827
189.0,377.0,11.1805,39.8693,98.6942,211.5334,0.023,0.0003,99.2114,213.3235,48.7179,-16.5513,0.0,0.0001,2.21,-0.0017,6.1385,35.4844,11.1329,27.1286,35.8854
190.0,379.0,11.1667,39.8549,98.6815,212.0391,0.0239,0.0003,99.1978,213.3236,48.7179,-16.5513,0.0,0.0001,2.2088,-0.0001,6.1409,35.4826,11.1188,27.1298,35.8872
191.0,381.0,11.1746,39.8624,98.6882,210.415,0.0196,0.0003,99.176,213.3236,48.7179,-16.5513,0.0,0.0001,2.2026,-0.0033,6.144,35.4819,11.1266,27.1278,35.8849
192.0,383.0,11.1479,39.8359,98.68,209.9246,0.0178,0.0003,99.2049,213.3236,48.7179,-16.5513,0.0,0.0001,2.1972,-0.0027,6.143,35.4803,11.0997,27.1315,35.8897
193.0,385.0,11.1419,39.8309,98.6897,210.702,0.0245,0.0003,99.1956,213.3237,48.7179,-16.5513,0.0,0.0001,2.196,-0.0003,6.1443,35.4799,11.0933,27.1324,35.8908
194.0,387.0,11.1421,39.8317,98.68,209.947,0.0225,0.0003,99.2049,213.3237,48.7178,-16.5513,0.0,0.0001,2.1925,-0.0015,6.146,35.4796,11.0933,27.1321,35.8906
195.0,389.0,11.125,39.8154,98.6879,210.4262,0.0209,0.0003,99.2049,213.3237,48.7178,-16.5513,0.0,0.0001,2.1925,-0.0001,6.1459,35.479,11.076,27.1348,35.894
196.0,391.0,11.1235,39.8142,98.6823,210.0642,0.0254,0.0003,99.2065,213.3238,48.7178,-16.5514,0.0,0.0001,2.1902,-0.0007,6.1478,35.4786,11.0743,27.1348,35.8941
197.0,393.0,11.1166,39.8078,98.6835,209.9345,0.0254,0.0003,99.2019,213.3238,48.7178,-16.5514,0.0,0.0001,2.188,-0.0004,6.1473,35.478,11.0671,27.1357,35.8952
198.0,395.0,11.1161,39.8081,98.6909,210.123,0.0253,0.0003,99.2065,213.3238,48.7178,-16.5514,0.0,0.0001,2.188,-0.0001,6.1486,35.4777,11.0664,27.1356,35.8952
199.0,397.0,11.1115,39.8044,98.68,209.7553,0.0246,0.0003,99.2146,213.3239,48.7178,-16.5514,0.0,0.0001,2.1869,-0.0009,6.1498,35.4776,11.0615,27.1364,35.8962
200.0,399.0,11.1054,39.7985,98.68,209.7542,0.028,0.0003,99.1828,213.3239,48.7178,-16.5514,0.0,0.0001,2.1844,-0.0006,6.1504,35.4767,11.0552,27.1369,35.8969
201.0,401.0,11.0987,39.7922,98.6908,210.0811,0.0262,0.0003,99.2049,213.3239,48.7178,-16.5514,0.0,0.0001,2.185,0.0003,6.1517,35.4761,11.0483,27.1376,35.898
202.0,403.0,11.0891,39.7829,98.6867,210.5564,0.0251,0.0003,99.2209,213.324,48.7178,-16.5514,0.0,0.0001,2.1872,0.0007,6.1514,35.475,11.0384,27.1386,35.8994
203.0,405.0,11.0823,39.7767,98.6888,210.9762,0.0203,0.0003,99.2069,213.324,48.7178,-16.5514,0.0,0.0001,2.19,0.0005,6.1536,35.4745,11.0313,27.1395,35.9005
204.0,407.0,11.0836,39.7766,98.68,211.0788,0.0202,0.0003,99.176,213.3241,48.7178,-16.5514,0.0,0.0001,2.1902,0.0002,6.1567,35.4725,11.0324,27.1377,35.8988
205.0,409.0,11.0558,39.7493,98.7025,212.4172,0.0199,0.0003,99.2018,213.3241,48.7178,-16.5514,0.0,0.0001,2.195,0.0025,6.1555,35.471,11.0045,27.1417,35.9039
206.0,411.0,11.0654,39.7614,98.686,212.6437,0.0225,0.0003,99.1858,213.3241,48.7178,-16.5515,0.0,0.0001,2.2011,0.0017,6.1458,35.4729,11.0138,27.1414,35.9032
207.0,413.0,11.1372,39.8548,98.68,221.6564,0.0251,0.0003,99.176,213.3242,48.7178,-16.5515,0.0,0.0001,2.2371,0.0169,6.127,35.496,11.0851,27.1464,35.905
208.0,415.0,11.2577,40.0048,98.6842,230.3955,0.0229,0.0003,99.1471,213.3242,48.7178,-16.5515,0.0,0.0001,2.2848,0.0244,6.1354,35.5283,11.2049,27.1495,35.9027
209.0,417.0,11.2748,40.0242,98.697,222.3905,0.0242,0.0003,99.1624,213.3242,48.7178,-16.5515,0.0,0.0001,2.288,-0.0006,6.1294,35.5303,11.2218,27.148,35.9005
210.0,419.0,11.2717,40.0213,98.6864,229.9036,0.0234,0.0003,99.1395,213.3243,48.7177,-16.5515,0.0,0.0001,2.3099,0.0141,6.1232,35.5295,11.2184,27.1479,35.9006
211.0,421.0,11.3074,40.0677,98.6992,230.9744,0.0233,0.0003,99.1519,213.3243,48.7177,-16.5515,0.0,0.0001,2.3303,0.0097,6.1275,35.5401,11.2537,27.1496,35.9008
212.0,423.0,11.3069,40.0669,98.6832,228.5851,0.0225,0.0003,99.1344,213.3243,48.7177,-16.5515,0.0,0.0001,2.3334,0.0016,6.1185,35.5392,11.2529,27.1491,35.9003
213.0,425.0,11.3305,40.0986,98.695,232.0046,0.0241,0.0003,99.1183,213.3244,48.7177,-16.5515,0.0,0.0001,2.3494,0.0056,6.1196,35.5467,11.2762,27.1507,35.9008
214.0,427.0,11.3249,40.0948,98.7065,231.5491,0.0247,0.0003,99.1246,213.3244,48.7177,-16.5516,0.0,0.0001,2.3547,0.0022,6.119,35.5474,11.2704,27.1523,35.9027
215.0,429.0,11.3211,40.0908,98.6984,230.8487,0.0243,0.0004,99.1208,213.3244,48.7177,-16.5516,0.0,0.0001,2.3539,0.0004,6.116,35.5465,11.2664,27.1524,35.9029
216.0,431.0,11.3452,40.1241,98.7003,233.5944,0.0238,0.0004,99.1118,213.3245,48.7177,-16.5516,0.0,0.0001,2.3651,0.0043,6.1149,35.5554,11.29,27.1549,35.9043
217.0,433.0,11.3487,40.1296,98.7025,234.3629,0.0216,0.0004,99.0867,213.3245,48.7177,-16.5516,0.0,0.0001,2.3726,0.0038,6.1155,35.5564,11.2933,27.155,35.9043
218.0,435.0,11.3434,40.1245,98.6837,232.7742,0.0247,0.0004,99.1046,213.3245,48.7177,-16.5516,0.0,0.0001,2.3708,-0.0008,6.1183,35.5557,11.2878,27.1555,35.9051
219.0,437.0,11.3251,40.102,98.7003,232.6497,0.0274,0.0004,99.1107,213.3246,48.7177,-16.5516,0.0,0.0001,2.3675,-0.0005,6.1211,35.5503,11.2693,27.1547,35.9051
220.0,439.0,11.2946,40.07,98.71,232.8246,0.0235,0.0004,99.1006,213.3246,48.7177,-16.5516,0.0,0.0001,2.3678,-0.0002,6.1205,35.5469,11.2386,27.1578,35.9094
221.0,441.0,11.2973,40.0734,98.6956,233.0522,0.025,0.0004,99.1055,213.3246,48.7177,-16.5516,0.0,0.0001,2.3678,0.0,6.1217,35.5468,11.2411,27.1572,35.9087
222.0,443.0,11.2918,40.0688,98.6977,232.3131,0.0254,0.0004,99.1034,213.3247,48.7177,-16.5516,0.0,0.0001,2.3641,-0.0011,6.1239,35.5466,11.2354,27.1582,35.9099
223.0,445.0,11.2798,40.0558,98.7014,232.3187,0.023,0.0004,99.0922,213.3247,48.7177,-16.5516,0.0,0.0001,2.3624,-0.0006,6.1243,35.5444,11.2231,27.1587,35.911
224.0,447.0,11.2785,40.0555,98.706,232.5952,0.027,0.0004,99.1008,213.3247,48.7177,-16.5516,0.0,0.0001,2.3626,0.0001,6.1237,35.5445,11.2215,27.159,35.9114
225.0,449.0,11.2803,40.0588,98.6981,232.6728,0.025,0.0004,99.0907,213.3248,48.7177,-16.5516,0.0,0.0001,2.3626,0.0,6.1238,35.545,11.223,27.1591,35.9114
226.0,451.0,11.2791,40.0586,98.6945,232.7019,0.0216,0.0004,99.1005,213.3248,48.7177,-16.5517,0.0,0.0001,2.3626,0.0,6.1227,35.5452,11.2216,27.1596,35.9119
227.0,453.0,11.2874,40.0705,98.6929,233.01,0.0262,0.0004,99.0817,213.3248,48.7176,-16.5517,0.0,0.0001,2.3636,0.0005,6.1231,35.5481,11.2296,27.1604,35.9124
228.0,455.0,11.2835,40.0671,98.695,233.2489,0.0244,0.0004,99.0264,213.3249,48.7176,-16.5517,0.0,0.0001,2.365,0.0006,6.123,35.5476,11.2254,27.1607,35.9129
229.0,457.0,11.2916,40.078,98.6947,233.1068,0.0261,0.0004,99.0733,213.3249,48.7176,-16.5517,0.0,0.0001,2.3652,-0.0001,6.1233,35.5496,11.2333,27.1609,35.9127
230.0,459.0,11.2904,40.0797,98.71,232.8075,0.0255,0.0004,99.0822,213.325,48.7176,-16.5517,0.0,0.0001,2.3628,-0.001,6.1281,35.5516,11.2318,27.1627,35.9146
231.0,461.0,11.2601,40.0464,98.6985,232.9563,0.0217,0.0004,99.0894,213.325,48.7176,-16.5517,0.0,0.0001,2.3626,-0.0002,6.1251,35.547,11.2013,27.1647,35.9178
232.0,463.0,11.2331,40.0154,98.7007,233.188,0.0222,0.0004,99.054,213.325,48.7176,-16.5517,0.0,0.0001,2.3625,-0.0002,6.1292,35.5412,11.1742,27.1652,35.9195
233.0,465.0,11.2416,40.0228,98.695,232.0765,0.0226,0.0004,99.0858,213.3251,48.7176,-16.5517,0.0,0.0001,2.3587,-0.0021,6.1304,35.5395,11.1824,27.1624,35.9164
234.0,467.0,11.2044,39.9836,98.6938,232.3077,0.0233,0.0004,99.0894,213.3251,48.7176,-16.5517,0.0,0.0001,2.3561,-0.001,6.1333,35.5356,11.145,27.1662,35.9218
235.0,469.0,11.2073,39.9878,98.7012,232.3558,0.0267,0.0004,99.0864,213.3251,48.7176,-16.5517,0.0,0.0001,2.3544,-0.0009,6.1392,35.5361,11.1478,27.1661,35.9216
236.0,471.0,11.1623,39.937,98.6942,231.0182,0.0247,0.0004,99.0936,213.3251,48.7176,-16.5517,0.0,0.0001,2.3465,-0.0024,6.1402,35.5279,11.1026,27.168,35.9254
237.0,473.0,11.158,39.933,98.6982,231.1944,0.0233,0.0004,99.1015,213.3252,48.7176,-16.5517,0.0,0.0001,2.3434,-0.0007,6.139,35.5271,11.098,27.1682,35.9258
238.0,475.0,11.1795,39.962,98.7014,231.8874,0.0251,0.0004,99.0939,213.3252,48.7176,-16.5518,0.0,0.0001,2.3452,0.0006,6.1395,35.5342,11.1192,27.1699,35.9265
239.0,477.0,11.1677,39.9481,98.7032,231.6664,0.0229,0.0004,99.0822,213.3253,48.7176,-16.5518,0.0,0.0001,2.3443,-0.0002,6.1416,35.5311,11.1072,27.1697,35.9269
240.0,479.0,11.1461,39.9258,98.6959,232.1281,0.0222,0.0004,99.0894,213.3253,48.7176,-16.5518,0.0,0.0001,2.3453,0.0006,6.1415,35.5288,11.0854,27.1719,35.93
241.0,481.0,11.149,39.9317,98.6992,231.9201,0.0222,0.0004,99.0507,213.3253,48.7176,-16.5518,0.0,0.0001,2.345,-0.0001,6.1423,35.5311,11.088,27.1732,35.9312
242.0,483.0,11.1431,39.9263,98.71,232.8197,0.0225,0.0004,99.0828,213.3254,48.7176,-16.5518,0.0,0.0001,2.3482,0.0013,6.1428,35.5305,11.0819,27.1739,35.9321
243.0,485.0,11.137,39.9208,98.695,232.3628,0.0252,0.0004,99.0783,213.3254,48.7176,-16.5518,0.0,0.0001,2.3475,-0.0003,6.144,35.53,11.0756,27.1747,35.9331
244.0,487.0,11.1177,39.8991,98.7058,232.7002,0.0254,0.0004,99.0942,213.3254,48.7176,-16.5518,0.0,0.0001,2.3482,0.0002,6.1454,35.5259,11.056,27.175,35.9343
245.0,489.0,11.1124,39.8925,98.7003,231.0823,0.0229,0.0004,99.0883,213.3255,48.7175,-16.5518,0.0,0.0001,2.3412,-0.0027,6.1514,35.5237,11.0506,27.1743,35.9339
246.0,491.0,11.0774,39.8543,98.71,229.4712,0.0236,0.0004,99.0957,213.3255,48.7175,-16.5518,0.0,0.0001,2.3316,-0.0041,6.1498,35.5184,11.0154,27.1766,35.9377
247.0,493.0,11.0794,39.8579,98.7001,230.5925,0.0229,0.0004,99.0953,213.3255,48.7175,-16.5518,0.0,0.0001,2.3314,-0.0006,6.1496,35.5191,11.0172,27.1769,35.9379
248.0,495.0,11.0818,39.8613,98.6932,230.6435,0.0239,0.0004,99.0951,213.3256,48.7175,-16.5518,0.0,0.0001,2.3305,-0.0005,6.151,35.5197,11.0193,27.1769,35.9378
249.0,497.0,11.0792,39.8619,98.68,229.8243,0.0208,0.0004,99.1022,213.3256,48.7175,-16.5518,0.0,0.0001,2.3267,-0.0018,6.151,35.5217,11.0164,27.179,35.94
250.0,499.0,11.0756,39.8591,98.6921,230.1206,0.0205,0.0004,99.0987,213.3256,48.7175,-16.5518,0.0,0.0001,2.3254,-0.0004,6.1508,35.5213,11.0125,27.1794,35.9406
251.0,501.0,11.0768,39.8609,98.7,230.1396,0.0188,0.0004,99.1087,213.3257,48.7175,-16.5518,0.0,0.0001,2.3248,-0.0005,6.1529,35.5214,11.0135,27.1793,35.9404
252.0,503.0,11.0676,39.8521,98.7023,230.6002,0.022,0.0004,99.1046,213.3257,48.7175,-16.5518,0.0,0.0001,2.3254,0.0005,6.1516,35.5204,11.0041,27.1802,35.9418
253.0,505.0,11.0689,39.8548,98.6947,230.8018,0.0226,0.0004,99.1006,213.3257,48.7175,-16.5519,0.0,0.0001,2.3268,0.0003,6.1527,35.521,11.0052,27.1805,35.942
254.0,507.0,11.0644,39.8516,98.7025,230.9348,0.0282,0.0004,99.1089,213.3258,48.7175,-16.5519,0.0,0.0001,2.3274,0.0003,6.1524,35.5213,11.0004,27.1816,35.9433
255.0,509.0,11.0774,39.8706,98.6977,231.5513,0.0235,0.0004,99.1011,213.3258,48.7175,-16.5519,0.0,0.0001,2.3314,0.0005,6.1525,35.5267,11.013,27.1835,35.9446
256.0,511.0,11.0754,39.8684,98.692,231.7756,0.0222,0.0004,99.094,213.3258,48.7175,-16.5519,0.0,0.0001,2.3314,0.0009,6.1524,35.5258,11.0108,27.1832,35.9444
257.0,513.0,11.0637,39.8572,98.7075,232.7016,0.0219,0.0004,99.0861,213.3259,48.7175,-16.5519,0.0,0.0001,2.3355,0.0022,6.1521,35.5248,10.9989,27.1846,35.9463
258.0,515.0,11.0564,39.85,98.6913,232.0961,0.0234,0.0004,99.0952,213.3259,48.7175,-16.5519,0.0,0.0001,2.3354,-0.0001,6.1549,35.524,10.9915,27.1853,35.9473
259.0,517.0,11.0432,39.8364,98.6958,231.8745,0.0239,0.0004,99.0987,213.3259,48.7175,-16.5519,0.0,0.0001,2.3335,-0.0006,6.1569,35.522,10.978,27.1862,35.9488
260.0,519.0,11.0394,39.8327,98.6867,231.4234,0.024,0.0004,99.1073,213.326,48.7174,-16.5519,0.0,0.0001,2.331,-0.0011,6.1572,35.5211,10.974,27.1863,35.949
261.0,521.0,11.0282,39.8209,98.6932,231.6641,0.0229,0.0004,99.0944,213.326,48.7174,-16.5519,0.0,0.0001,2.3301,-0.0004,6.1587,35.5192,10.9624,27.1869,35.9501
262.0,523.0,11.0209,39.8129,98.6935,231.5088,0.0235,0.0004,99.0955,213.326,48.7174,-16.5519,0.0,0.0001,2.3294,-0.0005,6.1585,35.5178,10.955,27.1872,35.9508
263.0,525.0,11.0118,39.8032,98.6957,229.9419,0.0237,0.0004,99.0949,213.3261,48.7174,-16.5519,0.0,0.0001,2.3216,-0.0029,6.1606,35.5158,10.9457,27.1873,35.9513
264.0,527.0,11.0002,39.7918,98.6993,230.1673,0.0226,0.0004,99.099,213.3261,48.7174,-16.5519,0.0,0.0001,2.3199,-0.0015,6.1588,35.5145,10.9338,27.1884,35.9529
265.0,529.0,11.0009,39.7929,98.6986,231.0658,0.0211,0.0004,99.0958,213.3261,48.7174,-16.5519,0.0,0.0001,2.3211,0.0001,6.1627,35.5145,10.9344,27.1883,35.9528
266.0,531.0,10.9856,39.7764,98.7025,228.8531,0.0205,0.0004,99.1079,213.3262,48.7174,-16.552,0.0,0.0001,2.3141,-0.0039,6.1644,35.5115,10.9188,27.1888,35.954
267.0,533.0,10.9633,39.7519,98.6962,229.8307,0.0221,0.0004,99.1079,213.3262,48.7174,-16.552,0.0,0.0001,2.3115,-0.0007,6.1686,35.5076,10.8963,27.1899,35.956
268.0,535.0,10.9636,39.7539,98.6977,228.8277,0.0234,0.0004,99.1116,213.3262,48.7174,-16.5519,0.0,0.0001,2.3065,-0.002,6.1702,35.5087,10.8964,27.1907,35.9568
269.0,537.0,10.9434,39.731,98.705,228.0482,0.0196,0.0004,99.1078,213.3263,48.7174,-16.552,0.0,0.0001,2.2992,-0.0024,6.1763,35.5045,10.876,27.1911,35.9581
270.0,539.0,10.8747,39.6482,98.6941,226.1603,0.0256,0.0004,99.1183,213.3263,48.7174,-16.552,0.0,0.0001,2.2901,-0.0041,6.1722,35.487,10.8073,27.1899,35.96
271.0,541.0,10.8535,39.6268,98.6947,226.5679,0.0262,0.0004,99.1183,213.3263,48.7174,-16.552,0.0,0.0001,2.2849,-0.0023,6.1824,35.4853,10.786,27.1925,35.9634
272.0,543.0,10.8553,39.6318,98.6903,224.1363,0.0237,0.0004,99.1155,213.3264,48.7173,-16.552,0.0,0.0001,2.2711,-0.0046,6.1834,35.4875,10.7875,27.1939,35.9648
273.0,545.0,10.8317,39.6045,98.6939,224.4668,0.0209,0.0003,99.1248,213.3264,48.7173,-16.552,0.0,0.0001,2.2662,-0.0025,6.1892,35.4821,10.7637,27.194,35.9659
274.0,547.0,10.7425,39.5031,98.6874,221.5384,0.0236,0.0003,99.1249,213.3264,48.7173,-16.552,0.0,0.0001,2.2511,-0.0062,6.1997,35.4657,10.6747,27.1972,35.973
275.0,549.0,10.7379,39.498,98.68,219.04,0.0219,0.0003,99.1255,213.3265,48.7173,-16.552,0.0,0.0001,2.2297,-0.0058,6.199,35.4641,10.6698,27.1968,35.9729
276.0,551.0,10.7396,39.501,98.6931,219.8768,0.0275,0.0003,99.1183,213.3265,48.7173,-16.552,0.0,0.0001,2.2257,-0.0021,6.1987,35.4647,10.6712,27.197,35.973
277.0,553.0,10.7389,39.5017,98.6836,219.7881,0.0259,0.0003,99.126,213.3265,48.7173,-16.552,0.0,0.0001,2.2223,-0.0013,6.1987,35.4651,10.6703,27.1975,35.9735
278.0,555.0,10.742,39.5065,98.68,220.3988,0.023,0.0003,99.132,213.3266,48.7173,-16.552,0.0,0.0001,2.2234,0.0004,6.1939,35.4661,10.6731,27.1977,35.9736
279.0,557.0,10.7662,39.5378,98.6868,222.3152,0.0223,0.0003,99.136,213.3266,48.7173,-16.552,0.0,0.0001,2.2289,0.0038,6.1923,35.4731,10.697,27.199,35.9737
280.0,559.0,10.7751,39.5503,98.6875,222.4026,0.0235,0.0003,99.1294,213.3266,48.7173,-16.552,0.0,0.0001,2.2322,0.0025,6.1925,35.4763,10.7055,27.1999,35.9743
281.0,561.0,10.7826,39.5607,98.6846,222.5652,0.0245,0.0003,99.1283,213.3266,48.7173,-16.552,0.0,0.0001,2.2364,0.0015,6.1924,35.4784,10.7128,27.2003,35.9743
282.0,563.0,10.7844,39.5636,98.6873,222.2354,0.0245,0.0003,99.1247,213.3267,48.7173,-16.552,0.0,0.0001,2.2369,0.0,6.1926,35.4789,10.7144,27.2003,35.9743
283.0,565.0,10.7774,39.5561,98.685,222.7973,0.0243,0.0003,99.1316,213.3267,48.7173,-16.552,0.0,0.0001,2.2369,0.0005,6.2014,35.477,10.7071,27.2002,35.9745
284.0,567.0,10.7061,39.473,98.6913,220.4203,0.0265,0.0003,99.1284,213.3267,48.7173,-16.5521,0.0,0.0001,2.2276,-0.0046,6.2215,35.4617,10.6358,27.201,35.9785
285.0,569.0,10.6095,39.3561,98.68,214.5478,0.0227,0.0003,99.1677,213.3268,48.7173,-16.5521,0.0,0.0001,2.2052,-0.0122,6.2097,35.4367,10.5395,27.1987,35.9805
286.0,571.0,10.5483,39.287,98.6853,215.7103,0.0255,0.0003,99.1648,213.3268,48.7173,-16.5521,0.0,0.0001,2.1943,-0.0061,6.2237,35.4255,10.4782,27.2009,35.9854
287.0,573.0,10.5539,39.2963,98.6843,215.4094,0.0221,0.0003,99.1636,213.3268,48.7173,-16.5521,0.0,0.0001,2.1831,-0.0042,6.2359,35.4286,10.4836,27.2023,35.9865
288.0,575.0,10.47,39.1989,98.6855,212.6427,0.0197,0.0003,99.1687,213.3268,48.7172,-16.5521,0.0,0.0001,2.1671,-0.0069,6.2435,35.4105,10.3997,27.203,35.991
289.0,577.0,10.4292,39.1527,98.6817,211.0742,0.0196,0.0003,99.1708,213.3269,48.7172,-16.5521,0.0,0.0001,2.155,-0.0065,6.2381,35.4025,10.3588,27.2039,35.9937
290.0,579.0,10.4104,39.1312,98.68,212.4786,0.0206,0.0003,99.1688,213.3269,48.7172,-16.5521,0.0,0.0001,2.1511,-0.0017,6.241,35.3981,10.3398,27.2039,35.9945
291.0,581.0,10.4257,39.1493,98.68,212.0253,0.0227,0.0003,99.166,213.3269,48.7172,-16.5521,0.0,0.0001,2.1465,-0.0022,6.2494,35.401,10.3549,27.2035,35.9935
292.0,583.0,10.3852,39.1068,98.68,208.5566,0.0211,0.0003,99.188,213.3269,48.7172,-16.5521,0.0,0.0001,2.132,-0.0069,6.2473,35.3962,10.3143,27.2069,35.9986
293.0,585.0,10.3844,39.1077,98.68,209.5387,0.0251,0.0003,99.1814,213.327,48.7172,-16.5521,0.0,0.0001,2.1292,-0.003,6.2482,35.3969,10.3132,27.2076,35.9994
294.0,587.0,10.3968,39.1232,98.6819,209.8343,0.0241,0.0003,99.1737,213.327,48.7172,-16.5521,0.0,0.0001,2.1259,-0.0012,6.2483,35.3997,10.3254,27.2076,35.9989
295.0,589.0,10.3787,39.1047,98.68,207.9606,0.0244,0.0003,99.2049,213.327,48.7172,-16.5521,0.0,0.0001,2.1188,-0.0038,6.2456,35.3978,10.307,27.2094,36.0014
296.0,591.0,10.4047,39.139,98.68,209.273,0.0274,0.0003,99.1991,213.327,48.7172,-16.5521,0.0,0.0001,2.1192,-0.0005,6.2465,35.4063,10.3327,27.2115,36.0023
297.0,593.0,10.3881,39.1204,98.6825,209.1861,0.0257,0.0003,99.1933,213.3271,48.7172,-16.5521,0.0,0.0001,2.1177,-0.0007,6.2518,35.4025,10.3159,27.2115,36.0031
298.0,595.0,10.3671,39.0958,98.68,204.8927,0.0227,0.0003,99.1832,213.3271,48.7172,-16.5521,0.0,0.0001,2.1012,-0.0073,6.2563,35.3972,10.2947,27.2111,36.0037
299.0,597.0,10.3432,39.0708,98.68,203.2586,0.0207,0.0003,99.1904,213.3271,48.7172,-16.5521,0.0,0.0001,2.0901,-0.0077,6.2533,35.3943,10.2707,27.213,36.0066
300.0,599.0,10.3275,39.0541,98.685,204.3156,0.0243,0.0003,99.2049,213.3272,48.7172,-16.5521,0.0,0.0001,2.0841,-0.0032,6.2573,35.3917,10.2549,27.2138,36.008
301.0,601.0,10.3285,39.0568,98.6805,204.1445,0.0226,0.0003,99.2049,213.3272,48.7172,-16.5521,0.0,0.0001,2.0791,-0.0022,6.2622,35.3925,10.2556,27.2143,36.0085
302.0,603.0,10.298,39.022,98.68,203.2404,0.0252,0.0003,99.2049,213.3272,48.7172,-16.5521,0.0,0.0001,2.072,-0.0028,6.2675,35.3858,10.2249,27.2144,36.01
303.0,605.0,10.2658,38.986,98.68,202.552,0.019,0.0003,99.2049,213.3272,48.7172,-16.5521,0.0,0.0001,2.066,-0.003,6.2712,35.3798,10.1927,27.2153,36.0124
304.0,607.0,10.2359,38.953,98.68,202.4497,0.0211,0.0003,99.2268,213.3273,48.7172,-16.5522,0.0,0.0001,2.0609,-0.0019,6.2753,35.3745,10.1626,27.2164,36.0148
305.0,609.0,10.2044,38.9181,98.68,201.6876,0.0217,0.0003,99.2275,213.3273,48.7171,-16.5522,0.0,0.0001,2.0557,-0.0024,6.277,35.3686,10.131,27.2173,36.0171
306.0,611.0,10.1922,38.9058,98.68,201.6621,0.0227,0.0003,99.2222,213.3273,48.7171,-16.5522,0.0,0.0001,2.0585,-0.0015,6.2726,35.3672,10.1187,27.2183,36.0187
307.0,613.0,10.2046,38.9233,98.68,204.4328,0.0218,0.0003,99.2337,213.3273,48.7171,-16.5522,0.0,0.0001,2.0613,0.0032,6.2746,35.3721,10.1307,27.2201,36.0198
308.0,615.0,10.1967,38.918,98.68,205.6189,0.0181,0.0003,99.2269,213.3274,48.7171,-16.5522,0.0,0.0001,2.0705,0.0027,6.2745,35.3733,10.1226,27.2224,36.0225
309.0,617.0,10.2118,38.9372,98.68,204.7041,0.0214,0.0003,99.2273,213.3274,48.7171,-16.5522,0.0,0.0001,2.0707,-0.0002,6.278,35.3774,10.1373,27.223,36.0224
310.0,619.0,10.1961,38.9216,98.68,203.6981,0.0244,0.0003,99.2257,213.3274,48.7171,-16.5522,0.0,0.0001,2.0681,-0.0019,6.2754,35.3759,10.1216,27.2246,36.0247
311.0,621.0,10.1723,38.8936,98.68,203.8702,0.0252,0.0003,99.2311,213.3274,48.7171,-16.5522,0.0,0.0001,2.0668,-0.0009,6.2748,35.3696,10.0976,27.2238,36.025
312.0,623.0,10.1863,38.9112,98.68,204.3629,0.0245,0.0003,99.2279,213.3275,48.7171,-16.5522,0.0,0.0001,2.0675,0.0004,6.2676,35.3732,10.1113,27.2243,36.0249
313.0,625.0,10.246,38.9868,98.68,207.8196,0.025,0.0003,99.2337,213.3275,48.7171,-16.5522,0.0,0.0001,2.0778,0.0052,6.2747,35.391,10.1704,27.228,36.0258
314.0,627.0,10.2187,38.9575,98.68,207.0629,0.0256,0.0003,99.2337,213.3275,48.7171,-16.5522,0.0,0.0001,2.0811,0.0018,6.2807,35.3869,10.143,27.2295,36.0285
315.0,629.0,10.1806,38.9175,98.68,202.9897,0.0212,0.0003,99.2337,213.3275,48.7171,-16.5522,0.0,0.0001,2.0701,-0.0057,6.2826,35.3824,10.1049,27.2326,36.0333
316.0,631.0,10.1401,38.874,98.68,201.3339,0.0209,0.0003,99.2484,213.3276,48.7171,-16.5522,0.0,0.0001,2.0558,-0.0053,6.2826,35.3765,10.0643,27.235,36.0375
317.0,633.0,10.1511,38.8888,98.68,201.0008,0.0238,0.0003,99.2535,213.3276,48.7171,-16.5522,0.0,0.0001,2.0471,-0.0036,6.2883,35.3801,10.075,27.2359,36.0379
318.0,635.0,10.1328,38.8696,98.68,199.357,0.0244,0.0003,99.2534,213.3276,48.7171,-16.5522,0.0,0.0001,2.0366,-0.0048,6.2896,35.3776,10.0565,27.2372,36.04
319.0,637.0,10.0966,38.8303,98.68,197.8339,0.0238,0.0003,99.2343,213.3276,48.7171,-16.5522,0.0,0.0001,2.0267,-0.0052,6.2846,35.3717,10.0202,27.2389,36.0433
320.0,639.0,10.1479,38.8943,98.68,199.7038,0.0247,0.0003,99.2422,213.3277,48.7171,-16.5522,0.0,0.0001,2.0245,-0.0008,6.2993,35.3862,10.071,27.2414,36.0435
321.0,641.0,10.0766,38.8139,98.68,196.4613,0.0233,0.0003,99.2573,213.3277,48.7171,-16.5522,0.0,0.0001,2.0135,-0.0058,6.3048,35.3727,9.9999,27.2432,36.0485
322.0,643.0,9.9746,38.6954,98.68,194.6217,0.0251,0.0003,99.2578,213.3277,48.7171,-16.5522,0.0,0.0001,1.9975,-0.0061,6.3176,35.3502,9.898,27.243,36.0529
323.0,645.0,9.8994,38.6131,98.68,193.2688,0.0229,0.0003,99.2473,213.3278,48.7171,-16.5522,0.0,0.0001,1.9856,-0.0054,6.3192,35.3387,9.823,27.2468,36.0601
324.0,647.0,9.8844,38.5965,98.68,192.2227,0.024,0.0003,99.2523,213.3278,48.7171,-16.5523,0.0,0.0001,1.9741,-0.0052,6.3267,35.3354,9.8079,27.2468,36.0607
325.0,649.0,9.8942,38.61,98.68,191.8789,0.0249,0.0003,99.2626,213.3278,48.717,-16.5523,0.0,0.0001,1.9681,-0.0042,6.3262,35.3387,9.8173,27.2478,36.0613
326.0,651.0,9.8396,38.5481,98.68,191.2685,0.0236,0.0003,99.2363,213.3278,48.717,-16.5522,0.0,0.0001,1.962,-0.0039,6.3284,35.3278,9.7628,27.2486,36.0646
327.0,653.0,9.8316,38.5431,98.68,190.4333,0.0234,0.0003,99.2626,213.3278,48.7171,-16.5522,0.0,0.0001,1.9548,-0.0036,6.3251,35.3295,9.7546,27.2513,36.0676
328.0,655.0,9.8355,38.5475,98.68,191.0602,0.0237,0.0003,99.2626,213.3279,48.7171,-16.5523,0.0,0.0001,1.9524,-0.0008,6.3208,35.3293,9.7582,27.2505,36.0667
329.0,657.0,9.8655,38.5884,98.68,190.0376,0.0248,0.0003,99.2626,213.3279,48.717,-16.5523,0.0,0.0001,1.9493,-0.002,6.3094,35.3411,9.7879,27.2547,36.0694
330.0,659.0,9.9154,38.6533,98.68,190.9477,0.0237,0.0003,99.2596,213.3279,48.717,-16.5523,0.0,0.0001,1.9503,0.0,6.3106,35.3578,9.8372,27.2594,36.0717
331.0,661.0,9.959,38.7082,98.68,191.4028,0.0238,0.0003,99.2626,213.3279,48.717,-16.5523,0.0,0.0001,1.9509,0.0007,6.313,35.3703,9.8802,27.2618,36.0721
332.0,663.0,9.9559,38.7082,98.68,191.26,0.0228,0.0003,99.2626,213.328,48.717,-16.5523,0.0,0.0001,1.9512,0.0002,6.3125,35.3725,9.877,27.2641,36.0746
333.0,665.0,9.9383,38.6879,98.68,192.0016,0.0231,0.0003,99.2591,213.328,48.717,-16.5523,0.0,0.0001,1.9545,0.0016,6.3038,35.3682,9.8593,27.2638,36.075
334.0,667.0,10.0013,38.7713,98.68,198.1937,0.0218,0.0003,99.2546,213.328,48.717,-16.5523,0.0,0.0001,1.9764,0.0095,6.3088,35.3909,9.9216,27.2708,36.0791
335.0,669.0,9.9889,38.7619,98.68,199.6173,0.0215,0.0003,99.2626,213.328,48.717,-16.5523,0.0,0.0001,1.9882,0.0088,6.3088,35.3924,9.909,27.2742,36.083
336.0,671.0,9.9602,38.7317,98.68,198.8509,0.0222,0.0003,99.2626,213.328,48.717,-16.5523,0.0,0.0001,1.9927,0.0058,6.3071,35.3888,9.8802,27.2762,36.0863
337.0,673.0,9.9197,38.6867,98.68,197.2269,0.0219,0.0003,99.2539,213.3281,48.717,-16.5523,0.0,0.0001,1.9927,0.001,6.3117,35.3814,9.8397,27.2774,36.0893
338.0,675.0,9.9376,38.7058,98.68,195.3169,0.0248,0.0003,99.2554,213.3281,48.717,-16.5523,0.0,0.0001,1.988,-0.0025,6.3108,35.3827,9.8573,27.2754,36.0866
339.0,677.0,9.9419,38.7228,98.68,199.0995,0.0237,0.0003,99.2516,213.3281,48.717,-16.5523,0.0,0.0001,1.9947,0.0045,6.313,35.3949,9.8613,27.2843,36.0951
340.0,679.0,9.9458,38.7321,98.68,200.521,0.0236,0.0003,99.2488,213.3282,48.717,-16.5523,0.0,0.0001,2.0052,0.0048,6.3091,35.3997,9.8649,27.2874,36.098
341.0,681.0,9.9035,38.6881,98.68,200.3357,0.0238,0.0003,99.2246,213.3282,48.717,-16.5523,0.0,0.0001,2.0088,0.0035,6.3055,35.3953,9.8227,27.2912,36.1036
342.0,683.0,9.9409,38.7371,98.68,200.6637,0.0225,0.0003,99.2337,213.3282,48.717,-16.5523,0.0,0.0001,2.0118,0.0026,6.3121,35.4078,9.8596,27.2946,36.1053
343.0,685.0,9.9707,38.7737,98.68,200.1551,0.0202,0.0003,99.2277,213.3282,48.717,-16.5523,0.0,0.0001,2.0144,0.0008,6.3056,35.415,9.889,27.2952,36.1046
344.0,687.0,9.9698,38.7726,98.68,200.1837,0.0213,0.0003,99.2135,213.3282,48.717,-16.5523,0.0,0.0001,2.0147,-0.0002,6.3149,35.4142,9.8878,27.2948,36.1042
345.0,689.0,9.9662,38.7746,98.68,199.7491,0.0248,0.0003,99.2337,213.3283,48.717,-16.5523,0.0,0.0001,2.013,-0.0011,6.3185,35.4188,9.884,27.299,36.1085
346.0,691.0,9.9027,38.7017,98.68,199.6172,0.0227,0.0003,99.2337,213.3283,48.717,-16.5523,0.0,0.0001,2.0118,-0.0008,6.3164,35.4053,9.8206,27.2993,36.1117
347.0,693.0,9.8877,38.6886,98.68,199.8255,0.0231,0.0003,99.2172,213.3283,48.717,-16.5523,0.0,0.0001,2.0118,-0.0001,6.3103,35.4056,9.8054,27.3022,36.1152
348.0,695.0,9.9266,38.7385,98.68,198.6787,0.0242,0.0003,99.1861,213.3283,48.717,-16.5523,0.0,0.0001,2.0081,-0.0017,6.3077,35.4178,9.8438,27.3051,36.1163
349.0,697.0,9.9573,38.7768,98.68,197.0686,0.0249,0.0003,99.2049,213.3284,48.717,-16.5523,0.0,0.0001,2.0004,-0.0037,6.3104,35.4259,9.8741,27.3063,36.1162
350.0,699.0,9.9396,38.759,98.68,197.0561,0.0244,0.0003,99.192,213.3284,48.717,-16.5523,0.0,0.0001,1.9965,-0.0024,6.3114,35.4242,9.8562,27.308,36.1186
351.0,701.0,9.9331,38.7531,98.68,197.5935,0.023,0.0003,99.2049,213.3284,48.7169,-16.5523,0.0,0.0001,1.9943,-0.0007,6.3128,35.4237,9.8496,27.3088,36.1197
352.0,703.0,9.9211,38.7415,98.68,196.7172,0.0228,0.0003,99.2023,213.3284,48.7169,-16.5523,0.0,0.0001,1.9909,-0.002,6.3152,35.4227,9.8373,27.3101,36.1215
353.0,705.0,9.9116,38.7316,98.68,195.9697,0.0224,0.0003,99.176,213.3284,48.7169,-16.5523,0.0,0.0001,1.9868,-0.0027,6.3159,35.4209,9.8277,27.3103,36.1222
354.0,707.0,9.8995,38.7191,98.68,195.6869,0.0206,0.0003,99.2049,213.3285,48.7169,-16.5523,0.0,0.0001,1.9833,-0.0024,6.3163,35.4193,9.8155,27.3111,36.1235
355.0,709.0,9.8918,38.712,98.68,195.2741,0.0243,0.0003,99.2049,213.3285,48.7169,-16.5523,0.0,0.0001,1.9786,-0.0019,6.3169,35.4185,9.8075,27.3119,36.1247
356.0,711.0,9.8888,38.7099,98.68,195.5665,0.0242,0.0003,99.2049,213.3285,48.7169,-16.5523,0.0,0.0001,1.9759,-0.0007,6.319,35.4183,9.8043,27.3122,36.1251
357.0,713.0,9.8812,38.7032,98.68,195.3117,0.0262,0.0003,99.2049,213.3285,48.7169,-16.5523,0.0,0.0001,1.9742,-0.0009,6.3206,35.4179,9.7964,27.3133,36.1265
358.0,715.0,9.8731,38.6949,98.68,194.7594,0.0243,0.0003,99.2049,213.3286,48.7169,-16.5523,0.0,0.0001,1.972,-0.0017,6.3227,35.4164,9.7882,27.3135,36.1271
359.0,717.0,9.8538,38.6777,98.68,194.678,0.0251,0.0003,99.1953,213.3286,48.7169,-16.5523,0.0,0.0001,1.969,-0.0014,6.3258,35.4167,9.7688,27.3171,36.1315
360.0,719.0,9.8258,38.6486,98.68,194.3966,0.0237,0.0003,99.1764,213.3286,48.7169,-16.5524,0.0,0.0001,1.9656,-0.0013,6.3284,35.4135,9.7406,27.3193,36.135
361.0,721.0,9.8158,38.641,98.68,194.3351,0.0254,0.0003,99.1889,213.3286,48.7169,-16.5524,0.0,0.0001,1.9634,-0.0012,6.3341,35.4146,9.7304,27.3219,36.138
362.0,723.0,9.7898,38.6146,98.68,193.4655,0.0238,0.0003,99.1946,213.3287,48.7169,-16.5524,0.0,0.0001,1.9582,-0.0023,6.3385,35.4119,9.7043,27.3242,36.1414
363.0,725.0,9.7491,38.5743,98.68,192.4431,0.022,0.0003,99.2049,213.3287,48.7169,-16.5524,0.0,0.0001,1.9544,-0.0033,6.3393,35.4097,9.6636,27.3294,36.1484
364.0,727.0,9.7355,38.5622,98.68,191.8487,0.0226,0.0003,99.1977,213.3287,48.7169,-16.5524,0.0,0.0001,1.9493,-0.0031,6.337,35.4098,9.6499,27.3318,36.1514
365.0,729.0,9.7146,38.5439,98.68,192.6023,0.024,0.0003,99.1953,213.3287,48.7169,-16.5524,0.0,0.0001,1.9466,-0.0009,6.3431,35.4104,9.6288,27.3358,36.1563
366.0,731.0,9.7063,38.5355,98.68,191.3929,0.02,0.0003,99.2049,213.3287,48.7169,-16.5524,0.0,0.0001,1.9409,-0.0026,6.3487,35.4091,9.6203,27.3362,36.1571
367.0,733.0,9.6771,38.5061,98.68,190.606,0.0222,0.0003,99.2049,213.3288,48.7169,-16.5524,0.0,0.0001,1.9366,-0.0031,6.3456,35.4067,9.5911,27.3393,36.1614
368.0,735.0,9.6612,38.4941,98.68,190.6459,0.0206,0.0003,99.2049,213.3288,48.7169,-16.5524,0.0,0.0001,1.9334,-0.0022,6.3478,35.409,9.575,27.3437,36.1665
369.0,737.0,9.6605,38.4942,98.68,191.0343,0.0234,0.0003,99.1877,213.3288,48.7169,-16.5524,0.0,0.0001,1.9315,-0.0008,6.3493,35.4088,9.574,27.3438,36.1666
370.0,739.0,9.6591,38.4945,98.68,190.7571,0.0235,0.0003,99.2049,213.3288,48.7168,-16.5524,0.0,0.0001,1.9297,-0.001,6.3496,35.4096,9.5724,27.3447,36.1676
371.0,741.0,9.6576,38.4937,98.68,190.2655,0.0245,0.0003,99.1983,213.3289,48.7168,-16.5524,0.0,0.0001,1.9272,-0.0015,6.3498,35.4094,9.5707,27.3448,36.1678
372.0,743.0,9.6564,38.4929,98.68,190.3562,0.0228,0.0003,99.1861,213.3289,48.7168,-16.5524,0.0,0.0001,1.9255,-0.0008,6.3509,35.409,9.5692,27.3447,36.1678
373.0,745.0,9.6494,38.4871,98.68,190.5018,0.024,0.0003,99.2049,213.3289,48.7168,-16.5524,0.0,0.0001,1.9244,-0.0006,6.3558,35.4087,9.562,27.3457,36.1691
374.0,747.0,9.6305,38.4691,98.68,189.6427,0.0258,0.0003,99.2049,213.3289,48.7168,-16.5524,0.0,0.0001,1.9206,-0.0019,6.3593,35.4079,9.5429,27.3483,36.1724
375.0,749.0,9.5985,38.4376,98.68,189.2964,0.0251,0.0003,99.1904,213.3289,48.7168,-16.5524,0.0,0.0001,1.9176,-0.0019,6.3597,35.4059,9.5109,27.3521,36.1777
376.0,751.0,9.5864,38.4268,98.68,189.3511,0.0248,0.0003,99.2049,213.329,48.7168,-16.5524,0.0,0.0001,1.9157,-0.0012,6.3619,35.4058,9.4987,27.354,36.1801
377.0,753.0,9.5709,38.4103,98.68,189.1192,0.0259,0.0003,99.1987,213.329,48.7168,-16.5524,0.0,0.0001,1.9124,-0.0013,6.3676,35.403,9.4829,27.3545,36.1813
378.0,755.0,9.5388,38.3795,98.68,188.7121,0.0234,0.0003,99.2025,213.329,48.7168,-16.5524,0.0,0.0001,1.9084,-0.0015,6.3712,35.4018,9.4508,27.3589,36.1871
379.0,757.0,9.5102,38.3513,98.68,188.1655,0.0217,0.0003,99.176,213.329,48.7168,-16.5524,0.0,0.0001,1.9055,-0.002,6.3717,35.4,9.4221,27.3623,36.1918
380.0,759.0,9.5042,38.351,98.68,187.3993,0.0239,0.0003,99.185,213.3291,48.7168,-16.5524,0.0,0.0001,1.9015,-0.0026,6.3721,35.4046,9.4159,27.3669,36.1966
381.0,761.0,9.4997,38.3494,98.68,187.173,0.026,0.0003,99.2049,213.3291,48.7168,-16.5524,0.0,0.0001,1.8976,-0.002,6.3739,35.4065,9.4111,27.3692,36.199
382.0,763.0,9.49,38.3403,98.68,187.0285,0.0256,0.0003,99.2157,213.3291,48.7168,-16.5524,0.0,0.0001,1.8941,-0.0018,6.3819,35.4058,9.4013,27.3703,36.2005
383.0,765.0,9.4662,38.3144,98.68,186.9549,0.0253,0.0003,99.2004,213.3291,48.7168,-16.5524,0.0,0.0001,1.8901,-0.0018,6.3992,35.4015,9.3774,27.3709,36.2022
384.0,767.0,9.3068,38.1279,98.68,188.6366,0.0242,0.0003,99.1801,213.3292,48.7168,-16.5524,0.0,0.0001,1.8913,0.0016,6.4013,35.3644,9.2187,27.368,36.2068
385.0,769.0,9.2922,38.1185,98.68,188.6064,0.0226,0.0003,99.2049,213.3292,48.7168,-16.5524,0.0,0.0001,1.8925,0.001,6.402,35.3681,9.2039,27.3733,36.2127
386.0,771.0,9.289,38.1142,98.68,189.1871,0.0258,0.0003,99.2049,213.3292,48.7168,-16.5524,0.0,0.0001,1.8944,0.0014,6.4043,35.3657,9.2004,27.3721,36.2116
387.0,773.0,9.2805,38.1056,98.68,188.8291,0.027,0.0003,99.2049,213.3292,48.7168,-16.5524,0.0,0.0001,1.895,0.0001,6.4066,35.3642,9.1918,27.3723,36.2122
388.0,775.0,9.276,38.1024,98.68,188.7522,0.0275,0.0003,99.2049,213.3293,48.7168,-16.5524,0.0,0.0001,1.8943,-0.0003,6.4104,35.3645,9.1871,27.3733,36.2134
389.0,777.0,9.2591,38.0845,98.68,188.5773,0.0236,0.0003,99.2049,213.3293,48.7168,-16.5524,0.0,0.0001,1.8932,-0.0007,6.4154,35.3619,9.1701,27.374,36.2149
390.0,779.0,9.2297,38.0533,98.68,188.0905,0.0213,0.0003,99.2036,213.3293,48.7168,-16.5524,0.0,0.0001,1.8877,-0.0017,6.4281,35.3575,9.1406,27.3754,36.2176
391.0,781.0,9.1618,37.9787,98.68,187.277,0.0246,0.0003,99.213,213.3293,48.7167,-16.5524,0.0,0.0001,1.8855,-0.0023,6.4275,35.3457,9.0728,27.3772,36.2226
392.0,783.0,9.0866,37.8955,98.68,187.1078,0.0243,0.0003,99.2337,213.3293,48.7167,-16.5524,0.0,0.0001,1.8836,-0.0016,6.4247,35.3324,8.9978,27.379,36.2278
393.0,785.0,9.0876,37.899,98.68,187.2464,0.0228,0.0003,99.1564,213.3294,48.7167,-16.5524,0.0,0.0001,1.8789,-0.0018,6.4523,35.3343,8.9985,27.3803,36.229
394.0,787.0,8.979,37.7733,98.68,184.2724,0.0233,0.0003,99.2397,213.3294,48.7167,-16.5524,0.0,0.0001,1.8681,-0.0055,6.466,35.3092,8.8903,27.378,36.2319
395.0,789.0,8.8582,37.6509,98.68,183.477,0.0255,0.0003,99.2626,213.3294,48.7167,-16.5524,0.0,0.0001,1.8596,-0.005,6.4629,35.2995,8.77,27.3897,36.249
396.0,791.0,8.8626,37.6595,98.68,183.9491,0.0235,0.0003,99.2626,213.3294,48.7167,-16.5524,0.0,0.0001,1.8559,-0.0035,6.4663,35.3034,8.7742,27.3921,36.2511
397.0,793.0,8.8673,37.669,98.68,184.5308,0.023,0.0003,99.2867,213.3294,48.7167,-16.5524,0.0,0.0001,1.8534,-0.0014,6.4683,35.3079,8.7786,27.3949,36.2536
398.0,795.0,8.857,37.6595,98.68,183.9086,0.0253,0.0003,99.2915,213.3295,48.7167,-16.5524,0.0,0.0001,1.8491,-0.0017,6.4697,35.3072,8.7682,27.3961,36.2553
399.0,797.0,8.8409,37.65,98.68,183.985,0.0229,0.0003,99.2891,213.3295,48.7167,-16.5524,0.0,0.0001,1.847,-0.0009,6.4656,35.3122,8.7519,27.4026,36.2624
400.0,799.0,8.8721,37.6935,98.68,183.2845,0.0222,0.0003,99.2731,213.3295,48.7167,-16.5524,0.0,0.0001,1.8435,-0.0017,6.4666,35.3259,8.7826,27.4084,36.2667
401.0,801.0,8.875,37.6977,98.68,183.0567,0.023,0.0003,99.2915,213.3295,48.7167,-16.5524,0.0,0.0001,1.8425,-0.0017,6.4657,35.3266,8.7853,27.4085,36.2667
402.0,803.0,8.8297,37.6508,98.68,184.0458,0.0244,0.0003,99.2883,213.3296,48.7167,-16.5524,0.0,0.0001,1.8433,0.0,6.4701,35.3212,8.7401,27.4115,36.2717
403.0,805.0,8.8353,37.6558,98.68,183.6853,0.0191,0.0003,99.2915,213.3296,48.7167,-16.5524,0.0,0.0001,1.8419,-0.0007,6.473,35.3203,8.7454,27.4099,36.2699
404.0,807.0,8.8102,37.6339,98.68,183.2572,0.0222,0.0003,99.2915,213.3296,48.7167,-16.5524,0.0,0.0001,1.8396,-0.001,6.4699,35.3211,8.7202,27.4146,36.2757
405.0,809.0,8.8208,37.6503,98.68,183.3945,0.0214,0.0003,99.2915,213.3296,48.7167,-16.5524,0.0,0.0001,1.8394,-0.0006,6.4719,35.3268,8.7305,27.4174,36.278
406.0,811.0,8.8352,37.6735,98.68,183.4734,0.026,0.0003,99.2963,213.3297,48.7167,-16.5524,0.0,0.0001,1.8376,-0.0006,6.4768,35.336,8.7445,27.4224,36.2822
407.0,813.0,8.8014,37.6376,98.68,183.8383,0.0259,0.0003,99.2887,213.3297,48.7167,-16.5525,0.0,0.0001,1.8382,0.0,6.481,35.3309,8.7108,27.4237,36.2851
408.0,815.0,8.7679,37.6008,98.68,184.1229,0.0278,0.0003,99.2915,213.3297,48.7167,-16.5524,0.0,0.0001,1.8374,-0.0004,6.5012,35.3247,8.6772,27.4242,36.2872
409.0,817.0,8.6905,37.5108,98.68,184.3125,0.0274,0.0003,99.2971,213.3297,48.7167,-16.5524,0.0,0.0001,1.8374,0.0,6.4975,35.3059,8.6,27.4216,36.2883
410.0,819.0,8.6167,37.4358,98.68,185.4138,0.0261,0.0003,99.3153,213.3298,48.7167,-16.5525,0.0,0.0001,1.842,0.0022,6.4789,35.2992,8.5265,27.428,36.298
411.0,821.0,8.6766,37.5122,98.68,185.5315,0.025,0.0003,99.3088,213.3298,48.7167,-16.5525,0.0,0.0001,1.8437,0.0013,6.4849,35.3192,8.5858,27.4344,36.3014
412.0,823.0,8.7933,37.6524,98.68,183.8769,0.0275,0.0003,99.3066,213.3298,48.7167,-16.5525,0.0,0.0001,1.8415,-0.0013,6.4816,35.3499,8.7015,27.4401,36.3017
413.0,825.0,8.8242,37.691,98.68,183.8006,0.0275,0.0003,99.3029,213.3298,48.7167,-16.5524,0.0,0.0001,1.8397,-0.0004,6.4653,35.3589,8.732,27.4424,36.3024
414.0,827.0,8.8773,37.7557,98.68,181.8698,0.0218,0.0003,99.3204,213.3299,48.7167,-16.5524,0.0,0.0001,1.8346,-0.0033,6.4675,35.373,8.7844,27.445,36.3025
415.0,829.0,8.8541,37.7297,98.68,181.9103,0.0232,0.0003,99.3204,213.3299,48.7167,-16.5524,0.0,0.0001,1.8321,-0.0027,6.4681,35.3679,8.7612,27.4448,36.3034
416.0,831.0,8.8383,37.7158,98.68,183.1055,0.0243,0.0003,99.3204,213.3299,48.7166,-16.5525,0.0,0.0001,1.8301,-0.0011,6.5013,35.3682,8.7452,27.4475,36.3068
417.0,833.0,8.6607,37.5131,98.68,182.9549,0.0238,0.0003,99.3341,213.3299,48.7166,-16.5525,0.0,0.0001,1.8254,-0.0018,6.5269,35.3302,8.5685,27.4456,36.3133
418.0,835.0,8.4727,37.3003,98.68,185.2974,0.0224,0.0003,99.3492,213.3299,48.7166,-16.5524,0.0,0.0001,1.8304,0.0023,6.5265,35.2919,8.3815,27.4449,36.3214
419.0,837.0,8.4596,37.2874,98.68,186.3109,0.0245,0.0003,99.3218,213.33,48.7166,-16.5524,0.0,0.0001,1.8358,0.0029,6.5188,35.2903,8.3683,27.4456,36.3228
420.0,839.0,8.4953,37.3344,98.68,185.6718,0.023,0.0003,99.3347,213.33,48.7166,-16.5524,0.0,0.0001,1.8394,0.0011,6.5059,35.3035,8.4035,27.4505,36.3258
421.0,841.0,8.5407,37.3954,98.68,184.9516,0.0228,0.0003,99.3204,213.33,48.7166,-16.5525,0.0,0.0001,1.8379,-0.0004,6.5077,35.3219,8.4484,27.458,36.3311
422.0,843.0,8.5863,37.4485,98.68,184.1581,0.0223,0.0003,99.3237,213.33,48.7166,-16.5525,0.0,0.0001,1.8364,-0.0013,6.501,35.3318,8.4935,27.4587,36.3296
423.0,845.0,8.6254,37.4969,98.68,184.0493,0.0226,0.0003,99.3383,213.3301,48.7166,-16.5524,0.0,0.0001,1.8341,-0.0006,6.4918,35.343,8.5321,27.4614,36.3305
424.0,847.0,8.6683,37.5534,98.68,183.2436,0.022,0.0003,99.3492,213.3301,48.7166,-16.5524,0.0,0.0001,1.8306,-0.0015,6.4911,35.359,8.5744,27.4673,36.3343
425.0,849.0,8.6932,37.5848,98.68,182.7729,0.0236,0.0003,99.3492,213.3301,48.7166,-16.5525,0.0,0.0001,1.8282,-0.0019,6.4932,35.3663,8.599,27.4692,36.335
426.0,851.0,8.6824,37.5727,98.68,183.1141,0.0276,0.0003,99.3492,213.3301,48.7166,-16.5525,0.0,0.0001,1.8273,-0.0009,6.4933,35.3635,8.588,27.4687,36.335
427.0,853.0,8.6735,37.5663,98.68,183.532,0.0254,0.0003,99.3477,213.3301,48.7166,-16.5524,0.0,0.0001,1.8278,0.0,6.4929,35.3645,8.5789,27.4709,36.3376
428.0,855.0,8.6861,37.5841,98.68,183.6232,0.026,0.0003,99.3462,213.3302,48.7166,-16.5524,0.0,0.0001,1.8266,-0.0004,6.5061,35.3699,8.5912,27.4733,36.3394
429.0,857.0,8.5966,37.4788,98.68,183.5273,0.0225,0.0003,99.3492,213.3302,48.7166,-16.5524,0.0,0.0001,1.8249,-0.0006,6.5106,35.3471,8.5021,27.4693,36.3397
430.0,859.0,8.5606,37.4513,98.68,184.2065,0.0237,0.0003,99.3492,213.3302,48.7166,-16.5524,0.0,0.0001,1.8256,0.0008,6.5071,35.3527,8.466,27.4794,36.3513
431.0,861.0,8.5222,37.4104,98.68,184.9583,0.0223,0.0003,99.3429,213.3302,48.7166,-16.5524,0.0,0.0001,1.8281,0.0013,6.5144,35.3468,8.4276,27.4807,36.3544
432.0,863.0,8.5301,37.4206,98.68,184.6656,0.0249,0.0003,99.3267,213.3303,48.7166,-16.5524,0.0,0.0001,1.8278,-0.0001,6.5286,35.3491,8.4353,27.4813,36.3546
433.0,865.0,8.4632,37.3479,98.68,184.9045,0.0246,0.0003,99.3492,213.3303,48.7166,-16.5524,0.0,0.0001,1.8272,-0.0001,6.5363,35.3379,8.3685,27.4829,36.3593
434.0,867.0,8.4161,37.2975,98.68,185.4676,0.0256,0.0003,99.3492,213.3303,48.7166,-16.5524,0.0,0.0001,1.8284,0.0006,6.5381,35.3305,8.3216,27.4844,36.363
435.0,869.0,8.3762,37.257,98.68,185.7707,0.0247,0.0003,99.3438,213.3303,48.7166,-16.5524,0.0,0.0001,1.8298,0.0007,6.5383,35.3263,8.2817,27.4873,36.3678
436.0,871.0,8.3713,37.2527,98.68,185.9953,0.0236,0.0003,99.3525,213.3303,48.7166,-16.5524,0.0,0.0001,1.8315,0.0007,6.5384,35.3259,8.2766,27.4877,36.3684
437.0,873.0,8.3699,37.2519,98.68,186.0122,0.0226,0.0003,99.3492,213.3304,48.7166,-16.5524,0.0,0.0001,1.8318,0.0004,6.5375,35.3257,8.2749,27.4878,36.3686
438.0,875.0,8.3714,37.2548,98.68,185.5565,0.0248,0.0003,99.3492,213.3304,48.7166,-16.5524,0.0,0.0001,1.8315,-0.0003,6.5353,35.3264,8.2762,27.4882,36.3689
439.0,877.0,8.3853,37.2724,98.68,185.5974,0.0198,0.0003,99.3492,213.3304,48.7166,-16.5524,0.0,0.0001,1.831,-0.0004,6.5395,35.3302,8.2899,27.4891,36.3691
440.0,879.0,8.3965,37.2877,98.68,185.3731,0.02,0.0003,99.3492,213.3304,48.7166,-16.5524,0.0,0.0001,1.8297,-0.0007,6.5394,35.3341,8.3007,27.4904,36.3699
441.0,881.0,8.3107,37.1946,98.68,186.4844,0.0205,0.0003,99.3492,213.3305,48.7166,-16.5524,0.0,0.0001,1.8309,0.0008,6.5443,35.32,8.2152,27.4926,36.3761
442.0,883.0,8.2866,37.1699,98.68,186.3129,0.0279,0.0003,99.3559,213.3305,48.7166,-16.5524,0.0,0.0001,1.8307,-0.0004,6.5643,35.3172,8.1912,27.494,36.3787
443.0,885.0,8.2291,37.1068,98.68,187.284,0.0278,0.0003,99.2698,213.3305,48.7165,-16.5524,0.0,0.0001,1.8309,0.0009,6.5748,35.3065,8.1337,27.4944,36.3818
444.0,887.0,8.1628,37.039,98.68,188.4233,0.0242,0.0003,99.3492,213.3305,48.7165,-16.5524,0.0,0.0001,1.8339,0.0015,6.5909,35.2995,8.0676,27.499,36.3894
445.0,889.0,8.0722,36.9416,98.68,188.5145,0.0239,0.0003,99.3492,213.3306,48.7165,-16.5524,0.0,0.0001,1.8359,0.0005,6.604,35.2852,7.9774,27.5013,36.3961
446.0,891.0,7.9666,36.8312,98.68,189.6908,0.0224,0.0003,99.355,213.3306,48.7165,-16.5524,0.0,0.0001,1.837,0.0018,6.6063,35.272,7.8722,27.5068,36.4064
447.0,893.0,7.9344,36.7968,98.68,190.5674,0.0254,0.0003,99.3467,213.3306,48.7165,-16.5524,0.0,0.0001,1.8437,0.0021,6.6094,35.2667,7.8401,27.5075,36.4086
448.0,895.0,7.9211,36.7848,98.68,190.0881,0.0263,0.0003,99.3441,213.3306,48.7165,-16.5524,0.0,0.0001,1.8437,0.0005,6.6135,35.2663,7.8267,27.5091,36.4109
449.0,897.0,7.8957,36.7606,98.68,190.1924,0.0236,0.0003,99.3492,213.3306,48.7165,-16.5524,0.0,0.0001,1.8437,0.0002,6.6152,35.2646,7.8012,27.5116,36.4146
450.0,899.0,7.8763,36.7423,98.68,190.5672,0.026,0.0003,99.3492,213.3307,48.7165,-16.5524,0.0,0.0001,1.8457,0.0005,6.6235,35.2636,7.7816,27.5137,36.4176
451.0,901.0,7.8375,36.7025,98.68,190.8209,0.026,0.0003,99.3544,213.3307,48.7165,-16.5524,0.0,0.0001,1.8458,0.0003,6.6309,35.2591,7.743,27.5159,36.4216
452.0,903.0,7.7754,36.6395,98.68,191.525,0.0273,0.0003,99.3531,213.3307,48.7165,-16.5524,0.0,0.0001,1.8474,0.0009,6.6354,35.2528,7.681,27.5202,36.4288
453.0,905.0,7.7559,36.6194,98.68,191.4691,0.0222,0.0003,99.3558,213.3307,48.7165,-16.5524,0.0,0.0001,1.8481,0.0003,6.6392,35.2497,7.6614,27.5206,36.4301
454.0,907.0,7.7312,36.5938,98.68,191.7938,0.0214,0.0003,99.3608,213.3308,48.7165,-16.5524,0.0,0.0001,1.8486,0.0003,6.6445,35.246,7.6367,27.5213,36.432
455.0,909.0,7.701,36.5623,98.68,191.7722,0.0225,0.0003,99.3582,213.3308,48.7165,-16.5524,0.0,0.0001,1.8488,0.0001,6.6444,35.2414,7.6064,27.5221,36.4343
456.0,911.0,7.674,36.5335,98.68,192.6407,0.0234,0.0003,99.3583,213.3308,48.7165,-16.5524,0.0,0.0001,1.8511,0.0012,6.6435,35.2367,7.5794,27.5224,36.4359
457.0,913.0,7.6451,36.5057,98.68,192.3663,0.0247,0.0003,99.3613,213.3308,48.7165,-16.5524,0.0,0.0001,1.8506,-0.0002,6.6612,35.2348,7.5505,27.5251,36.44
458.0,915.0,7.6141,36.4503,98.68,192.1543,0.0242,0.0003,99.3492,213.3309,48.7165,-16.5524,0.0,0.0001,1.8502,-0.0008,6.671,35.2055,7.5196,27.5066,36.4233
459.0,917.0,7.5394,36.3926,98.68,192.9789,0.0257,0.0002,99.3636,213.3309,48.7165,-16.5524,0.0,0.0001,1.8498,0.0007,6.6673,35.2176,7.4452,27.5269,36.4468
460.0,919.0,7.5193,36.3716,98.68,194.1564,0.0267,0.0002,99.3781,213.3309,48.7165,-16.5524,0.0,0.0001,1.8516,0.0021,6.6678,35.2139,7.425,27.5269,36.4478
461.0,921.0,7.5186,36.3725,98.68,194.1124,0.0249,0.0002,99.3806,213.3309,48.7165,-16.5524,0.0,0.0001,1.8559,0.0009,6.6719,35.2146,7.424,27.5276,36.4485
462.0,923.0,7.5219,36.3784,98.68,194.0492,0.0214,0.0002,99.3672,213.3309,48.7165,-16.5524,0.0,0.0001,1.8565,0.0005,6.6672,35.2169,7.4271,27.529,36.4497
463.0,925.0,7.5326,36.3951,98.68,193.89,0.0234,0.0002,99.3694,213.331,48.7164,-16.5524,0.0,0.0001,1.857,0.0001,6.6667,35.2232,7.4376,27.5324,36.4526
464.0,927.0,7.5474,36.4145,98.68,193.1487,0.0289,0.0002,99.3925,213.331,48.7164,-16.5524,0.0,0.0001,1.8559,-0.0012,6.6667,35.2284,7.452,27.5344,36.4539
465.0,929.0,7.5514,36.4209,98.68,193.2975,0.0283,0.0002,99.3781,213.331,48.7164,-16.5524,0.0,0.0001,1.8553,-0.0007,6.6666,35.2304,7.4558,27.5354,36.4547
466.0,931.0,7.5293,36.3998,98.68,194.1437,0.0262,0.0002,99.3803,213.331,48.7164,-16.5524,0.0,0.0001,1.8569,0.0002,6.6728,35.2287,7.4335,27.5373,36.4576
467.0,933.0,7.5312,36.3992,98.68,194.0371,0.0255,0.0002,99.4012,213.3311,48.7164,-16.5524,0.0,0.0001,1.8559,-0.0005,6.6835,35.2253,7.4352,27.5344,36.4547
468.0,935.0,7.4656,36.3371,98.68,194.574,0.0245,0.0002,99.407,213.3311,48.7164,-16.5524,0.0,0.0001,1.8559,0.0003,6.6836,35.2231,7.3699,27.5421,36.4654
469.0,937.0,7.4356,36.307,98.68,195.3438,0.0214,0.0002,99.3377,213.3311,48.7164,-16.5524,0.0,0.0001,1.8584,0.0012,6.6855,35.2197,7.3399,27.5437,36.4684
470.0,939.0,7.4347,36.3137,98.68,195.124,0.0255,0.0002,99.4034,213.3311,48.7164,-16.5524,0.0,0.0001,1.8596,0.0007,6.6812,35.2271,7.3387,27.5497,36.4744
471.0,941.0,7.4139,36.2932,98.68,195.5319,0.0237,0.0002,99.4214,213.3312,48.7164,-16.5524,0.0,0.0001,1.8601,0.0003,6.6948,35.2248,7.3178,27.551,36.4766
472.0,943.0,7.3891,36.2593,98.68,195.2051,0.023,0.0002,99.3848,213.3312,48.7164,-16.5524,0.0,0.0001,1.8603,-0.0003,6.6972,35.2121,7.293,27.5445,36.4715
473.0,945.0,7.3426,36.2196,98.68,196.5362,0.0266,0.0002,99.407,213.3312,48.7164,-16.5524,0.0,0.0001,1.8617,0.0017,6.6964,35.215,7.2466,27.5534,36.4825
474.0,947.0,7.3362,36.2147,98.68,196.6365,0.0266,0.0002,99.4139,213.3312,48.7164,-16.5524,0.0,0.0001,1.8639,0.001,6.7023,35.2152,7.2401,27.5545,36.4839
475.0,949.0,7.3372,36.2149,98.68,196.0517,0.0223,0.0002,99.4149,213.3312,48.7164,-16.5524,0.0,0.0001,1.862,-0.0006,6.7128,35.2137,7.2409,27.5532,36.4826
476.0,951.0,7.2879,36.1623,98.68,196.2893,0.0233,0.0002,99.4359,213.3313,48.7164,-16.5524,0.0,0.0001,1.8624,-0.0001,6.7074,35.2052,7.1916,27.5536,36.4853
477.0,953.0,7.2804,36.1669,98.68,197.7368,0.0241,0.0002,99.4251,213.3313,48.7164,-16.5524,0.0,0.0001,1.8652,0.002,6.7047,35.2167,7.184,27.5637,36.4956
478.0,955.0,7.3049,36.1896,98.68,197.2895,0.0232,0.0002,99.4201,213.3313,48.7164,-16.5523,0.0,0.0001,1.8681,0.0004,6.707,35.2159,7.2082,27.5596,36.4905
479.0,957.0,7.2974,36.1912,98.68,196.59,0.0224,0.0002,99.4301,213.3313,48.7164,-16.5523,0.0,0.0001,1.8651,-0.001,6.7167,35.2244,7.2004,27.5674,36.4984
480.0,959.0,7.2651,36.1577,98.68,196.5434,0.0234,0.0002,99.4359,213.3314,48.7164,-16.5523,0.0,0.0001,1.8658,-0.0009,6.7172,35.2195,7.1682,27.5681,36.5007
481.0,961.0,7.222,36.1159,98.68,197.8005,0.0246,0.0002,99.4359,213.3314,48.7164,-16.5524,0.0,0.0001,1.8666,0.001,6.7145,35.2166,7.1251,27.5719,36.5066
482.0,963.0,7.2113,36.1077,98.68,198.1667,0.0223,0.0002,99.433,213.3314,48.7164,-16.5523,0.0,0.0001,1.8681,0.0008,6.7193,35.2174,7.1142,27.5741,36.5093
483.0,965.0,7.2265,36.1192,98.68,197.4637,0.0226,0.0002,99.4287,213.3314,48.7163,-16.5523,0.0,0.0001,1.8678,-0.0006,6.7236,35.2139,7.1292,27.5692,36.5038
484.0,967.0,7.1925,36.0888,98.68,197.8152,0.0237,0.0002,99.4268,213.3315,48.7163,-16.5523,0.0,0.0001,1.8677,-0.0001,6.7255,35.2144,7.0952,27.5744,36.5105
485.0,969.0,7.1783,36.0741,98.68,198.3884,0.0254,0.0002,99.4243,213.3315,48.7163,-16.5523,0.0,0.0001,1.8685,0.0005,6.728,35.2116,7.081,27.5742,36.511
486.0,971.0,7.1653,36.0617,98.68,198.7285,0.0241,0.0002,99.4335,213.3315,48.7163,-16.5523,0.0,0.0001,1.8691,0.0005,6.7356,35.2102,7.0678,27.575,36.5124
487.0,973.0,7.1222,36.0184,98.68,198.7598,0.0218,0.0002,99.4321,213.3315,48.7163,-16.5523,0.0,0.0001,1.8698,0.0003,6.736,35.2057,7.0248,27.5775,36.517
488.0,975.0,7.1011,36.0001,98.68,199.7769,0.019,0.0002,99.4359,213.3315,48.7163,-16.5523,0.0,0.0001,1.8735,0.0015,6.7329,35.2062,7.0037,27.5808,36.5213
489.0,977.0,7.1199,36.0239,98.68,199.8131,0.0262,0.0002,99.4359,213.3316,48.7163,-16.5523,0.0,0.0001,1.8751,0.0009,6.7317,35.2121,7.0221,27.5829,36.5224
490.0,979.0,7.1474,36.0587,98.68,198.9167,0.0249,0.0002,99.4359,213.3316,48.7163,-16.5523,0.0,0.0001,1.8742,-0.0009,6.7332,35.2214,7.0491,27.5864,36.5245
491.0,981.0,7.1174,36.0317,98.68,198.9906,0.0231,0.0002,99.4417,213.3316,48.7163,-16.5523,0.0,0.0001,1.8736,-0.0005,6.7323,35.2214,7.0192,27.5906,36.5302
492.0,983.0,7.1234,36.0428,98.68,199.3081,0.0243,0.0002,99.4439,213.3316,48.7163,-16.5523,0.0,0.0001,1.873,-0.0001,6.7362,35.2262,7.0249,27.5936,36.5328
493.0,985.0,7.1032,36.0226,98.68,199.9181,0.0246,0.0002,99.4382,213.3317,48.7163,-16.5523,0.0,0.0001,1.8746,0.0006,6.7369,35.2238,7.0046,27.5946,36.5347
494.0,987.0,7.0932,36.0128,98.68,199.8729,0.0222,0.0002,99.429,213.3317,48.7163,-16.5523,0.0,0.0001,1.8752,0.0002,6.7365,35.2223,6.9945,27.5948,36.5355
495.0,989.0,7.0943,36.0161,98.68,199.5925,0.0241,0.0002,99.4421,213.3317,48.7163,-16.5523,0.0,0.0001,1.8742,-0.0003,6.7364,35.2238,6.9954,27.5959,36.5365
496.0,991.0,7.0971,36.0229,98.68,199.2065,0.0236,0.0002,99.4583,213.3317,48.7163,-16.5523,0.0,0.0001,1.8733,-0.0008,6.7365,35.2276,6.9979,27.5985,36.5389
497.0,993.0,7.0958,36.0237,98.68,199.2192,0.024,0.0002,99.4359,213.3317,48.7163,-16.5523,0.0,0.0001,1.873,-0.0007,6.7362,35.2289,6.9965,27.5997,36.5402
498.0,995.0,7.0935,36.0223,98.68,199.9344,0.0198,0.0002,99.4355,213.3318,48.7163,-16.5523,0.0,0.0001,1.8738,0.0004,6.7362,35.2287,6.9939,27.5999,36.5405
499.0,997.0,7.0963,36.0264,98.68,199.7551,0.0205,0.0002,99.4478,213.3318,48.7162,-16.5523,0.0,0.0001,1.8736,-0.0002,6.74,35.2294,6.9965,27.6001,36.5406
500.0,999.0,7.0728,36.0084,98.68,199.994,0.0198,0.0002,99.4442,213.3318,48.7162,-16.5523,0.0,0.0001,1.8737,0.0,6.7414,35.2322,6.9729,27.6056,36.5472
501.0,1001.0,7.0519,35.9882,98.68,200.895,0.0247,0.0002,99.4391,213.3319,48.7162,-16.5523,0.0,0.0001,1.8755,0.0013,6.7402,35.2306,6.952,27.6072,36.5498
502.0,1003.0,7.0568,35.9936,98.68,200.4203,0.0231,0.0002,99.4325,213.3319,48.7162,-16.5523,0.0,0.0001,1.8759,0.0002,6.7412,35.2306,6.9567,27.6067,36.549
503.0,1005.0,7.0608,35.9993,98.68,200.3846,0.0186,0.0002,99.4359,213.3319,48.7162,-16.5523,0.0,0.0001,1.8755,0.0,6.741,35.2321,6.9604,27.6072,36.5494
504.0,1007.0,7.0753,36.0186,98.68,200.3153,0.0209,0.0002,99.4245,213.332,48.7162,-16.5523,0.0,0.0001,1.8755,0.0,6.7393,35.2372,6.9746,27.6093,36.5507
505.0,1009.0,7.0963,36.0462,98.68,199.7456,0.0227,0.0003,99.2844,213.3329,48.716,-16.5522,0.0,0.0001,1.8723,-0.0001,6.735,35.2451,6.9952,27.6126,36.5529
506.0,1011.0,7.0972,36.0481,98.68,199.7896,0.0233,0.0003,99.2884,213.3328,48.716,-16.5522,0.0,0.0001,1.8719,0.0,6.7351,35.2457,6.996,27.613,36.5533
507.0,1013.0,7.1,36.0533,98.68,199.3096,0.023,0.0003,99.1378,213.3336,48.7157,-16.5522,0.0,0.0001,1.8697,-0.0006,6.7368,35.2474,6.9984,27.6141,36.5542
508.0,1015.0,7.0819,36.0353,98.68,200.0946,0.0214,0.0003,99.1471,213.3337,48.7157,-16.5522,0.0,0.0001,1.8708,0.0006,6.7348,35.2451,6.9803,27.6147,36.5557
509.0,1017.0,7.0922,36.0494,98.68,199.8926,0.0233,0.0004,99.1232,213.3337,48.7157,-16.5521,0.0,0.0001,1.8714,0.0001,6.7336,35.2493,6.9903,27.6166,36.5571
510.0,1019.0,7.1145,36.0776,98.68,199.6135,0.0194,0.0003,99.1183,213.3337,48.7157,-16.5521,0.0,0.0001,1.8699,-0.0005,6.7376,35.2564,7.0122,27.6192,36.5586
511.0,1021.0,7.1271,36.0937,98.68,199.2423,0.0175,0.0003,99.1227,213.3338,48.7157,-16.5521,0.0,0.0001,1.869,-0.001,6.7354,35.2606,7.0246,27.6208,36.5594
512.0,1023.0,7.0868,36.0504,98.68,200.032,0.0202,0.0003,99.1254,213.3338,48.7157,-16.5521,0.0,0.0001,1.8698,0.0004,6.7337,35.253,6.9843,27.6204,36.5611
513.0,1025.0,7.0575,36.021,98.68,200.0925,0.0199,0.0004,99.0925,213.3338,48.7157,-16.5521,0.0,0.0001,1.8693,-0.0002,6.7436,35.2496,6.955,27.6218,36.5639
514.0,1027.0,7.0648,36.0287,98.68,199.6964,0.0222,0.0004,99.1095,213.3338,48.7156,-16.5521,0.0,0.0001,1.8683,-0.0008,6.75,35.2498,6.9621,27.621,36.5627
515.0,1029.0,6.9856,35.9487,98.68,201.6326,0.0243,0.0004,99.1107,213.3339,48.7156,-16.5521,0.0,0.0001,1.8712,0.002,6.7482,35.2416,6.8832,27.6255,36.5711
516.0,1031.0,6.992,35.9578,98.68,201.7037,0.0203,0.0004,99.0983,213.3339,48.7156,-16.5521,0.0,0.0001,1.8753,0.0009,6.7495,35.2439,6.8893,27.6265,36.5717
517.0,1033.0,7.0035,35.9701,98.68,201.6264,0.0234,0.0004,99.0979,213.3339,48.7156,-16.5521,0.0,0.0001,1.8764,0.0004,6.7468,35.245,6.9005,27.6258,36.5705
518.0,1035.0,7.0109,35.9848,98.68,201.5525,0.0224,0.0004,99.0967,213.3339,48.7156,-16.5521,0.0,0.0001,1.8767,0.0002,6.7458,35.2527,6.9077,27.6309,36.5752
519.0,1037.0,7.0524,36.035,98.68,201.4726,0.0218,0.0004,99.1111,213.334,48.7156,-16.5521,0.0,0.0001,1.8771,0.0003,6.7379,35.2643,6.9486,27.6343,36.5765
520.0,1039.0,7.0903,36.0815,98.68,200.8202,0.0216,0.0004,99.1091,213.334,48.7156,-16.5521,0.0,0.0001,1.8762,-0.0005,6.7303,35.2757,6.986,27.6381,36.5783
521.0,1041.0,7.114,36.1122,98.68,200.2382,0.0209,0.0004,99.1031,213.334,48.7156,-16.5521,0.0,0.0001,1.8742,-0.001,6.7294,35.2842,7.0092,27.6415,36.5806
522.0,1043.0,7.1278,36.1322,98.68,200.3029,0.0241,0.0004,99.0933,213.3341,48.7156,-16.5521,0.0,0.0001,1.873,-0.0006,6.7293,35.2911,7.0227,27.645,36.5834
523.0,1045.0,7.1233,36.1293,98.68,200.3384,0.0249,0.0004,99.0963,213.3341,48.7156,-16.5521,0.0,0.0001,1.8719,-0.0002,6.7248,35.2916,7.018,27.6461,36.5847
524.0,1047.0,7.1463,36.1591,98.68,200.3109,0.0195,0.0004,99.0957,213.3341,48.7156,-16.5521,0.0,0.0001,1.8718,-0.0001,6.7203,35.2997,7.0406,27.6494,36.5867
525.0,1049.0,7.175,36.1923,98.68,199.831,0.0196,0.0004,99.0846,213.3341,48.7155,-16.5521,0.0,0.0001,1.8709,-0.0006,6.7173,35.3062,7.0689,27.6505,36.5864
526.0,1051.0,7.1856,36.2068,98.68,199.5385,0.0221,0.0004,99.0781,213.3342,48.7155,-16.5521,0.0,0.0001,1.8688,-0.0009,6.7196,35.3102,7.0793,27.6522,36.5876
527.0,1053.0,7.1906,36.2138,98.68,199.868,0.0211,0.0004,99.0708,213.3342,48.7155,-16.5521,0.0,0.0001,1.868,-0.0002,6.7202,35.3118,7.0839,27.6527,36.5879
528.0,1055.0,7.1783,36.2024,98.68,199.5027,0.022,0.0004,99.0894,213.3342,48.7155,-16.552,0.0,0.0001,1.8668,-0.0008,6.7245,35.3108,7.0715,27.6537,36.5895
529.0,1057.0,7.1565,36.1795,98.68,199.9326,0.0224,0.0004,99.0894,213.3343,48.7155,-16.552,0.0,0.0001,1.8664,0.0001,6.7226,35.307,7.0496,27.6538,36.5906
530.0,1059.0,7.1129,36.1365,98.68,200.4676,0.0239,0.0004,99.0641,213.3343,48.7155,-16.552,0.0,0.0001,1.8681,0.0003,6.7308,35.3034,7.0062,27.6571,36.596
531.0,1061.0,7.1153,36.1395,98.68,200.534,0.0228,0.0004,99.0525,213.3343,48.7155,-16.552,0.0,0.0001,1.8669,-0.0001,6.7429,35.3034,7.0084,27.6568,36.5956
532.0,1063.0,7.0483,36.0696,98.68,201.173,0.0217,0.0004,99.0605,213.3343,48.7155,-16.552,0.0,0.0001,1.8677,0.0003,6.7511,35.2939,6.9417,27.6586,36.6007
533.0,1065.0,7.0052,36.0244,98.68,201.2056,0.0191,0.0004,99.0605,213.3344,48.7155,-16.552,0.0,0.0001,1.8681,0.0003,6.7476,35.2873,6.8987,27.6594,36.6035
534.0,1067.0,6.9831,36.0029,98.68,202.2159,0.023,0.0004,99.0605,213.3344,48.7155,-16.552,0.0,0.0001,1.8713,0.0016,6.7471,35.2853,6.8765,27.6609,36.6061
535.0,1069.0,6.9912,36.0125,98.68,202.1277,0.0204,0.0004,99.0456,213.3344,48.7155,-16.552,0.0,0.0001,1.873,0.0005,6.7528,35.2868,6.8844,27.661,36.6058
536.0,1071.0,6.9785,35.9988,98.68,201.2647,0.0224,0.0004,99.0388,213.3344,48.7155,-16.552,0.0,0.0001,1.8712,-0.0006,6.7444,35.2838,6.8716,27.6604,36.6059
537.0,1073.0,6.97,35.9922,98.68,202.2684,0.0213,0.0004,99.0316,213.3344,48.7155,-16.552,0.0,0.0001,1.8721,0.0008,6.7426,35.2842,6.8629,27.6619,36.6078
538.0,1075.0,7.0291,36.06,98.68,202.0533,0.023,0.0004,99.0565,213.3345,48.7155,-16.552,0.0,0.0001,1.8729,0.0004,6.742,35.2973,6.9213,27.6641,36.6071
539.0,1077.0,7.0419,36.0805,98.68,201.4102,0.023,0.0004,99.0605,213.3345,48.7154,-16.552,0.0,0.0001,1.8719,-0.0004,6.7387,35.3058,6.9338,27.6691,36.6113
540.0,1079.0,7.0567,36.0988,98.68,201.1283,0.0229,0.0004,99.0436,213.3345,48.7154,-16.552,0.0,0.0001,1.8712,-0.0005,6.733,35.3099,6.9483,27.6703,36.6118
541.0,1081.0,7.0837,36.1321,98.68,201.0948,0.0245,0.0004,99.046,213.3345,48.7154,-16.552,0.0,0.0001,1.87,-0.0004,6.7321,35.318,6.9749,27.673,36.6131
542.0,1083.0,7.0973,36.1498,98.68,200.5961,0.0261,0.0004,99.0316,213.3346,48.7154,-16.552,0.0,0.0001,1.8686,-0.001,6.7329,35.3226,6.9882,27.6747,36.6142
543.0,1085.0,7.094,36.1476,98.68,200.5811,0.0244,0.0004,99.0316,213.3346,48.7154,-16.552,0.0,0.0001,1.8671,-0.0007,6.7345,35.3224,6.9846,27.6751,36.6147
544.0,1087.0,7.0857,36.1399,98.68,201.0654,0.0256,0.0004,99.0323,213.3346,48.7154,-16.552,0.0,0.0001,1.8667,-0.0001,6.7387,35.3216,6.9762,27.6756,36.6157
545.0,1089.0,7.0648,36.1185,98.68,200.9121,0.0238,0.0004,99.015,213.3346,48.7154,-16.552,0.0,0.0001,1.8657,-0.0003,6.7378,35.3186,6.9553,27.6761,36.6172
546.0,1091.0,7.0574,36.1126,98.68,201.4713,0.0218,0.0004,99.0316,213.3347,48.7154,-16.552,0.0,0.0001,1.8669,0.0004,6.738,35.3188,6.9477,27.6774,36.6188
547.0,1093.0,7.0592,36.1159,98.68,201.3045,0.0226,0.0004,99.0149,213.3347,48.7154,-16.552,0.0,0.0001,1.8669,0.0001,6.7373,35.3196,6.9492,27.6778,36.6191
548.0,1095.0,7.059,36.1161,98.68,201.1873,0.0218,0.0004,98.9914,213.3347,48.7154,-16.552,0.0,0.0001,1.8665,-0.0002,6.7394,35.319,6.9489,27.6774,36.6187
549.0,1097.0,7.0453,36.1033,98.68,201.9135,0.0229,0.0004,98.9883,213.3348,48.7154,-16.552,0.0,0.0001,1.868,0.0009,6.7369,35.3183,6.9351,27.6788,36.6208
