Datacycle,press,temp,cond,alt,oxygen,fluor,atten,trans,jday,lat,lon,PAR,UPAR,oxV,oxdVdt,oxysat,salin,potemp,sigma0,sigma2
1.0,1.0,16.0348,44.6751,98.71,243.7054,0.3521,0.0032,92.2495,205.634,48.7331,-16.0924,0.0,0.0001,2.7363,-0.0003,5.5533,35.6567,16.0345,26.245,34.8155
2.0,3.0,16.0296,44.6701,79.6113,243.9838,0.3425,0.0031,92.4984,205.6341,48.7331,-16.0924,0.0,0.0001,2.7393,0.0002,5.551,35.6565,16.0291,26.2461,34.8168
3.0,5.0,16.0296,44.6718,98.7,244.3656,0.3352,0.0031,92.5318,205.6342,48.7331,-16.0925,0.0,0.0001,2.7419,0.0004,5.5488,35.6572,16.0288,26.2467,34.8174
4.0,7.0,16.0302,44.673,80.3408,244.5007,0.3501,0.0031,92.5095,205.6343,48.7332,-16.0925,0.0,0.0001,2.7433,0.0,5.5491,35.6567,16.0291,26.2462,34.817
5.0,9.0,16.0271,44.6706,98.6236,244.4263,0.363,0.0031,92.4861,205.6344,48.7332,-16.0925,0.0,0.0001,2.7428,-0.0001,5.5484,35.6566,16.0256,26.247,34.8178
6.0,11.0,16.0313,44.6754,98.71,244.9225,0.3687,0.0031,92.4749,205.6345,48.7332,-16.0926,0.0,0.0001,2.7452,0.0007,5.5483,35.6564,16.0295,26.246,34.8167
7.0,13.0,16.0366,44.682,81.0982,244.9389,0.3691,0.0031,92.4666,205.6345,48.7332,-16.0926,0.0,0.0001,2.7457,0.0001,5.5496,35.6569,16.0345,26.2451,34.8156
8.0,15.0,16.0301,44.6756,98.6115,244.9762,0.371,0.0032,92.3932,205.6346,48.7332,-16.0926,0.0,0.0001,2.7446,-0.0003,5.5536,35.6562,16.0277,26.2462,34.817
9.0,17.0,16.0025,44.6488,98.71,245.2676,0.4277,0.0032,92.2416,205.6346,48.7332,-16.0926,0.0,0.0001,2.746,0.0004,5.5551,35.6561,15.9998,26.2525,34.8243
10.0,19.0,15.9255,44.5704,80.7355,245.0457,0.4543,0.0032,92.2301,205.6347,48.7333,-16.0926,0.0,0.0001,2.7421,-0.0011,5.5642,35.6547,15.9225,26.2692,34.8437
11.0,21.0,15.8818,44.5284,93.4706,245.2264,0.4983,0.0032,92.2135,205.6347,48.7333,-16.0926,0.0,0.0001,2.742,-0.0006,5.5682,35.6553,15.8785,26.2798,34.8557
12.0,23.0,15.8347,44.4898,84.4239,245.429,0.5449,0.0031,92.5306,205.6348,48.7333,-16.0927,0.0,0.0001,2.74,0.0,5.5722,35.6624,15.831,26.2961,34.8736
13.0,25.0,15.7714,44.4327,98.71,244.9415,0.5793,0.003,92.849,205.6348,48.7333,-16.0927,0.0,0.0001,2.7348,-0.0014,5.5807,35.6677,15.7675,26.3146,34.8943
14.0,27.0,15.7075,44.3736,80.0929,245.2885,0.6801,0.0028,93.1563,205.6349,48.7333,-16.0927,0.0,0.0001,2.7339,-0.0005,5.5823,35.6713,15.7033,26.332,34.9139
15.0,29.0,15.6814,44.3511,76.3314,244.5702,0.7772,0.0029,93.1064,205.6349,48.7333,-16.0927,0.0,0.0001,2.7284,-0.0012,5.5851,35.6739,15.6769,26.34,34.9228
16.0,31.0,15.5936,44.2782,96.657,243.3095,0.9841,0.003,92.8454,205.635,48.7333,-16.0927,0.0,0.0001,2.7174,-0.0049,5.6067,35.687,15.5888,26.3702,34.9558
17.0,33.0,15.4583,44.1548,84.2056,242.5198,1.0422,0.0027,93.3987,205.635,48.7333,-16.0927,0.0,0.0001,2.6988,-0.0036,5.6323,35.6974,15.4532,26.4088,34.9991
18.0,35.0,15.0869,43.8073,98.71,238.5255,0.9794,0.0022,94.6168,205.6351,48.7334,-16.0927,0.0,0.0001,2.6643,-0.0093,5.6625,35.7191,15.0815,26.5083,35.1115
19.0,37.0,14.7663,43.5067,90.2133,236.9829,0.8251,0.0018,95.6186,205.6351,48.7334,-16.0928,0.0,0.0001,2.6403,-0.0066,5.6807,35.7368,14.7607,26.5929,35.2074
20.0,39.0,14.696,43.4436,86.9768,237.3299,0.7616,0.0017,95.8,205.6352,48.7334,-16.0928,0.0,0.0001,2.6303,-0.0032,5.6978,35.7427,14.6902,26.6128,35.2298
21.0,41.0,14.6287,43.3802,58.5679,237.4851,0.7141,0.0016,96.1253,205.6352,48.7334,-16.0928,0.0,0.0001,2.6215,0.0007,5.7049,35.7452,14.6225,26.6296,35.2489
22.0,43.0,14.436,43.2019,86.4728,236.786,0.6857,0.0015,96.3536,205.6353,48.7334,-16.0928,0.0,0.0001,2.6135,-0.0022,5.726,35.7574,14.4296,26.6807,35.3069
23.0,45.0,14.1993,42.965,98.71,234.4556,0.6337,0.0013,96.7224,205.6353,48.7334,-16.0928,0.0,0.0001,2.5923,-0.0076,5.7663,35.756,14.1927,26.7306,35.3655
24.0,47.0,14.0633,42.8289,93.6068,235.0196,0.4838,0.001,97.3848,205.6353,48.7334,-16.0928,0.0,0.0001,2.5841,-0.001,5.7612,35.7542,14.0565,26.7583,35.3982
25.0,49.0,13.9905,42.7592,97.337,235.3106,0.4847,0.0011,97.3416,205.6354,48.7334,-16.0928,0.0,0.0001,2.5824,-0.0017,5.7795,35.756,13.9834,26.7752,35.4178
26.0,51.0,13.9358,42.7071,63.2625,233.9601,0.4074,0.0009,97.7853,205.6354,48.7334,-16.0928,0.0,0.0001,2.5714,-0.0022,5.7773,35.7574,13.9285,26.7878,35.4324
27.0,53.0,13.861,42.6377,85.2729,234.3626,0.3708,0.0008,97.8741,205.6355,48.7335,-16.0929,0.0,0.0001,2.569,-0.0016,5.7926,35.7613,13.8535,26.8066,35.454
28.0,55.0,13.7773,42.5604,98.5362,233.4321,0.3306,0.0007,98.1826,205.6355,48.7335,-16.0929,0.0,0.0001,2.558,-0.0014,5.8003,35.7658,13.7694,26.8279,35.4783
29.0,57.0,13.7521,42.5379,87.7675,232.8895,0.3105,0.0007,98.2372,205.6356,48.7335,-16.0929,0.0,0.0001,2.5522,-0.0014,5.8017,35.7674,13.7439,26.8344,35.4858
30.0,59.0,13.6981,42.4898,76.9988,231.7595,0.268,0.0006,98.4257,205.6356,48.7335,-16.0929,0.0,0.0001,2.5417,-0.0042,5.821,35.7718,13.6898,26.8491,35.5024
31.0,61.0,13.5815,42.3824,94.2419,231.7711,0.2076,0.0005,98.7119,205.6357,48.7335,-16.0929,0.0,0.0001,2.5331,-0.0008,5.8252,35.7784,13.5728,26.8787,35.5362
32.0,63.0,13.5662,42.3701,48.0929,230.2738,0.1851,0.0004,98.9238,205.6357,48.7335,-16.0929,0.0,0.0001,2.523,-0.0037,5.8363,35.7806,13.5573,26.8835,35.5417
33.0,65.0,13.4943,42.3046,98.7052,230.1439,0.1442,0.0003,99.1407,205.6358,48.7335,-16.0929,0.0,0.0001,2.5167,-0.0011,5.8325,35.7851,13.4851,26.902,35.5628
34.0,67.0,13.4896,42.3005,98.6992,230.2969,0.1426,0.0003,99.1519,205.6358,48.7335,-16.0929,0.0,0.0001,2.5155,-0.0008,5.8375,35.7851,13.4802,26.903,35.564
35.0,69.0,13.4689,42.2793,81.0167,230.1579,0.128,0.0003,99.2615,205.6358,48.7335,-16.093,0.0,0.0001,2.5123,-0.0001,5.8377,35.7833,13.4592,26.906,35.5678
36.0,71.0,13.4699,42.2805,96.973,230.514,0.1229,0.0003,99.2051,205.6359,48.7335,-16.093,0.0,0.0001,2.5128,0.0001,5.8431,35.7827,13.4599,26.9054,35.5672
37.0,73.0,13.4311,42.2356,98.71,230.5373,0.1216,0.0003,99.3373,205.6359,48.7336,-16.093,0.0,0.0001,2.5122,-0.0001,5.8445,35.7757,13.4208,26.908,35.5713
38.0,75.0,13.374,42.1725,82.0285,230.5692,0.1013,0.0002,99.3814,205.636,48.7336,-16.093,0.0,0.0001,2.5101,-0.0012,5.8592,35.7686,13.3634,26.9144,35.5799
39.0,77.0,13.2852,42.0662,92.6637,232.046,0.0919,0.0002,99.5139,205.636,48.7336,-16.093,0.0,0.0001,2.5147,0.0023,5.8603,35.7503,13.2744,26.9185,35.5877
40.0,79.0,13.2919,42.0766,98.71,231.0073,0.0856,0.0002,99.5322,205.6361,48.7336,-16.093,0.0,0.0001,2.5121,-0.0013,5.8642,35.7532,13.2809,26.9194,35.5883
41.0,81.0,13.2696,42.0603,80.4908,231.2422,0.0689,0.0001,99.6956,205.6361,48.7336,-16.093,0.0,0.0001,2.5109,0.0,5.8646,35.7576,13.2582,26.9275,35.5972
42.0,83.0,13.2619,42.0538,89.9434,231.6411,0.062,0.0001,99.6814,205.6362,48.7336,-16.093,0.0,0.0001,2.5127,0.0005,5.8646,35.7578,13.2503,26.9292,35.5992
43.0,85.0,13.2681,42.0625,98.695,231.1282,0.0688,0.0001,99.7649,205.6362,48.7336,-16.093,0.0,0.0001,2.5116,-0.0012,5.8636,35.7597,13.2562,26.9295,35.5992
44.0,87.0,13.2715,42.0745,98.7057,232.1052,0.058,0.0001,99.8033,205.6362,48.7336,-16.093,0.0,0.0001,2.5139,0.0013,5.8642,35.7669,13.2594,26.9344,35.604
45.0,89.0,13.2798,42.0869,89.636,231.7885,0.0538,0.0001,99.7786,205.6363,48.7336,-16.0931,0.0,0.0001,2.5138,0.0,5.8637,35.7701,13.2673,26.9353,35.6044
46.0,91.0,13.2749,42.0843,88.4967,232.0687,0.0525,0.0001,99.8401,205.6363,48.7336,-16.0931,0.0,0.0001,2.5148,0.0004,5.8635,35.7711,13.2622,26.9372,35.6065
47.0,93.0,13.2768,42.0874,87.3574,231.8957,0.0489,0.0001,99.8454,205.6363,48.7336,-16.0931,0.0,0.0001,2.5139,-0.0004,5.866,35.7716,13.2638,26.9372,35.6065
48.0,95.0,13.2568,42.063,82.9422,230.6576,0.0416,0.0,99.8942,205.6364,48.7337,-16.0931,0.0,0.0001,2.5076,-0.0027,5.866,35.7663,13.2435,26.9372,35.6073
49.0,97.0,13.2151,42.0182,98.705,231.1895,0.0408,0.0,99.881,205.6364,48.7337,-16.0931,0.0,0.0001,2.5054,-0.0008,5.8746,35.762,13.2016,26.9425,35.6143
50.0,99.0,13.1713,41.9611,98.6014,231.5848,0.0372,0.0,99.9,205.6365,48.7337,-16.0931,0.0,0.0001,2.5038,0.0009,5.8775,35.748,13.1576,26.9406,35.6143
51.0,101.0,13.1367,41.9248,90.1689,231.3907,0.0429,0.0,99.8636,205.6365,48.7337,-16.0931,0.0,0.0001,2.5041,-0.0004,5.8786,35.7451,13.1227,26.9455,35.6205
52.0,103.0,13.1249,41.9122,96.6852,231.7113,0.0406,0.0001,99.8672,205.6366,48.7337,-16.0931,0.0,0.0001,2.504,0.0004,5.8809,35.7432,13.1106,26.9465,35.622
53.0,105.0,13.1215,41.9087,90.4932,232.0647,0.0419,0.0,99.8775,205.6368,48.7338,-16.0932,0.0,0.0001,2.5063,0.0,5.8847,35.7422,13.1069,26.9465,35.6221
54.0,107.0,13.0975,41.8812,85.9251,231.8113,0.0404,0.0,99.8875,205.637,48.7338,-16.0932,0.0,0.0001,2.5041,-0.0003,5.8856,35.7379,13.0826,26.9481,35.6247
55.0,109.0,13.1173,41.9091,96.9657,231.3471,0.0398,0.0001,99.8255,205.6371,48.7339,-16.0932,0.0,0.0001,2.5004,-0.0006,5.8841,35.7449,13.1022,26.9495,35.6253
56.0,111.0,13.1038,41.8951,98.71,231.4775,0.0413,0.0001,99.8623,205.6372,48.7339,-16.0933,0.0,0.0001,2.4991,-0.0002,5.8869,35.7435,13.0884,26.9512,35.6276
57.0,113.0,13.0803,41.8676,90.8502,231.4108,0.0372,0.0001,99.8171,205.6372,48.7339,-16.0933,0.0,0.0001,2.4982,-0.0003,5.8881,35.7385,13.0646,26.9522,35.6295
58.0,115.0,13.0844,41.8759,77.4256,231.1227,0.0365,0.0001,99.8572,205.6373,48.7339,-16.0933,0.0,0.0001,2.4963,-0.0007,5.8871,35.7418,13.0684,26.9539,35.6311
59.0,117.0,13.0905,41.8874,94.2858,230.8939,0.0355,0.0001,99.8518,205.6373,48.7339,-16.0933,0.0,0.0001,2.4936,-0.0005,5.8873,35.746,13.0743,26.956,35.6329
60.0,119.0,13.0898,41.8869,98.7025,230.8168,0.0364,0.0001,99.8498,205.6374,48.7339,-16.0933,0.0,0.0001,2.4923,-0.0005,5.8872,35.7455,13.0733,26.9558,35.6327
61.0,121.0,13.0871,41.8857,98.6956,230.8689,0.0375,0.0001,99.8628,205.6374,48.7339,-16.0933,0.0,0.0001,2.4914,-0.0002,5.8872,35.7459,13.0703,26.9568,35.6338
62.0,123.0,13.0826,41.8814,98.695,230.7562,0.0358,0.0001,99.8375,205.6374,48.734,-16.0933,0.0,0.0001,2.4902,-0.0005,5.8887,35.7452,13.0655,26.9572,35.6344
63.0,125.0,13.0762,41.8743,98.71,230.6766,0.0311,0.0001,99.8412,205.6375,48.734,-16.0933,0.0,0.0001,2.4883,-0.0004,5.8899,35.7437,13.0589,26.9574,35.6348
64.0,127.0,13.0646,41.8629,79.0777,230.9011,0.0294,0.0001,99.869,205.6375,48.734,-16.0933,0.0,0.0001,2.4887,0.0002,5.8897,35.7428,13.0469,26.9591,35.637
65.0,129.0,13.0661,41.8652,92.7239,230.9166,0.0351,0.0001,99.8453,205.6376,48.734,-16.0933,0.0,0.0001,2.4884,0.0,5.8918,35.7429,13.0482,26.9589,35.6368
66.0,131.0,13.0473,41.8443,98.6519,231.3853,0.0301,0.0001,99.8591,205.6376,48.734,-16.0933,0.0,0.0001,2.49,0.0006,5.8927,35.7396,13.0292,26.9602,35.6389
67.0,133.0,13.041,41.8381,98.7025,231.1237,0.0305,0.0001,99.849,205.6376,48.734,-16.0933,0.0,0.0001,2.489,-0.0004,5.8949,35.7387,13.0226,26.9608,35.6397
68.0,135.0,13.0284,41.8249,93.1557,231.6384,0.0363,0.0001,99.8085,205.6377,48.734,-16.0933,0.0,0.0001,2.4899,0.0007,5.8968,35.7372,13.0097,26.9624,35.6418
69.0,137.0,13.0125,41.8069,79.3764,231.2286,0.0306,0.0001,99.8283,205.6377,48.734,-16.0933,0.0,0.0001,2.4885,-0.0006,5.8971,35.7342,12.9936,26.9632,35.6433
70.0,139.0,13.0087,41.8038,93.0168,231.2835,0.0326,0.0001,99.8324,205.6378,48.7341,-16.0934,0.0,0.0001,2.4879,-0.0004,5.8981,35.7338,12.9894,26.9638,35.644
71.0,141.0,13.0101,41.8044,98.42,231.4174,0.0321,0.0001,99.8015,205.6378,48.7341,-16.0934,0.0,0.0001,2.4872,-0.0002,5.9014,35.7324,12.9907,26.9624,35.6426
72.0,143.0,12.9733,41.763,98.695,231.459,0.0291,0.0001,99.8526,205.6378,48.7341,-16.0934,0.0,0.0001,2.4867,-0.0001,5.9019,35.7265,12.9536,26.9654,35.6471
73.0,145.0,12.9629,41.7527,88.2506,231.5436,0.0315,0.0001,99.7921,205.6379,48.7341,-16.0934,0.0,0.0001,2.4862,-0.0001,5.9045,35.7256,12.9429,26.9668,35.6489
74.0,147.0,12.9473,41.7362,93.7156,231.4886,0.0286,0.0001,99.8291,205.6379,48.7341,-16.0934,0.0,0.0001,2.4851,-0.0004,5.9063,35.7236,12.927,26.9685,35.6513
75.0,149.0,12.9358,41.7237,98.5594,231.3751,0.0264,0.0001,99.8434,205.638,48.7341,-16.0934,0.0,0.0001,2.4844,-0.0004,5.905,35.7216,12.9152,26.9693,35.6526
76.0,151.0,12.9348,41.7231,98.4369,231.4056,0.0276,0.0001,99.8253,205.638,48.7341,-16.0934,0.0,0.0001,2.4827,-0.0006,5.9115,35.7212,12.9141,26.9692,35.6525
77.0,153.0,12.8877,41.6685,62.5722,231.5293,0.0315,0.0001,99.8014,205.638,48.7341,-16.0934,0.0,0.0001,2.4812,-0.0001,5.9143,35.7124,12.8667,26.972,35.6572
78.0,155.0,12.8781,41.6586,86.5708,231.2737,0.0302,0.0001,99.8351,205.6381,48.7341,-16.0934,0.0,0.0001,2.4798,-0.0006,5.9139,35.7112,12.8568,26.973,35.6587
79.0,157.0,12.8786,41.6611,97.3681,231.8249,0.0368,0.0001,99.8029,205.6381,48.7342,-16.0934,0.0,0.0001,2.4818,0.0004,5.9144,35.7121,12.857,26.9736,35.6592
80.0,159.0,12.88,41.6634,74.6903,231.6564,0.0322,0.0001,99.8377,205.6382,48.7342,-16.0934,0.0,0.0001,2.4811,-0.0002,5.915,35.7122,12.8582,26.9735,35.6591
81.0,161.0,12.8711,41.6549,52.0125,231.9709,0.0315,0.0001,99.8242,205.6382,48.7342,-16.0934,0.0,0.0001,2.4816,0.0004,5.9157,35.7117,12.8489,26.975,35.6609
82.0,163.0,12.8644,41.6486,91.8834,231.8457,0.0277,0.0001,99.8117,205.6382,48.7342,-16.0934,0.0,0.0001,2.4813,-0.0001,5.9157,35.711,12.8419,26.9759,35.662
83.0,165.0,12.8678,41.6524,98.695,231.453,0.0281,0.0001,99.7974,205.6383,48.7342,-16.0934,0.0,0.0001,2.479,-0.0011,5.9177,35.7107,12.8452,26.975,35.6611
84.0,167.0,12.8457,41.6285,98.705,231.4948,0.0267,0.0001,99.7778,205.6383,48.7342,-16.0935,0.0,0.0001,2.4768,-0.0003,5.9187,35.7078,12.8228,26.9772,35.6642
85.0,169.0,12.8419,41.6252,83.1559,231.9662,0.0307,0.0001,99.8147,205.6383,48.7342,-16.0935,0.0,0.0001,2.4784,0.0006,5.9187,35.7073,12.8187,26.9776,35.6648
86.0,171.0,12.844,41.6282,86.0614,231.7242,0.0286,0.0001,99.7353,205.6384,48.7342,-16.0935,0.0,0.0001,2.4777,-0.0003,5.9195,35.7075,12.8206,26.9774,35.6645
87.0,173.0,12.832,41.6148,94.4921,231.2203,0.0283,0.0001,99.8035,205.6384,48.7342,-16.0935,0.0,0.0001,2.4739,-0.0012,5.9233,35.705,12.8083,26.978,35.6655
88.0,175.0,12.7981,41.5764,98.6306,231.872,0.0267,0.0001,99.7961,205.6385,48.7342,-16.0935,0.0,0.0001,2.4755,0.0003,5.9241,35.6991,12.7741,26.9802,35.6692
89.0,177.0,12.8025,41.5819,98.7023,231.6705,0.0256,0.0001,99.7753,205.6385,48.7342,-16.0935,0.0,0.0001,2.4732,-0.0004,5.9277,35.6995,12.7782,26.9797,35.6685
90.0,179.0,12.772,41.5476,98.7067,231.3002,0.0275,0.0001,99.7752,205.6386,48.7342,-16.0935,0.0,0.0001,2.4709,-0.0012,5.9312,35.6946,12.7475,26.9821,35.6721
91.0,181.0,12.7345,41.5041,98.705,231.6053,0.0276,0.0001,99.7793,205.6386,48.7342,-16.0935,0.0,0.0001,2.4704,-0.0001,5.9314,35.6872,12.7097,26.9839,35.6755
92.0,183.0,12.7362,41.5053,83.2346,231.3207,0.0289,0.0001,99.7676,205.6387,48.7342,-16.0935,0.0,0.0001,2.4681,-0.0006,5.9333,35.6861,12.7112,26.9827,35.6743
93.0,185.0,12.717,41.4856,94.6356,232.166,0.0274,0.0001,99.75,205.6387,48.7342,-16.0935,0.0,0.0001,2.4704,0.001,5.9356,35.6842,12.6917,26.9851,35.6775
94.0,187.0,12.7123,41.4812,98.6227,231.8584,0.0305,0.0001,99.7732,205.6387,48.7342,-16.0935,0.0,0.0001,2.4696,-0.0002,5.9375,35.6837,12.6868,26.9857,35.6782
95.0,189.0,12.6971,41.465,98.71,231.6517,0.0306,0.0001,99.7559,205.6388,48.7342,-16.0935,0.0,0.0001,2.468,-0.0005,5.9382,35.6816,12.6714,26.9872,35.6803
96.0,191.0,12.693,41.461,79.7135,231.6196,0.0306,0.0001,99.7851,205.6388,48.7342,-16.0935,0.0,0.0001,2.4667,-0.0004,5.9387,35.6808,12.667,26.9874,35.6807
97.0,193.0,12.6876,41.4556,95.497,231.7384,0.0287,0.0001,99.7735,205.6389,48.7343,-16.0935,0.0,0.0001,2.4661,-0.0002,5.9398,35.68,12.6613,26.9879,35.6815
98.0,195.0,12.6787,41.4462,98.5513,231.4711,0.0289,0.0001,99.7825,205.6389,48.7343,-16.0935,0.0,0.0001,2.4642,-0.0005,5.9403,35.6783,12.6521,26.9884,35.6824
99.0,197.0,12.6742,41.4417,98.71,231.588,0.0247,0.0001,99.7774,205.6389,48.7343,-16.0936,0.0,0.0001,2.4637,-0.0002,5.9411,35.6774,12.6474,26.9887,35.6828
100.0,199.0,12.6646,41.4315,81.6372,231.5472,0.0278,0.0001,99.7439,205.639,48.7343,-16.0936,0.0,0.0001,2.4625,-0.0004,5.9442,35.6759,12.6376,26.9895,35.684
101.0,201.0,12.6406,41.4043,95.382,231.5719,0.0281,0.0001,99.7824,205.639,48.7343,-16.0936,0.0,0.0001,2.4605,-0.0003,5.947,35.6715,12.6133,26.9909,35.6864
102.0,203.0,12.6215,41.3834,98.7157,231.7825,0.0293,0.0001,99.7683,205.6391,48.7343,-16.0936,0.0,0.0001,2.4611,0.0001,5.9483,35.6686,12.5939,26.9924,35.6888
103.0,205.0,12.6135,41.3746,89.6936,231.9523,0.0283,0.0001,99.7728,205.6391,48.7343,-16.0936,0.0,0.0001,2.4619,0.0,5.9498,35.6668,12.5857,26.9928,35.6894
104.0,207.0,12.6034,41.364,98.701,231.8026,0.0271,0.0001,99.7773,205.6391,48.7343,-16.0936,0.0,0.0001,2.4607,-0.0002,5.9492,35.6652,12.5753,26.9935,35.6906
105.0,209.0,12.6059,41.3669,98.7,231.5553,0.0273,0.0001,99.7003,205.6392,48.7343,-16.0936,0.0,0.0001,2.4588,-0.0006,5.9508,35.6648,12.5775,26.9928,35.6898
106.0,211.0,12.5947,41.356,71.5608,231.4054,0.0272,0.0001,99.7535,205.6392,48.7343,-16.0936,0.0,0.0001,2.4569,-0.0007,5.9521,35.6639,12.5661,26.9944,35.6918
107.0,213.0,12.5779,41.3378,97.4189,231.845,0.0283,0.0001,99.7571,205.6393,48.7343,-16.0936,0.0,0.0001,2.4573,0.0002,5.9546,35.6615,12.549,26.9959,35.694
108.0,215.0,12.5628,41.3212,98.7,231.711,0.0274,0.0001,99.728,205.6393,48.7343,-16.0936,0.0,0.0001,2.4567,-0.0002,5.9557,35.6588,12.5337,26.9968,35.6956
109.0,217.0,12.5554,41.3134,78.14,231.6861,0.0246,0.0001,99.739,205.6394,48.7343,-16.0936,0.0,0.0001,2.4558,-0.0005,5.9568,35.6576,12.5261,26.9974,35.6965
110.0,219.0,12.5452,41.3027,95.6225,231.9703,0.0271,0.0001,99.7353,205.6394,48.7343,-16.0936,0.0,0.0001,2.4564,0.0002,5.9578,35.6558,12.5155,26.9981,35.6976
111.0,221.0,12.5455,41.3036,98.7,231.7547,0.0278,0.0001,99.7309,205.6394,48.7343,-16.0936,0.0,0.0001,2.4547,-0.0006,5.9602,35.6558,12.5156,26.998,35.6976
112.0,223.0,12.5193,41.2753,98.6984,231.9746,0.027,0.0001,99.7168,205.6395,48.7343,-16.0936,0.0,0.0001,2.4543,0.0001,5.9603,35.6522,12.4891,27.0005,35.7011
113.0,225.0,12.5145,41.2706,98.7018,231.6056,0.0278,0.0001,99.7145,205.6395,48.7343,-16.0936,0.0,0.0001,2.4527,-0.0009,5.9626,35.6514,12.4842,27.0009,35.7017
114.0,227.0,12.5057,41.2615,98.7028,232.3608,0.0255,0.0001,99.7333,205.6396,48.7343,-16.0936,0.0,0.0001,2.4543,0.0009,5.9624,35.6501,12.475,27.0016,35.7028
115.0,229.0,12.4981,41.2538,81.7577,231.8986,0.0249,0.0001,99.6804,205.6396,48.7343,-16.0937,0.0,0.0001,2.4537,-0.0008,5.9641,35.649,12.4672,27.0024,35.7039
116.0,231.0,12.4949,41.2511,95.6419,231.9118,0.0307,0.0001,99.7174,205.6396,48.7343,-16.0937,0.0,0.0001,2.4514,-0.0001,5.9644,35.6487,12.4637,27.0028,35.7045
117.0,233.0,12.4884,41.2451,94.0087,232.4589,0.0287,0.0001,99.6842,205.6397,48.7343,-16.0937,0.0,0.0001,2.4538,0.0006,5.965,35.6479,12.457,27.0035,35.7055
118.0,235.0,12.4889,41.2462,98.7275,231.4784,0.0249,0.0001,99.6876,205.6397,48.7343,-16.0937,0.0,0.0001,2.4492,-0.0018,5.9675,35.6478,12.4571,27.0034,35.7053
119.0,237.0,12.467,41.2225,98.7022,232.0258,0.023,0.0001,99.7207,205.6398,48.7343,-16.0937,0.0,0.0001,2.4501,0.0,5.9681,35.6447,12.435,27.0053,35.7081
120.0,239.0,12.465,41.2214,98.7004,232.1943,0.0253,0.0001,99.7079,205.6398,48.7344,-16.0937,0.0,0.0001,2.4502,0.0003,5.9687,35.6447,12.4328,27.0058,35.7087
121.0,241.0,12.4569,41.2135,84.9665,232.5981,0.0269,0.0001,99.7094,205.6398,48.7344,-16.0937,0.0,0.0001,2.4515,0.0006,5.971,35.6438,12.4244,27.0067,35.71
122.0,243.0,12.4407,41.1963,98.6962,232.8248,0.0281,0.0001,99.6975,205.6399,48.7344,-16.0937,0.0,0.0001,2.4532,0.0003,5.9726,35.6417,12.408,27.0084,35.7123
123.0,245.0,12.4291,41.183,98.71,232.2558,0.027,0.0001,99.7181,205.6399,48.7344,-16.0937,0.0,0.0001,2.4503,-0.0011,5.9753,35.6391,12.3962,27.0086,35.713
124.0,247.0,12.4009,41.1515,69.253,231.2433,0.0232,0.0001,99.7021,205.6399,48.7344,-16.0937,0.0,0.0001,2.4433,-0.0021,5.9779,35.6345,12.3677,27.0106,35.7162
125.0,249.0,12.3847,41.134,96.3558,231.2209,0.0231,0.0001,99.6982,205.64,48.7344,-16.0937,0.0,0.0001,2.4386,-0.0008,5.9803,35.6318,12.3513,27.0118,35.7181
126.0,251.0,12.3675,41.1153,98.6991,231.1034,0.0231,0.0001,99.6886,205.64,48.7344,-16.0937,0.0,0.0001,2.4361,-0.0006,5.9814,35.6292,12.3338,27.0132,35.7201
127.0,253.0,12.3615,41.1089,98.7025,231.3695,0.0237,0.0001,99.6979,205.6401,48.7344,-16.0937,0.0,0.0001,2.4364,0.0001,5.9804,35.6278,12.3275,27.0134,35.7206
128.0,255.0,12.3471,41.094,82.4935,231.209,0.0261,0.0001,99.6772,205.6401,48.7344,-16.0937,0.0,0.0001,2.4353,-0.0006,5.9848,35.6261,12.3129,27.0148,35.7227
129.0,257.0,12.3312,41.0765,93.2782,229.8651,0.0289,0.0001,99.6779,205.6401,48.7344,-16.0937,0.0,0.0001,2.4278,-0.0029,5.9894,35.6234,12.2967,27.016,35.7245
130.0,259.0,12.3036,41.045,98.7193,230.8403,0.0266,0.0001,99.6923,205.6402,48.7344,-16.0937,0.0,0.0001,2.428,0.0004,5.9874,35.6182,12.2689,27.0173,35.727
131.0,261.0,12.3041,41.046,98.7007,230.823,0.0259,0.0001,99.688,205.6402,48.7344,-16.0938,0.0,0.0001,2.4284,-0.0003,5.9905,35.6179,12.2692,27.017,35.7267
132.0,263.0,12.2905,41.0314,59.5271,230.6138,0.0229,0.0001,99.6724,205.6403,48.7344,-16.0938,0.0,0.0001,2.4276,-0.0005,5.9912,35.6159,12.2553,27.0182,35.7284
133.0,265.0,12.2565,40.9954,92.2232,232.1026,0.0287,0.0001,99.6589,205.6403,48.7344,-16.0938,0.0,0.0001,2.4323,0.0016,5.9957,35.6122,12.221,27.022,35.7336
134.0,267.0,12.2534,40.9901,98.71,234.1025,0.0299,0.0001,99.6314,205.6403,48.7344,-16.0938,0.0,0.0001,2.4425,0.0039,5.9982,35.6091,12.2178,27.0202,35.732
135.0,269.0,12.2287,40.9653,98.7062,233.3596,0.0319,0.0001,99.6669,205.6404,48.7344,-16.0938,0.0,0.0001,2.4444,0.0,5.9998,35.6077,12.1928,27.024,35.7368
136.0,271.0,12.2278,40.9657,84.4409,233.797,0.0323,0.0001,99.6747,205.6404,48.7344,-16.0938,0.0,0.0001,2.4459,0.0007,6.0,35.6081,12.1916,27.0245,35.7373
137.0,273.0,12.22,40.9573,98.7025,233.6078,0.0308,0.0001,99.6719,205.6404,48.7345,-16.0938,0.0,0.0001,2.446,-0.0002,6.0002,35.6064,12.1836,27.0248,35.7379
138.0,275.0,12.1996,40.9357,98.71,233.8801,0.0303,0.0001,99.6165,205.6405,48.7345,-16.0938,0.0,0.0001,2.446,-0.0001,6.0056,35.6039,12.163,27.0268,35.7408
139.0,277.0,12.1672,40.8974,81.1099,234.4487,0.0328,0.0001,99.6694,205.6405,48.7345,-16.0938,0.0,0.0001,2.4462,0.0006,6.0138,35.5967,12.1303,27.0276,35.7429
140.0,279.0,12.1182,40.842,98.0419,234.9637,0.0317,0.0001,99.6765,205.6405,48.7345,-16.0938,0.0,0.0001,2.4493,0.0008,6.0145,35.5883,12.0812,27.0305,35.748
141.0,281.0,12.1122,40.8355,94.17,234.5334,0.0331,0.0001,99.6669,205.6406,48.7345,-16.0938,0.0,0.0001,2.4478,-0.0007,6.0189,35.5869,12.075,27.0307,35.7484
142.0,283.0,12.0721,40.7912,87.6767,235.0991,0.0322,0.0001,99.658,205.6406,48.7345,-16.0938,0.0,0.0001,2.4479,0.0003,6.0241,35.5811,12.0347,27.0339,35.7533
143.0,285.0,12.0405,40.7558,91.685,235.4032,0.0308,0.0001,99.6646,205.6407,48.7345,-16.0938,0.0,0.0001,2.45,0.0005,6.0247,35.5757,12.0029,27.0359,35.7566
144.0,287.0,12.0346,40.7511,98.69,235.184,0.0262,0.0001,99.6694,205.6407,48.7345,-16.0939,0.0,0.0001,2.4487,-0.0003,6.0259,35.5757,11.9967,27.0371,35.758
145.0,289.0,12.0248,40.7421,98.7079,234.3646,0.0286,0.0001,99.678,205.6407,48.7345,-16.0938,0.0,0.0001,2.4459,-0.0011,6.0168,35.5754,11.9867,27.0388,35.7601
146.0,291.0,12.0971,40.837,73.5639,228.5228,0.0303,0.0001,99.739,205.6408,48.7345,-16.0939,0.0,0.0001,2.4242,-0.0128,6.0186,35.5983,12.0585,27.0428,35.7609
147.0,293.0,12.1114,40.8558,95.1328,230.9362,0.0256,0.0001,99.7163,205.6408,48.7345,-16.0939,0.0,0.0001,2.4196,-0.0023,6.015,35.6022,12.0726,27.043,35.7606
148.0,295.0,12.1266,40.8767,37.3718,227.4112,0.0262,0.0001,99.7693,205.6408,48.7345,-16.0939,0.0,0.0001,2.4044,-0.0082,6.0122,35.6073,12.0875,27.0441,35.761
149.0,297.0,12.1327,40.8892,94.3715,228.0889,0.0255,0.0001,99.743,205.6409,48.7345,-16.0939,0.0,0.0001,2.3972,-0.0025,6.0117,35.6125,12.0932,27.0471,35.7637
150.0,299.0,12.1325,40.889,98.6964,228.5743,0.0225,0.0001,99.7492,205.6409,48.7345,-16.0939,0.0,0.0001,2.3957,-0.0002,6.0072,35.6118,12.0928,27.0466,35.7633
151.0,301.0,12.17,40.9451,98.6992,228.7048,0.0227,0.0001,99.7824,205.6409,48.7345,-16.0939,0.0,0.0001,2.3956,0.0,6.0084,35.6297,12.13,27.0533,35.7683
152.0,303.0,12.1687,40.9432,98.5384,228.6727,0.0247,0.0001,99.7783,205.641,48.7345,-16.0939,0.0,0.0001,2.3956,0.0,6.0065,35.6282,12.1284,27.0525,35.7675
153.0,305.0,12.1706,40.9461,98.695,228.7394,0.0233,0.0001,99.6774,205.641,48.7345,-16.0939,0.0,0.0001,2.3954,0.0001,6.0048,35.6287,12.13,27.0525,35.7675
154.0,307.0,12.1801,40.9602,98.7036,227.5639,0.0219,0.0001,99.7885,205.641,48.7345,-16.0939,0.0,0.0001,2.3924,-0.0023,6.0054,35.6323,12.1392,27.0536,35.7681
155.0,309.0,12.1713,40.9506,84.4968,228.3106,0.0214,0.0001,99.7673,205.6411,48.7345,-16.0939,0.0,0.0001,2.3903,-0.0005,6.015,35.6306,12.1302,27.054,35.7689
156.0,311.0,12.0832,40.8411,89.8672,226.5836,0.0244,0.0001,99.7824,205.6411,48.7345,-16.0939,0.0,0.0001,2.3822,-0.0041,6.0222,35.6069,12.042,27.0526,35.7714
157.0,313.0,12.0403,40.7945,98.6946,226.8752,0.0222,0.0001,99.7707,205.6411,48.7345,-16.0939,0.0,0.0001,2.3799,-0.0016,6.017,35.6014,11.999,27.0566,35.7771
158.0,315.0,12.0616,40.8204,98.6069,227.1686,0.0238,0.0001,99.7083,205.6412,48.7346,-16.0939,0.0,0.0001,2.3779,-0.0015,6.0292,35.6056,12.0199,27.0559,35.7755
159.0,317.0,11.9669,40.7078,98.7,225.4144,0.0207,0.0001,99.7824,205.6412,48.7346,-16.0939,0.0,0.0001,2.3675,-0.0038,6.0321,35.5849,11.9251,27.058,35.7816
160.0,319.0,11.9385,40.6749,85.3571,226.5695,0.0225,0.0001,99.722,205.6412,48.7346,-16.0939,0.0,0.0001,2.3681,-0.0001,6.0301,35.5787,11.8965,27.0586,35.7835
161.0,321.0,11.9504,40.6907,98.7139,225.7342,0.0222,0.0001,99.7745,205.6413,48.7346,-16.094,0.0,0.0001,2.3635,-0.0018,6.0333,35.5821,11.9082,27.0591,35.7834
162.0,323.0,11.9603,40.7079,98.6853,223.8544,0.0232,0.0001,99.7817,205.6413,48.7346,-16.094,0.0,0.0001,2.3552,-0.0048,6.0319,35.5888,11.9178,27.0624,35.7863
163.0,325.0,11.974,40.7271,81.9037,224.0846,0.0232,0.0001,99.772,205.6413,48.7346,-16.094,0.0,0.0001,2.3499,-0.0018,6.0321,35.5934,11.9312,27.0635,35.7867
164.0,327.0,11.9783,40.7338,95.9134,224.6821,0.0225,0.0001,99.7473,205.6414,48.7346,-16.094,0.0,0.0001,2.3504,-0.0002,6.0318,35.595,11.9352,27.0639,35.787
165.0,329.0,11.9773,40.7343,98.7053,224.2682,0.0217,0.0001,99.7824,205.6414,48.7346,-16.094,0.0,0.0001,2.3489,-0.0008,6.0321,35.5955,11.9339,27.0645,35.7877
166.0,331.0,11.9732,40.7309,98.7021,224.4913,0.024,0.0001,99.7693,205.6414,48.7346,-16.094,0.0,0.0001,2.3474,-0.0002,6.0336,35.5953,11.9295,27.0652,35.7886
167.0,333.0,11.9616,40.7184,79.9312,224.318,0.0313,0.0001,99.7792,205.6415,48.7346,-16.094,0.0,0.0001,2.346,-0.0006,6.036,35.5935,11.9177,27.0661,35.7899
168.0,335.0,11.9324,40.6849,97.7945,224.3537,0.0207,0.0001,99.7496,205.6415,48.7346,-16.094,0.0,0.0001,2.3449,-0.0004,6.0379,35.5875,11.8884,27.0671,35.7921
169.0,337.0,11.9329,40.6849,98.6993,223.4639,0.0222,0.0001,99.7463,205.6416,48.7346,-16.094,0.0,0.0001,2.3409,-0.002,6.0388,35.5864,11.8886,27.0662,35.7912
170.0,339.0,11.9166,40.6677,98.6925,223.8479,0.0185,0.0001,99.7535,205.6416,48.7346,-16.094,0.0,0.0001,2.3405,-0.0007,6.0392,35.5842,11.872,27.0676,35.7934
171.0,341.0,11.9195,40.6728,79.4158,224.1299,0.0192,0.0001,99.732,205.6416,48.7346,-16.094,0.0,0.0001,2.3404,0.0001,6.0394,35.5855,11.8746,27.0681,35.7937
172.0,343.0,11.9161,40.6691,98.6957,223.9096,0.0173,0.0001,99.7559,205.6417,48.7346,-16.094,0.0,0.0001,2.3387,-0.0008,6.0436,35.5843,11.8711,27.0678,35.7936
173.0,345.0,11.8914,40.641,98.6976,223.7511,0.0232,0.0001,99.7824,205.6417,48.7346,-16.094,0.0,0.0001,2.3372,-0.0008,6.043,35.5793,11.8461,27.0688,35.7956
174.0,347.0,11.8786,40.6282,98.6881,224.1721,0.0222,0.0001,99.7578,205.6417,48.7346,-16.0941,0.0,0.0001,2.3374,0.0003,6.0447,35.5779,11.8331,27.0702,35.7975
175.0,349.0,11.8726,40.6208,98.694,222.8814,0.0252,0.0001,99.7576,205.6418,48.7346,-16.0941,0.0,0.0001,2.3316,-0.0027,6.0507,35.5758,11.8268,27.0697,35.7974
176.0,351.0,11.8303,40.5728,98.6918,223.0945,0.026,0.0001,99.7934,205.6418,48.7346,-16.0941,0.0,0.0001,2.328,-0.0007,6.0519,35.5681,11.7843,27.0718,35.8013
177.0,353.0,11.825,40.5692,77.3369,222.6674,0.0231,0.0001,99.7829,205.6418,48.7346,-16.0941,0.0,0.0001,2.3258,-0.0011,6.0495,35.5689,11.7789,27.0735,35.8032
178.0,355.0,11.8195,40.5665,96.1383,222.7266,0.0206,0.0001,99.7854,205.6419,48.7347,-16.0941,0.0,0.0001,2.3237,-0.0006,6.052,35.5705,11.7731,27.0759,35.8057
179.0,357.0,11.8304,40.5782,98.699,222.6672,0.024,0.0001,99.787,205.6419,48.7347,-16.0941,0.0,0.0001,2.3223,-0.0001,6.0492,35.5706,11.7837,27.0739,35.8034
180.0,359.0,11.8475,40.6053,87.419,222.6493,0.023,0.0001,99.7824,205.6419,48.7347,-16.0941,0.0,0.0001,2.3223,-0.0001,6.0471,35.5801,11.8005,27.0781,35.8068
181.0,361.0,11.8612,40.6234,98.6879,222.5465,0.0216,0.0001,99.7859,205.642,48.7347,-16.0941,0.0,0.0001,2.3218,-0.0001,6.0434,35.584,11.8139,27.0786,35.8067
182.0,363.0,11.8872,40.6594,98.6933,222.9336,0.0224,0.0001,99.7859,205.642,48.7347,-16.0941,0.0,0.0001,2.3223,0.0006,6.043,35.5935,11.8395,27.0811,35.808
183.0,365.0,11.8953,40.6703,98.6891,222.7338,0.0205,0.0001,99.7847,205.642,48.7347,-16.0941,0.0,0.0001,2.323,0.0,6.0401,35.5955,11.8473,27.0811,35.8077
184.0,367.0,11.9131,40.6966,72.2873,222.8596,0.0203,0.0001,99.7795,205.6421,48.7347,-16.0941,0.0,0.0001,2.324,0.0,6.0381,35.6035,11.8648,27.084,35.8097
185.0,369.0,11.9264,40.7142,98.5112,222.5894,0.0227,0.0001,99.7824,205.6421,48.7347,-16.0941,0.0,0.0001,2.3224,-0.0006,6.0395,35.6071,11.8778,27.0843,35.8095
186.0,371.0,11.9238,40.712,98.6971,222.5877,0.0229,0.0001,99.7228,205.6421,48.7347,-16.0941,0.0,0.0001,2.3221,-0.0005,6.0388,35.6066,11.875,27.0844,35.8098
187.0,373.0,11.9218,40.7115,98.6875,221.34,0.0177,0.0001,99.7769,205.6422,48.7347,-16.0941,0.0,0.0001,2.3159,-0.0027,6.039,35.6072,11.8728,27.0853,35.8107
188.0,375.0,11.9061,40.6944,84.6288,221.8272,0.0197,0.0001,99.7684,205.6422,48.7347,-16.0941,0.0,0.0001,2.3148,-0.0007,6.042,35.6044,11.8567,27.0863,35.8123
189.0,377.0,11.8927,40.6794,98.6974,220.5569,0.0218,0.0001,99.7592,205.6422,48.7347,-16.0941,0.0,0.0001,2.3088,-0.0031,6.0486,35.6017,11.8431,27.0867,35.8134
190.0,379.0,11.8523,40.6342,98.4542,219.6491,0.018,0.0001,99.7824,205.6423,48.7347,-16.0941,0.0,0.0001,2.3015,-0.0034,6.0463,35.5952,11.8026,27.0894,35.8178
191.0,381.0,11.8407,40.6212,98.6641,220.3397,0.0175,0.0001,99.7084,205.6423,48.7347,-16.0941,0.0,0.0001,2.299,-0.0008,6.0523,35.5926,11.7907,27.0896,35.8185
192.0,383.0,11.8154,40.5903,98.6839,219.3397,0.0167,0.0001,99.7772,205.6423,48.7348,-16.0942,0.0,0.0001,2.2925,-0.0023,6.0563,35.5856,11.7652,27.0891,35.819
193.0,385.0,11.7752,40.5482,69.5901,220.435,0.0187,0.0001,99.7731,205.6424,48.7348,-16.0942,0.0,0.0001,2.2942,0.0008,6.0561,35.5817,11.7249,27.0937,35.8254
194.0,387.0,11.777,40.5508,94.262,220.1734,0.0214,0.0001,99.7455,205.6424,48.7348,-16.0942,0.0,0.0001,2.2935,-0.0003,6.0596,35.5819,11.7264,27.0936,35.8252
195.0,389.0,11.7607,40.5335,98.6967,220.3065,0.0199,0.0001,99.7694,205.6424,48.7348,-16.0942,0.0,0.0001,2.2924,-0.0001,6.0623,35.5795,11.7099,27.0948,35.8271
196.0,391.0,11.7459,40.5177,98.6997,220.4935,0.0209,0.0001,99.7704,205.6425,48.7348,-16.0942,0.0,0.0001,2.2922,0.0,6.064,35.5774,11.6949,27.0961,35.829
197.0,393.0,11.7284,40.4988,70.1047,220.4199,0.0204,0.0001,99.7744,205.6425,48.7348,-16.0942,0.0,0.0001,2.2923,0.0,6.0626,35.5746,11.6772,27.0972,35.8308
198.0,395.0,11.7277,40.4992,90.7496,219.8274,0.0224,0.0001,99.7254,205.6425,48.7348,-16.0942,0.0,0.0001,2.2891,-0.0014,6.0666,35.575,11.6763,27.0977,35.8313
199.0,397.0,11.7104,40.48,98.68,218.9397,0.0207,0.0001,99.7736,205.6426,48.7348,-16.0942,0.0,0.0001,2.2835,-0.0021,6.0664,35.5716,11.6587,27.0984,35.8328
200.0,399.0,11.702,40.4718,97.4594,219.8695,0.0206,0.0001,99.7465,205.6426,48.7348,-16.0942,0.0,0.0001,2.2843,0.0004,6.0675,35.5703,11.65,27.0991,35.8338
201.0,401.0,11.7035,40.4737,80.2693,220.2113,0.0233,0.0001,99.7499,205.6427,48.7348,-16.0942,0.0,0.0001,2.2852,0.0001,6.0752,35.5703,11.6513,27.0988,35.8335
202.0,403.0,11.6596,40.4253,98.6938,222.1191,0.0231,0.0001,99.7728,205.6427,48.7348,-16.0942,0.0,0.0001,2.2919,0.0036,6.0731,35.5637,11.6072,27.102,35.8386
203.0,405.0,11.6441,40.4099,83.4268,221.9081,0.0229,0.0001,99.7581,205.6427,48.7348,-16.0942,0.0,0.0001,2.297,0.0007,6.0739,35.5622,11.5915,27.1038,35.841
204.0,407.0,11.6612,40.4302,87.4024,220.8362,0.0204,0.0001,99.7582,205.6428,48.7348,-16.0942,0.0,0.0001,2.2926,-0.0017,6.0782,35.5653,11.6084,27.103,35.8395
205.0,409.0,11.6237,40.3878,98.6864,221.7806,0.0227,0.0001,99.7736,205.6428,48.7348,-16.0942,0.0,0.0001,2.294,0.0008,6.0768,35.5585,11.5706,27.1048,35.8429
206.0,411.0,11.6216,40.3868,98.6961,221.9938,0.0225,0.0001,99.7764,205.6428,48.7348,-16.0942,0.0,0.0001,2.2956,0.0007,6.0776,35.5586,11.5682,27.1053,35.8435
207.0,413.0,11.6282,40.3951,98.6935,222.0408,0.021,0.0001,99.7248,205.6429,48.7348,-16.0942,0.0,0.0001,2.2966,0.0001,6.0785,35.5598,11.5747,27.1051,35.843
208.0,415.0,11.6237,40.3942,98.6948,220.2454,0.0215,0.0001,99.7535,205.6429,48.7348,-16.0942,0.0,0.0001,2.2903,-0.0034,6.0794,35.5623,11.5699,27.1079,35.846
209.0,417.0,11.6098,40.3816,98.694,220.23,0.0188,0.0001,99.7535,205.6429,48.7348,-16.0942,0.0,0.0001,2.2857,-0.0017,6.0784,35.5621,11.5557,27.1105,35.8491
210.0,419.0,11.6099,40.3815,86.3982,220.5149,0.0223,0.0001,99.7344,205.643,48.7348,-16.0943,0.0,0.0001,2.2844,-0.0007,6.0808,35.5613,11.5556,27.1098,35.8485
211.0,421.0,11.5951,40.3662,92.4743,219.2796,0.0167,0.0001,99.7456,205.643,48.7349,-16.0943,0.0,0.0001,2.2775,-0.0024,6.082,35.5594,11.5405,27.1112,35.8505
212.0,423.0,11.5954,40.3674,98.6881,219.3322,0.0198,0.0001,99.7502,205.643,48.7349,-16.0943,0.0,0.0001,2.2755,-0.0012,6.0816,35.5594,11.5406,27.1112,35.8505
213.0,425.0,11.5938,40.3662,98.6721,219.8682,0.0219,0.0001,99.7204,205.6431,48.7349,-16.0943,0.0,0.0001,2.2754,-0.0004,6.0878,35.5589,11.5388,27.1112,35.8505
214.0,427.0,11.5377,40.3011,98.698,219.2898,0.0193,0.0001,99.7556,205.6431,48.7349,-16.0943,0.0,0.0001,2.2717,-0.001,6.0886,35.5475,11.4825,27.1128,35.8546
215.0,429.0,11.496,40.2537,62.7546,220.1609,0.0204,0.0001,99.6827,205.6431,48.7349,-16.0943,0.0,0.0001,2.2727,0.0002,6.0973,35.5398,11.4407,27.1146,35.8582
216.0,431.0,11.4951,40.2534,94.3231,220.0029,0.0199,0.0001,99.7682,205.6432,48.7349,-16.0943,0.0,0.0001,2.2721,-0.0001,6.0966,35.5396,11.4395,27.1147,35.8583
217.0,433.0,11.4903,40.2484,98.6896,220.3088,0.0204,0.0001,99.739,205.6432,48.7349,-16.0943,0.0,0.0001,2.2729,0.0005,6.0957,35.5381,11.4345,27.1145,35.8584
218.0,435.0,11.4909,40.2497,98.5868,220.0907,0.0228,0.0001,99.6843,205.6432,48.7349,-16.0943,0.0,0.0001,2.2723,-0.0005,6.0993,35.5381,11.4349,27.1144,35.8583
219.0,437.0,11.4667,40.2214,98.71,220.2237,0.0208,0.0001,99.7535,205.6433,48.7349,-16.0943,0.0,0.0001,2.2716,0.0001,6.0996,35.5325,11.4104,27.1146,35.8595
220.0,439.0,11.4425,40.1957,79.6799,220.3885,0.0199,0.0001,99.6832,205.6433,48.7349,-16.0943,0.0,0.0001,2.2715,-0.0001,6.1056,35.5295,11.386,27.1168,35.8628
221.0,441.0,11.4239,40.176,89.3733,219.7863,0.0222,0.0001,99.7342,205.6433,48.7349,-16.0943,0.0,0.0001,2.2676,-0.0011,6.1087,35.5269,11.3673,27.1183,35.865
222.0,443.0,11.4048,40.1551,98.692,219.4821,0.0223,0.0001,99.7535,205.6434,48.7349,-16.0943,0.0,0.0001,2.2638,-0.0015,6.1171,35.5236,11.3479,27.1194,35.8669
223.0,445.0,11.3419,40.08,98.4612,219.8962,0.0208,0.0001,99.7003,205.6434,48.7349,-16.0943,0.0,0.0001,2.2625,-0.0002,6.1203,35.5087,11.285,27.1194,35.8697
224.0,447.0,11.3186,40.054,98.6942,219.2654,0.0228,0.0001,99.7404,205.6434,48.7349,-16.0943,0.0,0.0001,2.2594,-0.0011,6.1202,35.5044,11.2615,27.1204,35.8717
225.0,449.0,11.3189,40.055,79.374,219.7358,0.0254,0.0001,99.6746,205.6435,48.7349,-16.0943,0.0,0.0001,2.2596,0.0001,6.1203,35.5044,11.2616,27.1204,35.8717
226.0,451.0,11.3194,40.0566,98.6888,219.817,0.0239,0.0001,99.7445,205.6435,48.7349,-16.0943,0.0,0.0001,2.2599,0.0001,6.1197,35.5046,11.2619,27.1206,35.8718
227.0,453.0,11.3222,40.0616,93.8396,220.3901,0.0234,0.0001,99.7114,205.6435,48.7349,-16.0943,0.0,0.0001,2.2625,0.0007,6.1195,35.5057,11.2643,27.1209,35.8721
228.0,455.0,11.3263,40.0684,98.68,218.7774,0.0232,0.0001,99.7278,205.6436,48.735,-16.0943,0.0,0.0001,2.258,-0.0023,6.1175,35.5079,11.2681,27.122,35.8729
229.0,457.0,11.3392,40.0901,69.8815,217.0244,0.0219,0.0001,99.7735,205.6436,48.7349,-16.0943,0.0,0.0001,2.2476,-0.0042,6.1185,35.516,11.2807,27.1259,35.8763
230.0,459.0,11.3275,40.0775,90.4301,216.8502,0.0218,0.0001,99.7552,205.6436,48.735,-16.0943,0.0,0.0001,2.2401,-0.0023,6.1209,35.514,11.2688,27.1266,35.8774
231.0,461.0,11.3209,40.072,98.6858,216.13,0.0205,0.0001,99.7535,205.6437,48.735,-16.0943,0.0,0.0001,2.2333,-0.0025,6.1252,35.5141,11.262,27.1279,35.879
232.0,463.0,11.2723,40.0164,98.6868,217.7751,0.0238,0.0001,99.7609,205.6437,48.735,-16.0943,0.0,0.0001,2.2369,0.0014,6.1244,35.5045,11.2133,27.1295,35.8827
233.0,465.0,11.2727,40.0168,98.6848,217.0663,0.0226,0.0001,99.742,205.6437,48.735,-16.0943,0.0,0.0001,2.235,-0.001,6.1318,35.504,11.2135,27.129,35.8822
234.0,467.0,11.2282,39.9663,77.7884,217.2422,0.0252,0.0001,99.7592,205.6438,48.735,-16.0943,0.0,0.0001,2.2332,-0.0001,6.1318,35.4953,11.1688,27.1305,35.8857
235.0,469.0,11.1994,39.9354,98.68,217.5428,0.0247,0.0001,99.7673,205.6438,48.735,-16.0943,0.0,0.0001,2.2332,0.0003,6.1321,35.4913,11.1398,27.1327,35.8891
236.0,471.0,11.2169,39.9554,98.6899,216.9545,0.0211,0.0001,99.7306,205.6439,48.735,-16.0944,0.0,0.0001,2.2317,-0.001,6.1364,35.4938,11.1571,27.1314,35.8871
237.0,473.0,11.1989,39.9377,90.8042,216.1412,0.0195,0.0001,99.7772,205.6439,48.735,-16.0944,0.0,0.0001,2.2262,-0.0018,6.1365,35.4927,11.1388,27.1339,35.8904
238.0,475.0,11.2016,39.9455,84.8576,214.9058,0.0226,0.0001,99.7824,205.6439,48.735,-16.0944,0.0,0.0001,2.2199,-0.0032,6.1356,35.4969,11.1412,27.1368,35.8931
239.0,477.0,11.1989,39.9424,96.8982,215.3922,0.0188,0.0001,99.7328,205.644,48.735,-16.0944,0.0,0.0001,2.2176,-0.001,6.1364,35.4955,11.1383,27.1362,35.8926
240.0,479.0,11.1955,39.9411,97.6435,214.3982,0.0229,0.0001,99.7706,205.644,48.735,-16.0944,0.0,0.0001,2.212,-0.0019,6.1345,35.4966,11.1347,27.1378,35.8943
241.0,481.0,11.2115,39.9631,83.2082,212.8791,0.0258,0.0001,99.7668,205.644,48.735,-16.0944,0.0,0.0001,2.2044,-0.0038,6.1353,35.5022,11.1504,27.1392,35.895
242.0,483.0,11.212,39.9655,98.68,213.2677,0.0195,0.0001,99.7704,205.6441,48.735,-16.0944,0.0,0.0001,2.2006,-0.0014,6.1367,35.5032,11.1506,27.14,35.8958
243.0,485.0,11.1875,39.9394,98.6829,211.9836,0.0184,0.0001,99.7769,205.6441,48.735,-16.0944,0.0,0.0001,2.1916,-0.0026,6.1418,35.5,11.1259,27.142,35.8989
244.0,487.0,11.1523,39.8999,83.5339,212.6803,0.0204,0.0001,99.7761,205.6441,48.735,-16.0944,0.0,0.0001,2.1901,-0.0002,6.1439,35.4936,11.0906,27.1435,35.9019
245.0,489.0,11.1272,39.8716,98.68,213.3711,0.0247,0.0001,99.7779,205.6442,48.735,-16.0944,0.0,0.0001,2.1929,0.001,6.1446,35.4886,11.0654,27.1443,35.9038
246.0,491.0,11.131,39.8772,87.9979,213.068,0.0235,0.0001,99.7309,205.6442,48.735,-16.0944,0.0,0.0001,2.1911,-0.0002,6.1484,35.4899,11.0689,27.1446,35.9039
247.0,493.0,11.0977,39.8398,90.3084,213.3341,0.0222,0.0001,99.7824,205.6442,48.735,-16.0944,0.0,0.0001,2.1914,0.0002,6.1494,35.4836,11.0353,27.1459,35.9066
248.0,495.0,11.0948,39.8376,98.68,213.5104,0.0204,0.0001,99.7824,205.6443,48.735,-16.0944,0.0,0.0001,2.1921,0.0004,6.1504,35.4834,11.0323,27.1462,35.9071
249.0,497.0,11.0965,39.8419,98.68,213.9646,0.0184,0.0001,99.7824,205.6443,48.735,-16.0944,0.0,0.0001,2.1941,0.0007,6.1507,35.4851,11.0337,27.1473,35.9081
250.0,499.0,11.0952,39.8424,98.6459,212.8943,0.0218,0.0001,99.7824,205.6443,48.7351,-16.0944,0.0,0.0001,2.1905,-0.0013,6.1503,35.4861,11.0321,27.1484,35.9093
251.0,501.0,11.0999,39.8516,98.6854,212.4767,0.0209,0.0001,99.7824,205.6444,48.7351,-16.0944,0.0,0.0001,2.1869,-0.0009,6.1472,35.4897,11.0366,27.1504,35.911
252.0,503.0,11.1209,39.8814,98.68,212.8518,0.022,0.0001,99.7779,205.6444,48.7351,-16.0944,0.0,0.0001,2.1866,0.0,6.148,35.4983,11.0572,27.1533,35.913
253.0,505.0,11.1113,39.8711,86.1428,212.8146,0.0193,0.0001,99.7824,205.6444,48.7351,-16.0944,0.0,0.0001,2.1868,-0.0002,6.1488,35.4965,11.0475,27.1537,35.9137
254.0,507.0,11.1014,39.8604,95.3601,213.1566,0.0217,0.0001,99.7804,205.6445,48.7351,-16.0944,0.0,0.0001,2.1864,0.0,6.1559,35.4945,11.0373,27.154,35.9145
255.0,509.0,11.0478,39.7981,98.695,212.6504,0.0258,0.0001,99.7824,205.6445,48.7351,-16.0944,0.0,0.0001,2.1837,-0.0011,6.1598,35.4831,10.9836,27.1549,35.9178
256.0,511.0,11.0092,39.7544,98.6822,212.5963,0.0235,0.0001,99.7824,205.6445,48.7351,-16.0944,0.0,0.0001,2.1821,-0.0008,6.1597,35.4757,10.9449,27.1562,35.9208
257.0,513.0,11.0129,39.7595,93.4425,212.9768,0.0246,0.0001,99.7673,205.6446,48.7351,-16.0944,0.0,0.0001,2.1825,-0.0001,6.162,35.4764,10.9483,27.1561,35.9206
258.0,515.0,11.0095,39.7564,98.68,212.3667,0.024,0.0001,99.7643,205.6446,48.7351,-16.0944,0.0,0.0001,2.1802,-0.0012,6.1645,35.4756,10.9447,27.1562,35.9207
259.0,517.0,10.9849,39.7275,98.6828,212.9315,0.0211,0.0001,99.7824,205.6446,48.7351,-16.0944,0.0,0.0001,2.1806,0.0001,6.1619,35.4696,10.9199,27.156,35.9217
260.0,519.0,10.9545,39.6962,91.3171,212.9853,0.0221,0.0001,99.7537,205.6447,48.7351,-16.0944,0.0,0.0001,2.1802,-0.0008,6.1746,35.4667,10.8893,27.1593,35.9263
261.0,521.0,10.9155,39.6547,96.9135,212.5284,0.0231,0.0003,99.266,205.6447,48.7351,-16.0945,0.0,0.0001,2.176,-0.0005,6.171,35.462,10.8502,27.1627,35.9313
262.0,523.0,10.9445,39.6938,98.68,211.9143,0.0223,0.0001,99.7824,205.6447,48.7351,-16.0944,0.0,0.0001,2.1735,-0.0015,6.171,35.4721,10.8788,27.1654,35.9327
263.0,525.0,10.9443,39.6953,98.68,211.7053,0.0201,0.0001,99.7824,205.6447,48.7351,-16.0945,0.0,0.0001,2.1705,-0.0012,6.1714,35.4729,10.8785,27.1661,35.9334
264.0,527.0,10.9472,39.6999,81.378,211.4015,0.0257,0.0001,99.7824,205.6448,48.7351,-16.0945,0.0,0.0001,2.1679,-0.0012,6.1712,35.4739,10.8811,27.1664,35.9336
265.0,529.0,10.9465,39.6999,96.4581,210.4694,0.0258,0.0001,99.7764,205.6448,48.7351,-16.0945,0.0,0.0001,2.1613,-0.0022,6.1772,35.4737,10.8801,27.1664,35.9337
266.0,531.0,10.9142,39.6638,92.7976,210.4153,0.0225,0.0001,99.7784,205.6448,48.7351,-16.0945,0.0,0.0001,2.1577,-0.0017,6.1833,35.468,10.8477,27.1678,35.9364
267.0,533.0,10.8689,39.6117,98.68,210.3539,0.0211,0.0001,99.7824,205.6449,48.7351,-16.0945,0.0,0.0001,2.1564,-0.0009,6.1773,35.4587,10.8024,27.1688,35.9394
268.0,535.0,10.8459,39.5863,98.6866,211.2143,0.025,0.0001,99.774,205.6449,48.7351,-16.0945,0.0,0.0001,2.1576,-0.0001,6.1882,35.4545,10.7791,27.1697,35.9414
269.0,537.0,10.8072,39.5426,98.68,210.8287,0.0243,0.0001,99.7824,205.6449,48.7351,-16.0945,0.0,0.0001,2.1544,-0.0005,6.191,35.447,10.7404,27.1708,35.9442
270.0,539.0,10.7996,39.5345,98.68,211.9367,0.0242,0.0001,99.7824,205.645,48.7351,-16.0945,0.0,0.0001,2.1575,0.0016,6.1905,35.4455,10.7325,27.1711,35.9448
271.0,541.0,10.7963,39.5329,96.953,211.7505,0.0218,0.0001,99.7678,205.645,48.7351,-16.0945,0.0,0.0001,2.1589,0.0004,6.1919,35.4461,10.729,27.1721,35.946
272.0,543.0,10.7948,39.532,88.286,211.1558,0.0198,0.0001,99.7785,205.645,48.7351,-16.0945,0.0,0.0001,2.1566,-0.001,6.1942,35.4459,10.7272,27.1723,35.9462
273.0,545.0,10.7652,39.4996,95.7847,212.2252,0.02,0.0001,99.7761,205.6451,48.7351,-16.0945,0.0,0.0001,2.1583,0.001,6.1964,35.441,10.6975,27.1738,35.949
274.0,547.0,10.7343,39.4672,97.2443,213.7488,0.0197,0.0001,99.7579,205.6451,48.7351,-16.0945,0.0,0.0001,2.1631,0.0027,6.2093,35.4376,10.6664,27.1768,35.9533
275.0,549.0,10.666,39.3875,98.6864,218.511,0.0243,0.0001,99.7759,205.6451,48.7352,-16.0945,0.0,0.0001,2.1836,0.0082,6.2125,35.4225,10.5982,27.1772,35.9568
276.0,551.0,10.6524,39.3723,90.7017,218.8683,0.0239,0.0001,99.7803,205.6451,48.7352,-16.0945,0.0,0.0001,2.1945,0.0044,6.2156,35.4196,10.5844,27.1774,35.9576
277.0,553.0,10.6356,39.3535,98.68,217.5101,0.022,0.0001,99.7824,205.6452,48.7352,-16.0945,0.0,0.0001,2.1966,-0.0001,6.2143,35.416,10.5675,27.1776,35.9585
278.0,555.0,10.5977,39.3118,98.6883,216.6769,0.0211,0.0001,99.7746,205.6452,48.7352,-16.0945,0.0,0.0001,2.1931,-0.0016,6.2214,35.4097,10.5294,27.1794,35.962
279.0,557.0,10.5818,39.2943,94.607,214.7324,0.0197,0.0001,99.7855,205.6452,48.7352,-16.0946,0.0,0.0001,2.1833,-0.0039,6.2218,35.4066,10.5134,27.1799,35.9632
280.0,559.0,10.5741,39.2869,89.2124,213.792,0.0205,0.0001,99.7824,205.6453,48.7352,-16.0946,0.0,0.0001,2.1755,-0.0039,6.223,35.4057,10.5054,27.1805,35.9642
281.0,561.0,10.5773,39.2919,98.6556,213.4379,0.0215,0.0001,99.7804,205.6453,48.7352,-16.0946,0.0,0.0001,2.1686,-0.0027,6.2228,35.4069,10.5084,27.1809,35.9645
282.0,563.0,10.5791,39.2961,98.68,212.456,0.0215,0.0001,99.7592,205.6453,48.7352,-16.0946,0.0,0.0001,2.16,-0.0025,6.2243,35.4084,10.5099,27.1819,35.9653
283.0,565.0,10.5657,39.2824,88.6464,207.9774,0.0204,0.0001,99.7833,205.6454,48.7352,-16.0946,0.0,0.0001,2.1396,-0.0089,6.2345,35.4068,10.4963,27.183,35.967
284.0,567.0,10.4698,39.1729,84.3245,204.3555,0.0228,0.0001,99.7824,205.6454,48.7352,-16.0946,0.0,0.0001,2.1178,-0.0112,6.2327,35.388,10.4005,27.1853,35.9736
285.0,569.0,10.4736,39.1782,96.6502,206.0345,0.0232,0.0001,99.7803,205.6454,48.7352,-16.0946,0.0,0.0001,2.1097,-0.0042,6.2425,35.3891,10.4041,27.1855,35.9736
286.0,571.0,10.4372,39.1377,98.68,203.4297,0.0211,0.0001,99.7822,205.6455,48.7352,-16.0946,0.0,0.0001,2.0931,-0.0059,6.2459,35.3823,10.3676,27.1867,35.9764
287.0,573.0,10.4091,39.1075,98.6265,203.2307,0.023,0.0001,99.7897,205.6455,48.7352,-16.0946,0.0,0.0001,2.0838,-0.0035,6.2496,35.3781,10.3394,27.1884,35.9793
288.0,575.0,10.3895,39.0875,98.68,203.5022,0.0265,0.0002,99.5468,205.6455,48.7352,-16.0946,0.0,0.0001,2.0794,-0.0012,6.2499,35.3761,10.3196,27.1902,35.982
289.0,577.0,10.3886,39.0876,97.7347,203.7847,0.0239,0.0002,99.6557,205.6455,48.7352,-16.0946,0.0,0.0001,2.0778,-0.0005,6.2511,35.3761,10.3184,27.1905,35.9823
290.0,579.0,10.3798,39.0798,86.4424,207.3761,0.0219,0.0001,99.7271,205.6456,48.7352,-16.0946,0.0,0.0001,2.0898,0.0051,6.2531,35.3758,10.3094,27.1918,35.9841
291.0,581.0,10.3596,39.0585,96.0248,208.2162,0.0246,0.0001,99.7225,205.6456,48.7352,-16.0946,0.0,0.0001,2.1007,0.0029,6.2582,35.373,10.2891,27.1931,35.9863
292.0,583.0,10.3366,39.0325,98.4489,206.955,0.0241,0.0001,99.757,205.6456,48.7352,-16.0946,0.0,0.0001,2.1005,-0.0007,6.2596,35.3681,10.266,27.1934,35.9876
293.0,585.0,10.2984,38.9924,98.601,207.6455,0.0242,0.0001,99.7501,205.6457,48.7352,-16.0946,0.0,0.0001,2.1013,0.0003,6.2658,35.3636,10.2276,27.1966,35.9924
294.0,587.0,10.2744,38.9664,98.6844,208.4495,0.0272,0.0001,99.7213,205.6457,48.7352,-16.0946,0.0,0.0001,2.104,0.0013,6.2679,35.3598,10.2035,27.1978,35.9947
295.0,589.0,10.2383,38.9273,86.4419,206.741,0.0235,0.0001,99.7538,205.6457,48.7352,-16.0946,0.0,0.0001,2.0985,-0.0023,6.2753,35.3542,10.1672,27.1997,35.9982
296.0,591.0,10.2169,38.9016,93.1062,203.3403,0.0219,0.0001,99.7824,205.6458,48.7352,-16.0946,0.0,0.0001,2.0811,-0.0068,6.2895,35.348,10.1457,27.1986,35.9981
297.0,593.0,10.1297,38.8065,98.7057,200.4851,0.0229,0.0001,99.7869,205.6458,48.7352,-16.0946,0.0,0.0001,2.0647,-0.0084,6.2825,35.335,10.0586,27.2035,36.0069
298.0,595.0,10.1242,38.8043,91.646,202.5211,0.0248,0.0001,99.7279,205.6458,48.7353,-16.0947,0.0,0.0001,2.06,-0.0014,6.2868,35.3371,10.0529,27.2062,36.0098
299.0,597.0,10.1253,38.8083,95.9934,203.3277,0.0235,0.0001,99.7373,205.6459,48.7353,-16.0947,0.0,0.0001,2.0604,0.0005,6.2853,35.3394,10.0538,27.2079,36.0113
300.0,599.0,10.134,38.8199,98.68,203.5043,0.0271,0.0001,99.7893,205.6459,48.7353,-16.0947,0.0,0.0001,2.061,0.0004,6.2887,35.3421,10.0623,27.2085,36.0116
301.0,601.0,10.1289,38.8187,98.68,201.034,0.027,0.0001,99.8087,205.6459,48.7353,-16.0947,0.0,0.0001,2.0541,-0.0037,6.2873,35.3447,10.0569,27.2115,36.0147
302.0,603.0,10.0986,38.7856,91.4979,201.449,0.0251,0.0001,99.7754,205.6459,48.7353,-16.0947,0.0,0.0001,2.0487,-0.0013,6.2926,35.3395,10.0264,27.2127,36.0173
303.0,605.0,10.0842,38.7702,98.7623,199.8978,0.0208,0.0001,99.8283,205.646,48.7353,-16.0947,0.0,0.0001,2.0419,-0.0034,6.2947,35.3371,10.0119,27.2133,36.0186
304.0,607.0,10.0566,38.7425,97.4727,200.2311,0.0237,0.0001,99.8222,205.646,48.7353,-16.0947,0.0,0.0001,2.039,-0.0016,6.2964,35.3346,9.9841,27.2161,36.0226
305.0,609.0,10.0537,38.7412,98.68,199.7981,0.0231,0.0001,99.7932,205.646,48.7353,-16.0947,0.0,0.0001,2.0347,-0.0016,6.2987,35.3353,9.981,27.2172,36.0237
306.0,611.0,10.0412,38.728,90.6636,199.7243,0.0248,0.0001,99.8401,205.6461,48.7353,-16.0947,0.0,0.0001,2.0321,-0.0007,6.2927,35.333,9.9683,27.2176,36.0247
307.0,613.0,10.0826,38.7807,97.2651,199.0847,0.0236,0.0001,99.8441,205.6461,48.7353,-16.0947,0.0,0.0001,2.0299,-0.001,6.2807,35.3457,10.0093,27.2204,36.0257
308.0,615.0,10.1704,38.891,98.68,196.2252,0.0225,0.0001,99.8305,205.6461,48.7353,-16.0947,0.0,0.0001,2.0184,-0.0044,6.2754,35.3714,10.0964,27.2255,36.0267
309.0,617.0,10.2069,38.9366,98.68,194.9138,0.0232,0.0001,99.8401,205.6462,48.7353,-16.0947,0.0,0.0001,2.0065,-0.0046,6.2839,35.3816,10.1325,27.2272,36.0267
310.0,619.0,10.1692,38.8934,98.68,194.0368,0.0213,0.0001,99.8431,205.6462,48.7353,-16.0947,0.0,0.0001,1.9978,-0.0044,6.29,35.3734,10.0947,27.2274,36.0286
311.0,621.0,10.0838,38.7967,98.4114,194.8016,0.0238,0.0001,99.8437,205.6462,48.7353,-16.0948,0.0,0.0001,1.9957,-0.0012,6.2843,35.3571,10.0094,27.2293,36.0344
312.0,623.0,10.0826,38.7969,98.68,195.4282,0.0238,0.0001,99.8266,205.6462,48.7353,-16.0948,0.0,0.0001,1.9946,-0.0005,6.3009,35.3578,10.0081,27.2301,36.0352
313.0,625.0,10.0198,38.7241,78.9193,194.7063,0.0266,0.0001,99.8401,205.6463,48.7353,-16.0948,0.0,0.0001,1.99,-0.0017,6.31,35.3437,9.9454,27.2298,36.0378
314.0,627.0,9.9489,38.6475,98.68,194.6106,0.025,0.0001,99.8401,205.6463,48.7353,-16.0948,0.0,0.0001,1.9886,-0.0011,6.3045,35.3335,9.8745,27.234,36.0452
315.0,629.0,9.9236,38.6205,94.721,195.1886,0.0278,0.0001,99.8309,205.6463,48.7353,-16.0948,0.0,0.0001,1.9885,-0.0002,6.3137,35.3297,9.8491,27.2354,36.0476
316.0,631.0,9.9154,38.6134,98.68,194.7306,0.0257,0.0001,99.8243,205.6464,48.7354,-16.0948,0.0,0.0001,1.9838,-0.0011,6.3245,35.3295,9.8406,27.2367,36.0493
317.0,633.0,9.8599,38.5496,98.68,194.0377,0.025,0.0001,99.8461,205.6464,48.7354,-16.0948,0.0,0.0001,1.9803,-0.0021,6.3332,35.3174,9.7852,27.2366,36.0518
318.0,635.0,9.8012,38.4854,98.6557,194.1685,0.0238,0.0001,99.831,205.6464,48.7353,-16.0948,0.0,0.0001,1.978,-0.001,6.3304,35.3082,9.7265,27.2394,36.0572
319.0,637.0,9.7923,38.478,98.6579,194.6048,0.022,0.0001,99.839,205.6464,48.7353,-16.0948,0.0,0.0001,1.9781,0.0,6.3311,35.3081,9.7174,27.2409,36.059
320.0,639.0,9.7988,38.4855,98.68,193.7731,0.0242,0.0001,99.8015,205.6465,48.7354,-16.0948,0.0,0.0001,1.9743,-0.0016,6.3384,35.3088,9.7237,27.2404,36.0583
321.0,641.0,9.747,38.4338,74.96,193.1102,0.0249,0.0001,99.8369,205.6465,48.7354,-16.0948,0.0,0.0001,1.9695,-0.0018,6.3433,35.3053,9.6718,27.2464,36.0665
322.0,643.0,9.7227,38.4063,92.3777,193.0245,0.0248,0.0001,99.8152,205.6465,48.7354,-16.0948,0.0,0.0001,1.9646,-0.0019,6.3609,35.2999,9.6474,27.2463,36.0676
323.0,645.0,9.5802,38.2435,96.98,192.4027,0.0243,0.0001,99.8401,205.6465,48.7354,-16.0948,0.0,0.0001,1.9605,-0.0019,6.3546,35.2709,9.5053,27.2474,36.0752
324.0,647.0,9.625,38.3077,98.68,192.2444,0.0223,0.0001,99.8401,205.6466,48.7354,-16.0948,0.0,0.0001,1.9585,-0.0015,6.3557,35.2922,9.5497,27.2566,36.0822
325.0,649.0,9.6413,38.3237,98.6791,192.3923,0.0212,0.0001,99.8099,205.6466,48.7354,-16.0949,0.0,0.0001,1.9557,-0.0007,6.3585,35.2919,9.5657,27.2537,36.0786
326.0,651.0,9.6165,38.3053,98.68,190.2973,0.0198,0.0001,99.8474,205.6466,48.7354,-16.0949,0.0,0.0001,1.9467,-0.0037,6.3679,35.2962,9.5408,27.2612,36.0871
327.0,653.0,9.5764,38.2639,98.68,189.0732,0.0238,0.0001,99.8401,205.6467,48.7354,-16.0949,0.0,0.0001,1.9388,-0.0044,6.3662,35.2919,9.5006,27.2647,36.0923
328.0,655.0,9.5538,38.2425,91.4432,190.121,0.0225,0.0001,99.8401,205.6467,48.7354,-16.0949,0.0,0.0001,1.9384,-0.0015,6.367,35.2913,9.4778,27.268,36.0966
329.0,657.0,9.5499,38.2393,84.4649,191.2645,0.0222,0.0001,99.8424,205.6467,48.7354,-16.0949,0.0,0.0001,1.9392,0.0005,6.3713,35.2908,9.4738,27.2682,36.097
330.0,659.0,9.5256,38.2144,98.68,191.2876,0.023,0.0001,99.821,205.6467,48.7354,-16.0949,0.0,0.0001,1.9389,-0.0004,6.3839,35.288,9.4493,27.2701,36.1
331.0,661.0,9.4514,38.1367,98.6817,191.5292,0.0231,0.0001,99.8401,205.6468,48.7354,-16.0949,0.0,0.0001,1.9389,0.0001,6.3854,35.2794,9.3752,27.2757,36.1089
332.0,663.0,9.4413,38.1294,98.68,190.9855,0.0235,0.0001,99.8552,205.6468,48.7354,-16.0949,0.0,0.0001,1.9371,-0.0007,6.384,35.2808,9.3649,27.2784,36.1121
333.0,665.0,9.4466,38.1395,98.68,188.9825,0.022,0.0001,99.8486,205.6468,48.7354,-16.0949,0.0,0.0001,1.9301,-0.0035,6.3851,35.2852,9.3699,27.2811,36.1145
334.0,667.0,9.4405,38.1349,86.8384,188.164,0.0241,0.0001,99.8494,205.6469,48.7354,-16.0949,0.0,0.0001,1.9224,-0.0027,6.3834,35.2857,9.3636,27.2825,36.1161
335.0,669.0,9.4431,38.1418,98.68,187.6977,0.0224,0.0001,99.869,205.6469,48.7354,-16.0949,0.0,0.0001,1.9158,-0.0023,6.3824,35.2893,9.366,27.2849,36.1184
336.0,671.0,9.4604,38.1678,93.8965,185.1827,0.0219,0.0001,99.8834,205.6469,48.7354,-16.0949,0.0,0.0001,1.9068,-0.0055,6.3842,35.2984,9.3831,27.2893,36.1219
337.0,673.0,9.4443,38.1547,98.68,184.3983,0.0231,0.0001,99.869,205.6469,48.7354,-16.0949,0.0,0.0001,1.8954,-0.0042,6.3881,35.2997,9.3667,27.293,36.1262
338.0,675.0,9.4044,38.1132,98.68,185.3893,0.0242,0.0001,99.8557,205.647,48.7355,-16.0949,0.0,0.0001,1.8911,-0.0012,6.4033,35.2949,9.3268,27.2958,36.1309
339.0,677.0,9.3243,38.0234,59.7649,185.8819,0.0222,0.0001,99.8762,205.647,48.7355,-16.095,0.0,0.0001,1.8921,-0.0001,6.4088,35.2796,9.2469,27.297,36.1358
340.0,679.0,9.2729,37.971,92.0033,186.8861,0.0175,0.0001,99.868,205.647,48.7355,-16.095,0.0,0.0001,1.8932,0.0012,6.4106,35.2747,9.1955,27.3016,36.1426
341.0,681.0,9.2648,37.9632,98.68,186.3698,0.0185,0.0001,99.8827,205.647,48.7355,-16.095,0.0,0.0001,1.8932,-0.0003,6.412,35.2738,9.1872,27.3022,36.1436
342.0,683.0,9.2582,37.9571,98.68,186.6144,0.0226,0.0,99.8582,205.6471,48.7355,-16.095,0.0,0.0001,1.8934,0.0002,6.4105,35.2729,9.1803,27.3027,36.1444
343.0,685.0,9.2555,37.9597,98.68,186.9351,0.0234,0.0002,99.5739,205.6471,48.7355,-16.095,0.0,0.0001,1.8944,0.0002,6.414,35.2773,9.1774,27.3066,36.1483
344.0,687.0,9.2467,37.9505,81.2463,186.2691,0.0253,0.0,99.8516,205.6471,48.7355,-16.095,0.0,0.0001,1.8919,-0.0014,6.4262,35.2756,9.1684,27.3067,36.1489
345.0,689.0,9.1895,37.8922,98.68,185.7173,0.0268,0.0001,99.8798,205.6472,48.7355,-16.095,0.0,0.0001,1.8897,-0.0018,6.4218,35.2703,9.1113,27.3119,36.1567
346.0,691.0,9.1422,37.8426,98.68,186.7341,0.0273,0.0,99.8834,205.6472,48.7355,-16.095,0.0,0.0001,1.8909,0.0003,6.4206,35.2646,9.064,27.3151,36.162
347.0,693.0,9.126,37.8259,84.4024,186.9748,0.0263,0.0001,99.8567,205.6472,48.7355,-16.095,0.0,0.0001,1.8914,-0.0001,6.4321,35.2621,9.0477,27.3158,36.1634
348.0,695.0,9.0917,37.7921,91.4641,186.9454,0.0257,0.0,99.8978,205.6472,48.7355,-16.095,0.0,0.0001,1.8895,-0.0002,6.4384,35.2596,9.0133,27.3194,36.1685
349.0,697.0,9.0831,37.7837,98.6791,186.7336,0.0213,0.0001,99.8918,205.6473,48.7355,-16.095,0.0,0.0001,1.8881,-0.0009,6.4525,35.2584,9.0045,27.3199,36.1695
350.0,699.0,9.027,37.7228,98.68,186.1889,0.0163,0.0,99.8787,205.6473,48.7355,-16.095,0.0,0.0001,1.8849,-0.0015,6.4524,35.2493,8.9484,27.3218,36.174
351.0,701.0,8.9077,37.5938,98.68,187.9193,0.0194,0.0001,99.8698,205.6473,48.7355,-16.095,0.0,0.0001,1.8873,0.0009,6.4685,35.2312,8.8295,27.3267,36.1843
352.0,703.0,8.853,37.5308,98.68,187.1234,0.021,0.0,99.8957,205.6474,48.7355,-16.095,0.0,0.0001,1.8836,-0.0012,6.4849,35.2185,8.7749,27.3254,36.1856
353.0,705.0,8.7861,37.4627,98.68,187.4919,0.0201,0.0,99.8978,205.6474,48.7355,-16.095,0.0,0.0001,1.8845,-0.0002,6.4879,35.2122,8.7081,27.3311,36.1943
354.0,707.0,8.7499,37.4242,98.68,188.2204,0.0223,0.0,99.8948,205.6474,48.7355,-16.095,0.0,0.0001,1.8855,0.0012,6.4806,35.2065,8.6719,27.3324,36.1973
355.0,709.0,8.726,37.4013,84.8197,188.1872,0.0236,0.0001,99.8641,205.6474,48.7355,-16.0951,0.0,0.0001,1.8859,-0.0001,6.4955,35.2053,8.6479,27.3352,36.2012
356.0,711.0,8.7128,37.3876,98.6765,187.2564,0.0229,0.0,99.8949,205.6475,48.7355,-16.0951,0.0,0.0001,1.8818,-0.0016,6.5001,35.2031,8.6346,27.3356,36.2022
357.0,713.0,8.6613,37.3371,91.1594,187.4584,0.0255,0.0,99.8978,205.6475,48.7355,-16.0951,0.0,0.0001,1.8808,-0.0007,6.4982,35.1999,8.5831,27.3412,36.2101
358.0,715.0,8.6606,37.3378,98.6797,187.9915,0.024,0.0,99.915,205.6475,48.7355,-16.0951,0.0,0.0001,1.8817,0.0003,6.499,35.2003,8.5822,27.3417,36.2106
359.0,717.0,8.6687,37.3467,92.4542,187.7406,0.026,0.0,99.8765,205.6475,48.7355,-16.0951,0.0,0.0001,1.8809,-0.0004,6.5008,35.201,8.59,27.3409,36.2096
360.0,719.0,8.6597,37.3396,98.7193,187.1228,0.0269,0.0,99.9056,205.6476,48.7355,-16.0951,0.0,0.0001,1.8779,-0.0011,6.4994,35.2014,8.5809,27.3427,36.2117
361.0,721.0,8.6712,37.3564,98.68,187.1403,0.0247,0.0,99.9096,205.6476,48.7355,-16.0951,0.0,0.0001,1.8773,-0.0004,6.4924,35.2065,8.592,27.345,36.2134
362.0,723.0,8.7118,37.4118,98.68,186.0968,0.0238,0.0,99.9166,205.6476,48.7355,-16.0951,0.0,0.0001,1.8735,-0.0017,6.4901,35.2237,8.6321,27.3522,36.2186
363.0,725.0,8.7273,37.4322,98.68,185.5362,0.0256,0.0,99.9267,205.6476,48.7355,-16.0951,0.0,0.0001,1.8709,-0.0019,6.4894,35.2291,8.6474,27.3539,36.2196
364.0,727.0,8.7309,37.438,80.5481,185.2314,0.0239,0.0,99.9257,205.6477,48.7356,-16.0951,0.0,0.0001,1.8663,-0.0015,6.49,35.2308,8.6507,27.3547,36.2202
365.0,729.0,8.7267,37.4363,98.5062,185.4068,0.0188,0.0,99.928,205.6477,48.7356,-16.0951,0.0,0.0001,1.8638,-0.0007,6.4915,35.2321,8.6463,27.3565,36.2221
366.0,731.0,8.7168,37.4279,98.68,185.4202,0.0249,0.0,99.9419,205.6477,48.7356,-16.0951,0.0,0.0001,1.8628,-0.0004,6.4923,35.2322,8.6362,27.3581,36.2243
367.0,733.0,8.711,37.4238,98.68,185.9374,0.0243,0.0,99.9267,205.6478,48.7356,-16.0951,0.0,0.0001,1.863,0.0003,6.4974,35.2325,8.6301,27.3594,36.2257
368.0,735.0,8.6977,37.4102,96.8447,185.9619,0.0252,0.0,99.9267,205.6478,48.7356,-16.0952,0.0,0.0001,1.8632,0.0,6.5008,35.2305,8.6168,27.3599,36.2269
369.0,737.0,8.6548,37.3704,79.5104,187.0108,0.0258,0.0,99.8968,205.6478,48.7356,-16.0952,0.0,0.0001,1.8668,0.0013,6.502,35.2301,8.5738,27.3664,36.2352
370.0,739.0,8.6433,37.3613,95.5581,187.4117,0.0247,0.0,99.9218,205.6479,48.7356,-16.0952,0.0,0.0001,1.8697,0.001,6.5025,35.2311,8.5621,27.3689,36.2383
371.0,741.0,8.6411,37.3663,98.68,187.6166,0.0238,0.0,99.926,205.6479,48.7356,-16.0952,0.0,0.0001,1.8718,0.0008,6.4995,35.2375,8.5598,27.3744,36.2438
372.0,743.0,8.6352,37.3639,98.68,187.8489,0.0266,0.0,99.918,205.6479,48.7356,-16.0952,0.0,0.0001,1.8733,0.0009,6.5006,35.24,8.5537,27.3773,36.2469
373.0,745.0,8.6666,37.4099,87.6339,187.5639,0.0229,0.0001,99.775,205.6479,48.7356,-16.0952,0.0,0.0001,1.8738,0.0001,6.5001,35.2562,8.5846,27.3851,36.2532
374.0,747.0,8.6576,37.3973,98.68,186.8849,0.0219,0.0,99.9097,205.648,48.7356,-16.0952,0.0,0.0001,1.8718,-0.0011,6.5015,35.2513,8.5755,27.3827,36.2512
375.0,749.0,8.6475,37.3944,98.68,186.584,0.0193,0.0,99.9216,205.648,48.7356,-16.0952,0.0,0.0001,1.8688,-0.0012,6.5035,35.2571,8.5652,27.3889,36.2578
376.0,751.0,8.6323,37.3788,98.68,186.7614,0.0238,0.0,99.9206,205.648,48.7356,-16.0952,0.0,0.0001,1.8679,-0.0005,6.5013,35.255,8.5498,27.3896,36.2592
377.0,753.0,8.6461,37.3966,73.9808,187.0376,0.0229,0.0,99.9188,205.648,48.7356,-16.0952,0.0,0.0001,1.8681,0.0,6.5015,35.259,8.5634,27.3906,36.2596
378.0,755.0,8.6945,37.4531,98.6971,186.6409,0.0237,0.0,99.8746,205.6481,48.7356,-16.0952,0.0,0.0001,1.8686,0.0002,6.4794,35.2698,8.6112,27.3916,36.2582
379.0,757.0,8.7917,37.5733,98.68,185.3503,0.0231,0.0,99.9267,205.6481,48.7356,-16.0952,0.0,0.0001,1.8638,-0.0023,6.4851,35.2989,8.7077,27.3991,36.2611
380.0,759.0,8.787,37.5692,98.68,185.0969,0.0214,0.0,99.9162,205.6481,48.7356,-16.0952,0.0,0.0001,1.8613,-0.0016,6.4794,35.2983,8.7027,27.3994,36.2617
381.0,761.0,8.7819,37.5664,88.7495,184.7689,0.0224,0.0,99.9267,205.6481,48.7356,-16.0952,0.0,0.0001,1.8577,-0.0015,6.4805,35.2995,8.6974,27.4013,36.2637
382.0,763.0,8.7708,37.5651,84.0395,184.483,0.0235,0.0,99.9146,205.6482,48.7356,-16.0952,0.0,0.0001,1.855,-0.0012,6.4807,35.308,8.6861,27.4097,36.2725
383.0,765.0,8.7678,37.564,93.7774,184.2056,0.0226,0.0,99.9216,205.6482,48.7356,-16.0952,0.0,0.0001,1.8524,-0.0012,6.4812,35.3091,8.683,27.4111,36.274
384.0,767.0,8.7654,37.5628,98.68,183.9137,0.0206,0.0,99.9212,205.6482,48.7356,-16.0952,0.0,0.0001,1.8498,-0.0012,6.4811,35.3094,8.6803,27.4118,36.2748
385.0,769.0,8.763,37.5612,98.68,184.2944,0.0241,0.0,99.9218,205.6483,48.7356,-16.0953,0.0,0.0001,1.8494,-0.0002,6.481,35.3089,8.6777,27.4117,36.2749
386.0,771.0,8.7658,37.566,98.68,184.0558,0.0227,0.0,99.8955,205.6483,48.7357,-16.0953,0.0,0.0001,1.8487,-0.0005,6.4816,35.3104,8.6802,27.4125,36.2755
387.0,773.0,8.7595,37.5639,98.68,183.9556,0.0237,0.0,99.9166,205.6483,48.7356,-16.0953,0.0,0.0001,1.8475,-0.0004,6.4803,35.3134,8.6738,27.4159,36.2792
388.0,775.0,8.7664,37.5762,98.68,183.8453,0.0247,0.0,99.887,205.6483,48.7357,-16.0953,0.0,0.0001,1.8462,-0.0004,6.4786,35.3185,8.6804,27.4189,36.2818
389.0,777.0,8.7798,37.5961,93.0327,183.4488,0.0213,0.0,99.8938,205.6484,48.7357,-16.0953,0.0,0.0001,1.8448,-0.0006,6.4735,35.3251,8.6934,27.422,36.2842
390.0,779.0,8.8065,37.6335,80.1224,183.4464,0.0199,0.0,99.8978,205.6484,48.7357,-16.0953,0.0,0.0001,1.8437,-0.0003,6.4703,35.3371,8.7197,27.4272,36.2881
391.0,781.0,8.8273,37.6627,96.1471,182.8056,0.0238,0.0,99.8951,205.6484,48.7357,-16.0953,0.0,0.0001,1.8418,-0.0012,6.469,35.3462,8.7402,27.4311,36.2909
392.0,783.0,8.8464,37.6897,98.68,182.9613,0.0225,0.0,99.8857,205.6485,48.7357,-16.0953,0.0,0.0001,1.8413,-0.0001,6.4587,35.3546,8.7589,27.4347,36.2936
393.0,785.0,8.8933,37.7531,98.68,182.4985,0.0208,0.0,99.8978,205.6485,48.7357,-16.0953,0.0,0.0001,1.8401,-0.0006,6.4518,35.3737,8.8053,27.4422,36.2988
394.0,787.0,8.9396,37.8136,82.8802,182.3387,0.0243,0.0001,99.8762,205.6485,48.7357,-16.0953,0.0,0.0001,1.8388,-0.0006,6.4511,35.3902,8.8511,27.4479,36.3023
395.0,789.0,8.9473,37.8269,98.68,181.9237,0.0207,0.0001,99.8658,205.6485,48.7357,-16.0953,0.0,0.0001,1.836,-0.0011,6.4561,35.3958,8.8586,27.451,36.305
396.0,791.0,8.9135,37.7932,98.68,181.9803,0.02,0.0001,99.869,205.6486,48.7357,-16.0953,0.0,0.0001,1.8349,-0.0004,6.4506,35.3929,8.8247,27.4542,36.3097
397.0,793.0,8.94,37.8284,98.68,182.2195,0.022,0.0001,99.8441,205.6486,48.7357,-16.0953,0.0,0.0001,1.8345,-0.0002,6.4586,35.4026,8.8508,27.4576,36.3118
398.0,795.0,8.8943,37.779,83.9402,181.9665,0.0209,0.0001,99.8412,205.6486,48.7357,-16.0953,0.0,0.0001,1.8334,-0.0007,6.4632,35.3953,8.8052,27.4592,36.3155
399.0,797.0,8.8609,37.7439,98.68,182.4119,0.0206,0.0001,99.8401,205.6486,48.7357,-16.0953,0.0,0.0001,1.8336,0.0004,6.461,35.3908,8.7717,27.461,36.3189
400.0,799.0,8.8753,37.7624,98.608,182.2081,0.0215,0.0001,99.8401,205.6487,48.7357,-16.0953,0.0,0.0001,1.8327,-0.0002,6.4618,35.395,8.7858,27.4621,36.3193
401.0,801.0,8.8764,37.7658,98.68,182.3986,0.0245,0.0001,99.8375,205.6487,48.7357,-16.0953,0.0,0.0001,1.8322,0.0001,6.4626,35.3966,8.7866,27.4632,36.3203
402.0,803.0,8.8442,37.7323,90.0909,182.339,0.0224,0.0001,99.8341,205.6487,48.7357,-16.0953,0.0,0.0001,1.8317,-0.0004,6.4717,35.3924,8.7544,27.465,36.3236
403.0,805.0,8.805,37.6906,88.2058,183.0849,0.0196,0.0001,99.8338,205.6488,48.7357,-16.0954,0.0,0.0001,1.8327,0.0007,6.4737,35.3864,8.7151,27.4666,36.327
404.0,807.0,8.7991,37.6851,95.3613,183.0311,0.0218,0.0001,99.8256,205.6488,48.7357,-16.0954,0.0,0.0001,1.8339,0.0001,6.4764,35.3857,8.709,27.467,36.3277
405.0,809.0,8.7856,37.6711,98.68,183.1431,0.0225,0.0001,99.8171,205.6488,48.7357,-16.0954,0.0,0.0001,1.8339,0.0003,6.4769,35.3837,8.6954,27.4676,36.3289
406.0,811.0,8.7711,37.6567,98.5587,183.1355,0.0215,0.0001,99.8059,205.6488,48.7357,-16.0954,0.0,0.0001,1.8339,0.0001,6.4776,35.3819,8.6808,27.4685,36.3305
407.0,813.0,8.7638,37.6494,98.68,183.2023,0.0206,0.0001,99.7951,205.6489,48.7358,-16.0954,0.0,0.0001,1.8339,0.0,6.4795,35.3807,8.6733,27.4688,36.3311
408.0,815.0,8.7573,37.6432,98.68,182.9426,0.0198,0.0001,99.8112,205.6489,48.7358,-16.0954,0.0,0.0001,1.8339,-0.0006,6.483,35.3796,8.6665,27.4689,36.3316
409.0,817.0,8.7489,37.6352,98.68,183.0714,0.0207,0.0001,99.8016,205.6489,48.7358,-16.0954,0.0,0.0001,1.8339,-0.0002,6.4803,35.3786,8.6581,27.4695,36.3325
410.0,819.0,8.7275,37.6132,78.0812,183.5606,0.0202,0.0001,99.7829,205.6489,48.7358,-16.0954,0.0,0.0001,1.8339,0.0004,6.4834,35.3758,8.6365,27.4708,36.3348
411.0,821.0,8.7279,37.6148,94.8552,183.4748,0.0212,0.0001,99.7289,205.649,48.7358,-16.0954,0.0,0.0001,1.8339,-0.0002,6.4898,35.3763,8.6367,27.4711,36.3351
412.0,823.0,8.6965,37.5817,98.68,183.6498,0.023,0.0001,99.7864,205.649,48.7358,-16.0954,0.0,0.0001,1.8317,-0.0004,6.5026,35.3717,8.6053,27.4724,36.3379
413.0,825.0,8.632,37.5125,98.68,184.2815,0.0222,0.0001,99.7864,205.649,48.7358,-16.0954,0.0,0.0001,1.8326,0.0003,6.5119,35.3621,8.541,27.475,36.3434
414.0,827.0,8.5662,37.4434,62.914,184.8829,0.022,0.0001,99.78,205.6491,48.7358,-16.0954,0.0,0.0001,1.8351,0.0008,6.5122,35.3538,8.4753,27.4788,36.3502
415.0,829.0,8.497,37.3697,90.5992,185.208,0.0185,0.0001,99.755,205.6491,48.7358,-16.0954,0.0,0.0001,1.8353,0.0,6.5384,35.3438,8.4063,27.4817,36.3564
416.0,831.0,8.3559,37.215,98.68,186.2881,0.0196,0.0001,99.7796,205.6491,48.7358,-16.0954,0.0,0.0001,1.8358,0.0007,6.5649,35.3197,8.2658,27.4845,36.3658
417.0,833.0,8.2439,37.0899,98.68,186.5197,0.0261,0.0001,99.7776,205.6491,48.7358,-16.0954,0.0,0.0001,1.8362,-0.0005,6.5897,35.2978,8.1543,27.4844,36.371
418.0,835.0,8.0524,36.8822,98.68,187.5668,0.0224,0.0001,99.7824,205.6492,48.7358,-16.0954,0.0,0.0001,1.8371,0.0013,6.5819,35.2668,7.9638,27.489,36.3845
419.0,837.0,8.0375,36.8689,90.744,188.89,0.0239,0.0002,99.2787,205.6492,48.7358,-16.0954,0.0,0.0001,1.8447,0.0023,6.5852,35.2663,7.9487,27.4909,36.3872
420.0,839.0,8.0664,36.8976,94.056,187.7553,0.0228,0.0001,99.7165,205.6492,48.7358,-16.0955,0.0,0.0001,1.8438,-0.0006,6.5915,35.2674,7.9773,27.4874,36.3824
421.0,841.0,8.0335,36.8666,98.68,188.0708,0.0286,0.0001,99.7824,205.6493,48.7358,-16.0955,0.0,0.0001,1.8437,0.0,6.5913,35.2662,7.9443,27.4914,36.3879
422.0,843.0,8.0283,36.8642,98.68,188.4116,0.0245,0.0001,99.771,205.6493,48.7358,-16.0955,0.0,0.0001,1.8446,0.0005,6.5911,35.2679,7.9389,27.4936,36.3903
423.0,845.0,8.0231,36.8613,98.68,188.7602,0.0242,0.0001,99.7752,205.6493,48.7358,-16.0955,0.0,0.0001,1.8466,0.0006,6.5919,35.2691,7.9335,27.4953,36.3922
424.0,847.0,8.0146,36.8549,82.9064,188.7108,0.0221,0.0001,99.7579,205.6493,48.7358,-16.0955,0.0,0.0001,1.8462,0.0,6.5996,35.27,7.9249,27.4974,36.3947
425.0,849.0,7.9943,36.8331,96.2207,188.4907,0.0242,0.0001,99.7694,205.6494,48.7358,-16.0955,0.0,0.0001,1.8456,-0.0006,6.6078,35.266,7.9044,27.4972,36.3955
426.0,851.0,7.9249,36.7587,98.4329,188.8703,0.0246,0.0001,99.7793,205.6494,48.7358,-16.0955,0.0,0.0001,1.8449,-0.0001,6.6111,35.2549,7.8353,27.4989,36.4005
427.0,853.0,7.9047,36.7384,98.68,189.6259,0.0217,0.0001,99.7799,205.6494,48.7358,-16.0955,0.0,0.0001,1.847,0.0007,6.615,35.2526,7.815,27.5001,36.4026
428.0,855.0,7.882,36.7146,98.68,189.5811,0.0217,0.0001,99.7824,205.6494,48.7358,-16.0955,0.0,0.0001,1.8475,0.0002,6.6169,35.2489,7.7923,27.5006,36.4042
429.0,857.0,7.8676,36.7005,63.6635,190.0315,0.0228,0.0001,99.7882,205.6495,48.7358,-16.0955,0.0,0.0001,1.8492,0.0008,6.6147,35.2471,7.7777,27.5013,36.4056
430.0,859.0,7.8639,36.6986,92.9042,189.8492,0.0236,0.0001,99.7777,205.6495,48.7359,-16.0955,0.0,0.0001,1.849,-0.0001,6.6204,35.2478,7.7738,27.5024,36.4069
431.0,861.0,7.8536,36.6875,98.68,189.7948,0.0231,0.0001,99.7904,205.6495,48.7359,-16.0955,0.0,0.0001,1.848,-0.0003,6.6266,35.2455,7.7633,27.5022,36.4072
432.0,863.0,7.8242,36.6567,98.68,189.9566,0.0253,0.0001,99.8098,205.6496,48.7359,-16.0955,0.0,0.0001,1.8481,0.0,6.6249,35.2411,7.734,27.5031,36.4095
433.0,865.0,7.804,36.6364,98.68,190.5215,0.0237,0.0001,99.8092,205.6496,48.7359,-16.0955,0.0,0.0001,1.8492,0.0008,6.6232,35.2385,7.7136,27.504,36.4114
434.0,867.0,7.7999,36.6332,98.68,190.4411,0.0219,0.0001,99.7827,205.6496,48.7359,-16.0956,0.0,0.0001,1.8499,-0.0002,6.634,35.2383,7.7094,27.5045,36.412
435.0,869.0,7.7696,36.6007,98.68,189.8584,0.0188,0.0001,99.8155,205.6496,48.7359,-16.0956,0.0,0.0001,1.8476,-0.0012,6.639,35.2326,7.679,27.5045,36.4135
436.0,871.0,7.7014,36.5281,98.68,191.0159,0.02,0.0001,99.801,205.6497,48.7359,-16.0956,0.0,0.0001,1.8486,0.001,6.6354,35.2222,7.611,27.5064,36.4186
437.0,873.0,7.6734,36.5022,83.7919,192.4565,0.022,0.0001,99.7942,205.6497,48.7359,-16.0956,0.0,0.0001,1.8547,0.0018,6.6474,35.2214,7.583,27.5098,36.4234
438.0,875.0,7.6816,36.5053,94.6102,192.216,0.0239,0.0001,99.8109,205.6497,48.7359,-16.0956,0.0,0.0001,1.8538,-0.0001,6.6685,35.2156,7.591,27.504,36.4173
439.0,877.0,7.5429,36.364,98.68,195.2831,0.0253,0.0001,99.8167,205.6498,48.7359,-16.0956,0.0,0.0001,1.862,0.0042,6.6689,35.2016,7.4529,27.5132,36.433
440.0,879.0,7.5377,36.3596,98.68,195.8113,0.0228,0.0001,99.8153,205.6498,48.7359,-16.0956,0.0,0.0001,1.8681,0.0035,6.676,35.2012,7.4476,27.5137,36.4337
441.0,881.0,7.5018,36.3225,88.2579,195.5739,0.022,0.0001,99.8259,205.6498,48.7359,-16.0956,0.0,0.0001,1.8693,0.0013,6.6851,35.1963,7.4117,27.515,36.4367
442.0,883.0,7.4295,36.2475,98.68,196.4518,0.0215,0.0001,99.8224,205.6498,48.7359,-16.0956,0.0,0.0001,1.8738,0.0014,6.6913,35.1869,7.3397,27.518,36.4432
443.0,885.0,7.4051,36.2218,98.68,196.1879,0.0174,0.0001,99.834,205.6499,48.7359,-16.0956,0.0,0.0001,1.8745,0.0,6.701,35.1828,7.3153,27.5182,36.4446
444.0,887.0,7.3545,36.169,98.68,196.5716,0.0199,0.0001,99.8238,205.6499,48.7359,-16.0956,0.0,0.0001,1.8754,0.0004,6.7026,35.1756,7.2647,27.5198,36.4486
445.0,889.0,7.3241,36.1396,82.9459,197.3236,0.0205,0.0001,99.8155,205.6499,48.7359,-16.0956,0.0,0.0001,1.8785,0.0013,6.6964,35.1732,7.2343,27.5222,36.4525
446.0,891.0,7.3557,36.1784,98.6791,197.1886,0.019,0.0001,99.837,205.6499,48.7359,-16.0956,0.0,0.0001,1.8802,0.0005,6.6927,35.1826,7.2655,27.5252,36.4539
447.0,893.0,7.3643,36.1934,98.558,196.2667,0.0227,0.0001,99.8379,205.65,48.7359,-16.0956,0.0,0.0001,1.8767,-0.0016,6.7154,35.1893,7.2738,27.5293,36.4575
448.0,895.0,7.2386,36.0617,98.68,197.4548,0.0253,0.0001,99.8422,205.65,48.736,-16.0956,0.0,0.0001,1.877,0.0007,6.7161,35.172,7.1487,27.5335,36.4677
449.0,897.0,7.2356,36.0596,98.68,198.6767,0.0248,0.0001,99.8444,205.65,48.736,-16.0956,0.0,0.0001,1.8809,0.002,6.7143,35.1718,7.1455,27.5338,36.4682
450.0,899.0,7.2335,36.0572,74.476,197.8836,0.0227,0.0001,99.847,205.6501,48.736,-16.0956,0.0,0.0001,1.8806,0.0,6.7206,35.1705,7.1433,27.533,36.4675
451.0,901.0,7.2175,36.0411,91.4606,198.0378,0.023,0.0001,99.8401,205.6501,48.736,-16.0956,0.0,0.0001,1.881,0.0002,6.7175,35.1682,7.1272,27.5335,36.4688
452.0,903.0,7.2208,36.0516,98.68,198.4987,0.0202,0.0001,99.8314,205.6501,48.736,-16.0956,0.0,0.0001,1.8822,0.0007,6.7152,35.1752,7.1303,27.5386,36.4736
453.0,905.0,7.2438,36.0801,98.68,197.7496,0.0198,0.0001,99.8585,205.6501,48.736,-16.0956,0.0,0.0001,1.8837,0.0001,6.695,35.1822,7.1528,27.5409,36.4748
454.0,907.0,7.3619,36.2229,79.3141,197.5708,0.0235,0.0001,99.8545,205.6502,48.736,-16.0956,0.0,0.0001,1.883,-0.0002,6.6942,35.2171,7.2699,27.5517,36.4797
455.0,909.0,7.4309,36.2996,98.68,195.9287,0.0213,0.0001,99.8822,205.6502,48.736,-16.0956,0.0,0.0001,1.8779,-0.0018,6.6831,35.2298,7.3383,27.552,36.4766
456.0,911.0,7.438,36.3125,98.68,195.2329,0.0246,0.0,99.8902,205.6502,48.736,-16.0957,0.0,0.0001,1.8733,-0.0021,6.685,35.2355,7.3451,27.5555,36.4797
457.0,913.0,7.4457,36.3271,98.68,196.272,0.0233,0.0001,99.8533,205.6502,48.736,-16.0957,0.0,0.0001,1.8731,0.0001,6.6847,35.2424,7.3524,27.5599,36.4837
458.0,915.0,7.4355,36.3132,67.8637,196.0792,0.0249,0.0001,99.8441,205.6503,48.736,-16.0957,0.0,0.0001,1.8721,-0.0006,6.6924,35.2372,7.3422,27.5572,36.4815
459.0,917.0,7.3962,36.2782,98.68,196.4084,0.0209,0.0,99.8967,205.6503,48.736,-16.0957,0.0,0.0001,1.8716,-0.0003,6.7012,35.2379,7.3029,27.5634,36.4896
460.0,919.0,7.346,36.2253,95.8719,196.8863,0.0197,0.0001,99.8826,205.6503,48.736,-16.0957,0.0,0.0001,1.8716,0.0004,6.7004,35.2301,7.2528,27.5644,36.493
461.0,921.0,7.2768,36.1547,97.4931,197.5233,0.0232,0.0001,99.8676,205.6504,48.736,-16.0957,0.0,0.0001,1.875,0.0006,6.706,35.2222,7.1838,27.568,36.4999
462.0,923.0,7.3093,36.1887,96.3717,196.7385,0.022,0.0001,99.8465,205.6504,48.736,-16.0957,0.0,0.0001,1.8729,-0.0011,6.719,35.2257,7.2159,27.5662,36.4965
463.0,925.0,7.2329,36.1106,71.7933,197.8757,0.0242,0.0001,99.883,205.6504,48.736,-16.0957,0.0,0.0001,1.8736,0.0006,6.7222,35.2168,7.1398,27.57,36.504
464.0,927.0,7.1883,36.0667,89.5946,198.9608,0.023,0.0001,99.869,205.6504,48.736,-16.0957,0.0,0.0001,1.8767,0.0015,6.7275,35.2129,7.0953,27.5733,36.5094
465.0,929.0,7.1558,36.034,98.68,199.0577,0.0247,0.0001,99.8715,205.6505,48.736,-16.0957,0.0,0.0001,1.8786,0.0007,6.7354,35.2094,7.0628,27.5751,36.5128
466.0,931.0,7.1128,35.9866,98.68,199.4656,0.0277,0.0001,99.8559,205.6505,48.7361,-16.0957,0.0,0.0001,1.8805,0.0007,6.7378,35.2004,7.02,27.5739,36.5137
467.0,933.0,7.0932,35.9674,78.9808,199.9393,0.0245,0.0001,99.8664,205.6505,48.7361,-16.0957,0.0,0.0001,1.8823,0.0007,6.7419,35.1982,7.0002,27.575,36.5158
468.0,935.0,7.0741,35.9485,91.3411,199.921,0.024,0.0001,99.8326,205.6506,48.7361,-16.0957,0.0,0.0001,1.8828,0.0002,6.7475,35.1959,6.9811,27.5759,36.5176
469.0,937.0,7.0422,35.9152,92.3316,199.9273,0.0216,0.0001,99.8618,205.6506,48.7361,-16.0957,0.0,0.0001,1.8832,0.0002,6.7447,35.1909,6.9492,27.5763,36.5196
470.0,939.0,7.0235,35.896,98.68,200.4013,0.0228,0.0001,99.843,205.6506,48.7361,-16.0958,0.0,0.0001,1.8847,0.0003,6.7528,35.1878,6.9304,27.5766,36.5207
471.0,941.0,7.004,35.8746,98.68,200.6681,0.0204,0.0001,99.8512,205.6506,48.7361,-16.0958,0.0,0.0001,1.8846,0.0,6.764,35.1833,6.9108,27.5757,36.5209
472.0,943.0,6.9729,35.8456,98.68,201.3622,0.0219,0.0001,99.869,205.6507,48.7361,-16.0958,0.0,0.0001,1.8852,0.0009,6.7677,35.1822,6.8798,27.5792,36.5258
473.0,945.0,6.9321,35.8036,82.5376,201.604,0.0221,0.0001,99.8618,205.6507,48.7361,-16.0958,0.0,0.0001,1.8871,0.0011,6.7619,35.1767,6.8391,27.5804,36.529
474.0,947.0,6.9115,35.7831,97.1549,202.125,0.0226,0.0001,99.8375,205.6507,48.7361,-16.0958,0.0,0.0001,1.8909,0.0007,6.7685,35.174,6.8184,27.5812,36.5308
475.0,949.0,6.894,35.7669,84.2183,202.2013,0.0222,0.0001,99.8618,205.6508,48.7361,-16.0958,0.0,0.0001,1.8909,0.0005,6.7685,35.1732,6.8008,27.583,36.5334
476.0,951.0,6.9076,35.7848,81.1618,202.4401,0.0242,0.0001,99.8568,205.6508,48.7361,-16.0958,0.0,0.0001,1.8919,0.0003,6.7743,35.178,6.8141,27.585,36.5347
477.0,953.0,6.877,35.7549,89.1227,202.0677,0.0242,0.0001,99.8603,205.6508,48.7361,-16.0958,0.0,0.0001,1.8916,-0.0003,6.774,35.1751,6.7834,27.5869,36.5381
478.0,955.0,6.8544,35.7335,98.68,202.762,0.0275,0.0001,99.8544,205.6508,48.7361,-16.0958,0.0,0.0001,1.8925,0.0003,6.781,35.1737,6.7609,27.5888,36.5412
479.0,957.0,6.8282,35.7062,98.68,202.979,0.0223,0.0001,99.8607,205.6509,48.7361,-16.0958,0.0,0.0001,1.8926,-0.0001,6.7926,35.1693,6.7346,27.589,36.5426
480.0,959.0,6.8036,35.6793,98.68,203.4981,0.0246,0.0001,99.869,205.6509,48.7361,-16.0958,0.0,0.0001,1.893,0.0006,6.7969,35.1639,6.71,27.5881,36.5429
481.0,961.0,6.7369,35.6124,98.68,204.0538,0.0221,0.0001,99.8449,205.6509,48.7361,-16.0958,0.0,0.0001,1.895,0.0009,6.7987,35.157,6.6436,27.5917,36.5498
482.0,963.0,6.6987,35.5735,98.68,204.287,0.0233,0.0001,99.8533,205.6509,48.7361,-16.0958,0.0,0.0001,1.8969,0.0005,6.8045,35.1522,6.6055,27.5931,36.553
483.0,965.0,6.6857,35.5598,98.68,204.6761,0.0261,0.0001,99.8504,205.651,48.7362,-16.0958,0.0,0.0001,1.8987,0.0005,6.8089,35.1496,6.5923,27.5928,36.5534
484.0,967.0,6.6753,35.5495,70.9911,204.5961,0.0246,0.0001,99.8461,205.651,48.7362,-16.0959,0.0,0.0001,1.8984,0.0001,6.8099,35.1477,6.5819,27.5927,36.5539
485.0,969.0,6.6424,35.5151,98.68,205.0157,0.024,0.0001,99.8497,205.651,48.7362,-16.0959,0.0,0.0001,1.8994,0.0005,6.8098,35.1423,6.549,27.5929,36.5557
486.0,971.0,6.6313,35.5057,96.3779,205.2215,0.0245,0.0001,99.8389,205.651,48.7362,-16.0959,0.0,0.0001,1.9007,0.0004,6.8118,35.1422,6.5378,27.5944,36.5577
487.0,973.0,6.622,35.4976,98.4574,205.4321,0.0225,0.0001,99.8677,205.6511,48.7362,-16.0959,0.0,0.0001,1.9021,0.0005,6.8069,35.1417,6.5283,27.5953,36.559
488.0,975.0,6.6533,35.5375,98.68,205.7498,0.0203,0.0001,99.8582,205.6511,48.7362,-16.0959,0.0,0.0001,1.903,0.0007,6.8083,35.1528,6.5592,27.5999,36.562
489.0,977.0,6.6644,35.5508,98.68,205.3458,0.0214,0.0001,99.8512,205.6511,48.7362,-16.0959,0.0,0.0001,1.9021,-0.0002,6.8147,35.1553,6.57,27.6004,36.562
490.0,979.0,6.6238,35.5078,82.4443,205.2048,0.022,0.0001,99.8472,205.6512,48.7362,-16.0959,0.0,0.0001,1.9002,-0.0006,6.8239,35.1484,6.5295,27.6004,36.564
491.0,981.0,6.5714,35.4552,98.68,206.354,0.022,0.0001,99.8528,205.6512,48.7362,-16.0959,0.0,0.0001,1.9024,0.0008,6.828,35.1426,6.4773,27.6028,36.5689
492.0,983.0,6.5262,35.4108,93.4521,206.6635,0.0237,0.0001,99.8473,205.6512,48.7362,-16.0959,0.0,0.0001,1.9034,0.0005,6.8354,35.1384,6.4321,27.6055,36.5738
493.0,985.0,6.4923,35.377,98.4592,206.9376,0.0199,0.0001,99.8552,205.6512,48.7362,-16.0959,0.0,0.0001,1.9045,0.0005,6.8393,35.1349,6.3983,27.6072,36.5772
494.0,987.0,6.4778,35.3631,98.4687,207.1972,0.0241,0.0001,99.8459,205.6513,48.7362,-16.0959,0.0,0.0001,1.9054,0.0005,6.8409,35.1334,6.3838,27.608,36.5787
495.0,989.0,6.4654,35.3525,98.68,207.8102,0.0243,0.0001,99.869,205.6513,48.7362,-16.0959,0.0,0.0001,1.9074,0.0011,6.8395,35.1333,6.3712,27.6096,36.5809
496.0,991.0,6.4556,35.344,91.1738,207.831,0.021,0.0001,99.8344,205.6513,48.7362,-16.0959,0.0,0.0001,1.9091,0.0003,6.8439,35.1327,6.3612,27.6104,36.5822
497.0,993.0,6.4452,35.334,98.68,207.5664,0.0225,0.0001,99.8623,205.6514,48.7362,-16.0959,0.0,0.0001,1.9084,-0.0004,6.8499,35.1313,6.3507,27.6107,36.5831
498.0,995.0,6.4171,35.309,90.313,208.3835,0.0193,0.0001,99.8401,205.6514,48.7362,-16.0959,0.0,0.0001,1.91,0.0008,6.8459,35.1312,6.3227,27.6144,36.588
499.0,997.0,6.4069,35.2996,98.68,208.4324,0.0242,0.0001,99.8251,205.6514,48.7363,-16.096,0.0,0.0001,1.912,0.0002,6.8481,35.1302,6.3124,27.615,36.5891
500.0,999.0,6.3985,35.2916,81.6495,208.4726,0.0257,0.0001,99.863,205.6515,48.7363,-16.096,0.0,0.0001,1.9113,0.0002,6.8522,35.129,6.3038,27.6151,36.5898
501.0,1001.0,6.3836,35.2783,94.8996,208.9349,0.0222,0.0001,99.8278,205.6515,48.7363,-16.096,0.0,0.0001,1.9139,0.0002,6.8523,35.1284,6.2887,27.6166,36.592
502.0,1003.0,6.3729,35.2699,98.68,209.6044,0.0205,0.0001,99.8611,205.6516,48.7363,-16.096,0.0,0.0001,1.915,0.001,6.8552,35.129,6.278,27.6185,36.5944
503.0,1005.0,6.3664,35.2647,91.7767,209.6588,0.0213,0.0001,99.8309,205.6517,48.7363,-16.096,0.0,0.0001,1.9174,0.0003,6.8545,35.1291,6.2713,27.6195,36.5957
504.0,1007.0,6.3805,35.2847,89.2907,210.0575,0.02,0.0001,99.824,205.6517,48.7363,-16.096,0.0,0.0001,1.9195,0.0003,6.8551,35.1358,6.2851,27.6229,36.5983
505.0,1009.0,6.3232,35.2288,95.4571,211.0485,0.022,0.0001,99.7457,205.6525,48.7364,-16.0961,0.0,0.0001,1.9254,0.0,6.8643,35.1312,6.228,27.6268,36.605
506.0,1011.0,6.3102,35.2164,97.18,211.2246,0.0218,0.0001,99.6859,205.6529,48.7365,-16.0962,0.0,0.0001,1.9264,0.0001,6.8642,35.1303,6.215,27.6278,36.6066
