Datacycle,press,temp,cond,alt,oxygen,fluor,atten,trans,jday,lat,lon,PAR,UPAR,oxV,oxdVdt,oxysat,salin,potemp,sigma0,sigma2
1.0,3.0,16.0437,44.6698,10.8035,242.5843,0.4776,0.0032,92.2055,206.1234,49.4476,-16.0871,0.0,0.0001,2.7272,0.0,5.549,35.6433,16.0432,26.2327,34.8031
2.0,5.0,16.0435,44.6701,15.8838,242.8636,0.479,0.0032,92.3006,206.1235,49.4476,-16.0871,0.0,0.0001,2.728,0.0004,5.5497,35.6431,16.0427,26.2326,34.8031
3.0,7.0,16.0635,44.692,66.9698,243.2674,0.4854,0.0032,92.3435,206.1236,49.4477,-16.087,0.0,0.0001,2.7299,0.0006,5.5496,35.6439,16.0623,26.2288,34.7985
4.0,9.0,16.0296,44.6591,87.7411,243.2154,0.4823,0.0032,92.3496,206.1237,49.4477,-16.087,0.0,0.0001,2.7307,-0.0004,5.5513,35.6443,16.0282,26.2369,34.8078
5.0,11.0,16.0153,44.6448,95.9589,243.7783,0.4894,0.0032,92.3553,206.1238,49.4477,-16.087,0.0,0.0001,2.7336,0.0006,5.552,35.6436,16.0136,26.2398,34.8112
6.0,13.0,16.0084,44.6402,98.71,243.8944,0.4833,0.0032,92.3888,206.1239,49.4477,-16.0869,0.0,0.0001,2.735,0.0001,5.5526,35.6449,16.0063,26.2424,34.814
7.0,15.0,16.0089,44.6416,82.3864,243.7608,0.4854,0.0031,92.4984,206.1239,49.4477,-16.0869,0.0,0.0001,2.7338,-0.0003,5.5531,35.6447,16.0065,26.2423,34.8139
8.0,17.0,16.0027,44.6386,88.5278,243.9647,0.4888,0.0031,92.4981,206.124,49.4477,-16.0868,0.0,0.0001,2.7339,0.0003,5.5534,35.6467,15.9999,26.2453,34.8171
9.0,19.0,16.0007,44.6382,86.7627,243.7863,0.4945,0.0031,92.6095,206.1241,49.4477,-16.0868,0.0,0.0001,2.7329,-0.0005,5.5544,35.6476,15.9977,26.2464,34.8184
10.0,21.0,15.9922,44.6333,96.4667,243.5278,0.5066,0.003,92.8128,206.1241,49.4477,-16.0868,0.0,0.0001,2.7299,-0.0006,5.5549,35.65,15.9888,26.2504,34.8226
11.0,23.0,15.98,44.624,75.7642,243.3531,0.5502,0.0029,92.965,206.1242,49.4477,-16.0867,0.0,0.0001,2.7262,-0.0008,5.5597,35.6518,15.9763,26.2546,34.8272
12.0,25.0,15.9035,44.5537,85.4268,243.1378,0.5961,0.0027,93.3646,206.1242,49.4478,-16.0867,0.0,0.0001,2.7217,-0.0012,5.5696,35.6569,15.8996,26.2762,34.8514
13.0,27.0,15.8363,44.486,87.4234,243.437,0.7263,0.0027,93.44,206.1243,49.4478,-16.0867,0.0,0.0001,2.7167,-0.0009,5.59,35.6562,15.8321,26.291,34.8686
14.0,29.0,15.6503,44.3122,93.1215,243.9073,1.0313,0.0031,92.5628,206.1244,49.4478,-16.0867,0.0,0.0001,2.715,-0.0014,5.6089,35.667,15.6458,26.3418,34.9257
15.0,31.0,15.3336,44.0138,95.9615,242.9416,1.0476,0.0026,93.6594,206.1244,49.4478,-16.0866,0.0,0.0001,2.7007,-0.0017,5.6272,35.6836,15.3288,26.426,35.0209
16.0,33.0,15.2183,43.9074,98.7086,240.3738,0.9516,0.0023,94.3693,206.1245,49.4478,-16.0866,0.0,0.0001,2.677,-0.007,5.6657,35.6912,15.2133,26.4576,35.0565
17.0,35.0,14.9037,43.6068,82.7111,238.4031,0.8264,0.0018,95.5496,206.1245,49.4478,-16.0866,0.0,0.0001,2.651,-0.005,5.6768,35.7034,14.8985,26.5369,35.1468
18.0,37.0,14.8654,43.5722,81.8596,238.3795,0.7511,0.0017,95.9203,206.1246,49.4478,-16.0866,0.0,0.0001,2.6405,-0.0015,5.6842,35.7061,14.8598,26.5474,35.1587
19.0,39.0,14.7107,43.4285,85.3519,237.4167,0.7395,0.0015,96.2737,206.1246,49.4478,-16.0865,0.0,0.0001,2.6268,-0.0038,5.716,35.7152,14.7049,26.5883,35.2051
20.0,41.0,14.3856,43.1315,91.3987,235.5157,0.5407,0.0012,97.1359,206.1247,49.4478,-16.0865,0.0,0.0001,2.6035,-0.0045,5.7397,35.7397,14.3795,26.6779,35.3061
21.0,43.0,14.3476,43.0927,78.0361,232.6346,0.4493,0.001,97.5005,206.1247,49.4478,-16.0865,0.0,0.0001,2.5794,-0.0087,5.766,35.738,14.3413,26.6847,35.3144
22.0,45.0,14.0465,42.8122,94.7342,233.8917,0.3423,0.0008,97.9709,206.1248,49.4478,-16.0865,0.0,0.0001,2.5692,-0.0034,5.7989,35.7553,14.04,26.7626,35.4031
23.0,47.0,13.6287,42.4129,87.2821,232.0884,0.2028,0.0005,98.7554,206.1248,49.4478,-16.0865,0.0,0.0001,2.5451,-0.0038,5.8299,35.7692,13.622,26.8612,35.5171
24.0,49.0,13.526,42.31,83.6486,229.084,0.1195,0.0003,99.2325,206.1249,49.4478,-16.0864,0.0,0.0001,2.5222,-0.0063,5.8359,35.7673,13.5191,26.8811,35.5409
25.0,51.0,13.4282,42.2203,96.4799,229.7367,0.0755,0.0002,99.418,206.1249,49.4479,-16.0864,0.0,0.0001,2.5126,-0.0025,5.8585,35.7735,13.421,26.9062,35.5696
26.0,53.0,13.2787,42.0681,89.3563,230.22,0.0606,0.0002,99.5984,206.125,49.4479,-16.0864,0.0,0.0001,2.5094,0.0003,5.8607,35.7686,13.2712,26.9333,35.6024
27.0,55.0,13.3188,42.1092,98.7006,230.3853,0.0573,0.0001,99.6244,206.125,49.4479,-16.0864,0.0,0.0001,2.5093,0.0003,5.8647,35.7693,13.3111,26.9257,35.5932
28.0,57.0,13.2445,42.0339,93.205,230.75,0.0483,0.0001,99.7183,206.1251,49.4479,-16.0864,0.0,0.0001,2.5112,0.0,5.8699,35.7667,13.2365,26.939,35.6094
29.0,59.0,13.2018,41.9896,93.5669,231.072,0.0389,0.0001,99.7611,206.1251,49.4479,-16.0863,0.0,0.0001,2.5119,0.0005,5.8708,35.7637,13.1936,26.9454,35.6175
30.0,61.0,13.195,41.985,98.71,230.7707,0.0364,0.0001,99.7978,206.1251,49.4479,-16.0863,0.0,0.0001,2.5104,-0.0009,5.8767,35.765,13.1866,26.9479,35.6202
31.0,63.0,13.1476,41.9336,92.6501,230.3909,0.0314,0.0001,99.8535,206.1252,49.4479,-16.0863,0.0,0.0001,2.5057,-0.0009,5.8803,35.7597,13.1388,26.9535,35.6277
32.0,65.0,13.106,41.8891,88.2662,229.3289,0.029,0.0,99.8978,206.1252,49.4479,-16.0863,0.0,0.0001,2.4975,-0.0026,5.8879,35.7555,13.097,26.9588,35.6346
33.0,67.0,13.0776,41.8579,98.695,229.9499,0.0317,0.0,99.8938,206.1253,49.4479,-16.0863,0.0,0.0001,2.4966,0.0003,5.8858,35.7518,13.0683,26.9617,35.6387
34.0,69.0,13.0744,41.8537,98.7043,230.1191,0.0288,0.0,99.9085,206.1253,49.4479,-16.0862,0.0,0.0001,2.4975,-0.0002,5.8899,35.7501,13.0649,26.9611,35.6383
35.0,71.0,13.0573,41.8357,98.71,230.2951,0.0291,0.0,99.9367,206.1254,49.4479,-16.0862,0.0,0.0001,2.4973,0.0002,5.8909,35.7478,13.0474,26.9629,35.6407
36.0,73.0,13.0597,41.8398,78.1625,230.3477,0.03,0.0,99.9676,206.1254,49.4479,-16.0862,0.0,0.0001,2.4972,-0.0001,5.8931,35.7488,13.0496,26.9632,35.6409
37.0,75.0,13.0309,41.8099,93.3987,230.9486,0.0254,0.0,99.969,206.1255,49.4479,-16.0862,0.0,0.0001,2.5004,0.0005,5.8944,35.7465,13.0206,26.9673,35.6462
38.0,77.0,13.013,41.7894,95.8307,231.2533,0.0247,0.0,99.9856,206.1255,49.448,-16.0862,0.0,0.0001,2.5015,0.0006,5.8964,35.7429,13.0024,26.9682,35.6478
39.0,79.0,13.002,41.7761,96.3546,231.5497,0.027,0.0,100.0012,206.1256,49.448,-16.0861,0.0,0.0001,2.5036,0.0004,5.8992,35.7396,12.9911,26.968,35.6481
40.0,81.0,12.991,41.7647,98.71,230.8058,0.0281,0.0,100.0133,206.1256,49.448,-16.0861,0.0,0.0001,2.5003,-0.0015,5.8998,35.7384,12.9799,26.9693,35.6498
41.0,83.0,12.9784,41.7518,93.4377,230.8517,0.0286,0.0,100.0218,206.1257,49.448,-16.0861,0.0,0.0001,2.4977,-0.001,5.9058,35.737,12.967,26.9708,35.6519
42.0,85.0,12.9145,41.6757,98.68,229.9457,0.0249,0.0,100.0126,206.1257,49.448,-16.0861,0.0,0.0001,2.4906,-0.002,5.9093,35.7236,12.9029,26.9733,35.657
43.0,87.0,12.8829,41.6412,82.3119,230.6794,0.025,0.0,100.0121,206.1258,49.448,-16.0861,0.0,0.0001,2.4914,-0.0002,5.913,35.7196,12.8709,26.9767,35.6616
44.0,89.0,12.8641,41.6194,98.7035,228.9813,0.027,0.0,100.0103,206.1258,49.448,-16.086,0.0,0.0001,2.4831,-0.0034,5.914,35.7155,12.852,26.9774,35.6631
45.0,91.0,12.856,41.6113,98.706,230.4231,0.0279,0.0,100.0211,206.1258,49.448,-16.086,0.0,0.0001,2.4863,0.0003,5.9155,35.7145,12.8436,26.9782,35.6643
46.0,93.0,12.8587,41.6165,98.4353,229.4676,0.0255,0.0,100.0238,206.1259,49.448,-16.086,0.0,0.0001,2.4809,-0.0016,5.9186,35.7161,12.846,26.979,35.6649
47.0,95.0,12.8338,41.5889,98.71,229.9571,0.0255,0.0,99.9791,206.1259,49.448,-16.086,0.0,0.0001,2.4805,0.0003,5.9192,35.7121,12.8208,26.981,35.6679
48.0,97.0,12.8411,41.5973,86.1537,229.1053,0.027,0.0,100.0261,206.126,49.448,-16.086,0.0,0.0001,2.4761,-0.002,5.9244,35.7127,12.8279,26.98,35.6667
49.0,99.0,12.7926,41.5417,96.0233,230.08,0.0271,0.0,100.0206,206.126,49.448,-16.0859,0.0,0.0001,2.4776,0.0007,5.9246,35.7041,12.779,26.9831,35.6718
50.0,101.0,12.794,41.5445,91.1234,229.8882,0.0261,0.0,100.0278,206.1261,49.448,-16.0859,0.0,0.0001,2.4773,-0.0003,5.9268,35.7046,12.7802,26.9833,35.6719
51.0,103.0,12.7781,41.5283,98.7073,227.45,0.0287,0.0,100.0265,206.1261,49.448,-16.0859,0.0,0.0001,2.4654,-0.0045,5.928,35.7032,12.764,26.9854,35.6747
52.0,105.0,12.7662,41.5155,98.7069,227.6667,0.0279,0.0,100.0264,206.1261,49.448,-16.0859,0.0,0.0001,2.459,-0.0014,5.9296,35.7013,12.7519,26.9864,35.6762
53.0,107.0,12.7548,41.503,92.707,228.0202,0.0243,0.0,100.0253,206.1262,49.448,-16.0859,0.0,0.0001,2.4583,0.0,5.9295,35.6993,12.7402,26.9872,35.6774
54.0,109.0,12.7544,41.5042,96.0356,227.2866,0.0331,0.0,100.0296,206.1262,49.448,-16.0859,0.0,0.0001,2.4546,-0.0015,5.9307,35.6999,12.7396,26.9878,35.678
55.0,111.0,12.7402,41.4889,92.0585,227.4115,0.0226,0.0,100.0289,206.1263,49.448,-16.0858,0.0,0.0001,2.4517,0.0001,5.9323,35.6977,12.7251,26.9889,35.6798
56.0,113.0,12.7322,41.4805,89.1964,227.5834,0.0286,0.0,99.9945,206.1264,49.4481,-16.0858,0.0,0.0001,2.4513,-0.0002,5.9409,35.6963,12.7168,26.9895,35.6807
57.0,115.0,12.6976,41.4398,97.0394,227.7432,0.0245,0.0,99.9919,206.1265,49.4481,-16.0857,0.0,0.0001,2.4506,0.0,5.9437,35.6893,12.6821,26.991,35.6837
58.0,117.0,12.6282,41.3588,86.8682,227.9037,0.0251,0.0,99.9803,206.1267,49.4481,-16.0857,0.0,0.0001,2.4506,0.0,5.9483,35.6761,12.6124,26.9946,35.6901
59.0,119.0,12.5916,41.3174,93.4018,227.0139,0.0291,0.0,99.9746,206.1267,49.4481,-16.0856,0.0,0.0001,2.4436,-0.0015,5.9524,35.6698,12.5755,26.9971,35.6941
60.0,121.0,12.581,41.306,98.71,226.8234,0.0269,0.0,99.952,206.1268,49.4481,-16.0856,0.0,0.0001,2.4403,-0.0009,5.9534,35.668,12.5647,26.9978,35.6952
61.0,123.0,12.5661,41.2899,98.71,227.48,0.0251,0.0,99.9754,206.1268,49.4481,-16.0856,0.0,0.0001,2.4412,0.0008,5.9537,35.6656,12.5495,26.9989,35.697
62.0,125.0,12.561,41.2832,98.692,227.6421,0.0273,0.0,99.9534,206.1269,49.4481,-16.0856,0.0,0.0001,2.4418,0.0001,5.9608,35.6632,12.5441,26.9982,35.6965
63.0,127.0,12.5142,41.2307,98.6987,229.1988,0.0238,0.0,99.9608,206.1269,49.4481,-16.0856,0.0,0.0001,2.4476,0.003,5.9599,35.6557,12.4971,27.0016,35.7019
64.0,129.0,12.5125,41.2298,72.0602,228.7722,0.0256,0.0,99.9307,206.1269,49.4481,-16.0855,0.0,0.0001,2.4493,0.0001,5.9661,35.6557,12.4951,27.0021,35.7024
65.0,131.0,12.4884,41.2015,98.6979,228.9995,0.0229,0.0,99.9498,206.127,49.4481,-16.0855,0.0,0.0001,2.4481,0.0005,5.9683,35.6505,12.4708,27.0028,35.7041
66.0,133.0,12.4597,41.1705,98.6945,229.2551,0.0266,0.0,99.948,206.127,49.4481,-16.0855,0.0,0.0001,2.4503,0.0005,5.9711,35.6468,12.4418,27.0057,35.7082
67.0,135.0,12.4409,41.1491,98.6955,228.9693,0.0285,0.0,99.9495,206.127,49.4481,-16.0855,0.0,0.0001,2.4485,-0.0005,5.9728,35.6431,12.4228,27.0065,35.7098
68.0,137.0,12.4135,41.1189,78.7587,228.8697,0.0294,0.0,99.9416,206.1271,49.4481,-16.0855,0.0,0.0001,2.4469,-0.0005,5.9758,35.6389,12.3952,27.0087,35.7131
69.0,139.0,12.3988,41.1021,84.3257,227.1109,0.0282,0.0,99.939,206.1271,49.4481,-16.0855,0.0,0.0001,2.4382,-0.0041,5.9781,35.6359,12.3802,27.0093,35.7143
70.0,141.0,12.3777,41.0794,94.6846,227.0319,0.0303,0.0,99.9267,206.1271,49.4481,-16.0855,0.0,0.0001,2.4341,-0.0024,5.9785,35.633,12.3588,27.0112,35.7171
71.0,143.0,12.3753,41.0781,98.5729,227.5345,0.0282,0.0,99.9262,206.1272,49.4481,-16.0855,0.0,0.0001,2.4324,-0.0004,5.9806,35.6332,12.3562,27.0119,35.718
72.0,145.0,12.36,41.0622,98.6994,229.0469,0.0274,0.0,99.9484,206.1272,49.4481,-16.0854,0.0,0.0001,2.4374,0.0026,5.9815,35.6314,12.3406,27.0135,35.7202
73.0,147.0,12.3563,41.0597,98.6858,230.135,0.0304,0.0,99.9444,206.1272,49.4481,-16.0854,0.0,0.0001,2.4443,0.0036,5.9812,35.6314,12.3367,27.0143,35.7212
74.0,149.0,12.3476,41.0501,85.8637,229.089,0.033,0.0,99.9312,206.1273,49.4481,-16.0854,0.0,0.0001,2.4425,-0.0005,5.9867,35.6297,12.3277,27.0148,35.722
75.0,151.0,12.3175,41.0163,92.8788,229.0821,0.0326,0.0,99.9231,206.1273,49.4481,-16.0854,0.0,0.0001,2.4411,-0.0005,5.9899,35.6245,12.2974,27.0166,35.7251
76.0,153.0,12.2998,40.9965,98.7057,228.8192,0.0295,0.0,99.9243,206.1273,49.4481,-16.0854,0.0,0.0001,2.4395,-0.0005,5.9874,35.6211,12.2795,27.0175,35.7267
77.0,155.0,12.2802,40.9743,71.9936,229.1468,0.0309,0.0,99.9332,206.1274,49.4482,-16.0854,0.0,0.0001,2.4387,-0.0004,5.9966,35.6174,12.2596,27.0185,35.7285
78.0,157.0,12.2425,40.9319,98.7025,230.2063,0.0253,0.0,99.9237,206.1274,49.4482,-16.0853,0.0,0.0001,2.441,0.0017,5.9994,35.611,12.2217,27.0209,35.7325
79.0,159.0,12.2155,40.9017,92.7343,230.1218,0.027,0.0,99.9181,206.1274,49.4482,-16.0853,0.0,0.0001,2.4422,0.0003,6.0027,35.6066,12.1944,27.0228,35.7356
80.0,161.0,12.1857,40.8684,98.7024,230.3572,0.0269,0.0,99.9099,206.1275,49.4482,-16.0853,0.0,0.0001,2.4436,0.0003,6.0043,35.6015,12.1644,27.0247,35.7387
81.0,163.0,12.1959,40.8804,98.71,230.2603,0.026,0.0,99.9239,206.1275,49.4482,-16.0853,0.0,0.0001,2.442,-0.0003,6.0066,35.6028,12.1744,27.0238,35.7373
82.0,165.0,12.1571,40.8385,91.8836,230.4384,0.0255,0.0,99.9151,206.1276,49.4482,-16.0853,0.0,0.0001,2.4428,0.0,6.0089,35.5979,12.1352,27.0275,35.7427
83.0,167.0,12.1616,40.8444,98.71,229.9133,0.0294,0.0,99.9199,206.1276,49.4482,-16.0853,0.0,0.0001,2.4407,-0.0013,6.0116,35.5987,12.1395,27.0273,35.7423
84.0,169.0,12.1308,40.8086,98.6995,231.1338,0.029,0.0,99.9051,206.1276,49.4482,-16.0853,0.0,0.0001,2.4439,0.0009,6.0156,35.5921,12.1084,27.0283,35.7446
85.0,171.0,12.0956,40.7693,82.5787,231.4844,0.0284,0.0,99.8961,206.1277,49.4482,-16.0853,0.0,0.0001,2.4461,0.0008,6.018,35.5864,12.073,27.0307,35.7485
86.0,173.0,12.0886,40.7604,92.1108,231.298,0.0283,0.0,99.8944,206.1277,49.4482,-16.0852,0.0,0.0001,2.4462,-0.0001,6.0187,35.5835,12.0658,27.0298,35.7479
87.0,175.0,12.0809,40.7519,97.3147,231.6838,0.0254,0.0,99.8944,206.1277,49.4482,-16.0852,0.0,0.0001,2.4469,0.0002,6.0222,35.5817,12.0578,27.0299,35.7484
88.0,177.0,12.049,40.7168,98.4024,231.8644,0.0272,0.0,99.8858,206.1278,49.4482,-16.0852,0.0,0.0001,2.447,0.0001,6.0271,35.5769,12.0257,27.0325,35.7522
89.0,179.0,12.0128,40.6756,98.7025,232.4445,0.0248,0.0,99.8978,206.1278,49.4482,-16.0852,0.0,0.0001,2.4495,0.0012,6.0243,35.5703,11.9893,27.0343,35.7556
90.0,181.0,12.0104,40.6739,98.701,232.1758,0.0248,0.0,99.8978,206.1279,49.4482,-16.0852,0.0,0.0001,2.4487,-0.0006,6.033,35.5702,11.9867,27.0347,35.7561
91.0,183.0,11.9544,40.6117,84.0468,232.228,0.0259,0.0,99.8759,206.1279,49.4482,-16.0852,0.0,0.0001,2.4474,-0.0004,6.035,35.5616,11.9304,27.0389,35.7626
92.0,185.0,11.9675,40.6269,98.5906,231.3293,0.024,0.0,99.8864,206.1279,49.4482,-16.0851,0.0,0.0001,2.4421,-0.0017,6.037,35.5631,11.9433,27.0376,35.7608
93.0,187.0,11.9434,40.601,98.6991,231.9365,0.0283,0.0,99.8978,206.128,49.4482,-16.0851,0.0,0.0001,2.4418,0.0001,6.0382,35.5598,11.9189,27.0397,35.7639
94.0,189.0,11.9358,40.5939,82.536,231.7442,0.0281,0.0,99.8978,206.128,49.4482,-16.0851,0.0,0.0001,2.4407,-0.0003,6.0389,35.5594,11.9111,27.0409,35.7654
95.0,191.0,11.9275,40.5867,95.5866,231.4322,0.0264,0.0,99.906,206.1281,49.4482,-16.0851,0.0,0.0001,2.4384,-0.0008,6.0396,35.5593,11.9025,27.0424,35.7673
96.0,193.0,11.9287,40.5897,98.7483,232.1988,0.0242,0.0,99.8972,206.1281,49.4482,-16.0851,0.0,0.0001,2.4406,0.001,6.0379,35.5603,11.9035,27.043,35.7679
97.0,195.0,11.9487,40.616,98.6122,233.5343,0.0261,0.0,99.9037,206.1281,49.4482,-16.0851,0.0,0.0001,2.4492,0.0026,6.0327,35.5662,11.9231,27.0438,35.7678
98.0,197.0,11.98,40.6566,98.6864,234.3022,0.0259,0.0,99.9112,206.1282,49.4482,-16.085,0.0,0.0001,2.4567,0.0018,6.0337,35.5751,11.9542,27.0448,35.7674
99.0,199.0,11.9648,40.6423,67.322,233.8915,0.023,0.0,99.9213,206.1282,49.4482,-16.085,0.0,0.0001,2.4571,-0.0002,6.0358,35.5748,11.9387,27.0476,35.7708
100.0,201.0,11.9407,40.6136,96.5482,233.4513,0.0241,0.0,99.9076,206.1283,49.4482,-16.085,0.0,0.0001,2.4543,-0.0009,6.0376,35.5686,11.9144,27.0474,35.7717
101.0,203.0,11.9396,40.6113,98.695,232.3637,0.0228,0.0,99.9108,206.1283,49.4482,-16.085,0.0,0.0001,2.4469,-0.0026,6.0412,35.5668,11.9131,27.0462,35.7706
102.0,205.0,11.91,40.5774,86.9521,232.2897,0.0221,0.0,99.9116,206.1283,49.4482,-16.085,0.0,0.0001,2.4434,-0.0014,6.0423,35.5609,11.8832,27.0474,35.773
103.0,207.0,11.8961,40.5614,98.6987,232.2341,0.0233,0.0,99.9078,206.1284,49.4482,-16.085,0.0,0.0001,2.4401,-0.0007,6.0441,35.5575,11.8691,27.0474,35.7737
104.0,209.0,11.8817,40.5457,98.7032,230.455,0.0237,0.0,99.8918,206.1284,49.4482,-16.085,0.0,0.0001,2.4331,-0.0037,6.0447,35.555,11.8544,27.0483,35.7752
105.0,211.0,11.8737,40.5384,85.1676,231.4378,0.025,0.0,99.8926,206.1284,49.4482,-16.0849,0.0,0.0001,2.431,-0.0002,6.0455,35.5546,11.8462,27.0496,35.7768
106.0,213.0,11.8863,40.5569,98.6907,231.808,0.0272,0.0,99.896,206.1285,49.4482,-16.0849,0.0,0.0001,2.4326,0.0006,6.0419,35.5599,11.8585,27.0513,35.7779
107.0,215.0,11.9081,40.5877,98.71,233.4195,0.0252,0.0,99.8978,206.1285,49.4482,-16.0849,0.0,0.0001,2.4388,0.0032,6.0423,35.5683,11.88,27.0537,35.7794
108.0,217.0,11.9261,40.6114,77.2038,233.1801,0.0244,0.0,99.9014,206.1286,49.4482,-16.0849,0.0,0.0001,2.4429,0.001,6.0386,35.5736,11.8977,27.0545,35.7793
109.0,219.0,11.9296,40.6189,89.5317,233.2302,0.0256,0.0,99.8978,206.1286,49.4482,-16.0849,0.0,0.0001,2.4446,0.0003,6.0388,35.5765,11.9009,27.0561,35.7808
110.0,221.0,11.9254,40.6163,98.7031,232.762,0.0241,0.0,99.8993,206.1287,49.4482,-16.0849,0.0,0.0001,2.4426,-0.0009,6.0397,35.5771,11.8964,27.0574,35.7823
111.0,223.0,11.9171,40.6096,98.6937,230.7466,0.0256,0.0,99.9028,206.1287,49.4482,-16.0848,0.0,0.0001,2.4314,-0.0036,6.0402,35.5776,11.8879,27.0594,35.7847
112.0,225.0,11.9159,40.6117,98.7018,230.2652,0.0237,0.0,99.8997,206.1287,49.4482,-16.0848,0.0,0.0001,2.4252,-0.0024,6.04,35.5799,11.8865,27.0615,35.7867
113.0,227.0,11.914,40.6112,98.71,230.9137,0.0248,0.0,99.8959,206.1288,49.4482,-16.0848,0.0,0.0001,2.4242,-0.0003,6.0409,35.5806,11.8843,27.0624,35.7877
114.0,229.0,11.9048,40.6025,76.3792,230.5118,0.0252,0.0,99.8978,206.1288,49.4482,-16.0848,0.0,0.0001,2.4208,-0.0008,6.0428,35.5798,11.8749,27.0636,35.7893
115.0,231.0,11.8862,40.5809,96.5986,229.7744,0.0234,0.0,99.8978,206.1288,49.4482,-16.0848,0.0,0.0001,2.416,-0.0017,6.0453,35.5755,11.856,27.064,35.7905
116.0,233.0,11.8783,40.5716,98.71,228.775,0.0272,0.0,99.8978,206.1289,49.4482,-16.0848,0.0,0.0001,2.409,-0.0026,6.046,35.573,11.8479,27.0635,35.7904
117.0,235.0,11.8685,40.5613,90.1859,227.7933,0.0226,0.0,99.8918,206.1289,49.4482,-16.0848,0.0,0.0001,2.3992,-0.0021,6.0464,35.5714,11.8379,27.0642,35.7915
118.0,237.0,11.8656,40.559,98.696,225.533,0.0205,0.0,99.8982,206.129,49.4482,-16.0848,0.0,0.0001,2.3865,-0.0049,6.047,35.5711,11.8347,27.0646,35.792
119.0,239.0,11.8649,40.5601,98.705,225.544,0.0203,0.0,99.895,206.129,49.4482,-16.0847,0.0,0.0001,2.3791,-0.0018,6.0472,35.5719,11.8337,27.0653,35.7928
120.0,241.0,11.8614,40.5582,83.7952,223.3541,0.0227,0.0,99.9015,206.129,49.4482,-16.0847,0.0,0.0001,2.3653,-0.0042,6.0487,35.5724,11.83,27.0665,35.7941
121.0,243.0,11.8474,40.5452,98.661,224.3875,0.0209,0.0,99.8998,206.1291,49.4482,-16.0847,0.0,0.0001,2.364,-0.0005,6.0501,35.5721,11.8157,27.069,35.7971
122.0,245.0,11.8384,40.5357,98.6884,224.0398,0.0227,0.0,99.8866,206.1291,49.4482,-16.0847,0.0,0.0001,2.3608,-0.0007,6.0507,35.5707,11.8064,27.0696,35.7982
123.0,247.0,11.8367,40.5361,80.5163,223.8059,0.0222,0.0,99.8978,206.1292,49.4483,-16.0847,0.0,0.0001,2.359,-0.0006,6.0503,35.5719,11.8045,27.0709,35.7995
124.0,249.0,11.838,40.5406,95.2246,225.0897,0.0246,0.0,99.8982,206.1292,49.4483,-16.0847,0.0,0.0001,2.3623,0.0018,6.0505,35.5742,11.8056,27.0725,35.801
125.0,251.0,11.8347,40.5385,98.5635,224.3625,0.0209,0.0,99.8846,206.1292,49.4483,-16.0847,0.0,0.0001,2.3623,-0.0006,6.0508,35.5744,11.802,27.0734,35.802
126.0,253.0,11.8352,40.5404,98.6997,224.1327,0.0242,0.0001,99.8663,206.1293,49.4483,-16.0846,0.0,0.0001,2.359,-0.0005,6.0499,35.5749,11.8023,27.0737,35.8024
127.0,255.0,11.8457,40.5554,88.8294,224.8457,0.021,0.0,99.8901,206.1293,49.4483,-16.0846,0.0,0.0001,2.3627,0.001,6.0465,35.5786,11.8124,27.0747,35.8029
128.0,257.0,11.8694,40.587,84.7848,225.2981,0.0213,0.0001,99.875,206.1294,49.4483,-16.0846,0.0,0.0001,2.3663,0.0009,6.0459,35.586,11.8358,27.076,35.8031
129.0,259.0,11.8686,40.5873,95.9485,225.0527,0.0218,0.0001,99.869,206.1294,49.4483,-16.0846,0.0,0.0001,2.3663,-0.0002,6.0471,35.5863,11.8348,27.0764,35.8036
130.0,261.0,11.8508,40.567,89.3764,225.065,0.0226,0.0001,99.869,206.1294,49.4483,-16.0846,0.0,0.0001,2.3645,-0.0004,6.0535,35.5825,11.8167,27.0769,35.8048
131.0,263.0,11.7975,40.5038,98.6951,223.786,0.0258,0.0001,99.8549,206.1295,49.4483,-16.0846,0.0,0.0001,2.3569,-0.0031,6.0659,35.5705,11.7633,27.0777,35.8079
132.0,265.0,11.7045,40.3941,98.6964,224.3004,0.0246,0.0001,99.8496,206.1295,49.4483,-16.0845,0.0,0.0001,2.3536,-0.0005,6.0686,35.5507,11.6701,27.08,35.8143
133.0,267.0,11.7251,40.418,87.9961,221.9962,0.0234,0.0001,99.8383,206.1296,49.4483,-16.0845,0.0,0.0001,2.3421,-0.0051,6.0805,35.5538,11.6905,27.0785,35.8119
134.0,269.0,11.5965,40.2653,79.6809,221.6227,0.023,0.0001,99.8441,206.1296,49.4483,-16.0845,0.0,0.0001,2.3356,-0.0033,6.0758,35.5254,11.5619,27.0808,35.8197
135.0,271.0,11.5976,40.2669,97.8196,222.6217,0.024,0.0001,99.8318,206.1296,49.4483,-16.0845,0.0,0.0001,2.3356,-0.0008,6.082,35.5253,11.5627,27.0805,35.8194
136.0,273.0,11.5804,40.2488,98.6929,220.6383,0.0219,0.0001,99.8477,206.1297,49.4483,-16.0845,0.0,0.0001,2.3253,-0.0033,6.0841,35.5227,11.5453,27.0818,35.8214
137.0,275.0,11.5735,40.2419,78.1348,221.6443,0.0262,0.0001,99.813,206.1297,49.4483,-16.0845,0.0,0.0001,2.3239,-0.0002,6.086,35.5216,11.5381,27.0823,35.8222
138.0,277.0,11.5833,40.2542,98.6892,220.6616,0.0258,0.0001,99.8343,206.1298,49.4483,-16.0845,0.0,0.0001,2.3196,-0.002,6.0883,35.5238,11.5477,27.0821,35.8216
139.0,279.0,11.5511,40.2213,98.695,221.3973,0.0237,0.0001,99.8321,206.1298,49.4483,-16.0844,0.0,0.0001,2.3194,0.0002,6.0884,35.5211,11.5152,27.0862,35.827
140.0,281.0,11.5562,40.2285,98.6953,221.0962,0.0211,0.0001,99.8184,206.1298,49.4483,-16.0844,0.0,0.0001,2.3186,-0.0007,6.0902,35.5228,11.5201,27.0865,35.8271
141.0,283.0,11.5434,40.2158,98.6887,221.1417,0.0224,0.0001,99.8106,206.1299,49.4483,-16.0844,0.0,0.0001,2.3165,-0.0002,6.091,35.5214,11.5071,27.0879,35.8291
142.0,285.0,11.5325,40.205,90.3328,221.5145,0.0213,0.0001,99.8305,206.1299,49.4483,-16.0844,0.0,0.0001,2.3183,0.0003,6.092,35.5202,11.4959,27.0891,35.8307
143.0,287.0,11.5248,40.1969,88.5964,221.1098,0.0211,0.0001,99.8181,206.1299,49.4483,-16.0844,0.0,0.0001,2.3156,-0.0007,6.0949,35.5188,11.488,27.0895,35.8315
144.0,289.0,11.5091,40.1794,98.6921,220.5882,0.02,0.0001,99.8351,206.13,49.4483,-16.0844,0.0,0.0001,2.3123,-0.0013,6.0966,35.5157,11.4721,27.09,35.8327
145.0,291.0,11.4951,40.165,88.3454,219.9833,0.0218,0.0001,99.8174,206.13,49.4483,-16.0843,0.0,0.0001,2.3072,-0.0015,6.0968,35.5139,11.4578,27.0913,35.8346
146.0,293.0,11.4994,40.1714,98.6972,220.4336,0.0224,0.0001,99.8176,206.1301,49.4483,-16.0843,0.0,0.0001,2.3057,0.0004,6.097,35.5153,11.4619,27.0916,35.8347
147.0,295.0,11.4665,40.1373,98.7002,219.905,0.0257,0.0001,99.8249,206.1301,49.4483,-16.0843,0.0,0.0001,2.304,-0.0016,6.1032,35.5122,11.4288,27.0954,35.8398
148.0,297.0,11.4406,40.108,78.9048,216.9291,0.0225,0.0001,99.8274,206.1301,49.4484,-16.0843,0.0,0.0001,2.2877,-0.0048,6.1022,35.5071,11.4027,27.0963,35.8419
149.0,299.0,11.4386,40.1066,92.954,217.9275,0.0231,0.0001,99.8165,206.1302,49.4484,-16.0843,0.0,0.0001,2.2848,-0.001,6.1071,35.5068,11.4004,27.0965,35.8422
150.0,301.0,11.4079,40.0723,98.6894,217.47,0.0227,0.0001,99.8212,206.1302,49.4484,-16.0843,0.0,0.0001,2.2791,-0.001,6.1126,35.5013,11.3695,27.098,35.845
151.0,303.0,11.3711,40.0302,85.8212,219.0545,0.0234,0.0001,99.8168,206.1303,49.4484,-16.0842,0.0,0.0001,2.2838,0.0018,6.1142,35.494,11.3325,27.0992,35.8478
152.0,305.0,11.3568,40.0143,94.5439,219.0193,0.0282,0.0001,99.8162,206.1303,49.4484,-16.0842,0.0,0.0001,2.2866,0.0002,6.1167,35.4912,11.3181,27.0997,35.8489
153.0,307.0,11.338,39.9939,98.6894,219.2295,0.026,0.0001,99.8161,206.1303,49.4484,-16.0842,0.0,0.0001,2.288,0.0002,6.1177,35.488,11.299,27.1008,35.8508
154.0,309.0,11.3416,39.9992,98.5212,219.1237,0.0232,0.0001,99.8103,206.1304,49.4484,-16.0842,0.0,0.0001,2.2872,0.0,6.1188,35.4892,11.3023,27.101,35.8509
155.0,311.0,11.3361,39.9943,98.6898,218.8158,0.025,0.0001,99.8267,206.1304,49.4484,-16.0842,0.0,0.0001,2.2853,-0.0009,6.1207,35.4886,11.2966,27.1016,35.8517
156.0,313.0,11.3191,39.9764,75.3367,218.899,0.0235,0.0001,99.8197,206.1305,49.4484,-16.0842,0.0,0.0001,2.2842,-0.0001,6.1192,35.4861,11.2794,27.1029,35.8537
157.0,315.0,11.3144,39.9714,94.3228,219.0716,0.0232,0.0001,99.8145,206.1305,49.4484,-16.0841,0.0,0.0001,2.2845,-0.0003,6.1239,35.485,11.2745,27.1029,35.854
158.0,317.0,11.2963,39.9525,98.6886,218.1249,0.024,0.0001,99.8282,206.1305,49.4484,-16.0841,0.0,0.0001,2.2802,-0.0016,6.1222,35.4828,11.2561,27.1046,35.8564
159.0,319.0,11.3068,39.9672,88.5007,218.2535,0.0234,0.0001,99.8016,206.1306,49.4484,-16.0841,0.0,0.0001,2.2782,-0.0008,6.1235,35.4863,11.2664,27.1055,35.8568
160.0,321.0,11.2815,39.9389,98.6884,217.0772,0.0219,0.0001,99.8073,206.1306,49.4484,-16.0841,0.0,0.0001,2.269,-0.0015,6.1293,35.4816,11.2408,27.1065,35.859
161.0,323.0,11.2554,39.9093,98.68,218.1973,0.0218,0.0001,99.8212,206.1306,49.4484,-16.0841,0.0,0.0001,2.2717,0.0006,6.1296,35.4764,11.2146,27.1073,35.8609
162.0,325.0,11.2353,39.8879,84.9601,219.1786,0.0215,0.0001,99.7899,206.1307,49.4484,-16.0841,0.0,0.0001,2.277,0.0013,6.1325,35.4735,11.1943,27.1088,35.8633
163.0,327.0,11.2326,39.8853,95.8455,221.5572,0.0207,0.0001,99.8093,206.1307,49.4484,-16.084,0.0,0.0001,2.2869,0.0043,6.1345,35.4728,11.1913,27.1088,35.8634
164.0,329.0,11.2248,39.8779,98.6894,221.1804,0.0225,0.0001,99.8152,206.1308,49.4484,-16.084,0.0,0.0001,2.293,0.001,6.1329,35.472,11.1832,27.1096,35.8646
165.0,331.0,11.2858,39.9509,88.8,221.9369,0.0217,0.0001,99.8167,206.1308,49.4485,-16.084,0.0,0.0001,2.2981,0.0024,6.1208,35.4851,11.2438,27.1087,35.861
166.0,333.0,11.3199,39.9997,84.1215,223.8836,0.0207,0.0001,99.8237,206.1308,49.4485,-16.084,0.0,0.0001,2.3097,0.0036,6.1224,35.4998,11.2775,27.1139,35.8646
167.0,335.0,11.3284,40.0128,94.7906,223.286,0.0202,0.0001,99.8081,206.1309,49.4485,-16.084,0.0,0.0001,2.312,0.0007,6.123,35.5036,11.2858,27.1153,35.8657
168.0,337.0,11.2978,39.9774,98.68,223.266,0.0219,0.0001,99.8357,206.1309,49.4485,-16.084,0.0,0.0001,2.313,-0.0003,6.1269,35.4969,11.255,27.1158,35.8675
169.0,339.0,11.2718,39.949,98.6915,223.3387,0.0221,0.0001,99.8353,206.1309,49.4485,-16.0839,0.0,0.0001,2.313,0.0,6.1246,35.4929,11.2289,27.1175,35.8703
170.0,341.0,11.2678,39.9456,98.6941,223.2953,0.0211,0.0001,99.8308,206.131,49.4485,-16.0839,0.0,0.0001,2.3119,-0.0005,6.1305,35.4926,11.2246,27.1181,35.8711
171.0,343.0,11.2371,39.9113,98.6882,223.1972,0.0209,0.0001,99.8318,206.131,49.4485,-16.0839,0.0,0.0001,2.3095,-0.0004,6.1337,35.487,11.1937,27.1194,35.8737
172.0,345.0,11.2242,39.8973,80.1431,223.1159,0.02,0.0001,99.8321,206.131,49.4485,-16.0839,0.0,0.0001,2.3086,-0.0005,6.1333,35.4848,11.1805,27.1201,35.875
173.0,347.0,11.2003,39.8721,96.0431,223.0904,0.0192,0.0001,99.8137,206.1311,49.4485,-16.0839,0.0,0.0001,2.3071,-0.0005,6.1375,35.4817,11.1565,27.1222,35.878
174.0,349.0,11.1973,39.8677,98.6847,221.9988,0.0253,0.0001,99.8289,206.1311,49.4485,-16.0839,0.0,0.0001,2.3022,-0.0022,6.1372,35.4795,11.1533,27.121,35.877
175.0,351.0,11.1811,39.8514,87.8736,222.6486,0.0206,0.0001,99.8076,206.1312,49.4485,-16.0838,0.0,0.0001,2.3016,-0.0003,6.1397,35.4778,11.1368,27.1227,35.8795
176.0,353.0,11.1781,39.8483,98.6864,222.666,0.0226,0.0001,99.8284,206.1312,49.4485,-16.0838,0.0,0.0001,2.3003,-0.0003,6.1447,35.4769,11.1336,27.1226,35.8795
177.0,355.0,11.1268,39.7915,98.6892,222.362,0.0282,0.0001,99.818,206.1312,49.4485,-16.0838,0.0,0.0001,2.2978,-0.0007,6.1459,35.4686,11.0821,27.1256,35.8846
178.0,357.0,11.1181,39.783,86.187,221.3572,0.0209,0.0001,99.8189,206.1313,49.4485,-16.0838,0.0,0.0001,2.2918,-0.0018,6.1483,35.4677,11.0732,27.1265,35.886
179.0,359.0,11.1167,39.7825,98.519,221.6466,0.025,0.0001,99.8141,206.1313,49.4485,-16.0838,0.0,0.0001,2.2894,-0.0003,6.1482,35.4675,11.0716,27.1267,35.8862
180.0,361.0,11.1142,39.7811,98.6919,221.7362,0.0204,0.0001,99.8149,206.1313,49.4485,-16.0838,0.0,0.0001,2.2895,-0.0001,6.1479,35.4676,11.0688,27.1273,35.8869
181.0,363.0,11.1143,39.7817,89.7482,221.9722,0.0205,0.0001,99.8141,206.1314,49.4485,-16.0838,0.0,0.0001,2.2899,-0.0002,6.152,35.4673,11.0687,27.1271,35.8867
182.0,365.0,11.0799,39.7437,94.4045,220.8945,0.0226,0.0001,99.8112,206.1314,49.4486,-16.0837,0.0,0.0001,2.2849,-0.0018,6.153,35.4616,11.0341,27.129,35.8901
183.0,367.0,11.0674,39.7318,94.445,221.1986,0.0202,0.0001,99.8018,206.1315,49.4486,-16.0837,0.0,0.0001,2.2833,-0.0007,6.1557,35.4609,11.0213,27.1307,35.8924
184.0,369.0,11.0629,39.7281,98.3959,220.9692,0.0219,0.0001,99.8112,206.1315,49.4486,-16.0837,0.0,0.0001,2.2821,-0.0006,6.1553,35.4608,11.0166,27.1315,35.8933
185.0,371.0,11.068,39.737,98.6883,221.356,0.0221,0.0001,99.8049,206.1315,49.4486,-16.0837,0.0,0.0001,2.2818,0.0001,6.1553,35.4639,11.0215,27.133,35.8946
186.0,373.0,11.0681,39.7382,98.6912,221.2354,0.0213,0.0001,99.8069,206.1316,49.4486,-16.0837,0.0,0.0001,2.2816,-0.0002,6.1546,35.464,11.0213,27.1331,35.8947
187.0,375.0,11.0776,39.7506,78.988,221.5641,0.0228,0.0001,99.8038,206.1316,49.4486,-16.0837,0.0,0.0001,2.2826,0.0006,6.1506,35.4664,11.0306,27.1333,35.8945
188.0,377.0,11.1103,39.7911,95.5326,223.0818,0.0229,0.0001,99.7886,206.1316,49.4486,-16.0836,0.0,0.0001,2.2909,0.0022,6.1469,35.4743,11.0628,27.1336,35.8934
189.0,379.0,11.1294,39.8173,98.7025,224.6542,0.0223,0.0001,99.7824,206.1317,49.4486,-16.0836,0.0,0.0001,2.3002,0.0034,6.1448,35.481,11.0816,27.1354,35.8943
190.0,381.0,11.1414,39.832,82.5157,224.3731,0.0256,0.0001,99.7879,206.1317,49.4486,-16.0836,0.0,0.0001,2.3037,0.0012,6.1441,35.4833,11.0933,27.135,35.8934
191.0,383.0,11.1617,39.8581,88.8626,224.501,0.0269,0.0001,99.7624,206.1317,49.4486,-16.0836,0.0,0.0001,2.3061,0.0009,6.1411,35.4888,11.1134,27.1356,35.8932
192.0,385.0,11.1801,39.8827,98.6906,225.893,0.0225,0.0001,99.771,206.1318,49.4486,-16.0836,0.0,0.0001,2.3118,0.0026,6.1414,35.4949,11.1315,27.1371,35.8938
193.0,387.0,11.1643,39.8678,98.6845,225.0224,0.0225,0.0001,99.7814,206.1318,49.4486,-16.0836,0.0,0.0001,2.3123,-0.0001,6.1406,35.4943,11.1154,27.1395,35.8969
194.0,389.0,11.1656,39.8693,91.4098,225.2962,0.021,0.0001,99.7768,206.1319,49.4486,-16.0836,0.0,0.0001,2.3129,0.0003,6.1392,35.4937,11.1165,27.1389,35.8962
195.0,391.0,11.1936,39.9057,96.8124,225.6933,0.0251,0.0001,99.7679,206.1319,49.4486,-16.0835,0.0,0.0001,2.316,0.0011,6.1291,35.502,11.1441,27.1403,35.8964
196.0,393.0,11.256,39.9828,89.7534,230.1766,0.0214,0.0001,99.7448,206.1319,49.4486,-16.0835,0.0,0.0001,2.3346,0.0082,6.1222,35.5177,11.2061,27.1411,35.8944
197.0,395.0,11.3012,40.0422,90.7059,232.1948,0.0234,0.0001,99.7455,206.132,49.4486,-16.0835,0.0,0.0001,2.357,0.0062,6.1204,35.5324,11.2509,27.1442,35.8956
198.0,397.0,11.3114,40.059,95.8475,232.9433,0.0218,0.0001,99.7362,206.132,49.4486,-16.0835,0.0,0.0001,2.3684,0.0036,6.1225,35.5384,11.2608,27.147,35.8979
199.0,399.0,11.3117,40.0616,98.6898,232.5105,0.0237,0.0001,99.7336,206.132,49.4486,-16.0835,0.0,0.0001,2.3713,0.001,6.121,35.5398,11.2609,27.1482,35.899
200.0,401.0,11.3036,40.053,98.6926,234.0947,0.0195,0.0001,99.7246,206.1321,49.4486,-16.0835,0.0,0.0001,2.3795,0.0027,6.1211,35.538,11.2525,27.1483,35.8995
201.0,403.0,11.3008,40.0504,98.6957,233.7836,0.0204,0.0001,99.7201,206.1321,49.4487,-16.0834,0.0,0.0001,2.3816,0.0007,6.1218,35.5374,11.2495,27.1483,35.8997
202.0,405.0,11.299,40.0491,98.7055,234.2229,0.0237,0.0001,99.7282,206.1321,49.4487,-16.0834,0.0,0.0001,2.3839,0.0007,6.1224,35.5371,11.2474,27.1485,35.8999
203.0,407.0,11.2945,40.0449,76.5324,233.9117,0.024,0.0001,99.7384,206.1322,49.4487,-16.0834,0.0,0.0001,2.3839,-0.0004,6.1225,35.5363,11.2427,27.1488,35.9004
204.0,409.0,11.2886,40.0394,95.8195,234.1862,0.0224,0.0001,99.7335,206.1322,49.4487,-16.0834,0.0,0.0001,2.3849,0.0,6.1236,35.5355,11.2366,27.1492,35.9011
205.0,411.0,11.2843,40.0355,98.7061,234.5065,0.0207,0.0001,99.7377,206.1323,49.4487,-16.0834,0.0,0.0001,2.3855,0.0006,6.1236,35.5349,11.232,27.1496,35.9017
206.0,413.0,11.2808,40.0333,89.356,234.6541,0.0237,0.0001,99.7346,206.1323,49.4487,-16.0834,0.0,0.0001,2.3865,0.0003,6.124,35.5351,11.2282,27.1505,35.9028
207.0,415.0,11.2823,40.0387,98.71,233.7197,0.0234,0.0001,99.732,206.1323,49.4487,-16.0834,0.0,0.0001,2.3828,-0.0013,6.1235,35.5381,11.2295,27.1526,35.9047
208.0,417.0,11.2851,40.0443,98.6984,232.9074,0.0218,0.0001,99.7228,206.1324,49.4487,-16.0833,0.0,0.0001,2.3782,-0.0022,6.123,35.5402,11.232,27.1538,35.9058
209.0,419.0,11.29,40.052,93.3827,233.2544,0.0219,0.0001,99.7076,206.1324,49.4487,-16.0833,0.0,0.0001,2.3758,-0.0003,6.1222,35.5422,11.2366,27.1545,35.9063
210.0,421.0,11.2933,40.0578,98.3661,232.6626,0.024,0.0001,99.6983,206.1324,49.4487,-16.0833,0.0,0.0001,2.3738,-0.0015,6.1218,35.544,11.2397,27.1553,35.9069
211.0,423.0,11.2975,40.0652,98.6945,233.1562,0.02,0.0001,99.6957,206.1325,49.4487,-16.0833,0.0,0.0001,2.3737,-0.0001,6.1219,35.5464,11.2436,27.1565,35.9079
212.0,425.0,11.2968,40.0667,98.6975,233.692,0.0226,0.0001,99.6856,206.1325,49.4487,-16.0833,0.0,0.0001,2.3748,0.0009,6.1218,35.5475,11.2426,27.1575,35.909
213.0,427.0,11.2981,40.0687,84.5124,233.6076,0.0199,0.0001,99.6674,206.1325,49.4487,-16.0833,0.0,0.0001,2.3757,0.0002,6.121,35.5476,11.2437,27.1574,35.9088
214.0,429.0,11.3004,40.0747,97.7556,234.9739,0.0238,0.0001,99.6669,206.1326,49.4487,-16.0833,0.0,0.0001,2.3818,0.0023,6.1209,35.5503,11.2457,27.1591,35.9104
215.0,431.0,11.301,40.0765,98.6974,234.7915,0.0254,0.0001,99.6669,206.1326,49.4487,-16.0832,0.0,0.0001,2.3834,0.0006,6.121,35.5509,11.2461,27.1595,35.9108
216.0,433.0,11.3007,40.0779,93.3949,234.9581,0.0222,0.0001,99.6543,206.1326,49.4487,-16.0832,0.0,0.0001,2.3858,0.0005,6.1209,35.5515,11.2455,27.1601,35.9114
217.0,435.0,11.3025,40.0815,98.7037,235.1007,0.0196,0.0001,99.6648,206.1327,49.4487,-16.0832,0.0,0.0001,2.386,0.0002,6.1206,35.5524,11.247,27.1605,35.9117
218.0,437.0,11.3039,40.0841,98.6997,234.9765,0.0222,0.0001,99.643,206.1327,49.4487,-16.0832,0.0,0.0001,2.3858,-0.0003,6.1205,35.5528,11.2481,27.1606,35.9118
219.0,439.0,11.3039,40.085,83.2458,234.863,0.0253,0.0001,99.6392,206.1328,49.4487,-16.0832,0.0,0.0001,2.3847,-0.0003,6.1206,35.5529,11.2479,27.1607,35.9119
220.0,441.0,11.3036,40.0856,97.5848,234.9064,0.02,0.0001,99.6432,206.1328,49.4487,-16.0832,0.0,0.0001,2.3838,-0.0001,6.121,35.5529,11.2473,27.1608,35.912
221.0,443.0,11.2982,40.081,98.6937,234.8337,0.0233,0.0001,99.6485,206.1328,49.4488,-16.0832,0.0,0.0001,2.3834,-0.0005,6.1218,35.5525,11.2416,27.1616,35.913
222.0,445.0,11.2879,40.0702,98.6888,235.001,0.0238,0.0001,99.6197,206.1329,49.4488,-16.0831,0.0,0.0001,2.3833,-0.0001,6.1229,35.5507,11.2311,27.1621,35.914
223.0,447.0,11.2808,40.063,82.9117,234.4638,0.0226,0.0001,99.638,206.1329,49.4488,-16.0831,0.0,0.0001,2.3803,-0.0011,6.1235,35.5497,11.2238,27.1627,35.9149
224.0,449.0,11.2798,40.0629,90.0111,234.4277,0.0222,0.0001,99.6524,206.1329,49.4488,-16.0831,0.0,0.0001,2.3797,-0.0006,6.1237,35.5497,11.2226,27.1629,35.9152
225.0,451.0,11.2691,40.0513,98.6977,234.0318,0.0212,0.0001,99.6303,206.133,49.4488,-16.0831,0.0,0.0001,2.3761,-0.0014,6.1266,35.5476,11.2117,27.1633,35.916
226.0,453.0,11.2516,40.0323,81.3905,234.0742,0.0194,0.0001,99.6516,206.133,49.4488,-16.0831,0.0,0.0001,2.3736,-0.0001,6.1273,35.5445,11.1939,27.1641,35.9176
227.0,455.0,11.2563,40.0385,91.3528,233.5296,0.026,0.0001,99.632,206.133,49.4488,-16.0831,0.0,0.0001,2.3706,-0.0011,6.1273,35.5454,11.1983,27.1641,35.9174
228.0,457.0,11.2507,40.0333,98.6985,234.151,0.0215,0.0001,99.6174,206.1331,49.4488,-16.0831,0.0,0.0001,2.3706,0.0003,6.1282,35.5445,11.1925,27.1644,35.918
229.0,459.0,11.2465,40.0294,98.694,233.4684,0.0232,0.0001,99.6235,206.1331,49.4488,-16.083,0.0,0.0001,2.3682,-0.0009,6.1284,35.5439,11.1881,27.1647,35.9185
230.0,461.0,11.2434,40.0266,98.6954,233.9603,0.0239,0.0001,99.6416,206.1331,49.4488,-16.083,0.0,0.0001,2.3686,0.0002,6.1292,35.5433,11.1847,27.1649,35.9188
231.0,463.0,11.2398,40.0231,87.4122,234.0126,0.0217,0.0001,99.6398,206.1332,49.4488,-16.083,0.0,0.0001,2.3687,0.0001,6.1292,35.5425,11.1809,27.165,35.919
232.0,465.0,11.2368,40.02,98.6892,234.0735,0.0203,0.0001,99.638,206.1332,49.4488,-16.083,0.0,0.0001,2.3686,0.0,6.1314,35.5414,11.1777,27.1647,35.9189
233.0,467.0,11.2044,39.9819,87.028,232.4665,0.022,0.0001,99.6323,206.1332,49.4488,-16.083,0.0,0.0001,2.361,-0.0034,6.1439,35.5339,11.1451,27.1649,35.9205
234.0,469.0,11.1309,39.8964,91.7492,229.7097,0.0227,0.0001,99.6568,206.1333,49.4488,-16.083,0.0,0.0001,2.3438,-0.0057,6.1476,35.5186,11.0716,27.1665,35.9253
235.0,471.0,11.1149,39.8778,98.6929,229.7528,0.0229,0.0001,99.6646,206.1333,49.4488,-16.083,0.0,0.0001,2.3363,-0.003,6.1497,35.5146,11.0554,27.1664,35.9259
236.0,473.0,11.0678,39.8245,98.6979,227.9539,0.0218,0.0001,99.6331,206.1333,49.4488,-16.083,0.0,0.0001,2.3228,-0.0047,6.1629,35.5061,11.0082,27.1683,35.9299
237.0,475.0,10.9867,39.7289,98.6228,223.4504,0.0241,0.0001,99.6497,206.1334,49.4488,-16.0829,0.0,0.0001,2.2979,-0.009,6.1603,35.4878,10.9271,27.1688,35.934
238.0,477.0,10.9818,39.7243,98.6916,225.3863,0.0224,0.0001,99.6642,206.1334,49.4488,-16.0829,0.0,0.0001,2.2926,-0.0019,6.1675,35.4871,10.9219,27.1692,35.9346
239.0,479.0,10.9779,39.7212,98.6912,223.992,0.0254,0.0001,99.6546,206.1334,49.4488,-16.0829,0.0,0.0001,2.2839,-0.0033,6.1716,35.487,10.9179,27.1699,35.9354
240.0,481.0,10.9409,39.6791,86.5529,223.7468,0.0219,0.0001,99.6669,206.1335,49.4488,-16.0829,0.0,0.0001,2.2778,-0.0021,6.1721,35.4796,10.8807,27.1709,35.9381
241.0,483.0,10.9268,39.6634,96.3098,223.6091,0.0218,0.0001,99.666,206.1335,49.4489,-16.0829,0.0,0.0001,2.2734,-0.0012,6.1756,35.4766,10.8664,27.1711,35.9389
242.0,485.0,10.9155,39.6502,98.5491,222.2053,0.0227,0.0001,99.672,206.1336,49.4489,-16.0829,0.0,0.0001,2.2648,-0.0035,6.1867,35.4735,10.8549,27.1708,35.9391
243.0,487.0,10.8261,39.5481,98.5558,219.2036,0.0232,0.0001,99.6835,206.1336,49.4489,-16.0829,0.0,0.0001,2.2485,-0.0071,6.1953,35.4566,10.7655,27.1738,35.946
244.0,489.0,10.7645,39.4772,98.6823,217.0283,0.0236,0.0001,99.6911,206.1336,49.4489,-16.0829,0.0,0.0001,2.226,-0.0054,6.1991,35.444,10.7039,27.1751,35.95
245.0,491.0,10.7349,39.4425,74.6432,216.1608,0.0258,0.0001,99.6944,206.1337,49.4489,-16.0828,0.0,0.0001,2.2149,-0.0041,6.2003,35.437,10.6741,27.1749,35.9511
246.0,493.0,10.7125,39.4186,96.0609,216.6514,0.0219,0.0001,99.6887,206.1337,49.4489,-16.0828,0.0,0.0001,2.21,-0.0014,6.2041,35.4337,10.6515,27.1764,35.9536
247.0,495.0,10.7078,39.4139,98.683,215.9179,0.0219,0.0001,99.689,206.1337,49.4489,-16.0828,0.0,0.0001,2.2047,-0.0022,6.2093,35.4328,10.6466,27.1765,35.9539
248.0,497.0,10.6548,39.3522,98.4931,214.7226,0.0216,0.0001,99.6927,206.1338,49.4489,-16.0828,0.0,0.0001,2.1956,-0.0033,6.217,35.4211,10.5936,27.1769,35.9567
249.0,499.0,10.6204,39.314,98.6823,213.3639,0.0204,0.0001,99.7097,206.1338,49.4489,-16.0828,0.0,0.0001,2.1848,-0.0034,6.2174,35.4149,10.5591,27.1782,35.9595
250.0,501.0,10.6156,39.3093,84.0964,213.923,0.0203,0.0001,99.6922,206.1338,49.4489,-16.0828,0.0,0.0001,2.1813,-0.0007,6.2177,35.414,10.5541,27.1784,35.96
251.0,503.0,10.5986,39.2933,94.7465,213.936,0.019,0.0001,99.7084,206.1339,49.4489,-16.0828,0.0,0.0001,2.1799,-0.0006,6.222,35.4134,10.5369,27.181,35.9632
252.0,505.0,10.5769,39.268,98.68,213.0896,0.024,0.0001,99.7152,206.1339,49.4489,-16.0828,0.0,0.0001,2.1756,-0.0016,6.2229,35.408,10.515,27.1806,35.9639
253.0,507.0,10.5764,39.269,98.68,213.0208,0.0234,0.0001,99.7203,206.1339,49.4489,-16.0827,0.0,0.0001,2.1722,-0.0008,6.2224,35.4085,10.5143,27.1812,35.9644
254.0,509.0,10.5798,39.2736,73.8825,213.5071,0.0171,0.0001,99.7246,206.134,49.4489,-16.0827,0.0,0.0001,2.1726,0.0003,6.2218,35.4092,10.5174,27.1812,35.9643
255.0,511.0,10.584,39.2802,90.2031,213.0077,0.0187,0.0001,99.7246,206.134,49.4489,-16.0827,0.0,0.0001,2.1711,-0.0007,6.2211,35.4109,10.5213,27.1818,35.9647
256.0,513.0,10.5899,39.2884,98.68,213.4741,0.0213,0.0001,99.7242,206.134,49.4489,-16.0827,0.0,0.0001,2.1719,0.0003,6.2208,35.4125,10.527,27.182,35.9647
257.0,515.0,10.5883,39.2886,98.68,213.2403,0.0205,0.0001,99.727,206.1341,49.4489,-16.0827,0.0,0.0001,2.171,-0.0007,6.2255,35.4133,10.5251,27.183,35.9657
258.0,517.0,10.5546,39.251,88.9238,212.4891,0.0205,0.0001,99.7216,206.1341,49.4489,-16.0827,0.0,0.0001,2.1663,-0.0017,6.2319,35.4071,10.4912,27.1841,35.9684
259.0,519.0,10.5155,39.2083,98.6359,211.2626,0.0237,0.0001,99.731,206.1341,49.4489,-16.0827,0.0,0.0001,2.1596,-0.0021,6.2214,35.401,10.4521,27.1863,35.9723
260.0,521.0,10.5864,39.2959,98.68,213.2014,0.0259,0.0001,99.7535,206.1342,49.4489,-16.0827,0.0,0.0001,2.1629,0.002,6.2209,35.4199,10.5225,27.1886,35.9714
261.0,523.0,10.5606,39.2679,98.68,213.1023,0.021,0.0001,99.7456,206.1342,49.4489,-16.0826,0.0,0.0001,2.1647,0.0004,6.23,35.4156,10.4965,27.1899,35.9737
262.0,525.0,10.5,39.1976,85.4135,210.1654,0.0213,0.0001,99.7535,206.1342,49.449,-16.0826,0.0,0.0001,2.1533,-0.0047,6.2385,35.4026,10.4359,27.1904,35.977
263.0,527.0,10.4555,39.1462,95.6211,209.6357,0.022,0.0001,99.7535,206.1343,49.449,-16.0826,0.0,0.0001,2.1443,-0.0029,6.2369,35.3928,10.3913,27.1907,35.9793
264.0,529.0,10.4496,39.1428,98.6849,210.5103,0.0229,0.0001,99.7358,206.1343,49.449,-16.0826,0.0,0.0001,2.1429,-0.0008,6.2449,35.3943,10.3852,27.1929,35.9817
265.0,531.0,10.4141,39.1014,91.5262,208.9806,0.022,0.0001,99.7535,206.1343,49.449,-16.0826,0.0,0.0001,2.1346,-0.0026,6.2492,35.3858,10.3495,27.1926,35.983
266.0,533.0,10.396,39.0819,98.68,207.8735,0.0183,0.0001,99.7535,206.1344,49.449,-16.0826,0.0,0.0001,2.1271,-0.0031,6.2489,35.3829,10.3313,27.1935,35.9847
267.0,535.0,10.3748,39.0597,98.68,208.3932,0.0209,0.0001,99.749,206.1344,49.449,-16.0826,0.0,0.0001,2.1236,-0.0009,6.2526,35.3799,10.3099,27.1949,35.9871
268.0,537.0,10.365,39.0504,98.68,207.3314,0.0219,0.0001,99.7747,206.1345,49.449,-16.0825,0.0,0.0001,2.1179,-0.0023,6.2556,35.3791,10.2999,27.1961,35.9886
269.0,539.0,10.3495,39.0374,97.2116,208.2268,0.0202,0.0001,99.7706,206.1345,49.449,-16.0825,0.0,0.0001,2.1178,0.0,6.2565,35.3801,10.2842,27.1996,35.9928
270.0,541.0,10.3251,39.0125,98.6604,208.0599,0.0217,0.0001,99.7571,206.1345,49.449,-16.0825,0.0,0.0001,2.1172,-0.0002,6.2562,35.3776,10.2596,27.2019,35.9962
271.0,543.0,10.3367,39.0238,98.68,207.0189,0.0181,0.0001,99.7495,206.1346,49.449,-16.0825,0.0,0.0001,2.1122,-0.0023,6.2661,35.3772,10.271,27.1996,35.9934
272.0,545.0,10.2758,38.9585,98.68,205.8303,0.0213,0.0001,99.7855,206.1346,49.449,-16.0825,0.0,0.0001,2.1043,-0.0028,6.2645,35.369,10.2101,27.2038,36.0003
273.0,547.0,10.2658,38.9502,90.0594,206.7403,0.0201,0.0001,99.771,206.1346,49.449,-16.0825,0.0,0.0001,2.1032,-0.0003,6.2681,35.3692,10.1998,27.2058,36.0027
274.0,549.0,10.2475,38.9284,98.68,205.0246,0.0206,0.0001,99.7982,206.1347,49.449,-16.0825,0.0,0.0001,2.0966,-0.0033,6.2741,35.3641,10.1814,27.205,36.0028
275.0,551.0,10.1916,38.8689,98.5505,205.0611,0.0211,0.0001,99.7824,206.1347,49.449,-16.0825,0.0,0.0001,2.0934,-0.0023,6.2739,35.3572,10.1255,27.2093,36.0095
276.0,553.0,10.1992,38.8775,98.658,205.5345,0.0182,0.0001,99.7624,206.1347,49.449,-16.0824,0.0,0.0001,2.0918,-0.0008,6.2799,35.3576,10.1328,27.2084,36.0083
277.0,555.0,10.1583,38.8309,81.0711,205.0501,0.021,0.0001,99.7847,206.1348,49.449,-16.0824,0.0,0.0001,2.0869,-0.0012,6.2865,35.349,10.0918,27.2087,36.0105
278.0,557.0,10.1292,38.8017,94.8492,203.2788,0.0238,0.0001,99.7824,206.1348,49.449,-16.0824,0.0,0.0001,2.0791,-0.0035,6.2861,35.3468,10.0626,27.2121,36.0151
279.0,559.0,10.1124,38.7858,95.9767,203.2392,0.022,0.0001,99.778,206.1348,49.449,-16.0824,0.0,0.0001,2.0739,-0.0021,6.2896,35.3461,10.0456,27.2145,36.0182
280.0,561.0,10.1019,38.7763,98.68,202.7325,0.0223,0.0001,99.7767,206.1349,49.449,-16.0824,0.0,0.0001,2.0687,-0.0019,6.2909,35.3457,10.035,27.216,36.0202
281.0,563.0,10.0964,38.7706,92.6188,203.0017,0.0214,0.0001,99.7898,206.1349,49.449,-16.0824,0.0,0.0001,2.0664,-0.0005,6.2934,35.3445,10.0292,27.2161,36.0205
282.0,565.0,10.0779,38.7519,98.68,202.7141,0.0224,0.0001,99.7824,206.1349,49.449,-16.0824,0.0,0.0001,2.0644,-0.0006,6.2919,35.3423,10.0105,27.2176,36.0229
283.0,567.0,10.0811,38.7573,98.68,201.8309,0.0222,0.0001,99.7827,206.135,49.449,-16.0823,0.0,0.0001,2.0598,-0.0017,6.2926,35.344,10.0134,27.2184,36.0235
284.0,569.0,10.0857,38.7676,65.7809,198.8464,0.0256,0.0001,99.7745,206.135,49.4491,-16.0823,0.0,0.0001,2.0468,-0.0054,6.2926,35.3488,10.0178,27.2214,36.0263
285.0,571.0,10.0774,38.7613,97.0627,199.5138,0.0222,0.0001,99.7746,206.135,49.4491,-16.0823,0.0,0.0001,2.041,-0.0017,6.295,35.3496,10.0092,27.2235,36.0287
286.0,573.0,10.0712,38.7551,98.68,198.1801,0.0229,0.0001,99.7832,206.1351,49.4491,-16.0823,0.0,0.0001,2.0341,-0.0031,6.2964,35.3486,10.0029,27.2238,36.0293
287.0,575.0,10.0293,38.7142,98.68,198.181,0.022,0.0001,99.7863,206.1351,49.4491,-16.0823,0.0,0.0001,2.0288,-0.0018,6.3001,35.3466,9.9609,27.2294,36.0367
288.0,577.0,10.034,38.7198,74.7672,197.756,0.0259,0.0001,99.7988,206.1351,49.4491,-16.0823,0.0,0.0001,2.0246,-0.0016,6.3033,35.347,9.9653,27.229,36.0361
289.0,579.0,10.0065,38.6917,94.623,197.3155,0.0226,0.0001,99.8064,206.1352,49.4491,-16.0823,0.0,0.0001,2.0197,-0.0016,6.3066,35.3442,9.9378,27.2316,36.0399
290.0,581.0,9.9861,38.6705,98.68,197.2104,0.0228,0.0001,99.8119,206.1352,49.4491,-16.0823,0.0,0.0001,2.0171,-0.0009,6.3043,35.3416,9.9172,27.233,36.0422
291.0,583.0,9.9797,38.6653,98.68,197.506,0.0218,0.0001,99.7931,206.1352,49.4491,-16.0822,0.0,0.0001,2.0161,-0.0003,6.3087,35.3416,9.9106,27.2342,36.0437
292.0,585.0,9.9706,38.6581,74.9005,197.0481,0.0229,0.0001,99.8123,206.1353,49.4491,-16.0822,0.0,0.0001,2.0136,-0.0008,6.3091,35.3422,9.9012,27.2362,36.0461
293.0,587.0,9.9655,38.6549,91.6238,196.3388,0.0214,0.0001,99.8063,206.1353,49.4491,-16.0822,0.0,0.0001,2.0094,-0.0015,6.3106,35.3429,9.8959,27.2377,36.0478
294.0,589.0,9.9495,38.6405,98.68,195.6573,0.023,0.0001,99.8095,206.1353,49.4491,-16.0822,0.0,0.0001,2.0041,-0.0019,6.3147,35.3429,9.8797,27.2405,36.0512
295.0,591.0,9.9259,38.6154,98.68,195.3095,0.0185,0.0001,99.8112,206.1354,49.4491,-16.0822,0.0,0.0001,1.9997,-0.0015,6.3181,35.3394,9.856,27.2418,36.0536
296.0,593.0,9.8889,38.5757,85.9132,195.377,0.0248,0.0001,99.8112,206.1354,49.4491,-16.0822,0.0,0.0001,1.997,-0.0008,6.323,35.3338,9.8189,27.2438,36.0572
297.0,595.0,9.8664,38.5525,98.68,195.132,0.0223,0.0001,99.8071,206.1354,49.4491,-16.0822,0.0,0.0001,1.9937,-0.0009,6.326,35.3312,9.7963,27.2456,36.06
298.0,597.0,9.85,38.5354,98.68,195.4581,0.0245,0.0001,99.8121,206.1355,49.4491,-16.0822,0.0,0.0001,1.9938,0.0001,6.3236,35.3289,9.7796,27.2466,36.0618
299.0,599.0,9.8283,38.5142,82.2556,195.0662,0.0225,0.0001,99.7977,206.1355,49.4491,-16.0821,0.0,0.0001,1.9915,-0.0009,6.3319,35.3273,9.7578,27.249,36.0652
300.0,601.0,9.7933,38.4757,98.68,194.4611,0.0247,0.0001,99.8216,206.1356,49.4491,-16.0821,0.0,0.0001,1.9867,-0.0012,6.3339,35.3211,9.7227,27.2501,36.0679
301.0,603.0,9.7876,38.4701,98.68,194.8145,0.0243,0.0001,99.8214,206.1356,49.4491,-16.0821,0.0,0.0001,1.9866,-0.0002,6.3325,35.3201,9.7168,27.2504,36.0684
302.0,605.0,9.7852,38.4687,98.651,195.0787,0.0223,0.0001,99.8119,206.1356,49.4491,-16.0821,0.0,0.0001,1.9869,0.0001,6.3358,35.3203,9.7143,27.2509,36.069
303.0,607.0,9.7732,38.4557,98.6807,194.0533,0.0216,0.0001,99.8153,206.1356,49.4492,-16.0821,0.0,0.0001,1.9833,-0.0018,6.3401,35.3177,9.702,27.251,36.0696
304.0,609.0,9.7327,38.4148,98.68,194.6481,0.021,0.0001,99.8053,206.1357,49.4492,-16.0821,0.0,0.0001,1.9825,-0.0002,6.3413,35.3141,9.6614,27.2551,36.0755
305.0,611.0,9.7398,38.424,79.4324,194.2792,0.0236,0.0001,99.8176,206.1357,49.4492,-16.0821,0.0,0.0001,1.9803,-0.0009,6.3469,35.3159,9.6683,27.2553,36.0754
306.0,613.0,9.7045,38.3869,94.5761,194.2277,0.0215,0.0001,99.8162,206.1358,49.4492,-16.0821,0.0,0.0001,1.9782,-0.0006,6.348,35.3113,9.6329,27.2577,36.0794
307.0,615.0,9.696,38.3786,98.68,194.2058,0.0191,0.0001,99.8153,206.1358,49.4492,-16.0821,0.0,0.0001,1.9778,-0.0004,6.3477,35.3102,9.6242,27.2582,36.0803
308.0,617.0,9.6802,38.3645,98.5948,193.9411,0.0194,0.0001,99.8113,206.1358,49.4492,-16.082,0.0,0.0001,1.9753,-0.0008,6.3515,35.3104,9.6083,27.261,36.0838
309.0,619.0,9.667,38.3508,98.68,192.8708,0.0201,0.0001,99.8142,206.1359,49.4492,-16.082,0.0,0.0001,1.9696,-0.0021,6.3539,35.3083,9.5949,27.2617,36.0851
310.0,621.0,9.647,38.3319,98.68,193.2231,0.0254,0.0001,99.8135,206.1359,49.4492,-16.082,0.0,0.0001,1.969,-0.0005,6.3517,35.3074,9.5747,27.2643,36.0886
311.0,623.0,9.6457,38.3307,85.0792,193.5114,0.0237,0.0001,99.7991,206.1359,49.4492,-16.082,0.0,0.0001,1.969,-0.0004,6.3574,35.3068,9.5732,27.2641,36.0884
312.0,625.0,9.619,38.3051,98.68,192.1023,0.023,0.0001,99.8173,206.136,49.4492,-16.082,0.0,0.0001,1.9624,-0.0022,6.3588,35.3053,9.5464,27.2674,36.0929
313.0,627.0,9.607,38.2934,92.8239,192.6371,0.0245,0.0001,99.8189,206.136,49.4492,-16.082,0.0,0.0001,1.9615,-0.0004,6.3587,35.3041,9.5341,27.2686,36.0946
314.0,629.0,9.6168,38.3044,94.363,192.2238,0.0239,0.0001,99.8164,206.136,49.4492,-16.082,0.0,0.0001,1.9589,-0.0011,6.3617,35.3052,9.5437,27.2678,36.0934
315.0,631.0,9.6002,38.2905,98.68,191.0326,0.0229,0.0001,99.8213,206.1361,49.4492,-16.082,0.0,0.0001,1.9529,-0.0023,6.362,35.3061,9.5269,27.2713,36.0976
316.0,633.0,9.5946,38.2859,98.68,191.2196,0.0212,0.0001,99.8145,206.1361,49.4492,-16.082,0.0,0.0001,1.9502,-0.0011,6.3631,35.3059,9.5211,27.2721,36.0987
317.0,635.0,9.5859,38.2783,82.2758,190.7169,0.0228,0.0001,99.8307,206.1361,49.4492,-16.0819,0.0,0.0001,1.9458,-0.0013,6.367,35.3055,9.5121,27.2734,36.1003
318.0,637.0,9.5672,38.2592,98.68,190.3369,0.0256,0.0001,99.83,206.1362,49.4492,-16.0819,0.0,0.0001,1.9426,-0.0013,6.3665,35.3033,9.4933,27.2748,36.1026
319.0,639.0,9.5537,38.2461,80.6151,190.6137,0.0209,0.0001,99.8079,206.1362,49.4492,-16.0819,0.0,0.0001,1.941,-0.0004,6.37,35.302,9.4796,27.2761,36.1045
320.0,641.0,9.5482,38.2399,86.1367,190.0809,0.0191,0.0001,99.8196,206.1362,49.4492,-16.0819,0.0,0.0001,1.9384,-0.0011,6.372,35.3003,9.4739,27.2757,36.1043
321.0,643.0,9.5076,38.1971,98.68,190.8393,0.0205,0.0001,99.8153,206.1363,49.4492,-16.0819,0.0,0.0001,1.9388,0.0002,6.3774,35.2948,9.4333,27.2781,36.1086
322.0,645.0,9.4816,38.1707,98.68,190.9444,0.0248,0.0001,99.8144,206.1363,49.4492,-16.0819,0.0,0.0001,1.9387,-0.0002,6.3871,35.2923,9.4072,27.2805,36.1122
323.0,647.0,9.4238,38.1083,98.68,190.8834,0.0242,0.0001,99.8058,206.1363,49.4492,-16.0819,0.0,0.0001,1.938,-0.0002,6.3869,35.2836,9.3494,27.2832,36.1175
324.0,649.0,9.3968,38.0807,85.3038,190.9941,0.0234,0.0001,99.8012,206.1364,49.4493,-16.0819,0.0,0.0001,1.9365,-0.0002,6.3927,35.2804,9.3223,27.2852,36.1207
325.0,651.0,9.3858,38.0697,98.68,191.0468,0.0237,0.0001,99.8032,206.1364,49.4493,-16.0819,0.0,0.0001,1.9365,-0.0002,6.3963,35.2791,9.3112,27.286,36.122
326.0,653.0,9.3617,38.0486,76.8258,190.4382,0.0221,0.0001,99.8074,206.1364,49.4493,-16.0818,0.0,0.0001,1.9341,-0.001,6.397,35.2798,9.2869,27.2906,36.1276
327.0,655.0,9.3531,38.0429,95.9654,189.8498,0.0204,0.0001,99.8038,206.1365,49.4493,-16.0818,0.0,0.0001,1.9294,-0.0012,6.3985,35.2815,9.278,27.2934,36.1308
328.0,657.0,9.3481,38.0399,98.68,189.6245,0.0227,0.0001,99.8222,206.1365,49.4493,-16.0818,0.0,0.0001,1.9267,-0.0011,6.3978,35.2823,9.2728,27.2948,36.1324
329.0,659.0,9.3406,38.0325,98.68,189.9748,0.0223,0.0001,99.8112,206.1365,49.4493,-16.0818,0.0,0.0001,1.9264,-0.0001,6.3987,35.2811,9.2652,27.2951,36.1331
330.0,661.0,9.345,38.0375,98.68,189.5444,0.021,0.0001,99.8063,206.1366,49.4493,-16.0818,0.0,0.0001,1.9242,-0.0008,6.4012,35.2814,9.2694,27.2947,36.1324
331.0,663.0,9.3314,38.0245,98.68,189.2187,0.0237,0.0001,99.8167,206.1366,49.4493,-16.0818,0.0,0.0001,1.9212,-0.001,6.4053,35.2803,9.2556,27.2961,36.1345
332.0,665.0,9.3002,37.9927,98.68,189.6316,0.0268,0.0001,99.8129,206.1366,49.4493,-16.0818,0.0,0.0001,1.9206,0.0001,6.4031,35.2769,9.2243,27.2986,36.1384
333.0,667.0,9.2867,37.9793,84.8933,189.7805,0.0209,0.0001,99.8055,206.1367,49.4493,-16.0818,0.0,0.0001,1.9207,-0.0003,6.4134,35.2755,9.2107,27.2997,36.1401
334.0,669.0,9.2446,37.9359,98.7068,189.3354,0.0221,0.0001,99.8081,206.1367,49.4493,-16.0818,0.0,0.0001,1.9189,-0.0007,6.412,35.2707,9.1685,27.3029,36.1452
335.0,671.0,9.2423,37.9352,98.6612,189.5094,0.021,0.0001,99.7933,206.1367,49.4493,-16.0818,0.0,0.0001,1.9181,-0.0002,6.4129,35.2714,9.166,27.3038,36.1462
336.0,673.0,9.2423,37.9374,98.68,188.6802,0.0185,0.0001,99.8039,206.1368,49.4493,-16.0817,0.0,0.0001,1.9149,-0.0014,6.4142,35.2728,9.1657,27.3049,36.1473
337.0,675.0,9.236,37.9389,98.68,188.0573,0.0223,0.0001,99.8054,206.1368,49.4493,-16.0817,0.0,0.0001,1.9107,-0.0018,6.4168,35.2795,9.1592,27.3113,36.1538
338.0,677.0,9.2196,37.9222,80.9156,188.2994,0.0235,0.0001,99.809,206.1369,49.4493,-16.0817,0.0,0.0001,1.9086,-0.0006,6.4174,35.2774,9.1427,27.3123,36.1556
339.0,679.0,9.2119,37.9166,95.738,187.9578,0.0214,0.0001,99.8224,206.1369,49.4493,-16.0817,0.0,0.0001,1.9054,-0.0011,6.4247,35.2782,9.1348,27.3142,36.1579
340.0,681.0,9.167,37.8681,98.6589,187.6068,0.0224,0.0001,99.8191,206.1369,49.4493,-16.0817,0.0,0.0001,1.9025,-0.0011,6.4249,35.271,9.0898,27.3159,36.1616
341.0,683.0,9.1654,37.868,98.6354,187.9351,0.0238,0.0001,99.8092,206.1369,49.4493,-16.0817,0.0,0.0001,1.9023,-0.0002,6.4259,35.2719,9.088,27.3169,36.1627
342.0,685.0,9.1536,37.8568,98.68,187.7441,0.0225,0.0001,99.8148,206.137,49.4494,-16.0817,0.0,0.0001,1.8997,-0.0009,6.4378,35.2708,9.076,27.318,36.1643
343.0,687.0,9.0557,37.753,84.6626,187.9871,0.0212,0.0001,99.815,206.137,49.4494,-16.0817,0.0,0.0001,1.8986,-0.0003,6.4415,35.2582,8.9784,27.3239,36.1746
344.0,689.0,9.0476,37.7458,91.2302,187.9346,0.0188,0.0001,99.7993,206.1371,49.4494,-16.0817,0.0,0.0001,1.8985,-0.0001,6.4381,35.2576,8.9702,27.3248,36.1759
345.0,691.0,9.0449,37.7443,98.68,187.6508,0.0204,0.0001,99.8009,206.1371,49.4494,-16.0816,0.0,0.0001,1.8968,-0.0006,6.4426,35.2578,8.9672,27.3254,36.1766
346.0,693.0,9.0455,37.7472,79.7181,187.907,0.0273,0.0001,99.8112,206.1371,49.4494,-16.0816,0.0,0.0001,1.8958,0.0001,6.442,35.2592,8.9675,27.3264,36.1776
347.0,695.0,9.0472,37.7494,98.68,187.6278,0.0243,0.0001,99.8133,206.1372,49.4494,-16.0816,0.0,0.0001,1.895,-0.0005,6.443,35.2591,8.969,27.3261,36.1772
348.0,697.0,9.0415,37.7466,98.68,187.3037,0.0201,0.0001,99.8082,206.1372,49.4494,-16.0816,0.0,0.0001,1.8926,-0.0006,6.4425,35.2608,8.9631,27.3284,36.1798
349.0,699.0,9.0421,37.7483,89.3055,187.3855,0.0212,0.0001,99.8164,206.1372,49.4494,-16.0816,0.0,0.0001,1.8921,-0.0003,6.4418,35.261,8.9635,27.3286,36.1799
350.0,701.0,9.0509,37.7591,93.5026,187.2121,0.0224,0.0001,99.8112,206.1373,49.4494,-16.0816,0.0,0.0001,1.8907,-0.0003,6.4406,35.2627,8.972,27.3285,36.1794
351.0,703.0,9.0851,37.8005,96.7227,187.0287,0.0258,0.0001,99.801,206.1373,49.4494,-16.0816,0.0,0.0001,1.891,0.0001,6.4238,35.2714,9.0058,27.3299,36.1792
352.0,705.0,9.1868,37.9285,98.68,185.5073,0.0226,0.0001,99.8127,206.1373,49.4494,-16.0816,0.0,0.0001,1.8874,-0.0023,6.4235,35.3034,9.1067,27.3386,36.183
353.0,707.0,9.2009,37.946,76.7756,184.9042,0.021,0.0001,99.8037,206.1374,49.4494,-16.0816,0.0,0.0001,1.8817,-0.0017,6.4221,35.3071,9.1206,27.3392,36.183
354.0,709.0,9.1758,37.9212,98.6795,184.4315,0.0257,0.0001,99.817,206.1374,49.4494,-16.0815,0.0,0.0001,1.8758,-0.0015,6.4222,35.3051,9.0953,27.3418,36.1867
355.0,711.0,9.1765,37.9226,94.2626,185.0695,0.0257,0.0001,99.8156,206.1374,49.4494,-16.0815,0.0,0.0001,1.8757,0.0001,6.4188,35.3049,9.0958,27.3415,36.1865
356.0,713.0,9.195,37.9479,98.68,184.6893,0.0226,0.0001,99.8143,206.1375,49.4494,-16.0815,0.0,0.0001,1.8743,-0.001,6.4295,35.312,9.1139,27.3441,36.1882
357.0,715.0,9.1246,37.8724,67.5438,184.4677,0.0233,0.0001,99.8168,206.1375,49.4494,-16.0815,0.0,0.0001,1.8718,-0.0007,6.4281,35.3019,9.0437,27.3476,36.1948
358.0,717.0,9.1144,37.8629,89.777,184.7873,0.0218,0.0001,99.7953,206.1375,49.4495,-16.0815,0.0,0.0001,1.8706,-0.0001,6.4315,35.301,9.0332,27.3486,36.1963
359.0,719.0,9.1121,37.8622,98.68,184.4464,0.0204,0.0001,99.8072,206.1376,49.4495,-16.0815,0.0,0.0001,1.8697,-0.0006,6.4307,35.3017,9.0307,27.3496,36.1974
360.0,721.0,9.1243,37.878,98.68,184.2957,0.0186,0.0001,99.7744,206.1376,49.4495,-16.0814,0.0,0.0001,1.8684,-0.0004,6.427,35.3051,9.0426,27.3503,36.1976
361.0,723.0,9.1294,37.8844,96.9488,184.6621,0.0253,0.0001,99.769,206.1376,49.4495,-16.0814,0.0,0.0001,1.8702,0.0008,6.4095,35.3061,9.0475,27.3503,36.1973
362.0,725.0,9.2483,38.0305,85.5847,184.2071,0.0249,0.0001,99.7968,206.1377,49.4495,-16.0814,0.0,0.0001,1.87,-0.0006,6.4147,35.3399,9.1655,27.3575,36.1989
363.0,727.0,9.223,38.0029,98.68,184.4563,0.0226,0.0001,99.7684,206.1377,49.4495,-16.0814,0.0,0.0001,1.8694,0.0,6.4158,35.3352,9.1401,27.358,36.2006
364.0,729.0,9.2102,37.9894,69.6366,184.4354,0.0213,0.0001,99.7824,206.1377,49.4495,-16.0814,0.0,0.0001,1.869,-0.0001,6.4169,35.3329,9.1271,27.3584,36.2015
365.0,731.0,9.2036,37.9864,90.0403,184.1398,0.0228,0.0001,99.7824,206.1378,49.4495,-16.0814,0.0,0.0001,1.8676,-0.0006,6.4181,35.3354,9.1203,27.3614,36.2048
366.0,733.0,9.1939,37.9783,98.68,184.2412,0.0217,0.0001,99.7765,206.1378,49.4495,-16.0814,0.0,0.0001,1.8666,-0.0002,6.4188,35.3355,9.1104,27.3631,36.207
367.0,735.0,9.1847,37.9695,98.68,184.1713,0.0236,0.0001,99.7765,206.1379,49.4495,-16.0814,0.0,0.0001,1.8658,-0.0007,6.4301,35.3346,9.1011,27.3639,36.2081
368.0,737.0,9.0965,37.8736,98.68,184.538,0.0179,0.0001,99.7741,206.1379,49.4495,-16.0813,0.0,0.0001,1.865,0.0002,6.4306,35.3207,9.0131,27.3673,36.2156
369.0,739.0,9.0897,37.8683,98.68,183.9407,0.0236,0.0001,99.7535,206.1379,49.4495,-16.0813,0.0,0.0001,1.8628,-0.001,6.4368,35.3213,9.0061,27.3689,36.2175
370.0,741.0,9.052,37.826,75.29,184.61,0.0267,0.0001,99.775,206.138,49.4495,-16.0813,0.0,0.0001,1.8629,0.0002,6.4395,35.3132,8.9683,27.3686,36.219
371.0,743.0,9.048,37.8221,93.6333,184.6445,0.0225,0.0001,99.7535,206.138,49.4495,-16.0813,0.0,0.0001,1.862,-0.0001,6.4431,35.3121,8.9642,27.3685,36.219
372.0,745.0,9.02,37.7941,98.68,184.3755,0.0216,0.0001,99.7569,206.138,49.4495,-16.0813,0.0,0.0001,1.8617,-0.0005,6.4462,35.3097,8.9361,27.3711,36.2229
373.0,747.0,8.9588,37.7307,98.5457,184.7314,0.0238,0.0001,99.7069,206.1381,49.4495,-16.0813,0.0,0.0001,1.8611,-0.0002,6.4576,35.3028,8.875,27.3755,36.2301
374.0,749.0,8.8974,37.6663,98.68,184.3748,0.0209,0.0001,99.7401,206.1381,49.4496,-16.0813,0.0,0.0001,1.8586,-0.0007,6.4632,35.2954,8.8137,27.3795,36.2369
375.0,751.0,8.8931,37.6645,86.4946,185.3226,0.0257,0.0001,99.7535,206.1381,49.4496,-16.0813,0.0,0.0001,1.8609,0.0008,6.4614,35.2967,8.8092,27.3813,36.2389
376.0,753.0,8.9043,37.6807,85.3358,184.8548,0.0263,0.0001,99.7535,206.1382,49.4496,-16.0812,0.0,0.0001,1.8608,-0.0002,6.4582,35.3017,8.82,27.3834,36.2404
377.0,755.0,8.921,37.7034,97.2063,184.8149,0.0206,0.0001,99.7535,206.1382,49.4496,-16.0812,0.0,0.0001,1.8599,-0.0002,6.4581,35.3083,8.8364,27.386,36.2422
378.0,757.0,8.9272,37.7125,91.1983,184.4637,0.0228,0.0001,99.7268,206.1382,49.4496,-16.0812,0.0,0.0001,1.8579,-0.0008,6.4641,35.3106,8.8424,27.3869,36.2428
379.0,759.0,8.8749,37.6561,98.68,184.3681,0.0222,0.0001,99.7424,206.1383,49.4496,-16.0812,0.0,0.0001,1.8559,-0.0007,6.4674,35.3024,8.7902,27.3888,36.2471
380.0,761.0,8.82,37.5984,98.68,184.8058,0.0238,0.0001,99.7237,206.1383,49.4496,-16.0812,0.0,0.0001,1.8556,-0.0004,6.4794,35.2953,8.7353,27.3919,36.2528
381.0,763.0,8.7205,37.4946,98.68,185.2502,0.0239,0.0001,99.7397,206.1383,49.4496,-16.0812,0.0,0.0001,1.8555,0.0002,6.4853,35.2838,8.6361,27.3986,36.264
382.0,765.0,8.7386,37.5236,74.4783,184.4065,0.0202,0.0001,99.7448,206.1384,49.4496,-16.0812,0.0,0.0001,1.851,-0.0011,6.4887,35.2954,8.6539,27.4049,36.2693
383.0,767.0,8.6899,37.4721,96.6987,184.6821,0.0231,0.0001,99.7535,206.1384,49.4496,-16.0812,0.0,0.0001,1.8519,-0.0005,6.4911,35.2886,8.6052,27.4072,36.2739
384.0,769.0,8.673,37.4553,98.3808,184.9189,0.0218,0.0001,99.7157,206.1384,49.4496,-16.0811,0.0,0.0001,1.8506,-0.0005,6.5055,35.2869,8.5883,27.4086,36.276
385.0,771.0,8.5999,37.3763,98.68,185.1053,0.0243,0.0001,99.7246,206.1385,49.4496,-16.0811,0.0,0.0001,1.8495,0.0001,6.5053,35.2754,8.5153,27.411,36.2818
386.0,773.0,8.5824,37.3611,84.8483,185.5114,0.0231,0.0001,99.7272,206.1385,49.4496,-16.0811,0.0,0.0001,1.8498,0.0001,6.5146,35.2756,8.4977,27.4139,36.2855
387.0,775.0,8.5426,37.3176,93.2757,185.4172,0.0229,0.0001,99.742,206.1385,49.4496,-16.0811,0.0,0.0001,1.8496,-0.0004,6.5254,35.2684,8.4579,27.4145,36.288
388.0,777.0,8.4769,37.2474,98.68,185.6332,0.0247,0.0001,99.7475,206.1386,49.4496,-16.0811,0.0,0.0001,1.8498,0.0001,6.522,35.2585,8.3923,27.4169,36.2935
389.0,779.0,8.448,37.2169,82.8179,186.2361,0.0227,0.0001,99.7477,206.1386,49.4497,-16.0811,0.0,0.0001,1.8506,0.0003,6.5325,35.2541,8.3634,27.418,36.2958
390.0,781.0,8.43,37.1972,98.68,186.2231,0.0233,0.0001,99.7535,206.1386,49.4497,-16.0811,0.0,0.0001,1.8515,0.0,6.5356,35.2503,8.3453,27.4178,36.2965
391.0,783.0,8.3936,37.161,90.5476,186.6878,0.0223,0.0001,99.7471,206.1387,49.4497,-16.0811,0.0,0.0001,1.8523,0.0002,6.5463,35.2471,8.3089,27.4209,36.3013
392.0,785.0,8.3177,37.0791,98.68,186.7729,0.0193,0.0001,99.7554,206.1387,49.4497,-16.081,0.0,0.0001,1.8516,-0.0001,6.5557,35.2349,8.2332,27.4229,36.3069
393.0,787.0,8.2801,37.039,98.68,186.7539,0.0238,0.0001,99.7354,206.1387,49.4497,-16.081,0.0,0.0001,1.8516,0.0,6.5517,35.2289,8.1956,27.424,36.3097
394.0,789.0,8.2799,37.0416,87.5745,187.5923,0.0226,0.0001,99.7461,206.1388,49.4497,-16.081,0.0,0.0001,1.8542,0.0007,6.5554,35.2307,8.1951,27.4255,36.3112
395.0,791.0,8.2823,37.0441,98.68,187.4084,0.0191,0.0001,99.7633,206.1388,49.4497,-16.081,0.0,0.0001,1.8549,0.0001,6.5523,35.2303,8.1973,27.4248,36.3105
396.0,793.0,8.2869,37.054,68.4576,187.522,0.022,0.0001,99.7824,206.1389,49.4497,-16.081,0.0,0.0001,1.8558,0.0007,6.5386,35.2353,8.2017,27.4281,36.3135
397.0,795.0,8.4109,37.2103,92.5253,186.3263,0.0233,0.0001,99.7743,206.1389,49.4497,-16.081,0.0,0.0001,1.8535,-0.0009,6.5338,35.2764,8.3246,27.4415,36.3208
398.0,797.0,8.4224,37.2246,98.6797,186.4804,0.0205,0.0001,99.7665,206.1389,49.4497,-16.081,0.0,0.0001,1.8533,0.0004,6.5183,35.2795,8.3359,27.4422,36.3209
399.0,799.0,8.582,37.418,98.68,184.4883,0.0199,0.0001,99.7777,206.139,49.4497,-16.0809,0.0,0.0001,1.8484,-0.0024,6.5075,35.3239,8.4942,27.4524,36.3234
400.0,801.0,8.6215,37.4609,98.6093,184.7151,0.015,0.0001,99.7232,206.139,49.4497,-16.0809,0.0,0.0001,1.8473,-0.0007,6.4918,35.329,8.5333,27.4502,36.3195
401.0,803.0,8.7018,37.565,98.68,183.9836,0.0175,0.0001,99.7676,206.139,49.4497,-16.0809,0.0,0.0001,1.8427,-0.001,6.4901,35.358,8.6129,27.4605,36.3258
402.0,805.0,8.6938,37.5575,98.68,183.6979,0.0213,0.0001,99.7824,206.1391,49.4497,-16.0809,0.0,0.0001,1.84,-0.0011,6.4919,35.3572,8.6046,27.4612,36.3268
403.0,807.0,8.6819,37.545,81.0391,184.0443,0.0234,0.0001,99.7824,206.1391,49.4497,-16.0809,0.0,0.0001,1.8392,-0.0004,6.4987,35.3549,8.5926,27.4613,36.3275
404.0,809.0,8.6217,37.4831,94.2745,184.2957,0.0199,0.0001,99.7758,206.1391,49.4497,-16.0809,0.0,0.0001,1.8382,0.0,6.5036,35.3485,8.5325,27.4656,36.3346
405.0,811.0,8.6055,37.4697,98.5795,184.6133,0.0215,0.0001,99.7824,206.1392,49.4498,-16.0809,0.0,0.0001,1.8391,0.0004,6.5034,35.3497,8.5162,27.4692,36.3389
406.0,813.0,8.5827,37.4462,98.5675,184.7632,0.0221,0.0001,99.7554,206.1392,49.4498,-16.0809,0.0,0.0001,1.84,0.0002,6.5064,35.3466,8.4933,27.4703,36.3411
407.0,815.0,8.5847,37.4479,98.68,184.4041,0.0187,0.0001,99.7643,206.1392,49.4498,-16.0809,0.0,0.0001,1.8382,-0.0004,6.5072,35.3455,8.4951,27.4692,36.3399
408.0,817.0,8.5786,37.4468,81.9422,185.0097,0.0197,0.0001,99.7824,206.1393,49.4498,-16.0808,0.0,0.0001,1.84,0.0006,6.5068,35.3494,8.4887,27.4733,36.3442
409.0,819.0,8.583,37.4528,95.368,184.9834,0.0192,0.0001,99.7559,206.1393,49.4498,-16.0808,0.0,0.0001,1.8393,-0.0002,6.5195,35.3506,8.4929,27.4735,36.3443
410.0,821.0,8.4514,37.3079,98.68,185.0314,0.0219,0.0001,99.7563,206.1393,49.4498,-16.0808,0.0,0.0001,1.8367,-0.0009,6.5479,35.3273,8.3619,27.4757,36.3525
411.0,823.0,8.2813,37.1187,81.4862,187.3689,0.0222,0.0001,99.7824,206.1394,49.4498,-16.0808,0.0,0.0001,1.842,0.0029,6.5437,35.2954,8.1926,27.4767,36.3616
412.0,825.0,8.2883,37.1294,98.68,186.4455,0.0203,0.0001,99.7352,206.1394,49.4498,-16.0808,0.0,0.0001,1.842,-0.0002,6.5606,35.2991,8.1993,27.4785,36.3631
413.0,827.0,8.2319,37.0714,98.68,186.8265,0.0226,0.0001,99.7548,206.1394,49.4498,-16.0808,0.0,0.0001,1.8417,0.0003,6.5644,35.2929,8.1431,27.4823,36.3694
414.0,829.0,8.1712,36.9991,98.68,187.5515,0.0229,0.0001,99.74,206.1395,49.4498,-16.0808,0.0,0.0001,1.8431,0.0006,6.5792,35.2755,8.0825,27.4778,36.3679
415.0,831.0,8.0967,36.9185,88.1929,187.8065,0.022,0.0001,99.7283,206.1395,49.4498,-16.0808,0.0,0.0001,1.8435,0.0002,6.5914,35.2632,8.0083,27.4794,36.3731
416.0,833.0,8.0317,36.8447,96.7434,188.7043,0.0213,0.0001,99.7456,206.1395,49.4498,-16.0807,0.0,0.0001,1.847,0.001,6.5934,35.2485,7.9435,27.4777,36.3744
417.0,835.0,8.0217,36.8335,98.68,188.801,0.0221,0.0001,99.747,206.1396,49.4498,-16.0807,0.0,0.0001,1.8489,0.0006,6.5906,35.2456,7.9333,27.4769,36.3742
418.0,837.0,8.0416,36.8572,82.6674,188.6528,0.0232,0.0001,99.7563,206.1396,49.4498,-16.0807,0.0,0.0001,1.8496,0.0001,6.5879,35.2502,7.9528,27.4776,36.3739
419.0,839.0,8.0598,36.8834,93.2873,188.4262,0.0221,0.0001,99.7535,206.1396,49.4498,-16.0807,0.0,0.0001,1.8493,-0.0002,6.5847,35.2589,7.9708,27.4817,36.3771
420.0,841.0,8.0845,36.9167,98.68,188.1043,0.0201,0.0001,99.7776,206.1397,49.4499,-16.0807,0.0,0.0001,1.8474,-0.0003,6.5828,35.2686,7.995,27.4857,36.3799
421.0,843.0,8.0779,36.9096,98.68,188.1688,0.0197,0.0001,99.7734,206.1397,49.4499,-16.0807,0.0,0.0001,1.8473,-0.0001,6.5797,35.2669,7.9883,27.4854,36.3799
422.0,845.0,8.1054,36.9522,98.68,187.9701,0.024,0.0001,99.7607,206.1398,49.4499,-16.0807,0.0,0.0001,1.8464,-0.0003,6.5781,35.2839,8.0153,27.4946,36.3877
423.0,847.0,8.1119,36.9637,98.68,187.8252,0.0215,0.0001,99.7482,206.1398,49.4499,-16.0807,0.0,0.0001,1.845,-0.0005,6.5816,35.2886,8.0215,27.4974,36.3901
424.0,849.0,8.0839,36.9339,98.68,188.0112,0.0184,0.0001,99.7634,206.1398,49.4499,-16.0806,0.0,0.0001,1.8438,-0.0001,6.5863,35.2841,7.9935,27.4981,36.3921
425.0,851.0,8.0636,36.9119,79.374,188.1938,0.0198,0.0001,99.7679,206.1398,49.4499,-16.0806,0.0,0.0001,1.8443,0.0001,6.5851,35.2799,7.9732,27.4979,36.3929
426.0,853.0,8.0534,36.9018,97.3212,188.3469,0.0214,0.0001,99.754,206.1399,49.4499,-16.0806,0.0,0.0001,1.845,0.0001,6.5859,35.2786,7.9628,27.4984,36.3939
427.0,855.0,8.0647,36.9226,98.68,188.7585,0.0189,0.0001,99.7784,206.1399,49.4499,-16.0806,0.0,0.0001,1.8462,0.0007,6.5865,35.2882,7.9737,27.5043,36.3991
428.0,857.0,8.0902,36.9503,91.6646,188.7943,0.0196,0.0001,99.7716,206.14,49.4499,-16.0806,0.0,0.0001,1.8462,0.0003,6.587,35.2914,7.9988,27.503,36.3967
429.0,859.0,8.0491,36.9077,98.68,188.3134,0.0224,0.0001,99.7824,206.14,49.4499,-16.0806,0.0,0.0001,1.8462,-0.0006,6.5868,35.2861,7.9579,27.505,36.4006
430.0,861.0,8.0492,36.9123,98.68,189.455,0.0241,0.0001,99.7738,206.14,49.4499,-16.0806,0.0,0.0001,1.8486,0.001,6.5863,35.29,7.9577,27.5081,36.4037
431.0,863.0,8.0613,36.9237,90.728,189.1333,0.0239,0.0001,99.7482,206.1401,49.4499,-16.0805,0.0,0.0001,1.848,-0.0004,6.5986,35.2893,7.9694,27.5058,36.4008
432.0,865.0,7.947,36.8005,98.7064,190.1327,0.0237,0.0001,99.7824,206.1401,49.4499,-16.0805,0.0,0.0001,1.8484,0.0007,6.6125,35.2709,7.8556,27.5084,36.4088
433.0,867.0,7.8277,36.6746,98.5902,189.9129,0.0202,0.0001,99.7404,206.1401,49.4499,-16.0805,0.0,0.0001,1.8475,-0.0006,6.6322,35.2547,7.737,27.5134,36.4194
434.0,869.0,7.7679,36.609,98.68,191.1727,0.0208,0.0001,99.7614,206.1402,49.4499,-16.0805,0.0,0.0001,1.8495,0.0014,6.6282,35.2433,7.6774,27.5132,36.4221
435.0,871.0,7.7684,36.6171,84.3971,191.7614,0.0249,0.0001,99.7615,206.1402,49.45,-16.0805,0.0,0.0001,1.8552,0.0013,6.6283,35.2505,7.6776,27.5188,36.4276
436.0,873.0,7.7686,36.6174,95.3548,191.3951,0.0229,0.0001,99.7328,206.1402,49.45,-16.0805,0.0,0.0001,1.8553,0.0001,6.6339,35.2498,7.6776,27.5183,36.4271
437.0,875.0,7.7488,36.5993,98.68,191.974,0.0201,0.0001,99.7824,206.1403,49.45,-16.0805,0.0,0.0001,1.8559,0.0006,6.6335,35.249,7.6577,27.5206,36.4303
438.0,877.0,7.7521,36.6035,98.5249,191.7933,0.0195,0.0001,99.766,206.1403,49.45,-16.0805,0.0,0.0001,1.8568,0.0,6.6344,35.2494,7.6607,27.5205,36.43
439.0,879.0,7.7507,36.6048,98.68,192.2968,0.0241,0.0001,99.7814,206.1403,49.45,-16.0805,0.0,0.0001,1.8577,0.0005,6.6366,35.2514,7.6591,27.5222,36.4318
440.0,881.0,7.7416,36.597,89.9535,192.164,0.0271,0.0001,99.772,206.1404,49.45,-16.0804,0.0,0.0001,1.8586,0.0002,6.6353,35.2512,7.6498,27.5234,36.4335
441.0,883.0,7.7449,36.6023,93.4781,192.5614,0.0226,0.0001,99.7765,206.1404,49.45,-16.0804,0.0,0.0001,1.86,0.0004,6.6364,35.2526,7.653,27.5241,36.434
442.0,885.0,7.7648,36.6262,98.68,192.1774,0.0223,0.0001,99.7824,206.1405,49.45,-16.0804,0.0,0.0001,1.8571,-0.0017,6.6801,35.2575,7.6725,27.5251,36.434
443.0,887.0,7.5035,36.3337,96.9595,193.8659,0.0233,0.0001,99.778,206.1405,49.45,-16.0804,0.0,0.0001,1.8598,0.002,6.6578,35.2036,7.4127,27.5205,36.4421
444.0,889.0,7.5425,36.3741,94.6708,193.9823,0.021,0.0001,99.7296,206.1405,49.45,-16.0804,0.0,0.0001,1.8606,-0.0001,6.6844,35.2073,7.4512,27.5179,36.4377
445.0,891.0,7.4282,36.2631,98.68,195.4438,0.0204,0.0001,99.7824,206.1406,49.45,-16.0804,0.0,0.0001,1.8657,0.0018,6.6803,35.2012,7.3375,27.5295,36.4546
446.0,893.0,7.4392,36.2773,98.68,194.8477,0.021,0.0001,99.7685,206.1406,49.45,-16.0804,0.0,0.0001,1.8666,0.0002,6.6832,35.2044,7.3481,27.5305,36.4551
447.0,895.0,7.4442,36.2833,89.896,194.8804,0.0233,0.0001,99.7714,206.1406,49.45,-16.0804,0.0,0.0001,1.8654,-0.0005,6.7008,35.2053,7.3529,27.5305,36.4549
448.0,897.0,7.2994,36.1334,95.7664,196.4077,0.0207,0.0001,99.7764,206.1407,49.4501,-16.0803,0.0,0.0001,1.8696,0.002,6.6934,35.1876,7.2089,27.5372,36.4685
449.0,899.0,7.3168,36.1546,98.2625,196.8685,0.0217,0.0001,99.7501,206.1407,49.4501,-16.0803,0.0,0.0001,1.8721,0.0008,6.7132,35.1922,7.2259,27.5384,36.4688
450.0,901.0,7.238,36.0707,98.68,197.3524,0.0198,0.0001,99.7858,206.1407,49.4501,-16.0803,0.0,0.0001,1.8728,0.0006,6.7267,35.1794,7.1475,27.5395,36.4737
451.0,903.0,7.1369,35.9636,83.2863,198.9684,0.0204,0.0001,99.7824,206.1408,49.4501,-16.0803,0.0,0.0001,1.8778,0.0017,6.7396,35.164,7.0469,27.5415,36.4806
452.0,905.0,7.092,35.9145,95.0775,199.069,0.0204,0.0001,99.7723,206.1408,49.4501,-16.0803,0.0,0.0001,1.8794,0.0007,6.7539,35.1549,7.0021,27.5406,36.482
453.0,907.0,6.9994,35.8161,98.68,200.4318,0.022,0.0001,99.7824,206.1408,49.4501,-16.0803,0.0,0.0001,1.8843,0.0017,6.7567,35.14,6.91,27.5417,36.4876
454.0,909.0,6.9763,35.793,98.68,200.676,0.0234,0.0001,99.7824,206.1409,49.4501,-16.0803,0.0,0.0001,1.8882,0.0006,6.7633,35.1372,6.8867,27.5427,36.4897
455.0,911.0,6.9216,35.7355,98.68,200.2788,0.023,0.0001,99.7889,206.1409,49.4501,-16.0803,0.0,0.0001,1.8877,-0.0002,6.7655,35.1287,6.8322,27.5435,36.4932
456.0,913.0,6.8849,35.6991,98.68,202.2868,0.0216,0.0001,99.7953,206.1409,49.4501,-16.0803,0.0,0.0001,1.8932,0.0022,6.7661,35.125,6.7956,27.5457,36.4971
457.0,915.0,6.9276,35.7529,86.3056,201.1759,0.0198,0.0001,99.8014,206.141,49.4501,-16.0802,0.0,0.0001,1.893,-0.0003,6.768,35.1398,6.8378,27.5516,36.5008
458.0,917.0,6.8747,35.6994,96.9204,201.9754,0.0258,0.0001,99.7851,206.141,49.4501,-16.0802,0.0,0.0001,1.8934,0.0001,6.7872,35.1337,6.7851,27.554,36.5058
459.0,919.0,6.8006,35.6166,98.68,203.1205,0.0196,0.0001,99.8095,206.141,49.4501,-16.0802,0.0,0.0001,1.896,0.0015,6.7869,35.117,6.7112,27.5509,36.5064
460.0,921.0,6.7738,35.5914,94.1212,203.7606,0.0211,0.0001,99.8083,206.1411,49.4501,-16.0802,0.0,0.0001,1.9007,0.0012,6.7897,35.1153,6.6844,27.5533,36.5101
461.0,923.0,6.7832,35.6019,98.68,202.9299,0.0211,0.0001,99.8218,206.1411,49.4501,-16.0802,0.0,0.0001,1.8999,-0.0004,6.7897,35.1168,6.6935,27.5532,36.5095
462.0,925.0,6.7758,35.5974,98.68,203.434,0.0241,0.0001,99.8139,206.1411,49.4501,-16.0802,0.0,0.0001,1.9011,0.0002,6.7908,35.1181,6.686,27.5552,36.5119
463.0,927.0,6.7786,35.6008,98.68,203.2142,0.0203,0.0001,99.8128,206.1412,49.4502,-16.0802,0.0,0.0001,1.9003,-0.0001,6.7909,35.1182,6.6885,27.555,36.5116
464.0,929.0,6.7795,35.6038,89.5019,203.4656,0.0193,0.0001,99.836,206.1412,49.4502,-16.0802,0.0,0.0001,1.9005,0.0001,6.7913,35.1196,6.6893,27.556,36.5125
465.0,931.0,6.7767,35.6022,98.6337,203.5529,0.022,0.0001,99.8307,206.1412,49.4502,-16.0801,0.0,0.0001,1.9011,0.0001,6.7911,35.1198,6.6862,27.5566,36.5132
466.0,933.0,6.7826,35.6106,98.68,203.4716,0.0237,0.0001,99.8381,206.1413,49.4502,-16.0801,0.0,0.0001,1.9011,0.0,6.7885,35.122,6.6919,27.5575,36.5139
467.0,935.0,6.7931,35.6274,98.68,202.9724,0.0196,0.0001,99.8401,206.1413,49.4502,-16.0801,0.0,0.0001,1.8987,-0.0007,6.7912,35.1288,6.7021,27.5615,36.5173
468.0,937.0,6.7585,35.5945,85.5195,203.7943,0.0224,0.0001,99.8347,206.1414,49.4502,-16.0801,0.0,0.0001,1.8992,0.0002,6.8021,35.1268,6.6675,27.5646,36.5221
469.0,939.0,6.7096,35.5451,98.6796,204.4744,0.023,0.0001,99.8401,206.1414,49.4502,-16.0801,0.0,0.0001,1.901,0.0008,6.8037,35.1209,6.6188,27.5666,36.5264
470.0,941.0,6.6482,35.4833,98.5612,205.1702,0.021,0.0001,99.8461,206.1414,49.4502,-16.0801,0.0,0.0001,1.9032,0.0008,6.8153,35.1144,6.5576,27.5697,36.5325
471.0,943.0,6.6264,35.4614,98.68,205.8809,0.0209,0.0001,99.8357,206.1415,49.4502,-16.0801,0.0,0.0001,1.9058,0.001,6.8229,35.1117,6.5358,27.5705,36.5344
472.0,945.0,6.5844,35.4183,98.68,206.4407,0.0225,0.0001,99.8545,206.1415,49.4502,-16.0801,0.0,0.0001,1.9094,0.0013,6.8193,35.1059,6.4939,27.5716,36.5375
473.0,947.0,6.582,35.4196,84.3703,206.829,0.0212,0.0001,99.8265,206.1415,49.4502,-16.0801,0.0,0.0001,1.9115,0.0007,6.8298,35.1087,6.4913,27.5742,36.5402
474.0,949.0,6.5242,35.3618,96.2947,207.0987,0.0188,0.0001,99.8536,206.1416,49.4502,-16.08,0.0,0.0001,1.9126,0.0006,6.8343,35.1025,6.4337,27.577,36.5458
475.0,951.0,6.5082,35.3473,98.68,207.273,0.0216,0.0001,99.8072,206.1416,49.4502,-16.08,0.0,0.0001,1.9145,0.0004,6.8309,35.1019,6.4176,27.5786,36.5482
476.0,953.0,6.529,35.3724,89.9747,206.9882,0.0218,0.0001,99.8484,206.1416,49.4502,-16.08,0.0,0.0001,1.9142,-0.0001,6.8312,35.1076,6.438,27.5804,36.549
477.0,955.0,6.5315,35.3775,98.68,207.0561,0.0238,0.0001,99.8487,206.1417,49.4502,-16.08,0.0,0.0001,1.9145,0.0001,6.8272,35.1098,6.4403,27.5818,36.5502
478.0,957.0,6.5547,35.4081,98.68,206.1324,0.0183,0.0001,99.8555,206.1417,49.4503,-16.08,0.0,0.0001,1.9121,-0.0011,6.8252,35.119,6.4632,27.5861,36.5533
479.0,959.0,6.5682,35.4277,98.68,206.3972,0.0181,0.0001,99.869,206.1417,49.4503,-16.08,0.0,0.0001,1.9121,-0.0001,6.8144,35.126,6.4764,27.5898,36.5563
480.0,961.0,6.6377,35.5101,98.0853,205.332,0.0205,0.0001,99.8485,206.1418,49.4503,-16.08,0.0,0.0001,1.9091,-0.0013,6.8122,35.1453,6.5451,27.5958,36.5587
481.0,963.0,6.6306,35.5043,98.4062,205.0062,0.0193,0.0001,99.869,206.1418,49.4503,-16.08,0.0,0.0001,1.9041,-0.0012,6.8255,35.145,6.5379,27.5965,36.5598
482.0,965.0,6.5589,35.4281,98.68,205.8816,0.0237,0.0001,99.869,206.1418,49.4503,-16.08,0.0,0.0001,1.9032,-0.0003,6.8408,35.133,6.4664,27.5966,36.5634
483.0,967.0,6.4634,35.3271,86.3678,207.6571,0.0172,0.0001,99.8416,206.1419,49.4503,-16.0799,0.0,0.0001,1.9073,0.0016,6.8442,35.1175,6.3715,27.5971,36.5686
484.0,969.0,6.4472,35.3102,94.806,208.4481,0.0179,0.0001,99.8497,206.1419,49.4503,-16.0799,0.0,0.0001,1.9127,0.0014,6.8443,35.1142,6.3552,27.5966,36.569
485.0,971.0,6.4458,35.3099,98.68,208.1558,0.02,0.0001,99.8401,206.1419,49.4503,-16.0799,0.0,0.0001,1.9145,0.0003,6.847,35.1144,6.3536,27.597,36.5695
486.0,973.0,6.421,35.2848,98.68,208.2267,0.0223,0.0001,99.8382,206.142,49.4503,-16.0799,0.0,0.0001,1.9146,0.0,6.8528,35.1112,6.3288,27.5977,36.5714
487.0,975.0,6.3897,35.253,57.3798,208.9326,0.0188,0.0001,99.8486,206.142,49.4503,-16.0799,0.0,0.0001,1.9162,0.0007,6.855,35.1067,6.2975,27.5984,36.5736
488.0,977.0,6.3811,35.247,92.506,209.3102,0.0208,0.0001,99.8293,206.142,49.4503,-16.0799,0.0,0.0001,1.9185,0.0009,6.8523,35.1079,6.2887,27.6004,36.5761
489.0,979.0,6.3832,35.2512,98.68,208.9739,0.0202,0.0001,99.8281,206.1421,49.4503,-16.0799,0.0,0.0001,1.9188,-0.0002,6.8565,35.1094,6.2907,27.6014,36.5769
490.0,981.0,6.3711,35.2417,98.68,208.9858,0.0265,0.0001,99.8407,206.1421,49.4503,-16.0799,0.0,0.0001,1.9178,-0.0001,6.8581,35.1103,6.2785,27.6037,36.5798
491.0,983.0,6.3614,35.2345,98.6742,209.4539,0.0217,0.0001,99.8371,206.1421,49.4503,-16.0798,0.0,0.0001,1.918,0.0004,6.8568,35.1111,6.2687,27.6057,36.5822
492.0,985.0,6.3626,35.2367,91.1133,209.4744,0.0227,0.0001,99.8279,206.1422,49.4503,-16.0798,0.0,0.0001,1.9192,0.0,6.862,35.1114,6.2696,27.6057,36.5822
493.0,987.0,6.349,35.2241,98.68,209.0225,0.0196,0.0001,99.8353,206.1422,49.4503,-16.0798,0.0,0.0001,1.9174,-0.0008,6.868,35.1105,6.2559,27.6069,36.584
494.0,989.0,6.2906,35.1691,76.4786,210.8901,0.0189,0.0001,99.8396,206.1422,49.4503,-16.0798,0.0,0.0001,1.9214,0.0016,6.8657,35.1078,6.1977,27.6123,36.5923
495.0,991.0,6.3082,35.189,95.0222,210.5314,0.0231,0.0001,99.8322,206.1423,49.4503,-16.0798,0.0,0.0001,1.9237,0.0004,6.8665,35.1111,6.215,27.6127,36.5918
496.0,993.0,6.3099,35.1961,98.68,210.6871,0.0223,0.0001,99.8293,206.1423,49.4503,-16.0798,0.0,0.0001,1.9243,0.0002,6.8679,35.1161,6.2165,27.6165,36.5954
497.0,995.0,6.2973,35.1838,98.68,210.7742,0.0237,0.0001,99.8177,206.1424,49.4504,-16.0798,0.0,0.0001,1.9247,0.0001,6.8676,35.1145,6.2038,27.6169,36.5964
498.0,997.0,6.2974,35.1862,98.68,210.8467,0.0228,0.0001,99.8254,206.1424,49.4504,-16.0798,0.0,0.0001,1.9249,0.0001,6.8684,35.1161,6.2037,27.6181,36.5977
499.0,999.0,6.297,35.1876,88.0011,211.0191,0.0224,0.0001,99.8113,206.1425,49.4504,-16.0797,0.0,0.0001,1.926,0.0001,6.8679,35.1172,6.2031,27.6191,36.5987
500.0,1001.0,6.3116,35.2047,98.6808,210.9147,0.0207,0.0001,99.8182,206.1425,49.4504,-16.0797,0.0,0.0001,1.9267,0.0001,6.8574,35.1202,6.2173,27.6196,36.5985
501.0,1003.0,6.3851,35.2892,98.68,209.9032,0.0244,0.0001,99.7978,206.1426,49.4504,-16.0797,0.0,0.0001,1.925,-0.0009,6.8485,35.1381,6.29,27.6242,36.5993
502.0,1005.0,6.4284,35.3393,89.387,209.3941,0.0253,0.0001,99.7856,206.1427,49.4504,-16.0797,0.0,0.0001,1.9209,-0.0006,6.8429,35.1486,6.3328,27.6268,36.5997
503.0,1007.0,6.4422,35.3555,87.7763,209.3268,0.022,0.0001,99.8022,206.1428,49.4504,-16.0796,0.0,0.0001,1.9187,-0.0002,6.8423,35.1515,6.3463,27.6273,36.5995
504.0,1009.0,6.4431,35.3592,98.68,209.4261,0.0217,0.0001,99.7773,206.1429,49.4504,-16.0796,0.0,0.0001,1.9185,-0.0001,6.8427,35.1537,6.347,27.6289,36.6011
505.0,1011.0,6.4428,35.362,93.5017,209.5673,0.0201,0.0001,99.6585,206.1436,49.4505,-16.0794,0.0,0.0001,1.919,0.0,6.8429,35.1562,6.3464,27.631,36.6032
506.0,1013.0,6.4471,35.3681,89.8907,209.4528,0.019,0.0002,99.5778,206.1442,49.4505,-16.0793,0.0,0.0001,1.9185,0.0,6.8426,35.158,6.3506,27.6319,36.6038
