Datacycle,press,temp,cond,alt,oxygen,fluor,atten,trans,jday,lat,lon,PAR,UPAR,oxV,oxdVdt,oxysat,salin,potemp,sigma0,sigma2
1.0,7.0,15.7283,44.2354,89.818,246.2741,0.5516,0.0025,93.8629,204.8749,49.2713,-16.3585,0.0,0.0001,2.7471,-0.0001,5.5871,35.5362,15.7272,26.2225,34.8053
2.0,9.0,15.7313,44.2422,98.7094,246.4464,0.5787,0.0027,93.4451,204.875,49.2713,-16.3584,0.0,0.0001,2.7481,0.0002,5.5867,35.5389,15.7298,26.2241,34.8067
3.0,11.0,15.7352,44.2505,98.71,246.0652,0.5647,0.0026,93.6955,204.8751,49.2713,-16.3584,0.0,0.0001,2.748,-0.0011,5.5866,35.542,15.7335,26.2256,34.8081
4.0,13.0,15.7358,44.2517,98.71,246.5504,0.5523,0.0026,93.7203,204.8751,49.2713,-16.3584,0.0,0.0001,2.748,0.0001,5.5855,35.5417,15.7338,26.2253,34.8078
5.0,15.0,15.7444,44.2761,71.9768,247.0496,0.5931,0.003,92.8568,204.8752,49.2713,-16.3584,0.0,0.0001,2.7503,0.0015,5.5848,35.5551,15.7421,26.2337,34.8157
6.0,17.0,15.7497,44.2902,96.0217,246.8462,0.5995,0.003,92.6784,204.8752,49.2713,-16.3584,0.0,0.0001,2.7505,0.0,5.5841,35.5621,15.747,26.238,34.8197
7.0,19.0,15.7488,44.2926,98.71,246.8487,0.6089,0.0031,92.6372,204.8753,49.2714,-16.3584,0.0,0.0001,2.7485,0.0,5.5842,35.5644,15.7458,26.2401,34.8218
8.0,21.0,15.7446,44.3085,70.2809,247.0817,0.6117,0.0032,92.3856,204.8753,49.2714,-16.3584,0.0,0.0001,2.7503,0.0002,5.5839,35.5816,15.7413,26.2543,34.836
9.0,23.0,15.7446,44.3163,98.71,246.6228,0.622,0.0033,92.0865,204.8753,49.2714,-16.3584,0.0,0.0001,2.7486,-0.001,5.5838,35.5878,15.7409,26.2592,34.8408
10.0,25.0,15.7302,44.3235,98.71,247.1437,0.6515,0.0035,91.6478,204.8754,49.2714,-16.3584,0.0,0.0001,2.7497,0.0007,5.5843,35.6064,15.7262,26.2769,34.8588
11.0,27.0,15.7285,44.3206,83.6597,246.6739,0.6867,0.0036,91.4363,204.8754,49.2714,-16.3584,0.0,0.0001,2.7453,-0.0015,5.5906,35.6048,15.7243,26.2761,34.8581
12.0,29.0,15.6665,44.2841,70.1812,245.9246,0.7661,0.0034,91.7838,204.8754,49.2714,-16.3584,0.0,0.0001,2.7408,-0.0017,5.5886,35.6269,15.6619,26.3073,34.8912
13.0,31.0,15.6028,44.22,98.6845,246.4355,0.8815,0.0033,92.1755,204.8755,49.2714,-16.3583,0.0,0.0001,2.7383,-0.0015,5.6079,35.6259,15.598,26.3209,34.9071
14.0,33.0,15.5305,44.1369,98.71,244.21,0.9723,0.0029,93.0275,204.8755,49.2714,-16.3583,0.0,0.0001,2.7218,-0.006,5.6215,35.6157,15.5254,26.3295,34.9183
15.0,35.0,15.4198,44.017,51.6698,244.4214,0.9398,0.0026,93.7083,204.8755,49.2714,-16.3583,0.0,0.0001,2.7182,-0.0019,5.6101,35.6067,15.4145,26.3476,34.9404
16.0,37.0,15.3877,43.9788,81.32,245.2675,0.9085,0.0025,93.8993,204.8756,49.2714,-16.3583,0.0,0.0001,2.7181,-0.0011,5.6312,35.6004,15.382,26.35,34.9441
17.0,39.0,15.3365,43.9289,76.1108,242.8515,0.8472,0.0023,94.4847,204.8756,49.2714,-16.3583,0.0,0.0001,2.7035,-0.0055,5.633,35.6009,15.3305,26.3619,34.9578
18.0,41.0,15.1468,43.7433,98.71,244.031,0.7476,0.002,95.0702,204.8756,49.2714,-16.3583,0.0,0.0001,2.6984,-0.0024,5.663,35.6036,15.1405,26.4063,35.009
19.0,43.0,15.1034,43.7151,61.3037,236.2272,0.6748,0.0016,95.9915,204.8757,49.2714,-16.3583,0.0,0.0001,2.6559,-0.0188,5.68,35.6167,15.0969,26.4261,35.0301
20.0,45.0,14.8154,43.4725,64.209,235.8374,0.4599,0.0012,97.0493,204.8757,49.2714,-16.3583,0.0,0.0001,2.637,-0.0098,5.6719,35.657,14.8086,26.5208,35.1346
21.0,47.0,14.7724,43.4422,82.1383,237.4858,0.3752,0.0014,96.6612,204.8757,49.2714,-16.3583,0.0,0.0001,2.629,-0.0043,5.7043,35.668,14.7654,26.5387,35.1539
22.0,49.0,14.529,43.2091,60.65,233.5492,0.3114,0.0009,97.7564,204.8758,49.2714,-16.3583,0.0,0.0001,2.6059,-0.0085,5.6926,35.6757,14.5217,26.5978,35.2217
23.0,51.0,14.3276,42.9976,86.6806,237.2385,0.3214,0.0011,97.1139,204.8758,49.2715,-16.3582,0.0,0.0001,2.6086,-0.0006,5.7383,35.6648,14.3201,26.6328,35.2643
24.0,53.0,14.3827,43.0452,98.71,231.5744,0.3156,0.0008,97.8821,204.8758,49.2715,-16.3582,0.0,0.0001,2.5819,-0.0156,5.7691,35.6575,14.3749,26.6154,35.2449
25.0,55.0,13.9253,42.6096,60.1924,235.2325,0.2445,0.0007,98.2257,204.8758,49.2715,-16.3582,0.0,0.0001,2.5808,-0.0015,5.776,35.674,13.9174,26.7257,35.3718
26.0,57.0,13.9405,42.6445,83.096,232.7139,0.1795,0.0006,98.5489,204.8759,49.2715,-16.3582,0.0,0.0001,2.5552,-0.009,5.8436,35.6917,13.9323,26.736,35.3814
27.0,59.0,13.4825,42.1996,87.4119,232.4644,0.1398,0.0005,98.8274,204.8759,49.2715,-16.3582,0.0,0.0001,2.5344,-0.006,5.8832,35.6995,13.4742,26.838,35.5003
28.0,61.0,13.1794,41.8794,98.71,233.1222,0.1236,0.0004,98.9749,204.876,49.2715,-16.3582,0.0,0.0001,2.53,-0.0016,5.8838,35.6789,13.1709,26.8843,35.5584
29.0,63.0,13.0505,41.7521,66.4988,233.7419,0.1086,0.0004,99.0547,204.876,49.2715,-16.3582,0.0,0.0001,2.527,-0.0012,5.9069,35.6778,13.0418,26.9098,35.5888
30.0,65.0,12.9443,41.6447,98.6983,232.9156,0.0969,0.0003,99.176,204.876,49.2715,-16.3582,0.0,0.0001,2.5209,-0.0021,5.909,35.6745,12.9353,26.9287,35.6118
31.0,67.0,12.8434,41.5496,98.71,234.4334,0.0891,0.0003,99.3168,204.8761,49.2715,-16.3582,0.0,0.0001,2.525,0.0025,5.9064,35.6776,12.8342,26.9515,35.6385
32.0,69.0,12.8672,41.5757,98.7025,233.4118,0.0809,0.0003,99.3626,204.8761,49.2715,-16.3582,0.0,0.0001,2.5203,-0.0021,5.9243,35.6795,12.8578,26.9482,35.6343
33.0,71.0,12.7884,41.4968,98.7014,233.8038,0.0774,0.0002,99.473,204.8761,49.2715,-16.3581,0.0,0.0001,2.5181,0.0003,5.9239,35.6772,12.7787,26.9623,35.6514
34.0,73.0,12.7873,41.4995,91.5784,233.6889,0.0751,0.0002,99.461,204.8762,49.2715,-16.3581,0.0,0.0001,2.5181,-0.0005,5.9248,35.68,12.7774,26.9648,35.6539
35.0,75.0,12.7691,41.4809,98.71,233.1134,0.0735,0.0002,99.5989,204.8762,49.2715,-16.3581,0.0,0.0001,2.5131,-0.001,5.9263,35.6783,12.7589,26.9672,35.657
36.0,77.0,12.7591,41.4738,98.71,233.8583,0.0689,0.0002,99.6143,204.8762,49.2715,-16.3581,0.0,0.0001,2.5153,0.0009,5.9245,35.68,12.7486,26.9705,35.6607
37.0,79.0,12.7648,41.4806,89.461,234.2481,0.0685,0.0002,99.5434,204.8763,49.2715,-16.3581,0.0,0.0001,2.5182,0.0002,5.9308,35.6805,12.7541,26.9698,35.6598
38.0,81.0,12.7359,41.451,98.71,233.5994,0.0599,0.0001,99.7252,204.8763,49.2715,-16.3581,0.0,0.0001,2.514,-0.0012,5.9336,35.6784,12.7249,26.974,35.6651
39.0,83.0,12.7229,41.4398,96.5244,234.0998,0.0573,0.0001,99.7379,204.8763,49.2715,-16.3581,0.0,0.0001,2.515,0.0003,5.9333,35.6791,12.7116,26.9772,35.6689
40.0,85.0,12.721,41.4388,94.3388,233.9194,0.0558,0.0001,99.7554,204.8764,49.2716,-16.3581,0.0,0.0001,2.5136,-0.0005,5.9374,35.6791,12.7094,26.9776,35.6694
41.0,87.0,12.6788,41.392,98.71,233.4912,0.0542,0.0001,99.8222,204.8764,49.2716,-16.358,0.0,0.0001,2.5089,-0.0011,5.9424,35.6729,12.6669,26.9813,35.6748
42.0,89.0,12.6578,41.3706,98.71,234.0257,0.0477,0.0001,99.8649,204.8764,49.2716,-16.358,0.0,0.0001,2.51,0.0005,5.9408,35.6713,12.6457,26.9843,35.6785
43.0,91.0,12.6543,41.3671,84.9025,234.0182,0.0476,0.0001,99.844,204.8765,49.2716,-16.358,0.0,0.0001,2.5105,-0.0002,5.943,35.6705,12.642,26.9844,35.6789
44.0,93.0,12.6371,41.3507,98.71,232.8428,0.0493,0.0,99.9159,204.8765,49.2716,-16.358,0.0,0.0001,2.5047,-0.0029,5.9461,35.6702,12.6245,26.9877,35.6828
45.0,95.0,12.6123,41.3207,98.71,233.6729,0.0461,0.0,99.9306,204.8765,49.2716,-16.358,0.0,0.0001,2.5058,-0.0002,5.9457,35.664,12.5995,26.9878,35.684
46.0,97.0,12.6073,41.3176,98.71,234.0423,0.0441,0.0,99.9302,204.8765,49.2716,-16.358,0.0,0.0001,2.5068,0.0001,5.9498,35.6648,12.5942,26.9894,35.6858
47.0,99.0,12.5805,41.2886,98.71,234.3893,0.0389,0.0,100.0133,204.8766,49.2716,-16.358,0.0,0.0001,2.507,0.0008,5.9532,35.6611,12.5671,26.992,35.6895
48.0,101.0,12.5693,41.2769,98.7021,233.8924,0.0378,0.0,100.0133,204.8766,49.2716,-16.358,0.0,0.0001,2.5049,-0.001,5.9565,35.6598,12.5557,26.9932,35.6912
49.0,103.0,12.5566,41.2629,98.7085,234.2745,0.0352,0.0,100.0191,204.8767,49.2716,-16.358,0.0,0.0001,2.5049,0.0001,5.957,35.6572,12.5427,26.9938,35.6923
50.0,105.0,12.5418,41.2476,85.0085,234.3303,0.0316,0.0,100.0544,204.8767,49.2716,-16.3579,0.0,0.0001,2.5053,0.0001,5.9565,35.6556,12.5276,26.9956,35.6946
51.0,107.0,12.5526,41.2594,98.7083,233.9193,0.0318,0.0,100.0671,204.8767,49.2716,-16.3579,0.0,0.0001,2.5029,-0.0012,5.9607,35.6561,12.5382,26.9939,35.6925
52.0,109.0,12.5134,41.218,98.4081,234.237,0.0332,0.0,100.0692,204.8768,49.2716,-16.3579,0.0,0.0001,2.5025,0.0001,5.9607,35.6521,12.4987,26.9985,35.6988
53.0,111.0,12.5056,41.2101,88.4691,234.4356,0.033,0.0,100.0698,204.877,49.2717,-16.3578,0.0,0.0001,2.5034,-0.0002,5.9639,35.6508,12.4906,26.9991,35.6997
54.0,113.0,12.4929,41.1961,91.32,234.5208,0.0348,0.0,100.0801,204.8771,49.2717,-16.3578,0.0,0.0001,2.5032,0.0001,5.965,35.6491,12.4778,27.0003,35.7014
55.0,115.0,12.468,41.1694,90.8615,233.4601,0.0326,0.0,100.1105,204.8772,49.2717,-16.3577,0.0,0.0001,2.4958,-0.0015,5.9681,35.6458,12.4526,27.0027,35.7048
56.0,117.0,12.4599,41.1641,96.1868,232.0306,0.025,-0.0001,100.1277,204.8773,49.2717,-16.3577,0.0,0.0001,2.4839,-0.0019,5.9688,35.6473,12.4442,27.0056,35.708
57.0,119.0,12.4562,41.1604,93.1797,231.521,0.0277,-0.0001,100.1304,204.8773,49.2717,-16.3577,0.0,0.0001,2.4778,-0.0019,5.973,35.6465,12.4403,27.0057,35.7083
58.0,121.0,12.4272,41.1296,98.695,231.3509,0.025,-0.0001,100.1288,204.8774,49.2717,-16.3577,0.0,0.0001,2.4734,-0.0015,5.978,35.6433,12.411,27.009,35.7128
59.0,123.0,12.3878,41.0861,98.71,231.8479,0.0239,-0.0001,100.1388,204.8774,49.2717,-16.3577,0.0,0.0001,2.4738,0.0004,5.9752,35.6377,12.3713,27.0124,35.7178
60.0,125.0,12.3842,41.0832,98.7,231.5022,0.0257,-0.0001,100.1321,204.8775,49.2717,-16.3576,0.0,0.0001,2.4721,-0.0011,5.9807,35.6375,12.3675,27.013,35.7185
61.0,127.0,12.3672,41.065,81.4855,231.2007,0.0298,-0.0001,100.1288,204.8775,49.2718,-16.3576,0.0,0.0001,2.469,-0.0008,5.9804,35.635,12.3502,27.0144,35.7207
62.0,129.0,12.3474,41.0439,98.71,231.7299,0.0272,-0.0001,100.1326,204.8775,49.2718,-16.3576,0.0,0.0001,2.4688,0.0002,5.9857,35.6323,12.3301,27.0163,35.7234
63.0,131.0,12.3409,41.0359,33.0237,231.9642,0.0278,-0.0001,100.1414,204.8776,49.2718,-16.3576,0.0,0.0001,2.4695,0.0002,5.988,35.63,12.3234,27.0159,35.7232
64.0,133.0,12.2889,40.9786,94.9294,232.179,0.0295,-0.0001,100.1329,204.8776,49.2718,-16.3576,0.0,0.0001,2.4698,-0.0003,5.9973,35.6228,12.2712,27.0205,35.73
65.0,135.0,12.2471,40.9299,96.8197,232.4867,0.0282,0.0,100.1185,204.8776,49.2718,-16.3576,0.0,0.0001,2.4693,0.0005,5.9961,35.6145,12.2292,27.0222,35.7335
66.0,137.0,12.2269,40.9076,98.71,233.3108,0.0302,0.0,100.1081,204.8776,49.2718,-16.3576,0.0,0.0001,2.4734,0.0016,5.9976,35.6111,12.2087,27.0236,35.7357
67.0,139.0,12.2356,40.9185,98.504,232.8165,0.0295,0.0,100.0313,204.8777,49.2718,-16.3575,0.0,0.0001,2.4724,-0.0005,6.0027,35.6128,12.2172,27.0232,35.735
68.0,141.0,12.2023,40.8813,98.715,232.901,0.0268,0.0,100.1216,204.8777,49.2718,-16.3575,0.0,0.0001,2.4711,-0.0004,6.0073,35.6074,12.1837,27.0256,35.7387
69.0,143.0,12.1665,40.8414,91.306,233.355,0.031,0.0,100.0807,204.8777,49.2718,-16.3575,0.0,0.0001,2.4717,0.0005,6.0082,35.6016,12.1476,27.028,35.7427
70.0,145.0,12.1502,40.8242,83.897,233.866,0.0308,0.0,100.0855,204.8778,49.2718,-16.3575,0.0,0.0001,2.4752,0.0007,6.0118,35.5994,12.1311,27.0295,35.7449
71.0,147.0,12.1265,40.7982,94.2438,234.2401,0.0268,0.0,100.062,204.8778,49.2718,-16.3575,0.0,0.0001,2.4766,0.0006,6.0146,35.5956,12.1071,27.0313,35.7476
72.0,149.0,12.1144,40.7866,98.7025,234.3519,0.0294,0.0,100.0689,204.8779,49.2718,-16.3575,0.0,0.0001,2.477,0.0001,6.0186,35.5951,12.0948,27.0332,35.75
73.0,151.0,12.0857,40.7551,98.3763,234.4803,0.0285,0.0,100.0668,204.8779,49.2718,-16.3575,0.0,0.0001,2.4775,0.0004,6.0173,35.5908,12.0658,27.0355,35.7535
74.0,153.0,12.0762,40.7451,98.705,234.4775,0.0286,0.0,100.0649,204.8779,49.2718,-16.3574,0.0,0.0001,2.4781,-0.0003,6.0201,35.5891,12.0561,27.0361,35.7545
75.0,155.0,12.0723,40.74,24.1538,234.3863,0.0291,0.0,100.0535,204.878,49.2718,-16.3574,0.0,0.0001,2.4756,-0.0008,6.027,35.5873,12.052,27.0354,35.754
76.0,157.0,12.035,40.6997,95.0283,234.8619,0.0252,0.0,100.0624,204.878,49.2718,-16.3574,0.0,0.0001,2.4769,0.0007,6.0233,35.5826,12.0144,27.039,35.7591
77.0,159.0,12.0178,40.6817,96.2591,235.3565,0.0264,0.0,100.072,204.878,49.2718,-16.3574,0.0,0.0001,2.479,0.0005,6.0301,35.5802,11.997,27.0406,35.7614
78.0,161.0,11.9904,40.6499,97.1782,235.3949,0.0277,0.0,100.0612,204.8781,49.2718,-16.3574,0.0,0.0001,2.4785,-0.0002,6.0357,35.5745,11.9693,27.0414,35.7635
79.0,163.0,11.9575,40.6141,82.34,234.6119,0.0262,0.0,100.0711,204.8781,49.2718,-16.3574,0.0,0.0001,2.4759,-0.0016,6.0335,35.5701,11.9362,27.0444,35.7678
80.0,165.0,11.9548,40.6125,98.7,235.4502,0.0286,0.0,100.0659,204.8781,49.2718,-16.3573,0.0,0.0001,2.4765,0.0001,6.0404,35.57,11.9332,27.0449,35.7684
81.0,167.0,11.9065,40.5577,98.71,235.7355,0.027,0.0,100.0663,204.8782,49.2718,-16.3573,0.0,0.0001,2.4762,0.0,6.0492,35.5616,11.8847,27.0476,35.7732
82.0,169.0,11.861,40.5055,84.8063,236.4403,0.0267,0.0,100.0606,204.8782,49.2719,-16.3573,0.0,0.0001,2.4783,0.0013,6.0502,35.553,11.839,27.0497,35.7772
83.0,171.0,11.8417,40.4854,95.6499,236.4445,0.0286,0.0,100.0401,204.8782,49.2719,-16.3573,0.0,0.0001,2.4796,0.0004,6.0511,35.5509,11.8195,27.0518,35.7801
84.0,173.0,11.8349,40.4789,98.71,236.5528,0.0288,0.0,100.0546,204.8783,49.2719,-16.3573,0.0,0.0001,2.4809,0.0002,6.0501,35.5501,11.8124,27.0525,35.7811
85.0,175.0,11.8451,40.4937,98.7025,235.0698,0.0282,0.0,100.0645,204.8783,49.2719,-16.3573,0.0,0.0001,2.4751,-0.003,6.0503,35.5541,11.8224,27.0537,35.7818
86.0,177.0,11.8425,40.4934,71.4085,234.9761,0.0264,0.0,100.0629,204.8783,49.2719,-16.3572,0.0,0.0001,2.4707,-0.0015,6.0502,35.5553,11.8195,27.0552,35.7834
87.0,179.0,11.8426,40.4941,95.2092,234.8613,0.0245,0.0,100.0658,204.8784,49.2719,-16.3572,0.0,0.0001,2.4678,-0.0012,6.0526,35.5551,11.8193,27.0551,35.7833
88.0,181.0,11.8281,40.479,98.7053,234.0194,0.0254,0.0,100.0673,204.8784,49.2719,-16.3572,0.0,0.0001,2.4617,-0.002,6.0538,35.5532,11.8045,27.0564,35.7853
89.0,183.0,11.8113,40.4636,98.71,234.0423,0.0257,0.0,100.0479,204.8784,49.2719,-16.3572,0.0,0.0001,2.4587,-0.0008,6.0537,35.5531,11.7875,27.0595,35.7891
90.0,185.0,11.8198,40.4722,98.71,234.2102,0.0239,0.0,100.0679,204.8785,49.2719,-16.3572,0.0,0.0001,2.458,-0.0002,6.0547,35.5528,11.7958,27.0577,35.7869
91.0,187.0,11.8099,40.4649,98.71,234.3889,0.0244,0.0,100.067,204.8785,49.2719,-16.3572,0.0,0.0001,2.458,0.0001,6.0551,35.5541,11.7857,27.0607,35.7903
92.0,189.0,11.8068,40.4627,98.695,234.5192,0.0239,0.0,100.0698,204.8785,49.2719,-16.3571,0.0,0.0001,2.4586,0.0001,6.0556,35.554,11.7823,27.0613,35.791
93.0,191.0,11.7991,40.4552,75.5823,234.1319,0.0278,0.0,100.0665,204.8786,49.2719,-16.3571,0.0,0.0001,2.4565,-0.001,6.0593,35.553,11.7743,27.062,35.7921
94.0,193.0,11.7763,40.4299,98.735,230.3398,0.0265,0.0,100.0891,204.8786,49.2719,-16.3571,0.0,0.0001,2.4391,-0.0079,6.0628,35.5491,11.7513,27.0634,35.7944
95.0,195.0,11.7445,40.3964,98.6987,228.2819,0.0265,-0.0001,100.1288,204.8786,49.2719,-16.3571,0.0,0.0001,2.4235,-0.008,6.0607,35.5458,11.7192,27.0669,35.7993
96.0,197.0,11.7453,40.3985,90.497,230.1746,0.0241,-0.0001,100.1413,204.8787,49.2719,-16.3571,0.0,0.0001,2.4212,-0.0015,6.066,35.5463,11.7198,27.0671,35.7994
97.0,199.0,11.7214,40.373,98.6974,228.9885,0.0285,-0.0001,100.1561,204.8787,49.2719,-16.3571,0.0,0.0001,2.4135,-0.0022,6.0649,35.543,11.6957,27.0692,35.8025
98.0,201.0,11.7096,40.3606,98.7062,229.3269,0.0244,-0.0001,100.1497,204.8787,49.2719,-16.357,0.0,0.0001,2.4113,-0.0011,6.0712,35.5413,11.6837,27.0701,35.804
99.0,203.0,11.6877,40.3361,79.2388,228.7337,0.0243,-0.0001,100.1463,204.8788,49.2719,-16.357,0.0,0.0001,2.4057,-0.0014,6.0735,35.5373,11.6615,27.0712,35.8059
100.0,205.0,11.6696,40.3168,98.6695,228.5883,0.0259,-0.0001,100.1323,204.8788,49.2719,-16.357,0.0,0.0001,2.4019,-0.0009,6.0746,35.5348,11.6432,27.0727,35.8083
101.0,207.0,11.6599,40.307,98.6941,228.6119,0.0249,-0.0001,100.1288,204.8788,49.2719,-16.357,0.0,0.0001,2.4017,-0.0004,6.073,35.5333,11.6332,27.0734,35.8094
102.0,209.0,11.6622,40.3108,98.7,228.0843,0.0222,-0.0001,100.1202,204.8789,49.2719,-16.357,0.0,0.0001,2.3986,-0.0014,6.0746,35.534,11.6353,27.0736,35.8095
103.0,211.0,11.6632,40.3157,68.4053,226.4519,0.023,-0.0001,100.1288,204.8789,49.2719,-16.3569,0.0,0.0001,2.3882,-0.0031,6.0741,35.5369,11.636,27.0757,35.8115
104.0,213.0,11.6648,40.321,94.0606,227.4603,0.0238,-0.0001,100.1288,204.8789,49.2719,-16.357,0.0,0.0001,2.3887,0.0002,6.0739,35.5398,11.6373,27.0777,35.8134
105.0,215.0,11.6668,40.3233,98.68,227.63,0.0253,0.0,100.1113,204.879,49.2719,-16.3569,0.0,0.0001,2.3895,0.0003,6.0733,35.5393,11.6391,27.077,35.8126
106.0,217.0,11.6726,40.3328,89.9426,227.9979,0.0233,0.0,100.108,204.879,49.272,-16.3569,0.0,0.0001,2.3934,0.001,6.0661,35.5422,11.6446,27.0782,35.8136
107.0,219.0,11.717,40.3914,98.7053,231.4802,0.0258,0.0,100.1,204.8791,49.2719,-16.3569,0.0,0.0001,2.408,0.0065,6.0621,35.5565,11.6887,27.0809,35.8144
108.0,221.0,11.7617,40.4507,98.7062,231.7878,0.0211,0.0,100.0791,204.8791,49.2719,-16.3569,0.0,0.0001,2.4176,0.0032,6.062,35.571,11.733,27.0838,35.8153
109.0,223.0,11.7521,40.4392,98.7036,231.3614,0.0239,0.0,99.9887,204.8791,49.272,-16.3569,0.0,0.0001,2.4209,0.0009,6.0597,35.5683,11.7232,27.0837,35.8155
110.0,225.0,11.7665,40.461,74.5371,232.2688,0.0259,0.0,100.0711,204.8792,49.272,-16.3568,0.0,0.0001,2.4257,0.0017,6.0605,35.575,11.7374,27.0862,35.8174
111.0,227.0,11.7592,40.4535,97.6745,233.2962,0.0248,0.0,100.0735,204.8792,49.272,-16.3568,0.0,0.0001,2.4316,0.0025,6.0621,35.5736,11.7298,27.0865,35.8181
112.0,229.0,11.7363,40.4276,98.7036,234.1324,0.0239,0.0,100.048,204.8792,49.272,-16.3568,0.0,0.0001,2.4378,0.0013,6.0725,35.5692,11.7067,27.0874,35.82
113.0,231.0,11.6764,40.3553,56.3469,233.1188,0.0227,0.0,100.0258,204.8793,49.272,-16.3568,0.0,0.0001,2.4341,-0.0018,6.0803,35.5545,11.6466,27.0874,35.8225
114.0,233.0,11.6043,40.2682,98.6866,232.7788,0.0237,0.0,100.0422,204.8793,49.272,-16.3568,0.0,0.0001,2.4298,-0.0012,6.0767,35.5367,11.5743,27.0872,35.8255
115.0,235.0,11.6053,40.2704,95.079,232.3424,0.0258,0.0,100.0392,204.8793,49.272,-16.3568,0.0,0.0001,2.4247,-0.002,6.0867,35.5371,11.5751,27.0873,35.8256
116.0,237.0,11.5674,40.2271,98.71,231.9596,0.0266,0.0,100.0376,204.8794,49.272,-16.3567,0.0,0.0001,2.4197,-0.0009,6.0863,35.5298,11.5369,27.0888,35.8287
117.0,239.0,11.5715,40.2332,45.9722,232.0165,0.0246,0.0,100.0422,204.8794,49.272,-16.3567,0.0,0.0001,2.4194,-0.0003,6.0823,35.5311,11.5408,27.0891,35.8288
118.0,241.0,11.5908,40.2611,98.6943,233.0819,0.0225,0.0,100.0109,204.8794,49.272,-16.3567,0.0,0.0001,2.4223,0.0016,6.0848,35.5393,11.5598,27.092,35.8308
119.0,243.0,11.5971,40.2671,92.2985,233.1398,0.0225,0.0,100.0133,204.8795,49.272,-16.3567,0.0,0.0001,2.4237,0.0006,6.0864,35.5383,11.5659,27.09,35.8286
120.0,245.0,11.576,40.2432,95.4996,231.9833,0.0236,0.0,100.0304,204.8795,49.272,-16.3567,0.0,0.0001,2.42,-0.0024,6.0916,35.5339,11.5445,27.0906,35.8301
121.0,247.0,11.5378,40.1989,98.7006,230.0821,0.0266,0.0,100.0244,204.8795,49.272,-16.3567,0.0,0.0001,2.4102,-0.005,6.0905,35.5258,11.506,27.0915,35.8327
122.0,249.0,11.5286,40.1912,98.6972,230.6658,0.0284,0.0,100.0413,204.8795,49.272,-16.3567,0.0,0.0001,2.4078,-0.0014,6.0887,35.5263,11.4967,27.0937,35.8352
123.0,251.0,11.5557,40.2248,75.1006,231.3208,0.0222,0.0,100.0338,204.8796,49.272,-16.3566,0.0,0.0001,2.4088,0.0006,6.0814,35.5327,11.5235,27.0936,35.834
124.0,253.0,11.601,40.2844,98.71,232.7937,0.0184,0.0,100.0082,204.8796,49.272,-16.3566,0.0,0.0001,2.4164,0.0027,6.0767,35.5472,11.5684,27.0964,35.8348
125.0,255.0,11.6497,40.3477,10.2043,234.0532,0.021,0.0,100.0133,204.8796,49.272,-16.3566,0.0,0.0001,2.4225,0.0039,6.0768,35.5618,11.6168,27.0987,35.8349
126.0,257.0,11.6192,40.3132,81.9143,233.5801,0.0207,0.0,99.9678,204.8797,49.272,-16.3566,0.0,0.0001,2.4255,0.0008,6.0814,35.5562,11.5861,27.1001,35.8376
127.0,259.0,11.6161,40.3081,98.7006,233.2322,0.0227,0.0,99.9598,204.8797,49.272,-16.3566,0.0,0.0001,2.4239,-0.0004,6.0843,35.5534,11.5828,27.0986,35.8363
128.0,261.0,11.5771,40.2657,98.71,235.2,0.025,0.0,99.9556,204.8797,49.272,-16.3566,0.0,0.0001,2.429,0.0038,6.0841,35.548,11.5435,27.1018,35.8411
129.0,263.0,11.5758,40.2658,98.6975,234.8283,0.0268,0.0,99.9845,204.8797,49.272,-16.3566,0.0,0.0001,2.4322,0.0012,6.0852,35.5484,11.5419,27.1024,35.8418
130.0,265.0,11.5766,40.2678,98.6778,233.6684,0.0272,0.0,99.9834,204.8798,49.272,-16.3565,0.0,0.0001,2.4289,-0.0015,6.0851,35.5489,11.5425,27.1026,35.842
131.0,267.0,11.5753,40.2674,98.7062,233.6821,0.0235,0.0,99.9904,204.8798,49.272,-16.3565,0.0,0.0001,2.427,-0.001,6.086,35.5487,11.541,27.1028,35.8422
132.0,269.0,11.5725,40.2653,98.71,233.5116,0.0234,0.0,99.9869,204.8798,49.272,-16.3565,0.0,0.0001,2.4255,-0.0009,6.0851,35.5484,11.5378,27.1031,35.8427
133.0,271.0,11.5691,40.2626,82.3678,234.3851,0.0191,0.0,99.98,204.8798,49.272,-16.3565,0.0,0.0001,2.4268,0.0,6.0957,35.5481,11.5342,27.1036,35.8433
134.0,273.0,11.4954,40.1779,98.2714,234.833,0.0206,0.0,99.9727,204.8799,49.272,-16.3565,0.0,0.0001,2.4262,0.0007,6.1008,35.5342,11.4604,27.1066,35.8495
135.0,275.0,11.4626,40.1367,92.5645,236.3803,0.0219,0.0,99.9469,204.8799,49.2721,-16.3565,0.0,0.0001,2.4319,0.0035,6.0998,35.524,11.4274,27.1048,35.8492
136.0,277.0,11.4538,40.131,98.5968,236.6369,0.0231,0.0,99.9231,204.8799,49.2721,-16.3565,0.0,0.0001,2.437,0.002,6.1013,35.5258,11.4184,27.108,35.8526
137.0,279.0,11.4595,40.1363,98.7062,235.7031,0.022,0.0,99.9636,204.88,49.2721,-16.3564,0.0,0.0001,2.4357,-0.001,6.1043,35.525,11.4239,27.1063,35.8507
138.0,281.0,11.4419,40.1208,98.7014,235.882,0.0207,0.0,99.9597,204.88,49.2721,-16.3564,0.0,0.0001,2.435,-0.0002,6.1037,35.5258,11.406,27.1102,35.8554
139.0,283.0,11.4289,40.1072,98.6966,236.0732,0.0233,0.0,99.957,204.88,49.2721,-16.3564,0.0,0.0001,2.4354,0.0001,6.1044,35.5237,11.3927,27.1111,35.8568
140.0,285.0,11.4316,40.111,74.6074,234.8851,0.0244,0.0,99.9564,204.88,49.2721,-16.3564,0.0,0.0001,2.4303,-0.0023,6.1061,35.5241,11.3953,27.1109,35.8565
141.0,287.0,11.4212,40.1017,93.489,233.7072,0.0269,0.0,99.9556,204.8801,49.2721,-16.3564,0.0,0.0001,2.4227,-0.0032,6.1055,35.5239,11.3845,27.1128,35.8589
142.0,289.0,11.4242,40.107,98.7036,233.6445,0.0223,0.0,99.97,204.8801,49.2721,-16.3564,0.0,0.0001,2.4191,-0.0019,6.1044,35.5253,11.3873,27.1133,35.8592
143.0,291.0,11.4277,40.1118,98.6922,233.4935,0.0213,0.0,99.97,204.8801,49.2721,-16.3564,0.0,0.0001,2.4168,-0.0013,6.1016,35.526,11.3906,27.1133,35.8591
144.0,293.0,11.4516,40.1434,79.7506,232.4642,0.0224,0.0,99.9556,204.8801,49.2721,-16.3564,0.0,0.0001,2.4101,-0.0025,6.1023,35.5332,11.4141,27.1145,35.8593
145.0,295.0,11.4661,40.1618,98.6897,233.0039,0.024,0.0,99.96,204.8802,49.2721,-16.3563,0.0,0.0001,2.4104,0.0002,6.0913,35.5365,11.4283,27.1144,35.8586
146.0,297.0,11.4981,40.2028,98.68,233.714,0.0218,0.0,99.95,204.8802,49.2721,-16.3563,0.0,0.0001,2.413,0.0012,6.0907,35.5457,11.46,27.1157,35.8584
147.0,299.0,11.5336,40.2529,98.6875,235.1345,0.0239,0.0,99.9384,204.8802,49.2721,-16.3563,0.0,0.0001,2.4194,0.0032,6.0906,35.5602,11.4952,27.1204,35.8615
148.0,301.0,11.5307,40.2514,98.6937,235.3555,0.0228,0.0,99.9368,204.8803,49.2721,-16.3563,0.0,0.0001,2.4237,0.0021,6.0905,35.5608,11.492,27.1214,35.8626
149.0,303.0,11.5317,40.2536,78.3166,234.5569,0.0221,0.0,99.9344,204.8803,49.2721,-16.3563,0.0,0.0001,2.4227,-0.0003,6.0903,35.561,11.4927,27.1215,35.8626
150.0,305.0,11.5333,40.257,98.71,234.6587,0.0247,0.0,99.9331,204.8803,49.2721,-16.3563,0.0,0.0001,2.4226,-0.0002,6.0903,35.5619,11.4942,27.1219,35.863
151.0,307.0,11.5328,40.258,74.8799,235.2586,0.0261,0.0,99.9353,204.8803,49.2721,-16.3563,0.0,0.0001,2.4236,0.0007,6.0918,35.5626,11.4933,27.1226,35.8637
152.0,309.0,11.5258,40.2509,79.4579,234.7151,0.024,0.0,99.9411,204.8804,49.2721,-16.3563,0.0,0.0001,2.4228,-0.0007,6.093,35.5614,11.486,27.123,35.8644
153.0,311.0,11.5094,40.2343,98.7442,235.6127,0.0238,0.0,99.9255,204.8804,49.2721,-16.3562,0.0,0.0001,2.4249,0.0012,6.092,35.5597,11.4694,27.1248,35.867
154.0,313.0,11.5206,40.2495,98.6916,235.4607,0.0235,0.0,99.9248,204.8804,49.2721,-16.3562,0.0,0.0001,2.4268,0.0002,6.0907,35.563,11.4803,27.1253,35.8669
155.0,315.0,11.5259,40.2549,98.7032,235.4368,0.0198,0.0,99.9267,204.8805,49.2721,-16.3562,0.0,0.0001,2.4258,0.0,6.0894,35.5625,11.4854,27.1239,35.8654
156.0,317.0,11.543,40.2813,98.71,235.7839,0.0202,0.0,99.9267,204.8805,49.2721,-16.3562,0.0,0.0001,2.4274,0.0007,6.0893,35.5711,11.5022,27.1275,35.8682
157.0,319.0,11.5341,40.272,48.674,235.7024,0.0222,0.0,99.9326,204.8805,49.2721,-16.3562,0.0,0.0001,2.4274,0.0003,6.0897,35.5696,11.493,27.1281,35.8692
158.0,321.0,11.5336,40.2713,98.7017,235.4512,0.0218,0.0,99.913,204.8805,49.2721,-16.3562,0.0,0.0001,2.425,-0.0005,6.0937,35.5687,11.4923,27.1275,35.8686
159.0,323.0,11.507,40.2424,98.695,235.1219,0.0211,0.0,99.9325,204.8806,49.2722,-16.3562,0.0,0.0001,2.423,-0.001,6.095,35.565,11.4655,27.1296,35.8718
160.0,325.0,11.4968,40.2312,98.71,235.6976,0.0227,0.0,99.9277,204.8806,49.2722,-16.3562,0.0,0.0001,2.4246,0.0002,6.0943,35.5629,11.4551,27.1299,35.8726
161.0,327.0,11.4827,40.2164,83.5698,236.2243,0.0221,0.0,99.9316,204.8806,49.2722,-16.3561,0.0,0.0001,2.4263,0.0003,6.1001,35.5606,11.4407,27.1308,35.8741
162.0,329.0,11.4573,40.1885,98.394,235.7944,0.0235,0.0,99.9084,204.8806,49.2722,-16.3561,0.0,0.0001,2.4235,-0.001,6.1068,35.5566,11.4152,27.1325,35.8769
163.0,331.0,11.4278,40.1527,91.8824,235.6529,0.0208,0.0,99.9267,204.8807,49.2722,-16.3561,0.0,0.0001,2.4225,-0.0007,6.103,35.5487,11.3855,27.1319,35.8776
164.0,333.0,11.4079,40.1332,98.695,236.2012,0.0235,0.0,99.9384,204.8807,49.2722,-16.3561,0.0,0.0001,2.4237,0.0002,6.1057,35.5475,11.3653,27.1347,35.8812
165.0,335.0,11.4193,40.1459,61.2344,235.8332,0.0238,0.0,99.9216,204.8807,49.2722,-16.3561,0.0,0.0001,2.4219,-0.0009,6.1091,35.5485,11.3765,27.1334,35.8795
166.0,337.0,11.3959,40.121,98.6932,235.6771,0.0198,0.0,99.9259,204.8808,49.2722,-16.3561,0.0,0.0001,2.4199,-0.0007,6.1082,35.5453,11.3529,27.1353,35.8824
167.0,339.0,11.3922,40.1197,98.71,235.7118,0.0198,0.0,99.9267,204.8808,49.2722,-16.3561,0.0,0.0001,2.4182,-0.0002,6.1085,35.5466,11.349,27.1371,35.8843
168.0,341.0,11.3998,40.1298,98.7062,235.26,0.0195,0.0,99.9152,204.8808,49.2722,-16.3561,0.0,0.0001,2.4164,-0.001,6.1081,35.5484,11.3562,27.1371,35.8839
169.0,343.0,11.4001,40.133,98.7006,233.5434,0.0193,0.0,99.9136,204.8808,49.2722,-16.356,0.0,0.0001,2.4091,-0.0039,6.1092,35.5504,11.3563,27.1386,35.8855
170.0,345.0,11.3968,40.1296,74.0888,233.2417,0.0184,0.0,99.9122,204.8809,49.2722,-16.356,0.0,0.0001,2.4048,-0.0032,6.1102,35.5494,11.3528,27.1386,35.8855
171.0,347.0,11.3845,40.1171,98.7012,233.9517,0.0232,0.0,99.9133,204.8809,49.2722,-16.356,0.0,0.0001,2.4017,-0.0006,6.1117,35.5478,11.3403,27.1397,35.8872
172.0,349.0,11.3714,40.1038,98.7042,234.3958,0.022,0.0,99.9116,204.8809,49.2722,-16.356,0.0,0.0001,2.4029,0.0005,6.1106,35.5463,11.3269,27.1409,35.889
173.0,351.0,11.3741,40.1077,72.7811,234.5137,0.0227,0.0,99.9024,204.8809,49.2723,-16.356,0.0,0.0001,2.4036,0.0003,6.1125,35.5468,11.3293,27.1408,35.8888
174.0,353.0,11.3741,40.1079,85.0191,233.7878,0.0224,0.0,99.9014,204.881,49.2723,-16.356,0.0,0.0001,2.4008,-0.0015,6.1141,35.5463,11.3291,27.1405,35.8885
175.0,355.0,11.3577,40.091,98.71,234.8472,0.0218,0.0,99.9094,204.881,49.2723,-16.356,0.0,0.0001,2.4032,0.001,6.1135,35.5443,11.3124,27.1421,35.8908
176.0,357.0,11.3526,40.0862,98.705,235.5239,0.0234,0.0,99.9029,204.881,49.2723,-16.356,0.0,0.0001,2.407,0.0015,6.114,35.5432,11.307,27.1422,35.8911
177.0,359.0,11.3579,40.0931,98.695,235.2258,0.0224,0.0,99.92,204.8811,49.2723,-16.356,0.0,0.0001,2.407,0.0,6.1154,35.5444,11.3121,27.1422,35.8909
178.0,361.0,11.3456,40.0796,98.7073,236.7224,0.0239,0.0,99.9339,204.8811,49.2723,-16.3559,0.0,0.0001,2.411,0.0029,6.1153,35.5417,11.2995,27.1424,35.8917
179.0,363.0,11.3403,40.0759,98.71,236.5882,0.0233,0.0,99.9311,204.8811,49.2723,-16.3559,0.0,0.0001,2.4134,0.0013,6.1171,35.5423,11.294,27.1439,35.8934
180.0,365.0,11.3389,40.0742,98.71,236.4993,0.0207,0.0,99.9336,204.8811,49.2723,-16.3559,0.0,0.0001,2.4139,0.0003,6.118,35.5413,11.2924,27.1434,35.8929
181.0,367.0,11.3264,40.0625,75.3579,234.7324,0.0217,0.0,99.9247,204.8812,49.2723,-16.3559,0.0,0.0001,2.4076,-0.0029,6.1194,35.5406,11.2796,27.1453,35.8954
182.0,369.0,11.3194,40.0558,89.51,233.6772,0.0232,0.0,99.898,204.8812,49.2723,-16.3559,0.0,0.0001,2.3998,-0.0033,6.1204,35.5399,11.2724,27.1461,35.8964
183.0,371.0,11.3076,40.044,98.7016,233.7791,0.0242,0.0,99.9111,204.8812,49.2723,-16.3559,0.0,0.0001,2.3957,-0.0018,6.1216,35.5387,11.2604,27.1474,35.8982
184.0,373.0,11.3008,40.0367,98.5445,233.9819,0.0264,0.0,99.9094,204.8812,49.2723,-16.3559,0.0,0.0001,2.394,-0.0008,6.1217,35.5371,11.2534,27.1474,35.8986
185.0,375.0,11.2995,40.0375,98.71,234.0247,0.025,0.0,99.9267,204.8813,49.2723,-16.3559,0.0,0.0001,2.3932,-0.0005,6.1215,35.5384,11.2518,27.1487,35.8999
186.0,377.0,11.297,40.0359,98.7062,235.0564,0.0217,0.0,99.9226,204.8813,49.2723,-16.3559,0.0,0.0001,2.398,0.0014,6.1216,35.5381,11.249,27.149,35.9003
187.0,379.0,11.2968,40.0359,77.3602,234.7013,0.0227,0.0,99.9328,204.8813,49.2723,-16.3559,0.0,0.0001,2.3956,-0.0002,6.1243,35.5375,11.2486,27.1486,35.9
188.0,381.0,11.2834,40.023,98.68,234.7676,0.0223,0.0,99.9267,204.8814,49.2723,-16.3559,0.0,0.0001,2.3956,-0.0002,6.1242,35.5365,11.2349,27.1503,35.9023
189.0,383.0,11.2751,40.015,88.0365,234.6295,0.019,0.0,99.9171,204.8814,49.2723,-16.3559,0.0,0.0001,2.3956,-0.0005,6.124,35.5357,11.2264,27.1513,35.9036
190.0,385.0,11.271,40.0109,96.7393,234.83,0.0211,0.0,99.918,204.8814,49.2724,-16.3558,0.0,0.0001,2.3956,-0.0002,6.1257,35.5349,11.2221,27.1515,35.9039
191.0,387.0,11.2702,40.0103,98.6875,234.5819,0.0168,0.0,99.9176,204.8814,49.2724,-16.3558,0.0,0.0001,2.3932,-0.0005,6.1247,35.5342,11.2211,27.1511,35.9037
192.0,389.0,11.2703,40.0139,66.7544,234.368,0.0198,0.0,99.9043,204.8815,49.2724,-16.3558,0.0,0.0001,2.3924,-0.0005,6.1232,35.5367,11.2208,27.1531,35.9056
193.0,391.0,11.2866,40.0358,80.2251,231.514,0.0187,0.0,99.9122,204.8815,49.2724,-16.3558,0.0,0.0001,2.3807,-0.0051,6.1243,35.5418,11.2368,27.1541,35.9059
194.0,393.0,11.2803,40.0308,98.6989,228.4251,0.0192,0.0,99.9184,204.8815,49.2724,-16.3558,0.0,0.0001,2.3617,-0.0078,6.1247,35.542,11.2303,27.1555,35.9075
195.0,395.0,11.2711,40.022,98.6905,228.0981,0.0218,0.0,99.9057,204.8815,49.2724,-16.3558,0.0,0.0001,2.352,-0.0053,6.1279,35.5412,11.2209,27.1566,35.9091
196.0,397.0,11.2518,39.9985,98.6978,227.7588,0.0218,0.0,99.9068,204.8816,49.2724,-16.3558,0.0,0.0001,2.3438,-0.004,6.1308,35.5357,11.2014,27.1559,35.9092
197.0,399.0,11.2309,39.9759,98.7025,225.0466,0.0228,0.0,99.8945,204.8816,49.2724,-16.3558,0.0,0.0001,2.3275,-0.0063,6.1312,35.5323,11.1803,27.1572,35.9114
198.0,401.0,11.2223,39.9689,98.68,227.0093,0.0202,0.0,99.9115,204.8816,49.2724,-16.3558,0.0,0.0001,2.3277,-0.0002,6.1312,35.5327,11.1714,27.1591,35.9137
199.0,403.0,11.2214,39.9681,88.9345,227.2208,0.0216,0.0,99.9002,204.8816,49.2724,-16.3558,0.0,0.0001,2.327,-0.0002,6.1364,35.5321,11.1703,27.1589,35.9135
200.0,405.0,11.2039,39.9469,98.71,226.5927,0.0184,0.0,99.9039,204.8817,49.2724,-16.3558,0.0,0.0001,2.324,-0.0016,6.1394,35.5269,11.1525,27.158,35.9134
201.0,407.0,11.1505,39.8881,98.6936,226.9685,0.0204,0.0,99.9207,204.8817,49.2724,-16.3558,0.0,0.0001,2.3248,-0.0005,6.1381,35.5191,11.0991,27.1618,35.9195
202.0,409.0,11.1547,39.893,96.8968,227.4129,0.02,0.0,99.9215,204.8817,49.2724,-16.3558,0.0,0.0001,2.325,0.0001,6.1423,35.5188,11.103,27.1609,35.9184
203.0,411.0,11.1563,39.8952,72.9854,227.6306,0.0254,0.0,99.9142,204.8818,49.2724,-16.3558,0.0,0.0001,2.325,0.0002,6.1467,35.5186,11.1044,27.1605,35.918
204.0,413.0,11.1227,39.8572,94.5137,226.6402,0.023,0.0,99.9168,204.8818,49.2724,-16.3558,0.0,0.0001,2.3213,-0.0017,6.1469,35.5124,11.0706,27.1618,35.9208
205.0,415.0,11.1097,39.8436,98.7016,225.6447,0.02,0.0,99.9202,204.8818,49.2724,-16.3558,0.0,0.0001,2.3163,-0.0028,6.1468,35.5103,11.0574,27.1626,35.9221
206.0,417.0,11.1096,39.8444,98.6963,225.3767,0.0234,0.0,99.9214,204.8818,49.2725,-16.3558,0.0,0.0001,2.3114,-0.002,6.1465,35.5104,11.057,27.1628,35.9223
207.0,419.0,11.1093,39.8481,79.0882,225.3624,0.0219,0.0,99.9071,204.8819,49.2725,-16.3557,0.0,0.0001,2.3089,-0.0008,6.1404,35.5136,11.0565,27.1653,35.9248
208.0,421.0,11.1513,39.903,98.7028,227.3689,0.0185,0.0,99.9057,204.8819,49.2725,-16.3558,0.0,0.0001,2.3141,0.0031,6.141,35.5268,11.0981,27.168,35.9256
209.0,423.0,11.1585,39.9127,98.6957,227.008,0.018,0.0,99.8806,204.8819,49.2725,-16.3557,0.0,0.0001,2.3164,0.001,6.142,35.5288,11.105,27.1683,35.9256
210.0,425.0,11.1492,39.9029,98.689,226.4983,0.0215,0.0,99.9156,204.8819,49.2725,-16.3557,0.0,0.0001,2.3155,-0.0004,6.1417,35.5271,11.0955,27.1687,35.9264
211.0,427.0,11.1483,39.9035,98.7045,227.5191,0.0241,0.0,99.9166,204.882,49.2725,-16.3557,0.0,0.0001,2.3178,0.0015,6.1419,35.5276,11.0943,27.1693,35.9271
212.0,429.0,11.1532,39.9112,77.1955,229.0102,0.0241,0.0,99.9153,204.882,49.2725,-16.3557,0.0,0.0001,2.3247,0.0034,6.1418,35.5297,11.099,27.1701,35.9276
213.0,431.0,11.1458,39.9033,98.5501,228.5594,0.0248,0.0,99.9111,204.882,49.2725,-16.3557,0.0,0.0001,2.3271,0.0007,6.1435,35.5281,11.0914,27.1702,35.9281
214.0,433.0,11.1418,39.8998,98.6965,228.0468,0.0282,0.0,99.9038,204.882,49.2725,-16.3557,0.0,0.0001,2.326,-0.0006,6.1441,35.5275,11.0872,27.1706,35.9286
215.0,435.0,11.1052,39.8586,98.71,228.1859,0.0355,0.0,99.9033,204.8821,49.2725,-16.3557,0.0,0.0001,2.325,-0.0004,6.1488,35.5207,11.0504,27.172,35.9316
216.0,437.0,11.1083,39.8604,69.1225,226.5313,0.0241,0.0,99.9078,204.8821,49.2725,-16.3557,0.0,0.0001,2.3174,-0.0033,6.1536,35.519,11.0532,27.1701,35.9297
217.0,439.0,11.0659,39.8129,90.1004,225.5052,0.0247,0.0,99.9118,204.8821,49.2725,-16.3557,0.0,0.0001,2.3089,-0.0033,6.1536,35.5114,11.0107,27.172,35.9334
218.0,441.0,11.0648,39.8131,94.1829,225.7399,0.0222,0.0,99.9171,204.8822,49.2725,-16.3557,0.0,0.0001,2.3065,-0.0015,6.154,35.5116,11.0092,27.1724,35.9339
219.0,443.0,11.06,39.8078,98.5747,225.2108,0.0218,0.0,99.913,204.8822,49.2725,-16.3557,0.0,0.0001,2.3009,-0.0021,6.1591,35.5101,11.0043,27.1722,35.9339
220.0,445.0,11.0362,39.78,98.69,222.6205,0.0177,0.0,99.9201,204.8822,49.2725,-16.3557,0.0,0.0001,2.289,-0.0056,6.1611,35.5046,10.9804,27.1723,35.935
221.0,447.0,11.0098,39.7528,98.6875,221.6524,0.019,0.0,99.9038,204.8822,49.2725,-16.3557,0.0,0.0001,2.2789,-0.0049,6.1607,35.502,10.9537,27.1751,35.9389
222.0,449.0,11.0122,39.7586,98.6964,224.321,0.0216,0.0,99.9128,204.8823,49.2726,-16.3557,0.0,0.0001,2.2824,0.0017,6.1612,35.5044,10.9558,27.1766,35.9403
223.0,451.0,11.0119,39.7594,66.143,225.9615,0.0219,0.0,99.9195,204.8823,49.2726,-16.3557,0.0,0.0001,2.2899,0.0033,6.1624,35.5048,10.9553,27.177,35.9407
224.0,453.0,11.0032,39.7508,90.1571,226.7393,0.0201,0.0,99.9027,204.8823,49.2726,-16.3557,0.0,0.0001,2.2966,0.0031,6.162,35.5038,10.9464,27.1778,35.9419
225.0,455.0,11.0022,39.7519,98.6883,225.0879,0.0159,0.0,99.9159,204.8823,49.2726,-16.3557,0.0,0.0001,2.294,-0.0012,6.1627,35.5049,10.9451,27.1789,35.943
226.0,457.0,10.9987,39.7495,98.304,224.593,0.0193,0.0,99.9097,204.8824,49.2726,-16.3557,0.0,0.0001,2.2899,-0.0014,6.1658,35.505,10.9413,27.1797,35.944
227.0,459.0,10.9792,39.7272,98.6847,226.1269,0.0202,0.0,99.9051,204.8824,49.2726,-16.3557,0.0,0.0001,2.2927,0.0015,6.1687,35.5006,10.9217,27.1798,35.945
228.0,461.0,10.9562,39.7028,98.6887,226.5588,0.022,0.0,99.9233,204.8824,49.2726,-16.3557,0.0,0.0001,2.2964,0.0012,6.1681,35.4974,10.8985,27.1816,35.9477
229.0,463.0,10.9595,39.7084,98.688,223.1709,0.0208,0.0,99.9129,204.8824,49.2726,-16.3557,0.0,0.0001,2.2872,-0.0053,6.1671,35.499,10.9016,27.1822,35.9483
230.0,465.0,10.9576,39.708,70.6647,223.2957,0.0229,0.0,99.9196,204.8825,49.2726,-16.3557,0.0,0.0001,2.2798,-0.0027,6.169,35.4995,10.8994,27.183,35.9491
231.0,467.0,10.961,39.7121,95.8946,220.7362,0.0198,0.0,99.9103,204.8825,49.2726,-16.3557,0.0,0.0001,2.2686,-0.0061,6.1705,35.4996,10.9025,27.1825,35.9485
232.0,469.0,10.94,39.6915,98.6929,220.2303,0.0198,0.0,99.9223,204.8825,49.2726,-16.3557,0.0,0.0001,2.2608,-0.0051,6.1703,35.4983,10.8814,27.1854,35.9522
233.0,471.0,10.9416,39.6963,88.6756,221.5339,0.0215,0.0,99.8942,204.8826,49.2726,-16.3557,0.0,0.0001,2.2591,-0.0008,6.1716,35.5004,10.8827,27.1867,35.9535
234.0,473.0,10.9418,39.6956,98.2511,220.0512,0.023,0.0,99.8978,204.8826,49.2727,-16.3557,0.0,0.0001,2.2527,-0.0035,6.1733,35.4988,10.8826,27.1855,35.9523
235.0,475.0,10.9203,39.6742,98.68,219.0448,0.0235,0.0,99.8978,204.8826,49.2727,-16.3557,0.0,0.0001,2.2479,-0.0047,6.1735,35.4974,10.8609,27.1883,35.956
236.0,477.0,10.9043,39.6577,92.3915,220.1237,0.0245,0.0,99.8652,204.8826,49.2727,-16.3557,0.0,0.0001,2.2458,-0.001,6.1754,35.4952,10.8447,27.1896,35.958
237.0,479.0,10.9104,39.665,98.6887,218.9599,0.0255,0.0,99.8936,204.8827,49.2727,-16.3557,0.0,0.0001,2.2404,-0.0031,6.1794,35.496,10.8506,27.1891,35.9573
238.0,481.0,10.8671,39.6175,98.695,219.3014,0.0238,0.0,99.8978,204.8827,49.2727,-16.3557,0.0,0.0001,2.239,-0.0016,6.1796,35.4894,10.8072,27.1918,35.9618
239.0,483.0,10.8705,39.6219,98.691,219.8907,0.0234,0.0,99.8913,204.8827,49.2727,-16.3557,0.0,0.0001,2.2393,-0.0002,6.1845,35.4895,10.8103,27.1913,35.9612
240.0,485.0,10.8524,39.6025,75.9417,220.5196,0.02,0.0,99.897,204.8828,49.2727,-16.3557,0.0,0.0001,2.24,0.0007,6.189,35.4867,10.792,27.1925,35.9632
241.0,487.0,10.8088,39.5525,98.68,222.9121,0.0208,0.0,99.915,204.8828,49.2727,-16.3557,0.0,0.0001,2.2485,0.0044,6.1854,35.4778,10.7483,27.1934,35.966
242.0,489.0,10.8247,39.5755,98.68,228.311,0.0224,0.0,99.9267,204.8828,49.2727,-16.3557,0.0,0.0001,2.2712,0.0116,6.1857,35.4845,10.7639,27.1958,35.9677
243.0,491.0,10.8303,39.5817,79.4613,227.0013,0.0249,0.0,99.8744,204.8828,49.2727,-16.3557,0.0,0.0001,2.282,0.0038,6.1884,35.4845,10.7692,27.1949,35.9665
244.0,493.0,10.8222,39.5754,98.6771,230.0981,0.022,0.0,99.9267,204.8829,49.2727,-16.3557,0.0,0.0001,2.2968,0.0067,6.189,35.485,10.7609,27.1968,35.9688
245.0,495.0,10.7968,39.547,98.6918,231.1582,0.0239,0.0,99.9267,204.8829,49.2728,-16.3557,0.0,0.0001,2.3063,0.0065,6.189,35.4802,10.7353,27.1976,35.9707
246.0,497.0,10.7929,39.5429,98.6898,230.4484,0.0233,0.0,99.9026,204.8829,49.2728,-16.3557,0.0,0.0001,2.313,0.0017,6.188,35.4791,10.7312,27.1975,35.9708
247.0,499.0,10.8094,39.5681,98.695,231.9822,0.0191,0.0,99.8978,204.8829,49.2728,-16.3557,0.0,0.0001,2.3194,0.0038,6.187,35.4874,10.7473,27.201,35.9735
248.0,501.0,10.8417,39.6086,98.6912,231.8939,0.0171,0.0,99.9086,204.883,49.2728,-16.3557,0.0,0.0001,2.3219,0.0025,6.1869,35.4958,10.7793,27.2018,35.9729
249.0,503.0,10.8358,39.6016,98.6934,231.3685,0.0193,0.0,99.8988,204.883,49.2728,-16.3557,0.0,0.0001,2.3234,0.0005,6.1833,35.4939,10.7732,27.2014,35.9728
250.0,505.0,10.8448,39.6157,98.6913,231.5197,0.0164,0.0,99.9213,204.883,49.2728,-16.3557,0.0,0.0001,2.3249,0.0001,6.1834,35.4982,10.7819,27.2032,35.9742
251.0,507.0,10.8448,39.6167,51.7989,231.9815,0.0151,0.0,99.9267,204.883,49.2728,-16.3557,0.0,0.0001,2.3261,0.0009,6.1837,35.4984,10.7816,27.2035,35.9744
252.0,509.0,10.8446,39.6179,94.1352,232.3933,0.0167,0.0,99.9172,204.8831,49.2728,-16.3557,0.0,0.0001,2.3285,0.0012,6.1835,35.4989,10.7811,27.2039,35.9749
253.0,511.0,10.8436,39.6166,98.6994,231.8795,0.022,0.0,99.9267,204.8831,49.2728,-16.3557,0.0,0.0001,2.3279,-0.0004,6.1842,35.4979,10.78,27.2034,35.9744
254.0,513.0,10.8408,39.6154,98.6611,232.0577,0.0187,0.0,99.9267,204.8831,49.2728,-16.3557,0.0,0.0001,2.3274,0.0,6.1843,35.4984,10.7769,27.2043,35.9754
255.0,515.0,10.8329,39.6077,98.6911,232.7702,0.019,0.0,99.9108,204.8832,49.2728,-16.3557,0.0,0.0001,2.3297,0.0011,6.186,35.4971,10.7686,27.2048,35.9763
256.0,517.0,10.8336,39.609,98.6961,231.8012,0.0193,0.0,99.9267,204.8832,49.2728,-16.3557,0.0,0.0001,2.325,-0.0014,6.1926,35.4972,10.7691,27.2047,35.9762
257.0,519.0,10.7937,39.5639,93.6563,222.4373,0.0231,0.0,99.9267,204.8832,49.2728,-16.3557,0.0,0.0001,2.2918,-0.0163,6.1984,35.4896,10.7292,27.206,35.9793
258.0,521.0,10.741,39.5046,85.9483,207.7843,0.0223,0.0,99.912,204.8832,49.2729,-16.3557,0.0,0.0001,2.2265,-0.0341,6.1938,35.4802,10.6765,27.2082,35.9837
259.0,523.0,10.7479,39.515,93.5604,213.9634,0.0208,0.0,99.9017,204.8833,49.2729,-16.3557,0.0,0.0001,2.2001,-0.0072,6.1932,35.483,10.683,27.2092,35.9844
260.0,525.0,10.7663,39.5381,98.6912,214.4875,0.0255,0.0,99.9016,204.8833,49.2729,-16.3557,0.0,0.0001,2.1959,-0.004,6.1904,35.4877,10.7012,27.2096,35.984
261.0,527.0,10.7914,39.5743,98.377,216.2901,0.0232,0.0,99.9028,204.8833,49.2729,-16.3557,0.0,0.0001,2.1971,0.0006,6.1909,35.4987,10.7259,27.2137,35.9869
262.0,529.0,10.7956,39.5801,98.6819,216.538,0.0212,0.0,99.8901,204.8834,49.2729,-16.3557,0.0,0.0001,2.1991,0.0005,6.19,35.4994,10.7297,27.2136,35.9867
263.0,531.0,10.7952,39.5831,98.68,216.3095,0.0182,0.0,99.8978,204.8834,49.2729,-16.3557,0.0,0.0001,2.1987,-0.0003,6.1901,35.5022,10.7292,27.2159,35.9889
264.0,533.0,10.7951,39.5819,75.524,216.1774,0.0201,0.0,99.9039,204.8834,49.2729,-16.3557,0.0,0.0001,2.1974,-0.0004,6.1902,35.5001,10.7287,27.2143,35.9874
265.0,535.0,10.7921,39.5789,93.3877,215.9945,0.0212,0.0,99.9046,204.8834,49.2729,-16.3557,0.0,0.0001,2.1961,-0.0007,6.1916,35.499,10.7255,27.214,35.9873
266.0,537.0,10.7854,39.574,98.6836,216.5536,0.0221,0.0,99.8978,204.8835,49.2729,-16.3557,0.0,0.0001,2.1967,0.0004,6.1936,35.4998,10.7186,27.2159,35.9894
267.0,539.0,10.7761,39.5644,97.9517,216.445,0.0217,0.0,99.9038,204.8835,49.2729,-16.3557,0.0,0.0001,2.1966,-0.0002,6.1944,35.4981,10.709,27.2163,35.9902
268.0,541.0,10.7546,39.5408,98.6929,216.4284,0.0208,0.0,99.8537,204.8835,49.2729,-16.3557,0.0,0.0001,2.1966,-0.0001,6.1938,35.4944,10.6875,27.2173,35.9922
269.0,543.0,10.7587,39.5474,98.68,215.9956,0.0188,0.0,99.905,204.8835,49.2729,-16.3557,0.0,0.0001,2.1946,-0.0008,6.1945,35.4962,10.6912,27.218,35.9927
270.0,545.0,10.7587,39.5478,87.6323,215.7776,0.0425,0.0,99.8994,204.8836,49.2729,-16.3557,0.0,0.0001,2.1916,-0.0011,6.1994,35.4957,10.6911,27.2177,35.9924
271.0,547.0,10.7308,39.5178,98.68,215.4697,0.0314,0.0,99.8978,204.8836,49.2729,-16.3557,0.0,0.0001,2.1888,-0.001,6.2002,35.4916,10.6629,27.2195,35.9954
272.0,549.0,10.7219,39.5085,75.7762,215.6706,0.0216,0.0,99.905,204.8836,49.2729,-16.3557,0.0,0.0001,2.188,-0.0004,6.1997,35.4902,10.6539,27.22,35.9963
273.0,551.0,10.707,39.4934,96.7909,215.5077,0.0226,0.0,99.9003,204.8837,49.2729,-16.3557,0.0,0.0001,2.1866,-0.0008,6.2037,35.4884,10.6387,27.2213,35.9983
274.0,553.0,10.6968,39.4829,98.6834,214.5979,0.021,0.0,99.9069,204.8837,49.2729,-16.3557,0.0,0.0001,2.181,-0.0019,6.2075,35.4868,10.6282,27.2219,35.9993
275.0,555.0,10.6663,39.4528,46.912,215.7274,0.0187,0.0,99.9041,204.8837,49.273,-16.3557,0.0,0.0001,2.1825,0.0007,6.2072,35.485,10.5977,27.226,36.0047
276.0,557.0,10.6678,39.4545,91.3088,215.698,0.0178,0.0,99.905,204.8837,49.273,-16.3556,0.0,0.0001,2.1828,0.0003,6.2085,35.4845,10.5989,27.2254,36.0041
277.0,559.0,10.6646,39.451,97.866,215.1809,0.0186,0.0,99.901,204.8838,49.273,-16.3556,0.0,0.0001,2.1807,-0.0008,6.211,35.4833,10.5955,27.2251,36.0039
278.0,561.0,10.6434,39.4308,98.68,214.4721,0.0163,0.0,99.8978,204.8838,49.273,-16.3556,0.0,0.0001,2.1778,-0.0019,6.2115,35.4825,10.5741,27.2282,36.008
279.0,563.0,10.6358,39.4242,98.6831,214.7428,0.018,0.0,99.9129,204.8838,49.273,-16.3556,0.0,0.0001,2.1758,-0.0008,6.2131,35.4823,10.5662,27.2295,36.0096
280.0,565.0,10.6357,39.4242,98.6837,213.9175,0.0243,0.0,99.8978,204.8839,49.273,-16.3556,0.0,0.0001,2.1711,-0.002,6.2163,35.4816,10.5659,27.229,36.0091
281.0,567.0,10.617,39.4046,67.085,214.0169,0.0202,0.0,99.8978,204.8839,49.273,-16.3556,0.0,0.0001,2.1697,-0.0015,6.2177,35.4791,10.5471,27.2304,36.0113
282.0,569.0,10.6027,39.3904,98.6807,214.689,0.0222,0.0,99.9009,204.8839,49.273,-16.3556,0.0,0.0001,2.1702,0.0002,6.2197,35.478,10.5326,27.2321,36.0136
283.0,571.0,10.5829,39.3689,87.2332,213.427,0.021,0.0,99.9011,204.8839,49.273,-16.3556,0.0,0.0001,2.1649,-0.0019,6.2231,35.4745,10.5126,27.2329,36.0153
284.0,573.0,10.5572,39.3406,98.7117,212.526,0.018,0.0,99.9018,204.884,49.273,-16.3556,0.0,0.0001,2.158,-0.0024,6.2265,35.47,10.4868,27.234,36.0175
285.0,575.0,10.5467,39.3295,90.5961,212.1512,0.0192,0.0,99.8978,204.884,49.273,-16.3556,0.0,0.0001,2.153,-0.0023,6.2308,35.4682,10.4761,27.2345,36.0185
286.0,577.0,10.5166,39.2953,98.68,211.1156,0.0176,0.0,99.8978,204.884,49.273,-16.3556,0.0,0.0001,2.1474,-0.003,6.2286,35.4618,10.4458,27.2349,36.0202
287.0,579.0,10.4957,39.2736,98.68,211.3935,0.019,0.0,99.9008,204.884,49.273,-16.3556,0.0,0.0001,2.1441,-0.0013,6.2332,35.4592,10.4247,27.2366,36.0228
288.0,581.0,10.511,39.2907,98.68,209.7167,0.0225,0.0,99.8998,204.8841,49.273,-16.3556,0.0,0.0001,2.1355,-0.0035,6.2364,35.461,10.4397,27.2354,36.021
289.0,583.0,10.4629,39.239,98.68,208.3705,0.0209,0.0,99.8948,204.8841,49.273,-16.3556,0.0,0.0001,2.1249,-0.0039,6.2386,35.4542,10.3916,27.2386,36.0263
290.0,585.0,10.4646,39.2418,98.68,208.5307,0.0206,0.0,99.8978,204.8841,49.273,-16.3556,0.0,0.0001,2.1221,-0.0024,6.2382,35.4545,10.393,27.2385,36.0261
291.0,587.0,10.431,39.2044,91.3117,209.5554,0.0206,0.0,99.892,204.8841,49.273,-16.3556,0.0,0.0001,2.122,-0.0004,6.247,35.4484,10.3593,27.2397,36.0289
292.0,589.0,10.4444,39.2214,98.663,209.1639,0.0235,0.0,99.8978,204.8842,49.273,-16.3556,0.0,0.0001,2.1194,-0.0013,6.2532,35.4519,10.3724,27.2401,36.0287
293.0,591.0,10.3382,39.0968,98.68,210.3438,0.0245,0.0,99.8909,204.8842,49.273,-16.3556,0.0,0.0001,2.1219,0.0014,6.2495,35.4282,10.2665,27.2402,36.0335
294.0,593.0,10.3361,39.0996,94.837,210.1443,0.0217,0.0,99.8944,204.8842,49.273,-16.3556,0.0,0.0001,2.1221,0.0005,6.2511,35.4319,10.2641,27.2436,36.0369
295.0,595.0,10.3576,39.1259,98.5121,207.5623,0.0206,0.0,99.901,204.8843,49.273,-16.3555,0.0,0.0001,2.1132,-0.0036,6.2504,35.4368,10.2853,27.2437,36.036
296.0,597.0,10.3648,39.1384,98.68,206.4573,0.0198,0.0,99.8958,204.8843,49.273,-16.3555,0.0,0.0001,2.1023,-0.0033,6.2538,35.4416,10.2922,27.2462,36.0382
297.0,599.0,10.3667,39.1435,98.68,206.5494,0.0226,0.0,99.8978,204.8843,49.273,-16.3555,0.0,0.0001,2.0985,-0.0021,6.2612,35.4441,10.2938,27.2478,36.0398
298.0,601.0,10.3153,39.0771,98.68,206.63,0.0243,0.0,99.9019,204.8843,49.273,-16.3555,0.0,0.0001,2.0952,-0.0015,6.2611,35.4259,10.2424,27.2427,36.037
299.0,603.0,10.2916,39.0568,86.4483,207.2104,0.021,0.0,99.901,204.8844,49.2731,-16.3555,0.0,0.0001,2.0968,0.0004,6.2552,35.4274,10.2186,27.2479,36.0432
300.0,605.0,10.3143,39.0853,94.3038,205.6482,0.0209,0.0,99.9021,204.8844,49.2731,-16.3555,0.0,0.0001,2.0909,-0.0028,6.2646,35.4336,10.2409,27.2489,36.0432
301.0,607.0,10.2889,39.0597,98.68,204.7564,0.0163,0.0,99.8978,204.8844,49.2731,-16.3555,0.0,0.0001,2.0855,-0.003,6.2624,35.4314,10.2155,27.2516,36.047
302.0,609.0,10.25,39.0134,98.4752,206.4255,0.0229,0.0,99.9069,204.8844,49.2731,-16.3555,0.0,0.0001,2.0864,0.0006,6.2662,35.4213,10.1764,27.2506,36.0477
303.0,611.0,10.2377,39.001,98.663,206.1596,0.0211,0.0001,99.7564,204.8845,49.2731,-16.3555,0.0,0.0001,2.0856,-0.0005,6.2702,35.4199,10.164,27.2516,36.0493
304.0,613.0,10.2448,39.0126,98.68,205.0246,0.0203,0.0,99.908,204.8845,49.2731,-16.3555,0.0,0.0001,2.0816,-0.0022,6.2713,35.4237,10.1708,27.2534,36.0507
305.0,615.0,10.1903,38.9501,84.2273,205.0802,0.0212,0.0,99.8822,204.8845,49.2731,-16.3555,0.0,0.0001,2.0784,-0.0018,6.2803,35.4123,10.1162,27.254,36.0538
306.0,617.0,10.178,38.9383,98.6864,204.2398,0.0178,0.0,99.9021,204.8845,49.2731,-16.3555,0.0,0.0001,2.0728,-0.0024,6.282,35.4115,10.1038,27.2555,36.0559
307.0,619.0,10.109,38.8604,96.0651,204.6819,0.0176,0.0,99.9017,204.8846,49.2731,-16.3554,0.0,0.0001,2.0696,-0.0011,6.2929,35.3984,10.0348,27.2572,36.0606
308.0,621.0,10.0756,38.8185,98.68,204.2628,0.0186,0.0,99.8978,204.8846,49.2731,-16.3554,0.0,0.0001,2.0659,-0.0012,6.2947,35.3872,10.0012,27.2543,36.0593
309.0,623.0,10.0636,38.8104,75.2029,204.3591,0.0215,0.0,99.8978,204.8846,49.2731,-16.3554,0.0,0.0001,2.0648,-0.0007,6.2955,35.3899,9.9891,27.2585,36.0639
310.0,625.0,10.0528,38.7981,98.6522,204.7517,0.0234,0.0,99.8928,204.8847,49.2731,-16.3554,0.0,0.0001,2.0654,0.0002,6.2936,35.3869,9.9781,27.258,36.064
311.0,627.0,10.0497,38.7959,98.68,204.765,0.0237,0.0,99.8928,204.8847,49.2731,-16.3554,0.0,0.0001,2.0646,-0.0005,6.3032,35.3869,9.9748,27.2586,36.0647
312.0,629.0,10.019,38.7612,98.68,203.5873,0.0224,0.0,99.8978,204.8847,49.2731,-16.3554,0.0,0.0001,2.0597,-0.0023,6.3063,35.3806,9.944,27.2589,36.0664
313.0,631.0,9.9825,38.7202,98.68,203.3066,0.0229,0.0,99.9038,204.8847,49.2731,-16.3554,0.0,0.0001,2.0574,-0.002,6.3037,35.3734,9.9075,27.2596,36.0687
314.0,633.0,9.9725,38.7106,89.8203,203.8684,0.0189,0.0,99.9073,204.8848,49.2731,-16.3554,0.0,0.0001,2.0562,-0.0006,6.3087,35.3724,9.8972,27.2606,36.0702
315.0,635.0,9.9652,38.7029,96.3077,203.0213,0.0209,0.0,99.9049,204.8848,49.2731,-16.3554,0.0,0.0001,2.0527,-0.0015,6.3042,35.3708,9.8897,27.2606,36.0705
316.0,637.0,9.9664,38.7074,98.68,202.5348,0.021,0.0,99.9088,204.8848,49.2731,-16.3554,0.0,0.0001,2.0494,-0.0015,6.301,35.3733,9.8906,27.2624,36.0722
317.0,639.0,10.0266,38.7841,98.68,202.4676,0.0183,0.0,99.9051,204.8849,49.2731,-16.3554,0.0,0.0001,2.0464,-0.001,6.3024,35.3918,9.9503,27.2666,36.0737
318.0,641.0,10.0087,38.7657,83.6195,202.2115,0.0195,0.0,99.8986,204.8849,49.2732,-16.3554,0.0,0.0001,2.0436,-0.0013,6.3088,35.3896,9.9322,27.268,36.0759
319.0,643.0,9.9739,38.7285,98.6826,201.4774,0.02,0.0,99.909,204.8849,49.2732,-16.3554,0.0,0.0001,2.0397,-0.002,6.3072,35.3848,9.8974,27.2702,36.0796
320.0,645.0,9.9487,38.7,92.8664,201.4571,0.0177,0.0,99.8978,204.8849,49.2732,-16.3553,0.0,0.0001,2.0379,-0.0014,6.3087,35.3794,9.872,27.2703,36.0809
321.0,647.0,9.9468,38.7,98.68,201.9935,0.021,0.0,99.8906,204.885,49.2732,-16.3553,0.0,0.0001,2.0371,-0.0004,6.3152,35.3804,9.87,27.2714,36.0821
322.0,649.0,9.9313,38.6827,98.68,200.4869,0.0246,0.0,99.9054,204.885,49.2732,-16.3553,0.0,0.0001,2.0321,-0.0028,6.3155,35.377,9.8543,27.2715,36.0828
323.0,651.0,9.8894,38.6365,98.68,200.7468,0.0207,0.0,99.9007,204.885,49.2732,-16.3553,0.0,0.0001,2.0305,-0.0018,6.3187,35.3697,9.8123,27.2729,36.0862
324.0,653.0,9.8902,38.6381,98.68,201.1675,0.023,0.0,99.9031,204.885,49.2732,-16.3553,0.0,0.0001,2.0289,-0.0006,6.3227,35.3698,9.8129,27.2729,36.0861
325.0,655.0,9.8491,38.596,98.68,201.9374,0.0243,0.0,99.9149,204.8851,49.2732,-16.3553,0.0,0.0001,2.0299,0.0006,6.3268,35.3657,9.7717,27.2767,36.0917
326.0,657.0,9.8259,38.5716,84.7928,200.09,0.0214,0.0,99.911,204.8851,49.2732,-16.3553,0.0,0.0001,2.0233,-0.003,6.3374,35.3624,9.7483,27.2781,36.0942
327.0,659.0,9.7741,38.5176,98.68,198.9391,0.0207,0.0,99.9017,204.8851,49.2732,-16.3553,0.0,0.0001,2.0159,-0.0038,6.3394,35.3569,9.6965,27.2825,36.1009
328.0,661.0,9.7469,38.4912,96.6873,199.5974,0.0226,0.0,99.9072,204.8852,49.2732,-16.3553,0.0,0.0001,2.0148,-0.0013,6.3383,35.3553,9.6692,27.2859,36.1054
329.0,663.0,9.7519,38.4985,98.68,200.1124,0.0241,0.0,99.9039,204.8852,49.2732,-16.3552,0.0,0.0001,2.0151,0.0004,6.3295,35.3569,9.6739,27.2864,36.1057
330.0,665.0,9.801,38.5598,87.4446,202.7347,0.021,0.0,99.8854,204.8852,49.2732,-16.3552,0.0,0.0001,2.0222,0.0038,6.3404,35.3711,9.7226,27.2892,36.1063
331.0,667.0,9.7871,38.5476,98.687,202.202,0.0198,0.0,99.8988,204.8852,49.2732,-16.3552,0.0,0.0001,2.0219,0.0003,6.3645,35.3712,9.7085,27.2917,36.1093
332.0,669.0,9.6381,38.381,98.68,197.0362,0.024,0.0,99.9039,204.8853,49.2733,-16.3552,0.0,0.0001,2.008,-0.0075,6.3544,35.345,9.5601,27.2962,36.1205
333.0,671.0,9.5677,38.3029,98.68,197.2931,0.0219,0.0,99.903,204.8853,49.2733,-16.3552,0.0,0.0001,1.9979,-0.0036,6.3585,35.3324,9.4897,27.2982,36.1257
334.0,673.0,9.632,38.3763,98.5509,197.5385,0.0194,0.0,99.9107,204.8853,49.2733,-16.3552,0.0,0.0001,1.9932,-0.0018,6.3615,35.3443,9.5534,27.2967,36.1214
335.0,675.0,9.5778,38.3275,69.1414,196.7327,0.0213,0.0,99.8996,204.8854,49.2733,-16.3552,0.0,0.0001,1.9881,-0.0024,6.3602,35.3462,9.4992,27.3073,36.1343
336.0,677.0,9.6261,38.3924,98.6595,197.1979,0.026,0.0,99.9013,204.8854,49.2733,-16.3552,0.0,0.0001,1.988,-0.0005,6.352,35.3648,9.5471,27.3139,36.1385
337.0,679.0,9.6504,38.4211,98.68,197.9322,0.022,0.0001,99.8827,204.8854,49.2733,-16.3552,0.0,0.0001,1.99,0.0009,6.3461,35.3696,9.571,27.3136,36.1372
338.0,681.0,9.6912,38.4748,98.68,197.7557,0.019,0.0001,99.881,204.8854,49.2733,-16.3552,0.0,0.0001,1.9912,0.0001,6.3429,35.3838,9.6113,27.3179,36.1395
339.0,683.0,9.7029,38.4924,78.3335,197.4931,0.0224,0.0,99.8978,204.8855,49.2733,-16.3552,0.0,0.0001,1.9903,-0.0004,6.3432,35.3898,9.6227,27.3207,36.1418
340.0,685.0,9.7141,38.5103,82.6139,196.3802,0.0202,0.0001,99.8582,204.8855,49.2733,-16.3552,0.0,0.0001,1.987,-0.002,6.3447,35.3962,9.6337,27.3239,36.1443
341.0,687.0,9.7085,38.5046,96.7133,196.8222,0.0198,0.0001,99.8497,204.8855,49.2733,-16.3552,0.0,0.0001,1.9843,-0.0006,6.3451,35.395,9.6278,27.3239,36.1446
342.0,689.0,9.7033,38.5016,98.68,195.1465,0.019,0.0001,99.869,204.8855,49.2733,-16.3551,0.0,0.0001,1.9783,-0.0032,6.3479,35.3961,9.6225,27.3257,36.1466
343.0,691.0,9.68,38.4786,98.4653,194.9539,0.0209,0.0001,99.8628,204.8856,49.2733,-16.3551,0.0,0.0001,1.9756,-0.0026,6.3464,35.3944,9.5991,27.3283,36.1503
344.0,693.0,9.6603,38.4613,98.68,195.5604,0.017,0.0001,99.8752,204.8856,49.2733,-16.3551,0.0,0.0001,1.9731,-0.0008,6.3518,35.3949,9.5792,27.332,36.1548
345.0,695.0,9.6492,38.4508,98.68,193.7308,0.0227,0.0001,99.8623,204.8856,49.2733,-16.3551,0.0,0.0001,1.9651,-0.0031,6.3568,35.3941,9.5679,27.3333,36.1566
346.0,697.0,9.614,38.417,64.3306,192.8806,0.0246,0.0001,99.8645,204.8857,49.2733,-16.3551,0.0,0.0001,1.9586,-0.0031,6.361,35.3928,9.5326,27.3382,36.1631
347.0,699.0,9.5909,38.3932,93.2763,192.6178,0.0209,0.0001,99.869,204.8857,49.2733,-16.3551,0.0,0.0001,1.9524,-0.0024,6.3647,35.3902,9.5094,27.34,36.1659
348.0,701.0,9.5692,38.3706,98.6852,192.3272,0.0232,0.0001,99.8699,204.8857,49.2733,-16.3551,0.0,0.0001,1.9491,-0.0019,6.362,35.3872,9.4876,27.3414,36.1682
349.0,703.0,9.5488,38.3509,92.8111,192.6527,0.0232,0.0001,99.8798,204.8857,49.2733,-16.3551,0.0,0.0001,1.9457,-0.0012,6.3771,35.3859,9.467,27.3438,36.1715
350.0,705.0,9.5015,38.3,98.7924,191.2118,0.0197,0.0,99.8889,204.8858,49.2733,-16.3551,0.0,0.0001,1.9393,-0.0031,6.3793,35.379,9.4198,27.3463,36.1761
351.0,707.0,9.4283,38.2195,98.68,192.8772,0.021,0.0001,99.8906,204.8858,49.2733,-16.3551,0.0,0.0001,1.9405,0.0003,6.3797,35.3669,9.3467,27.3489,36.182
352.0,709.0,9.42,38.2125,98.68,193.0307,0.0229,0.0001,99.8884,204.8858,49.2733,-16.3551,0.0,0.0001,1.9415,-0.0001,6.3922,35.3669,9.3382,27.3503,36.1838
353.0,711.0,9.3725,38.1614,98.68,194.0141,0.0224,0.0,99.8956,204.8858,49.2733,-16.3551,0.0,0.0001,1.9432,0.0009,6.4021,35.3597,9.2906,27.3525,36.1882
354.0,713.0,9.2997,38.081,71.0103,194.6875,0.0194,0.0,99.9046,204.8859,49.2733,-16.355,0.0,0.0001,1.9466,0.0012,6.4075,35.3469,9.218,27.3545,36.1935
355.0,715.0,9.2721,38.0513,98.6975,194.8563,0.0201,0.0,99.9145,204.8859,49.2733,-16.355,0.0,0.0001,1.9478,0.0009,6.4078,35.3425,9.1904,27.3555,36.1958
356.0,717.0,9.2613,38.0407,96.6402,194.7802,0.0209,0.0,99.905,204.8859,49.2733,-16.355,0.0,0.0001,1.9472,0.0004,6.4062,35.3415,9.1794,27.3565,36.1973
357.0,719.0,9.2723,38.0579,98.68,193.58,0.0237,0.0,99.9063,204.886,49.2734,-16.355,0.0,0.0001,1.9466,-0.0017,6.407,35.3474,9.1901,27.3594,36.1996
358.0,721.0,9.2721,38.0615,98.68,192.532,0.0252,0.0,99.9022,204.886,49.2734,-16.355,0.0,0.0001,1.9381,-0.0027,6.4194,35.3504,9.1896,27.3618,36.202
359.0,723.0,9.2052,37.9907,78.0612,190.4832,0.0231,0.0,99.904,204.886,49.2734,-16.355,0.0,0.0001,1.9286,-0.0048,6.4295,35.3418,9.1228,27.366,36.2092
360.0,725.0,9.1291,37.9066,98.68,190.6735,0.0232,0.0,99.9171,204.886,49.2734,-16.355,0.0,0.0001,1.9231,-0.0027,6.421,35.3285,9.047,27.3679,36.2146
361.0,727.0,9.0972,37.8718,94.42,191.8505,0.023,0.0,99.9392,204.8861,49.2734,-16.355,0.0,0.0001,1.9231,-0.0004,6.4309,35.3227,9.0149,27.3686,36.2168
362.0,729.0,9.1453,37.9261,98.68,191.0143,0.0199,0.0,99.9186,204.8861,49.2734,-16.355,0.0,0.0001,1.9184,-0.0018,6.4429,35.3312,9.0627,27.3675,36.2135
363.0,731.0,9.0299,37.7938,98.68,189.5623,0.0275,0.0,99.9503,204.8861,49.2734,-16.355,0.0,0.0001,1.9109,-0.0031,6.4428,35.306,8.9476,27.3664,36.2178
364.0,733.0,9.0292,37.794,98.68,189.6459,0.0233,0.0,99.9425,204.8861,49.2734,-16.355,0.0,0.0001,1.9077,-0.0017,6.4395,35.3059,8.9466,27.3664,36.2178
365.0,735.0,9.0423,37.8109,98.68,190.6321,0.0213,0.0,99.9376,204.8862,49.2734,-16.355,0.0,0.0001,1.9084,0.0003,6.4427,35.3097,8.9594,27.3673,36.2182
366.0,737.0,9.0458,37.8154,98.68,189.9184,0.0204,0.0,99.9417,204.8862,49.2734,-16.355,0.0,0.0001,1.9058,-0.0012,6.4482,35.3103,8.9627,27.3673,36.2179
367.0,739.0,9.01,37.7742,98.68,188.133,0.0193,0.0,99.945,204.8862,49.2734,-16.355,0.0,0.0001,1.8991,-0.0034,6.4467,35.3016,8.9269,27.3663,36.2186
368.0,741.0,8.9858,37.7508,81.8495,187.7847,0.0229,0.0,99.9516,204.8863,49.2734,-16.3549,0.0,0.0001,1.8935,-0.0025,6.4528,35.2999,8.9026,27.3688,36.2223
369.0,743.0,8.9819,37.7446,95.2662,186.7485,0.0212,0.0,99.876,204.8863,49.2734,-16.3549,0.0,0.0001,1.8847,-0.003,6.454,35.2967,8.8985,27.367,36.2206
370.0,745.0,8.9491,37.7112,98.68,186.4063,0.0196,0.0,99.9673,204.8863,49.2734,-16.3549,0.0,0.0001,1.8816,-0.0019,6.4406,35.2931,8.8656,27.3694,36.2245
371.0,747.0,9.0303,37.8139,90.1842,187.5785,0.0225,0.0,99.9556,204.8863,49.2734,-16.3549,0.0,0.0001,1.8828,0.0006,6.4376,35.3192,8.9461,27.377,36.2282
372.0,749.0,9.0673,37.8591,98.6975,187.9832,0.0246,0.0,99.9551,204.8864,49.2734,-16.3549,0.0,0.0001,1.8833,0.0002,6.455,35.3291,8.9827,27.3788,36.2283
373.0,751.0,9.008,37.7939,98.68,186.5721,0.0217,0.0,99.9556,204.8864,49.2734,-16.3549,0.0,0.0001,1.8809,-0.002,6.4532,35.3187,8.9235,27.3802,36.2324
374.0,753.0,8.961,37.7518,98.68,185.7899,0.0223,0.0,99.9706,204.8864,49.2734,-16.3549,0.0,0.0001,1.8743,-0.0018,6.4429,35.3201,8.8765,27.3888,36.2431
375.0,755.0,9.0284,37.8357,98.68,184.2422,0.0221,0.0,99.9845,204.8864,49.2735,-16.3549,0.0,0.0001,1.8678,-0.0034,6.4451,35.3403,8.9432,27.3939,36.245
376.0,757.0,8.9997,37.8039,89.4833,185.1075,0.0195,0.0,99.9779,204.8865,49.2735,-16.3549,0.0,0.0001,1.8657,-0.0007,6.4456,35.3343,8.9144,27.3939,36.2463
377.0,759.0,9.0065,37.81,98.68,184.8046,0.0192,0.0,99.9773,204.8865,49.2735,-16.3549,0.0,0.0001,1.8638,-0.0005,6.4328,35.3333,8.921,27.392,36.2442
378.0,761.0,9.041,37.8592,98.68,184.7126,0.0223,0.0,99.9793,204.8865,49.2735,-16.3549,0.0,0.0001,1.862,-0.0006,6.4332,35.3496,8.9551,27.3993,36.2498
379.0,763.0,9.1005,37.9301,73.5116,183.2997,0.0188,0.0,99.9886,204.8866,49.2735,-16.3549,0.0,0.0001,1.8571,-0.0022,6.4311,35.3636,9.0139,27.4008,36.2484
380.0,765.0,9.0838,37.9133,90.6904,183.5715,0.0188,0.0,100.0075,204.8866,49.2735,-16.3549,0.0,0.0001,1.8557,-0.0007,6.4301,35.3618,8.9971,27.4021,36.2505
381.0,767.0,9.1157,37.9564,98.68,183.1026,0.0233,0.0,99.9845,204.8866,49.2735,-16.3549,0.0,0.0001,1.8537,-0.0011,6.4289,35.3744,9.0286,27.4068,36.2537
382.0,769.0,9.1093,37.9514,98.68,183.2227,0.0234,0.0,99.9388,204.8866,49.2735,-16.3549,0.0,0.0001,1.8526,-0.0007,6.4325,35.3747,9.022,27.4082,36.2553
383.0,771.0,9.0913,37.9374,98.68,183.1958,0.0255,0.0,99.962,204.8867,49.2735,-16.3549,0.0,0.0001,1.8513,-0.0005,6.4325,35.3769,9.0038,27.4128,36.2607
384.0,773.0,9.0579,37.9018,98.6096,183.3488,0.0213,0.0,99.9588,204.8867,49.2735,-16.3549,0.0,0.0001,1.85,-0.0003,6.4371,35.3718,8.9704,27.4142,36.2636
385.0,775.0,9.0599,37.9023,98.68,182.655,0.0212,0.0,99.9556,204.8867,49.2735,-16.3548,0.0,0.0001,1.8462,-0.0015,6.4434,35.3695,8.9722,27.4122,36.2616
386.0,777.0,9.0078,37.8536,98.68,182.8517,0.0229,0.0,99.9574,204.8867,49.2735,-16.3548,0.0,0.0001,1.8462,-0.0007,6.4423,35.3692,8.9202,27.4203,36.272
387.0,779.0,9.0098,37.854,82.257,183.3292,0.0227,0.0,99.9592,204.8868,49.2735,-16.3548,0.0,0.0001,1.8468,0.0002,6.4428,35.3667,8.9218,27.418,36.2697
388.0,781.0,9.0205,37.8659,93.4436,183.1781,0.0256,0.0,99.959,204.8868,49.2735,-16.3548,0.0,0.0001,1.8459,-0.0004,6.4485,35.3678,8.9323,27.4173,36.2684
389.0,783.0,8.9869,37.8327,98.6922,182.9842,0.0244,0.0,99.9556,204.8868,49.2735,-16.3548,0.0,0.0001,1.8451,-0.0005,6.4455,35.3653,8.8987,27.4207,36.2734
390.0,785.0,8.9852,37.8351,98.68,183.3096,0.0208,0.0,99.9322,204.8869,49.2735,-16.3548,0.0,0.0001,1.8443,0.0001,6.4478,35.3684,8.8967,27.4235,36.2762
391.0,787.0,8.9838,37.8347,98.5013,183.1532,0.0223,0.0,99.9696,204.8869,49.2735,-16.3548,0.0,0.0001,1.8439,-0.0003,6.4502,35.3688,8.8951,27.424,36.2768
392.0,789.0,8.9622,37.8143,98.68,183.0952,0.0233,0.0,99.9633,204.8869,49.2735,-16.3548,0.0,0.0001,1.8437,-0.0004,6.4495,35.3678,8.8733,27.4268,36.2805
393.0,791.0,8.9735,37.8312,87.2275,183.5481,0.0237,0.0,99.9454,204.8869,49.2735,-16.3548,0.0,0.0001,1.8446,0.0006,6.4439,35.3731,8.8843,27.4291,36.2823
394.0,793.0,8.9718,37.8285,86.0445,183.5481,0.0228,0.0,99.9405,204.887,49.2735,-16.3548,0.0,0.0001,1.8459,0.0004,6.4416,35.3714,8.8825,27.4281,36.2814
395.0,795.0,9.0305,37.9024,93.8118,182.6341,0.0224,0.0,99.9556,204.887,49.2735,-16.3548,0.0,0.0001,1.8432,-0.0013,6.4446,35.3895,8.9406,27.433,36.2834
396.0,797.0,8.986,37.8564,98.68,182.8162,0.0204,0.0,99.9515,204.887,49.2735,-16.3548,0.0,0.0001,1.8415,-0.0006,6.4466,35.3845,8.896,27.4361,36.2886
397.0,799.0,8.9814,37.8567,98.68,182.7522,0.0211,0.0,99.9497,204.887,49.2736,-16.3548,0.0,0.0001,1.84,-0.0004,6.446,35.3884,8.8912,27.44,36.2927
398.0,801.0,8.9883,37.8675,98.68,182.9172,0.0244,0.0,99.9455,204.8871,49.2736,-16.3548,0.0,0.0001,1.8394,-0.0002,6.4493,35.392,8.8979,27.4418,36.2941
399.0,803.0,8.9691,37.8503,98.68,182.3317,0.0243,0.0,99.9462,204.8871,49.2736,-16.3548,0.0,0.0001,1.8376,-0.0011,6.4499,35.3923,8.8785,27.4451,36.2982
400.0,805.0,8.9409,37.8247,98.68,183.116,0.0241,0.0,99.9556,204.8871,49.2736,-16.3548,0.0,0.0001,1.8382,0.0005,6.449,35.3924,8.8503,27.4497,36.3041
401.0,807.0,8.9404,37.8263,98.68,183.0554,0.0232,0.0,99.9406,204.8872,49.2736,-16.3547,0.0,0.0001,1.8376,0.0001,6.4511,35.3937,8.8496,27.4509,36.3052
402.0,809.0,8.9463,37.8365,71.4261,182.9704,0.0163,0.0,99.9304,204.8872,49.2736,-16.3547,0.0,0.0001,1.8376,-0.0001,6.4495,35.3978,8.8552,27.4532,36.3073
403.0,811.0,8.954,37.8556,97.795,182.8364,0.0204,0.0,99.9267,204.8872,49.2736,-16.3547,0.0,0.0001,1.8376,-0.0002,6.4496,35.409,8.8626,27.4607,36.3143
404.0,813.0,8.9434,37.8445,97.6775,183.2573,0.0191,0.0,99.9106,204.8872,49.2736,-16.3547,0.0,0.0001,1.8384,0.0002,6.4537,35.4069,8.8518,27.4608,36.3149
405.0,815.0,8.9424,37.8414,98.68,182.9313,0.0171,0.0,99.8913,204.8873,49.2736,-16.3547,0.0,0.0001,1.8369,-0.0007,6.4616,35.404,8.8507,27.4588,36.313
406.0,817.0,8.8948,37.7913,84.8072,182.9049,0.0159,0.0,99.9228,204.8873,49.2736,-16.3547,0.0,0.0001,1.8365,-0.0005,6.4564,35.3977,8.8031,27.4614,36.3178
407.0,819.0,8.8753,37.7717,98.68,183.4053,0.0199,0.0,99.9198,204.8873,49.2736,-16.3547,0.0,0.0001,1.8359,-0.0002,6.4756,35.3955,8.7834,27.4628,36.3201
408.0,821.0,8.8377,37.731,98.68,183.2623,0.0218,0.0,99.93,204.8873,49.2736,-16.3547,0.0,0.0001,1.8339,-0.0008,6.4887,35.3894,8.7459,27.464,36.323
409.0,823.0,8.701,37.5849,98.68,184.3852,0.0233,0.0,99.9379,204.8874,49.2736,-16.3547,0.0,0.0001,1.8353,0.0006,6.4976,35.3705,8.6098,27.4708,36.3361
410.0,825.0,8.6576,37.5369,86.8352,183.9053,0.0204,0.0,99.9432,204.8874,49.2736,-16.3547,0.0,0.0001,1.8341,-0.0008,6.5094,35.3623,8.5663,27.4712,36.3385
411.0,827.0,8.5667,37.4394,88.3602,184.3796,0.0185,0.0,99.9515,204.8874,49.2736,-16.3547,0.0,0.0001,1.8351,0.0004,6.5028,35.3488,8.4757,27.4748,36.3463
412.0,829.0,8.558,37.4322,94.6322,184.627,0.0201,0.0,99.938,204.8875,49.2736,-16.3547,0.0,0.0001,1.836,0.0003,6.5072,35.349,8.4669,27.4764,36.3483
413.0,831.0,8.5928,37.4765,71.7869,184.1232,0.0244,0.0,99.9382,204.8875,49.2737,-16.3547,0.0,0.0001,1.8339,-0.0006,6.5066,35.3602,8.5012,27.4798,36.35
414.0,833.0,8.5707,37.4609,98.5171,184.6705,0.0227,0.0,99.9508,204.8875,49.2737,-16.3547,0.0,0.0001,1.8356,0.0005,6.5045,35.3646,8.4789,27.4867,36.3579
415.0,835.0,8.5948,37.4911,95.1242,184.8261,0.0229,0.0,99.9185,204.8875,49.2737,-16.3547,0.0,0.0001,1.8373,0.0006,6.4952,35.3716,8.5027,27.4885,36.3584
416.0,837.0,8.6341,37.5409,98.68,184.3949,0.0185,0.0,99.9298,204.8876,49.2737,-16.3546,0.0,0.0001,1.8372,-0.0001,6.488,35.3842,8.5416,27.4922,36.3603
417.0,839.0,8.7174,37.6441,98.68,183.7999,0.0188,0.0,99.9267,204.8876,49.2737,-16.3546,0.0,0.0001,1.8364,-0.001,6.4878,35.409,8.624,27.4988,36.3628
418.0,841.0,8.735,37.6652,98.603,183.8618,0.0201,0.0,99.9157,204.8876,49.2737,-16.3546,0.0,0.0001,1.8348,-0.0002,6.4751,35.413,8.6413,27.4991,36.3624
419.0,843.0,8.7791,37.7258,98.68,182.9353,0.0194,0.0,99.9303,204.8877,49.2737,-16.3546,0.0,0.0001,1.8326,-0.0016,6.4774,35.4318,8.6849,27.5069,36.368
420.0,845.0,8.7913,37.7432,98.68,182.6192,0.0206,0.0,99.9448,204.8877,49.2737,-16.3546,0.0,0.0001,1.8303,-0.0016,6.475,35.437,8.6968,27.5091,36.3696
421.0,847.0,8.7404,37.6876,83.5356,183.6235,0.0226,0.0,99.9331,204.8877,49.2737,-16.3546,0.0,0.0001,1.8309,0.0001,6.4796,35.4281,8.6459,27.5103,36.3731
422.0,849.0,8.7537,37.697,98.5118,183.1744,0.0202,0.0,99.9316,204.8877,49.2737,-16.3546,0.0,0.0001,1.8291,-0.0008,6.4826,35.4243,8.659,27.5052,36.3675
423.0,851.0,8.717,37.6645,94.6271,183.5399,0.0208,0.0,99.939,204.8878,49.2737,-16.3546,0.0,0.0001,1.8297,0.0001,6.481,35.4257,8.6223,27.5121,36.376
424.0,853.0,8.7297,37.6826,98.68,183.4661,0.019,0.0,99.9411,204.8878,49.2737,-16.3546,0.0,0.0001,1.8291,-0.0001,6.4816,35.4308,8.6346,27.5142,36.3775
425.0,855.0,8.7333,37.688,98.5141,183.4977,0.0215,0.0,99.9239,204.8878,49.2737,-16.3546,0.0,0.0001,1.8291,-0.0001,6.4804,35.432,8.638,27.5146,36.3777
426.0,857.0,8.7342,37.6903,98.68,183.6415,0.0231,0.0,99.9276,204.8878,49.2737,-16.3546,0.0,0.0001,1.8297,0.0001,6.4804,35.4328,8.6387,27.5151,36.3782
427.0,859.0,8.7358,37.6941,98.68,184.0025,0.0189,0.0,99.9236,204.8879,49.2737,-16.3546,0.0,0.0001,1.8303,0.0005,6.4805,35.4344,8.64,27.5161,36.3791
428.0,861.0,8.7341,37.6933,77.9492,183.8173,0.0193,0.0,99.9267,204.8879,49.2737,-16.3546,0.0,0.0001,1.83,-0.0001,6.4843,35.4341,8.6381,27.5162,36.3793
429.0,863.0,8.7163,37.6727,93.4122,183.8259,0.022,0.0,99.9267,204.8879,49.2737,-16.3546,0.0,0.0001,1.8291,-0.0003,6.4905,35.4294,8.6202,27.5154,36.3793
430.0,865.0,8.6808,37.6343,98.6857,184.173,0.0231,0.0,99.9267,204.888,49.2737,-16.3546,0.0,0.0001,1.8294,0.0002,6.4924,35.4234,8.5848,27.5162,36.3818
431.0,867.0,8.6594,37.611,98.68,184.8438,0.0204,0.0,99.9166,204.888,49.2737,-16.3546,0.0,0.0001,1.8317,0.0012,6.4872,35.4192,8.5632,27.5163,36.3829
432.0,869.0,8.6366,37.5879,89.7802,184.6634,0.022,0.0,99.916,204.888,49.2738,-16.3545,0.0,0.0001,1.8289,-0.001,6.5262,35.4166,8.5403,27.5179,36.3856
433.0,871.0,8.4225,37.3472,98.68,185.4841,0.0179,0.0,99.9151,204.888,49.2738,-16.3545,0.0,0.0001,1.8295,0.0004,6.5365,35.3747,8.3274,27.5182,36.3959
434.0,873.0,8.3524,37.2694,98.68,186.8726,0.0173,0.0,99.9267,204.8881,49.2738,-16.3545,0.0,0.0001,1.8328,0.0024,6.5338,35.3613,8.2574,27.5185,36.3995
435.0,875.0,8.324,37.2393,98.68,186.954,0.0187,0.0,99.9048,204.8881,49.2738,-16.3545,0.0,0.0001,1.8352,0.0009,6.5485,35.3569,8.2291,27.5193,36.4017
436.0,877.0,8.2981,37.2115,72.1361,186.5809,0.0215,0.0,99.9161,204.8881,49.2738,-16.3545,0.0,0.0001,1.8344,-0.0004,6.5564,35.3525,8.2031,27.5199,36.4035
437.0,879.0,8.2205,37.128,98.6805,188.2724,0.0202,0.0,99.9267,204.8881,49.2738,-16.3545,0.0,0.0001,1.8383,0.0024,6.554,35.3401,8.1258,27.522,36.4092
438.0,881.0,8.181,37.0827,97.329,188.3639,0.0239,0.0,99.9234,204.8882,49.2738,-16.3545,0.0,0.0001,1.8402,0.001,6.5729,35.3305,8.0864,27.5205,36.4096
439.0,883.0,8.1712,37.0767,98.68,188.9198,0.0227,0.0,99.9191,204.8882,49.2738,-16.3545,0.0,0.0001,1.8407,0.0004,6.5976,35.3331,8.0763,27.524,36.4136
440.0,885.0,8.0123,36.9013,98.68,189.2675,0.021,0.0,99.9221,204.8882,49.2738,-16.3545,0.0,0.0001,1.8414,0.0002,6.6107,35.3042,7.9183,27.5252,36.4223
441.0,887.0,7.9072,36.7906,61.93,190.9214,0.0217,0.0,99.9214,204.8883,49.2738,-16.3545,0.0,0.0001,1.8464,0.0022,6.611,35.29,7.8137,27.5297,36.4317
442.0,889.0,7.8783,36.7614,98.68,191.7318,0.0221,0.0,99.9218,204.8883,49.2738,-16.3545,0.0,0.0001,1.85,0.0027,6.6038,35.2866,7.7847,27.5314,36.4348
443.0,891.0,7.9074,36.7926,93.5061,190.9026,0.0223,0.0,99.9183,204.8883,49.2738,-16.3545,0.0,0.0001,1.8523,0.0003,6.6077,35.2901,7.8135,27.5298,36.4319
444.0,893.0,7.9224,36.816,98.68,190.8557,0.0233,0.0,99.9191,204.8883,49.2738,-16.3545,0.0,0.0001,1.8521,0.0001,6.6037,35.2991,7.8281,27.5347,36.4359
445.0,895.0,7.9427,36.8446,98.68,190.2054,0.0259,0.0,99.9267,204.8884,49.2738,-16.3545,0.0,0.0001,1.851,-0.0009,6.6044,35.3084,7.848,27.539,36.4393
446.0,897.0,7.9475,36.8518,98.68,190.4384,0.0226,0.0,99.9267,204.8884,49.2738,-16.3545,0.0,0.0001,1.8504,-0.0002,6.6003,35.3104,7.8525,27.5399,36.4399
447.0,899.0,7.9494,36.8548,98.68,190.3658,0.0231,0.0,99.9374,204.8884,49.2738,-16.3544,0.0,0.0001,1.8494,-0.0004,6.602,35.3109,7.8542,27.5401,36.44
448.0,901.0,7.9455,36.8583,98.68,190.1347,0.0196,0.0,99.9352,204.8884,49.2739,-16.3544,0.0,0.0001,1.8493,-0.0004,6.5983,35.3176,7.8501,27.5459,36.4459
449.0,903.0,7.9581,36.8819,98.68,190.23,0.0227,0.0,99.9556,204.8885,49.2739,-16.3544,0.0,0.0001,1.8486,0.0,6.595,35.3291,7.8624,27.5532,36.4524
450.0,905.0,7.9749,36.9043,66.2885,190.4671,0.0222,0.0,99.9493,204.8885,49.2739,-16.3544,0.0,0.0001,1.8493,0.0002,6.5956,35.3355,7.8789,27.5557,36.4541
451.0,907.0,7.9836,36.9197,95.0976,189.9879,0.0241,0.0,99.9531,204.8885,49.2739,-16.3544,0.0,0.0001,1.848,-0.0007,6.597,35.3424,7.8872,27.5599,36.4578
452.0,909.0,7.9609,36.8977,98.68,190.5922,0.019,0.0,99.9556,204.8886,49.2739,-16.3544,0.0,0.0001,1.8494,0.0009,6.5839,35.3407,7.8645,27.5619,36.4609
453.0,911.0,8.0073,36.954,98.68,190.0769,0.0222,0.0,99.9556,204.8886,49.2739,-16.3544,0.0,0.0001,1.8498,0.0003,6.5664,35.3535,7.9104,27.5651,36.4619
454.0,913.0,8.1613,37.1385,89.1742,188.8379,0.0219,0.0,99.9374,204.8886,49.2739,-16.3544,0.0,0.0001,1.8472,-0.0012,6.5606,35.3948,8.063,27.5745,36.4637
455.0,915.0,8.1864,37.1664,98.68,187.9399,0.0188,0.0,99.9238,204.8886,49.2739,-16.3544,0.0,0.0001,1.8436,-0.0014,6.547,35.3986,8.0878,27.5737,36.4618
456.0,917.0,8.2569,37.256,98.68,187.7047,0.0197,0.0,99.9267,204.8887,49.2739,-16.3544,0.0,0.0001,1.8404,-0.0014,6.5543,35.4225,8.1576,27.5818,36.4664
457.0,919.0,8.2806,37.2817,98.68,186.8773,0.0187,0.0,99.9297,204.8887,49.2739,-16.3544,0.0,0.0001,1.8373,-0.0021,6.5519,35.4251,8.1808,27.5804,36.4639
458.0,921.0,8.2587,37.2564,80.8908,187.9752,0.0201,0.0,99.9374,204.8887,49.2739,-16.3544,0.0,0.0001,1.8374,0.0003,6.5474,35.4193,8.1589,27.5792,36.4637
459.0,923.0,8.2833,37.2909,98.6796,187.0455,0.022,0.0,99.9327,204.8887,49.2739,-16.3544,0.0,0.0001,1.8339,-0.0012,6.5484,35.4303,8.1831,27.5841,36.4674
460.0,925.0,8.2794,37.2877,98.5273,187.7049,0.022,0.0,99.9299,204.8888,49.2739,-16.3544,0.0,0.0001,1.8344,0.0001,6.5492,35.4298,8.1789,27.5843,36.4679
461.0,927.0,8.2745,37.2854,98.68,187.6376,0.0192,0.0,99.933,204.8888,49.2739,-16.3544,0.0,0.0001,1.8341,-0.0002,6.5535,35.4314,8.1738,27.5864,36.4701
462.0,929.0,8.2455,37.2559,98.68,187.8906,0.0173,0.0,99.9408,204.8888,49.2739,-16.3543,0.0,0.0001,1.8344,0.0001,6.5552,35.4281,8.1449,27.5882,36.4733
463.0,931.0,8.23,37.2402,79.0144,188.4809,0.0214,0.0,99.9222,204.8888,49.2739,-16.3544,0.0,0.0001,1.8362,0.0005,6.5613,35.4261,8.1292,27.5891,36.4749
464.0,933.0,8.1946,37.2034,91.7776,188.1037,0.0235,0.0,99.9261,204.8889,49.2739,-16.3544,0.0,0.0001,1.8352,-0.0004,6.564,35.4215,8.0939,27.5908,36.4783
465.0,935.0,8.1666,37.1749,98.68,188.6326,0.0212,0.0,99.9267,204.8889,49.2739,-16.3543,0.0,0.0001,1.8366,0.0005,6.5622,35.4181,8.0658,27.5924,36.4812
466.0,937.0,8.1601,37.1693,98.5007,188.8547,0.0196,0.0,99.8927,204.8889,49.274,-16.3543,0.0,0.0001,1.8372,0.0001,6.57,35.4179,8.0591,27.5932,36.4823
467.0,939.0,8.1391,37.149,98.68,188.1452,0.0178,0.0,99.9079,204.889,49.2739,-16.3543,0.0,0.0001,1.8364,-0.0011,6.5702,35.4163,8.038,27.5952,36.4853
468.0,941.0,8.0932,37.1017,98.68,189.276,0.0192,0.0,99.9267,204.889,49.2739,-16.3543,0.0,0.0001,1.8376,0.0008,6.5698,35.4108,7.9922,27.5978,36.49
469.0,943.0,8.0761,37.0864,79.3417,189.1832,0.0233,0.0,99.8925,204.889,49.2739,-16.3543,0.0,0.0001,1.8378,-0.0002,6.5832,35.411,7.9751,27.6006,36.4935
470.0,945.0,8.0564,37.0637,98.6777,189.464,0.0208,0.0,99.921,204.889,49.274,-16.3543,0.0,0.0001,1.8376,0.0004,6.5804,35.4056,7.9553,27.5993,36.4933
471.0,947.0,8.0341,37.0445,93.4424,189.8431,0.0214,0.0,99.9001,204.8891,49.274,-16.3543,0.0,0.0001,1.838,0.0003,6.5901,35.4065,7.9329,27.6034,36.4984
472.0,949.0,8.0049,37.0151,98.68,190.1059,0.018,0.0,99.9067,204.8891,49.274,-16.3543,0.0,0.0001,1.84,0.0005,6.5889,35.4033,7.9036,27.6053,36.5016
473.0,951.0,7.9848,36.9953,75.6834,190.2986,0.0176,0.0,99.8805,204.8891,49.274,-16.3543,0.0,0.0001,1.8406,0.0003,6.5909,35.4012,7.8835,27.6067,36.5039
474.0,953.0,7.999,37.0111,98.6792,189.3317,0.0197,0.0,99.9069,204.8892,49.274,-16.3543,0.0,0.0001,1.8405,-0.0013,6.5913,35.4034,7.8973,27.6063,36.5029
475.0,955.0,7.9852,36.9991,98.68,189.6352,0.0192,0.0,99.8842,204.8892,49.274,-16.3543,0.0,0.0001,1.8404,-0.0006,6.5913,35.4036,7.8835,27.6086,36.5058
476.0,957.0,7.9891,37.0064,92.1021,190.4492,0.0209,0.0,99.8823,204.8892,49.274,-16.3543,0.0,0.0001,1.8403,0.0005,6.5908,35.4062,7.887,27.6101,36.5071
477.0,959.0,7.9903,37.0081,98.68,189.9131,0.0223,0.0,99.9029,204.8892,49.274,-16.3543,0.0,0.0001,1.8392,-0.0007,6.5954,35.4059,7.888,27.6097,36.5067
478.0,961.0,7.974,36.9928,98.68,190.6057,0.0239,0.0,99.8978,204.8893,49.274,-16.3543,0.0,0.0001,1.84,0.0003,6.594,35.4049,7.8715,27.6114,36.5091
479.0,963.0,7.9646,36.9837,98.68,190.8173,0.021,0.0,99.8978,204.8893,49.274,-16.3543,0.0,0.0001,1.8407,0.0008,6.5921,35.4039,7.8621,27.612,36.5101
480.0,965.0,7.9626,36.9829,90.3726,190.8303,0.0215,0.0001,99.859,204.8893,49.274,-16.3543,0.0,0.0001,1.8415,0.0001,6.5983,35.4042,7.8599,27.6126,36.5108
481.0,967.0,7.9414,36.9585,98.68,190.6984,0.0213,0.0001,99.8855,204.8894,49.274,-16.3542,0.0,0.0001,1.8402,-0.0003,6.6044,35.3983,7.8385,27.6111,36.5104
482.0,969.0,7.911,36.9295,98.68,191.4694,0.0181,0.0,99.8891,204.8894,49.274,-16.3542,0.0,0.0001,1.8417,0.0007,6.6056,35.3967,7.8081,27.6144,36.5151
483.0,971.0,7.9033,36.9231,98.68,191.2944,0.0187,0.0,99.8978,204.8894,49.274,-16.3542,0.0,0.0001,1.8422,0.0003,6.6027,35.3968,7.8003,27.6156,36.5167
484.0,973.0,7.9026,36.9232,84.7329,191.4161,0.0189,0.0001,99.8833,204.8894,49.274,-16.3542,0.0,0.0001,1.8425,0.0,6.6101,35.3966,7.7993,27.6157,36.5168
485.0,975.0,7.8805,36.8999,94.8206,191.2024,0.017,0.0,99.8884,204.8895,49.274,-16.3542,0.0,0.0001,1.8413,-0.0004,6.613,35.393,7.7772,27.6161,36.5183
486.0,977.0,7.8352,36.8527,98.68,192.0718,0.0229,0.0001,99.8737,204.8895,49.2741,-16.3542,0.0,0.0001,1.8437,0.0008,6.6135,35.387,7.732,27.6181,36.5224
487.0,979.0,7.8511,36.8707,92.7334,192.3087,0.0209,0.0001,99.8505,204.8895,49.2741,-16.3542,0.0,0.0001,1.8438,0.0003,6.6257,35.3894,7.7475,27.6177,36.5213
488.0,981.0,7.7533,36.7643,98.68,192.7534,0.0217,0.0001,99.8871,204.8896,49.2741,-16.3542,0.0,0.0001,1.8453,0.0005,6.631,35.3728,7.6503,27.619,36.5272
489.0,983.0,7.7308,36.7459,98.68,193.2801,0.0219,0.0001,99.8586,204.8896,49.2741,-16.3542,0.0,0.0001,1.8484,0.0005,6.6326,35.3745,7.6276,27.6237,36.5329
490.0,985.0,7.7278,36.7425,83.7337,193.0964,0.0221,0.0,99.8841,204.8897,49.2741,-16.3542,0.0,0.0001,1.8481,-0.0002,6.6355,35.3731,7.6245,27.623,36.5324
491.0,987.0,7.6922,36.7068,98.6804,193.4932,0.0196,0.0001,99.7925,204.8897,49.2741,-16.3542,0.0,0.0001,1.8486,0.0003,6.638,35.3693,7.5888,27.6253,36.5364
492.0,989.0,7.6875,36.703,75.7827,193.4334,0.0215,0.0001,99.8671,204.8898,49.2741,-16.3542,0.0,0.0001,1.849,0.0,6.639,35.3693,7.5841,27.626,36.5373
493.0,991.0,7.6998,36.7186,93.4392,193.703,0.0193,0.0001,99.8807,204.8898,49.2741,-16.3542,0.0,0.0001,1.8498,0.0003,6.6362,35.3727,7.596,27.627,36.5377
494.0,993.0,7.7208,36.7442,98.68,193.3064,0.0187,0.0001,99.8554,204.8898,49.2741,-16.3541,0.0,0.0001,1.8495,-0.0002,6.6292,35.3783,7.6167,27.6283,36.538
495.0,995.0,7.7574,36.7904,98.6308,192.8443,0.0164,0.0001,99.8545,204.8899,49.2742,-16.3541,0.0,0.0001,1.8469,-0.0004,6.6265,35.3899,7.6527,27.6321,36.54
496.0,997.0,7.7689,36.8058,98.68,192.7806,0.0201,0.0001,99.8578,204.89,49.2742,-16.3541,0.0,0.0001,1.8459,-0.0003,6.6256,35.394,7.6639,27.6337,36.541
497.0,999.0,7.7637,36.8023,92.2781,192.9101,0.0204,0.0001,99.7952,204.8905,49.2743,-16.354,0.0,0.0001,1.8463,-0.0002,6.627,35.3944,7.6584,27.6348,36.5424
498.0,1001.0,7.7623,36.8015,94.6091,193.0199,0.02,0.0001,99.7715,204.8908,49.2744,-16.3539,0.0,0.0001,1.8463,0.0,6.6265,35.3944,7.657,27.635,36.5426
499.0,1003.0,7.7703,36.8112,91.5405,192.7864,0.0209,0.0001,99.7021,204.8916,49.2745,-16.3538,0.0,0.0001,1.8449,0.0,6.6246,35.3961,7.6648,27.6352,36.5424
