Datacycle,press,temp,cond,alt,oxygen,fluor,atten,trans,jday,lat,lon,PAR,UPAR,oxV,oxdVdt,oxysat,salin,potemp,sigma0,sigma2
1.0,1.0,15.1091,43.6489,98.71,251.1855,1.3359,0.0046,89.1978,202.6805,49.2683,-17.1874,0.0,0.0001,2.7729,-0.0008,5.6555,35.568,15.1088,26.386,34.9902
2.0,3.0,15.1098,43.6502,95.3623,251.7233,1.3099,0.0046,89.1932,202.6806,49.2683,-17.1874,0.0,0.0001,2.775,0.0004,5.6555,35.5681,15.1093,26.3859,34.9901
3.0,5.0,15.1102,43.6516,96.2935,252.0915,1.3084,0.0046,89.2226,202.6807,49.2683,-17.1874,0.0,0.0001,2.7785,0.0002,5.6555,35.5683,15.1095,26.386,34.9902
4.0,7.0,15.1095,43.6522,93.8327,252.0647,1.3512,0.0046,89.219,202.6808,49.2683,-17.1875,0.0,0.0001,2.7774,0.0001,5.6556,35.5684,15.1085,26.3864,34.9906
5.0,9.0,15.1084,43.6523,98.655,251.7406,1.3689,0.0046,89.2525,202.6809,49.2683,-17.1875,0.0,0.0001,2.7758,-0.0008,5.656,35.5688,15.1071,26.387,34.9912
6.0,11.0,15.1086,43.6533,94.766,251.9375,1.3968,0.0045,89.2582,202.681,49.2683,-17.1875,0.0,0.0001,2.7746,0.0003,5.6557,35.5687,15.107,26.3869,34.9912
7.0,13.0,15.1104,43.6561,97.8776,252.0597,1.3886,0.0046,89.2183,202.6811,49.2683,-17.1876,0.0,0.0001,2.7757,-0.0001,5.6557,35.5687,15.1084,26.3866,34.9908
8.0,15.0,15.0988,43.6454,76.6815,252.0174,1.3629,0.0045,89.2992,202.6812,49.2683,-17.1876,0.0,0.0001,2.775,-0.0001,5.6573,35.5686,15.0965,26.3892,34.9938
9.0,17.0,15.0848,43.6336,96.8327,252.1809,1.3856,0.0045,89.3943,202.6812,49.2683,-17.1876,0.0,0.0001,2.7757,-0.0002,5.6578,35.57,15.0822,26.3934,34.9985
10.0,19.0,15.0625,43.614,94.6607,251.4583,1.3398,0.0043,89.7892,202.6813,49.2683,-17.1876,0.0,0.0001,2.7684,-0.0013,5.6645,35.5715,15.0596,26.3995,35.0054
11.0,21.0,14.9954,43.5529,98.0088,250.4619,1.2649,0.004,90.5845,202.6814,49.2683,-17.1877,0.0,0.0001,2.7563,-0.0029,5.6809,35.576,14.9922,26.418,35.0262
12.0,23.0,14.6512,43.2335,84.477,246.7504,1.0609,0.0029,92.9547,202.6814,49.2683,-17.1877,0.0,0.0001,2.7285,-0.0065,5.6889,35.5966,14.6477,26.5093,35.1297
13.0,25.0,14.5748,43.1542,92.4144,247.4105,0.976,0.0029,93.2046,202.6815,49.2683,-17.1877,0.0,0.0001,2.7212,-0.0047,5.7191,35.5932,14.5711,26.5234,35.1466
14.0,27.0,14.1752,42.7598,94.2843,242.3933,0.632,0.0015,96.2064,202.6815,49.2683,-17.1877,0.0,0.0001,2.6685,-0.0047,5.7421,35.5944,14.1713,26.6102,35.248
15.0,29.0,14.0302,42.6121,96.8186,242.2921,0.5829,0.0016,96.093,202.6816,49.2683,-17.1877,0.0,0.0001,2.65,-0.0104,5.8405,35.5901,14.0261,26.6378,35.2811
16.0,31.0,13.1361,41.7061,91.5365,237.7882,0.4572,0.0012,97.0504,202.6817,49.2683,-17.1877,0.0,0.0001,2.5898,-0.008,5.8928,35.5671,13.1318,26.8056,35.4827
17.0,33.0,12.8708,41.4401,98.71,236.2719,0.4219,0.0011,97.3151,202.6817,49.2683,-17.1878,0.0,0.0001,2.5706,-0.0075,5.9148,35.5616,12.8663,26.8551,35.5424
18.0,35.0,12.7391,41.3136,78.6593,238.8722,0.3256,0.001,97.6083,202.6817,49.2683,-17.1878,0.0,0.0001,2.5748,-0.0014,5.9251,35.5634,12.7344,26.8829,35.5752
19.0,37.0,12.4371,41.0258,96.3704,239.2732,0.251,0.0008,98.0904,202.6818,49.2683,-17.1878,0.0,0.0001,2.5651,0.0007,5.9542,35.5701,12.4321,26.948,35.652
20.0,39.0,12.3803,40.9727,98.71,234.4305,0.2177,0.0005,98.5996,202.6819,49.2683,-17.1878,0.0,0.0001,2.5412,-0.012,5.9954,35.572,12.3752,26.9606,35.6668
21.0,41.0,12.1529,40.7433,97.1506,238.4706,0.1646,0.0006,98.6242,202.6819,49.2683,-17.1878,0.0,0.0001,2.5502,-0.0002,5.9852,35.564,12.1474,26.9988,35.714
22.0,43.0,12.1115,40.7003,60.6963,236.0955,0.1253,0.0003,99.1912,202.682,49.2683,-17.1878,0.0,0.0001,2.5305,-0.0039,6.0113,35.5604,12.1059,27.0041,35.7209
23.0,45.0,12.0144,40.6075,91.2128,238.1753,0.1177,0.0004,98.9517,202.682,49.2683,-17.1878,0.0,0.0001,2.5366,0.0006,6.0129,35.5616,12.0085,27.0238,35.7445
24.0,47.0,12.0135,40.6076,98.4968,236.3615,0.0913,0.0002,99.4493,202.6821,49.2683,-17.1878,0.0,0.0001,2.5246,-0.003,6.0291,35.5616,12.0074,27.0241,35.7448
25.0,49.0,11.9434,40.5386,90.1989,236.8238,0.0777,0.0002,99.5662,202.6821,49.2683,-17.1878,0.0,0.0001,2.5205,-0.0016,6.0451,35.5601,11.937,27.0364,35.7599
26.0,51.0,11.8497,40.4465,64.2548,236.7205,0.0576,0.0001,99.7554,202.6822,49.2683,-17.1879,0.0,0.0001,2.5148,-0.0006,6.051,35.5585,11.843,27.0531,35.7804
27.0,53.0,11.8332,40.4302,93.599,236.3582,0.0554,0.0001,99.7852,202.6822,49.2683,-17.1879,0.0,0.0001,2.512,-0.0009,6.0509,35.5574,11.8264,27.0555,35.7834
28.0,55.0,11.8326,40.43,79.9245,236.3741,0.0495,0.0001,99.7829,202.6822,49.2683,-17.1879,0.0,0.0001,2.5107,-0.0007,6.053,35.5569,11.8256,27.0553,35.7833
29.0,57.0,11.8152,40.4145,92.5596,235.9587,0.0462,0.0,99.8477,202.6823,49.2683,-17.1879,0.0,0.0001,2.5061,-0.0008,6.0558,35.5575,11.8078,27.0591,35.7878
30.0,59.0,11.7936,40.3945,98.6952,235.9279,0.045,0.0,99.9291,202.6823,49.2683,-17.1879,0.0,0.0001,2.5042,-0.0005,6.057,35.5574,11.7859,27.0632,35.7928
31.0,61.0,11.7826,40.3852,98.71,235.8679,0.0415,0.0,100.0167,202.6824,49.2683,-17.1879,0.0,0.0001,2.5022,-0.0002,6.0577,35.5579,11.7748,27.0658,35.7957
32.0,63.0,11.7739,40.3765,82.1589,235.737,0.0399,0.0,99.9793,202.6824,49.2683,-17.1879,0.0,0.0001,2.5007,-0.0006,6.0609,35.557,11.7658,27.0667,35.7971
33.0,65.0,11.7527,40.3557,98.71,236.3165,0.0435,0.0,99.9855,202.6825,49.2684,-17.1879,0.0,0.0001,2.5021,0.0005,6.0617,35.5555,11.7442,27.0697,35.8009
34.0,67.0,11.7535,40.3571,67.9615,236.6096,0.0393,0.0,100.0705,202.6825,49.2684,-17.1879,0.0,0.0001,2.5037,0.0007,6.0617,35.5555,11.7449,27.0695,35.8007
35.0,69.0,11.7534,40.3642,97.1371,235.467,0.0325,0.0,100.0642,202.6826,49.2684,-17.1879,0.0,0.0001,2.5009,-0.0022,6.0605,35.5617,11.7445,27.0744,35.8056
36.0,71.0,11.765,40.3838,94.7881,233.8361,0.0278,-0.0001,100.1718,202.6826,49.2684,-17.1879,0.0,0.0001,2.4859,-0.0018,6.06,35.5688,11.7557,27.0778,35.8084
37.0,73.0,11.7645,40.3832,98.705,232.9625,0.0248,-0.0001,100.2085,202.6827,49.2684,-17.1879,0.0,0.0001,2.48,-0.0026,6.0588,35.5683,11.7551,27.0775,35.8082
38.0,75.0,11.7752,40.4006,98.71,232.7606,0.0247,-0.0001,100.2088,202.6827,49.2684,-17.188,0.0,0.0001,2.4753,-0.0014,6.0588,35.5739,11.7655,27.0799,35.8101
39.0,77.0,11.7739,40.3994,89.0925,232.9075,0.0267,-0.0001,100.2042,202.6828,49.2684,-17.1879,0.0,0.0001,2.4722,-0.0005,6.0615,35.5731,11.764,27.0796,35.8098
40.0,79.0,11.7357,40.3596,98.71,234.7301,0.0288,-0.0001,100.2049,202.6828,49.2684,-17.1879,0.0,0.0001,2.4783,0.0033,6.0632,35.5697,11.7255,27.0842,35.816
41.0,81.0,11.7103,40.3323,83.27,234.7239,0.0276,-0.0001,100.1056,202.6829,49.2684,-17.1879,0.0,0.0001,2.4815,0.0011,6.0691,35.5662,11.6998,27.0864,35.8193
42.0,83.0,11.651,40.2663,98.6964,235.8264,0.0277,-0.0001,100.1805,202.6829,49.2684,-17.1879,0.0,0.0001,2.4893,0.0008,6.0753,35.5571,11.6404,27.0906,35.8259
43.0,85.0,11.6618,40.2776,98.71,236.6626,0.0266,-0.0001,100.1828,202.683,49.2684,-17.1879,0.0,0.0001,2.492,0.0022,6.0768,35.5573,11.6509,27.0888,35.8237
44.0,87.0,11.6247,40.2369,98.6534,236.7236,0.0267,-0.0001,100.1315,202.683,49.2684,-17.1879,0.0,0.0001,2.4962,0.0005,6.0768,35.5516,11.6136,27.0914,35.8279
45.0,89.0,11.6155,40.2278,59.9526,237.7497,0.0246,-0.0001,100.1592,202.6831,49.2684,-17.1879,0.0,0.0001,2.4998,0.0016,6.0825,35.5505,11.6041,27.0923,35.8292
46.0,91.0,11.5896,40.1983,96.8746,237.8253,0.0275,-0.0001,100.1174,202.6831,49.2684,-17.1879,0.0,0.0001,2.5032,0.0003,6.0836,35.5452,11.5779,27.0931,35.8311
47.0,93.0,11.5722,40.1777,98.4611,238.604,0.0317,-0.0001,100.141,202.6832,49.2684,-17.1879,0.0,0.0001,2.5051,0.0018,6.085,35.5408,11.5603,27.093,35.8318
48.0,95.0,11.5376,40.1433,98.71,238.7297,0.0343,-0.0001,100.1019,202.6832,49.2684,-17.1879,0.0,0.0001,2.5081,0.0005,6.0884,35.5391,11.5255,27.0982,35.8384
49.0,97.0,11.5276,40.1343,57.6459,240.8997,0.0279,-0.0001,100.1348,202.6833,49.2684,-17.1879,0.0,0.0001,2.5177,0.0033,6.0925,35.5389,11.5153,27.1,35.8406
50.0,99.0,11.5107,40.1179,98.5442,241.0165,0.0291,-0.0001,100.1221,202.6833,49.2684,-17.1879,0.0,0.0001,2.5242,0.0006,6.0937,35.5381,11.4981,27.1026,35.8439
51.0,101.0,11.4954,40.1025,51.5945,241.5815,0.0379,0.0,100.0114,202.6834,49.2684,-17.1879,0.0,0.0001,2.5275,0.0009,6.0957,35.5364,11.4825,27.1042,35.8462
52.0,103.0,11.4908,40.0986,74.3195,242.1626,0.0314,0.0,99.9991,202.6834,49.2684,-17.1879,0.0,0.0001,2.5305,0.0014,6.0965,35.5362,11.4778,27.1049,35.8471
53.0,105.0,11.486,40.0949,95.1963,242.7403,0.031,0.0,99.979,202.6835,49.2684,-17.1879,0.0,0.0001,2.5358,0.0011,6.0974,35.5364,11.4727,27.106,35.8483
54.0,107.0,11.4914,40.1015,86.2705,242.999,0.0327,0.0,100.034,202.6836,49.2684,-17.1879,0.0,0.0001,2.5392,0.0002,6.0976,35.5368,11.4779,27.1054,35.8475
55.0,109.0,11.4775,40.0875,97.1599,243.5472,0.0324,0.0,100.0627,202.6837,49.2684,-17.1879,0.0,0.0001,2.5424,0.0003,6.0992,35.5356,11.4638,27.1071,35.8498
56.0,111.0,11.4656,40.0772,92.0588,243.0756,0.0335,0.0,100.0144,202.6838,49.2684,-17.1879,0.0,0.0001,2.5402,-0.0006,6.0992,35.5356,11.4515,27.1094,35.8526
57.0,113.0,11.4673,40.0796,89.6096,243.3861,0.0316,0.0,100.0296,202.6838,49.2684,-17.1879,0.0,0.0001,2.5394,0.0008,6.0992,35.5356,11.453,27.1091,35.8522
58.0,115.0,11.4614,40.0751,87.1604,243.7467,0.0326,0.0,99.9433,202.6839,49.2684,-17.1879,0.0,0.0001,2.5425,0.0004,6.0992,35.536,11.4468,27.1105,35.8539
59.0,117.0,11.4601,40.075,78.8021,243.9567,0.032,0.0,100.0395,202.684,49.2684,-17.1879,0.0,0.0001,2.5426,0.0005,6.1011,35.5362,11.4453,27.111,35.8544
60.0,119.0,11.4572,40.0731,91.1447,243.7782,0.0329,0.0,99.9754,202.684,49.2684,-17.1879,0.0,0.0001,2.5425,-0.0003,6.101,35.5363,11.4421,27.1116,35.8552
61.0,121.0,11.4532,40.0709,98.6223,243.886,0.0347,0.0,99.9744,202.6841,49.2684,-17.1879,0.0,0.0001,2.5416,0.0002,6.1014,35.5367,11.4378,27.1128,35.8565
62.0,123.0,11.4538,40.0722,98.71,243.8135,0.0348,0.0,100.0093,202.6842,49.2684,-17.1879,0.0,0.0001,2.5416,-0.0003,6.1013,35.5367,11.4382,27.1127,35.8564
63.0,125.0,11.4499,40.0697,77.2246,243.7398,0.0316,0.0,99.958,202.6842,49.2684,-17.1879,0.0,0.0001,2.5403,-0.0002,6.1023,35.5371,11.4341,27.1138,35.8577
64.0,127.0,11.444,40.066,98.5584,243.4921,0.0299,0.0,99.9975,202.6843,49.2684,-17.1879,0.0,0.0001,2.5383,-0.0006,6.1026,35.5382,11.4279,27.1158,35.8599
65.0,129.0,11.4426,40.0659,98.71,243.7502,0.0298,0.0,99.9291,202.6843,49.2684,-17.1879,0.0,0.0001,2.5389,-0.0001,6.1031,35.5387,11.4263,27.1165,35.8607
66.0,131.0,11.4378,40.0636,73.7928,243.6557,0.0331,0.0,100.0037,202.6844,49.2684,-17.1879,0.0,0.0001,2.5372,-0.0001,6.1034,35.54,11.4212,27.1184,35.8628
67.0,133.0,11.4365,40.0635,93.6819,243.8306,0.0311,0.0,99.9664,202.6844,49.2684,-17.1879,0.0,0.0001,2.5383,0.0,6.1038,35.5403,11.4197,27.119,35.8634
68.0,135.0,11.4319,40.0611,74.552,243.73,0.03,0.0,99.9691,202.6845,49.2685,-17.1879,0.0,0.0001,2.5364,-0.0002,6.1043,35.5412,11.4148,27.1206,35.8652
69.0,137.0,11.4309,40.0611,82.6968,243.5204,0.0287,0.0,99.9561,202.6845,49.2685,-17.1879,0.0,0.0001,2.5353,-0.0004,6.1043,35.5415,11.4136,27.1211,35.8657
70.0,139.0,11.4296,40.0611,98.71,243.6889,0.0274,0.0,99.9134,202.6846,49.2685,-17.1879,0.0,0.0001,2.5358,-0.0002,6.1046,35.542,11.412,27.1217,35.8664
71.0,141.0,11.4264,40.0597,98.71,243.0747,0.0298,0.0,99.9556,202.6846,49.2685,-17.1879,0.0,0.0001,2.5312,-0.0008,6.1048,35.5426,11.4085,27.1228,35.8677
72.0,143.0,11.4256,40.0599,88.8779,243.5738,0.0284,0.0,99.9078,202.6847,49.2685,-17.1879,0.0,0.0001,2.5331,0.0001,6.105,35.5428,11.4075,27.1232,35.868
73.0,145.0,11.4231,40.0588,98.71,242.6232,0.0311,0.0,99.9373,202.6848,49.2685,-17.188,0.0,0.0001,2.5288,-0.0019,6.1054,35.5431,11.4047,27.1239,35.8689
74.0,147.0,11.4206,40.0579,85.6135,243.4078,0.0305,0.0,99.892,202.6848,49.2685,-17.188,0.0,0.0001,2.5297,0.0003,6.1054,35.5436,11.402,27.1248,35.8699
75.0,149.0,11.4205,40.0586,98.71,243.1225,0.028,0.0,99.9354,202.6849,49.2685,-17.188,0.0,0.0001,2.5291,-0.0008,6.1058,35.5437,11.4016,27.125,35.8701
76.0,151.0,11.4179,40.0575,83.1919,243.4257,0.0267,0.0,99.9263,202.6849,49.2685,-17.188,0.0,0.0001,2.5295,0.0,6.1059,35.5441,11.3987,27.1258,35.871
77.0,153.0,11.4175,40.0581,98.71,243.4423,0.0268,0.0,99.929,202.685,49.2685,-17.188,0.0,0.0001,2.529,0.0001,6.1061,35.5442,11.3981,27.1261,35.8713
78.0,155.0,11.4161,40.0579,84.0235,243.2151,0.0274,0.0,99.8225,202.685,49.2685,-17.188,0.0,0.0001,2.5285,-0.0004,6.1063,35.5446,11.3965,27.1266,35.8719
79.0,157.0,11.4144,40.0579,81.835,242.7678,0.028,0.0,99.8445,202.6851,49.2685,-17.1881,0.0,0.0001,2.5244,-0.001,6.1064,35.545,11.3944,27.1273,35.8727
80.0,159.0,11.4139,40.0582,69.7777,243.0166,0.0275,0.0,99.8868,202.6851,49.2685,-17.1881,0.0,0.0001,2.524,-0.0001,6.1063,35.5452,11.3938,27.1276,35.873
81.0,161.0,11.4126,40.0592,98.7044,242.6857,0.0266,0.0001,99.7735,202.6852,49.2685,-17.1881,0.0,0.0001,2.5222,-0.0007,6.1064,35.5461,11.3921,27.1286,35.8741
82.0,163.0,11.4129,40.06,98.5935,242.7841,0.0268,0.0001,99.8376,202.6852,49.2685,-17.1881,0.0,0.0001,2.5215,-0.0002,6.1064,35.5461,11.3922,27.1286,35.8741
83.0,165.0,11.4101,40.0602,98.71,242.5451,0.0263,0.0,99.8835,202.6853,49.2685,-17.1881,0.0,0.0001,2.5184,-0.0001,6.1067,35.5478,11.3891,27.1305,35.8761
84.0,167.0,11.4114,40.0618,83.0591,242.4651,0.024,0.0001,99.833,202.6853,49.2685,-17.1881,0.0,0.0001,2.5176,-0.0002,6.1069,35.5473,11.3901,27.13,35.8755
85.0,169.0,11.4123,40.0632,98.2339,241.0164,0.0238,0.0,99.8879,202.6854,49.2685,-17.1882,0.0,0.0001,2.5112,-0.003,6.1071,35.5471,11.3909,27.1297,35.8751
86.0,171.0,11.4067,40.061,98.71,241.9395,0.0246,0.0001,99.8778,202.6854,49.2685,-17.1882,0.0,0.0001,2.5116,0.0001,6.1068,35.5493,11.3849,27.1325,35.8782
87.0,173.0,11.4065,40.0615,98.5608,242.4899,0.0265,0.0001,99.7975,202.6855,49.2685,-17.1882,0.0,0.0001,2.5149,0.0004,6.1072,35.5493,11.3846,27.1325,35.8782
88.0,175.0,11.4046,40.0609,78.1431,242.0683,0.0241,0.0001,99.8594,202.6855,49.2685,-17.1882,0.0,0.0001,2.5128,-0.0006,6.1075,35.5494,11.3824,27.133,35.8788
89.0,177.0,11.4044,40.0618,90.3347,242.4507,0.0241,0.0001,99.8025,202.6856,49.2685,-17.1882,0.0,0.0001,2.5135,0.0003,6.1075,35.5494,11.3819,27.1331,35.8789
90.0,179.0,11.4048,40.0627,98.71,242.1554,0.0219,0.0001,99.8377,202.6856,49.2686,-17.1882,0.0,0.0001,2.5127,-0.0006,6.1075,35.5495,11.3821,27.1332,35.879
91.0,181.0,11.4027,40.0631,72.4487,242.0117,0.0241,0.0001,99.7584,202.6857,49.2686,-17.1882,0.0,0.0001,2.5104,-0.0003,6.1076,35.5508,11.3797,27.1346,35.8805
92.0,183.0,11.4029,40.0643,98.71,241.9071,0.0242,0.0001,99.7861,202.6857,49.2686,-17.1882,0.0,0.0001,2.5093,-0.0005,6.1076,35.551,11.3797,27.1348,35.8807
93.0,185.0,11.4024,40.0662,90.6855,241.7182,0.0245,0.0001,99.8331,202.6858,49.2686,-17.1882,0.0,0.0001,2.5068,-0.0003,6.1075,35.5522,11.3789,27.1358,35.8817
94.0,187.0,11.4028,40.068,93.8568,241.7877,0.0234,0.0001,99.8474,202.6858,49.2686,-17.1882,0.0,0.0001,2.5064,-0.0002,6.1074,35.5527,11.3791,27.1362,35.8821
95.0,189.0,11.4043,40.072,98.71,241.7539,0.0221,0.0001,99.803,202.6859,49.2686,-17.1882,0.0,0.0001,2.5057,-0.0001,6.1073,35.5542,11.3802,27.1371,35.883
96.0,191.0,11.4048,40.0734,98.7062,242.0471,0.0209,0.0001,99.8484,202.6859,49.2686,-17.1882,0.0,0.0001,2.5062,0.0003,6.1069,35.5544,11.3805,27.1373,35.8831
97.0,193.0,11.4072,40.0774,81.3265,242.3406,0.0217,0.0001,99.8411,202.6859,49.2686,-17.1882,0.0,0.0001,2.5076,0.0006,6.107,35.5552,11.3826,27.1375,35.8832
98.0,195.0,11.407,40.0778,96.4583,241.8331,0.0226,0.0001,99.6709,202.686,49.2686,-17.1882,0.0,0.0001,2.5063,-0.0006,6.1067,35.5551,11.3822,27.1375,35.8832
99.0,197.0,11.4092,40.0818,81.0144,242.1171,0.0231,0.0001,99.8381,202.686,49.2686,-17.1882,0.0,0.0001,2.5055,0.0004,6.1066,35.5558,11.3841,27.1376,35.8833
100.0,199.0,11.4095,40.083,98.7014,242.0739,0.0208,0.0001,99.8188,202.6861,49.2686,-17.1883,0.0,0.0001,2.5058,-0.0001,6.1065,35.5559,11.3842,27.1377,35.8834
101.0,201.0,11.41,40.0844,98.71,241.9759,0.0247,0.0001,99.8121,202.6861,49.2686,-17.1883,0.0,0.0001,2.5052,-0.0003,6.1062,35.556,11.3845,27.1377,35.8834
102.0,203.0,11.4126,40.0891,83.8412,241.9952,0.0236,0.0001,99.762,202.6862,49.2686,-17.1883,0.0,0.0001,2.5049,-0.0003,6.106,35.5573,11.3868,27.1383,35.8838
103.0,205.0,11.4133,40.0908,98.71,242.1437,0.0229,0.0001,99.8308,202.6862,49.2686,-17.1883,0.0,0.0001,2.5039,0.0004,6.106,35.5573,11.3873,27.1383,35.8838
104.0,207.0,11.414,40.0925,91.4408,241.9825,0.0208,0.0001,99.7263,202.6863,49.2686,-17.1883,0.0,0.0001,2.5035,-0.0001,6.1059,35.5575,11.3877,27.1383,35.8838
105.0,209.0,11.4149,40.0946,86.4125,241.7579,0.0182,0.0001,99.7576,202.6863,49.2687,-17.1883,0.0,0.0001,2.502,-0.0006,6.1058,35.5578,11.3883,27.1384,35.8839
106.0,211.0,11.4153,40.096,98.4602,242.3731,0.0214,0.0001,99.7285,202.6864,49.2687,-17.1883,0.0,0.0001,2.5042,0.0005,6.1057,35.5579,11.3885,27.1385,35.8839
107.0,213.0,11.416,40.0976,98.705,242.4716,0.0234,0.0001,99.8114,202.6864,49.2687,-17.1883,0.0,0.0001,2.5055,0.0,6.1056,35.5579,11.3889,27.1384,35.8838
108.0,215.0,11.4166,40.0994,84.884,242.5338,0.0227,0.0001,99.8284,202.6865,49.2687,-17.1883,0.0,0.0001,2.5058,0.0,6.1055,35.5582,11.3892,27.1386,35.884
109.0,217.0,11.4167,40.1003,63.3628,242.3521,0.0235,0.0001,99.7064,202.6865,49.2687,-17.1883,0.0,0.0001,2.5048,-0.0004,6.1055,35.5582,11.3892,27.1386,35.884
110.0,219.0,11.4171,40.1018,92.4657,242.0357,0.0208,0.0001,99.8132,202.6865,49.2687,-17.1883,0.0,0.0001,2.5022,-0.0006,6.1055,35.5583,11.3893,27.1387,35.8841
111.0,221.0,11.4173,40.103,84.1304,242.5246,0.0196,0.0001,99.717,202.6866,49.2687,-17.1883,0.0,0.0001,2.5032,0.0004,6.1054,35.5585,11.3892,27.1388,35.8842
112.0,223.0,11.4174,40.1041,98.71,242.5373,0.0194,0.0001,99.8063,202.6866,49.2687,-17.1883,0.0,0.0001,2.5042,-0.0002,6.1054,35.5585,11.3891,27.1389,35.8843
113.0,225.0,11.4175,40.1052,87.6951,242.6741,0.0191,0.0001,99.7809,202.6867,49.2687,-17.1883,0.0,0.0001,2.5044,0.0,6.1054,35.5586,11.3888,27.1389,35.8843
114.0,227.0,11.4177,40.1063,96.6825,242.4671,0.0189,0.0001,99.7531,202.6867,49.2687,-17.1883,0.0,0.0001,2.5032,-0.0004,6.1054,35.5586,11.3888,27.139,35.8844
115.0,229.0,11.4179,40.1072,86.2518,242.3562,0.0222,0.0001,99.7939,202.6868,49.2687,-17.1883,0.0,0.0001,2.5015,-0.0002,6.1054,35.5584,11.3887,27.1389,35.8843
116.0,231.0,11.4177,40.1079,87.5988,242.2443,0.02,0.0001,99.8032,202.6868,49.2687,-17.1884,0.0,0.0001,2.5005,-0.0004,6.1054,35.5586,11.3883,27.139,35.8845
117.0,233.0,11.4178,40.109,98.7016,242.3661,0.0223,0.0001,99.7058,202.6869,49.2687,-17.1884,0.0,0.0001,2.5003,-0.0001,6.1054,35.5586,11.3882,27.1391,35.8845
118.0,235.0,11.4179,40.1099,80.594,242.1493,0.0226,0.0001,99.8112,202.6869,49.2687,-17.1884,0.0,0.0001,2.4983,-0.0004,6.1054,35.5585,11.388,27.1391,35.8845
119.0,237.0,11.4174,40.1108,93.1737,242.3067,0.0199,0.0001,99.7377,202.687,49.2687,-17.1884,0.0,0.0001,2.4988,-0.0001,6.1053,35.5587,11.3872,27.1394,35.8848
120.0,239.0,11.4179,40.1117,98.71,242.2523,0.024,0.0001,99.791,202.687,49.2688,-17.1884,0.0,0.0001,2.4972,-0.0001,6.1054,35.5586,11.3875,27.1392,35.8847
121.0,241.0,11.4173,40.1122,93.7277,242.5461,0.0214,0.0001,99.6594,202.6871,49.2688,-17.1884,0.0,0.0001,2.4987,0.0003,6.1055,35.5584,11.3866,27.1393,35.8848
122.0,243.0,11.4171,40.1127,98.71,242.3867,0.022,0.0001,99.6904,202.6871,49.2688,-17.1884,0.0,0.0001,2.4981,-0.0004,6.1061,35.5586,11.3862,27.1395,35.885
123.0,245.0,11.4115,40.1075,86.4935,242.2894,0.0206,0.0001,99.6936,202.6872,49.2688,-17.1885,0.0,0.0001,2.4965,-0.0002,6.1061,35.5576,11.3803,27.1398,35.8856
124.0,247.0,11.4116,40.1083,98.695,241.8726,0.0201,0.0001,99.79,202.6872,49.2688,-17.1885,0.0,0.0001,2.4947,-0.0011,6.1062,35.5576,11.3802,27.1398,35.8856
125.0,249.0,11.4094,40.1069,98.6516,242.3867,0.0197,0.0001,99.6881,202.6873,49.2688,-17.1885,0.0,0.0001,2.4955,0.0001,6.1068,35.5573,11.3777,27.1401,35.8859
126.0,251.0,11.4045,40.1021,91.9352,242.1786,0.0187,0.0001,99.809,202.6873,49.2688,-17.1885,0.0,0.0001,2.494,-0.0004,6.1074,35.5565,11.3725,27.1404,35.8865
127.0,253.0,11.4001,40.0982,85.2188,242.0281,0.0197,0.0001,99.6733,202.6874,49.2688,-17.1885,0.0,0.0001,2.4925,-0.0004,6.1076,35.5557,11.3679,27.1406,35.8869
128.0,255.0,11.4009,40.0997,91.389,242.0213,0.0168,0.0002,99.5617,202.6874,49.2688,-17.1885,0.0,0.0001,2.4916,-0.0005,6.1087,35.5559,11.3685,27.1407,35.8869
129.0,257.0,11.3913,40.09,98.3857,242.071,0.0218,0.0001,99.7931,202.6875,49.2688,-17.1886,0.0,0.0001,2.49,0.0001,6.1091,35.5543,11.3585,27.1413,35.888
130.0,259.0,11.3925,40.0921,87.5336,241.8427,0.0185,0.0001,99.7314,202.6875,49.2688,-17.1886,0.0,0.0001,2.4888,-0.0004,6.1094,35.5545,11.3596,27.1413,35.8879
131.0,261.0,11.3875,40.0872,95.5457,241.9308,0.0203,0.0001,99.7865,202.6876,49.2689,-17.1886,0.0,0.0001,2.4878,-0.0001,6.1109,35.5535,11.3543,27.1414,35.8883
132.0,263.0,11.3768,40.0766,89.8587,241.8041,0.0193,0.0001,99.7585,202.6877,49.2689,-17.1887,0.0,0.0001,2.4867,-0.0003,6.1115,35.5522,11.3433,27.1425,35.8898
133.0,265.0,11.3756,40.0752,98.71,241.4044,0.0171,0.0001,99.8001,202.6877,49.2689,-17.1887,0.0,0.0001,2.4837,-0.0009,6.1135,35.5514,11.3419,27.1421,35.8895
134.0,267.0,11.3594,40.0582,98.7031,241.6085,0.0226,0.0001,99.7996,202.6877,49.2689,-17.1887,0.0,0.0001,2.4833,-0.0002,6.1135,35.5493,11.3255,27.1435,35.8916
135.0,269.0,11.3587,40.0586,95.396,241.5099,0.0215,0.0001,99.7444,202.6878,49.2689,-17.1887,0.0,0.0001,2.4824,-0.0003,6.1141,35.5494,11.3246,27.1438,35.8919
136.0,271.0,11.3507,40.0507,98.71,241.4584,0.0206,0.0001,99.8064,202.6879,49.2689,-17.1888,0.0,0.0001,2.4804,-0.0001,6.1145,35.5482,11.3163,27.1444,35.8929
137.0,273.0,11.3503,40.0512,77.0326,241.5387,0.02,0.0001,99.754,202.6879,49.2689,-17.1888,0.0,0.0001,2.4807,-0.0001,6.1148,35.5482,11.3156,27.1445,35.893
138.0,275.0,11.3472,40.048,98.71,241.3571,0.0217,0.0001,99.8112,202.688,49.2689,-17.1888,0.0,0.0001,2.4791,-0.0003,6.1152,35.5472,11.3123,27.1443,35.893
139.0,277.0,11.3407,40.0425,93.8411,241.39,0.019,0.0002,99.5623,202.688,49.2689,-17.1889,0.0,0.0001,2.4786,-0.0004,6.1177,35.547,11.3055,27.1455,35.8944
140.0,279.0,11.3205,40.0215,98.695,240.3516,0.0214,0.0001,99.72,202.6881,49.2689,-17.1889,0.0,0.0001,2.4719,-0.0019,6.1202,35.545,11.2851,27.1477,35.8974
141.0,281.0,11.3035,40.0029,84.5611,241.1231,0.0213,0.0001,99.7065,202.6881,49.2689,-17.1889,0.0,0.0001,2.4725,0.0002,6.1214,35.5419,11.2679,27.1484,35.899
142.0,283.0,11.2922,39.9913,93.1975,240.8346,0.0217,0.0001,99.6563,202.6882,49.2689,-17.1889,0.0,0.0001,2.4713,-0.0008,6.1246,35.5403,11.2564,27.1494,35.9004
143.0,285.0,11.269,39.9667,98.71,240.898,0.0178,0.0001,99.6442,202.6882,49.2689,-17.189,0.0,0.0001,2.4693,-0.0001,6.1262,35.5372,11.2329,27.1513,35.9033
144.0,287.0,11.2639,39.9626,98.7062,240.7759,0.0203,0.0001,99.6789,202.6883,49.269,-17.189,0.0,0.0001,2.4685,-0.0004,6.1264,35.537,11.2276,27.1521,35.9043
145.0,289.0,11.2633,39.9627,94.8235,240.6483,0.0166,0.0001,99.8112,202.6883,49.269,-17.189,0.0,0.0001,2.4664,-0.0002,6.1263,35.5369,11.2267,27.1522,35.9044
146.0,291.0,11.2641,39.9643,97.078,240.9977,0.0194,0.0001,99.7143,202.6884,49.269,-17.189,0.0,0.0001,2.4664,0.0002,6.1268,35.5368,11.2272,27.152,35.9042
147.0,293.0,11.2531,39.9535,92.2883,240.6826,0.0222,0.0002,99.6066,202.6884,49.269,-17.189,0.0,0.0001,2.4653,-0.0007,6.1296,35.536,11.216,27.1534,35.9061
148.0,295.0,11.2359,39.9355,98.6996,240.6556,0.0218,0.0001,99.8275,202.6885,49.269,-17.1891,0.0,0.0001,2.4639,-0.0003,6.1307,35.5336,11.1986,27.1548,35.9082
149.0,297.0,11.2351,39.9356,98.7,240.6045,0.0193,0.0001,99.7125,202.6885,49.269,-17.1891,0.0,0.0001,2.463,-0.0002,6.1315,35.5336,11.1976,27.155,35.9085
150.0,299.0,11.2312,39.9321,85.7798,240.844,0.0205,0.0001,99.6424,202.6886,49.269,-17.1891,0.0,0.0001,2.463,0.0003,6.1316,35.5333,11.1935,27.1555,35.9091
151.0,301.0,11.2239,39.9262,98.5816,240.9013,0.0192,0.0001,99.8238,202.6886,49.269,-17.1891,0.0,0.0001,2.4636,0.0,6.1317,35.533,11.1859,27.1567,35.9107
152.0,303.0,11.2239,39.9269,98.7062,240.7003,0.0187,0.0001,99.8235,202.6887,49.269,-17.1891,0.0,0.0001,2.4629,-0.0004,6.1318,35.5331,11.1857,27.1568,35.9108
153.0,305.0,11.2235,39.9276,83.9386,240.7566,0.0184,0.0001,99.8283,202.6887,49.269,-17.1891,0.0,0.0001,2.462,-0.0001,6.132,35.5333,11.1849,27.1571,35.9111
154.0,307.0,11.2227,39.9278,98.71,240.7673,0.02,0.0001,99.8353,202.6888,49.269,-17.1891,0.0,0.0001,2.4609,-0.0001,6.1325,35.5336,11.184,27.1575,35.9116
155.0,309.0,11.2178,39.924,93.5995,240.9059,0.0198,0.0002,99.6365,202.6888,49.269,-17.1892,0.0,0.0001,2.4612,0.0,6.133,35.5333,11.1788,27.1583,35.9125
156.0,311.0,11.2119,39.9184,98.7046,240.6621,0.0183,0.0001,99.8401,202.6889,49.269,-17.1892,0.0,0.0001,2.4598,-0.0007,6.1349,35.5327,11.1727,27.1589,35.9134
157.0,313.0,11.2029,39.9101,93.8251,240.7436,0.02,0.0001,99.762,202.6889,49.269,-17.1892,0.0,0.0001,2.4596,-0.0005,6.1349,35.5321,11.1633,27.1602,35.9151
158.0,315.0,11.2021,39.91,87.9167,241.0718,0.0204,0.0001,99.7969,202.6889,49.269,-17.1892,0.0,0.0001,2.46,0.0002,6.1351,35.5322,11.1624,27.1604,35.9153
159.0,317.0,11.1911,39.9004,98.71,241.2613,0.0222,0.0001,99.8401,202.689,49.2691,-17.1892,0.0,0.0001,2.4603,0.0004,6.1359,35.5319,11.1511,27.1623,35.9176
160.0,319.0,11.1933,39.9032,82.3647,241.1558,0.0202,0.0002,99.6331,202.689,49.2691,-17.1892,0.0,0.0001,2.4605,-0.0002,6.1366,35.532,11.1531,27.1619,35.9173
161.0,321.0,11.1836,39.8948,86.6893,241.1137,0.0161,0.0001,99.8401,202.6891,49.2691,-17.1892,0.0,0.0001,2.4591,-0.0002,6.1371,35.532,11.1431,27.1638,35.9195
162.0,323.0,11.1814,39.894,98.7354,241.3208,0.0202,0.0001,99.7538,202.6891,49.2691,-17.1893,0.0,0.0001,2.4596,0.0001,6.1375,35.5324,11.1407,27.1646,35.9204
163.0,325.0,11.1787,39.8923,98.71,241.1487,0.022,0.0001,99.8228,202.6892,49.2691,-17.1893,0.0,0.0001,2.4587,-0.0004,6.138,35.5324,11.1377,27.1651,35.921
164.0,327.0,11.1751,39.8905,98.695,241.5641,0.019,0.0002,99.6624,202.6892,49.2691,-17.1893,0.0,0.0001,2.4599,0.0002,6.1384,35.533,11.1339,27.1663,35.9223
165.0,329.0,11.1738,39.8899,28.5955,241.7612,0.0234,0.0001,99.8034,202.6893,49.2691,-17.1893,0.0,0.0001,2.4603,0.0004,6.1387,35.5329,11.1324,27.1665,35.9226
166.0,331.0,11.1714,39.8889,97.1311,241.432,0.0207,0.0001,99.8062,202.6893,49.2691,-17.1893,0.0,0.0001,2.4594,-0.0003,6.1391,35.5333,11.1297,27.1673,35.9235
167.0,333.0,11.167,39.886,98.7013,242.1578,0.0195,0.0001,99.8514,202.6894,49.2691,-17.1893,0.0,0.0001,2.4603,0.0008,6.1394,35.5338,11.1251,27.1685,35.9249
168.0,335.0,11.1652,39.8857,94.9872,241.7542,0.019,0.0001,99.7853,202.6894,49.269,-17.1893,0.0,0.0001,2.4602,-0.0003,6.1395,35.5343,11.1229,27.1693,35.9258
169.0,337.0,11.1656,39.8866,98.71,241.6199,0.0196,0.0001,99.8431,202.6895,49.269,-17.1893,0.0,0.0001,2.4591,-0.0004,6.1396,35.5342,11.1231,27.1691,35.9256
170.0,339.0,11.1638,39.8865,84.9313,241.9208,0.0216,0.0001,99.7765,202.6895,49.269,-17.1893,0.0,0.0001,2.4598,0.0001,6.1396,35.5346,11.1211,27.1699,35.9265
171.0,341.0,11.1637,39.8869,76.8277,241.6274,0.0215,0.0001,99.7928,202.6895,49.269,-17.1893,0.0,0.0001,2.4589,-0.0007,6.1399,35.5346,11.1207,27.1699,35.9265
172.0,343.0,11.1613,39.8866,68.7241,242.2103,0.0195,0.0001,99.7315,202.6896,49.269,-17.1894,0.0,0.0001,2.4604,0.0004,6.1399,35.5353,11.118,27.171,35.9277
173.0,345.0,11.1615,39.8875,97.4918,241.7263,0.0223,0.0001,99.8139,202.6896,49.269,-17.1894,0.0,0.0001,2.4591,-0.0008,6.14,35.5353,11.1181,27.171,35.9277
174.0,347.0,11.1604,39.8878,98.71,242.0761,0.0206,0.0001,99.8399,202.6897,49.269,-17.1894,0.0,0.0001,2.4591,0.0002,6.14,35.5356,11.1166,27.1714,35.9282
175.0,349.0,11.1606,39.8886,98.5169,242.0803,0.0172,0.0001,99.6999,202.6897,49.269,-17.1894,0.0,0.0001,2.4594,-0.0001,6.1401,35.5357,11.1166,27.1716,35.9283
176.0,351.0,11.1594,39.8888,91.2387,242.2946,0.0156,0.0001,99.8177,202.6898,49.2691,-17.1894,0.0,0.0001,2.4595,0.0003,6.1401,35.536,11.1151,27.1721,35.9289
177.0,353.0,11.1592,39.8896,83.9604,241.887,0.0209,0.0001,99.8004,202.6898,49.269,-17.1894,0.0,0.0001,2.4577,-0.0005,6.1403,35.5362,11.1147,27.1723,35.9291
178.0,355.0,11.1586,39.8902,95.2907,242.1436,0.0192,0.0001,99.8046,202.6899,49.269,-17.1894,0.0,0.0001,2.4574,0.0003,6.1404,35.5364,11.1139,27.1726,35.9294
179.0,357.0,11.1575,39.8906,98.5967,242.2103,0.0148,0.0001,99.869,202.6899,49.269,-17.1894,0.0,0.0001,2.4581,0.0,6.1404,35.5369,11.1125,27.1732,35.9301
180.0,359.0,11.1562,39.8905,98.71,242.5761,0.0186,0.0001,99.869,202.69,49.269,-17.1895,0.0,0.0001,2.459,0.0005,6.1409,35.5372,11.1109,27.1737,35.9307
181.0,361.0,11.153,39.8891,67.7489,242.4512,0.0205,0.0001,99.8776,202.69,49.269,-17.1895,0.0,0.0001,2.4591,-0.0001,6.1411,35.5379,11.1075,27.175,35.932
182.0,363.0,11.1511,39.8888,96.5647,242.6447,0.0189,0.0001,99.88,202.6901,49.269,-17.1895,0.0,0.0001,2.4598,0.0,6.1415,35.5386,11.1054,27.1758,35.933
183.0,365.0,11.1472,39.887,4.3186,242.5444,0.0221,0.0,99.8798,202.6901,49.269,-17.1895,0.0,0.0001,2.4586,-0.0001,6.1416,35.5395,11.1011,27.1774,35.9347
184.0,367.0,11.1462,39.887,89.2237,242.6242,0.0196,0.0,99.894,202.6902,49.2691,-17.1895,0.0,0.0001,2.4586,0.0,6.142,35.5397,11.0999,27.1777,35.9351
185.0,369.0,11.1424,39.8851,98.71,242.3689,0.0222,0.0,99.8978,202.6902,49.269,-17.1896,0.0,0.0001,2.4572,-0.0007,6.142,35.5405,11.0959,27.1791,35.9366
186.0,371.0,11.1421,39.8856,87.1234,242.5931,0.0177,0.0,99.8978,202.6903,49.2691,-17.1896,0.0,0.0001,2.4571,0.0,6.1423,35.5404,11.0953,27.1791,35.9366
187.0,373.0,11.1413,39.8857,70.2999,242.4209,0.0168,0.0,99.8978,202.6903,49.2691,-17.1896,0.0,0.0001,2.4567,-0.0006,6.1426,35.5405,11.0943,27.1794,35.937
188.0,375.0,11.1396,39.885,53.4764,242.4002,0.0174,0.0,99.8925,202.6904,49.2691,-17.1896,0.0,0.0001,2.4558,-0.0003,6.1426,35.5405,11.0923,27.1797,35.9374
189.0,377.0,11.1397,39.8861,96.0056,242.8806,0.0185,0.0,99.8936,202.6904,49.2691,-17.1896,0.0,0.0001,2.4573,0.0003,6.1428,35.5407,11.0922,27.18,35.9376
190.0,379.0,11.1377,39.8853,98.7019,242.9136,0.0175,0.0,99.9002,202.6905,49.2691,-17.1897,0.0,0.0001,2.457,0.0003,6.1429,35.5408,11.0898,27.1805,35.9382
191.0,381.0,11.1375,39.886,98.71,242.4136,0.0171,0.0,99.8962,202.6905,49.2691,-17.1897,0.0,0.0001,2.455,-0.0009,6.1429,35.541,11.0894,27.1807,35.9384
192.0,383.0,11.1372,39.8871,89.9723,242.6124,0.0203,0.0,99.9036,202.6906,49.2691,-17.1897,0.0,0.0001,2.4542,0.0,6.1429,35.5414,11.0889,27.181,35.9388
193.0,385.0,11.1375,39.8882,87.6818,242.6664,0.0205,0.0,99.8957,202.6906,49.2691,-17.1897,0.0,0.0001,2.4542,-0.0001,6.1429,35.5414,11.0889,27.181,35.9388
194.0,387.0,11.1372,39.889,98.69,242.4071,0.018,0.0,99.894,202.6907,49.2691,-17.1897,0.0,0.0001,2.4529,-0.0005,6.1429,35.5416,11.0884,27.1813,35.9391
195.0,389.0,11.1371,39.8897,98.6905,242.1907,0.0158,0.0,99.8964,202.6907,49.2691,-17.1898,0.0,0.0001,2.4513,-0.0006,6.1429,35.5417,11.0881,27.1814,35.9393
196.0,391.0,11.1359,39.89,74.81,242.5193,0.0169,0.0,99.8961,202.6908,49.2691,-17.1898,0.0,0.0001,2.4506,0.0004,6.143,35.5419,11.0865,27.1819,35.9397
197.0,393.0,11.136,39.8909,97.1432,242.6469,0.0187,0.0,99.8978,202.6908,49.2691,-17.1898,0.0,0.0001,2.4516,0.0001,6.1431,35.5419,11.0864,27.1819,35.9398
198.0,395.0,11.1355,39.8921,98.6239,242.19,0.0173,0.0,99.8951,202.6909,49.2691,-17.1898,0.0,0.0001,2.4493,-0.0005,6.1431,35.5425,11.0856,27.1825,35.9405
199.0,397.0,11.1354,39.8928,98.71,242.1,0.0181,0.0,99.901,202.6909,49.2691,-17.1899,0.0,0.0001,2.4476,-0.0005,6.1432,35.5427,11.0853,27.1827,35.9407
200.0,399.0,11.1345,39.8938,87.2389,242.1786,0.0188,0.0,99.8981,202.691,49.2691,-17.1899,0.0,0.0001,2.4469,-0.0001,6.1431,35.5433,11.0841,27.1835,35.9414
201.0,401.0,11.135,39.8956,98.3792,241.78,0.0164,0.0,99.8944,202.691,49.2691,-17.1899,0.0,0.0001,2.4449,-0.0009,6.143,35.5439,11.0844,27.1839,35.9418
202.0,403.0,11.1357,39.8991,98.695,242.0184,0.0162,0.0001,99.872,202.6911,49.2691,-17.1899,0.0,0.0001,2.4447,-0.0001,6.1429,35.5456,11.0848,27.1851,35.943
203.0,405.0,11.1361,39.8998,63.2013,242.3976,0.0183,0.0001,99.8755,202.6911,49.2691,-17.19,0.0,0.0001,2.4459,0.0004,6.1427,35.5453,11.085,27.1849,35.9427
204.0,407.0,11.1377,39.904,95.127,242.1554,0.0187,0.0,99.8978,202.6912,49.2691,-17.19,0.0,0.0001,2.446,-0.0004,6.1425,35.547,11.0863,27.1859,35.9437
205.0,409.0,11.1385,39.9067,82.3351,241.9873,0.0157,0.0,99.8864,202.6912,49.2691,-17.19,0.0,0.0001,2.4438,-0.0002,6.1423,35.5479,11.0869,27.1865,35.9443
206.0,411.0,11.139,39.908,84.5154,242.1235,0.019,0.0,99.8978,202.6913,49.2691,-17.19,0.0,0.0001,2.4436,0.0,6.1422,35.5483,11.0871,27.1868,35.9445
207.0,413.0,11.1402,39.9115,94.365,242.2211,0.0176,0.0001,99.8795,202.6913,49.2691,-17.1901,0.0,0.0001,2.4434,0.0001,6.1421,35.5493,11.088,27.1874,35.9451
208.0,415.0,11.1406,39.9125,98.705,242.0102,0.0186,0.0001,99.8829,202.6914,49.2691,-17.1901,0.0,0.0001,2.4429,-0.0004,6.142,35.5494,11.0882,27.1874,35.9451
209.0,417.0,11.1421,39.9164,88.8669,241.9982,0.0165,0.0001,99.8798,202.6914,49.2691,-17.1901,0.0,0.0001,2.4419,-0.0003,6.1419,35.5507,11.0894,27.1882,35.9458
210.0,419.0,11.1424,39.9173,98.707,242.2424,0.0172,0.0001,99.8779,202.6915,49.2691,-17.1901,0.0,0.0001,2.4419,0.0002,6.1418,35.5507,11.0894,27.1882,35.9459
211.0,421.0,11.1428,39.919,80.844,242.0205,0.0217,0.0001,99.8675,202.6915,49.2691,-17.1901,0.0,0.0001,2.4411,-0.0005,6.1417,35.551,11.0896,27.1884,35.946
212.0,423.0,11.1434,39.9209,95.8839,242.1105,0.0176,0.0,99.8839,202.6916,49.2691,-17.1902,0.0,0.0001,2.4404,0.0,6.1417,35.5513,11.0899,27.1886,35.9462
213.0,425.0,11.1434,39.9221,93.2564,242.3338,0.018,0.0,99.8838,202.6916,49.2691,-17.1902,0.0,0.0001,2.4415,0.0001,6.1416,35.5515,11.0897,27.1888,35.9464
214.0,427.0,11.1438,39.9231,94.1368,241.8363,0.016,0.0001,99.8545,202.6917,49.2691,-17.1902,0.0,0.0001,2.4395,-0.0007,6.1416,35.5514,11.0898,27.1887,35.9463
215.0,429.0,11.1439,39.9244,98.7025,242.1414,0.0185,0.0,99.8723,202.6917,49.2691,-17.1902,0.0,0.0001,2.4395,0.0,6.1416,35.5517,11.0896,27.1889,35.9466
216.0,431.0,11.1443,39.9263,86.5866,242.0025,0.0173,0.0,99.889,202.6917,49.2691,-17.1902,0.0,0.0001,2.4386,-0.0003,6.1415,35.5522,11.0898,27.1894,35.9469
217.0,433.0,11.1447,39.9279,98.6723,242.3825,0.0154,0.0001,99.8735,202.6918,49.2691,-17.1902,0.0,0.0001,2.4392,0.0005,6.1414,35.5526,11.09,27.1896,35.9472
218.0,435.0,11.1455,39.93,98.71,242.229,0.0184,0.0001,99.8858,202.6918,49.2691,-17.1903,0.0,0.0001,2.4391,-0.0001,6.1413,35.553,11.0904,27.1899,35.9474
219.0,437.0,11.1456,39.9311,76.6715,241.9756,0.018,0.0001,99.8661,202.6919,49.2691,-17.1903,0.0,0.0001,2.4371,-0.0004,6.1411,35.5532,11.0904,27.19,35.9476
220.0,439.0,11.1476,39.9358,98.695,242.0834,0.0195,0.0001,99.8726,202.6919,49.2691,-17.1903,0.0,0.0001,2.4359,0.0003,6.141,35.555,11.092,27.1911,35.9485
221.0,441.0,11.148,39.9377,98.6406,242.3661,0.0165,0.0001,99.8618,202.692,49.2691,-17.1903,0.0,0.0001,2.4377,0.0003,6.1409,35.5556,11.0922,27.1915,35.9489
222.0,443.0,11.148,39.9386,84.3267,242.0891,0.0148,0.0001,99.8686,202.692,49.2691,-17.1903,0.0,0.0001,2.4372,-0.0005,6.1407,35.5558,11.092,27.1917,35.9492
223.0,445.0,11.1486,39.9427,92.9538,241.9844,0.0153,0.0001,99.8161,202.6921,49.2691,-17.1904,0.0,0.0001,2.4355,-0.0005,6.1408,35.5581,11.0923,27.1934,35.9509
224.0,447.0,11.1484,39.9432,85.9363,242.3864,0.0176,0.0001,99.8394,202.6921,49.2691,-17.1904,0.0,0.0001,2.436,0.0003,6.1407,35.5581,11.0918,27.1936,35.951
225.0,449.0,11.1479,39.9443,75.3947,242.104,0.0191,0.0001,99.8552,202.6922,49.2691,-17.1904,0.0,0.0001,2.4359,-0.0007,6.1408,35.5589,11.0911,27.1943,35.9518
226.0,451.0,11.148,39.9453,98.6956,242.6931,0.0198,0.0001,99.7414,202.6922,49.2691,-17.1904,0.0,0.0001,2.4382,0.0003,6.1407,35.5588,11.0909,27.1942,35.9517
227.0,453.0,11.1484,39.9469,76.0567,242.1781,0.0181,0.0001,99.8411,202.6923,49.2691,-17.1904,0.0,0.0001,2.4358,-0.0008,6.1407,35.5591,11.0911,27.1945,35.9519
228.0,455.0,11.1482,39.9484,93.7067,242.4946,0.0195,0.0001,99.7566,202.6923,49.2691,-17.1905,0.0,0.0001,2.4361,0.0,6.1407,35.5598,11.0906,27.1951,35.9526
229.0,457.0,11.1482,39.9492,98.71,242.335,0.0151,0.0002,99.6313,202.6924,49.2691,-17.1905,0.0,0.0001,2.4352,-0.0003,6.1407,35.56,11.0904,27.1953,35.9527
230.0,459.0,11.1482,39.9507,84.5345,242.5806,0.0207,0.0001,99.8218,202.6924,49.2691,-17.1905,0.0,0.0001,2.4355,0.0001,6.1408,35.5604,11.0901,27.1956,35.9531
231.0,461.0,11.1478,39.9515,94.4847,242.3743,0.0179,0.0001,99.7951,202.6925,49.2691,-17.1905,0.0,0.0001,2.4342,-0.0003,6.141,35.5606,11.0893,27.196,35.9535
232.0,463.0,11.1448,39.9502,98.7,242.7987,0.0203,0.0001,99.8335,202.6925,49.2691,-17.1905,0.0,0.0001,2.4347,0.0007,6.1412,35.5614,11.0862,27.1972,35.9548
233.0,465.0,11.1433,39.9498,77.5938,243.0424,0.0183,0.0001,99.79,202.6926,49.2691,-17.1905,0.0,0.0001,2.4363,0.0006,6.1414,35.5616,11.0844,27.1976,35.9553
234.0,467.0,11.1421,39.9501,98.7046,242.7497,0.0193,0.0001,99.7952,202.6926,49.2692,-17.1906,0.0,0.0001,2.4359,-0.0003,6.1414,35.562,11.0829,27.1982,35.9559
235.0,469.0,11.1426,39.9514,87.9457,242.8358,0.0166,0.0001,99.8317,202.6927,49.2692,-17.1906,0.0,0.0001,2.4358,-0.0003,6.1412,35.562,11.0832,27.1981,35.9559
236.0,471.0,11.145,39.9556,98.6993,242.8198,0.0184,0.0001,99.8384,202.6927,49.2692,-17.1906,0.0,0.0001,2.4347,0.0,6.141,35.5631,11.0853,27.1986,35.9562
237.0,473.0,11.1467,39.9588,79.8367,242.8546,0.015,0.0001,99.8339,202.6928,49.2692,-17.1906,0.0,0.0001,2.4346,0.0,6.1405,35.5639,11.0868,27.199,35.9565
238.0,475.0,11.1487,39.963,91.6077,242.6336,0.0176,0.0001,99.8258,202.6928,49.2692,-17.1907,0.0,0.0001,2.4333,-0.0003,6.1405,35.565,11.0884,27.1996,35.957
239.0,477.0,11.1479,39.9631,98.71,242.4803,0.0192,0.0001,99.8286,202.6929,49.2692,-17.1907,0.0,0.0001,2.4325,-0.0005,6.1407,35.5653,11.0876,27.1999,35.9574
240.0,479.0,11.1457,39.9628,98.7023,242.8753,0.017,0.0001,99.7807,202.6929,49.2692,-17.1907,0.0,0.0001,2.4325,0.0003,6.1411,35.566,11.085,27.2009,35.9585
241.0,481.0,11.1423,39.9608,77.2153,242.8014,0.0153,0.0001,99.7622,202.693,49.2692,-17.1907,0.0,0.0001,2.4327,-0.0002,6.1413,35.5664,11.0813,27.2019,35.9597
242.0,483.0,11.1423,39.9617,95.4455,242.761,0.0167,0.0001,99.796,202.693,49.2692,-17.1908,0.0,0.0001,2.4317,-0.0001,6.1414,35.5665,11.0811,27.202,35.9598
243.0,485.0,11.1414,39.9618,98.5097,242.7542,0.0174,0.0001,99.8171,202.6931,49.2692,-17.1908,0.0,0.0001,2.4315,-0.0003,6.1414,35.5667,11.0799,27.2024,35.9602
244.0,487.0,11.1408,39.9625,98.7025,242.8015,0.0184,0.0001,99.8241,202.6931,49.2692,-17.1908,0.0,0.0001,2.4309,-0.0001,6.1414,35.5668,11.0791,27.2027,35.9605
245.0,489.0,11.141,39.9633,78.8124,242.4643,0.0248,0.0001,99.8069,202.6932,49.2692,-17.1908,0.0,0.0001,2.4286,-0.0005,6.1414,35.5667,11.0791,27.2026,35.9604
246.0,491.0,11.141,39.9642,91.9507,242.9939,0.0189,0.0001,99.8158,202.6932,49.2692,-17.1909,0.0,0.0001,2.4301,0.0003,6.1414,35.5667,11.0788,27.2026,35.9605
247.0,493.0,11.1408,39.9651,90.755,242.8529,0.0158,0.0001,99.8014,202.6933,49.2692,-17.1909,0.0,0.0001,2.4298,-0.0002,6.1414,35.5669,11.0784,27.2029,35.9607
248.0,495.0,11.1408,39.9658,98.71,242.7933,0.0178,0.0001,99.8368,202.6933,49.2692,-17.1909,0.0,0.0001,2.4286,-0.0001,6.1415,35.5668,11.078,27.2028,35.9607
249.0,497.0,11.1405,39.9667,87.584,242.9431,0.0186,0.0001,99.8086,202.6934,49.2692,-17.1909,0.0,0.0001,2.4292,0.0,6.1415,35.5669,11.0775,27.2031,35.9609
250.0,499.0,11.1399,39.9671,97.2995,242.7145,0.0195,0.0001,99.8253,202.6934,49.2692,-17.1909,0.0,0.0001,2.4282,-0.0006,6.1416,35.5671,11.0766,27.2034,35.9613
251.0,501.0,11.1371,39.9655,97.834,242.9523,0.0164,0.0001,99.8308,202.6935,49.2692,-17.191,0.0,0.0001,2.4281,0.0001,6.142,35.5673,11.0735,27.204,35.9621
252.0,503.0,11.1362,39.9656,89.2001,242.9292,0.0179,0.0001,99.8257,202.6935,49.2692,-17.191,0.0,0.0001,2.4277,-0.0001,6.1423,35.5674,11.0724,27.2043,35.9624
253.0,505.0,11.1338,39.9642,90.3784,242.9478,0.0181,0.0001,99.7917,202.6936,49.2692,-17.191,0.0,0.0001,2.4275,-0.0002,6.1424,35.5675,11.0698,27.2049,35.9631
254.0,507.0,11.1331,39.9644,98.6969,242.825,0.0183,0.0001,99.7261,202.6936,49.2692,-17.191,0.0,0.0001,2.4263,-0.0003,6.1427,35.5675,11.0688,27.2051,35.9633
255.0,509.0,11.1304,39.9631,88.2691,242.9129,0.0174,0.0001,99.6656,202.6937,49.2692,-17.191,0.0,0.0001,2.426,0.0,6.1428,35.5677,11.0659,27.2058,35.9641
256.0,511.0,11.1304,39.9638,87.1517,242.7673,0.0154,0.0001,99.6844,202.6937,49.2692,-17.191,0.0,0.0001,2.4255,-0.0004,6.143,35.5677,11.0657,27.2059,35.9642
257.0,513.0,11.1284,39.963,98.6962,242.9732,0.0201,0.0001,99.8367,202.6938,49.2692,-17.191,0.0,0.0001,2.4249,0.0001,6.143,35.5679,11.0633,27.2064,35.9648
258.0,515.0,11.1291,39.9645,89.2435,242.7618,0.0193,0.0001,99.8313,202.6938,49.2692,-17.1911,0.0,0.0001,2.4238,-0.0004,6.143,35.568,11.0638,27.2064,35.9648
259.0,517.0,11.128,39.9645,98.6993,242.6741,0.0166,0.0001,99.8112,202.6938,49.2692,-17.1911,0.0,0.0001,2.4225,-0.0003,6.1431,35.568,11.0625,27.2067,35.9651
260.0,519.0,11.1276,39.9649,87.3599,243.1862,0.018,0.0001,99.8018,202.6939,49.2692,-17.1911,0.0,0.0001,2.4239,0.0005,6.1431,35.568,11.0618,27.2068,35.9653
261.0,521.0,11.1271,39.9651,90.3596,242.5342,0.0167,0.0001,99.8136,202.6939,49.2692,-17.1911,0.0,0.0001,2.4225,-0.0011,6.1432,35.5678,11.0611,27.2067,35.9653
262.0,523.0,11.1271,39.9664,98.7081,242.6939,0.017,0.0001,99.827,202.694,49.2692,-17.1911,0.0,0.0001,2.4208,-0.0002,6.1434,35.568,11.0607,27.207,35.9655
263.0,525.0,11.1263,39.9662,98.2962,242.6657,0.019,0.0001,99.8213,202.694,49.2692,-17.1911,0.0,0.0001,2.42,-0.0002,6.1436,35.5678,11.0597,27.207,35.9656
264.0,527.0,11.1228,39.9639,98.6874,243.0373,0.0171,0.0001,99.8239,202.6941,49.2692,-17.1911,0.0,0.0001,2.4212,0.0003,6.1436,35.5679,11.0559,27.2078,35.9666
265.0,529.0,11.1227,39.9646,84.1989,242.8355,0.018,0.0001,99.8426,202.6941,49.2692,-17.1911,0.0,0.0001,2.42,-0.0004,6.1439,35.5678,11.0556,27.2078,35.9665
266.0,531.0,11.1218,39.9645,95.1508,242.646,0.0204,0.0001,99.7886,202.6942,49.2692,-17.1911,0.0,0.0001,2.4187,-0.0004,6.144,35.5679,11.0544,27.208,35.9668
267.0,533.0,11.1216,39.965,98.626,242.5298,0.0194,0.0001,99.836,202.6942,49.2692,-17.1912,0.0,0.0001,2.4177,-0.0005,6.144,35.5679,11.0541,27.2081,35.9669
268.0,535.0,11.121,39.9658,98.4944,242.8617,0.0159,0.0001,99.8248,202.6943,49.2692,-17.1912,0.0,0.0001,2.4184,0.0001,6.144,35.5681,11.0531,27.2084,35.9673
269.0,537.0,11.1214,39.9667,74.5628,242.1344,0.0153,0.0001,99.8069,202.6943,49.2691,-17.1912,0.0,0.0001,2.4155,-0.0013,6.144,35.5679,11.0533,27.2083,35.9671
270.0,539.0,11.1211,39.9677,93.8737,242.438,0.0164,0.0001,99.8217,202.6944,49.2692,-17.1912,0.0,0.0001,2.4153,-0.0004,6.1441,35.568,11.0527,27.2085,35.9673
271.0,541.0,11.1204,39.9679,97.3916,242.7669,0.0175,0.0001,99.8239,202.6944,49.2692,-17.1912,0.0,0.0001,2.4162,0.0002,6.1442,35.5681,11.0517,27.2087,35.9676
272.0,543.0,11.1202,39.9681,98.71,242.2191,0.0162,0.0001,99.8305,202.6944,49.2692,-17.1912,0.0,0.0001,2.4139,-0.001,6.1444,35.5677,11.0513,27.2085,35.9674
273.0,545.0,11.1171,39.9665,90.4573,242.8372,0.02,0.0001,99.8214,202.6945,49.2692,-17.1912,0.0,0.0001,2.4153,0.0003,6.1445,35.568,11.0479,27.2093,35.9684
274.0,547.0,11.1169,39.9669,94.2301,242.4723,0.0204,0.0001,99.808,202.6945,49.2692,-17.1912,0.0,0.0001,2.4137,-0.0006,6.1449,35.5678,11.0475,27.2093,35.9684
275.0,549.0,11.1144,39.9652,98.71,242.6335,0.0189,0.0001,99.8405,202.6946,49.2692,-17.1912,0.0,0.0001,2.4136,0.0,6.1449,35.5677,11.0447,27.2096,35.9688
276.0,551.0,11.1146,39.9661,85.4155,242.6687,0.0155,0.0002,99.5975,202.6946,49.2692,-17.1913,0.0,0.0001,2.4133,-0.0002,6.1452,35.5678,11.0447,27.2098,35.969
277.0,553.0,11.1119,39.9646,94.7227,242.388,0.017,0.0001,99.8316,202.6947,49.2692,-17.1913,0.0,0.0001,2.4114,-0.0004,6.1451,35.5677,11.0417,27.2102,35.9696
278.0,555.0,11.1114,39.9647,98.7,242.6532,0.0161,0.0002,99.6221,202.6947,49.2692,-17.1913,0.0,0.0001,2.4117,-0.0001,6.146,35.5677,11.041,27.2103,35.9697
279.0,557.0,11.1028,39.957,84.5785,242.1877,0.0138,0.0001,99.8327,202.6948,49.2692,-17.1913,0.0,0.0001,2.4103,-0.0007,6.1462,35.567,11.0321,27.2115,35.9712
280.0,559.0,11.1034,39.9585,92.8306,242.5329,0.0161,0.0001,99.6738,202.6948,49.2692,-17.1913,0.0,0.0001,2.4101,0.0001,6.1463,35.5671,11.0324,27.2115,35.9712
281.0,561.0,11.1023,39.9579,89.3234,242.158,0.0162,0.0001,99.8341,202.6949,49.2692,-17.1913,0.0,0.0001,2.4078,-0.0008,6.1467,35.5669,11.0311,27.2115,35.9713
282.0,563.0,11.1014,39.958,98.698,242.2177,0.019,0.0001,99.7708,202.6949,49.2692,-17.1913,0.0,0.0001,2.4069,-0.0004,6.1467,35.5668,11.0299,27.2117,35.9715
283.0,565.0,11.1011,39.9585,98.7045,242.5285,0.0183,0.0001,99.7873,202.695,49.2692,-17.1914,0.0,0.0001,2.4072,0.0002,6.1467,35.5669,11.0295,27.2118,35.9717
284.0,567.0,11.1003,39.9587,98.6875,241.7575,0.016,0.0001,99.8401,202.695,49.2692,-17.1914,0.0,0.0001,2.4051,-0.0014,6.1468,35.5669,11.0283,27.2121,35.9719
285.0,569.0,11.0997,39.9589,91.2056,242.3004,0.0167,0.0001,99.7943,202.6951,49.2692,-17.1914,0.0,0.0001,2.4057,-0.0002,6.1469,35.5669,11.0275,27.2122,35.9721
286.0,571.0,11.0976,39.9572,93.095,242.2875,0.0215,0.0001,99.8401,202.6951,49.2692,-17.1914,0.0,0.0001,2.4042,0.0,6.1479,35.5664,11.0251,27.2122,35.9722
287.0,573.0,11.0924,39.9531,98.5958,242.2993,0.0191,0.0001,99.8276,202.6951,49.2692,-17.1914,0.0,0.0001,2.4042,-0.0001,6.1485,35.5664,11.0197,27.2133,35.9735
288.0,575.0,11.088,39.9493,98.6795,242.4022,0.0153,0.0001,99.75,202.6952,49.2692,-17.1914,0.0,0.0001,2.4044,0.0,6.149,35.566,11.015,27.2138,35.9742
289.0,577.0,11.0832,39.9449,78.8211,242.2596,0.0147,0.0001,99.8339,202.6953,49.2692,-17.1914,0.0,0.0001,2.4029,-0.0004,6.1494,35.5655,11.0101,27.2143,35.975
290.0,579.0,11.0798,39.9428,96.9799,242.4106,0.0164,0.0001,99.8068,202.6953,49.2692,-17.1915,0.0,0.0001,2.4029,0.0,6.1494,35.5654,11.0063,27.2149,35.9757
291.0,581.0,11.0796,39.9432,98.4257,242.4004,0.0186,0.0001,99.8329,202.6954,49.2692,-17.1915,0.0,0.0001,2.402,-0.0001,6.15,35.5653,11.0059,27.2149,35.9757
292.0,583.0,11.0765,39.9409,98.695,242.2184,0.0178,0.0001,99.8401,202.6954,49.2692,-17.1915,0.0,0.0001,2.4014,-0.0004,6.1501,35.565,11.0025,27.2153,35.9762
293.0,585.0,11.0756,39.9407,84.9102,242.21,0.0184,0.0001,99.8423,202.6954,49.2692,-17.1915,0.0,0.0001,2.4005,-0.0003,6.1501,35.565,11.0014,27.2155,35.9765
294.0,587.0,11.0755,39.9414,96.626,242.4011,0.0163,0.0001,99.8235,202.6955,49.2692,-17.1915,0.0,0.0001,2.4005,0.0001,6.1502,35.5649,11.001,27.2155,35.9765
295.0,589.0,11.0753,39.9421,97.1312,242.3448,0.0173,0.0001,99.8422,202.6955,49.2692,-17.1915,0.0,0.0001,2.3999,-0.0001,6.1502,35.5648,11.0006,27.2155,35.9765
296.0,591.0,11.0754,39.9434,93.3921,242.4246,0.0178,0.0001,99.8415,202.6956,49.2692,-17.1915,0.0,0.0001,2.4001,-0.0001,6.1503,35.565,11.0004,27.2157,35.9767
297.0,593.0,11.0743,39.943,98.7072,242.2832,0.0169,0.0001,99.8399,202.6956,49.2692,-17.1915,0.0,0.0001,2.3989,-0.0003,6.1504,35.5649,10.9991,27.2158,35.9769
298.0,595.0,11.0726,39.9421,91.5812,242.6107,0.0195,0.0001,99.8435,202.6957,49.2692,-17.1915,0.0,0.0001,2.3992,0.0002,6.1512,35.5648,10.9971,27.2161,35.9773
299.0,597.0,11.0658,39.9359,97.0875,242.3204,0.0218,0.0001,99.8375,202.6957,49.2692,-17.1915,0.0,0.0001,2.3985,-0.0005,6.1516,35.5643,10.9901,27.217,35.9785
300.0,599.0,11.065,39.9359,98.7007,242.4816,0.0184,0.0001,99.843,202.6958,49.2692,-17.1915,0.0,0.0001,2.3984,-0.0001,6.1516,35.5643,10.9891,27.2171,35.9787
301.0,601.0,11.0639,39.9357,78.3668,242.5056,0.0152,0.0001,99.8441,202.6958,49.2692,-17.1916,0.0,0.0001,2.398,-0.0001,6.1519,35.5642,10.9878,27.2174,35.9789
302.0,603.0,11.0618,39.9345,96.4128,242.6775,0.0152,0.0001,99.7899,202.6958,49.2692,-17.1916,0.0,0.0001,2.3983,0.0,6.1526,35.5641,10.9853,27.2177,35.9794
303.0,605.0,11.0561,39.9296,98.6968,242.3028,0.0197,0.0001,99.6744,202.6959,49.2692,-17.1916,0.0,0.0001,2.3968,-0.0006,6.1527,35.5638,10.9794,27.2186,35.9805
304.0,607.0,11.0558,39.9303,98.7036,242.5137,0.0151,0.0001,99.8401,202.6959,49.2692,-17.1916,0.0,0.0001,2.3962,0.0,6.1528,35.5638,10.9788,27.2187,35.9806
305.0,609.0,11.056,39.931,98.6927,242.6545,0.0156,0.0001,99.8431,202.6959,49.2692,-17.1916,0.0,0.0001,2.3962,0.0001,6.1529,35.5639,10.9788,27.2187,35.9807
306.0,611.0,11.0551,39.931,98.71,242.8649,0.0165,0.0001,99.8433,202.696,49.2692,-17.1916,0.0,0.0001,2.3976,0.0002,6.153,35.5637,10.9776,27.2188,35.9808
307.0,613.0,11.0537,39.9304,87.3613,242.5532,0.0175,0.0001,99.8435,202.696,49.2692,-17.1916,0.0,0.0001,2.3956,-0.0005,6.1533,35.5635,10.976,27.219,35.9811
308.0,615.0,11.0507,39.9284,96.3756,242.5151,0.0166,0.0001,99.8409,202.6961,49.2692,-17.1916,0.0,0.0001,2.3953,-0.0003,6.1538,35.5634,10.9727,27.2194,35.9816
309.0,617.0,11.0482,39.9267,93.8522,242.8273,0.0187,0.0001,99.8491,202.6961,49.2692,-17.1916,0.0,0.0001,2.3956,0.0002,6.1546,35.5633,10.97,27.2199,35.9822
310.0,619.0,11.0422,39.9213,95.9405,242.8018,0.0155,0.0001,99.8447,202.6962,49.2692,-17.1916,0.0,0.0001,2.3952,-0.0001,6.1546,35.5628,10.9637,27.2206,35.9832
311.0,621.0,11.0416,39.9217,98.6978,242.709,0.0147,0.0001,99.8461,202.6962,49.2692,-17.1916,0.0,0.0001,2.394,-0.0002,6.155,35.5628,10.9629,27.2208,35.9834
312.0,623.0,11.0431,39.924,98.7058,242.7693,0.0183,0.0001,99.8391,202.6962,49.2692,-17.1916,0.0,0.0001,2.3937,-0.0002,6.1552,35.5631,10.9641,27.2208,35.9833
313.0,625.0,11.0372,39.9187,91.4187,243.0165,0.0159,0.0001,99.8425,202.6963,49.2692,-17.1917,0.0,0.0001,2.3949,0.0001,6.1555,35.5623,10.9579,27.2214,35.9842
314.0,627.0,11.0353,39.9173,98.6913,242.7116,0.0202,0.0001,99.8496,202.6963,49.2692,-17.1917,0.0,0.0001,2.3934,-0.0005,6.1559,35.5619,10.9557,27.2214,35.9843
315.0,629.0,11.0326,39.9152,98.6934,242.6717,0.0183,0.0001,99.8497,202.6963,49.2692,-17.1917,0.0,0.0001,2.3922,-0.0005,6.1562,35.5617,10.9529,27.2217,35.9848
316.0,631.0,11.0315,39.9149,98.6997,242.9453,0.0182,0.0001,99.8401,202.6964,49.2692,-17.1917,0.0,0.0001,2.3925,0.0002,6.156,35.5616,10.9516,27.2219,35.985
317.0,633.0,11.0309,39.915,83.4224,242.9263,0.0182,0.0001,99.8382,202.6964,49.2692,-17.1917,0.0,0.0001,2.3924,-0.0001,6.1566,35.5616,10.9507,27.222,35.9852
318.0,635.0,11.0236,39.9081,98.7037,242.543,0.0168,0.0001,99.8431,202.6965,49.2692,-17.1917,0.0,0.0001,2.3904,-0.0008,6.1572,35.5607,10.9431,27.2228,35.9862
319.0,637.0,11.0207,39.9059,87.1425,242.9501,0.0173,0.0001,99.8467,202.6965,49.2692,-17.1917,0.0,0.0001,2.3919,0.0002,6.1571,35.5604,10.9399,27.2231,35.9867
320.0,639.0,11.024,39.9106,98.7359,242.8409,0.0186,0.0001,99.8515,202.6965,49.2692,-17.1917,0.0,0.0001,2.3903,-0.0002,6.1576,35.5611,10.9431,27.2231,35.9865
321.0,641.0,11.0201,39.9072,98.7025,242.89,0.0178,0.0001,99.8401,202.6966,49.2692,-17.1917,0.0,0.0001,2.3895,0.0,6.1576,35.5605,10.9388,27.2234,35.987
322.0,643.0,11.02,39.9077,80.8686,243.0779,0.017,0.0001,99.8595,202.6966,49.2692,-17.1917,0.0,0.0001,2.3898,0.0002,6.1576,35.5603,10.9385,27.2233,35.9869
323.0,645.0,11.02,39.9087,98.0557,243.0469,0.0159,0.0001,99.8498,202.6966,49.2692,-17.1917,0.0,0.0001,2.3899,-0.0001,6.1577,35.5603,10.9383,27.2233,35.987
324.0,647.0,11.0201,39.9096,98.7041,243.0088,0.0173,0.0002,99.7132,202.6967,49.2692,-17.1917,0.0,0.0001,2.3895,-0.0002,6.1578,35.5602,10.9381,27.2233,35.9869
325.0,649.0,11.0193,39.9096,98.6978,242.4923,0.0171,0.0001,99.8573,202.6967,49.2692,-17.1917,0.0,0.0001,2.3875,-0.001,6.1579,35.5602,10.9371,27.2234,35.9872
326.0,651.0,11.0174,39.9087,84.5595,242.9127,0.0149,0.0001,99.842,202.6968,49.2692,-17.1917,0.0,0.0001,2.3872,-0.0001,6.1581,35.56,10.9348,27.2238,35.9876
327.0,653.0,11.0175,39.9092,98.695,242.2708,0.0148,0.0001,99.8446,202.6968,49.2692,-17.1917,0.0,0.0001,2.385,-0.0012,6.1585,35.5599,10.9347,27.2236,35.9875
328.0,655.0,11.0138,39.9066,98.7025,243.0571,0.0168,0.0001,99.847,202.6968,49.2692,-17.1917,0.0,0.0001,2.3858,0.0007,6.1582,35.5598,10.9307,27.2243,35.9883
329.0,657.0,11.0143,39.9078,89.319,242.7746,0.0201,0.0001,99.8461,202.6969,49.2692,-17.1917,0.0,0.0001,2.3854,-0.0002,6.1589,35.5596,10.931,27.2241,35.9881
330.0,659.0,11.0115,39.9055,89.174,242.285,0.0208,0.0001,99.8401,202.6969,49.2692,-17.1918,0.0,0.0001,2.3828,-0.0011,6.1597,35.5593,10.928,27.2244,35.9885
331.0,661.0,11.0067,39.9017,98.7006,242.7098,0.0178,0.0001,99.8542,202.6969,49.2692,-17.1918,0.0,0.0001,2.3834,0.0,6.1594,35.5592,10.9229,27.2252,35.9895
332.0,663.0,11.0035,39.8991,98.7025,243.14,0.0179,0.0001,99.8467,202.697,49.2692,-17.1918,0.0,0.0001,2.384,0.0004,6.1605,35.5586,10.9195,27.2255,35.9899
333.0,665.0,11.0025,39.8985,98.6968,242.6647,0.0164,0.0001,99.8449,202.697,49.2692,-17.1918,0.0,0.0001,2.3831,-0.0008,6.1615,35.5585,10.9183,27.2255,35.99
334.0,667.0,10.9922,39.8885,76.9795,243.0852,0.0153,0.0001,99.8437,202.697,49.2692,-17.1918,0.0,0.0001,2.3833,0.0002,6.1615,35.5576,10.9078,27.2267,35.9917
335.0,669.0,10.9925,39.8895,98.6992,243.0492,0.0139,0.0001,99.847,202.6971,49.2692,-17.1918,0.0,0.0001,2.3834,0.0,6.1612,35.5573,10.9078,27.2265,35.9915
336.0,671.0,10.9931,39.891,82.5498,243.0897,0.0179,0.0001,99.8564,202.6971,49.2692,-17.1918,0.0,0.0001,2.3833,-0.0001,6.1613,35.5573,10.9081,27.2265,35.9914
337.0,673.0,10.9934,39.8924,94.788,242.8031,0.017,0.0001,99.8401,202.6971,49.2692,-17.1918,0.0,0.0001,2.3817,-0.0006,6.1612,35.5575,10.9081,27.2266,35.9915
338.0,675.0,10.9937,39.8938,98.6964,242.8312,0.0154,0.0001,99.8401,202.6972,49.2692,-17.1918,0.0,0.0001,2.381,-0.0003,6.1613,35.5575,10.9081,27.2267,35.9916
339.0,677.0,10.9933,39.8939,98.71,243.0757,0.0163,0.0001,99.8509,202.6972,49.2692,-17.1918,0.0,0.0001,2.3814,0.0,6.1615,35.5573,10.9075,27.2266,35.9916
340.0,679.0,10.9923,39.8937,98.71,242.7123,0.0143,0.0001,99.854,202.6972,49.2692,-17.1918,0.0,0.0001,2.3798,-0.0006,6.1617,35.5572,10.9062,27.2268,35.9918
341.0,681.0,10.9914,39.8935,98.6972,242.6807,0.0146,0.0001,99.843,202.6973,49.2692,-17.1918,0.0,0.0001,2.3798,-0.0005,6.1618,35.5572,10.9052,27.2269,35.992
342.0,683.0,10.9888,39.8918,98.7025,243.1717,0.0181,0.0001,99.8556,202.6973,49.2692,-17.1918,0.0,0.0001,2.3797,0.0004,6.1619,35.5569,10.9022,27.2272,35.9924
343.0,685.0,10.9901,39.8938,60.5755,243.2686,0.0157,0.0001,99.8537,202.6973,49.2692,-17.1918,0.0,0.0001,2.3806,0.0001,6.1621,35.5568,10.9033,27.227,35.9921
344.0,687.0,10.9867,39.8911,95.9105,242.6778,0.0155,0.0001,99.8578,202.6974,49.2692,-17.1918,0.0,0.0001,2.378,-0.0009,6.1625,35.5565,10.8997,27.2274,35.9927
345.0,689.0,10.9853,39.8904,98.6933,242.4018,0.0166,0.0001,99.8057,202.6974,49.2692,-17.1918,0.0,0.0001,2.3748,-0.001,6.1626,35.5565,10.898,27.2277,35.9931
346.0,691.0,10.9833,39.8894,98.522,243.0899,0.0181,0.0001,99.8431,202.6974,49.2692,-17.1918,0.0,0.0001,2.3766,0.0005,6.1624,35.5563,10.8958,27.228,35.9934
347.0,693.0,10.9837,39.8907,98.7017,243.1974,0.0188,0.0001,99.8518,202.6975,49.2692,-17.1918,0.0,0.0001,2.3774,0.0003,6.1631,35.5564,10.8959,27.228,35.9934
348.0,695.0,10.9802,39.8877,77.2006,242.7087,0.0205,0.0001,99.833,202.6975,49.2692,-17.1918,0.0,0.0001,2.3761,-0.0008,6.1634,35.556,10.8922,27.2283,35.9939
349.0,697.0,10.9778,39.8863,94.0014,242.8438,0.0187,0.0001,99.8633,202.6975,49.2692,-17.1918,0.0,0.0001,2.3748,-0.0003,6.1635,35.5559,10.8895,27.2288,35.9945
350.0,699.0,10.9766,39.8858,98.715,243.1194,0.0186,0.0001,99.842,202.6976,49.2692,-17.1918,0.0,0.0001,2.3748,0.0005,6.1634,35.5558,10.888,27.229,35.9947
351.0,701.0,10.9762,39.886,98.631,243.219,0.0157,0.0001,99.834,202.6976,49.2692,-17.1918,0.0,0.0001,2.3761,0.0001,6.1637,35.5556,10.8874,27.2289,35.9947
352.0,703.0,10.9736,39.8842,98.695,242.8894,0.0207,0.0001,99.8531,202.6976,49.2692,-17.1919,0.0,0.0001,2.3745,-0.0006,6.1645,35.5553,10.8846,27.2292,35.9951
353.0,705.0,10.9715,39.8829,98.7013,243.054,0.0173,0.0001,99.8521,202.6977,49.2692,-17.1919,0.0,0.0001,2.3742,-0.0001,6.164,35.5552,10.8822,27.2295,35.9956
354.0,707.0,10.9714,39.8835,71.7407,243.3942,0.018,0.0001,99.8473,202.6977,49.2692,-17.1919,0.0,0.0001,2.3749,0.0004,6.1645,35.555,10.8818,27.2295,35.9955
355.0,709.0,10.9705,39.8835,96.8661,243.0936,0.0186,0.0001,99.8401,202.6977,49.2692,-17.1919,0.0,0.0001,2.3744,-0.0006,6.1648,35.5551,10.8806,27.2297,35.9958
356.0,711.0,10.9671,39.8808,98.6957,243.6624,0.019,0.0001,99.8573,202.6978,49.2692,-17.1919,0.0,0.0001,2.3748,0.0005,6.1651,35.5546,10.877,27.23,35.9963
357.0,713.0,10.9652,39.8796,60.4478,242.9801,0.0148,0.0001,99.8484,202.6978,49.2692,-17.1919,0.0,0.0001,2.3733,-0.0009,6.1656,35.5545,10.8748,27.2303,35.9967
358.0,715.0,10.9621,39.8773,98.6929,243.1217,0.0136,0.0001,99.8425,202.6978,49.2692,-17.1919,0.0,0.0001,2.373,-0.0005,6.1655,35.5544,10.8715,27.2309,35.9974
359.0,717.0,10.9614,39.8774,93.8705,243.5049,0.0159,0.0001,99.8448,202.6979,49.2692,-17.1919,0.0,0.0001,2.3736,0.0003,6.1657,35.5542,10.8705,27.2309,35.9974
360.0,719.0,10.9606,39.8776,98.6985,243.2636,0.0165,0.0001,99.8421,202.6979,49.2692,-17.1919,0.0,0.0001,2.373,-0.0004,6.166,35.5542,10.8694,27.2311,35.9977
361.0,721.0,10.9593,39.8771,98.6987,243.2989,0.0185,0.0001,99.8459,202.6979,49.2692,-17.1919,0.0,0.0001,2.3712,-0.0001,6.1671,35.5541,10.8679,27.2313,35.9979
362.0,723.0,10.9534,39.8717,75.8424,243.1661,0.0188,0.0001,99.8401,202.698,49.2692,-17.1919,0.0,0.0001,2.3705,-0.0004,6.1673,35.5534,10.8618,27.2318,35.9987
363.0,725.0,10.9493,39.8681,98.731,243.4321,0.0191,0.0001,99.8401,202.698,49.2692,-17.192,0.0,0.0001,2.3712,0.0003,6.167,35.553,10.8575,27.2323,35.9994
364.0,727.0,10.9495,39.8693,98.692,243.4965,0.0185,0.0001,99.7984,202.698,49.2692,-17.192,0.0,0.0001,2.3717,-0.0001,6.1675,35.5532,10.8574,27.2325,35.9995
365.0,729.0,10.9477,39.8682,98.6894,243.1227,0.0152,0.0001,99.8582,202.6981,49.2692,-17.192,0.0,0.0001,2.3711,-0.0009,6.1674,35.5529,10.8553,27.2326,35.9998
366.0,731.0,10.9457,39.867,98.6944,243.7276,0.016,0.0001,99.8401,202.6981,49.2692,-17.192,0.0,0.0001,2.3706,0.0004,6.1679,35.5528,10.8531,27.233,36.0002
367.0,733.0,10.9448,39.8665,79.2414,243.8103,0.0176,0.0001,99.8477,202.6981,49.2692,-17.192,0.0,0.0001,2.3712,0.0002,6.1687,35.5524,10.852,27.2329,36.0002
368.0,735.0,10.9393,39.8617,96.8609,243.6613,0.0157,0.0001,99.8477,202.6981,49.2692,-17.192,0.0,0.0001,2.3709,-0.0002,6.169,35.5519,10.8462,27.2335,36.0011
369.0,737.0,10.9371,39.8604,90.1937,243.469,0.0184,0.0001,99.8529,202.6982,49.2692,-17.192,0.0,0.0001,2.3696,-0.0005,6.1693,35.5519,10.8437,27.2339,36.0016
370.0,739.0,10.9354,39.8592,98.7633,242.4508,0.0192,0.0001,99.8566,202.6982,49.2692,-17.192,0.0,0.0001,2.3651,-0.0021,6.1696,35.5516,10.8418,27.2341,36.0018
371.0,741.0,10.9337,39.8585,98.6978,243.2193,0.0141,0.0001,99.8401,202.6982,49.2692,-17.192,0.0,0.0001,2.3659,-0.0004,6.1694,35.5515,10.8399,27.2344,36.0022
372.0,743.0,10.9323,39.8582,98.6994,243.8086,0.0169,0.0001,99.8428,202.6983,49.2692,-17.192,0.0,0.0001,2.3681,0.0004,6.1694,35.5515,10.8382,27.2346,36.0025
373.0,745.0,10.9335,39.8601,98.6975,243.1212,0.0156,0.0001,99.8453,202.6983,49.2692,-17.192,0.0,0.0001,2.3663,-0.001,6.1702,35.5516,10.8392,27.2345,36.0024
374.0,747.0,10.9306,39.8578,47.7544,242.9355,0.0119,0.0001,99.8401,202.6983,49.2692,-17.192,0.0,0.0001,2.3651,-0.0012,6.1702,35.5513,10.836,27.2349,36.0029
375.0,749.0,10.9282,39.8563,98.7025,243.7263,0.0144,0.0001,99.8435,202.6983,49.2692,-17.192,0.0,0.0001,2.3655,0.0005,6.1699,35.5511,10.8334,27.2352,36.0033
376.0,751.0,10.9272,39.8561,80.6237,243.8204,0.016,0.0001,99.795,202.6984,49.2692,-17.192,0.0,0.0001,2.3669,0.0002,6.1703,35.551,10.8321,27.2354,36.0035
377.0,753.0,10.9283,39.8577,85.864,242.9219,0.0187,0.0001,99.8449,202.6984,49.2692,-17.192,0.0,0.0001,2.3638,-0.0015,6.1714,35.551,10.833,27.2352,36.0033
378.0,755.0,10.9197,39.85,98.7036,243.3561,0.0152,0.0001,99.8469,202.6984,49.2692,-17.192,0.0,0.0001,2.3626,-0.0003,6.1714,35.5503,10.8241,27.2363,36.0048
379.0,757.0,10.9193,39.8505,98.695,243.7141,0.0134,0.0001,99.8469,202.6985,49.2692,-17.192,0.0,0.0001,2.3626,0.0004,6.1715,35.5504,10.8234,27.2364,36.0049
380.0,759.0,10.9193,39.8508,98.6961,243.8548,0.014,0.0001,99.847,202.6985,49.2692,-17.192,0.0,0.0001,2.3647,0.0004,6.1713,35.5501,10.8232,27.2362,36.0047
381.0,761.0,10.9199,39.8524,98.6299,243.5813,0.0187,0.0001,99.7888,202.6985,49.2692,-17.192,0.0,0.0001,2.3638,-0.0004,6.1719,35.5503,10.8236,27.2364,36.0048
382.0,763.0,10.9166,39.8495,98.6925,243.144,0.0161,0.0001,99.8401,202.6986,49.2692,-17.192,0.0,0.0001,2.3614,-0.001,6.1721,35.5497,10.8201,27.2365,36.0052
383.0,765.0,10.9112,39.8446,98.6962,243.447,0.0149,0.0001,99.8543,202.6986,49.2692,-17.1921,0.0,0.0001,2.3614,-0.0002,6.1725,35.5489,10.8144,27.2369,36.0058
384.0,767.0,10.9098,39.8442,72.8919,243.4544,0.0178,0.0001,99.8401,202.6986,49.2692,-17.1921,0.0,0.0001,2.3609,-0.0003,6.1732,35.549,10.8127,27.2373,36.0063
385.0,769.0,10.9036,39.8385,96.1156,243.1744,0.016,0.0001,99.8346,202.6987,49.2692,-17.1921,0.0,0.0001,2.359,-0.0006,6.1742,35.5484,10.8063,27.238,36.0072
386.0,771.0,10.8994,39.8348,98.695,242.43,0.0182,0.0001,99.8464,202.6987,49.2692,-17.1921,0.0,0.0001,2.3557,-0.0015,6.1746,35.548,10.8018,27.2385,36.0079
387.0,773.0,10.8964,39.8325,98.6967,243.1274,0.014,0.0001,99.8492,202.6987,49.2692,-17.1921,0.0,0.0001,2.3551,0.0001,6.1747,35.5476,10.7985,27.2387,36.0083
388.0,775.0,10.896,39.8328,98.6885,242.9847,0.0139,0.0001,99.8499,202.6987,49.2692,-17.1921,0.0,0.0001,2.3548,-0.0002,6.1747,35.5474,10.7979,27.2387,36.0083
389.0,777.0,10.896,39.8335,98.695,242.6392,0.0167,0.0001,99.8425,202.6988,49.2692,-17.1921,0.0,0.0001,2.3531,-0.0006,6.1745,35.5472,10.7976,27.2386,36.0082
390.0,779.0,10.8945,39.8326,81.8881,242.2278,0.0183,0.0001,99.8147,202.6988,49.2692,-17.1921,0.0,0.0001,2.3497,-0.0011,6.1774,35.547,10.796,27.2388,36.0084
391.0,781.0,10.8747,39.811,91.5147,240.9485,0.0188,0.0001,99.8401,202.6988,49.2692,-17.1921,0.0,0.0001,2.3443,-0.0027,6.1766,35.5436,10.776,27.2398,36.0103
392.0,783.0,10.869,39.8061,96.3941,241.1103,0.0167,0.0001,99.8435,202.6989,49.2692,-17.1921,0.0,0.0001,2.341,-0.0015,6.1785,35.5432,10.77,27.2405,36.0113
393.0,785.0,10.8728,39.8111,98.6993,241.0504,0.0162,0.0001,99.8377,202.6989,49.2692,-17.1921,0.0,0.0001,2.3388,-0.0011,6.1792,35.5439,10.7736,27.2404,36.011
394.0,787.0,10.8643,39.8022,71.1599,240.9068,0.0167,0.0001,99.8401,202.6989,49.2692,-17.1921,0.0,0.0001,2.3368,-0.0008,6.179,35.5423,10.7649,27.2407,36.0117
395.0,789.0,10.8631,39.8015,98.6998,240.8224,0.0186,0.0001,99.8401,202.699,49.2692,-17.1921,0.0,0.0001,2.3334,-0.0007,6.1812,35.5418,10.7634,27.2406,36.0117
396.0,791.0,10.8515,39.7884,98.7062,239.5207,0.0192,0.0001,99.8467,202.699,49.2692,-17.1921,0.0,0.0001,2.3296,-0.0028,6.1829,35.5392,10.7516,27.2407,36.0123
397.0,793.0,10.8409,39.7785,98.6897,238.8641,0.0185,0.0001,99.8467,202.699,49.2692,-17.1921,0.0,0.0001,2.3251,-0.0029,6.1816,35.5386,10.7408,27.2421,36.0142
398.0,795.0,10.8323,39.7697,84.2163,239.4503,0.0169,0.0001,99.8375,202.699,49.2692,-17.1921,0.0,0.0001,2.322,-0.0007,6.1849,35.5371,10.7319,27.2425,36.015
399.0,797.0,10.8316,39.7698,98.6993,236.9567,0.0162,0.0001,99.8504,202.6991,49.2692,-17.1921,0.0,0.0001,2.312,-0.0043,6.1886,35.5371,10.731,27.2428,36.0153
400.0,799.0,10.7987,39.7338,98.6875,235.9219,0.0193,0.0001,99.8463,202.6991,49.2692,-17.1921,0.0,0.0001,2.3017,-0.0038,6.1894,35.5319,10.698,27.2446,36.0185
401.0,801.0,10.7917,39.7268,98.6983,235.9143,0.0176,0.0001,99.8401,202.6991,49.2692,-17.1921,0.0,0.0001,2.2978,-0.0025,6.189,35.5307,10.6908,27.245,36.0192
402.0,803.0,10.7832,39.7181,86.6178,236.5441,0.0177,0.0001,99.811,202.6992,49.2692,-17.1921,0.0,0.0001,2.2963,-0.0006,6.1911,35.5294,10.682,27.2455,36.0202
403.0,805.0,10.7785,39.713,89.6378,234.7889,0.0186,0.0001,99.8411,202.6992,49.2692,-17.1921,0.0,0.0001,2.289,-0.0033,6.1948,35.528,10.6771,27.2453,36.0201
404.0,807.0,10.7542,39.6872,98.6978,233.9303,0.0139,0.0001,99.7583,202.6992,49.2691,-17.1921,0.0,0.0001,2.2823,-0.0034,6.195,35.5247,10.6527,27.2472,36.0231
405.0,809.0,10.7504,39.6839,98.6845,234.0298,0.0166,0.0001,99.8525,202.6992,49.2692,-17.1921,0.0,0.0001,2.2784,-0.0019,6.1951,35.5242,10.6487,27.2475,36.0235
406.0,811.0,10.7492,39.6832,98.6865,234.0616,0.0176,0.0001,99.8419,202.6993,49.2692,-17.1921,0.0,0.0001,2.2751,-0.0011,6.1983,35.5238,10.6472,27.2474,36.0235
407.0,813.0,10.7263,39.6584,98.6875,232.3922,0.0186,0.0001,99.8401,202.6993,49.2691,-17.1921,0.0,0.0001,2.2674,-0.0033,6.2019,35.5201,10.6243,27.2486,36.0258
408.0,815.0,10.7034,39.6337,98.69,231.6003,0.019,0.0001,99.839,202.6993,49.2691,-17.1921,0.0,0.0001,2.261,-0.0031,6.1994,35.5167,10.6011,27.2501,36.0282
409.0,817.0,10.7035,39.6348,86.6136,232.4084,0.0189,0.0001,99.8431,202.6994,49.2691,-17.1921,0.0,0.0001,2.2578,-0.0011,6.2119,35.5168,10.601,27.2502,36.0283
410.0,819.0,10.6466,39.5697,91.517,227.4654,0.021,0.0001,99.8375,202.6994,49.2691,-17.1921,0.0,0.0001,2.2384,-0.009,6.2319,35.5056,10.5442,27.2516,36.0322
411.0,821.0,10.5099,39.4191,89.6801,220.9637,0.0215,0.0001,99.8401,202.6994,49.2691,-17.1921,0.0,0.0001,2.2078,-0.0156,6.2341,35.4854,10.408,27.26,36.0466
412.0,823.0,10.4616,39.367,98.6944,219.6161,0.0182,0.0001,99.8417,202.6995,49.2691,-17.1921,0.0,0.0001,2.1852,-0.0112,6.2309,35.4789,10.3598,27.2634,36.0521
413.0,825.0,10.465,39.3725,98.6744,221.9966,0.02,0.0001,99.7947,202.6995,49.2691,-17.1921,0.0,0.0001,2.1768,-0.0027,6.2355,35.4805,10.3629,27.2641,36.0526
414.0,827.0,10.4758,39.3888,98.686,220.6546,0.0137,0.0001,99.8437,202.6995,49.2691,-17.1921,0.0,0.0001,2.1679,-0.0034,6.2377,35.4855,10.3735,27.2662,36.0542
415.0,829.0,10.4258,39.332,94.0797,220.0007,0.0149,0.0001,99.8469,202.6996,49.2691,-17.1921,0.0,0.0001,2.159,-0.0035,6.2537,35.4756,10.3234,27.2673,36.0575
416.0,831.0,10.3335,39.2329,74.8447,214.6837,0.0182,0.0001,99.844,202.6996,49.2691,-17.1921,0.0,0.0001,2.1374,-0.0099,6.2565,35.4641,10.2314,27.2744,36.0686
417.0,833.0,10.3172,39.2155,93.4841,213.7933,0.0196,0.0001,99.8435,202.6996,49.2691,-17.1921,0.0,0.0001,2.123,-0.0071,6.251,35.4616,10.215,27.2753,36.0702
418.0,835.0,10.313,39.2121,98.6107,215.9985,0.021,0.0001,99.845,202.6996,49.2691,-17.1921,0.0,0.0001,2.1194,-0.0008,6.257,35.4615,10.2106,27.276,36.0711
419.0,837.0,10.317,39.2167,98.6386,214.0395,0.0195,0.0001,99.8285,202.6997,49.2691,-17.1921,0.0,0.0001,2.1112,-0.0041,6.2645,35.4614,10.2144,27.2753,36.0703
420.0,839.0,10.2749,39.1725,98.68,212.9717,0.0229,0.0001,99.8401,202.6997,49.2691,-17.1922,0.0,0.0001,2.1028,-0.0046,6.2756,35.4566,10.1722,27.2788,36.0757
421.0,841.0,10.1829,39.0751,98.681,209.4686,0.0206,0.0001,99.8445,202.6997,49.2691,-17.1922,0.0,0.0001,2.0852,-0.0071,6.2686,35.446,10.0805,27.2865,36.0873
422.0,843.0,10.1274,39.0151,80.8045,209.7367,0.0191,0.0001,99.835,202.6998,49.2691,-17.1922,0.0,0.0001,2.073,-0.0037,6.2868,35.4383,10.0251,27.29,36.0933
423.0,845.0,10.078,38.964,98.6795,205.7037,0.0183,0.0001,99.8308,202.6998,49.2691,-17.1922,0.0,0.0001,2.0523,-0.0076,6.2942,35.4334,9.9757,27.2947,36.1002
424.0,847.0,10.0489,38.9329,98.4686,205.3951,0.0187,0.0001,99.8281,202.6998,49.2691,-17.1922,0.0,0.0001,2.0401,-0.0052,6.306,35.4294,9.9466,27.2966,36.1033
425.0,849.0,9.9625,38.8402,98.68,202.3777,0.0218,0.0001,99.8256,202.6999,49.2691,-17.1922,0.0,0.0001,2.0257,-0.0078,6.3044,35.4182,9.8604,27.3026,36.1131
426.0,851.0,9.9006,38.7762,98.68,203.1945,0.0209,0.0001,99.8373,202.6999,49.2691,-17.1922,0.0,0.0001,2.0156,-0.0033,6.3129,35.4123,9.7987,27.3085,36.1217
427.0,853.0,9.8932,38.7671,68.7553,200.7201,0.0203,0.0001,99.8365,202.6999,49.2691,-17.1922,0.0,0.0001,2.0015,-0.0057,6.329,35.4092,9.7911,27.3074,36.121
428.0,855.0,9.8362,38.7075,95.6125,199.1567,0.0194,0.0001,99.8545,202.7,49.269,-17.1922,0.0,0.0001,1.9898,-0.0059,6.3303,35.4031,9.7343,27.3123,36.1284
429.0,857.0,9.783,38.6529,94.7261,198.2354,0.0195,0.0001,99.8328,202.7,49.269,-17.1922,0.0,0.0001,1.9794,-0.0049,6.3276,35.3982,9.681,27.3175,36.1359
430.0,859.0,9.7762,38.6467,98.68,199.5938,0.0186,0.0001,99.8294,202.7,49.2691,-17.1922,0.0,0.0001,1.9762,-0.001,6.336,35.3977,9.6741,27.3183,36.137
431.0,861.0,9.7446,38.6129,64.8171,196.8617,0.0214,0.0001,99.8421,202.7001,49.269,-17.1923,0.0,0.0001,1.9646,-0.0051,6.35,35.393,9.6424,27.3199,36.14
432.0,863.0,9.6764,38.5432,88.8581,195.3175,0.0217,0.0001,99.8369,202.7001,49.269,-17.1923,0.0,0.0001,1.9551,-0.005,6.3431,35.3871,9.5744,27.3267,36.1499
433.0,865.0,9.629,38.4958,96.7151,196.7814,0.0212,0.0001,99.8431,202.7001,49.269,-17.1923,0.0,0.0001,1.9512,-0.0011,6.3538,35.3838,9.527,27.3321,36.1573
434.0,867.0,9.6576,38.5257,98.68,194.9651,0.0195,0.0001,99.8584,202.7001,49.269,-17.1923,0.0,0.0001,1.9427,-0.0033,6.3581,35.386,9.5552,27.3291,36.153
435.0,869.0,9.6088,38.4772,98.68,194.0534,0.0164,0.0001,99.8782,202.7002,49.269,-17.1923,0.0,0.0001,1.9353,-0.0029,6.3557,35.3829,9.5065,27.3349,36.161
436.0,871.0,9.567,38.4363,88.6224,194.5036,0.0187,0.0001,99.8838,202.7002,49.269,-17.1923,0.0,0.0001,1.9313,-0.0012,6.3663,35.3808,9.4646,27.3401,36.1681
437.0,873.0,9.554,38.4245,98.68,193.3861,0.0191,0.0,99.8978,202.7002,49.269,-17.1923,0.0,0.0001,1.9267,-0.0025,6.3654,35.3806,9.4515,27.3422,36.1707
438.0,875.0,9.5212,38.3923,98.68,193.1159,0.0222,0.0,99.9045,202.7003,49.269,-17.1923,0.0,0.0001,1.9234,-0.0019,6.3673,35.3786,9.4186,27.3461,36.176
439.0,877.0,9.5171,38.3887,98.68,192.866,0.0249,0.0001,99.8532,202.7003,49.269,-17.1923,0.0,0.0001,1.9168,-0.0017,6.3791,35.3781,9.4144,27.3464,36.1766
440.0,879.0,9.4521,38.3254,67.994,190.8482,0.0214,0.0,99.9286,202.7003,49.269,-17.1923,0.0,0.0001,1.9077,-0.0038,6.3813,35.3756,9.3496,27.3552,36.1881
441.0,881.0,9.4376,38.3114,98.6792,190.7239,0.0209,0.0,99.9204,202.7004,49.269,-17.1924,0.0,0.0001,1.9039,-0.0028,6.3804,35.3746,9.3349,27.3568,36.1904
442.0,883.0,9.4293,38.3053,96.9639,191.7729,0.0202,0.0,99.9419,202.7004,49.269,-17.1924,0.0,0.0001,1.9033,-0.0004,6.3836,35.3754,9.3264,27.3589,36.1928
443.0,885.0,9.4306,38.3051,98.68,190.601,0.0187,0.0,99.9398,202.7004,49.269,-17.1924,0.0,0.0001,1.8988,-0.0024,6.3905,35.3732,9.3275,27.357,36.1909
444.0,887.0,9.381,38.2572,82.2361,190.3004,0.0204,0.0,99.9442,202.7005,49.269,-17.1924,0.0,0.0001,1.8957,-0.002,6.388,35.3714,9.2779,27.3638,36.1998
445.0,889.0,9.3773,38.255,98.68,190.6162,0.0205,0.0,99.9529,202.7005,49.269,-17.1924,0.0,0.0001,1.8937,-0.0007,6.3899,35.3717,9.274,27.3646,36.2009
446.0,891.0,9.3889,38.2671,98.68,190.3911,0.0232,0.0,99.9556,202.7005,49.269,-17.1924,0.0,0.0001,1.8916,-0.0008,6.3913,35.3721,9.2854,27.3631,36.1988
447.0,893.0,9.3692,38.2486,98.68,190.5833,0.0225,0.0,99.9684,202.7005,49.269,-17.1924,0.0,0.0001,1.8905,-0.0002,6.3926,35.3713,9.2655,27.3657,36.2023
448.0,895.0,9.3638,38.2438,73.3709,190.5161,0.0225,0.0,99.9616,202.7006,49.269,-17.1924,0.0,0.0001,1.8897,-0.0003,6.3935,35.3709,9.2599,27.3663,36.2032
449.0,897.0,9.3499,38.2309,98.6408,190.223,0.0197,0.0,99.8989,202.7006,49.269,-17.1924,0.0,0.0001,1.8876,-0.0007,6.3965,35.3701,9.2458,27.368,36.2055
450.0,899.0,9.3445,38.2256,98.68,189.612,0.0196,0.0,99.9595,202.7006,49.269,-17.1924,0.0,0.0001,1.8845,-0.0014,6.4005,35.3692,9.2402,27.3682,36.206
451.0,901.0,9.3094,38.1867,98.68,189.2716,0.0209,0.0,99.9845,202.7007,49.269,-17.1924,0.0,0.0001,1.8825,-0.0014,6.3963,35.3625,9.2051,27.3687,36.2081
452.0,903.0,9.2555,38.135,87.3385,189.5998,0.022,0.0,99.9908,202.7007,49.269,-17.1925,0.0,0.0001,1.8803,-0.001,6.4118,35.361,9.1514,27.3764,36.2181
453.0,905.0,9.2099,38.0868,87.339,188.4239,0.0242,0.0,100.0133,202.7007,49.269,-17.1924,0.0,0.0001,1.8757,-0.0023,6.4121,35.355,9.1058,27.3791,36.2229
454.0,907.0,9.1723,38.0528,98.68,188.5721,0.0225,0.0,100.0013,202.7008,49.269,-17.1925,0.0,0.0001,1.873,-0.0014,6.4159,35.3558,9.0683,27.3858,36.2312
455.0,909.0,9.1781,38.06,98.6214,188.7589,0.0208,0.0,99.9728,202.7008,49.269,-17.1925,0.0,0.0001,1.8704,-0.0009,6.4262,35.3567,9.0737,27.3856,36.2308
456.0,911.0,9.1281,38.0095,98.68,188.1318,0.0219,0.0,100.0133,202.7008,49.269,-17.1925,0.0,0.0001,1.8651,-0.0016,6.4372,35.3524,9.0238,27.3904,36.2377
457.0,913.0,9.0711,37.9527,98.68,187.5431,0.0191,0.0,100.01,202.7009,49.269,-17.1925,0.0,0.0001,1.862,-0.0017,6.4315,35.3484,8.9669,27.3965,36.2464
458.0,915.0,9.048,37.9297,81.5541,188.3003,0.0199,0.0,99.9625,202.7009,49.269,-17.1925,0.0,0.0001,1.8615,-0.0002,6.4369,35.3462,8.9437,27.3985,36.2495
459.0,917.0,9.0685,37.9508,98.68,187.4465,0.0238,0.0,100.0196,202.7009,49.269,-17.1925,0.0,0.0001,1.8577,-0.0016,6.4433,35.3475,8.9639,27.3962,36.2463
460.0,919.0,9.0123,37.8953,98.68,187.8806,0.0227,0.0,100.029,202.7009,49.269,-17.1925,0.0,0.0001,1.8571,-0.0003,6.4423,35.3439,8.9078,27.4025,36.255
461.0,921.0,9.0093,37.8928,90.0483,188.1242,0.023,0.0,100.0212,202.701,49.269,-17.1925,0.0,0.0001,1.8567,-0.0002,6.4488,35.3433,8.9046,27.4025,36.2552
462.0,923.0,8.9766,37.8616,98.68,187.414,0.02,0.0,100.0296,202.701,49.269,-17.1925,0.0,0.0001,1.8544,-0.0012,6.4531,35.3421,8.8719,27.4068,36.261
463.0,925.0,8.9615,37.8467,98.68,187.1933,0.0227,0.0,100.0339,202.701,49.269,-17.1925,0.0,0.0001,1.8523,-0.0011,6.4528,35.3407,8.8567,27.4082,36.263
464.0,927.0,8.9481,37.8352,84.4015,187.5283,0.0224,0.0,100.0096,202.7011,49.269,-17.1925,0.0,0.0001,1.8515,-0.0003,6.454,35.3408,8.8431,27.4104,36.2658
465.0,929.0,8.9531,37.8404,98.68,187.3715,0.0202,0.0,100.0199,202.7011,49.2689,-17.1925,0.0,0.0001,1.851,-0.0006,6.4571,35.3409,8.8479,27.4097,36.265
466.0,931.0,8.9016,37.7914,94.836,186.708,0.0191,0.0,100.0261,202.7011,49.2689,-17.1925,0.0,0.0001,1.8486,-0.0014,6.4617,35.3395,8.7964,27.4169,36.2744
467.0,933.0,8.8927,37.784,98.68,187.1089,0.0205,0.0,100.0364,202.7012,49.2689,-17.1925,0.0,0.0001,1.8462,-0.0005,6.4614,35.3396,8.7873,27.4184,36.2763
468.0,935.0,8.8978,37.7892,88.7488,187.3808,0.0217,0.0,100.0368,202.7012,49.2689,-17.1925,0.0,0.0001,1.8478,-0.0002,6.461,35.3389,8.7921,27.417,36.2747
469.0,937.0,8.8911,37.784,98.68,187.3233,0.0208,0.0,100.0401,202.7012,49.2689,-17.1925,0.0,0.0001,1.8469,-0.0003,6.4615,35.3396,8.7853,27.4187,36.2767
470.0,939.0,8.8849,37.7783,78.5237,186.4113,0.0215,0.0,100.0553,202.7013,49.2689,-17.1925,0.0,0.0001,1.8425,-0.0016,6.4662,35.3388,8.7789,27.4191,36.2774
471.0,941.0,8.864,37.7592,98.68,186.7699,0.0178,0.0,100.0422,202.7013,49.2689,-17.1926,0.0,0.0001,1.8425,-0.0006,6.4654,35.3385,8.758,27.4222,36.2814
472.0,943.0,8.8563,37.7516,98.68,187.4144,0.0206,0.0,100.0219,202.7013,49.2689,-17.1926,0.0,0.0001,1.8438,0.0002,6.4659,35.3369,8.7499,27.4222,36.2818
473.0,945.0,8.8564,37.7523,98.68,186.3552,0.0248,0.0,100.06,202.7014,49.2689,-17.1926,0.0,0.0001,1.8395,-0.0017,6.4736,35.3368,8.7499,27.4221,36.2817
474.0,947.0,8.8088,37.7079,98.68,186.7764,0.0256,0.0,100.0711,202.7014,49.2689,-17.1926,0.0,0.0001,1.8398,-0.0005,6.4715,35.3361,8.7023,27.4292,36.2909
475.0,949.0,8.7933,37.6945,98.68,187.2097,0.0235,0.0,100.0711,202.7014,49.2689,-17.1926,0.0,0.0001,1.84,0.0004,6.4687,35.3366,8.6867,27.432,36.2944
476.0,951.0,8.8186,37.7191,90.6043,187.4225,0.0222,0.0,100.0437,202.7014,49.2689,-17.1926,0.0,0.0001,1.841,0.0002,6.4765,35.3367,8.7116,27.4282,36.2894
477.0,953.0,8.7971,37.6991,98.68,186.945,0.0191,0.0,100.0608,202.7015,49.2689,-17.1926,0.0,0.0001,1.84,-0.0008,6.4828,35.3363,8.6901,27.4312,36.2934
478.0,955.0,8.7511,37.6572,95.2449,186.6833,0.0196,0.0,100.0633,202.7015,49.2689,-17.1926,0.0,0.0001,1.8369,-0.0009,6.4836,35.3369,8.6442,27.439,36.3032
479.0,957.0,8.7406,37.6487,98.68,186.9018,0.0149,0.0,100.0678,202.7015,49.2689,-17.1926,0.0,0.0001,1.836,-0.0003,6.4834,35.3372,8.6334,27.4409,36.3056
480.0,959.0,8.74,37.6487,98.68,187.0613,0.0194,0.0,100.062,202.7016,49.2689,-17.1926,0.0,0.0001,1.8364,0.0,6.4831,35.337,8.6325,27.4409,36.3057
481.0,961.0,8.7388,37.6484,94.7094,186.8965,0.0203,0.0,100.0393,202.7016,49.2689,-17.1926,0.0,0.0001,1.8355,-0.0003,6.4837,35.3372,8.6312,27.4413,36.3061
482.0,963.0,8.7397,37.6494,98.68,185.9418,0.0193,0.0,100.0422,202.7016,49.2689,-17.1926,0.0,0.0001,1.8315,-0.0016,6.4873,35.3362,8.6318,27.4404,36.3052
483.0,965.0,8.7227,37.636,98.68,186.2875,0.0186,0.0,100.0653,202.7017,49.2689,-17.1926,0.0,0.0001,1.8315,-0.0008,6.4859,35.338,8.6147,27.4445,36.31
484.0,967.0,8.713,37.6288,98.68,186.6634,0.0188,0.0,100.055,202.7017,49.2689,-17.1926,0.0,0.0001,1.8315,0.0001,6.4837,35.3393,8.6048,27.4471,36.313
485.0,969.0,8.7101,37.6261,93.0386,186.8908,0.0215,0.0,100.0217,202.7017,49.2689,-17.1926,0.0,0.0001,1.8315,0.0001,6.4877,35.3386,8.6018,27.447,36.3131
486.0,971.0,8.7118,37.6281,98.68,186.4795,0.0198,0.0,100.0594,202.7018,49.2689,-17.1927,0.0,0.0001,1.8303,-0.0008,6.496,35.3381,8.6032,27.4464,36.3124
487.0,973.0,8.6727,37.593,98.68,186.1896,0.0178,0.0,100.0711,202.7018,49.2689,-17.1927,0.0,0.0001,1.8284,-0.0009,6.4946,35.3389,8.5642,27.4532,36.3209
488.0,975.0,8.6406,37.5637,98.4888,186.8931,0.0172,0.0,100.0501,202.7018,49.2689,-17.1927,0.0,0.0001,1.829,0.0003,6.4981,35.3389,8.532,27.4582,36.3274
489.0,977.0,8.647,37.5704,86.5404,186.6215,0.0188,0.0,99.9961,202.7018,49.2689,-17.1927,0.0,0.0001,1.8278,-0.0003,6.5007,35.339,8.5381,27.4574,36.3263
490.0,979.0,8.6137,37.54,95.6049,186.8386,0.0238,0.0,100.0472,202.7019,49.2689,-17.1927,0.0,0.0001,1.8277,-0.0001,6.5028,35.339,8.5049,27.4625,36.3329
491.0,981.0,8.6151,37.5415,98.5197,186.0768,0.02,0.0,100.0513,202.7019,49.2688,-17.1927,0.0,0.0001,1.8248,-0.0012,6.5062,35.3384,8.5061,27.4619,36.3322
492.0,983.0,8.5924,37.5209,98.68,186.2437,0.0186,0.0,100.0461,202.7019,49.2688,-17.1927,0.0,0.0001,1.8242,-0.0006,6.5061,35.3382,8.4832,27.4653,36.3366
493.0,985.0,8.5851,37.5155,77.965,186.8259,0.0211,0.0,99.9371,202.702,49.2688,-17.1927,0.0,0.0001,1.8252,0.0001,6.507,35.3386,8.4757,27.4668,36.3385
494.0,987.0,8.578,37.5098,98.6516,186.7185,0.0195,0.0,99.9968,202.702,49.2688,-17.1927,0.0,0.0001,1.8244,-0.0001,6.5073,35.3392,8.4686,27.4684,36.3404
495.0,989.0,8.5651,37.4957,87.2209,185.9494,0.0187,0.0,100.0422,202.702,49.2688,-17.1927,0.0,0.0001,1.822,-0.0012,6.5105,35.3362,8.4554,27.4681,36.3407
496.0,991.0,8.5418,37.4764,98.68,186.4338,0.0184,0.0,100.0422,202.702,49.2688,-17.1927,0.0,0.0001,1.8221,-0.0001,6.5075,35.338,8.4321,27.4731,36.3467
497.0,993.0,8.5395,37.4753,98.5576,186.8216,0.0218,0.0,100.0391,202.7021,49.2688,-17.1927,0.0,0.0001,1.8236,0.0002,6.511,35.3383,8.4295,27.4738,36.3475
498.0,995.0,8.5441,37.4801,98.68,186.8035,0.0253,0.0,99.9852,202.7021,49.2688,-17.1928,0.0,0.0001,1.8233,-0.0002,6.5161,35.3378,8.4339,27.4727,36.3462
499.0,997.0,8.5175,37.4561,81.8613,186.6899,0.0212,0.0,100.0422,202.7022,49.2688,-17.1928,0.0,0.0001,1.8217,-0.0003,6.52,35.338,8.4073,27.477,36.3517
500.0,999.0,8.4952,37.4354,96.8959,186.9099,0.0237,0.0,100.0288,202.7022,49.2688,-17.1928,0.0,0.0001,1.822,0.0,6.5198,35.3372,8.3848,27.4799,36.3556
501.0,1001.0,8.4922,37.4321,90.3137,186.253,0.0208,0.0,100.0173,202.7023,49.2688,-17.1928,0.0,0.0001,1.8193,-0.0014,6.5309,35.3359,8.3816,27.4794,36.3552
502.0,1003.0,8.4215,37.3645,96.8656,186.9405,0.0198,0.0,99.938,202.7024,49.2688,-17.1928,0.0,0.0001,1.8197,0.0,6.5271,35.3338,8.3112,27.4886,36.3676
503.0,1005.0,8.3928,37.3367,95.2538,187.433,0.0216,0.0,99.9704,202.7024,49.2688,-17.1928,0.0,0.0001,1.8205,0.0011,6.5259,35.332,8.2825,27.4916,36.372
