Datacycle,press,temp,cond,alt,oxygen,fluor,atten,trans,jday,lat,lon,PAR,UPAR,oxV,oxdVdt,oxysat,salin,potemp,sigma0,sigma2
1.0,3.0,14.9879,43.516,2.3526,247.7601,0.8324,0.0041,90.1989,202.5369,49.0825,-17.1929,0.0,0.0001,2.7368,-0.0013,5.6696,35.5563,14.9873,26.4038,35.0125
2.0,5.0,14.9898,43.5188,7.9755,248.3802,0.8392,0.0041,90.1659,202.5369,49.0825,-17.193,0.0,0.0001,2.7394,0.0005,5.6697,35.5564,14.989,26.4035,35.0122
3.0,7.0,14.988,43.5181,38.203,248.4675,0.8517,0.004,90.4244,202.537,49.0825,-17.193,0.0,0.0001,2.7406,0.0001,5.6698,35.5566,14.9869,26.4042,35.0129
4.0,9.0,14.9891,43.5202,84.4138,248.5008,0.8875,0.0039,90.628,202.5371,49.0824,-17.1931,0.0,0.0001,2.7403,0.0001,5.6699,35.5568,14.9877,26.4041,35.0128
5.0,11.0,14.9899,43.5218,96.7435,248.2716,0.9325,0.0039,90.6975,202.5372,49.0824,-17.1931,0.0,0.0001,2.7393,-0.0006,5.6697,35.5569,14.9883,26.4041,35.0127
6.0,13.0,14.9898,43.5229,88.8458,248.4224,1.0074,0.0039,90.7446,202.5373,49.0824,-17.1931,0.0,0.0001,2.7386,0.0001,5.6699,35.557,14.9879,26.4042,35.0129
7.0,15.0,14.9779,43.513,94.6149,248.4959,1.1113,0.0039,90.7799,202.5374,49.0823,-17.1931,0.0,0.0001,2.7392,-0.0003,5.6705,35.558,14.9756,26.4077,35.0168
8.0,17.0,14.9768,43.5128,93.8513,248.0634,1.1215,0.0039,90.797,202.5375,49.0823,-17.1932,0.0,0.0001,2.7349,-0.0006,5.6708,35.5577,14.9742,26.4078,35.017
9.0,19.0,14.9726,43.5102,86.4408,248.5462,1.1848,0.0039,90.8026,202.5375,49.0823,-17.1932,0.0,0.0001,2.736,0.0005,5.6717,35.5585,14.9697,26.4094,35.0187
10.0,21.0,14.9625,43.5019,98.71,248.1787,1.2274,0.0038,90.9895,202.5376,49.0823,-17.1932,0.0,0.0001,2.7343,-0.0004,5.6723,35.5593,14.9593,26.4123,35.022
11.0,23.0,14.9593,43.5002,98.71,247.6908,1.2338,0.0037,91.0635,202.5376,49.0822,-17.1932,0.0,0.0001,2.7297,-0.001,5.6734,35.56,14.9559,26.4136,35.0234
12.0,25.0,14.9536,43.4962,98.71,247.8195,1.2341,0.0037,91.0699,202.5377,49.0822,-17.1933,0.0,0.0001,2.7292,-0.0006,5.6732,35.5608,14.9498,26.4155,35.0255
13.0,27.0,14.9554,43.4987,90.1238,248.0754,1.2511,0.0037,91.0972,202.5377,49.0822,-17.1933,0.0,0.0001,2.7291,0.0006,5.6731,35.5604,14.9513,26.4149,35.0249
14.0,29.0,14.9587,43.5021,96.0716,248.0784,1.2376,0.0037,91.1219,202.5378,49.0822,-17.1933,0.0,0.0001,2.7294,0.0,5.6742,35.5597,14.9544,26.4137,35.0235
15.0,31.0,14.9453,43.4931,98.5776,247.234,1.191,0.0035,91.5764,202.5378,49.0822,-17.1933,0.0,0.0001,2.7234,-0.0013,5.6748,35.5627,14.9406,26.419,35.0293
16.0,33.0,14.9405,43.4901,98.71,245.8153,1.1567,0.0034,91.6782,202.5379,49.0822,-17.1933,0.0,0.0001,2.7143,-0.0036,5.678,35.5638,14.9356,26.421,35.0315
17.0,35.0,14.8941,43.4531,87.5951,245.6925,1.0061,0.0029,92.9276,202.5379,49.0821,-17.1933,0.0,0.0001,2.7065,-0.0023,5.6879,35.5714,14.8888,26.4371,35.0492
18.0,37.0,14.7635,43.3289,98.6937,244.0205,0.8596,0.0025,94.015,202.538,49.0821,-17.1933,0.0,0.0001,2.692,-0.0034,5.6937,35.5758,14.758,26.4692,35.0859
19.0,39.0,14.6614,43.236,98.1542,241.6795,0.6214,0.0021,94.9633,202.538,49.0821,-17.1933,0.0,0.0001,2.6686,-0.0093,5.7386,35.5832,14.6556,26.4972,35.1175
20.0,41.0,14.3276,42.9054,85.813,240.598,0.4449,0.0015,96.4105,202.5381,49.0821,-17.1934,0.0,0.0001,2.6423,-0.0042,5.7593,35.5834,14.3215,26.5696,35.2021
21.0,43.0,14.1483,42.7345,88.4317,237.86,0.398,0.0013,96.7514,202.5381,49.082,-17.1934,0.0,0.0001,2.6186,-0.0071,5.7745,35.5891,14.1421,26.6124,35.2514
22.0,45.0,14.0075,42.6008,95.3098,239.2586,0.3562,0.0013,96.9084,202.5381,49.082,-17.1934,0.0,0.0001,2.6107,-0.0022,5.8043,35.5937,14.001,26.6459,35.29
23.0,47.0,13.738,42.3614,84.5495,235.0114,0.267,0.001,97.5797,202.5382,49.082,-17.1934,0.0,0.0001,2.5776,-0.0095,5.8469,35.6186,13.7312,26.7216,35.3754
24.0,49.0,13.4207,42.073,90.7295,235.4978,0.1659,0.0007,98.391,202.5382,49.082,-17.1934,0.0,0.0001,2.5596,-0.0045,5.8876,35.6416,13.4138,26.8056,35.471
25.0,51.0,13.0207,41.7094,94.7197,235.008,0.1262,0.0004,98.9677,202.5383,49.082,-17.1934,0.0,0.0001,2.5455,-0.0017,5.8981,35.6702,13.0136,26.9096,35.5897
26.0,53.0,12.9863,41.6765,98.71,235.8833,0.0931,0.0005,98.8554,202.5383,49.0819,-17.1934,0.0,0.0001,2.5425,-0.0011,5.9298,35.6704,12.979,26.9167,35.5982
27.0,55.0,12.7795,41.4529,91.5963,235.7826,0.0826,0.0003,99.0843,202.5384,49.0819,-17.1935,0.0,0.0001,2.5355,-0.001,5.9492,35.6502,12.772,26.9426,35.6323
28.0,57.0,12.6605,41.3211,71.6612,236.4822,0.0798,0.0004,98.9344,202.5384,49.0819,-17.1935,0.0,0.0001,2.5366,-0.0002,5.956,35.6354,12.6529,26.955,35.6495
29.0,59.0,12.5601,41.2194,97.9707,236.4999,0.0791,0.0003,99.1202,202.5385,49.0819,-17.1935,0.0,0.0001,2.5363,-0.0001,5.9561,35.6312,12.5521,26.9718,35.6702
30.0,61.0,12.5679,41.2335,85.8728,235.5895,0.07,0.0003,99.1966,202.5385,49.0819,-17.1935,0.0,0.0001,2.5317,-0.0017,5.9548,35.6367,12.5597,26.9745,35.6726
31.0,63.0,12.573,41.2537,95.3165,235.4969,0.0597,0.0003,99.2518,202.5385,49.0818,-17.1935,0.0,0.0001,2.5283,-0.001,5.9566,35.6504,12.5645,26.9842,35.6819
32.0,65.0,12.5548,41.2359,93.6811,234.801,0.0578,0.0002,99.5017,202.5386,49.0818,-17.1935,0.0,0.0001,2.5236,-0.0018,5.9571,35.6498,12.5461,26.9873,35.6858
33.0,67.0,12.5443,41.2264,92.0457,235.0794,0.0575,0.0003,99.3597,202.5386,49.0818,-17.1936,0.0,0.0001,2.5213,-0.0004,5.9615,35.6496,12.5353,26.9894,35.6882
34.0,69.0,12.5068,41.1839,98.7042,235.4043,0.0502,0.0002,99.5807,202.5387,49.0817,-17.1936,0.0,0.0001,2.5206,-0.0001,5.9688,35.6432,12.4976,26.9919,35.6923
35.0,71.0,12.4629,41.1351,98.71,235.2862,0.048,0.0001,99.7053,202.5387,49.0817,-17.1936,0.0,0.0001,2.5195,-0.0002,5.969,35.6368,12.4534,26.9956,35.6978
36.0,73.0,12.4657,41.1397,90.2822,235.2214,0.0444,0.0003,99.4065,202.5387,49.0817,-17.1936,0.0,0.0001,2.5179,-0.0006,5.9728,35.6377,12.4559,26.9958,35.6979
37.0,75.0,12.4135,41.084,81.3116,235.5021,0.0414,0.0001,99.7911,202.5388,49.0817,-17.1936,0.0,0.0001,2.517,0.0001,5.9779,35.6323,12.4034,27.0019,35.7061
38.0,77.0,12.406,41.0773,84.4809,235.0696,0.0399,0.0001,99.8343,202.5388,49.0817,-17.1937,0.0,0.0001,2.5148,-0.001,5.9795,35.632,12.3957,27.0032,35.7078
39.0,79.0,12.3822,41.0542,98.705,235.0079,0.0391,0.0001,99.8621,202.5389,49.0816,-17.1937,0.0,0.0001,2.5127,-0.0007,5.9815,35.6315,12.3717,27.0075,35.713
40.0,81.0,12.3609,41.0304,98.71,234.4867,0.0382,0.0001,99.8461,202.5389,49.0816,-17.1937,0.0,0.0001,2.5082,-0.0012,5.9834,35.6277,12.3501,27.0088,35.7152
41.0,83.0,12.3467,41.0149,98.4485,234.7973,0.0411,0.0001,99.6832,202.5389,49.0816,-17.1937,0.0,0.0001,2.5071,-0.0004,5.9886,35.6254,12.3357,27.0098,35.7168
42.0,85.0,12.2959,40.9573,98.71,235.2808,0.043,0.0001,99.7885,202.539,49.0816,-17.1937,0.0,0.0001,2.5076,0.0006,5.9913,35.6165,12.2846,27.0129,35.722
43.0,87.0,12.2982,40.9606,76.6431,234.4073,0.0444,0.0001,99.8118,202.539,49.0816,-17.1937,0.0,0.0001,2.505,-0.0021,5.9937,35.617,12.2867,27.0129,35.7219
44.0,89.0,12.2733,40.9344,92.698,234.9378,0.0428,0.0001,99.7436,202.5391,49.0815,-17.1938,0.0,0.0001,2.5043,-0.0004,5.9985,35.6142,12.2615,27.0156,35.7257
45.0,91.0,12.2564,40.9166,89.826,234.8668,0.0419,0.0001,99.7447,202.5391,49.0815,-17.1938,0.0,0.0001,2.5034,-0.0004,5.9969,35.6124,12.2444,27.0176,35.7283
46.0,93.0,12.1913,40.8434,98.563,234.7407,0.0403,0.0001,99.8844,202.5392,49.0815,-17.1938,0.0,0.0001,2.4998,-0.0006,6.0061,35.602,12.179,27.0223,35.7357
47.0,95.0,12.1629,40.8122,89.8778,235.1891,0.0419,0.0001,99.8671,202.5392,49.0815,-17.1938,0.0,0.0001,2.4997,0.0004,6.0095,35.5976,12.1503,27.0244,35.739
48.0,97.0,12.15,40.7993,97.7522,235.086,0.0385,0.0,99.9059,202.5393,49.0814,-17.1938,0.0,0.0001,2.4998,-0.0003,6.0102,35.5963,12.1371,27.026,35.7411
49.0,99.0,12.1405,40.7896,88.951,235.2245,0.0373,0.0,99.9145,202.5394,49.0814,-17.1939,0.0,0.0001,2.4997,0.0,6.0112,35.5951,12.1274,27.0269,35.7424
50.0,101.0,12.1297,40.7782,95.717,235.358,0.0383,0.0,99.8345,202.5396,49.0813,-17.1939,0.0,0.0001,2.4998,0.0001,6.0128,35.5935,12.1164,27.0278,35.7437
51.0,103.0,12.1129,40.7595,98.71,235.4857,0.0383,0.0002,99.6069,202.5398,49.0812,-17.194,0.0,0.0001,2.4997,-0.0002,6.0174,35.5906,12.0994,27.0289,35.7456
52.0,105.0,12.0722,40.7155,83.9289,235.504,0.035,0.0,99.9154,202.5399,49.0811,-17.194,0.0,0.0001,2.4986,-0.0001,6.0191,35.5854,12.0584,27.0327,35.7511
53.0,107.0,12.067,40.7125,94.8064,235.3672,0.0346,0.0,99.9272,202.54,49.081,-17.194,0.0,0.0001,2.4959,-0.0001,6.0235,35.5866,12.053,27.0347,35.7532
54.0,109.0,12.0387,40.6813,98.7026,235.8304,0.053,0.0,99.893,202.54,49.081,-17.1941,0.0,0.0001,2.4976,0.0002,6.0268,35.5823,12.0245,27.0368,35.7566
55.0,111.0,12.0021,40.64,98.71,235.9492,0.0347,0.0001,99.7967,202.5401,49.081,-17.1941,0.0,0.0001,2.4976,0.0,6.0299,35.5758,11.9875,27.0389,35.7602
56.0,113.0,12.0,40.6415,80.196,235.6018,0.034,0.0,99.8827,202.5402,49.0809,-17.1941,0.0,0.0001,2.4952,-0.0002,6.027,35.5782,11.9852,27.0412,35.7626
57.0,115.0,12.0108,40.6572,95.718,234.6318,0.0296,0.0,99.8983,202.5402,49.0809,-17.1941,0.0,0.0001,2.4912,-0.002,6.0258,35.5827,11.9958,27.0427,35.7635
58.0,117.0,12.0375,40.6918,90.2138,234.1862,0.0292,0.0001,99.8181,202.5403,49.0809,-17.1942,0.0,0.0001,2.4851,-0.0013,6.027,35.5898,12.0221,27.0432,35.7629
59.0,119.0,12.01,40.6603,98.71,234.9306,0.0318,0.0001,99.7414,202.5403,49.0809,-17.1942,0.0,0.0001,2.4848,0.0003,6.0355,35.5847,11.9944,27.0445,35.7654
60.0,121.0,11.9567,40.5991,88.7552,236.2531,0.0288,0.0002,99.692,202.5404,49.0808,-17.1942,0.0,0.0001,2.4902,0.0018,6.0413,35.5748,11.941,27.0471,35.7702
61.0,123.0,11.9117,40.5479,98.7085,236.8754,0.0254,0.0001,99.7218,202.5404,49.0808,-17.1942,0.0,0.0001,2.4946,0.0009,6.0505,35.5666,11.8958,27.0494,35.7745
62.0,125.0,11.841,40.4639,62.9135,238.0723,0.0276,0.0001,99.6843,202.5405,49.0808,-17.1942,0.0,0.0001,2.5023,0.0014,6.0528,35.551,11.8248,27.0508,35.7789
63.0,127.0,11.811,40.4289,98.71,238.5595,0.0282,0.0,99.8833,202.5405,49.0808,-17.1942,0.0,0.0001,2.5053,0.0014,6.0545,35.5444,11.7945,27.0514,35.7808
64.0,129.0,11.8159,40.4364,98.7083,238.2175,0.0267,0.0,99.889,202.5406,49.0808,-17.1943,0.0,0.0001,2.5056,-0.0003,6.0555,35.5462,11.7992,27.052,35.7811
65.0,131.0,11.8029,40.4243,90.3688,237.9528,0.0273,0.0001,99.8404,202.5406,49.0807,-17.1943,0.0,0.0001,2.5034,-0.0004,6.0551,35.5455,11.7859,27.054,35.7837
66.0,133.0,11.8052,40.4289,98.8739,237.5904,0.0303,0.0,99.8449,202.5407,49.0807,-17.1943,0.0,0.0001,2.5012,-0.001,6.0551,35.5472,11.788,27.0549,35.7845
67.0,135.0,11.8118,40.439,98.71,237.5236,0.0272,0.0,99.8735,202.5407,49.0807,-17.1943,0.0,0.0001,2.4984,-0.0004,6.0566,35.5498,11.7942,27.0557,35.785
68.0,137.0,11.8063,40.4334,85.4907,237.9679,0.0273,0.0001,99.8562,202.5407,49.0807,-17.1943,0.0,0.0001,2.4988,0.0001,6.0623,35.5487,11.7886,27.0559,35.7855
69.0,139.0,11.7425,40.3613,95.3985,238.3066,0.0286,0.0,99.8978,202.5408,49.0807,-17.1943,0.0,0.0001,2.4999,0.0003,6.0644,35.5379,11.7245,27.0597,35.792
70.0,141.0,11.7365,40.3566,92.1737,238.0787,0.0313,0.0001,99.8321,202.5408,49.0806,-17.1944,0.0,0.0001,2.499,-0.0005,6.0661,35.5381,11.7183,27.061,35.7935
71.0,143.0,11.7286,40.3498,99.0414,237.1346,0.029,0.0,99.8978,202.5409,49.0806,-17.1944,0.0,0.0001,2.4945,-0.0022,6.0662,35.5383,11.7102,27.0627,35.7956
72.0,145.0,11.722,40.3437,98.7077,237.4525,0.0303,0.0,99.8905,202.5409,49.0806,-17.1944,0.0,0.0001,2.4934,-0.0009,6.0675,35.5376,11.7033,27.0635,35.7966
73.0,147.0,11.7091,40.3316,93.2858,235.9247,0.0265,0.0001,99.8667,202.5409,49.0806,-17.1944,0.0,0.0001,2.4844,-0.0028,6.0688,35.537,11.6901,27.0656,35.7992
74.0,149.0,11.7024,40.3251,87.8639,236.3266,0.0254,0.0001,99.8645,202.541,49.0806,-17.1944,0.0,0.0001,2.482,-0.0009,6.0708,35.5363,11.6832,27.0663,35.8002
75.0,151.0,11.6928,40.3153,98.6587,236.272,0.0297,0.0001,99.869,202.541,49.0805,-17.1944,0.0,0.0001,2.48,-0.0005,6.0712,35.535,11.6734,27.0671,35.8015
76.0,153.0,11.6856,40.3093,94.5672,236.4926,0.0299,0.0001,99.8764,202.5411,49.0805,-17.1944,0.0,0.0001,2.4803,-0.0002,6.0728,35.5351,11.6659,27.0687,35.8033
77.0,155.0,11.6695,40.2951,51.8419,235.7527,0.0292,0.0001,99.8651,202.5411,49.0805,-17.1944,0.0,0.0001,2.4762,-0.0014,6.0733,35.5356,11.6496,27.0721,35.8074
78.0,157.0,11.6663,40.2931,96.5543,236.1319,0.0271,0.0001,99.8537,202.5411,49.0805,-17.1944,0.0,0.0001,2.4758,-0.0001,6.0739,35.5358,11.6461,27.0729,35.8083
79.0,159.0,11.6678,40.296,98.7031,236.264,0.0235,0.0001,99.8358,202.5412,49.0805,-17.1944,0.0,0.0001,2.4765,-0.0002,6.0735,35.5364,11.6474,27.0731,35.8085
80.0,161.0,11.6721,40.3039,98.71,236.3494,0.031,0.0001,99.8346,202.5412,49.0805,-17.1944,0.0,0.0001,2.4767,0.0001,6.0716,35.539,11.6513,27.0744,35.8096
81.0,163.0,11.6793,40.3141,98.71,236.3011,0.0275,0.0001,99.8153,202.5413,49.0804,-17.1944,0.0,0.0001,2.4765,0.0,6.0705,35.5415,11.6583,27.0751,35.8099
82.0,165.0,11.6908,40.3308,80.8086,236.1222,0.0282,0.0001,99.7855,202.5413,49.0804,-17.1944,0.0,0.0001,2.4749,-0.0002,6.0702,35.546,11.6696,27.0764,35.8107
83.0,167.0,11.6921,40.3342,98.8429,236.4257,0.0294,0.0001,99.7967,202.5413,49.0804,-17.1944,0.0,0.0001,2.4759,0.0001,6.0705,35.5472,11.6706,27.0772,35.8114
84.0,169.0,11.6884,40.3323,70.4787,236.609,0.0303,0.0002,99.6339,202.5414,49.0804,-17.1944,0.0,0.0001,2.4767,0.0002,6.0713,35.5477,11.6666,27.0783,35.8127
85.0,171.0,11.6852,40.3287,98.71,237.227,0.0305,0.0001,99.6998,202.5414,49.0804,-17.1944,0.0,0.0001,2.4784,0.001,6.0744,35.5466,11.6632,27.0781,35.8127
86.0,173.0,11.6626,40.3054,98.71,237.8552,0.0321,0.0001,99.7257,202.5415,49.0803,-17.1944,0.0,0.0001,2.4819,0.0014,6.0766,35.5444,11.6404,27.0807,35.8162
87.0,175.0,11.6397,40.2809,76.6183,238.5155,0.0332,0.0001,99.7179,202.5415,49.0803,-17.1944,0.0,0.0001,2.487,0.0012,6.0781,35.5412,11.6172,27.0826,35.8191
88.0,177.0,11.6325,40.2734,97.7445,239.0791,0.0344,0.0001,99.7079,202.5415,49.0803,-17.1944,0.0,0.0001,2.4905,0.0012,6.0793,35.5399,11.6097,27.083,35.8198
89.0,179.0,11.6226,40.263,98.71,239.1469,0.0338,0.0001,99.7246,202.5416,49.0803,-17.1945,0.0,0.0001,2.493,0.0002,6.0802,35.5382,11.5996,27.0836,35.8208
90.0,181.0,11.6164,40.2573,98.71,239.3694,0.0341,0.0001,99.7297,202.5416,49.0803,-17.1945,0.0,0.0001,2.4933,0.0004,6.082,35.5377,11.5932,27.0844,35.8219
91.0,183.0,11.6019,40.2434,73.0458,239.5838,0.0365,0.0001,99.7246,202.5416,49.0803,-17.1945,0.0,0.0001,2.4948,0.0003,6.0821,35.5369,11.5784,27.0865,35.8246
92.0,185.0,11.6058,40.2495,94.7904,239.5739,0.0326,0.0001,99.7386,202.5417,49.0803,-17.1944,0.0,0.0001,2.4948,0.0,6.0825,35.5385,11.582,27.0871,35.825
93.0,187.0,11.5989,40.2453,98.71,239.5239,0.0335,0.0001,99.7293,202.5417,49.0802,-17.1944,0.0,0.0001,2.4945,-0.0002,6.0823,35.54,11.5749,27.0896,35.8278
94.0,189.0,11.601,40.2491,65.7323,239.3025,0.0325,0.0001,99.7272,202.5418,49.0802,-17.1945,0.0,0.0001,2.4928,-0.0004,6.0819,35.5407,11.5768,27.0898,35.8279
95.0,191.0,11.6031,40.2527,98.9437,238.836,0.0336,0.0001,99.721,202.5418,49.0802,-17.1945,0.0,0.0001,2.4898,-0.0011,6.0816,35.5413,11.5785,27.09,35.828
96.0,193.0,11.6067,40.2589,98.71,239.3592,0.0298,0.0001,99.6976,202.5418,49.0802,-17.1945,0.0,0.0001,2.4906,0.0004,6.0814,35.543,11.5819,27.0906,35.8285
97.0,195.0,11.6067,40.2597,98.71,238.6714,0.0298,0.0001,99.6647,202.5419,49.0802,-17.1945,0.0,0.0001,2.4877,-0.0011,6.0814,35.5431,11.5817,27.0908,35.8287
98.0,197.0,11.6038,40.2584,42.0633,238.6646,0.0301,0.0001,99.7207,202.5419,49.0801,-17.1945,0.0,0.0001,2.4857,-0.0005,6.0817,35.5435,11.5785,27.0917,35.8297
99.0,199.0,11.6027,40.2581,91.5951,239.0829,0.0291,0.0001,99.6802,202.5419,49.0801,-17.1945,0.0,0.0001,2.4867,0.0001,6.0842,35.5435,11.5771,27.092,35.83
100.0,201.0,11.5856,40.2402,8.08,238.8756,0.0265,0.0001,99.7246,202.542,49.0801,-17.1945,0.0,0.0001,2.485,-0.0004,6.0846,35.5415,11.5598,27.0937,35.8324
101.0,203.0,11.5694,40.2267,76.44,239.288,0.0274,0.0001,99.722,202.542,49.0801,-17.1945,0.0,0.0001,2.4862,0.0005,6.0853,35.5427,11.5433,27.0977,35.8371
102.0,205.0,11.5753,40.2331,91.2903,239.4804,0.0281,0.0001,99.6852,202.5421,49.0801,-17.1945,0.0,0.0001,2.4872,0.0003,6.0872,35.5425,11.549,27.0965,35.8357
103.0,207.0,11.5621,40.2223,98.71,239.6071,0.0269,0.0001,99.7108,202.5421,49.08,-17.1945,0.0,0.0001,2.4883,0.0,6.0872,35.5436,11.5355,27.0999,35.8396
104.0,209.0,11.5618,40.2236,98.6894,239.7387,0.0281,0.0001,99.6913,202.5421,49.08,-17.1945,0.0,0.0001,2.4885,0.0002,6.087,35.5444,11.5351,27.1006,35.8403
105.0,211.0,11.5644,40.2287,98.71,239.779,0.0287,0.0001,99.69,202.5422,49.08,-17.1946,0.0,0.0001,2.4889,-0.0001,6.0875,35.5459,11.5373,27.1013,35.8409
106.0,213.0,11.5582,40.2228,96.4032,239.4096,0.029,0.0001,99.6957,202.5422,49.08,-17.1945,0.0,0.0001,2.4865,-0.0007,6.0884,35.5451,11.5309,27.1019,35.8418
107.0,215.0,11.5513,40.2168,80.0868,239.5376,0.03,0.0001,99.7087,202.5422,49.08,-17.1946,0.0,0.0001,2.4857,-0.0003,6.0898,35.545,11.5238,27.1031,35.8433
108.0,217.0,11.5461,40.2115,98.7575,239.5308,0.0299,0.0001,99.7047,202.5423,49.0799,-17.1946,0.0,0.0001,2.4849,-0.0003,6.09,35.544,11.5183,27.1034,35.8438
109.0,219.0,11.5342,40.1991,98.5922,240.4245,0.0289,0.0002,99.5743,202.5423,49.0799,-17.1946,0.0,0.0001,2.4887,0.0008,6.0924,35.5419,11.5061,27.104,35.845
110.0,221.0,11.5222,40.1849,98.68,241.3219,0.0284,0.0001,99.6714,202.5424,49.0799,-17.1946,0.0,0.0001,2.4929,0.0016,6.094,35.5386,11.4939,27.1037,35.8452
111.0,223.0,11.5015,40.1634,75.6251,241.7995,0.0296,0.0001,99.6791,202.5424,49.0799,-17.1946,0.0,0.0001,2.4962,0.0013,6.0972,35.5361,11.473,27.1058,35.8481
112.0,225.0,11.5027,40.1648,98.6967,242.3461,0.0281,0.0001,99.6834,202.5424,49.0799,-17.1946,0.0,0.0001,2.4996,0.0015,6.0976,35.5358,11.474,27.1053,35.8476
113.0,227.0,11.4813,40.1415,95.3806,242.5588,0.0295,0.0002,99.6362,202.5425,49.0799,-17.1946,0.0,0.0001,2.503,0.0007,6.098,35.5322,11.4523,27.1065,35.8498
114.0,229.0,11.481,40.1429,49.574,242.0811,0.0306,0.0001,99.6664,202.5425,49.0798,-17.1946,0.0,0.0001,2.5019,-0.0007,6.0978,35.5331,11.4518,27.1074,35.8506
115.0,231.0,11.4868,40.1508,89.785,242.392,0.029,0.0001,99.6853,202.5425,49.0798,-17.1946,0.0,0.0001,2.5021,0.0003,6.0961,35.5344,11.4573,27.1074,35.8504
116.0,233.0,11.4904,40.1567,94.2475,240.1858,0.0265,0.0001,99.6866,202.5426,49.0798,-17.1946,0.0,0.0001,2.4944,-0.0038,6.0924,35.536,11.4607,27.108,35.8508
117.0,235.0,11.5252,40.2026,98.71,237.3186,0.0288,0.0001,99.6935,202.5426,49.0798,-17.1946,0.0,0.0001,2.4779,-0.0067,6.0923,35.5471,11.4951,27.1102,35.8515
118.0,237.0,11.5204,40.1973,82.3946,238.1874,0.0258,0.0001,99.7056,202.5426,49.0798,-17.1946,0.0,0.0001,2.4723,-0.0019,6.0919,35.5457,11.4901,27.11,35.8515
119.0,239.0,11.5238,40.2042,96.8423,237.8373,0.0257,0.0001,99.7096,202.5427,49.0798,-17.1946,0.0,0.0001,2.4665,-0.0009,6.092,35.5481,11.4931,27.1113,35.8526
120.0,241.0,11.5234,40.2048,98.71,237.6771,0.0242,0.0001,99.6985,202.5427,49.0797,-17.1946,0.0,0.0001,2.4645,-0.0008,6.0921,35.5483,11.4925,27.1116,35.853
121.0,243.0,11.5231,40.2055,98.71,237.5013,0.0189,0.0001,99.7109,202.5427,49.0797,-17.1946,0.0,0.0001,2.4624,-0.0006,6.092,35.5484,11.492,27.1117,35.8532
122.0,245.0,11.5238,40.2074,78.0869,237.5888,0.024,0.0001,99.6956,202.5428,49.0797,-17.1947,0.0,0.0001,2.4613,-0.0001,6.0916,35.5488,11.4924,27.112,35.8534
123.0,247.0,11.5268,40.2133,98.71,236.4475,0.0251,0.0001,99.705,202.5428,49.0797,-17.1947,0.0,0.0001,2.4567,-0.0021,6.0915,35.5508,11.4952,27.113,35.8543
124.0,249.0,11.5258,40.2134,98.71,237.1353,0.0237,0.0001,99.7045,202.5429,49.0797,-17.1947,0.0,0.0001,2.455,0.0002,6.093,35.5509,11.4938,27.1134,35.8546
125.0,251.0,11.5138,40.201,98.71,237.7827,0.0219,0.0001,99.6993,202.5429,49.0796,-17.1947,0.0,0.0001,2.4586,0.0007,6.0947,35.5492,11.4816,27.1143,35.8561
126.0,253.0,11.5095,40.1962,98.71,237.8719,0.0265,0.0001,99.7137,202.543,49.0796,-17.1947,0.0,0.0001,2.4591,0.0003,6.0962,35.548,11.4771,27.1142,35.8562
127.0,255.0,11.4912,40.1775,74.38,237.8792,0.0245,0.0001,99.6885,202.543,49.0796,-17.1947,0.0,0.0001,2.4596,0.0001,6.0959,35.5458,11.4586,27.116,35.8588
128.0,257.0,11.4926,40.1798,98.6958,237.8567,0.026,0.0001,99.6768,202.543,49.0796,-17.1947,0.0,0.0001,2.4594,-0.0002,6.0963,35.5462,11.4598,27.116,35.8588
129.0,259.0,11.4884,40.1766,90.3818,237.8246,0.0223,0.0001,99.6745,202.5431,49.0796,-17.1947,0.0,0.0001,2.4587,-0.0003,6.0966,35.5459,11.4552,27.1167,35.8596
130.0,261.0,11.4883,40.177,98.71,236.9483,0.0255,0.0001,99.6839,202.5431,49.0795,-17.1947,0.0,0.0001,2.454,-0.0017,6.097,35.5457,11.455,27.1166,35.8595
131.0,263.0,11.4846,40.175,98.7071,237.6766,0.0314,0.0001,99.6316,202.5432,49.0795,-17.1947,0.0,0.0001,2.4555,0.0,6.0976,35.546,11.4509,27.1176,35.8607
132.0,265.0,11.4826,40.1734,80.1122,237.8629,0.0264,0.0001,99.6332,202.5432,49.0795,-17.1947,0.0,0.0001,2.456,0.0003,6.0978,35.5458,11.4487,27.1178,35.861
133.0,267.0,11.4716,40.1637,98.6908,237.6559,0.0235,0.0002,99.5316,202.5433,49.0795,-17.1948,0.0,0.0001,2.4543,-0.0002,6.1002,35.5455,11.4375,27.1197,35.8634
134.0,269.0,11.464,40.156,53.3259,237.4938,0.0224,0.0001,99.6441,202.5433,49.0795,-17.1947,0.0,0.0001,2.4526,-0.0005,6.1018,35.5446,11.4297,27.1204,35.8644
135.0,271.0,11.449,40.1411,88.4282,236.9391,0.0256,0.0002,99.5197,202.5433,49.0794,-17.1948,0.0,0.0001,2.449,-0.0011,6.1025,35.5432,11.4144,27.1222,35.8668
136.0,273.0,11.448,40.1403,98.695,237.1017,0.0259,0.0002,99.5505,202.5434,49.0794,-17.1948,0.0,0.0001,2.4471,-0.0002,6.1038,35.5429,11.4132,27.1222,35.8669
137.0,275.0,11.4355,40.129,98.6793,237.4586,0.0253,0.0001,99.6149,202.5434,49.0794,-17.1948,0.0,0.0001,2.448,0.0003,6.1041,35.5425,11.4004,27.1243,35.8694
138.0,277.0,11.4335,40.1269,98.6521,237.2052,0.023,0.0001,99.6558,202.5434,49.0794,-17.1948,0.0,0.0001,2.4478,-0.0003,6.1034,35.5417,11.3982,27.1241,35.8694
139.0,279.0,11.4277,40.1227,98.7058,237.6683,0.023,0.0001,99.6923,202.5435,49.0793,-17.1948,0.0,0.0001,2.4487,0.0005,6.1047,35.5421,11.3921,27.1255,35.871
140.0,281.0,11.4264,40.1218,87.3856,237.9375,0.022,0.0002,99.5716,202.5435,49.0793,-17.1948,0.0,0.0001,2.4503,0.0004,6.1056,35.5416,11.3905,27.1255,35.871
141.0,283.0,11.418,40.1137,98.71,238.3576,0.0216,0.0002,99.5566,202.5436,49.0793,-17.1948,0.0,0.0001,2.4524,0.0006,6.1069,35.5407,11.3819,27.1263,35.8723
142.0,285.0,11.4115,40.1078,64.4674,239.0989,0.0235,0.0001,99.6889,202.5436,49.0793,-17.1948,0.0,0.0001,2.456,0.0014,6.107,35.5403,11.3752,27.1273,35.8735
143.0,287.0,11.4109,40.1083,98.71,239.0329,0.0191,0.0002,99.4621,202.5437,49.0793,-17.1948,0.0,0.0001,2.458,0.0001,6.1074,35.5403,11.3743,27.1275,35.8737
144.0,289.0,11.4087,40.1071,98.71,238.7819,0.023,0.0002,99.565,202.5437,49.0792,-17.1948,0.0,0.0001,2.4567,-0.0005,6.1077,35.5404,11.3719,27.128,35.8743
145.0,291.0,11.4033,40.1023,80.0378,239.1064,0.0215,0.0002,99.4192,202.5438,49.0792,-17.1949,0.0,0.0001,2.4573,0.0001,6.1088,35.54,11.3661,27.1287,35.8753
146.0,293.0,11.3964,40.0956,95.8499,238.5114,0.0229,0.0001,99.6207,202.5438,49.0792,-17.1949,0.0,0.0001,2.4541,-0.0009,6.1095,35.5391,11.359,27.1294,35.8762
147.0,295.0,11.3917,40.0919,98.7044,238.4168,0.0214,0.0002,99.4635,202.5438,49.0792,-17.1949,0.0,0.0001,2.4517,-0.0005,6.1102,35.5389,11.3541,27.1301,35.8772
148.0,297.0,11.3859,40.0868,63.0047,238.3671,0.021,0.0001,99.6916,202.5439,49.0792,-17.1949,0.0,0.0001,2.4511,-0.0005,6.1103,35.5386,11.348,27.131,35.8784
149.0,299.0,11.3858,40.0874,90.6013,238.5587,0.0219,0.0002,99.4534,202.5439,49.0791,-17.1949,0.0,0.0001,2.4504,0.0001,6.1111,35.5385,11.3477,27.131,35.8783
150.0,301.0,11.3793,40.0815,98.7056,238.162,0.0233,0.0001,99.6968,202.544,49.0791,-17.1949,0.0,0.0001,2.4483,-0.0007,6.1115,35.5381,11.3409,27.1319,35.8795
151.0,303.0,11.377,40.0802,58.9787,238.7139,0.0231,0.0001,99.6957,202.544,49.0791,-17.1949,0.0,0.0001,2.4481,0.0006,6.1115,35.5381,11.3384,27.1324,35.8801
152.0,305.0,11.3782,40.0825,90.8642,238.5532,0.0254,0.0001,99.6361,202.5441,49.0791,-17.1949,0.0,0.0001,2.449,-0.0001,6.1105,35.5385,11.3394,27.1325,35.8802
153.0,307.0,11.387,40.0955,98.695,238.5412,0.0198,0.0001,99.6941,202.5441,49.0791,-17.1949,0.0,0.0001,2.4486,0.0,6.1092,35.5419,11.3479,27.1336,35.8808
154.0,309.0,11.3935,40.1043,83.9119,238.7298,0.0214,0.0001,99.6713,202.5441,49.079,-17.195,0.0,0.0001,2.4496,0.0,6.1092,35.5436,11.3541,27.1338,35.8808
155.0,311.0,11.3948,40.1071,68.0032,237.9803,0.0224,0.0001,99.6865,202.5442,49.079,-17.195,0.0,0.0001,2.4458,-0.0011,6.1099,35.5441,11.3552,27.134,35.8809
156.0,313.0,11.386,40.0986,78.6415,238.3769,0.024,0.0002,99.6386,202.5442,49.079,-17.195,0.0,0.0001,2.4454,-0.0001,6.1122,35.5431,11.346,27.1349,35.8822
157.0,315.0,11.3779,40.0892,87.0075,238.025,0.0224,0.0001,99.6761,202.5443,49.079,-17.195,0.0,0.0001,2.4435,-0.0008,6.1133,35.5408,11.3378,27.1347,35.8824
158.0,317.0,11.3612,40.0715,98.6992,238.936,0.0236,0.0002,99.5831,202.5443,49.079,-17.195,0.0,0.0001,2.4466,0.0008,6.1135,35.5384,11.3208,27.1359,35.8843
159.0,319.0,11.3604,40.0715,98.71,238.8624,0.0182,0.0001,99.708,202.5444,49.0789,-17.195,0.0,0.0001,2.4469,0.0,6.1138,35.5383,11.3199,27.136,35.8845
160.0,321.0,11.3592,40.0712,98.6308,238.8198,0.0199,0.0002,99.5518,202.5444,49.0789,-17.195,0.0,0.0001,2.4467,-0.0001,6.1141,35.5382,11.3183,27.1362,35.8848
161.0,323.0,11.3574,40.0703,98.695,238.5191,0.0207,0.0001,99.6556,202.5444,49.0789,-17.195,0.0,0.0001,2.4446,-0.0006,6.1143,35.5382,11.3163,27.1366,35.8852
162.0,325.0,11.3557,40.0698,82.7225,239.0595,0.0198,0.0001,99.6924,202.5445,49.0789,-17.1951,0.0,0.0001,2.446,0.0004,6.1144,35.5383,11.3142,27.137,35.8857
163.0,327.0,11.3562,40.071,91.9845,238.5335,0.0222,0.0001,99.6957,202.5445,49.0789,-17.1951,0.0,0.0001,2.4444,-0.0008,6.1146,35.5384,11.3146,27.1371,35.8857
164.0,329.0,11.3515,40.0674,98.5385,238.7312,0.0211,0.0001,99.7014,202.5446,49.0788,-17.1951,0.0,0.0001,2.4439,-0.0003,6.1154,35.5383,11.3096,27.1379,35.8868
165.0,331.0,11.3466,40.0635,98.71,238.703,0.0212,0.0001,99.7126,202.5446,49.0788,-17.1951,0.0,0.0001,2.442,-0.0001,6.1154,35.5382,11.3045,27.1388,35.8879
166.0,333.0,11.3469,40.0647,88.7852,238.3129,0.0224,0.0001,99.7047,202.5446,49.0788,-17.1951,0.0,0.0001,2.4406,-0.0007,6.1158,35.5383,11.3045,27.1389,35.888
167.0,335.0,11.343,40.0613,91.9984,237.9442,0.0233,0.0001,99.7029,202.5447,49.0788,-17.1951,0.0,0.0001,2.4377,-0.0009,6.116,35.5377,11.3003,27.1392,35.8884
168.0,337.0,11.3424,40.0616,98.0823,238.2165,0.0203,0.0001,99.7072,202.5447,49.0788,-17.1951,0.0,0.0001,2.4375,-0.0003,6.1161,35.5378,11.2995,27.1394,35.8887
169.0,339.0,11.3405,40.0606,77.4577,238.2271,0.0196,0.0001,99.7086,202.5448,49.0788,-17.1951,0.0,0.0001,2.4359,0.0001,6.1162,35.5375,11.2973,27.1396,35.889
170.0,341.0,11.3397,40.0606,98.7062,238.2745,0.0203,0.0001,99.7011,202.5448,49.0787,-17.1952,0.0,0.0001,2.4365,-0.0002,6.117,35.5376,11.2963,27.1398,35.8893
171.0,343.0,11.3342,40.0555,98.71,238.0253,0.0181,0.0001,99.6993,202.5448,49.0787,-17.1952,0.0,0.0001,2.4347,-0.0005,6.117,35.537,11.2905,27.1404,35.8901
172.0,345.0,11.3319,40.0539,85.3607,238.2534,0.0195,0.0001,99.7145,202.5449,49.0787,-17.1952,0.0,0.0001,2.4348,0.0,6.1177,35.5367,11.288,27.1406,35.8904
173.0,347.0,11.3306,40.0531,95.1108,237.8982,0.0215,0.0001,99.6566,202.5449,49.0787,-17.1952,0.0,0.0001,2.4326,-0.0007,6.12,35.5364,11.2864,27.1407,35.8906
174.0,349.0,11.3106,40.0317,98.71,237.7397,0.02,0.0001,99.6957,202.545,49.0787,-17.1952,0.0,0.0001,2.4298,-0.0007,6.123,35.5332,11.2663,27.142,35.8927
175.0,351.0,11.2948,40.0149,98.7036,238.2263,0.0214,0.0001,99.6978,202.545,49.0787,-17.1952,0.0,0.0001,2.4305,0.0004,6.1238,35.5309,11.2503,27.1431,35.8945
176.0,353.0,11.2858,40.0056,82.0984,238.0405,0.024,0.0001,99.6926,202.545,49.0787,-17.1952,0.0,0.0001,2.43,-0.0003,6.1241,35.5295,11.241,27.1438,35.8956
177.0,355.0,11.2889,40.0106,92.1213,238.0297,0.0179,0.0001,99.6945,202.5451,49.0787,-17.1953,0.0,0.0001,2.4295,-0.0002,6.1234,35.5307,11.2439,27.1442,35.8958
178.0,357.0,11.2901,40.0147,95.412,237.3275,0.0192,0.0001,99.7029,202.5451,49.0786,-17.1953,0.0,0.0001,2.4274,-0.0014,6.1228,35.5326,11.2448,27.1455,35.8971
179.0,359.0,11.2938,40.0201,98.7027,237.3201,0.0249,0.0001,99.708,202.5451,49.0786,-17.1953,0.0,0.0001,2.4242,-0.0007,6.1224,35.5334,11.2482,27.1455,35.8969
180.0,361.0,11.2937,40.0208,98.7043,236.897,0.0224,0.0001,99.7112,202.5452,49.0786,-17.1953,0.0,0.0001,2.4219,-0.0011,6.1212,35.5335,11.2479,27.1456,35.8971
181.0,363.0,11.3058,40.0376,98.6942,236.7892,0.0235,0.0001,99.6985,202.5452,49.0786,-17.1953,0.0,0.0001,2.4176,-0.0003,6.1204,35.5375,11.2597,27.1466,35.8975
182.0,365.0,11.3078,40.0412,74.1127,236.6297,0.0203,0.0001,99.6962,202.5452,49.0786,-17.1953,0.0,0.0001,2.4172,-0.0005,6.1205,35.5384,11.2614,27.1469,35.8977
183.0,367.0,11.3072,40.0419,94.6022,236.4334,0.0222,0.0001,99.6955,202.5453,49.0786,-17.1953,0.0,0.0001,2.4154,-0.0005,6.1208,35.5388,11.2605,27.1474,35.8983
184.0,369.0,11.3055,40.0414,89.1843,236.3269,0.0247,0.0001,99.6966,202.5453,49.0786,-17.1954,0.0,0.0001,2.4137,-0.0004,6.1213,35.539,11.2585,27.148,35.8989
185.0,371.0,11.3016,40.0386,98.6989,236.2049,0.0228,0.0001,99.6965,202.5454,49.0785,-17.1954,0.0,0.0001,2.4115,-0.0006,6.122,35.539,11.2544,27.1487,35.8998
186.0,373.0,11.2977,40.0355,98.7057,236.1412,0.0201,0.0001,99.7005,202.5454,49.0785,-17.1954,0.0,0.0001,2.4106,-0.0005,6.1221,35.5387,11.2503,27.1492,35.9005
187.0,375.0,11.296,40.0348,91.4451,236.3893,0.0185,0.0001,99.6964,202.5455,49.0785,-17.1954,0.0,0.0001,2.4108,0.0002,6.1229,35.5388,11.2483,27.1497,35.901
188.0,377.0,11.2918,40.0311,98.5521,235.9166,0.0193,0.0001,99.7123,202.5455,49.0785,-17.1954,0.0,0.0001,2.4095,-0.0012,6.1231,35.5383,11.2439,27.1501,35.9017
189.0,379.0,11.2862,40.0284,98.7002,235.8751,0.018,0.0001,99.6559,202.5455,49.0785,-17.1955,0.0,0.0001,2.4078,-0.0008,6.1232,35.5402,11.238,27.1527,35.9044
190.0,381.0,11.2891,40.033,98.6976,236.3546,0.0178,0.0001,99.5729,202.5456,49.0785,-17.1955,0.0,0.0001,2.4095,0.0002,6.1224,35.541,11.2407,27.1528,35.9045
191.0,383.0,11.2913,40.0373,87.9652,235.6894,0.0211,0.0001,99.6004,202.5456,49.0785,-17.1955,0.0,0.0001,2.4055,-0.0008,6.123,35.5424,11.2426,27.1535,35.905
192.0,385.0,11.2882,40.0348,89.7164,235.7231,0.0184,0.0001,99.5986,202.5456,49.0784,-17.1955,0.0,0.0001,2.4041,-0.0004,6.1236,35.5421,11.2392,27.1539,35.9056
193.0,387.0,11.2816,40.0296,98.2456,236.1377,0.0214,0.0001,99.5996,202.5457,49.0784,-17.1955,0.0,0.0001,2.405,0.0003,6.1238,35.542,11.2323,27.1551,35.9071
194.0,389.0,11.2812,40.0297,98.7025,236.1356,0.0215,0.0001,99.6939,202.5457,49.0784,-17.1956,0.0,0.0001,2.4054,-0.0001,6.1241,35.5419,11.2318,27.1551,35.9071
195.0,391.0,11.28,40.0294,98.6962,236.0339,0.0198,0.0001,99.6957,202.5458,49.0784,-17.1956,0.0,0.0001,2.4045,-0.0003,6.1243,35.5418,11.2303,27.1554,35.9074
196.0,393.0,11.2777,40.0282,85.2896,236.8563,0.0175,0.0001,99.7,202.5458,49.0784,-17.1956,0.0,0.0001,2.4077,0.0008,6.1249,35.5419,11.2277,27.1559,35.9081
197.0,395.0,11.2769,40.0278,98.7037,236.4918,0.0192,0.0001,99.702,202.5458,49.0784,-17.1956,0.0,0.0001,2.4075,-0.0005,6.1254,35.5416,11.2267,27.1558,35.908
198.0,397.0,11.2678,40.0199,98.71,236.5682,0.0198,0.0001,99.6957,202.5459,49.0784,-17.1956,0.0,0.0001,2.4075,-0.0001,6.1254,35.5415,11.2173,27.1575,35.9101
199.0,399.0,11.2676,40.0202,93.1734,236.884,0.0197,0.0001,99.6893,202.5459,49.0784,-17.1956,0.0,0.0001,2.4079,0.0001,6.1267,35.5414,11.217,27.1575,35.91
200.0,401.0,11.2569,40.0096,98.71,236.5678,0.0202,0.0001,99.6919,202.5459,49.0784,-17.1957,0.0,0.0001,2.4064,-0.0005,6.1271,35.5399,11.206,27.1584,35.9114
201.0,403.0,11.2591,40.0127,98.71,236.4064,0.0176,0.0001,99.6935,202.546,49.0784,-17.1957,0.0,0.0001,2.405,-0.0006,6.1273,35.5402,11.208,27.1582,35.9111
202.0,405.0,11.2554,40.0101,86.5613,236.5673,0.0195,0.0001,99.6928,202.546,49.0784,-17.1957,0.0,0.0001,2.4042,0.0001,6.1272,35.54,11.204,27.1588,35.9119
203.0,407.0,11.2556,40.011,97.3814,236.5038,0.0209,0.0001,99.6854,202.5461,49.0783,-17.1957,0.0,0.0001,2.4039,-0.0002,6.128,35.54,11.2039,27.1588,35.9119
204.0,409.0,11.2507,40.006,98.695,236.6413,0.0218,0.0001,99.6957,202.5461,49.0783,-17.1958,0.0,0.0001,2.4032,-0.0001,6.1294,35.5388,11.1987,27.1588,35.9122
205.0,411.0,11.2411,39.9964,82.5074,236.711,0.0245,0.0001,99.7033,202.5461,49.0783,-17.1958,0.0,0.0001,2.4031,-0.0002,6.131,35.5378,11.1889,27.1598,35.9136
206.0,413.0,11.2299,39.9852,89.6486,236.4923,0.0199,0.0001,99.6892,202.5462,49.0783,-17.1958,0.0,0.0001,2.4017,-0.0004,6.1305,35.5366,11.1775,27.161,35.9153
207.0,415.0,11.2307,39.9872,98.7014,236.913,0.021,0.0001,99.6939,202.5462,49.0783,-17.1958,0.0,0.0001,2.4029,0.0003,6.1308,35.5368,11.178,27.1611,35.9153
208.0,417.0,11.2303,39.9878,98.71,236.5801,0.0192,0.0001,99.692,202.5462,49.0783,-17.1958,0.0,0.0001,2.402,-0.0007,6.1311,35.5369,11.1773,27.1613,35.9155
209.0,419.0,11.2284,39.9864,98.7006,236.4676,0.0204,0.0001,99.6983,202.5463,49.0783,-17.1959,0.0,0.0001,2.4002,-0.0006,6.1313,35.5365,11.1752,27.1614,35.9157
210.0,421.0,11.2225,39.9805,98.71,236.5502,0.0215,0.0001,99.6957,202.5463,49.0783,-17.1959,0.0,0.0001,2.3993,-0.0003,6.1315,35.5353,11.169,27.1616,35.9162
211.0,423.0,11.2238,39.9828,90.9323,236.9255,0.0226,0.0001,99.6979,202.5463,49.0783,-17.1959,0.0,0.0001,2.4008,0.0001,6.1327,35.5357,11.1701,27.1617,35.9163
212.0,425.0,11.2124,39.9717,95.1314,236.7616,0.0202,0.0001,99.6987,202.5464,49.0783,-17.1959,0.0,0.0001,2.4,-0.0005,6.1351,35.5344,11.1585,27.1628,35.9179
213.0,427.0,11.2045,39.9639,98.6875,235.8327,0.0178,0.0001,99.6957,202.5464,49.0783,-17.1959,0.0,0.0001,2.3958,-0.0022,6.1355,35.5334,11.1504,27.1636,35.919
214.0,429.0,11.1902,39.9486,94.5238,236.9724,0.0216,0.0001,99.6797,202.5465,49.0783,-17.1959,0.0,0.0001,2.3985,0.0003,6.1356,35.5311,11.1358,27.1644,35.9204
215.0,431.0,11.1925,39.9521,98.7025,236.6795,0.0134,0.0001,99.6957,202.5465,49.0782,-17.1959,0.0,0.0001,2.3976,-0.0005,6.1372,35.5317,11.1379,27.1645,35.9204
216.0,433.0,11.18,39.9393,98.7053,237.0828,0.0181,0.0001,99.7115,202.5465,49.0782,-17.196,0.0,0.0001,2.398,0.0001,6.1397,35.5299,11.1251,27.1655,35.9219
217.0,435.0,11.1671,39.926,82.5582,236.9746,0.0197,0.0001,99.7063,202.5466,49.0782,-17.196,0.0,0.0001,2.3968,-0.0004,6.1428,35.5282,11.1121,27.1665,35.9235
218.0,437.0,11.1338,39.8889,98.7458,236.9563,0.0165,0.0001,99.7116,202.5466,49.0782,-17.196,0.0,0.0001,2.3955,-0.0002,6.1434,35.5224,11.0785,27.1682,35.9267
219.0,439.0,11.1432,39.9002,98.5593,236.9064,0.0207,0.0001,99.7021,202.5466,49.0782,-17.196,0.0,0.0001,2.395,-0.0003,6.1453,35.5241,11.0878,27.1678,35.9259
220.0,441.0,11.124,39.8801,98.695,237.3195,0.018,0.0001,99.7116,202.5467,49.0782,-17.196,0.0,0.0001,2.3956,0.0003,6.1458,35.5215,11.0684,27.1693,35.9282
221.0,443.0,11.1223,39.8792,85.4512,237.8654,0.0179,0.0001,99.7035,202.5467,49.0782,-17.196,0.0,0.0001,2.3982,0.0009,6.1461,35.5214,11.0664,27.1696,35.9286
222.0,445.0,11.1161,39.8738,96.2576,237.7522,0.0203,0.0001,99.7012,202.5468,49.0782,-17.196,0.0,0.0001,2.3985,0.0001,6.147,35.5211,11.0599,27.1705,35.9298
223.0,447.0,11.1118,39.8702,98.2562,238.0411,0.0222,0.0001,99.7,202.5468,49.0782,-17.196,0.0,0.0001,2.3994,0.0003,6.1472,35.5207,11.0553,27.1711,35.9305
224.0,449.0,11.111,39.8705,98.705,238.2995,0.0185,0.0001,99.6992,202.5468,49.0782,-17.196,0.0,0.0001,2.4004,0.0004,6.1476,35.521,11.0543,27.1715,35.931
225.0,451.0,11.1078,39.8683,98.71,238.2752,0.0177,0.0001,99.7005,202.5469,49.0782,-17.196,0.0,0.0001,2.4015,0.0001,6.1475,35.5208,11.0509,27.172,35.9316
226.0,453.0,11.109,39.8703,84.5545,238.2814,0.0236,0.0001,99.6959,202.5469,49.0781,-17.196,0.0,0.0001,2.4011,0.0,6.1483,35.521,11.0519,27.1719,35.9315
227.0,455.0,11.1026,39.8647,98.7041,238.0527,0.0193,0.0001,99.7059,202.5469,49.0781,-17.1961,0.0,0.0001,2.3994,-0.0006,6.1484,35.5207,11.0452,27.173,35.9328
228.0,457.0,11.1003,39.8632,98.6917,238.2611,0.0216,0.0001,99.6919,202.547,49.0781,-17.196,0.0,0.0001,2.3993,-0.0001,6.1489,35.5203,11.0427,27.1731,35.9331
229.0,459.0,11.0992,39.8627,72.6091,237.5836,0.0189,0.0001,99.7083,202.547,49.0781,-17.1961,0.0,0.0001,2.3963,-0.0012,6.1492,35.5202,11.0413,27.1733,35.9333
230.0,461.0,11.0951,39.8592,93.8534,238.01,0.0197,0.0001,99.7047,202.5471,49.0781,-17.1961,0.0,0.0001,2.3967,-0.0001,6.1495,35.5197,11.0369,27.1737,35.9339
231.0,463.0,11.0933,39.8584,98.6971,237.8741,0.018,0.0001,99.6957,202.5471,49.0781,-17.1961,0.0,0.0001,2.3954,-0.0002,6.1497,35.5197,11.0349,27.1741,35.9343
232.0,465.0,11.0924,39.8587,98.71,238.22,0.0185,0.0001,99.7026,202.5471,49.0781,-17.1961,0.0,0.0001,2.3959,0.0004,6.1497,35.52,11.0337,27.1745,35.9348
233.0,467.0,11.0919,39.8594,92.9192,238.2412,0.0212,0.0001,99.7036,202.5472,49.0781,-17.1961,0.0,0.0001,2.3962,0.0001,6.15,35.5201,11.0329,27.1748,35.9351
234.0,469.0,11.0904,39.859,98.6837,237.954,0.0192,0.0001,99.7093,202.5472,49.0781,-17.1961,0.0,0.0001,2.3959,-0.0007,6.1501,35.5204,11.0312,27.1753,35.9357
235.0,471.0,11.0868,39.8564,98.6912,238.3532,0.0204,0.0001,99.6984,202.5473,49.0781,-17.1961,0.0,0.0001,2.3959,0.0002,6.1505,35.5203,11.0273,27.1759,35.9365
236.0,473.0,11.0864,39.8567,96.777,238.4181,0.0193,0.0001,99.7046,202.5473,49.078,-17.1961,0.0,0.0001,2.3962,0.0001,6.1507,35.5203,11.0267,27.176,35.9366
237.0,475.0,11.0838,39.8552,91.2118,238.6175,0.0193,0.0001,99.7052,202.5473,49.078,-17.1961,0.0,0.0001,2.3976,0.0,6.1509,35.5203,11.0239,27.1765,35.9373
238.0,477.0,11.0821,39.8548,98.71,238.5354,0.0207,0.0001,99.7046,202.5474,49.078,-17.1961,0.0,0.0001,2.3962,-0.0001,6.1511,35.5206,11.0219,27.1771,35.9379
239.0,479.0,11.0817,39.8553,91.1919,238.7417,0.0199,0.0001,99.7066,202.5474,49.078,-17.1961,0.0,0.0001,2.3974,0.0001,6.1511,35.5208,11.0212,27.1774,35.9382
240.0,481.0,11.0812,39.8558,98.7072,239.1676,0.019,0.0001,99.717,202.5475,49.078,-17.1961,0.0,0.0001,2.399,0.0005,6.1511,35.5207,11.0204,27.1775,35.9384
241.0,483.0,11.081,39.8563,98.7012,238.3573,0.0199,0.0001,99.6753,202.5475,49.078,-17.1961,0.0,0.0001,2.3963,-0.0011,6.1511,35.5208,11.02,27.1776,35.9385
242.0,485.0,11.0808,39.8572,98.0208,238.8568,0.0253,0.0001,99.7075,202.5475,49.078,-17.1961,0.0,0.0001,2.3961,0.0003,6.1511,35.5208,11.0196,27.1777,35.9386
243.0,487.0,11.0808,39.858,94.1983,238.7007,0.0204,0.0001,99.7023,202.5476,49.078,-17.1961,0.0,0.0001,2.3961,-0.0004,6.1516,35.5209,11.0194,27.1778,35.9387
244.0,489.0,11.0793,39.8571,37.7715,238.0827,0.0204,0.0001,99.6957,202.5476,49.0779,-17.1961,0.0,0.0001,2.3924,-0.0012,6.1518,35.5205,11.0176,27.1778,35.9388
245.0,491.0,11.0707,39.8494,96.4334,238.7643,0.0213,0.0001,99.6997,202.5477,49.0779,-17.1962,0.0,0.0001,2.3943,0.0,6.1527,35.52,11.0088,27.179,35.9404
246.0,493.0,11.0715,39.8502,98.7062,238.1131,0.0187,0.0001,99.6957,202.5477,49.0779,-17.1961,0.0,0.0001,2.3909,-0.0011,6.1542,35.519,11.0093,27.1782,35.9395
247.0,495.0,11.0546,39.8336,98.6374,238.3451,0.0196,0.0001,99.7024,202.5477,49.0779,-17.1962,0.0,0.0001,2.3899,-0.0003,6.1548,35.5179,10.9922,27.1805,35.9425
248.0,497.0,11.0548,39.8339,98.693,237.8653,0.0194,0.0001,99.6928,202.5478,49.0779,-17.1961,0.0,0.0001,2.3875,-0.0009,6.1556,35.5173,10.9922,27.18,35.9421
249.0,499.0,11.0481,39.8279,87.1221,238.218,0.0218,0.0001,99.7002,202.5478,49.0779,-17.1962,0.0,0.0001,2.3867,0.0002,6.1558,35.5167,10.9852,27.1808,35.9432
250.0,501.0,11.0483,39.8287,95.4441,238.09,0.0245,0.0001,99.6952,202.5479,49.0779,-17.1961,0.0,0.0001,2.3858,-0.0003,6.1572,35.5167,10.9852,27.1808,35.9432
251.0,503.0,11.0377,39.8184,98.695,238.4903,0.0189,0.0001,99.6957,202.5479,49.0778,-17.1962,0.0,0.0001,2.387,0.0004,6.1568,35.5156,10.9743,27.182,35.9448
252.0,505.0,11.0367,39.8181,98.6982,238.0839,0.0205,0.0001,99.703,202.5479,49.0778,-17.1961,0.0,0.0001,2.3862,-0.0006,6.1581,35.5155,10.9731,27.1821,35.945
253.0,507.0,11.0254,39.8058,92.8493,237.0894,0.0183,0.0001,99.6957,202.548,49.0778,-17.1961,0.0,0.0001,2.3802,-0.0018,6.1592,35.513,10.9615,27.1822,35.9456
254.0,509.0,11.0142,39.7949,87.0004,237.5299,0.0202,0.0001,99.6978,202.548,49.0778,-17.1961,0.0,0.0001,2.3793,-0.0002,6.1606,35.5121,10.9502,27.1836,35.9475
255.0,511.0,11.0082,39.7887,96.7015,237.0595,0.0224,0.0004,99.0898,202.5481,49.0778,-17.1961,0.0,0.0001,2.3763,-0.0009,6.1615,35.5109,10.9439,27.1838,35.9479
256.0,513.0,11.006,39.7867,90.2156,236.7344,0.0185,0.0001,99.6037,202.5481,49.0778,-17.1961,0.0,0.0001,2.3727,-0.0009,6.1628,35.5103,10.9414,27.1838,35.948
257.0,515.0,10.9973,39.778,98.6893,236.5687,0.0188,0.0001,99.7054,202.5481,49.0777,-17.1961,0.0,0.0001,2.3705,-0.0008,6.1631,35.509,10.9325,27.1844,35.949
258.0,517.0,10.9902,39.7717,98.6948,236.6284,0.0193,0.0001,99.6154,202.5482,49.0777,-17.1961,0.0,0.0001,2.3683,-0.0004,6.1639,35.5086,10.9252,27.1854,35.9503
259.0,519.0,10.9879,39.7705,88.5678,236.6206,0.022,0.0001,99.6897,202.5482,49.0777,-17.1961,0.0,0.0001,2.3677,-0.0001,6.1645,35.5087,10.9227,27.1859,35.951
260.0,521.0,10.9822,39.765,97.7712,236.4949,0.0202,0.0002,99.5366,202.5483,49.0777,-17.1961,0.0,0.0001,2.367,-0.0004,6.1654,35.5079,10.9168,27.1864,35.9517
261.0,523.0,10.9771,39.7606,98.6943,236.5046,0.0184,0.0001,99.7005,202.5483,49.0777,-17.1961,0.0,0.0001,2.3651,-0.0002,6.1655,35.5076,10.9114,27.1872,35.9526
262.0,525.0,10.9757,39.7606,79.1007,236.6621,0.0222,0.0001,99.6819,202.5483,49.0777,-17.1961,0.0,0.0001,2.366,0.0,6.1656,35.5081,10.9097,27.1878,35.9534
263.0,527.0,10.9721,39.7578,96.1836,237.0713,0.0234,0.0001,99.7045,202.5484,49.0777,-17.1961,0.0,0.0001,2.3678,0.0002,6.1672,35.5078,10.9058,27.1883,35.954
264.0,529.0,10.9688,39.754,98.6991,236.4812,0.0216,0.0001,99.7026,202.5484,49.0776,-17.1961,0.0,0.0001,2.3655,-0.001,6.167,35.5064,10.9023,27.1878,35.9537
265.0,531.0,10.9537,39.7387,98.71,237.3554,0.0179,0.0001,99.6974,202.5485,49.0776,-17.196,0.0,0.0001,2.3682,0.0006,6.168,35.5046,10.887,27.1893,35.9558
266.0,533.0,10.9576,39.744,98.7014,236.8038,0.0224,0.0002,99.6258,202.5485,49.0776,-17.1961,0.0,0.0001,2.366,-0.0007,6.1701,35.5055,10.8907,27.1893,35.9557
267.0,535.0,10.9377,39.7233,98.6934,236.6581,0.0199,0.0001,99.7008,202.5486,49.0776,-17.196,0.0,0.0001,2.3637,-0.0005,6.1708,35.503,10.8706,27.191,35.9582
268.0,537.0,10.934,39.7202,86.0182,236.8241,0.0207,0.0001,99.6808,202.5486,49.0776,-17.196,0.0,0.0001,2.3634,-0.0001,6.1715,35.5025,10.8666,27.1913,35.9587
269.0,539.0,10.9336,39.7201,96.3097,236.3739,0.0203,0.0001,99.7043,202.5487,49.0776,-17.196,0.0,0.0001,2.3612,-0.0009,6.1727,35.5021,10.866,27.1911,35.9585
270.0,541.0,10.9244,39.7113,98.6957,236.4625,0.0219,0.0001,99.7062,202.5487,49.0776,-17.196,0.0,0.0001,2.3598,-0.0003,6.1729,35.5011,10.8565,27.192,35.9599
271.0,543.0,10.9211,39.7088,93.5422,236.6481,0.0215,0.0001,99.7057,202.5487,49.0775,-17.196,0.0,0.0001,2.3597,0.0001,6.1734,35.501,10.8529,27.1926,35.9606
272.0,545.0,10.9215,39.71,98.6989,236.4258,0.0213,0.0001,99.7048,202.5488,49.0775,-17.196,0.0,0.0001,2.3589,-0.0005,6.1736,35.5009,10.8531,27.1925,35.9605
273.0,547.0,10.9173,39.7066,98.7017,236.2472,0.0231,0.0001,99.7139,202.5488,49.0775,-17.196,0.0,0.0001,2.3565,-0.0004,6.174,35.5007,10.8487,27.1931,35.9613
274.0,549.0,10.9153,39.7053,87.9319,236.4277,0.0199,0.0001,99.7229,202.5488,49.0775,-17.196,0.0,0.0001,2.3566,-0.0001,6.1748,35.5005,10.8464,27.1934,35.9616
275.0,551.0,10.9102,39.7006,98.6972,236.0536,0.0177,0.0001,99.7246,202.5489,49.0775,-17.196,0.0,0.0001,2.3553,-0.0009,6.1763,35.4998,10.8411,27.1938,35.9623
276.0,553.0,10.8985,39.6893,98.701,236.1883,0.0192,0.0001,99.7184,202.5489,49.0775,-17.196,0.0,0.0001,2.3541,-0.0003,6.1756,35.4988,10.8292,27.1952,35.9642
277.0,555.0,10.9007,39.6923,84.4356,236.0703,0.0185,0.0001,99.6806,202.549,49.0775,-17.196,0.0,0.0001,2.3526,-0.0004,6.1768,35.4989,10.8312,27.1949,35.9638
278.0,557.0,10.8924,39.6845,96.0477,236.2334,0.0194,0.0001,99.7103,202.549,49.0775,-17.1959,0.0,0.0001,2.3526,0.0,6.1773,35.4981,10.8226,27.1959,35.9651
279.0,559.0,10.8915,39.6843,98.5766,236.1714,0.0214,0.0001,99.7171,202.549,49.0775,-17.196,0.0,0.0001,2.3514,-0.0001,6.1776,35.4981,10.8215,27.196,35.9653
280.0,561.0,10.8867,39.6804,98.6933,236.5543,0.0221,0.0001,99.7217,202.5491,49.0775,-17.1959,0.0,0.0001,2.3526,0.0003,6.1782,35.4978,10.8164,27.1967,35.9662
281.0,563.0,10.8835,39.6781,84.442,236.4872,0.0229,0.0001,99.7204,202.5491,49.0774,-17.196,0.0,0.0001,2.3527,0.0,6.1785,35.4977,10.8129,27.1972,35.9669
282.0,565.0,10.8835,39.6786,92.8479,235.9048,0.0215,0.0001,99.7269,202.5492,49.0774,-17.1959,0.0,0.0001,2.3502,-0.0011,6.1785,35.4975,10.8128,27.1971,35.9668
283.0,567.0,10.8806,39.6789,98.7085,235.9775,0.0189,0.0001,99.7246,202.5492,49.0774,-17.1959,0.0,0.0001,2.3489,-0.0004,6.1785,35.4995,10.8096,27.1993,35.9691
284.0,569.0,10.8817,39.6809,81.5443,236.1684,0.0203,0.0001,99.6995,202.5492,49.0774,-17.1959,0.0,0.0001,2.3492,-0.0001,6.1781,35.4999,10.8105,27.1994,35.9691
285.0,571.0,10.8861,39.6871,98.6852,236.4974,0.0187,0.0001,99.7246,202.5493,49.0774,-17.1959,0.0,0.0001,2.3495,0.0007,6.1778,35.5008,10.8145,27.1994,35.9689
286.0,573.0,10.8858,39.6884,98.6996,236.3571,0.0208,0.0001,99.6817,202.5493,49.0774,-17.1959,0.0,0.0001,2.3493,-0.0001,6.178,35.5014,10.814,27.1999,35.9695
287.0,575.0,10.8872,39.691,98.695,236.4647,0.0203,0.0001,99.7275,202.5494,49.0774,-17.1959,0.0,0.0001,2.3492,0.0001,6.178,35.5018,10.8152,27.2001,35.9696
288.0,577.0,10.8797,39.6849,72.7164,236.5656,0.0197,0.0001,99.7246,202.5494,49.0774,-17.1959,0.0,0.0001,2.3494,0.0003,6.178,35.502,10.8074,27.2016,35.9715
289.0,579.0,10.8815,39.6867,97.1984,236.3937,0.0212,0.0001,99.7037,202.5494,49.0774,-17.1959,0.0,0.0001,2.3491,-0.0002,6.1787,35.5015,10.809,27.201,35.9707
290.0,581.0,10.8761,39.6832,86.5828,236.4373,0.0197,0.0001,99.7246,202.5495,49.0774,-17.1959,0.0,0.0001,2.3482,-0.0001,6.179,35.5019,10.8033,27.2023,35.9723
291.0,583.0,10.8768,39.6847,95.0115,236.3221,0.017,0.0001,99.6214,202.5495,49.0774,-17.1959,0.0,0.0001,2.347,-0.0004,6.1792,35.5021,10.8038,27.2023,35.9723
292.0,585.0,10.8742,39.6838,98.7025,236.77,0.0184,0.0001,99.719,202.5495,49.0774,-17.1959,0.0,0.0001,2.348,0.0006,6.1793,35.5026,10.8009,27.2033,35.9734
293.0,587.0,10.8744,39.6847,92.2824,236.4906,0.021,0.0001,99.6946,202.5496,49.0774,-17.1959,0.0,0.0001,2.3473,-0.0003,6.1797,35.5027,10.8009,27.2033,35.9734
294.0,589.0,10.8703,39.6818,90.391,236.266,0.0174,0.0001,99.7276,202.5496,49.0773,-17.1959,0.0,0.0001,2.3455,-0.0005,6.1797,35.5027,10.7965,27.2042,35.9744
295.0,591.0,10.8697,39.682,74.5597,236.8683,0.0205,0.0001,99.726,202.5497,49.0774,-17.1959,0.0,0.0001,2.3471,0.0004,6.1801,35.5024,10.7956,27.2041,35.9744
296.0,593.0,10.8702,39.683,98.5998,236.0912,0.022,0.0001,99.7246,202.5497,49.0773,-17.1959,0.0,0.0001,2.3452,-0.0013,6.1804,35.5025,10.7959,27.2041,35.9744
297.0,595.0,10.8656,39.6802,93.0807,236.2877,0.0224,0.0001,99.7246,202.5497,49.0773,-17.1959,0.0,0.0001,2.3443,-0.0005,6.1803,35.5031,10.7911,27.2054,35.9759
298.0,597.0,10.8653,39.681,98.6923,236.5477,0.0188,0.0001,99.7217,202.5498,49.0773,-17.1959,0.0,0.0001,2.3445,0.0,6.1813,35.5033,10.7905,27.2057,35.9762
299.0,599.0,10.856,39.6728,98.6854,235.9855,0.0211,0.0001,99.7246,202.5498,49.0773,-17.1959,0.0,0.0001,2.3422,-0.001,6.1816,35.5031,10.781,27.2072,35.9781
300.0,601.0,10.8548,39.6725,98.6923,236.215,0.0218,0.0001,99.6656,202.5498,49.0773,-17.1959,0.0,0.0001,2.3414,-0.0003,6.1827,35.503,10.7795,27.2074,35.9784
301.0,603.0,10.851,39.6691,98.6957,235.72,0.0178,0.0001,99.7145,202.5499,49.0773,-17.1959,0.0,0.0001,2.3384,-0.001,6.1833,35.5024,10.7754,27.2077,35.9788
302.0,605.0,10.8416,39.661,87.3258,235.8799,0.0182,0.0001,99.7001,202.5499,49.0773,-17.1959,0.0,0.0001,2.3378,-0.0004,6.1839,35.5024,10.7658,27.2094,35.9809
303.0,607.0,10.8397,39.6594,98.6872,235.8894,0.0173,0.0001,99.7166,202.5499,49.0773,-17.1959,0.0,0.0001,2.3376,-0.0003,6.1834,35.5023,10.7638,27.2097,35.9813
304.0,609.0,10.8342,39.6543,98.6441,235.8126,0.0195,0.0001,99.721,202.55,49.0773,-17.1959,0.0,0.0001,2.3346,-0.0002,6.1847,35.5012,10.7579,27.2099,35.9818
305.0,611.0,10.8359,39.6572,98.692,235.5081,0.0187,0.0001,99.7246,202.55,49.0773,-17.1959,0.0,0.0001,2.3336,-0.0006,6.1858,35.5016,10.7595,27.21,35.9818
306.0,613.0,10.8276,39.6492,98.6904,235.4622,0.019,0.0001,99.7246,202.5501,49.0773,-17.1959,0.0,0.0001,2.3321,-0.0004,6.186,35.5008,10.751,27.2108,35.983
307.0,615.0,10.8228,39.6449,81.9378,235.6615,0.0172,0.0001,99.715,202.5501,49.0773,-17.1959,0.0,0.0001,2.332,0.0,6.1865,35.5001,10.7459,27.2113,35.9837
308.0,617.0,10.8211,39.6436,98.7014,235.0802,0.0161,0.0001,99.7174,202.5501,49.0773,-17.1959,0.0,0.0001,2.3321,-0.0012,6.1869,35.4998,10.7439,27.2113,35.9838
309.0,619.0,10.8152,39.6389,98.5561,235.6218,0.0196,0.0001,99.664,202.5502,49.0773,-17.1959,0.0,0.0001,2.3306,0.0001,6.1877,35.4997,10.7377,27.2124,35.9851
310.0,621.0,10.8128,39.6364,98.694,235.2959,0.0171,0.0001,99.7137,202.5502,49.0773,-17.1959,0.0,0.0001,2.3279,-0.0007,6.1893,35.4987,10.7351,27.2121,35.9849
311.0,623.0,10.7957,39.6192,98.6966,234.9938,0.0188,0.0001,99.7246,202.5502,49.0773,-17.1959,0.0,0.0001,2.3266,-0.0008,6.189,35.4969,10.7179,27.2138,35.9874
312.0,625.0,10.8032,39.6282,75.4872,235.3532,0.0181,0.0002,99.5558,202.5503,49.0773,-17.1959,0.0,0.0001,2.3267,-0.0002,6.1907,35.4982,10.7251,27.2134,35.9867
313.0,627.0,10.7887,39.6139,98.6896,234.5789,0.0207,0.0001,99.7195,202.5503,49.0773,-17.1959,0.0,0.0001,2.3225,-0.0014,6.1918,35.4969,10.7104,27.2151,35.989
314.0,629.0,10.7809,39.6069,81.5753,235.0711,0.019,0.0001,99.6824,202.5504,49.0773,-17.1959,0.0,0.0001,2.3231,-0.0002,6.1923,35.4961,10.7023,27.216,35.9902
315.0,631.0,10.78,39.6061,98.6947,234.8686,0.0191,0.0001,99.6797,202.5504,49.0773,-17.1959,0.0,0.0001,2.322,-0.0005,6.1925,35.4958,10.7012,27.2159,35.9902
316.0,633.0,10.7627,39.5881,89.3672,234.1608,0.0192,0.0001,99.6517,202.5504,49.0773,-17.196,0.0,0.0001,2.3173,-0.0013,6.1962,35.4933,10.6837,27.2171,35.9922
317.0,635.0,10.7574,39.583,98.7001,233.0349,0.0176,0.0001,99.7161,202.5505,49.0773,-17.1959,0.0,0.0001,2.311,-0.0023,6.1962,35.4926,10.6782,27.2175,35.9928
318.0,637.0,10.7489,39.575,98.6937,233.671,0.0221,0.0001,99.6795,202.5505,49.0773,-17.196,0.0,0.0001,2.3089,-0.0001,6.1977,35.4918,10.6695,27.2185,35.9942
319.0,639.0,10.7387,39.5652,75.6367,233.8843,0.0203,0.0001,99.701,202.5506,49.0772,-17.196,0.0,0.0001,2.3093,0.0001,6.1984,35.4909,10.6591,27.2197,35.9958
320.0,641.0,10.7292,39.5556,98.6919,233.0909,0.02,0.0001,99.6969,202.5506,49.0772,-17.196,0.0,0.0001,2.3065,-0.0012,6.1994,35.4896,10.6494,27.2204,35.9969
321.0,643.0,10.7311,39.5582,77.9603,232.7168,0.0192,0.0001,99.6658,202.5506,49.0772,-17.196,0.0,0.0001,2.3017,-0.0014,6.2007,35.4896,10.6511,27.2201,35.9965
322.0,645.0,10.7145,39.5407,94.4473,231.7212,0.021,0.0001,99.6966,202.5507,49.0772,-17.196,0.0,0.0001,2.2949,-0.0015,6.2022,35.487,10.6342,27.2211,35.9983
323.0,647.0,10.7107,39.5377,98.6905,230.0156,0.0159,0.0001,99.7122,202.5507,49.0772,-17.196,0.0,0.0001,2.2866,-0.0037,6.2034,35.4871,10.6302,27.2218,35.9992
324.0,649.0,10.6954,39.5211,98.6899,229.664,0.0168,0.0001,99.7016,202.5507,49.0772,-17.196,0.0,0.0001,2.2826,-0.0032,6.2028,35.4842,10.6147,27.2223,36.0004
325.0,651.0,10.6962,39.5226,98.6963,230.7103,0.0183,0.0001,99.6824,202.5508,49.0772,-17.196,0.0,0.0001,2.282,-0.0002,6.2037,35.4843,10.6153,27.2223,36.0003
326.0,653.0,10.696,39.5242,89.111,230.6905,0.0207,0.0001,99.6729,202.5508,49.0772,-17.196,0.0,0.0001,2.2818,-0.0002,6.2033,35.4849,10.6147,27.2229,36.0009
327.0,655.0,10.6981,39.5276,98.6835,231.1373,0.023,0.0001,99.7101,202.5509,49.0772,-17.196,0.0,0.0001,2.2821,0.0006,6.2033,35.4855,10.6166,27.2231,36.001
328.0,657.0,10.7001,39.5319,96.6669,231.4503,0.0216,0.0001,99.6199,202.5509,49.0772,-17.196,0.0,0.0001,2.2838,0.0005,6.2038,35.4867,10.6183,27.2237,36.0015
329.0,659.0,10.6991,39.5308,98.6592,231.2466,0.0169,0.0001,99.7152,202.5509,49.0772,-17.196,0.0,0.0001,2.2832,-0.0002,6.2053,35.486,10.6171,27.2234,36.0012
330.0,661.0,10.682,39.5146,98.6854,231.9251,0.0183,0.0001,99.7098,202.551,49.0772,-17.196,0.0,0.0001,2.2852,0.0009,6.2053,35.4853,10.5999,27.2258,36.0044
331.0,663.0,10.6772,39.5101,93.5912,231.5466,0.0207,0.0001,99.5956,202.551,49.0772,-17.196,0.0,0.0001,2.2848,-0.0003,6.2073,35.4846,10.5948,27.2262,36.0051
332.0,665.0,10.6658,39.4984,80.7397,230.9689,0.0176,0.0001,99.7156,202.551,49.0772,-17.196,0.0,0.0001,2.2821,-0.0009,6.2075,35.4829,10.5832,27.2269,36.0063
333.0,667.0,10.6668,39.5001,95.2931,230.9244,0.0189,0.0001,99.6659,202.5511,49.0772,-17.196,0.0,0.0001,2.2796,-0.0007,6.2084,35.4828,10.5839,27.2268,36.0061
334.0,669.0,10.663,39.4974,98.6042,230.7112,0.0164,0.0001,99.704,202.5511,49.0772,-17.196,0.0,0.0001,2.2776,-0.0006,6.2085,35.4829,10.5799,27.2275,36.007
335.0,671.0,10.6607,39.4959,98.6969,230.5113,0.0172,0.0001,99.6702,202.5512,49.0772,-17.196,0.0,0.0001,2.2755,-0.0006,6.2094,35.4828,10.5774,27.2279,36.0075
336.0,673.0,10.6519,39.488,98.6863,230.7108,0.0193,0.0001,99.7101,202.5512,49.0772,-17.1961,0.0,0.0001,2.2741,-0.0001,6.2114,35.4825,10.5683,27.2293,36.0092
337.0,675.0,10.6471,39.4837,62.0428,230.5293,0.0204,0.0001,99.7174,202.5512,49.0772,-17.1961,0.0,0.0001,2.2733,-0.0004,6.2109,35.4819,10.5634,27.2297,36.0099
338.0,677.0,10.6454,39.4827,95.9234,229.9894,0.019,0.0001,99.6922,202.5513,49.0772,-17.1961,0.0,0.0001,2.2701,-0.0009,6.2123,35.4817,10.5613,27.2299,36.0102
339.0,679.0,10.6293,39.468,98.6969,229.5123,0.0154,0.0001,99.7111,202.5513,49.0772,-17.1961,0.0,0.0001,2.2662,-0.0011,6.2129,35.4814,10.545,27.2326,36.0135
340.0,681.0,10.6246,39.4629,91.761,229.6073,0.0169,0.0001,99.6527,202.5513,49.0772,-17.1961,0.0,0.0001,2.2648,-0.0006,6.2141,35.48,10.5401,27.2324,36.0136
341.0,683.0,10.6188,39.4575,98.71,228.834,0.0153,0.0001,99.7053,202.5514,49.0771,-17.1961,0.0,0.0001,2.2613,-0.0017,6.2142,35.4793,10.5341,27.2329,36.0143
342.0,685.0,10.6116,39.451,89.1264,229.2005,0.0169,0.0001,99.618,202.5514,49.0772,-17.1961,0.0,0.0001,2.2602,-0.0004,6.2155,35.4789,10.5267,27.2339,36.0156
343.0,687.0,10.6115,39.451,98.6878,227.8656,0.0179,0.0001,99.7033,202.5515,49.0772,-17.1961,0.0,0.0001,2.2543,-0.0025,6.2173,35.4782,10.5263,27.2334,36.0152
344.0,689.0,10.5787,39.4171,93.2893,227.9589,0.0186,0.0001,99.7037,202.5515,49.0772,-17.1961,0.0,0.0001,2.2534,-0.0015,6.2155,35.4746,10.4934,27.2365,36.0197
345.0,691.0,10.5886,39.4282,98.6927,228.4425,0.0193,0.0001,99.6277,202.5515,49.0772,-17.1961,0.0,0.0001,2.2525,-0.0005,6.2199,35.4757,10.5031,27.2356,36.0184
346.0,693.0,10.5649,39.4043,78.2751,227.6046,0.0204,0.0001,99.6761,202.5516,49.0772,-17.1961,0.0,0.0001,2.247,-0.0013,6.2219,35.4733,10.4792,27.238,36.0218
347.0,695.0,10.5677,39.4074,90.4218,227.3229,0.0215,0.0001,99.5874,202.5516,49.0772,-17.1961,0.0,0.0001,2.2436,-0.0013,6.2243,35.4734,10.4818,27.2376,36.0213
348.0,697.0,10.548,39.3875,98.6893,227.1266,0.0198,0.0001,99.7077,202.5516,49.0772,-17.1961,0.0,0.0001,2.2393,-0.0008,6.2248,35.4712,10.4619,27.2394,36.0239
349.0,699.0,10.5394,39.3794,98.6867,227.1321,0.0208,0.0002,99.5847,202.5517,49.0772,-17.1961,0.0,0.0001,2.2386,-0.0004,6.2262,35.4705,10.453,27.2404,36.0253
350.0,701.0,10.5412,39.3825,98.6883,226.3834,0.019,0.0002,99.5426,202.5517,49.0772,-17.1961,0.0,0.0001,2.2357,-0.0016,6.2304,35.4713,10.4546,27.2407,36.0256
351.0,703.0,10.509,39.3479,98.68,225.5934,0.0227,0.0001,99.7069,202.5517,49.0772,-17.1961,0.0,0.0001,2.2298,-0.002,6.2302,35.4665,10.4224,27.2427,36.029
352.0,705.0,10.4962,39.3356,98.695,226.4289,0.021,0.0001,99.668,202.5518,49.0772,-17.1961,0.0,0.0001,2.2295,0.0,6.232,35.4655,10.4093,27.2443,36.0311
353.0,707.0,10.5038,39.3445,80.7644,225.2669,0.0202,0.0001,99.6229,202.5518,49.0771,-17.1961,0.0,0.0001,2.2245,-0.0021,6.2361,35.4665,10.4166,27.2437,36.0302
354.0,709.0,10.464,39.3031,96.1738,224.7449,0.0176,0.0001,99.7084,202.5518,49.0771,-17.1962,0.0,0.0001,2.2192,-0.0016,6.2355,35.4623,10.3768,27.2474,36.0356
355.0,711.0,10.4598,39.3,89.2102,224.6632,0.0161,0.0001,99.672,202.5519,49.0771,-17.1962,0.0,0.0001,2.2159,-0.0011,6.2384,35.4622,10.3724,27.2482,36.0366
356.0,713.0,10.4426,39.2824,98.6814,224.0286,0.0165,0.0001,99.6899,202.5519,49.0771,-17.1962,0.0,0.0001,2.2115,-0.0014,6.2387,35.4602,10.355,27.2497,36.0388
357.0,715.0,10.4422,39.2827,98.6854,223.8532,0.0168,0.0002,99.5731,202.552,49.0771,-17.1962,0.0,0.0001,2.2076,-0.0012,6.2427,35.4601,10.3544,27.2497,36.0389
358.0,717.0,10.4142,39.2545,98.6848,223.0275,0.0178,0.0001,99.6985,202.552,49.0771,-17.1962,0.0,0.0001,2.2024,-0.0017,6.2436,35.4579,10.3262,27.2529,36.0433
359.0,719.0,10.4098,39.2504,81.1015,223.1103,0.0165,0.0001,99.6896,202.552,49.0771,-17.1962,0.0,0.0001,2.2,-0.0007,6.2441,35.4571,10.3216,27.2531,36.0437
360.0,721.0,10.405,39.2461,98.68,222.9423,0.0216,0.0001,99.6731,202.5521,49.0771,-17.1962,0.0,0.0001,2.1976,-0.0007,6.246,35.4566,10.3166,27.2536,36.0444
361.0,723.0,10.3933,39.2344,71.134,222.588,0.0198,0.0001,99.6957,202.5521,49.0771,-17.1962,0.0,0.0001,2.1953,-0.0009,6.2455,35.4552,10.3047,27.2546,36.0459
362.0,725.0,10.3917,39.2336,92.1416,222.356,0.0176,0.0001,99.6425,202.5521,49.0771,-17.1962,0.0,0.0001,2.1926,-0.0009,6.2491,35.4552,10.3028,27.2549,36.0463
363.0,727.0,10.3736,39.2148,98.6839,221.3587,0.0173,0.0001,99.7246,202.5522,49.0771,-17.1963,0.0,0.0001,2.1875,-0.002,6.2492,35.4529,10.2846,27.2564,36.0485
364.0,729.0,10.3629,39.206,98.6325,221.5867,0.0197,0.0001,99.6452,202.5522,49.0771,-17.1963,0.0,0.0001,2.1843,-0.0007,6.25,35.4533,10.2736,27.2586,36.0512
365.0,731.0,10.3608,39.2058,98.68,221.411,0.0193,0.0001,99.6825,202.5523,49.0771,-17.1963,0.0,0.0001,2.1826,-0.0006,6.2507,35.4542,10.2713,27.2597,36.0524
366.0,733.0,10.3554,39.2027,98.6838,221.4558,0.0225,0.0001,99.6821,202.5523,49.0771,-17.1963,0.0,0.0001,2.1818,-0.0005,6.2524,35.4557,10.2657,27.2618,36.0547
367.0,735.0,10.3435,39.1921,80.9841,221.0542,0.0209,0.0001,99.6325,202.5523,49.0771,-17.1963,0.0,0.0001,2.1789,-0.0007,6.253,35.4554,10.2536,27.2637,36.0572
368.0,737.0,10.3423,39.1922,93.7603,220.5027,0.0213,0.0001,99.65,202.5524,49.0771,-17.1963,0.0,0.0001,2.1754,-0.0014,6.2561,35.4559,10.2521,27.2643,36.0578
369.0,739.0,10.319,39.17,98.68,219.4215,0.0213,0.0001,99.6753,202.5524,49.0771,-17.1964,0.0,0.0001,2.1685,-0.0021,6.2578,35.4551,10.2287,27.2679,36.0623
370.0,741.0,10.3064,39.1579,87.6791,219.291,0.0209,0.0001,99.6811,202.5524,49.0771,-17.1964,0.0,0.0001,2.1646,-0.0011,6.2577,35.4541,10.216,27.2693,36.0643
371.0,743.0,10.3012,39.1531,98.68,218.8921,0.0231,0.0001,99.6267,202.5525,49.0771,-17.1964,0.0,0.0001,2.1611,-0.0013,6.2603,35.4536,10.2106,27.2698,36.065
372.0,745.0,10.2892,39.141,98.68,218.3418,0.0245,0.0001,99.6792,202.5525,49.0771,-17.1964,0.0,0.0001,2.1566,-0.0013,6.2611,35.452,10.1983,27.2707,36.0665
373.0,747.0,10.2852,39.1374,84.3388,218.0312,0.0245,0.0001,99.6699,202.5525,49.0771,-17.1964,0.0,0.0001,2.1525,-0.0012,6.2617,35.4514,10.1942,27.271,36.067
374.0,749.0,10.2811,39.134,96.729,218.0687,0.0182,0.0001,99.6745,202.5526,49.0771,-17.1964,0.0,0.0001,2.1506,-0.0005,6.2619,35.451,10.1898,27.2714,36.0676
375.0,751.0,10.2711,39.1243,98.68,217.8204,0.0183,0.0001,99.6722,202.5526,49.0771,-17.1964,0.0,0.0001,2.1485,-0.0008,6.265,35.45,10.1796,27.2724,36.069
376.0,753.0,10.2525,39.1055,98.6808,216.538,0.0201,0.0001,99.6779,202.5527,49.0771,-17.1964,0.0,0.0001,2.1417,-0.0021,6.2675,35.4481,10.1609,27.2742,36.0716
377.0,755.0,10.2374,39.0907,71.8104,215.9248,0.0195,0.0001,99.6633,202.5527,49.0771,-17.1965,0.0,0.0001,2.1357,-0.0018,6.2673,35.4471,10.1455,27.276,36.0741
378.0,757.0,10.2258,39.0795,94.2342,215.9242,0.0189,0.0001,99.6517,202.5527,49.0771,-17.1965,0.0,0.0001,2.1324,-0.0011,6.2704,35.4459,10.1337,27.2772,36.0757
379.0,759.0,10.2171,39.0712,98.6833,214.7199,0.019,0.0001,99.6669,202.5528,49.0771,-17.1965,0.0,0.0001,2.1261,-0.0022,6.2715,35.445,10.1249,27.278,36.077
380.0,761.0,10.208,39.0624,98.6818,214.3797,0.0168,0.0001,99.6563,202.5528,49.0771,-17.1965,0.0,0.0001,2.1212,-0.0017,6.2744,35.4444,10.1156,27.2792,36.0786
381.0,763.0,10.182,39.0359,98.6805,213.3628,0.022,0.0001,99.6194,202.5528,49.0771,-17.1965,0.0,0.0001,2.1143,-0.0021,6.2752,35.4417,10.0894,27.2816,36.0821
382.0,765.0,10.177,39.0314,98.68,212.7873,0.0196,0.0001,99.6001,202.5529,49.0771,-17.1965,0.0,0.0001,2.1081,-0.002,6.2784,35.4412,10.0842,27.2821,36.0828
383.0,767.0,10.1454,38.9992,86.727,212.0897,0.0194,0.0001,99.6528,202.5529,49.0771,-17.1965,0.0,0.0001,2.1001,-0.0018,6.2851,35.438,10.0525,27.2851,36.0872
384.0,769.0,10.1159,38.9669,93.6956,210.0411,0.0207,0.0001,99.6648,202.553,49.0771,-17.1966,0.0,0.0001,2.0919,-0.0041,6.2814,35.4333,10.023,27.2865,36.0899
385.0,771.0,10.1186,38.9713,98.6805,210.411,0.0186,0.0001,99.6689,202.553,49.0771,-17.1966,0.0,0.0001,2.0865,-0.0017,6.2877,35.4342,10.0254,27.2868,36.0901
386.0,773.0,10.0973,38.9498,81.3453,208.7657,0.0206,0.0001,99.6628,202.553,49.0771,-17.1966,0.0,0.0001,2.0769,-0.0031,6.2902,35.4323,10.004,27.289,36.0933
387.0,775.0,10.0654,38.9169,98.68,208.3217,0.0217,0.0001,99.6298,202.5531,49.0771,-17.1966,0.0,0.0001,2.0703,-0.0023,6.2906,35.4288,9.972,27.2917,36.0974
388.0,777.0,10.0723,38.9253,98.68,208.3985,0.0214,0.0001,99.6312,202.5531,49.0771,-17.1966,0.0,0.0001,2.0668,-0.001,6.2931,35.4298,9.9787,27.2914,36.0968
389.0,779.0,10.0496,38.9021,88.9073,205.9415,0.0206,0.0001,99.6623,202.5532,49.0771,-17.1966,0.0,0.0001,2.0554,-0.0041,6.2973,35.4274,9.9558,27.2935,36.0998
390.0,781.0,10.0228,38.8766,98.68,204.5204,0.0227,0.0001,99.65,202.5532,49.0771,-17.1966,0.0,0.0001,2.0462,-0.0045,6.2969,35.4265,9.9289,27.2974,36.1049
391.0,783.0,10.0168,38.8692,98.6551,205.0276,0.0217,0.0001,99.6141,202.5532,49.0771,-17.1967,0.0,0.0001,2.0412,-0.002,6.3009,35.4242,9.9227,27.2967,36.1045
392.0,785.0,9.9817,38.8322,98.68,202.8516,0.0208,0.0001,99.6631,202.5533,49.0771,-17.1967,0.0,0.0001,2.0302,-0.0039,6.3003,35.4196,9.8875,27.2991,36.1084
393.0,787.0,9.9737,38.8251,89.2435,204.3968,0.0179,0.0001,99.6404,202.5533,49.0771,-17.1967,0.0,0.0001,2.0293,-0.0002,6.3046,35.4196,9.8794,27.3004,36.1101
394.0,789.0,9.9606,38.8126,98.68,202.5348,0.0178,0.0001,99.6669,202.5533,49.0771,-17.1967,0.0,0.0001,2.0233,-0.0029,6.3053,35.4183,9.8661,27.3018,36.112
395.0,791.0,9.9513,38.8042,98.5903,203.5176,0.0229,0.0002,99.5986,202.5534,49.0771,-17.1967,0.0,0.0001,2.022,-0.0003,6.3079,35.4181,9.8565,27.3032,36.1139
396.0,793.0,9.9457,38.7986,98.68,202.8687,0.022,0.0001,99.6312,202.5534,49.0771,-17.1968,0.0,0.0001,2.0191,-0.0014,6.3139,35.417,9.8508,27.3034,36.1143
397.0,795.0,9.9099,38.7623,84.4054,202.0594,0.0228,0.0001,99.6247,202.5534,49.0771,-17.1968,0.0,0.0001,2.0132,-0.0018,6.3144,35.4138,9.8149,27.307,36.1195
398.0,797.0,9.8898,38.7418,95.7528,202.0518,0.0195,0.0002,99.6027,202.5535,49.0771,-17.1968,0.0,0.0001,2.0096,-0.0011,6.3203,35.4116,9.7946,27.3086,36.122
399.0,799.0,9.8629,38.711,98.68,199.5459,0.0219,0.0001,99.6124,202.5535,49.0771,-17.1968,0.0,0.0001,1.9989,-0.004,6.3217,35.4054,9.7676,27.3084,36.123
400.0,801.0,9.8164,38.6612,92.627,200.1158,0.0192,0.0001,99.6207,202.5536,49.0771,-17.1968,0.0,0.0001,1.9931,-0.0015,6.3276,35.399,9.7211,27.3113,36.128
401.0,803.0,9.8118,38.6576,98.68,198.7446,0.0169,0.0001,99.638,202.5536,49.0771,-17.1969,0.0,0.0001,1.9876,-0.0029,6.3288,35.399,9.7164,27.3121,36.129
402.0,805.0,9.7895,38.6354,98.68,198.9208,0.0203,0.0001,99.6072,202.5536,49.0771,-17.1969,0.0,0.0001,1.9828,-0.0016,6.3376,35.3973,9.694,27.3145,36.1324
403.0,807.0,9.731,38.5687,98.6807,197.1031,0.0213,0.0001,99.6669,202.5537,49.0771,-17.1969,0.0,0.0001,1.9745,-0.0034,6.3389,35.385,9.6356,27.3148,36.1353
404.0,809.0,9.7094,38.5498,90.5609,197.2546,0.0211,0.0001,99.6409,202.5537,49.0771,-17.1969,0.0,0.0001,1.9684,-0.0018,6.3466,35.386,9.6139,27.3193,36.1407
405.0,811.0,9.6741,38.5117,98.68,195.7004,0.0222,0.0001,99.6459,202.5537,49.0771,-17.1969,0.0,0.0001,1.9589,-0.0031,6.352,35.3804,9.5785,27.3208,36.1439
406.0,813.0,9.639,38.4748,98.4566,195.6385,0.0201,0.0001,99.6853,202.5538,49.0771,-17.1969,0.0,0.0001,1.9546,-0.0015,6.3516,35.3758,9.5434,27.3231,36.1477
407.0,815.0,9.6099,38.4452,85.249,194.8433,0.0402,0.0001,99.6903,202.5538,49.0771,-17.197,0.0,0.0001,1.9485,-0.0022,6.3585,35.3731,9.5142,27.3259,36.1518
408.0,817.0,9.5988,38.4371,98.68,193.1976,0.0294,0.0001,99.6957,202.5539,49.0771,-17.197,0.0,0.0001,1.9395,-0.003,6.3583,35.3745,9.5029,27.3289,36.1552
409.0,819.0,9.6004,38.4402,98.68,193.2651,0.0223,0.0001,99.6926,202.5539,49.0771,-17.197,0.0,0.0001,1.9331,-0.0015,6.3584,35.3755,9.5043,27.3294,36.1557
410.0,821.0,9.603,38.447,98.68,192.3376,0.0187,0.0001,99.6897,202.554,49.0771,-17.197,0.0,0.0001,1.9267,-0.0013,6.3591,35.3786,9.5066,27.3314,36.1576
411.0,823.0,9.6011,38.4455,98.68,192.0321,0.0218,0.0001,99.6968,202.554,49.0771,-17.197,0.0,0.0001,1.9231,-0.0012,6.3587,35.3785,9.5045,27.3318,36.158
412.0,825.0,9.5864,38.4303,98.68,190.9828,0.0186,0.0001,99.6998,202.554,49.0771,-17.1971,0.0,0.0001,1.9177,-0.0025,6.3582,35.3761,9.4896,27.3323,36.1592
413.0,827.0,9.578,38.4231,97.2428,191.9167,0.0198,0.0001,99.6935,202.5541,49.0771,-17.1971,0.0,0.0001,1.9175,-0.0005,6.3636,35.3761,9.481,27.3338,36.1611
414.0,829.0,9.5445,38.3897,98.68,190.3976,0.0236,0.0001,99.7246,202.5541,49.0771,-17.1971,0.0,0.0001,1.9135,-0.0029,6.3666,35.3735,9.4475,27.3374,36.1661
415.0,831.0,9.5252,38.3702,94.7481,191.1532,0.0232,0.0001,99.7008,202.5541,49.0771,-17.1971,0.0,0.0001,1.9112,-0.0005,6.3682,35.3716,9.428,27.339,36.1687
416.0,833.0,9.5289,38.3746,98.68,190.1713,0.0201,0.0001,99.7198,202.5542,49.0771,-17.1971,0.0,0.0001,1.9076,-0.0021,6.3713,35.3716,9.4315,27.3385,36.1679
417.0,835.0,9.4803,38.3265,98.68,190.8851,0.0188,0.0001,99.6159,202.5542,49.0771,-17.1972,0.0,0.0001,1.9067,-0.0004,6.3748,35.3684,9.3829,27.344,36.1756
418.0,837.0,9.4777,38.3248,98.68,190.5895,0.0182,0.0001,99.6706,202.5542,49.0771,-17.1972,0.0,0.0001,1.9058,-0.0007,6.373,35.3689,9.3801,27.3449,36.1766
419.0,839.0,9.4543,38.3055,90.8504,190.2843,0.0226,0.0001,99.7141,202.5543,49.0771,-17.1972,0.0,0.0001,1.9021,-0.0007,6.3781,35.3707,9.3566,27.3502,36.1829
420.0,841.0,9.4726,38.3221,98.68,189.4977,0.0228,0.0001,99.714,202.5543,49.0771,-17.1972,0.0,0.0001,1.898,-0.0017,6.3841,35.3692,9.3746,27.3461,36.178
421.0,843.0,9.4055,38.2601,97.1806,189.3938,0.0224,0.0001,99.7075,202.5544,49.0771,-17.1972,0.0,0.0001,1.8935,-0.0009,6.3865,35.3698,9.3076,27.3576,36.1924
422.0,845.0,9.4029,38.2578,88.6467,188.9969,0.0208,0.0001,99.7236,202.5544,49.0771,-17.1973,0.0,0.0001,1.8909,-0.0011,6.3883,35.3694,9.3048,27.3577,36.1927
423.0,847.0,9.3675,38.225,97.003,188.7528,0.0198,0.0001,99.7265,202.5544,49.0771,-17.1973,0.0,0.0001,1.8875,-0.001,6.3922,35.3692,9.2694,27.3634,36.1999
424.0,849.0,9.3668,38.2248,98.5241,188.1806,0.0195,0.0001,99.7535,202.5545,49.0771,-17.1973,0.0,0.0001,1.884,-0.0014,6.3913,35.3689,9.2685,27.3633,36.1999
425.0,851.0,9.3657,38.225,98.6762,188.6913,0.0215,0.0001,99.7237,202.5545,49.0771,-17.1973,0.0,0.0001,1.8837,-0.0002,6.3936,35.3693,9.2671,27.3639,36.2005
426.0,853.0,9.354,38.213,76.5589,188.1485,0.0221,0.0001,99.7372,202.5546,49.0771,-17.1973,0.0,0.0001,1.8811,-0.001,6.3979,35.3674,9.2552,27.3644,36.2015
427.0,855.0,9.3131,38.1729,98.6771,188.2963,0.022,0.0001,99.7246,202.5546,49.0771,-17.1973,0.0,0.0001,1.8803,-0.0003,6.3951,35.365,9.2144,27.3692,36.2081
428.0,857.0,9.301,38.1621,96.7693,188.4926,0.0221,0.0001,99.6679,202.5546,49.0771,-17.1973,0.0,0.0001,1.8803,-0.0003,6.4021,35.3652,9.2022,27.3713,36.2108
429.0,859.0,9.2697,38.1317,86.4475,187.8483,0.0211,0.0001,99.7366,202.5547,49.0771,-17.1973,0.0,0.0001,1.8792,-0.0008,6.4018,35.3633,9.1707,27.375,36.2158
430.0,861.0,9.247,38.1095,98.6986,188.6006,0.021,0.0001,99.6578,202.5547,49.0771,-17.1974,0.0,0.0001,1.8781,0.0001,6.4064,35.3619,9.148,27.3776,36.2195
431.0,863.0,9.2342,38.0973,98.68,187.8389,0.0174,0.0001,99.7535,202.5548,49.0771,-17.1974,0.0,0.0001,1.8755,-0.0008,6.4036,35.3607,9.135,27.3788,36.2212
432.0,865.0,9.2256,38.0905,91.2204,188.4601,0.0197,0.0001,99.6688,202.5548,49.0771,-17.1974,0.0,0.0001,1.8762,-0.0002,6.4116,35.3614,9.1263,27.3808,36.2236
433.0,867.0,9.2081,38.075,96.7433,187.8854,0.0226,0.0001,99.7768,202.5548,49.0771,-17.1974,0.0,0.0001,1.8733,-0.0008,6.4139,35.3615,9.1085,27.3837,36.2273
434.0,869.0,9.1954,38.0643,98.68,187.9933,0.0203,0.0001,99.7436,202.5549,49.0771,-17.1974,0.0,0.0001,1.8717,-0.0005,6.4175,35.362,9.0956,27.3862,36.2303
435.0,871.0,9.1667,38.0352,96.4653,187.5042,0.0179,0.0001,99.7824,202.5549,49.0771,-17.1974,0.0,0.0001,1.8681,-0.0009,6.4191,35.3589,9.0669,27.3885,36.2339
436.0,873.0,9.1602,38.0314,82.9167,187.8095,0.0211,0.0001,99.718,202.555,49.0771,-17.1974,0.0,0.0001,1.8685,-0.0004,6.4247,35.3608,9.0603,27.391,36.2367
437.0,875.0,9.1373,38.0087,98.68,187.3059,0.0208,0.0001,99.7824,202.555,49.0771,-17.1974,0.0,0.0001,1.8657,-0.0009,6.4256,35.3589,9.0373,27.3933,36.24
438.0,877.0,9.1176,37.9914,86.9152,187.6746,0.0219,0.0001,99.681,202.555,49.0771,-17.1974,0.0,0.0001,1.866,-0.0002,6.4263,35.3591,9.0174,27.3967,36.2442
439.0,879.0,9.1174,37.9932,98.68,186.9215,0.0236,0.0001,99.7824,202.5551,49.0771,-17.1975,0.0,0.0001,1.862,-0.0012,6.4274,35.3602,9.017,27.3976,36.2452
440.0,881.0,9.1037,37.9808,94.7126,187.1854,0.0222,0.0001,99.7155,202.5551,49.0771,-17.1975,0.0,0.0001,1.8614,-0.0005,6.4309,35.36,9.0032,27.3997,36.2478
441.0,883.0,9.0914,37.969,98.68,186.8539,0.0244,0.0001,99.7824,202.5551,49.0771,-17.1975,0.0,0.0001,1.8593,-0.0007,6.4317,35.359,8.9907,27.4009,36.2496
442.0,885.0,9.0872,37.9722,98.4813,186.6846,0.0221,0.0001,99.728,202.5552,49.0771,-17.1975,0.0,0.0001,1.8576,-0.0007,6.4346,35.3654,8.9862,27.4067,36.2555
443.0,887.0,9.0776,37.9624,98.68,185.659,0.0236,0.0001,99.7758,202.5552,49.0771,-17.1975,0.0,0.0001,1.8498,-0.0019,6.4419,35.3639,8.9765,27.407,36.2563
444.0,889.0,9.0156,37.903,98.68,185.4039,0.0217,0.0001,99.7824,202.5553,49.0771,-17.1975,0.0,0.0001,1.8498,-0.0015,6.4369,35.3622,8.9146,27.4157,36.2677
445.0,891.0,8.9926,37.8814,86.1468,186.3333,0.0226,0.0001,99.7012,202.5553,49.0771,-17.1975,0.0,0.0001,1.8498,0.0,6.4424,35.3615,8.8916,27.4189,36.2719
446.0,893.0,8.982,37.8717,98.68,185.5325,0.0194,0.0001,99.7811,202.5554,49.0771,-17.1976,0.0,0.0001,1.8467,-0.0012,6.4487,35.361,8.8808,27.4202,36.2737
447.0,895.0,8.9727,37.8636,98.68,185.5832,0.021,0.0001,99.7824,202.5554,49.0771,-17.1976,0.0,0.0001,1.8441,-0.0006,6.4481,35.3607,8.8713,27.4215,36.2754
448.0,897.0,8.9756,37.868,98.6395,185.7281,0.0206,0.0001,99.6797,202.5554,49.0771,-17.1976,0.0,0.0001,1.8438,-0.0002,6.4486,35.3617,8.8739,27.4218,36.2756
449.0,899.0,8.9716,37.8705,98.68,185.1267,0.0225,0.0001,99.7729,202.5555,49.0771,-17.1976,0.0,0.0001,1.8413,-0.0011,6.4546,35.3674,8.8698,27.427,36.2809
450.0,901.0,8.9383,37.8411,98.68,184.6707,0.0218,0.0001,99.8032,202.5555,49.0771,-17.1976,0.0,0.0001,1.8378,-0.0012,6.4552,35.3686,8.8364,27.4333,36.2886
451.0,903.0,8.904,37.808,88.9727,185.4662,0.0229,0.0001,99.771,202.5555,49.0771,-17.1976,0.0,0.0001,1.8388,0.0,6.4573,35.3669,8.8021,27.4374,36.2943
452.0,905.0,8.9176,37.8217,98.68,184.8345,0.0248,0.0001,99.7968,202.5556,49.0771,-17.1977,0.0,0.0001,1.8367,-0.001,6.4601,35.3672,8.8154,27.4355,36.2918
453.0,907.0,8.8734,37.7784,98.6237,185.5747,0.0208,0.0001,99.7625,202.5556,49.0771,-17.1977,0.0,0.0001,1.8375,0.0003,6.4616,35.3644,8.7712,27.4404,36.2987
454.0,909.0,8.8813,37.7872,98.68,185.551,0.0205,0.0001,99.7433,202.5557,49.0771,-17.1977,0.0,0.0001,1.8375,-0.0002,6.4664,35.365,8.7789,27.4397,36.2976
455.0,911.0,8.8461,37.7517,69.8494,185.3427,0.023,0.0001,99.7824,202.5557,49.0771,-17.1977,0.0,0.0001,1.8364,-0.0005,6.4683,35.3619,8.7437,27.4429,36.3023
456.0,913.0,8.8171,37.7225,96.7986,185.7646,0.0213,0.0001,99.7551,202.5557,49.0771,-17.1977,0.0,0.0001,1.8365,0.0,6.475,35.359,8.7146,27.4452,36.306
457.0,915.0,8.7798,37.6869,98.5146,185.4552,0.0236,0.0001,99.796,202.5558,49.0771,-17.1977,0.0,0.0001,1.8344,-0.0005,6.4785,35.3576,8.6773,27.45,36.3124
458.0,917.0,8.7595,37.6693,98.68,185.5755,0.0231,0.0001,99.7662,202.5558,49.0771,-17.1978,0.0,0.0001,1.834,-0.0002,6.4792,35.3581,8.6569,27.4536,36.317
459.0,919.0,8.7667,37.6763,85.9695,185.4993,0.0196,0.0001,99.7722,202.5559,49.0771,-17.1978,0.0,0.0001,1.8336,-0.0002,6.4792,35.3577,8.6639,27.4522,36.3152
460.0,921.0,8.7401,37.6526,90.7433,185.5808,0.0207,0.0001,99.8056,202.5559,49.0771,-17.1978,0.0,0.0001,1.8313,-0.0005,6.4925,35.3582,8.6371,27.4568,36.3211
461.0,923.0,8.7021,37.6098,97.2884,185.6719,0.018,0.0001,99.8112,202.5559,49.0771,-17.1978,0.0,0.0001,1.8307,0.0,6.4929,35.3501,8.5992,27.4565,36.3225
462.0,925.0,8.6068,37.5083,98.68,186.2499,0.021,0.0001,99.809,202.556,49.0771,-17.1978,0.0,0.0001,1.8322,-0.0002,6.5121,35.3369,8.5044,27.461,36.3314
463.0,927.0,8.5379,37.4314,74.9679,186.9586,0.022,0.0001,99.8105,202.556,49.0771,-17.1978,0.0,0.0001,1.8327,0.001,6.5123,35.3234,8.4356,27.4611,36.3348
464.0,929.0,8.5013,37.3941,94.6499,186.966,0.021,0.0001,99.8128,202.5561,49.0771,-17.1979,0.0,0.0001,1.8339,-0.0002,6.5242,35.3195,8.3991,27.4637,36.3391
465.0,931.0,8.4547,37.3468,98.68,187.2706,0.0187,0.0001,99.8074,202.5561,49.0771,-17.1979,0.0,0.0001,1.8339,0.0004,6.5255,35.3148,8.3526,27.4673,36.3448
466.0,933.0,8.4641,37.3572,98.68,186.9057,0.0212,0.0001,99.7842,202.5561,49.0771,-17.1979,0.0,0.0001,1.8333,-0.0003,6.5253,35.3159,8.3617,27.4668,36.3438
467.0,935.0,8.4617,37.359,76.0144,187.3077,0.0199,0.0001,99.8112,202.5562,49.0771,-17.1979,0.0,0.0001,1.8337,0.0003,6.525,35.3192,8.3591,27.4697,36.3468
468.0,937.0,8.4681,37.3691,98.6811,187.2294,0.0198,0.0001,99.7271,202.5562,49.0771,-17.1979,0.0,0.0001,1.834,0.0001,6.5223,35.3227,8.3652,27.4715,36.3483
469.0,939.0,8.4838,37.3985,80.0913,186.8569,0.0227,0.0001,99.8132,202.5562,49.0771,-17.198,0.0,0.0001,1.8329,-0.0005,6.522,35.337,8.3805,27.4804,36.3563
470.0,941.0,8.4776,37.3952,98.7019,186.661,0.0223,0.0001,99.806,202.5563,49.0771,-17.198,0.0,0.0001,1.831,-0.0005,6.5219,35.3386,8.3741,27.4826,36.3588
471.0,943.0,8.4786,37.3976,98.68,186.74,0.0215,0.0001,99.7654,202.5563,49.0771,-17.198,0.0,0.0001,1.8311,-0.0001,6.5173,35.3392,8.3748,27.483,36.3591
472.0,945.0,8.487,37.4095,98.68,186.6823,0.023,0.0001,99.811,202.5564,49.0771,-17.198,0.0,0.0001,1.8312,0.0002,6.5065,35.3427,8.3831,27.4845,36.3602
473.0,947.0,8.5962,37.5447,98.68,186.0524,0.0205,0.0001,99.8184,202.5564,49.0771,-17.198,0.0,0.0001,1.8278,-0.0011,6.5156,35.3759,8.4912,27.4936,36.3641
474.0,949.0,8.6074,37.5579,98.68,185.924,0.0205,0.0001,99.7493,202.5564,49.0771,-17.198,0.0,0.0001,1.8273,-0.0005,6.5074,35.3779,8.5021,27.4935,36.3634
475.0,951.0,8.5987,37.5502,86.254,185.7093,0.0232,0.0001,99.8004,202.5565,49.0771,-17.198,0.0,0.0001,1.8253,-0.0004,6.5046,35.3773,8.4931,27.4945,36.3648
476.0,953.0,8.5821,37.5339,98.68,185.711,0.023,0.0001,99.8112,202.5565,49.077,-17.198,0.0,0.0001,1.8247,-0.0002,6.5043,35.3759,8.4765,27.4959,36.367
477.0,955.0,8.5892,37.5497,98.5847,185.6956,0.0218,0.0001,99.8137,202.5566,49.077,-17.1981,0.0,0.0001,1.8242,-0.0001,6.5039,35.3844,8.4833,27.5016,36.3722
478.0,957.0,8.5592,37.5185,98.68,185.9066,0.0213,0.0001,99.6842,202.5566,49.077,-17.198,0.0,0.0001,1.8243,-0.0002,6.5115,35.3806,8.4533,27.5032,36.3752
479.0,959.0,8.5108,37.4682,79.3218,186.19,0.0186,0.0001,99.8112,202.5566,49.077,-17.1981,0.0,0.0001,1.8242,0.0003,6.5142,35.3746,8.4049,27.5061,36.3804
480.0,961.0,8.504,37.4622,97.0481,186.3045,0.0199,0.0001,99.7423,202.5567,49.077,-17.1981,0.0,0.0001,1.8245,-0.0001,6.5209,35.3743,8.398,27.5069,36.3815
481.0,963.0,8.4604,37.4193,98.6148,186.4353,0.0246,0.0001,99.8123,202.5567,49.077,-17.1981,0.0,0.0001,1.8241,0.0,6.5251,35.3712,8.3544,27.5112,36.3878
482.0,965.0,8.4448,37.4033,98.681,186.3179,0.0209,0.0001,99.8141,202.5568,49.077,-17.1981,0.0,0.0001,1.8232,-0.0002,6.5251,35.369,8.3387,27.5119,36.3892
483.0,967.0,8.4298,37.3884,84.198,186.5931,0.0203,0.0001,99.7308,202.5568,49.077,-17.1981,0.0,0.0001,1.8234,-0.0001,6.5343,35.3674,8.3236,27.5131,36.3911
484.0,969.0,8.3739,37.3306,98.6763,187.0551,0.0183,0.0001,99.8074,202.5568,49.077,-17.1981,0.0,0.0001,1.823,0.0005,6.5359,35.3608,8.2678,27.5165,36.3971
485.0,971.0,8.365,37.3259,96.9144,187.0047,0.0212,0.0001,99.7422,202.5569,49.077,-17.1981,0.0,0.0001,1.8243,0.0001,6.5352,35.3636,8.2588,27.52,36.401
486.0,973.0,8.3729,37.3351,98.417,186.9059,0.0193,0.0001,99.807,202.5569,49.077,-17.1981,0.0,0.0001,1.8242,-0.0001,6.5347,35.3648,8.2664,27.5199,36.4005
487.0,975.0,8.3752,37.3452,98.68,186.7654,0.016,0.0001,99.8087,202.557,49.077,-17.1981,0.0,0.0001,1.8233,-0.0002,6.5343,35.3725,8.2685,27.5255,36.4059
488.0,977.0,8.3851,37.3606,80.1915,186.7805,0.0212,0.0001,99.8112,202.557,49.077,-17.1981,0.0,0.0001,1.8226,-0.0002,6.5339,35.3778,8.2781,27.5282,36.4081
489.0,979.0,8.3892,37.366,91.4833,186.7851,0.0192,0.0001,99.7916,202.557,49.077,-17.1981,0.0,0.0001,1.8223,0.0,6.5311,35.3784,8.2819,27.5281,36.4078
490.0,981.0,8.4053,37.3874,98.68,186.6708,0.0176,0.0001,99.8112,202.5571,49.077,-17.1981,0.0,0.0001,1.8221,-0.0001,6.529,35.3842,8.2976,27.5303,36.4092
491.0,983.0,8.4461,37.4381,85.1258,186.3856,0.0207,0.0001,99.7881,202.5571,49.077,-17.1982,0.0,0.0001,1.8218,0.0,6.518,35.3963,8.3379,27.5335,36.4104
492.0,985.0,8.4928,37.4996,85.7978,185.7506,0.018,0.0001,99.8179,202.5572,49.0769,-17.1982,0.0,0.0001,1.8204,-0.0008,6.5104,35.4137,8.384,27.54,36.4147
493.0,987.0,8.5838,37.6068,98.4011,185.4088,0.0212,0.0001,99.7125,202.5572,49.0769,-17.1982,0.0,0.0001,1.8168,-0.0005,6.5118,35.4352,8.474,27.5428,36.4131
494.0,989.0,8.5631,37.5833,98.68,185.451,0.0207,0.0001,99.8016,202.5572,49.0769,-17.1982,0.0,0.0001,1.8161,-0.0004,6.5111,35.4304,8.4533,27.5423,36.4136
495.0,991.0,8.5496,37.5694,98.68,184.9991,0.0223,0.0001,99.8195,202.5573,49.0769,-17.1982,0.0,0.0001,1.8144,-0.0009,6.511,35.4281,8.4396,27.5427,36.4146
496.0,993.0,8.5272,37.5487,86.8787,185.3929,0.0223,0.0001,99.8007,202.5573,49.0769,-17.1982,0.0,0.0001,1.8139,-0.0001,6.511,35.4277,8.4171,27.5458,36.4188
497.0,995.0,8.5204,37.5415,85.4406,185.5906,0.0185,0.0001,99.7889,202.5574,49.0769,-17.1982,0.0,0.0001,1.8137,-0.0002,6.5234,35.4258,8.4102,27.5454,36.4187
498.0,997.0,8.4446,37.4554,98.2702,185.9836,0.0243,0.0001,99.7964,202.5574,49.0769,-17.1982,0.0,0.0001,1.8109,-0.0002,6.5474,35.4095,8.3348,27.5443,36.4212
499.0,999.0,8.2372,37.2286,98.68,187.7457,0.0247,0.0001,99.7317,202.5575,49.0769,-17.1982,0.0,0.0001,1.8195,0.0011,6.5466,35.3752,8.1286,27.5491,36.4357
500.0,1001.0,8.2264,37.2193,98.68,187.9047,0.0234,0.0001,99.784,202.5575,49.0769,-17.1982,0.0,0.0001,1.82,0.0004,6.5624,35.3753,8.1177,27.5509,36.438
501.0,1003.0,8.1496,37.1357,90.2264,188.8941,0.0226,0.0001,99.7383,202.5576,49.0769,-17.1982,0.0,0.0001,1.8233,0.0008,6.574,35.3623,8.0413,27.5523,36.443
502.0,1005.0,8.1287,37.1118,97.8427,189.4526,0.0209,0.0001,99.7348,202.5577,49.0769,-17.1982,0.0,0.0001,1.8276,0.0002,6.5805,35.357,8.0203,27.5513,36.443
503.0,1007.0,8.0434,37.0197,91.1525,189.762,0.0223,0.0001,99.7068,202.5578,49.0768,-17.1982,0.0,0.0001,1.829,0.0,6.5853,35.3431,7.9354,27.5532,36.4489
504.0,1009.0,8.0139,36.9884,97.8133,190.2706,0.0207,0.0001,99.7184,202.5579,49.0768,-17.1982,0.0,0.0001,1.8305,0.0001,6.5948,35.3382,7.9059,27.5538,36.451
505.0,1011.0,7.913,36.878,90.2972,191.1241,0.0235,0.0001,99.7297,202.558,49.0768,-17.1982,0.0,0.0001,1.8328,0.0001,6.6153,35.3206,7.8055,27.5549,36.4569
506.0,1013.0,7.777,36.7293,97.2903,193.2817,0.0196,0.0001,99.7263,202.5581,49.0768,-17.1982,0.0,0.0001,1.8382,0.0034,6.6107,35.2966,7.6704,27.5561,36.4646
