Datacycle,press,temp,cond,alt,oxygen,fluor,atten,trans,jday,lat,lon,PAR,UPAR,oxV,oxdVdt,oxysat,salin,potemp,sigma0,sigma2
1.0,5.0,15.3521,43.9489,8.9013,241.6393,0.9536,0.0033,91.9743,216.0765,48.7305,-16.9089,0.0,0.0001,2.6926,-0.0004,5.6266,35.6186,15.3513,26.3709,34.9658
2.0,7.0,15.3528,43.9505,90.2919,241.9704,0.9511,0.0034,91.9748,216.0766,48.7305,-16.9089,0.0,0.0001,2.6944,0.0004,5.6265,35.6186,15.3517,26.3708,34.9657
3.0,9.0,15.3522,43.9506,89.537,241.7333,0.9493,0.0033,92.0608,216.0767,48.7305,-16.9089,0.0,0.0001,2.6937,-0.0004,5.6265,35.6184,15.3508,26.3709,34.9658
4.0,11.0,15.352,43.9512,84.8494,241.8512,0.9523,0.0033,92.0747,216.0767,48.7305,-16.9089,0.0,0.0001,2.6932,0.0003,5.6265,35.6185,15.3503,26.371,34.966
5.0,13.0,15.3527,43.953,88.9385,241.6604,0.946,0.0033,92.1045,216.0769,48.7304,-16.9089,0.0,0.0001,2.6916,-0.0001,5.6264,35.6184,15.3506,26.3709,34.9659
6.0,15.0,15.3532,43.9541,98.71,241.9375,0.9563,0.0033,92.0708,216.0769,48.7304,-16.9089,0.0,0.0001,2.6917,0.0006,5.6264,35.6184,15.3509,26.3708,34.9658
7.0,17.0,15.3528,43.9547,90.1345,241.3868,0.9762,0.0033,92.0952,216.077,48.7304,-16.9089,0.0,0.0001,2.6888,-0.0007,5.6264,35.6184,15.3502,26.371,34.966
8.0,19.0,15.3536,43.9565,91.5709,241.0423,0.9583,0.0033,92.1069,216.0771,48.7304,-16.9089,0.0,0.0001,2.6848,-0.0003,5.6263,35.6183,15.3506,26.3709,34.9658
9.0,21.0,15.3545,43.9584,80.9728,241.2641,0.9675,0.0033,92.1024,216.0772,48.7304,-16.9089,0.0,0.0001,2.6856,-0.0001,5.6263,35.6183,15.3512,26.3707,34.9657
10.0,23.0,15.3545,43.9589,93.0423,241.3103,0.9822,0.0033,92.0885,216.0772,48.7304,-16.9089,0.0,0.0001,2.6866,0.0,5.6263,35.6184,15.351,26.3708,34.9657
11.0,25.0,15.3546,43.9603,90.5672,241.3697,0.9763,0.0033,92.112,216.0773,48.7303,-16.9089,0.0,0.0001,2.6852,0.0002,5.6262,35.6184,15.3507,26.3709,34.9658
12.0,27.0,15.3553,43.9618,87.0872,241.2273,1.0022,0.0033,92.1104,216.0774,48.7303,-16.9089,0.0,0.0001,2.6839,-0.0001,5.6261,35.6184,15.3511,26.3708,34.9657
13.0,29.0,15.3561,43.9637,92.2081,241.2026,1.0465,0.0033,92.1415,216.0775,48.7303,-16.9089,0.0,0.0001,2.6832,-0.0002,5.6261,35.6184,15.3516,26.3707,34.9656
14.0,31.0,15.3554,43.9639,98.71,240.9069,1.031,0.0033,92.1439,216.0775,48.7303,-16.9089,0.0,0.0001,2.6808,-0.0006,5.6262,35.6185,15.3506,26.371,34.966
15.0,33.0,15.3557,43.9649,91.3515,241.2997,1.0237,0.0033,92.1516,216.0776,48.7303,-16.9089,0.0,0.0001,2.6821,0.0,5.6261,35.6185,15.3507,26.371,34.9659
16.0,35.0,15.3566,43.9668,98.71,241.3471,1.027,0.0033,92.1384,216.0777,48.7303,-16.9089,0.0,0.0001,2.6823,0.0001,5.6261,35.6185,15.3512,26.3708,34.9658
17.0,37.0,15.3566,43.9677,88.3576,241.0929,1.0307,0.0033,92.1463,216.0778,48.7303,-16.9089,0.0,0.0001,2.68,-0.0002,5.6262,35.6185,15.3509,26.3709,34.9659
18.0,39.0,15.3548,43.9676,89.9441,241.0095,1.0372,0.0032,92.2344,216.0778,48.7302,-16.9089,0.0,0.0001,2.6784,-0.0001,5.6265,35.6191,15.3488,26.3718,34.9669
19.0,41.0,15.3517,43.9661,98.71,241.0392,0.9835,0.0031,92.4171,216.0779,48.7302,-16.9089,0.0,0.0001,2.6774,0.0,5.6268,35.62,15.3454,26.3733,34.9684
20.0,43.0,15.3478,43.9644,91.2776,240.7343,0.9666,0.0031,92.4812,216.078,48.7302,-16.9089,0.0,0.0001,2.6749,-0.0004,5.6269,35.6209,15.3412,26.3749,34.9702
21.0,45.0,15.348,43.9653,98.71,240.8663,0.9659,0.0031,92.5928,216.0781,48.7302,-16.9089,0.0,0.0001,2.6743,0.0001,5.6271,35.6209,15.3411,26.3749,34.9702
22.0,47.0,15.3418,43.9613,88.5476,240.5356,0.9234,0.003,92.7637,216.0781,48.7302,-16.909,0.0,0.0001,2.6718,-0.0005,5.629,35.6222,15.3346,26.3774,34.9729
23.0,49.0,15.2505,43.8761,78.1118,240.2425,0.7444,0.0025,93.8273,216.0782,48.7302,-16.909,0.0,0.0001,2.6596,-0.0032,5.6777,35.6268,15.2429,26.4014,35.0001
24.0,51.0,14.2745,42.9607,98.7088,232.4702,0.2709,0.0011,97.2337,216.0783,48.7301,-16.909,0.0,0.0001,2.5832,-0.0125,5.7659,35.6792,14.267,26.6545,35.2878
25.0,53.0,13.7203,42.3991,82.1475,228.4059,0.186,0.0008,98.0184,216.0784,48.7301,-16.909,0.0,0.0001,2.5162,-0.01,5.8599,35.6675,13.7128,26.7623,35.4163
26.0,55.0,13.3362,42.0345,80.6524,230.8905,0.1607,0.0007,98.2221,216.0784,48.7301,-16.909,0.0,0.0001,2.5132,0.0003,5.866,35.6818,13.3286,26.8543,35.5223
27.0,57.0,13.157,41.8571,98.7006,230.6267,0.1544,0.0006,98.402,216.0785,48.7301,-16.909,0.0,0.0001,2.5057,-0.0016,5.8976,35.6805,13.1491,26.89,35.5649
28.0,59.0,12.9379,41.6423,98.7072,231.6172,0.1446,0.0006,98.5519,216.0786,48.7301,-16.909,0.0,0.0001,2.5072,0.0003,5.906,35.6808,12.9298,26.9347,35.618
29.0,61.0,12.925,41.6404,87.9669,231.4043,0.1208,0.0005,98.7852,216.0787,48.73,-16.909,0.0,0.0001,2.5049,-0.0004,5.9114,35.6902,12.9166,26.9447,35.6283
30.0,63.0,12.8367,41.5601,98.6651,231.0202,0.0852,0.0004,99.0593,216.0788,48.73,-16.909,0.0,0.0001,2.4997,-0.0006,5.9181,35.6957,12.8281,26.9668,35.6537
31.0,65.0,12.8058,41.5287,90.548,231.2202,0.0802,0.0003,99.1647,216.0789,48.73,-16.909,0.0,0.0001,2.4987,0.0002,5.9196,35.6938,12.7969,26.9716,35.6597
32.0,67.0,12.8092,41.532,98.695,230.6528,0.071,0.0003,99.2352,216.0789,48.73,-16.909,0.0,0.0001,2.4959,-0.0012,5.9217,35.6931,12.8001,26.9703,35.6584
33.0,69.0,12.8057,41.5307,87.2184,230.7449,0.0636,0.0003,99.3009,216.079,48.73,-16.909,0.0,0.0001,2.494,-0.0004,5.9236,35.6943,12.7962,26.972,35.6602
34.0,71.0,12.8081,41.5362,98.7058,229.9764,0.0545,0.0002,99.3925,216.0791,48.73,-16.909,0.0,0.0001,2.4893,-0.0015,5.9232,35.6966,12.7984,26.9734,35.6614
35.0,73.0,12.8024,41.5368,94.1935,230.2776,0.0427,0.0002,99.4492,216.0791,48.73,-16.909,0.0,0.0001,2.4885,-0.0003,5.9241,35.7015,12.7925,26.9784,35.6666
36.0,75.0,12.803,41.5381,88.6561,230.2161,0.0411,0.0002,99.4425,216.0792,48.7299,-16.909,0.0,0.0001,2.4874,-0.0003,5.925,35.7016,12.7928,26.9784,35.6666
37.0,77.0,12.7774,41.5105,95.0848,229.6459,0.0413,0.0002,99.4706,216.0793,48.7299,-16.909,0.0,0.0001,2.4826,-0.0011,5.9276,35.6981,12.7668,26.9809,35.6701
38.0,79.0,12.7672,41.4998,92.1652,230.2665,0.0418,0.0002,99.495,216.0793,48.7299,-16.909,0.0,0.0001,2.4845,0.0005,5.9276,35.6965,12.7564,26.9818,35.6715
39.0,81.0,12.7664,41.4991,93.654,229.7807,0.0415,0.0002,99.5416,216.0794,48.7299,-16.909,0.0,0.0001,2.4816,-0.0011,5.9314,35.6958,12.7553,26.9814,35.6712
40.0,83.0,12.74,41.4698,92.3732,230.3867,0.0363,0.0002,99.5602,216.0794,48.7299,-16.909,0.0,0.0001,2.4833,0.0008,5.9297,35.6918,12.7287,26.9837,35.6745
41.0,85.0,12.7434,41.4738,98.71,230.574,0.0348,0.0002,99.5651,216.0795,48.7299,-16.909,0.0,0.0001,2.4837,0.0003,5.9348,35.6913,12.7318,26.9827,35.6733
42.0,87.0,12.7279,41.4586,98.7006,230.3555,0.035,0.0002,99.577,216.0795,48.7299,-16.909,0.0,0.0001,2.4815,-0.0001,5.9377,35.6905,12.716,26.9852,35.6765
43.0,89.0,12.6997,41.4245,90.1402,230.3734,0.0334,0.0002,99.5774,216.0796,48.7299,-16.909,0.0,0.0001,2.4808,-0.0001,5.939,35.6837,12.6876,26.9856,35.6781
44.0,91.0,12.6845,41.4087,94.2569,230.5322,0.0388,0.0002,99.5736,216.0797,48.7299,-16.909,0.0,0.0001,2.4808,0.0001,5.9392,35.682,12.6721,26.9873,35.6804
45.0,93.0,12.6741,41.398,98.6665,230.5704,0.0327,0.0002,99.5647,216.0797,48.7299,-16.909,0.0,0.0001,2.4809,-0.0004,5.9434,35.6808,12.6615,26.9885,35.682
46.0,95.0,12.6044,41.3186,87.447,230.6223,0.0334,0.0002,99.5616,216.0798,48.7298,-16.909,0.0,0.0001,2.4784,-0.0003,5.9503,35.6693,12.5916,26.9935,35.6899
47.0,97.0,12.5786,41.2881,95.938,231.0372,0.0317,0.0002,99.5412,216.0799,48.7298,-16.909,0.0,0.0001,2.4794,0.0004,5.9532,35.6633,12.5655,26.994,35.6915
48.0,99.0,12.5667,41.276,94.3657,230.9972,0.033,0.0002,99.5095,216.08,48.7298,-16.909,0.0,0.0001,2.4791,0.0,5.9545,35.6619,12.5533,26.9953,35.6933
49.0,101.0,12.5397,41.2453,93.1289,230.6823,0.0294,0.0002,99.5414,216.0801,48.7298,-16.909,0.0,0.0001,2.4759,-0.0004,5.9582,35.6571,12.526,26.997,35.6961
50.0,103.0,12.5187,41.2223,93.3318,230.6101,0.0314,0.0002,99.5106,216.0803,48.7298,-16.909,0.0,0.0001,2.4733,-0.0001,5.9612,35.6539,12.5049,26.9987,35.6987
51.0,105.0,12.4912,41.1914,89.4167,230.2773,0.0314,0.0002,99.4896,216.0805,48.7297,-16.909,0.0,0.0001,2.4696,-0.0003,5.9648,35.6495,12.4771,27.0008,35.7019
52.0,107.0,12.4588,41.1553,98.71,231.0201,0.0345,0.0002,99.4605,216.0807,48.7297,-16.909,0.0,0.0001,2.4715,0.0009,5.9687,35.6444,12.4445,27.0033,35.7057
53.0,109.0,12.4466,41.1423,91.925,231.4619,0.0324,0.0002,99.4672,216.0808,48.7297,-16.909,0.0,0.0001,2.4768,-0.0001,5.9703,35.6425,12.4321,27.0042,35.7072
54.0,111.0,12.4243,41.1178,95.3293,231.0259,0.0319,0.0002,99.4474,216.0808,48.7297,-16.909,0.0,0.0001,2.473,-0.0004,5.9703,35.639,12.4094,27.0059,35.7098
55.0,113.0,12.4279,41.1234,98.7017,231.455,0.0311,0.0002,99.4402,216.0809,48.7297,-16.909,0.0,0.0001,2.4734,0.0004,5.9732,35.6399,12.4128,27.006,35.7097
56.0,115.0,12.4215,41.1176,93.5279,230.5929,0.0318,0.0002,99.4417,216.081,48.7296,-16.909,0.0,0.0001,2.4685,-0.001,5.9759,35.6397,12.4061,27.0071,35.7111
57.0,117.0,12.3874,41.0803,85.1994,230.4264,0.0304,0.0002,99.4251,216.0811,48.7296,-16.909,0.0,0.0001,2.4643,-0.0004,5.9773,35.6349,12.3717,27.0102,35.7156
58.0,119.0,12.3842,41.077,94.7503,229.9428,0.0294,0.0002,99.427,216.0811,48.7296,-16.9091,0.0,0.0001,2.4605,-0.0014,5.982,35.634,12.3683,27.0101,35.7157
59.0,121.0,12.3454,41.0356,98.6049,229.6154,0.0298,0.0002,99.4321,216.0812,48.7296,-16.909,0.0,0.0001,2.456,-0.0006,5.982,35.6298,12.3292,27.0146,35.7217
60.0,123.0,12.344,41.0351,87.0143,229.582,0.0288,0.0002,99.4182,216.0813,48.7296,-16.909,0.0,0.0001,2.4532,0.0,5.9828,35.6296,12.3276,27.0147,35.7219
61.0,125.0,12.3389,41.0295,98.71,229.0052,0.0298,0.0002,99.407,216.0813,48.7296,-16.909,0.0,0.0001,2.4509,-0.0017,5.9852,35.6282,12.3222,27.0147,35.7221
62.0,127.0,12.3263,41.0172,73.0097,228.7375,0.0301,0.0002,99.4001,216.0814,48.7296,-16.9091,0.0,0.0001,2.4459,-0.0008,5.9873,35.6274,12.3094,27.0166,35.7245
63.0,129.0,12.3189,41.0084,94.7378,228.5388,0.0267,0.0002,99.4064,216.0815,48.7295,-16.9091,0.0,0.0001,2.4435,-0.0012,5.9902,35.6254,12.3017,27.0165,35.7248
64.0,131.0,12.2782,40.9656,93.638,227.9062,0.0307,0.0002,99.3813,216.0816,48.7295,-16.9091,0.0,0.0001,2.4363,-0.0004,5.9898,35.6213,12.2607,27.0213,35.7312
65.0,133.0,12.2919,40.9849,98.71,228.6838,0.0326,0.0002,99.3707,216.0816,48.7295,-16.909,0.0,0.0001,2.4377,0.0016,5.9909,35.626,12.2741,27.0224,35.7318
66.0,135.0,12.3032,41.0003,87.7437,228.2977,0.0272,0.0002,99.3755,216.0817,48.7295,-16.9091,0.0,0.0001,2.4379,0.0001,5.9888,35.6297,12.2853,27.023,35.7319
67.0,137.0,12.3294,41.0352,98.71,228.6052,0.0258,0.0003,99.3601,216.0817,48.7295,-16.909,0.0,0.0001,2.4401,0.0004,5.9843,35.6375,12.3112,27.0241,35.7318
68.0,139.0,12.3429,41.0577,98.7069,228.0797,0.0291,0.0002,99.3627,216.0818,48.7295,-16.9091,0.0,0.0001,2.4376,-0.0007,5.9851,35.6458,12.3244,27.0279,35.735
69.0,141.0,12.3229,41.0329,74.012,228.4882,0.0303,0.0003,99.3511,216.0819,48.7295,-16.9091,0.0,0.0001,2.4377,0.0001,5.9892,35.6401,12.3042,27.0274,35.7354
70.0,143.0,12.2976,41.008,97.5383,228.5545,0.0293,0.0003,99.355,216.0819,48.7295,-16.9091,0.0,0.0001,2.4375,0.0001,5.9901,35.6387,12.2785,27.0314,35.7404
71.0,145.0,12.2991,41.0097,98.71,227.668,0.0296,0.0003,99.3539,216.082,48.7294,-16.9091,0.0,0.0001,2.4337,-0.0023,5.9954,35.6385,12.2799,27.0309,35.7399
72.0,147.0,12.2131,40.9118,81.7294,228.7534,0.0256,0.0003,99.3442,216.0821,48.7294,-16.9091,0.0,0.0001,2.4363,0.0003,5.9951,35.6238,12.1936,27.0364,35.7489
73.0,149.0,12.2049,40.9017,98.5856,228.6169,0.0262,0.0003,99.3365,216.0821,48.7294,-16.909,0.0,0.0001,2.4332,-0.0004,6.0071,35.6211,12.1852,27.0359,35.7488
74.0,151.0,12.1386,40.8259,98.7069,229.2362,0.0238,0.0003,99.3181,216.0822,48.7294,-16.909,0.0,0.0001,2.4357,0.0,6.0104,35.6095,12.1187,27.0398,35.7555
75.0,153.0,12.1187,40.8041,79.095,229.7279,0.024,0.0003,99.2681,216.0822,48.7294,-16.909,0.0,0.0001,2.4379,0.0004,6.0139,35.6064,12.0985,27.0413,35.7578
76.0,155.0,12.1002,40.7842,96.3411,229.9765,0.022,0.0003,99.3044,216.0823,48.7294,-16.909,0.0,0.0001,2.4382,0.0002,6.0212,35.6038,12.0799,27.0429,35.7602
77.0,157.0,12.045,40.7186,98.5838,229.7312,0.0273,0.0003,99.3011,216.0824,48.7294,-16.909,0.0,0.0001,2.4371,-0.0006,6.0215,35.5914,12.0243,27.044,35.7636
78.0,159.0,12.0414,40.7156,81.6862,229.5397,0.0274,0.0003,99.2815,216.0824,48.7293,-16.909,0.0,0.0001,2.435,-0.0005,6.0225,35.591,12.0206,27.0444,35.7642
79.0,161.0,12.0302,40.7028,92.5231,228.1351,0.0271,0.0003,99.2938,216.0824,48.7293,-16.909,0.0,0.0001,2.4265,-0.0024,6.0243,35.5883,12.009,27.0445,35.7648
80.0,163.0,12.0168,40.6877,89.8721,228.4461,0.0269,0.0003,99.308,216.0825,48.7293,-16.909,0.0,0.0001,2.4242,-0.0009,6.0278,35.5855,11.9954,27.0449,35.7658
81.0,165.0,11.9836,40.6503,98.2643,227.4552,0.0273,0.0003,99.3033,216.0826,48.7293,-16.909,0.0,0.0001,2.4132,-0.0014,6.0365,35.5797,11.962,27.0469,35.7692
82.0,167.0,11.9478,40.6109,94.9516,229.036,0.0237,0.0003,99.2837,216.0826,48.7293,-16.909,0.0,0.0001,2.4231,0.0001,6.0367,35.5743,11.9259,27.0496,35.7733
83.0,169.0,11.9358,40.5979,98.7357,230.3512,0.023,0.0003,99.2705,216.0826,48.7293,-16.909,0.0,0.0001,2.4307,0.0019,6.0344,35.5723,11.9137,27.0504,35.7746
84.0,171.0,11.9199,40.5803,98.7025,231.8679,0.0263,0.0003,99.2608,216.0828,48.7293,-16.909,0.0,0.0001,2.4417,0.0014,6.0407,35.569,11.8975,27.0509,35.7758
85.0,173.0,11.9024,40.5616,81.0124,233.071,0.0251,0.0003,99.2694,216.0828,48.7293,-16.909,0.0,0.0001,2.4463,0.0039,6.0391,35.5667,11.8798,27.0525,35.7782
86.0,175.0,11.9086,40.5698,86.238,232.8533,0.0229,0.0003,99.2635,216.0828,48.7292,-16.9089,0.0,0.0001,2.4499,0.0007,6.043,35.5679,11.8857,27.0523,35.7778
87.0,177.0,11.9015,40.5636,93.6047,232.698,0.0249,0.0003,99.2666,216.0829,48.7293,-16.9089,0.0,0.0001,2.4503,0.0,6.0445,35.5678,11.8784,27.0537,35.7794
88.0,179.0,11.8804,40.5433,94.9743,232.3577,0.022,0.0003,99.2717,216.0829,48.7292,-16.9089,0.0,0.0001,2.4475,-0.0009,6.047,35.5673,11.8571,27.0573,35.7839
89.0,181.0,11.8653,40.5286,92.3358,231.7545,0.0245,0.0003,99.2632,216.083,48.7292,-16.9089,0.0,0.0001,2.4434,-0.0014,6.047,35.5662,11.8417,27.0594,35.7866
90.0,183.0,11.8641,40.5283,89.6973,232.3418,0.025,0.0003,99.267,216.083,48.7292,-16.9089,0.0,0.0001,2.4445,0.0001,6.0471,35.5662,11.8403,27.0597,35.7869
91.0,185.0,11.8648,40.5301,98.7012,231.5391,0.0258,0.0003,99.2704,216.0831,48.7292,-16.9088,0.0,0.0001,2.4404,-0.0015,6.0476,35.5664,11.8407,27.0598,35.787
92.0,187.0,11.8613,40.5287,81.6625,231.9552,0.023,0.0003,99.2621,216.0832,48.7292,-16.9088,0.0,0.0001,2.4399,0.0001,6.0475,35.5673,11.8369,27.0612,35.7886
93.0,189.0,11.861,40.5293,98.715,231.5079,0.0209,0.0003,99.266,216.0832,48.7292,-16.9088,0.0,0.0001,2.438,-0.0009,6.0475,35.5675,11.8364,27.0614,35.7888
94.0,191.0,11.861,40.5326,98.2223,230.9018,0.0176,0.0003,99.2626,216.0833,48.7292,-16.9088,0.0,0.0001,2.4333,-0.0013,6.0475,35.5698,11.8361,27.0633,35.7907
95.0,193.0,11.8612,40.5339,68.4486,231.0965,0.0245,0.0003,99.2256,216.0833,48.7292,-16.9088,0.0,0.0001,2.4323,-0.0002,6.0474,35.5701,11.8361,27.0635,35.7909
96.0,195.0,11.8621,40.5372,93.9141,230.7261,0.0237,0.0003,99.2477,216.0834,48.7292,-16.9087,0.0,0.0001,2.4295,-0.0008,6.0473,35.5715,11.8366,27.0645,35.7918
97.0,197.0,11.8628,40.5394,94.1566,230.5734,0.022,0.0003,99.2535,216.0834,48.7292,-16.9087,0.0,0.0001,2.4276,-0.0005,6.0473,35.5721,11.8371,27.0649,35.7922
98.0,199.0,11.863,40.5402,98.71,229.793,0.0247,0.0003,99.253,216.0835,48.7292,-16.9087,0.0,0.0001,2.4225,-0.0015,6.0473,35.5718,11.8371,27.0647,35.792
99.0,201.0,11.8573,40.54,73.3942,230.2731,0.0267,0.0003,99.247,216.0835,48.7292,-16.9087,0.0,0.0001,2.4227,0.0001,6.048,35.5761,11.831,27.0691,35.7966
100.0,203.0,11.8493,40.5307,98.0809,229.7558,0.025,0.0003,99.2488,216.0836,48.7292,-16.9086,0.0,0.0001,2.4196,-0.0012,6.0518,35.5738,11.8229,27.0689,35.7968
101.0,205.0,11.8256,40.5068,98.705,229.7304,0.0256,0.0003,99.2368,216.0836,48.7292,-16.9086,0.0,0.0001,2.4176,-0.0006,6.0517,35.5723,11.7989,27.0723,35.8011
102.0,207.0,11.8264,40.509,84.0137,229.7052,0.0229,0.0003,99.2351,216.0837,48.7291,-16.9086,0.0,0.0001,2.4164,-0.0004,6.052,35.5729,11.7996,27.0727,35.8015
103.0,209.0,11.8224,40.5073,98.6969,229.9428,0.0252,0.0003,99.2248,216.0838,48.7291,-16.9086,0.0,0.0001,2.4166,0.0001,6.0526,35.5737,11.7952,27.0742,35.8031
104.0,211.0,11.8203,40.5059,98.71,229.7907,0.0242,0.0003,99.2289,216.0838,48.7291,-16.9085,0.0,0.0001,2.4148,-0.0002,6.0529,35.5738,11.7929,27.0746,35.8037
105.0,213.0,11.8103,40.4969,98.6985,230.1749,0.0235,0.0003,99.2209,216.0839,48.7291,-16.9085,0.0,0.0001,2.4168,0.0002,6.0542,35.5736,11.7826,27.0765,35.8059
106.0,215.0,11.8021,40.4888,51.0975,231.2652,0.0261,0.0003,99.2049,216.0839,48.7291,-16.9085,0.0,0.0001,2.4206,0.002,6.0557,35.5727,11.7742,27.0773,35.8071
107.0,217.0,11.7925,40.4796,97.6238,231.3319,0.0237,0.0003,99.1987,216.084,48.7291,-16.9085,0.0,0.0001,2.4239,0.0005,6.0564,35.5719,11.7643,27.0786,35.8088
108.0,219.0,11.7861,40.4732,87.0222,231.8296,0.0245,0.0003,99.1975,216.0841,48.7291,-16.9085,0.0,0.0001,2.4269,0.0007,6.0579,35.5709,11.7577,27.0791,35.8095
109.0,221.0,11.781,40.4687,98.7035,231.9353,0.0232,0.0003,99.1923,216.0841,48.7291,-16.9084,0.0,0.0001,2.428,0.0003,6.0591,35.5702,11.7523,27.0796,35.8103
110.0,223.0,11.7679,40.4548,74.9197,232.2215,0.0258,0.0003,99.188,216.0842,48.729,-16.9084,0.0,0.0001,2.4292,0.0004,6.0604,35.5684,11.739,27.0807,35.8119
111.0,225.0,11.7566,40.4423,98.6611,232.6391,0.0258,0.0003,99.1861,216.0842,48.729,-16.9084,0.0,0.0001,2.431,0.0005,6.0638,35.566,11.7275,27.081,35.8128
112.0,227.0,11.7205,40.4012,98.695,233.8343,0.0246,0.0003,99.1615,216.0843,48.729,-16.9084,0.0,0.0001,2.4364,0.0018,6.0668,35.5592,11.6911,27.0826,35.8159
113.0,229.0,11.7119,40.393,84.4957,233.9144,0.0254,0.0003,99.1505,216.0843,48.729,-16.9084,0.0,0.0001,2.4393,0.0005,6.0694,35.5586,11.6823,27.0839,35.8175
114.0,231.0,11.685,40.3645,98.4479,234.3008,0.0279,0.0003,99.1694,216.0844,48.729,-16.9083,0.0,0.0001,2.4418,0.0001,6.0719,35.5553,11.6552,27.0864,35.8212
115.0,233.0,11.677,40.3574,88.6465,234.5496,0.0252,0.0003,99.1519,216.0844,48.729,-16.9083,0.0,0.0001,2.4439,0.0001,6.0714,35.555,11.6469,27.0878,35.8229
116.0,235.0,11.6768,40.3582,91.1987,234.4359,0.0246,0.0003,99.1418,216.0845,48.7289,-16.9083,0.0,0.0001,2.4423,-0.0001,6.0723,35.5553,11.6464,27.088,35.8231
117.0,237.0,11.6708,40.3543,98.5412,234.8191,0.024,0.0003,99.1471,216.0845,48.7289,-16.9083,0.0,0.0001,2.4444,0.0004,6.0724,35.5562,11.6401,27.0899,35.8253
118.0,239.0,11.6715,40.3558,98.6983,234.3523,0.0301,0.0003,99.1471,216.0846,48.7289,-16.9083,0.0,0.0001,2.4425,-0.0008,6.0728,35.5562,11.6407,27.0898,35.8252
119.0,241.0,11.6683,40.3542,64.3849,234.6909,0.0289,0.0003,99.1471,216.0847,48.7289,-16.9083,0.0,0.0001,2.4417,0.0005,6.0727,35.5566,11.6371,27.0908,35.8263
120.0,243.0,11.6683,40.3548,93.1416,234.7344,0.0273,0.0003,99.1437,216.0847,48.7289,-16.9083,0.0,0.0001,2.4426,0.0001,6.0728,35.5567,11.637,27.0909,35.8264
121.0,245.0,11.6686,40.3567,60.9694,234.6085,0.0286,0.0003,99.1419,216.0848,48.7288,-16.9083,0.0,0.0001,2.4418,-0.0002,6.0727,35.5572,11.6369,27.0913,35.8268
122.0,247.0,11.6695,40.3588,90.9421,234.7074,0.0249,0.0003,99.1455,216.0848,48.7288,-16.9083,0.0,0.0001,2.4418,0.0,6.073,35.5575,11.6376,27.0915,35.8269
123.0,249.0,11.6664,40.3576,98.71,234.6571,0.0267,0.0003,99.1363,216.0849,48.7288,-16.9083,0.0,0.0001,2.4413,-0.0002,6.0731,35.5583,11.6343,27.0927,35.8283
124.0,251.0,11.6632,40.3559,77.2812,234.5335,0.0286,0.0003,99.1465,216.0849,48.7288,-16.9083,0.0,0.0001,2.4395,-0.0004,6.0755,35.559,11.6308,27.0938,35.8295
125.0,253.0,11.6508,40.3442,83.7887,235.1327,0.0249,0.0003,99.1356,216.085,48.7288,-16.9083,0.0,0.0001,2.4419,0.0005,6.0749,35.5582,11.6181,27.0956,35.8319
126.0,255.0,11.653,40.3485,91.915,234.7743,0.0236,0.0003,99.0918,216.085,48.7288,-16.9082,0.0,0.0001,2.441,-0.0006,6.0746,35.5597,11.6202,27.0965,35.8326
127.0,257.0,11.6534,40.3521,98.709,234.4322,0.0233,0.0003,99.1471,216.0851,48.7288,-16.9082,0.0,0.0001,2.4381,-0.0007,6.0745,35.562,11.6202,27.0982,35.8343
128.0,259.0,11.6542,40.3543,98.707,234.5178,0.0205,0.0003,99.1481,216.0851,48.7288,-16.9082,0.0,0.0001,2.4374,-0.0003,6.0753,35.5623,11.6207,27.0984,35.8344
129.0,261.0,11.6453,40.3444,98.7042,234.3617,0.0247,0.0003,99.1543,216.0852,48.7287,-16.9082,0.0,0.0001,2.435,-0.0007,6.0783,35.5604,11.6117,27.0986,35.835
130.0,263.0,11.6218,40.3195,98.71,234.8085,0.0253,0.0003,99.1507,216.0852,48.7287,-16.9082,0.0,0.0001,2.4354,0.0007,6.0783,35.5572,11.5878,27.1006,35.838
131.0,265.0,11.6235,40.3222,86.2046,234.7509,0.0235,0.0003,99.1399,216.0853,48.7287,-16.9082,0.0,0.0001,2.4352,-0.0001,6.0796,35.5574,11.5893,27.1005,35.8379
132.0,267.0,11.6105,40.3079,98.471,234.4294,0.0231,0.0003,99.1471,216.0853,48.7287,-16.9082,0.0,0.0001,2.4334,-0.0005,6.0807,35.555,11.5761,27.1011,35.839
133.0,269.0,11.6018,40.2989,98.5925,235.2896,0.0243,0.0003,99.1615,216.0853,48.7287,-16.9082,0.0,0.0001,2.4361,0.001,6.0818,35.5536,11.5671,27.1016,35.84
134.0,271.0,11.605,40.3035,87.2823,234.9326,0.0266,0.0003,99.15,216.0854,48.7287,-16.9082,0.0,0.0001,2.4352,-0.0001,6.0821,35.5542,11.5701,27.1016,35.8398
135.0,273.0,11.5964,40.2963,90.7037,235.2634,0.0259,0.0003,99.1471,216.0854,48.7287,-16.9082,0.0,0.0001,2.4359,0.0003,6.0825,35.5545,11.5612,27.1035,35.8421
136.0,275.0,11.5935,40.2947,98.1667,234.8531,0.026,0.0003,99.1525,216.0855,48.7287,-16.9082,0.0,0.0001,2.435,-0.0008,6.0832,35.5549,11.5581,27.1044,35.843
137.0,277.0,11.5901,40.2939,98.71,235.1574,0.0264,0.0003,99.1615,216.0855,48.7287,-16.9082,0.0,0.0001,2.4341,0.0005,6.0834,35.5561,11.5544,27.106,35.8448
138.0,279.0,11.588,40.2921,95.817,234.9146,0.026,0.0003,99.1471,216.0856,48.7287,-16.9082,0.0,0.0001,2.4335,-0.0003,6.0834,35.5556,11.5521,27.1061,35.845
139.0,281.0,11.5887,40.2951,77.9236,234.1994,0.0229,0.0003,99.1471,216.0856,48.7287,-16.9082,0.0,0.0001,2.4298,-0.0013,6.0819,35.5573,11.5525,27.1073,35.8461
140.0,283.0,11.5981,40.3092,98.71,234.1215,0.0224,0.0003,99.1567,216.0857,48.7286,-16.9081,0.0,0.0001,2.4269,-0.0004,6.082,35.5611,11.5617,27.1085,35.8469
141.0,285.0,11.5951,40.308,83.8144,234.1624,0.0242,0.0003,99.1471,216.0857,48.7286,-16.9081,0.0,0.0001,2.4256,-0.0001,6.0821,35.5619,11.5584,27.1098,35.8484
142.0,287.0,11.593,40.3065,98.71,234.272,0.0266,0.0003,99.1522,216.0857,48.7286,-16.9081,0.0,0.0001,2.4261,-0.0001,6.0829,35.5616,11.5561,27.11,35.8487
143.0,289.0,11.59,40.3048,95.3677,234.0708,0.0222,0.0003,99.1471,216.0858,48.7286,-16.9081,0.0,0.0001,2.4245,-0.0005,6.0821,35.5619,11.5528,27.1108,35.8496
144.0,291.0,11.5978,40.3177,90.402,233.7778,0.0197,0.0003,99.1489,216.0859,48.7286,-16.9081,0.0,0.0001,2.4219,-0.0004,6.0816,35.5659,11.5602,27.1125,35.851
145.0,293.0,11.5975,40.3178,98.71,233.0943,0.0219,0.0003,99.1471,216.0859,48.7286,-16.9081,0.0,0.0001,2.4186,-0.0015,6.0806,35.5656,11.5597,27.1125,35.8509
146.0,295.0,11.6069,40.3323,98.71,233.5752,0.0238,0.0003,99.1471,216.0859,48.7286,-16.9081,0.0,0.0001,2.4184,-0.0001,6.0811,35.57,11.5688,27.1141,35.8521
147.0,297.0,11.6054,40.3304,80.9017,233.7905,0.0231,0.0003,99.1427,216.086,48.7286,-16.908,0.0,0.0001,2.4203,-0.0001,6.081,35.569,11.5671,27.1137,35.8518
148.0,299.0,11.6031,40.3303,98.7025,232.4946,0.0268,0.0003,99.1501,216.086,48.7286,-16.908,0.0,0.0001,2.414,-0.0021,6.0808,35.5699,11.5646,27.1149,35.8531
149.0,301.0,11.6015,40.3299,98.6999,233.3936,0.0247,0.0003,99.1435,216.0861,48.7286,-16.908,0.0,0.0001,2.4153,0.0001,6.0811,35.5702,11.5626,27.1154,35.8537
150.0,303.0,11.6022,40.3313,98.71,233.4575,0.0218,0.0003,99.1574,216.0861,48.7286,-16.908,0.0,0.0001,2.4139,0.0002,6.0823,35.57,11.5631,27.1152,35.8534
151.0,305.0,11.5902,40.3197,88.4581,232.7845,0.0209,0.0003,99.1471,216.0862,48.7286,-16.908,0.0,0.0001,2.4115,-0.0011,6.0818,35.5692,11.5508,27.1169,35.8557
152.0,307.0,11.5923,40.3225,90.0934,233.092,0.0232,0.0003,99.1511,216.0862,48.7286,-16.908,0.0,0.0001,2.4108,-0.0002,6.0832,35.5693,11.5528,27.1166,35.8553
153.0,309.0,11.578,40.3086,92.243,232.8122,0.0243,0.0003,99.1378,216.0863,48.7286,-16.9079,0.0,0.0001,2.4085,-0.0003,6.0846,35.5681,11.5382,27.1184,35.8577
154.0,311.0,11.5742,40.305,98.695,232.5957,0.0228,0.0003,99.1578,216.0863,48.7286,-16.9079,0.0,0.0001,2.4078,-0.0008,6.0856,35.5676,11.5342,27.1188,35.8583
155.0,313.0,11.5577,40.2878,98.6921,233.1911,0.0228,0.0003,99.1583,216.0863,48.7286,-16.9079,0.0,0.0001,2.4087,0.0003,6.0865,35.5654,11.5174,27.1202,35.8604
156.0,315.0,11.5603,40.2926,90.8626,233.0009,0.0212,0.0003,99.1609,216.0864,48.7286,-16.9079,0.0,0.0001,2.4081,-0.0005,6.0868,35.5668,11.5197,27.1209,35.8609
157.0,317.0,11.5593,40.2934,92.1922,232.9012,0.0223,0.0003,99.1531,216.0864,48.7286,-16.9079,0.0,0.0001,2.4069,-0.0003,6.087,35.5677,11.5185,27.1218,35.8619
158.0,319.0,11.5524,40.2874,98.6992,232.7033,0.0246,0.0003,99.1615,216.0865,48.7286,-16.9079,0.0,0.0001,2.4047,-0.0008,6.0908,35.5675,11.5113,27.123,35.8633
159.0,321.0,11.52,40.2504,98.7014,233.026,0.0224,0.0003,99.1471,216.0865,48.7286,-16.9079,0.0,0.0001,2.4037,0.0007,6.0912,35.5611,11.4787,27.1241,35.8659
160.0,323.0,11.5136,40.2438,89.779,232.9953,0.0228,0.0003,99.1524,216.0866,48.7286,-16.9079,0.0,0.0001,2.4042,0.0001,6.0921,35.56,11.4721,27.1245,35.8665
161.0,325.0,11.5091,40.2398,98.4713,233.151,0.0235,0.0003,99.1602,216.0866,48.7286,-16.9079,0.0,0.0001,2.4042,0.0001,6.0938,35.5594,11.4674,27.1249,35.8672
162.0,327.0,11.5059,40.2368,98.6964,233.2131,0.02,0.0003,99.1615,216.0866,48.7285,-16.9079,0.0,0.0001,2.4042,0.0001,6.0936,35.5586,11.4639,27.1249,35.8673
163.0,329.0,11.5072,40.2392,89.454,233.2107,0.0225,0.0003,99.1644,216.0867,48.7285,-16.9079,0.0,0.0001,2.4041,-0.0001,6.0935,35.5588,11.465,27.1249,35.8673
164.0,331.0,11.5088,40.2421,90.531,233.3559,0.0237,0.0003,99.1522,216.0867,48.7285,-16.9079,0.0,0.0001,2.4048,0.0001,6.0938,35.5593,11.4663,27.1251,35.8673
165.0,333.0,11.507,40.2412,98.6969,233.113,0.0196,0.0003,99.1509,216.0868,48.7285,-16.9079,0.0,0.0001,2.4031,-0.0003,6.0937,35.5592,11.4643,27.1253,35.8677
166.0,335.0,11.5078,40.2433,82.2767,233.374,0.0212,0.0003,99.1628,216.0868,48.7285,-16.9079,0.0,0.0001,2.4037,0.0001,6.0932,35.5597,11.4648,27.1257,35.868
167.0,337.0,11.5112,40.2491,82.3834,232.9959,0.0235,0.0003,99.1577,216.0869,48.7285,-16.9079,0.0,0.0001,2.4016,-0.0005,6.0928,35.5613,11.4679,27.1263,35.8685
168.0,339.0,11.5141,40.2532,98.7053,232.9617,0.0231,0.0003,99.1533,216.0869,48.7285,-16.9079,0.0,0.0001,2.4001,-0.0003,6.0928,35.5617,11.4705,27.1262,35.8682
169.0,341.0,11.5136,40.2544,94.3541,232.8897,0.0213,0.0003,99.1537,216.087,48.7285,-16.9079,0.0,0.0001,2.3989,-0.0004,6.0933,35.5622,11.4697,27.1267,35.8688
170.0,343.0,11.5112,40.2522,98.7064,232.9299,0.024,0.0003,99.1519,216.087,48.7285,-16.9079,0.0,0.0001,2.3987,0.0,6.0933,35.5619,11.4672,27.1269,35.8691
171.0,345.0,11.5049,40.2464,98.6962,232.8641,0.0218,0.0003,99.1209,216.0871,48.7285,-16.9079,0.0,0.0001,2.3983,-0.0007,6.0943,35.5609,11.4606,27.1273,35.8698
172.0,347.0,11.5001,40.2426,92.3811,233.1309,0.0213,0.0003,99.1456,216.0871,48.7285,-16.9079,0.0,0.0001,2.3991,0.0,6.0945,35.5609,11.4555,27.1283,35.871
173.0,349.0,11.5019,40.2453,98.68,232.3087,0.0196,0.0003,99.1538,216.0871,48.7285,-16.9079,0.0,0.0001,2.3936,-0.0013,6.0956,35.5608,11.4569,27.128,35.8706
174.0,351.0,11.4951,40.2391,92.3636,232.8359,0.0227,0.0003,99.1621,216.0872,48.7285,-16.9079,0.0,0.0001,2.3951,-0.0002,6.0963,35.5604,11.4499,27.129,35.8719
175.0,353.0,11.4793,40.222,98.6971,232.9418,0.0218,0.0003,99.1495,216.0872,48.7285,-16.9079,0.0,0.0001,2.3949,0.0003,6.096,35.5578,11.434,27.1299,35.8735
176.0,355.0,11.4807,40.2245,98.71,233.0893,0.0181,0.0003,99.1502,216.0873,48.7285,-16.9079,0.0,0.0001,2.3962,0.0,6.0983,35.5582,11.4351,27.13,35.8736
177.0,357.0,11.4746,40.2179,94.8347,233.3919,0.0225,0.0003,99.1509,216.0873,48.7285,-16.9079,0.0,0.0001,2.3976,0.0,6.1,35.5568,11.4288,27.1301,35.8739
178.0,359.0,11.4466,40.1869,88.2363,233.2109,0.0238,0.0003,99.1652,216.0874,48.7285,-16.9079,0.0,0.0001,2.3932,-0.0001,6.1047,35.5521,11.4006,27.1317,35.8768
179.0,361.0,11.4256,40.1648,96.8246,232.967,0.0221,0.0003,99.1553,216.0875,48.7285,-16.9079,0.0,0.0001,2.3924,-0.0004,6.1042,35.5495,11.3794,27.1336,35.8795
180.0,363.0,11.4336,40.1778,98.6621,232.9006,0.0252,0.0003,99.1681,216.0876,48.7285,-16.9079,0.0,0.0001,2.3913,-0.0002,6.1035,35.5535,11.387,27.1353,35.8809
181.0,365.0,11.4346,40.1793,98.6976,232.8554,0.0238,0.0003,99.1615,216.0876,48.7285,-16.9079,0.0,0.0001,2.3901,-0.0002,6.1028,35.5535,11.3878,27.1352,35.8807
182.0,367.0,11.4325,40.1801,91.7747,233.1537,0.0234,0.0003,99.1591,216.0877,48.7285,-16.9079,0.0,0.0001,2.3922,0.0001,6.1032,35.5552,11.3855,27.137,35.8826
183.0,369.0,11.4313,40.1792,98.4536,232.8063,0.0226,0.0003,99.1662,216.0877,48.7284,-16.9079,0.0,0.0001,2.3892,-0.0005,6.1039,35.5546,11.384,27.1368,35.8824
184.0,371.0,11.4292,40.1777,98.1583,232.7185,0.0233,0.0003,99.1644,216.0878,48.7285,-16.9079,0.0,0.0001,2.3883,-0.0006,6.1058,35.5543,11.3817,27.137,35.8827
185.0,373.0,11.3935,40.1369,95.6789,231.2578,0.0215,0.0003,99.0622,216.0879,48.7284,-16.9079,0.0,0.0001,2.3774,-0.0016,6.1082,35.5472,11.3458,27.1382,35.8855
186.0,375.0,11.3974,40.1426,91.7407,231.1034,0.0194,0.0003,99.1599,216.0879,48.7284,-16.9079,0.0,0.0001,2.3741,-0.0007,6.1078,35.5484,11.3495,27.1384,35.8855
187.0,377.0,11.4054,40.1544,85.3756,231.3608,0.0232,0.0003,99.1471,216.088,48.7284,-16.9079,0.0,0.0001,2.3736,0.0001,6.1075,35.5516,11.3572,27.1395,35.8862
188.0,379.0,11.4161,40.1696,96.7951,231.5509,0.0217,0.0003,99.1618,216.088,48.7284,-16.9079,0.0,0.0001,2.3746,0.0002,6.1072,35.5555,11.3677,27.1405,35.8868
189.0,381.0,11.4009,40.1541,93.9801,231.9338,0.0207,0.0003,99.1536,216.0881,48.7284,-16.908,0.0,0.0001,2.3776,0.0002,6.107,35.5535,11.3521,27.1419,35.8888
190.0,383.0,11.4032,40.1568,98.6978,232.0524,0.0218,0.0003,99.1603,216.0882,48.7284,-16.908,0.0,0.0001,2.3775,0.0001,6.1081,35.5535,11.3542,27.1414,35.8883
191.0,385.0,11.3864,40.1405,92.403,232.1201,0.0236,0.0003,99.1611,216.0883,48.7284,-16.908,0.0,0.0001,2.3782,0.0,6.1083,35.5521,11.3371,27.1436,35.8912
192.0,387.0,11.3895,40.145,98.6964,232.0805,0.0227,0.0003,99.1606,216.0883,48.7284,-16.908,0.0,0.0001,2.3767,0.0002,6.109,35.553,11.34,27.1437,35.8912
193.0,389.0,11.387,40.1449,95.5714,232.0411,0.0224,0.0003,99.1644,216.0884,48.7284,-16.908,0.0,0.0001,2.3764,-0.0001,6.1094,35.5543,11.3372,27.1452,35.8928
194.0,391.0,11.3904,40.1486,92.3536,232.3049,0.0224,0.0003,99.1657,216.0885,48.7284,-16.908,0.0,0.0001,2.377,0.0005,6.1079,35.5539,11.3404,27.1443,35.8918
195.0,393.0,11.4026,40.1679,98.7363,233.2679,0.0207,0.0003,99.1634,216.0885,48.7284,-16.908,0.0,0.0001,2.382,0.0013,6.1075,35.5604,11.3522,27.1472,35.894
196.0,395.0,11.4003,40.1662,91.337,232.956,0.0214,0.0003,99.1495,216.0886,48.7284,-16.908,0.0,0.0001,2.3826,0.0001,6.1078,35.5602,11.3498,27.1475,35.8945
197.0,397.0,11.3998,40.1667,97.2464,233.0689,0.0193,0.0003,99.1532,216.0887,48.7284,-16.9081,0.0,0.0001,2.3825,0.0002,6.1076,35.56,11.3489,27.1475,35.8945
198.0,399.0,11.4018,40.1701,98.668,232.8241,0.0206,0.0003,99.1569,216.0887,48.7284,-16.9081,0.0,0.0001,2.3815,-0.0005,6.1067,35.5607,11.3507,27.1477,35.8946
199.0,401.0,11.407,40.1782,88.9533,233.4388,0.0207,0.0003,99.1535,216.0888,48.7284,-16.9081,0.0,0.0001,2.3842,0.0004,6.1068,35.5627,11.3556,27.1484,35.8951
200.0,403.0,11.4082,40.1807,98.7058,233.7647,0.0202,0.0003,99.1652,216.0888,48.7283,-16.9081,0.0,0.0001,2.3859,0.0005,6.1061,35.5631,11.3565,27.1485,35.8952
201.0,405.0,11.411,40.1851,98.212,233.9309,0.0218,0.0003,99.176,216.0889,48.7283,-16.9081,0.0,0.0001,2.3872,0.0004,6.1059,35.5642,11.3591,27.1489,35.8954
202.0,407.0,11.4158,40.192,91.5006,233.4842,0.0226,0.0003,99.1491,216.0889,48.7283,-16.9082,0.0,0.0001,2.3855,-0.0004,6.1059,35.5656,11.3636,27.1491,35.8955
203.0,409.0,11.4182,40.1967,95.9815,233.2278,0.0191,0.0003,99.1458,216.089,48.7283,-16.9082,0.0,0.0001,2.3834,-0.0005,6.1053,35.5668,11.3657,27.1496,35.8959
204.0,411.0,11.4176,40.1969,93.2432,233.8417,0.0218,0.0003,99.1358,216.089,48.7283,-16.9082,0.0,0.0001,2.3841,0.0007,6.1055,35.5669,11.3649,27.1499,35.8961
205.0,413.0,11.4166,40.1964,98.695,234.1819,0.0233,0.0003,99.1473,216.0891,48.7283,-16.9082,0.0,0.0001,2.387,0.0006,6.1054,35.5663,11.3636,27.1497,35.896
206.0,415.0,11.4161,40.197,94.3908,233.7346,0.0242,0.0003,99.1537,216.0892,48.7283,-16.9082,0.0,0.0001,2.3861,-0.0004,6.1057,35.5668,11.3629,27.1502,35.8965
207.0,417.0,11.4077,40.1906,96.1494,234.0524,0.0207,0.0003,99.1429,216.0892,48.7283,-16.9082,0.0,0.0001,2.3862,0.0001,6.1061,35.5673,11.3542,27.1522,35.8989
208.0,419.0,11.4064,40.1894,98.6956,233.5341,0.0234,0.0003,99.1471,216.0893,48.7283,-16.9083,0.0,0.0001,2.3836,-0.0009,6.1064,35.5668,11.3527,27.1521,35.8989
209.0,421.0,11.3958,40.1791,86.5675,233.9071,0.0196,0.0003,99.1297,216.0893,48.7283,-16.9083,0.0,0.0001,2.3837,-0.0002,6.1093,35.5658,11.3419,27.1533,35.9005
210.0,423.0,11.3896,40.1721,95.9772,233.1703,0.02,0.0003,99.1346,216.0894,48.7283,-16.9083,0.0,0.0001,2.3807,-0.0013,6.1092,35.564,11.3355,27.1531,35.9006
211.0,425.0,11.3476,40.1252,98.7012,233.0739,0.0225,0.0003,99.1304,216.0895,48.7283,-16.9083,0.0,0.0001,2.3759,-0.0006,6.1129,35.5568,11.2932,27.1553,35.9046
212.0,427.0,11.3381,40.1142,98.7006,233.0002,0.0208,0.0003,99.1303,216.0895,48.7283,-16.9083,0.0,0.0001,2.3747,-0.0001,6.1118,35.5544,11.2836,27.1553,35.905
213.0,429.0,11.3465,40.1251,81.0777,233.0338,0.0242,0.0003,99.1245,216.0896,48.7282,-16.9083,0.0,0.0001,2.3727,0.0001,6.1141,35.5559,11.2916,27.155,35.9044
214.0,431.0,11.343,40.122,93.8767,232.9711,0.0212,0.0003,99.1237,216.0896,48.7283,-16.9083,0.0,0.0001,2.3726,0.0,6.1146,35.5556,11.2879,27.1555,35.905
215.0,433.0,11.3371,40.1159,89.0385,231.8101,0.0221,0.0003,99.1183,216.0897,48.7282,-16.9084,0.0,0.0001,2.3683,-0.0024,6.1148,35.5541,11.2817,27.1554,35.9052
216.0,435.0,11.3251,40.103,98.6955,232.598,0.0213,0.0003,99.1332,216.0897,48.7282,-16.9084,0.0,0.0001,2.3682,0.0,6.1154,35.552,11.2695,27.1561,35.9064
217.0,437.0,11.3277,40.1072,91.6791,232.5491,0.0213,0.0003,99.1215,216.0898,48.7282,-16.9084,0.0,0.0001,2.3677,-0.0002,6.116,35.5531,11.2719,27.1564,35.9066
218.0,439.0,11.3373,40.121,98.6552,232.7562,0.0201,0.0003,99.1297,216.0898,48.7282,-16.9084,0.0,0.0001,2.3681,0.0001,6.1152,35.5561,11.2811,27.1571,35.9069
219.0,441.0,11.3426,40.1284,72.9772,233.498,0.0196,0.0003,99.1231,216.0899,48.7282,-16.9084,0.0,0.0001,2.3705,0.0013,6.1144,35.5577,11.2861,27.1574,35.907
220.0,443.0,11.3489,40.1372,93.7571,233.2293,0.0214,0.0003,99.1379,216.0899,48.7282,-16.9084,0.0,0.0001,2.3718,0.0001,6.1117,35.5597,11.2923,27.1578,35.9071
221.0,445.0,11.3792,40.1747,92.6964,234.8937,0.0219,0.0003,99.1307,216.09,48.7282,-16.9085,0.0,0.0001,2.3787,0.0027,6.1097,35.5667,11.3221,27.1577,35.9056
222.0,447.0,11.3766,40.1732,95.7363,234.1712,0.0209,0.0003,99.1266,216.0901,48.7282,-16.9085,0.0,0.0001,2.3812,-0.0003,6.1099,35.567,11.3194,27.1584,35.9065
223.0,449.0,11.3985,40.2039,97.4004,234.2637,0.0196,0.0003,99.1202,216.0901,48.7282,-16.9085,0.0,0.0001,2.3799,0.0,6.1092,35.575,11.3408,27.1607,35.9078
224.0,451.0,11.3998,40.2057,82.3464,234.5351,0.0202,0.0004,99.1183,216.0902,48.7282,-16.9085,0.0,0.0001,2.3811,0.0003,6.1092,35.5753,11.3419,27.1607,35.9078
225.0,453.0,11.4022,40.2105,98.6253,235.0929,0.0198,0.0003,99.1319,216.0903,48.7282,-16.9086,0.0,0.0001,2.3848,0.0005,6.1078,35.5764,11.344,27.1612,35.9082
226.0,455.0,11.4019,40.2112,86.4811,235.0876,0.0198,0.0004,99.1107,216.0903,48.7282,-16.9086,0.0,0.0001,2.3853,0.0,6.1084,35.5767,11.3435,27.1615,35.9085
227.0,457.0,11.3984,40.2083,98.6989,235.4751,0.0219,0.0004,99.1231,216.0904,48.7282,-16.9086,0.0,0.0001,2.3859,0.0006,6.1074,35.576,11.3397,27.1616,35.9088
228.0,459.0,11.3981,40.2087,81.8379,235.2875,0.0211,0.0003,99.1211,216.0904,48.7282,-16.9086,0.0,0.0001,2.3859,0.0001,6.1075,35.5761,11.3392,27.1618,35.909
229.0,461.0,11.3981,40.2092,98.69,235.3912,0.0193,0.0004,99.1183,216.0904,48.7282,-16.9086,0.0,0.0001,2.3858,0.0003,6.1073,35.5755,11.3388,27.1615,35.9087
230.0,463.0,11.3948,40.2067,98.6977,235.6493,0.0237,0.0003,99.1126,216.0905,48.7282,-16.9086,0.0,0.0001,2.3876,0.0003,6.1074,35.5755,11.3354,27.1621,35.9094
231.0,465.0,11.3916,40.2036,83.8427,235.7503,0.0175,0.0004,99.1195,216.0906,48.7282,-16.9087,0.0,0.0001,2.3879,-0.0001,6.1107,35.5745,11.3318,27.162,35.9095
232.0,467.0,11.3674,40.1756,71.2896,233.6493,0.0233,0.0004,99.1209,216.0906,48.7281,-16.9087,0.0,0.0001,2.3778,-0.0035,6.1144,35.5692,11.3076,27.1623,35.9109
233.0,469.0,11.3355,40.1389,95.8301,234.1274,0.022,0.0004,99.1172,216.0907,48.7281,-16.9087,0.0,0.0001,2.3737,-0.0004,6.1139,35.5626,11.2755,27.1632,35.9131
234.0,471.0,11.3413,40.1468,98.695,233.1918,0.0205,0.0003,99.0997,216.0907,48.7281,-16.9087,0.0,0.0001,2.3687,-0.002,6.1151,35.5642,11.281,27.1634,35.9131
235.0,473.0,11.3378,40.1441,98.6888,234.2571,0.0191,0.0004,99.1166,216.0908,48.7281,-16.9088,0.0,0.0001,2.3724,0.0002,6.1142,35.5639,11.2773,27.1639,35.9137
236.0,475.0,11.3419,40.1503,98.6973,234.4137,0.0223,0.0003,99.1183,216.0909,48.7281,-16.9088,0.0,0.0001,2.3725,0.0003,6.114,35.5651,11.2811,27.1641,35.9137
237.0,477.0,11.3486,40.1591,87.5887,234.3874,0.0239,0.0003,99.1165,216.0909,48.7281,-16.9088,0.0,0.0001,2.3732,0.0,6.1139,35.5666,11.2875,27.1641,35.9135
238.0,479.0,11.3507,40.1637,98.5481,235.0292,0.0198,0.0004,99.1129,216.0909,48.7281,-16.9088,0.0,0.0001,2.3742,0.0013,6.1138,35.568,11.2892,27.1648,35.9141
239.0,481.0,11.349,40.162,85.5613,234.7104,0.0214,0.0004,99.1064,216.091,48.7281,-16.9088,0.0,0.0001,2.3744,0.0,6.115,35.5675,11.2874,27.1647,35.9141
240.0,483.0,11.3333,40.1443,95.1707,234.7789,0.0181,0.0003,99.1231,216.0911,48.7281,-16.9088,0.0,0.0001,2.374,-0.0002,6.1177,35.5639,11.2714,27.1649,35.915
241.0,485.0,11.2977,40.1026,89.0631,233.0064,0.02,0.0003,99.1183,216.0911,48.7281,-16.9089,0.0,0.0001,2.3634,-0.0031,6.1272,35.5559,11.2357,27.1653,35.917
242.0,487.0,11.2212,40.0138,98.6952,231.7748,0.0188,0.0004,99.1125,216.0912,48.7281,-16.9089,0.0,0.0001,2.3511,-0.0018,6.1271,35.5404,11.1592,27.1674,35.9223
243.0,489.0,11.2386,40.0323,85.2428,231.0032,0.0205,0.0003,99.1225,216.0912,48.7281,-16.9089,0.0,0.0001,2.3437,-0.0022,6.1335,35.5414,11.1764,27.165,35.9192
244.0,491.0,11.2026,39.996,98.6936,232.132,0.0199,0.0003,99.122,216.0913,48.7281,-16.9089,0.0,0.0001,2.3456,0.0002,6.1333,35.5387,11.1401,27.1696,35.9253
245.0,493.0,11.19,39.9819,97.8695,232.5448,0.0235,0.0003,99.1335,216.0913,48.7281,-16.9089,0.0,0.0001,2.3482,0.001,6.1311,35.5363,11.1274,27.17,35.9263
246.0,495.0,11.1643,39.9518,78.354,231.8605,0.0214,0.0003,99.1418,216.0914,48.7281,-16.9089,0.0,0.0001,2.3431,-0.0009,6.1433,35.5301,11.1015,27.17,35.9274
247.0,497.0,11.1418,39.9275,94.947,231.8094,0.0224,0.0003,99.1256,216.0914,48.7281,-16.9089,0.0,0.0001,2.3405,0.0,6.1397,35.5267,11.0788,27.1715,35.9299
248.0,499.0,11.1593,39.9475,82.4768,231.6224,0.0224,0.0003,99.0985,216.0915,48.7281,-16.909,0.0,0.0001,2.3381,-0.0009,6.1464,35.5289,11.096,27.17,35.9277
249.0,501.0,11.1092,39.8929,79.6622,231.583,0.0226,0.0003,99.1471,216.0916,48.7281,-16.909,0.0,0.0001,2.3369,-0.0001,6.1458,35.5218,11.0458,27.1737,35.9335
250.0,503.0,11.1098,39.8945,98.6961,231.2894,0.0228,0.0003,99.1352,216.0916,48.7281,-16.909,0.0,0.0001,2.3335,-0.0005,6.1472,35.5222,11.0462,27.1739,35.9337
251.0,505.0,11.1008,39.8848,73.8052,231.1571,0.0188,0.0003,99.1615,216.0917,48.7281,-16.909,0.0,0.0001,2.3326,-0.0004,6.1487,35.5203,11.037,27.1741,35.9343
252.0,507.0,11.0945,39.8794,87.759,231.1204,0.022,0.0003,99.1516,216.0917,48.7281,-16.909,0.0,0.0001,2.3318,-0.0003,6.1482,35.5201,11.0305,27.1752,35.9356
253.0,509.0,11.0894,39.8748,94.7881,231.5892,0.0221,0.0003,99.1615,216.0918,48.7281,-16.909,0.0,0.0001,2.3332,0.0003,6.1493,35.5193,11.0249,27.1755,35.9362
254.0,511.0,11.0884,39.8742,98.7,230.9117,0.0232,0.0003,99.1729,216.0918,48.7281,-16.9091,0.0,0.0001,2.3304,-0.0011,6.1523,35.5189,11.0238,27.1754,35.9362
255.0,513.0,11.0752,39.8601,98.6991,231.1373,0.0235,0.0003,99.1729,216.0919,48.7281,-16.9091,0.0,0.0001,2.3287,-0.0001,6.1514,35.5166,11.0103,27.1762,35.9375
256.0,515.0,11.0805,39.8678,98.6871,230.8151,0.0221,0.0003,99.1687,216.0919,48.7281,-16.9091,0.0,0.0001,2.3273,-0.0007,6.1529,35.5185,11.0155,27.1767,35.9378
257.0,517.0,11.067,39.8551,78.4937,230.8008,0.0236,0.0003,99.1646,216.092,48.7281,-16.9091,0.0,0.0001,2.3262,-0.0005,6.1529,35.518,11.0017,27.1788,35.9404
258.0,519.0,11.0685,39.8581,98.6925,230.5638,0.0219,0.0003,99.1743,216.0921,48.7281,-16.9091,0.0,0.0001,2.3235,-0.0004,6.1533,35.5185,11.0029,27.179,35.9406
259.0,521.0,11.0628,39.8524,98.6921,229.508,0.0257,0.0003,99.1688,216.0921,48.728,-16.9091,0.0,0.0001,2.3181,-0.0019,6.1542,35.5174,10.997,27.1792,35.941
260.0,523.0,11.0561,39.8476,88.8696,229.5542,0.022,0.0003,99.1666,216.0922,48.7281,-16.9091,0.0,0.0001,2.3147,-0.0005,6.154,35.5181,10.99,27.181,35.9431
261.0,525.0,11.0575,39.8496,94.6118,228.6027,0.0208,0.0003,99.1763,216.0922,48.7281,-16.9092,0.0,0.0001,2.3095,-0.0018,6.157,35.5182,10.9912,27.1808,35.9429
262.0,527.0,11.0382,39.8285,98.704,227.3686,0.0229,0.0003,99.1731,216.0923,48.7281,-16.9092,0.0,0.0001,2.3009,-0.0026,6.1584,35.5147,10.9718,27.1817,35.9446
263.0,529.0,11.0214,39.8115,89.9848,227.606,0.0235,0.0003,99.1794,216.0923,48.7281,-16.9092,0.0,0.0001,2.2973,-0.0006,6.1572,35.5131,10.9548,27.1835,35.9472
264.0,531.0,11.0258,39.8176,88.8511,226.8144,0.0219,0.0003,99.1904,216.0924,48.728,-16.9092,0.0,0.0001,2.291,-0.0012,6.1584,35.5137,10.9588,27.1833,35.9468
265.0,533.0,11.0175,39.8094,83.585,226.7994,0.022,0.0003,99.1768,216.0924,48.7281,-16.9092,0.0,0.0001,2.2899,-0.0006,6.1588,35.513,10.9503,27.1843,35.9481
266.0,535.0,11.0069,39.7991,94.2762,226.4066,0.0235,0.0003,99.1736,216.0925,48.7281,-16.9092,0.0,0.0001,2.2861,-0.001,6.1615,35.5118,10.9395,27.1853,35.9496
267.0,537.0,11.0045,39.7963,94.6234,226.3232,0.0221,0.0003,99.1864,216.0925,48.728,-16.9092,0.0,0.0001,2.2854,-0.0007,6.1602,35.5109,10.9369,27.1851,35.9495
268.0,539.0,10.9871,39.7793,98.689,225.5868,0.0229,0.0003,99.1797,216.0926,48.7281,-16.9092,0.0,0.0001,2.2788,-0.0011,6.163,35.5093,10.9192,27.1871,35.9522
269.0,541.0,10.9793,39.7709,64.2129,225.8105,0.0204,0.0003,99.1846,216.0926,48.728,-16.9092,0.0,0.0001,2.278,-0.0001,6.1627,35.5078,10.9112,27.1873,35.9528
270.0,543.0,10.9804,39.7722,94.5928,225.779,0.0229,0.0003,99.1873,216.0927,48.728,-16.9092,0.0,0.0001,2.2768,-0.0001,6.1646,35.507,10.912,27.1866,35.9521
271.0,545.0,10.9749,39.7678,97.0461,226.1306,0.0225,0.0003,99.193,216.0928,48.728,-16.9092,0.0,0.0001,2.2783,0.0,6.166,35.5073,10.9064,27.1878,35.9535
272.0,547.0,10.951,39.7416,98.6965,226.3457,0.0219,0.0003,99.1977,216.0928,48.728,-16.9092,0.0,0.0001,2.2778,0.0003,6.1694,35.5032,10.8823,27.189,35.9557
273.0,549.0,10.9394,39.7299,96.2487,226.0389,0.0198,0.0003,99.189,216.0929,48.728,-16.9092,0.0,0.0001,2.277,-0.0003,6.169,35.5018,10.8705,27.19,35.9573
274.0,551.0,10.9429,39.7344,76.322,225.4642,0.0239,0.0003,99.1904,216.0929,48.728,-16.9092,0.0,0.0001,2.2734,-0.0011,6.1702,35.5023,10.8737,27.1898,35.957
275.0,553.0,10.9402,39.7324,97.1763,226.156,0.0214,0.0003,99.1951,216.093,48.728,-16.9092,0.0,0.0001,2.2754,0.0002,6.1699,35.5018,10.8707,27.19,35.9573
276.0,555.0,10.9384,39.731,91.546,225.7094,0.023,0.0003,99.1929,216.093,48.728,-16.9092,0.0,0.0001,2.2729,-0.0006,6.1719,35.5012,10.8687,27.1899,35.9573
277.0,557.0,10.9244,39.7171,98.6923,225.9931,0.0196,0.0003,99.1944,216.0931,48.728,-16.9093,0.0,0.0001,2.2727,0.0001,6.1718,35.4998,10.8544,27.1914,35.9594
278.0,559.0,10.9297,39.7261,77.0904,224.5365,0.0183,0.0003,99.1917,216.0932,48.728,-16.9093,0.0,0.0001,2.2678,-0.0024,6.172,35.5028,10.8596,27.1928,35.9605
279.0,561.0,10.9249,39.7229,98.6253,224.9968,0.0216,0.0003,99.1734,216.0932,48.728,-16.9093,0.0,0.0001,2.2649,-0.0003,6.1733,35.5035,10.8545,27.1943,35.9622
280.0,563.0,10.9109,39.7091,77.7521,226.8183,0.0215,0.0003,99.1904,216.0933,48.728,-16.9093,0.0,0.0001,2.27,0.0029,6.1736,35.5021,10.8403,27.1958,35.9643
281.0,565.0,10.9075,39.7062,92.9105,226.4696,0.0188,0.0003,99.1985,216.0933,48.728,-16.9093,0.0,0.0001,2.2731,0.0004,6.1752,35.5017,10.8366,27.1961,35.9648
282.0,567.0,10.8977,39.6966,93.9079,228.1952,0.0174,0.0003,99.1884,216.0934,48.728,-16.9093,0.0,0.0001,2.2787,0.0029,6.177,35.5008,10.8266,27.1972,35.9663
283.0,569.0,10.8901,39.6898,92.8316,228.003,0.02,0.0003,99.1686,216.0934,48.728,-16.9093,0.0,0.0001,2.283,0.0008,6.1764,35.5003,10.8188,27.1982,35.9676
284.0,571.0,10.8904,39.6906,98.6904,227.5403,0.0212,0.0003,99.1998,216.0935,48.728,-16.9093,0.0,0.0001,2.2817,-0.0003,6.178,35.5001,10.8189,27.198,35.9674
285.0,573.0,10.8841,39.6849,67.4933,227.5079,0.0209,0.0003,99.176,216.0935,48.728,-16.9093,0.0,0.0001,2.281,-0.0004,6.1778,35.4997,10.8123,27.1989,35.9686
286.0,575.0,10.8836,39.6854,95.1541,227.8783,0.0199,0.0003,99.1893,216.0935,48.7281,-16.9093,0.0,0.0001,2.2827,0.0,6.1778,35.4997,10.8116,27.1991,35.9688
287.0,577.0,10.8822,39.6846,98.6967,227.5812,0.0226,0.0003,99.2049,216.0936,48.728,-16.9094,0.0,0.0001,2.2796,-0.0003,6.1784,35.4995,10.8099,27.1992,35.969
288.0,579.0,10.8787,39.6831,83.6802,228.0117,0.0222,0.0003,99.193,216.0936,48.728,-16.9094,0.0,0.0001,2.2816,0.0005,6.1775,35.5002,10.8061,27.2004,35.9704
289.0,581.0,10.8803,39.6849,96.2009,227.6875,0.0191,0.0003,99.1753,216.0937,48.7281,-16.9094,0.0,0.0001,2.281,-0.0006,6.1794,35.5,10.8075,27.2,35.9699
290.0,583.0,10.864,39.6672,98.68,227.4118,0.0157,0.0003,99.176,216.0937,48.7281,-16.9094,0.0,0.0001,2.2772,-0.0004,6.1805,35.4968,10.791,27.2005,35.9711
291.0,585.0,10.8497,39.6542,88.041,227.6573,0.0196,0.0003,99.1943,216.0938,48.7281,-16.9094,0.0,0.0001,2.2779,0.0,6.1806,35.4966,10.7764,27.203,35.9742
292.0,587.0,10.8501,39.6551,98.696,226.6114,0.0211,0.0003,99.2049,216.0938,48.7281,-16.9094,0.0,0.0001,2.2728,-0.0019,6.1844,35.4962,10.7767,27.2026,35.9738
293.0,589.0,10.8267,39.6324,98.698,225.0726,0.0212,0.0003,99.185,216.0939,48.7281,-16.9094,0.0,0.0001,2.2664,-0.0041,6.1833,35.4952,10.7531,27.2061,35.9783
294.0,591.0,10.8234,39.6296,92.3559,226.6693,0.0214,0.0003,99.1977,216.0939,48.7281,-16.9094,0.0,0.0001,2.2685,-0.0001,6.1835,35.4951,10.7496,27.2066,35.9789
295.0,593.0,10.8191,39.6259,98.6901,224.5375,0.0231,0.0003,99.2049,216.094,48.7281,-16.9094,0.0,0.0001,2.2609,-0.004,6.1868,35.4944,10.745,27.207,35.9795
296.0,595.0,10.8193,39.6277,88.8647,225.4253,0.0232,0.0003,99.1976,216.094,48.7281,-16.9094,0.0,0.0001,2.2576,-0.0003,6.1857,35.495,10.745,27.2074,35.9799
297.0,597.0,10.8173,39.6266,98.686,223.5276,0.021,0.0003,99.1941,216.0941,48.7281,-16.9094,0.0,0.0001,2.2505,-0.0039,6.189,35.495,10.7427,27.2078,35.9804
298.0,599.0,10.8011,39.6109,98.6843,223.9988,0.0242,0.0003,99.1856,216.0941,48.7281,-16.9094,0.0,0.0001,2.2473,-0.0013,6.1885,35.494,10.7262,27.21,35.9833
299.0,601.0,10.8,39.6109,98.6876,224.2061,0.0227,0.0003,99.1935,216.0941,48.7281,-16.9095,0.0,0.0001,2.2467,-0.0005,6.1888,35.4942,10.725,27.2104,35.9837
300.0,603.0,10.805,39.6167,98.689,223.4907,0.0226,0.0003,99.2049,216.0942,48.7281,-16.9095,0.0,0.0001,2.2425,-0.0015,6.1896,35.4942,10.7297,27.2096,35.9827
301.0,605.0,10.7976,39.6105,98.6884,223.9552,0.02,0.0003,99.1904,216.0943,48.7281,-16.9095,0.0,0.0001,2.2435,-0.0004,6.1892,35.4942,10.722,27.2109,35.9844
302.0,607.0,10.7936,39.6073,88.5269,223.9575,0.0209,0.0003,99.1934,216.0943,48.7281,-16.9095,0.0,0.0001,2.242,-0.0001,6.1893,35.4944,10.7179,27.2118,35.9854
303.0,609.0,10.7966,39.6109,98.68,222.3945,0.0237,0.0003,99.1904,216.0943,48.7281,-16.9095,0.0,0.0001,2.2363,-0.0027,6.1899,35.4941,10.7206,27.2111,35.9846
304.0,611.0,10.7905,39.6069,92.2945,222.7779,0.0215,0.0003,99.1819,216.0944,48.7281,-16.9095,0.0,0.0001,2.2328,-0.0005,6.1902,35.495,10.7142,27.2129,35.9867
305.0,613.0,10.7858,39.6024,94.9214,222.3197,0.0203,0.0003,99.2049,216.0944,48.7281,-16.9095,0.0,0.0001,2.2321,-0.0015,6.1905,35.4941,10.7093,27.2131,35.9871
306.0,615.0,10.7773,39.5931,97.2784,223.3718,0.0209,0.0003,99.2027,216.0945,48.7281,-16.9095,0.0,0.0001,2.2323,0.0005,6.1955,35.4923,10.7006,27.2133,35.9877
307.0,617.0,10.7436,39.5571,88.7948,225.9344,0.022,0.0003,99.2094,216.0945,48.7281,-16.9095,0.0,0.0001,2.2438,0.0035,6.1962,35.4877,10.6667,27.2158,35.9916
308.0,619.0,10.743,39.5575,98.6937,223.9444,0.018,0.0003,99.2091,216.0946,48.7281,-16.9095,0.0,0.0001,2.2393,-0.0015,6.1976,35.4879,10.666,27.2161,35.9919
309.0,621.0,10.7356,39.5501,98.6901,222.5027,0.02,0.0003,99.2129,216.0946,48.7281,-16.9095,0.0,0.0001,2.2308,-0.0022,6.1998,35.4868,10.6583,27.2166,35.9928
310.0,623.0,10.7224,39.5368,91.5074,223.1406,0.0203,0.0003,99.2045,216.0946,48.7281,-16.9095,0.0,0.0001,2.2301,-0.0002,6.1997,35.4852,10.6448,27.2177,35.9945
311.0,625.0,10.7189,39.5334,98.68,222.9306,0.0231,0.0003,99.1998,216.0947,48.7282,-16.9095,0.0,0.0001,2.2286,-0.0006,6.2022,35.4845,10.6411,27.2179,35.9948
312.0,627.0,10.7043,39.5191,89.5671,223.7497,0.0213,0.0003,99.2049,216.0947,48.7282,-16.9095,0.0,0.0001,2.2303,0.0007,6.2021,35.483,10.6264,27.2193,35.9969
313.0,629.0,10.7041,39.5193,93.4983,223.6482,0.0207,0.0003,99.1904,216.0948,48.7282,-16.9095,0.0,0.0001,2.2308,-0.0001,6.2051,35.4829,10.6259,27.2193,35.9969
314.0,631.0,10.6852,39.5012,98.6879,225.2849,0.0218,0.0003,99.2145,216.0948,48.7282,-16.9095,0.0,0.0001,2.2374,0.0022,6.2052,35.482,10.6068,27.2221,36.0004
315.0,633.0,10.6798,39.4964,98.6875,224.581,0.0225,0.0003,99.2187,216.0949,48.7282,-16.9095,0.0,0.0001,2.2379,-0.0003,6.2062,35.4815,10.6013,27.2227,36.0013
316.0,635.0,10.6688,39.4845,98.6875,224.1798,0.0217,0.0003,99.2077,216.0949,48.7282,-16.9095,0.0,0.0001,2.2341,-0.0007,6.21,35.4794,10.5901,27.223,36.0021
317.0,637.0,10.6501,39.4656,97.3617,223.6631,0.0239,0.0003,99.1933,216.095,48.7282,-16.9095,0.0,0.0001,2.2299,-0.0007,6.2088,35.4773,10.5711,27.2248,36.0047
318.0,639.0,10.648,39.4642,83.7666,223.4415,0.0216,0.0003,99.2079,216.095,48.7282,-16.9095,0.0,0.0001,2.2282,-0.0004,6.2072,35.4775,10.5689,27.2253,36.0053
319.0,641.0,10.6432,39.4594,98.6844,221.878,0.0207,0.0003,99.1962,216.095,48.7282,-16.9095,0.0,0.0001,2.2225,-0.0032,6.2088,35.4762,10.5638,27.2252,36.0054
320.0,643.0,10.6289,39.4458,94.7956,222.9021,0.0185,0.0003,99.1987,216.0951,48.7282,-16.9095,0.0,0.0001,2.2212,-0.0003,6.2119,35.4755,10.5493,27.2273,36.0081
321.0,645.0,10.6278,39.4461,98.6822,222.1679,0.018,0.0003,99.2087,216.0951,48.7282,-16.9095,0.0,0.0001,2.2167,-0.0013,6.2159,35.4759,10.548,27.2278,36.0087
322.0,647.0,10.6103,39.4289,90.6603,222.2066,0.0209,0.0003,99.2076,216.0952,48.7282,-16.9095,0.0,0.0001,2.2144,-0.0004,6.2152,35.4745,10.5302,27.2299,36.0115
323.0,649.0,10.6017,39.4206,98.6722,221.0153,0.1472,0.0003,99.2145,216.0952,48.7282,-16.9095,0.0,0.0001,2.209,-0.002,6.2167,35.4738,10.5215,27.2308,36.0128
324.0,651.0,10.5911,39.41,98.681,221.1752,0.0381,0.0003,99.2272,216.0953,48.7282,-16.9095,0.0,0.0001,2.2062,-0.0008,6.2193,35.4726,10.5106,27.2318,36.0143
325.0,653.0,10.573,39.3913,86.3704,221.2536,0.0224,0.0003,99.2138,216.0953,48.7283,-16.9095,0.0,0.0001,2.2027,-0.0003,6.2233,35.4702,10.4924,27.2332,36.0165
326.0,655.0,10.5496,39.3662,97.2558,220.6288,0.0206,0.0003,99.2123,216.0954,48.7283,-16.9095,0.0,0.0001,2.1995,-0.0007,6.2234,35.4667,10.4688,27.2347,36.019
327.0,657.0,10.5468,39.3624,98.4714,219.7992,0.0207,0.0003,99.2049,216.0954,48.7283,-16.9095,0.0,0.0001,2.1953,-0.0019,6.2259,35.4651,10.4658,27.2339,36.0184
328.0,659.0,10.5262,39.3433,98.68,218.6582,0.021,0.0003,99.2092,216.0955,48.7283,-16.9095,0.0,0.0001,2.1868,-0.0021,6.2264,35.4645,10.445,27.2372,36.0225
329.0,661.0,10.5246,39.343,86.3369,216.9803,0.0184,0.0003,99.2241,216.0955,48.7283,-16.9095,0.0,0.0001,2.1754,-0.0027,6.2271,35.4648,10.4431,27.2377,36.0231
330.0,663.0,10.5286,39.348,95.443,215.9308,0.0195,0.0003,99.2049,216.0956,48.7283,-16.9095,0.0,0.0001,2.1672,-0.0031,6.2273,35.4653,10.4469,27.2374,36.0226
331.0,665.0,10.5239,39.3452,98.4896,214.9003,0.0235,0.0003,99.2173,216.0956,48.7283,-16.9095,0.0,0.0001,2.1565,-0.0025,6.2306,35.4662,10.442,27.239,36.0244
332.0,667.0,10.4998,39.3192,98.6854,214.6641,0.0224,0.0003,99.2337,216.0956,48.7283,-16.9095,0.0,0.0001,2.1515,-0.0015,6.2304,35.4623,10.4178,27.2402,36.0267
333.0,669.0,10.4908,39.3104,87.8745,215.4641,0.0213,0.0003,99.2101,216.0957,48.7283,-16.9095,0.0,0.0001,2.1523,0.0002,6.2321,35.4613,10.4085,27.2411,36.028
334.0,671.0,10.4947,39.3165,95.9929,213.4658,0.0209,0.0003,99.2198,216.0957,48.7283,-16.9095,0.0,0.0001,2.1456,-0.003,6.2317,35.4628,10.4121,27.2416,36.0283
335.0,673.0,10.4978,39.3238,98.68,208.5904,0.0231,0.0003,99.2337,216.0958,48.7283,-16.9095,0.0,0.0001,2.1231,-0.0088,6.2348,35.4661,10.415,27.2437,36.0303
336.0,675.0,10.4756,39.3008,98.68,208.1466,0.0217,0.0003,99.2337,216.0958,48.7283,-16.9095,0.0,0.0001,2.1091,-0.0052,6.2325,35.4636,10.3926,27.2457,36.0333
337.0,677.0,10.4743,39.2998,81.9141,209.7132,0.0246,0.0003,99.2324,216.0958,48.7283,-16.9095,0.0,0.0001,2.1083,-0.0007,6.2364,35.4631,10.3911,27.2456,36.0332
338.0,679.0,10.4578,39.2836,98.68,205.7624,0.0199,0.0003,99.2257,216.0959,48.7283,-16.9095,0.0,0.0001,2.0896,-0.0055,6.2388,35.4619,10.3744,27.2476,36.0359
339.0,681.0,10.4447,39.2702,98.68,205.3254,0.0223,0.0003,99.2308,216.0959,48.7283,-16.9095,0.0,0.0001,2.0821,-0.004,6.2383,35.4603,10.3611,27.2487,36.0375
340.0,683.0,10.4375,39.2634,95.7442,206.5516,0.0214,0.0003,99.2076,216.096,48.7283,-16.9095,0.0,0.0001,2.081,-0.0004,6.2398,35.4595,10.3537,27.2493,36.0385
341.0,685.0,10.434,39.2619,98.68,205.2122,0.0226,0.0003,99.2337,216.096,48.7283,-16.9095,0.0,0.0001,2.0765,-0.0029,6.2426,35.4603,10.3499,27.2506,36.04
342.0,687.0,10.3924,39.2159,98.68,205.7105,0.0195,0.0003,99.2171,216.096,48.7283,-16.9095,0.0,0.0001,2.0749,-0.0009,6.2412,35.4532,10.3083,27.2524,36.0436
343.0,689.0,10.4139,39.2395,93.0518,205.4739,0.0192,0.0003,99.2237,216.0961,48.7283,-16.9095,0.0,0.0001,2.0717,-0.0013,6.2493,35.4555,10.3295,27.2505,36.0407
344.0,691.0,10.3523,39.1725,98.749,203.2121,0.0213,0.0003,99.2156,216.0961,48.7283,-16.9095,0.0,0.0001,2.06,-0.0037,6.2539,35.4466,10.2679,27.2543,36.0473
345.0,693.0,10.3315,39.1516,95.9181,202.074,0.024,0.0003,99.2049,216.0961,48.7283,-16.9095,0.0,0.0001,2.0523,-0.004,6.2509,35.4445,10.247,27.2564,36.0502
346.0,695.0,10.3302,39.1504,96.2977,203.9493,0.0216,0.0003,99.2099,216.0962,48.7283,-16.9095,0.0,0.0001,2.0532,0.0003,6.2554,35.4439,10.2455,27.2562,36.0501
347.0,697.0,10.3142,39.1327,94.37,200.5648,0.0244,0.0003,99.2175,216.0962,48.7283,-16.9095,0.0,0.0001,2.0425,-0.0053,6.2549,35.4408,10.2293,27.2565,36.0512
348.0,699.0,10.2655,39.0828,98.68,200.9501,0.0227,0.0003,99.2228,216.0963,48.7283,-16.9095,0.0,0.0001,2.0352,-0.0026,6.2679,35.4366,10.1806,27.2618,36.0585
349.0,701.0,10.2206,39.0334,98.68,198.641,0.0254,0.0003,99.2175,216.0963,48.7283,-16.9095,0.0,0.0001,2.0217,-0.0043,6.2687,35.429,10.1356,27.2636,36.0624
350.0,703.0,10.2231,39.0389,93.6242,199.8392,0.0222,0.0003,99.2296,216.0964,48.7283,-16.9095,0.0,0.0001,2.0192,-0.0002,6.2683,35.4313,10.1378,27.265,36.0637
351.0,705.0,10.2298,39.047,98.68,198.3168,0.0175,0.0003,99.22,216.0964,48.7283,-16.9095,0.0,0.0001,2.0144,-0.004,6.2861,35.4323,10.1443,27.2647,36.0631
352.0,707.0,10.1845,38.9966,98.68,197.9275,0.0185,0.0003,99.2307,216.0964,48.7283,-16.9095,0.0,0.0001,2.0102,-0.0032,6.2746,35.4241,10.0989,27.2662,36.0666
353.0,709.0,10.1189,38.9241,96.913,199.3248,0.0207,0.0003,99.2145,216.0965,48.7283,-16.9095,0.0,0.0001,2.0119,-0.0003,6.2803,35.4133,10.0335,27.2691,36.0724
354.0,711.0,10.0957,38.8983,77.2164,199.9088,0.0221,0.0003,99.2012,216.0965,48.7283,-16.9095,0.0,0.0001,2.0137,0.0007,6.2792,35.4091,10.0102,27.2698,36.0741
355.0,713.0,10.1224,38.9256,98.68,201.2636,0.024,0.0003,99.2214,216.0965,48.7283,-16.9094,0.0,0.0001,2.0159,0.0031,6.2863,35.4099,10.0365,27.2659,36.0691
356.0,715.0,10.0559,38.8558,98.6081,202.0225,0.0235,0.0003,99.2105,216.0966,48.7283,-16.9094,0.0,0.0001,2.0249,0.0015,6.2844,35.4024,9.97,27.2715,36.0776
357.0,717.0,10.083,38.8885,84.9425,202.8689,0.0241,0.0003,99.2118,216.0966,48.7283,-16.9095,0.0,0.0001,2.0266,0.0023,6.2931,35.4085,9.9967,27.2717,36.0765
358.0,719.0,10.048,38.8515,90.1071,203.0718,0.025,0.0003,99.2198,216.0967,48.7283,-16.9094,0.0,0.0001,2.0295,0.001,6.2992,35.4042,9.9617,27.2743,36.0807
359.0,721.0,10.0177,38.8185,97.474,201.337,0.0236,0.0003,99.2241,216.0967,48.7283,-16.9094,0.0,0.0001,2.0264,-0.0023,6.3007,35.3991,9.9313,27.2756,36.0834
360.0,723.0,9.9991,38.7985,98.2927,200.4765,0.0209,0.0003,99.2279,216.0967,48.7283,-16.9094,0.0,0.0001,2.0188,-0.0023,6.3032,35.3961,9.9126,27.2764,36.085
361.0,725.0,9.9673,38.7637,94.3769,200.4054,0.0222,0.0003,99.2358,216.0968,48.7283,-16.9095,0.0,0.0001,2.0141,-0.001,6.3059,35.3904,9.8807,27.2774,36.0875
362.0,727.0,9.9653,38.7644,98.68,199.9637,0.0228,0.0003,99.2366,216.0968,48.7283,-16.9094,0.0,0.0001,2.0105,-0.0011,6.3035,35.3921,9.8784,27.2792,36.0893
363.0,729.0,9.9927,38.8011,90.645,196.6076,0.0227,0.0003,99.2337,216.0969,48.7283,-16.9095,0.0,0.0001,1.9967,-0.0051,6.302,35.4021,9.9054,27.2823,36.0912
364.0,731.0,10.0004,38.8121,98.7703,195.3221,0.0248,0.0003,99.2294,216.0969,48.7283,-16.9095,0.0,0.0001,1.9852,-0.0046,6.3028,35.4049,9.9129,27.2832,36.0917
365.0,733.0,10.0009,38.8142,98.1327,196.1273,0.0232,0.0003,99.2335,216.0969,48.7283,-16.9095,0.0,0.0001,1.9808,-0.0012,6.3029,35.4058,9.9131,27.2839,36.0923
366.0,735.0,9.9904,38.806,98.68,193.9122,0.0228,0.0003,99.2337,216.097,48.7283,-16.9095,0.0,0.0001,1.9719,-0.0042,6.3031,35.4065,9.9024,27.2863,36.0952
367.0,737.0,9.9786,38.7952,83.2757,194.315,0.0215,0.0003,99.2412,216.097,48.7283,-16.9095,0.0,0.0001,1.9679,-0.0018,6.3053,35.4062,9.8904,27.2882,36.0976
368.0,739.0,9.9541,38.7714,96.4985,193.359,0.022,0.0003,99.2576,216.0971,48.7283,-16.9095,0.0,0.0001,1.9583,-0.0015,6.3102,35.405,9.8658,27.2914,36.1018
369.0,741.0,9.9207,38.735,98.68,191.6861,0.0233,0.0003,99.2393,216.0971,48.7283,-16.9095,0.0,0.0001,1.9514,-0.004,6.3147,35.3995,9.8324,27.2928,36.1048
370.0,743.0,9.8806,38.695,98.68,192.2309,0.0222,0.0003,99.2337,216.0971,48.7283,-16.9095,0.0,0.0001,1.9472,-0.0011,6.3146,35.3967,9.7922,27.2975,36.1112
371.0,745.0,9.8826,38.6982,98.68,192.2518,0.0218,0.0003,99.2361,216.0972,48.7283,-16.9095,0.0,0.0001,1.9463,-0.0007,6.3136,35.3974,9.794,27.2977,36.1113
372.0,747.0,9.8679,38.6861,85.3945,193.1663,0.0221,0.0003,99.2312,216.0972,48.7283,-16.9095,0.0,0.0001,1.9471,0.0004,6.326,35.398,9.779,27.3007,36.115
373.0,749.0,9.8389,38.6542,96.9795,190.2073,0.0251,0.0003,99.2497,216.0972,48.7283,-16.9095,0.0,0.0001,1.9373,-0.0046,6.3338,35.393,9.75,27.3017,36.1173
374.0,751.0,9.7778,38.5898,96.9065,188.9888,0.0249,0.0003,99.2591,216.0973,48.7283,-16.9095,0.0,0.0001,1.9282,-0.004,6.3287,35.3859,9.689,27.3065,36.1247
375.0,753.0,9.766,38.5783,94.7367,190.4193,0.025,0.0003,99.2462,216.0973,48.7283,-16.9095,0.0,0.0001,1.9243,-0.0005,6.3422,35.385,9.677,27.3078,36.1266
376.0,755.0,9.6799,38.4851,98.68,188.6757,0.0242,0.0003,99.2573,216.0974,48.7283,-16.9095,0.0,0.0001,1.918,-0.0027,6.341,35.3723,9.5912,27.3124,36.135
377.0,757.0,9.6543,38.4607,98.68,188.9946,0.0225,0.0003,99.2557,216.0974,48.7283,-16.9095,0.0,0.0001,1.9129,-0.0014,6.3555,35.3714,9.5654,27.3159,36.1397
378.0,759.0,9.5991,38.4015,90.0133,188.286,0.0229,0.0003,99.2472,216.0974,48.7283,-16.9095,0.0,0.0001,1.9068,-0.0013,6.3579,35.3635,9.5103,27.319,36.1452
379.0,761.0,9.596,38.4008,98.6431,187.1574,0.0246,0.0003,99.2473,216.0975,48.7283,-16.9095,0.0,0.0001,1.9019,-0.0025,6.3635,35.3652,9.507,27.3209,36.1472
380.0,763.0,9.5314,38.3343,98.6805,186.6916,0.027,0.0003,99.2626,216.0975,48.7283,-16.9095,0.0,0.0001,1.895,-0.0021,6.3675,35.3589,9.4424,27.3267,36.1559
381.0,765.0,9.5275,38.3319,98.68,186.3577,0.0216,0.0003,99.2666,216.0976,48.7283,-16.9095,0.0,0.0001,1.8899,-0.0017,6.3739,35.3594,9.4384,27.3278,36.1571
382.0,767.0,9.4833,38.2868,77.5189,185.0471,0.0201,0.0003,99.2825,216.0976,48.7283,-16.9095,0.0,0.0001,1.8823,-0.0029,6.3842,35.3553,9.3942,27.332,36.1633
383.0,769.0,9.4117,38.2132,98.7187,186.1619,0.0198,0.0003,99.2819,216.0976,48.7283,-16.9095,0.0,0.0001,1.8803,0.0002,6.3814,35.3485,9.3227,27.3384,36.1729
384.0,771.0,9.413,38.2153,98.5938,186.1624,0.0218,0.0003,99.2626,216.0977,48.7283,-16.9095,0.0,0.0001,1.8805,-0.0001,6.384,35.349,9.3239,27.3386,36.1731
385.0,773.0,9.366,38.1643,98.68,185.8647,0.0194,0.0003,99.2784,216.0977,48.7283,-16.9095,0.0,0.0001,1.8783,-0.0006,6.391,35.3412,9.2768,27.3403,36.1768
386.0,775.0,9.3803,38.1874,87.5637,185.0733,0.0203,0.0003,99.2886,216.0977,48.7283,-16.9095,0.0,0.0001,1.8745,-0.0014,6.3903,35.35,9.2908,27.3449,36.1807
387.0,777.0,9.3963,38.2128,91.2588,184.761,0.0239,0.0003,99.2745,216.0978,48.7283,-16.9095,0.0,0.0001,1.871,-0.0011,6.3896,35.3598,9.3065,27.35,36.185
388.0,779.0,9.3719,38.1891,98.68,184.3021,0.0239,0.0003,99.2745,216.0978,48.7283,-16.9095,0.0,0.0001,1.867,-0.0011,6.3957,35.3583,9.2819,27.3528,36.1889
389.0,781.0,9.3389,38.1533,98.68,183.6324,0.0204,0.0003,99.2915,216.0979,48.7283,-16.9095,0.0,0.0001,1.862,-0.0017,6.3972,35.3529,9.2489,27.354,36.1916
390.0,783.0,9.3294,38.1495,76.1406,184.6537,0.0235,0.0003,99.293,216.0979,48.7283,-16.9095,0.0,0.0001,1.8621,0.0004,6.3967,35.3571,9.2392,27.3589,36.1969
391.0,785.0,9.3406,38.162,97.8637,184.4472,0.0245,0.0003,99.309,216.098,48.7283,-16.9095,0.0,0.0001,1.8623,-0.0003,6.4,35.3583,9.2501,27.3581,36.1956
392.0,787.0,9.3073,38.1291,98.68,184.7572,0.0233,0.0003,99.3204,216.098,48.7283,-16.9095,0.0,0.0001,1.862,0.0001,6.4053,35.356,9.2167,27.3617,36.2007
393.0,789.0,9.2692,38.0885,98.68,185.6151,0.0217,0.0003,99.3047,216.098,48.7283,-16.9095,0.0,0.0001,1.8664,0.001,6.4057,35.3506,9.1786,27.3637,36.2044
394.0,791.0,9.2281,38.0443,87.0541,185.2004,0.0201,0.0003,99.315,216.0981,48.7283,-16.9095,0.0,0.0001,1.8651,-0.0003,6.4147,35.3443,9.1376,27.3655,36.2081
395.0,793.0,9.2019,38.0164,98.68,186.5244,0.0188,0.0003,99.3074,216.0981,48.7283,-16.9095,0.0,0.0001,1.8689,0.0013,6.4159,35.3399,9.1112,27.3664,36.2102
396.0,795.0,9.205,38.0221,98.68,186.35,0.0248,0.0003,99.3004,216.0981,48.7283,-16.9095,0.0,0.0001,1.871,0.0004,6.415,35.3422,9.1141,27.3677,36.2113
397.0,797.0,9.2091,38.0312,79.5922,186.6874,0.0205,0.0003,99.3204,216.0982,48.7283,-16.9095,0.0,0.0001,1.8721,0.0004,6.4191,35.3467,9.1179,27.3706,36.214
398.0,799.0,9.1791,38.0011,97.6127,186.985,0.0219,0.0003,99.3155,216.0982,48.7283,-16.9095,0.0,0.0001,1.8738,0.0005,6.4191,35.3439,9.0879,27.3733,36.2181
399.0,801.0,9.1637,37.9866,90.2166,186.8359,0.0226,0.0003,99.3082,216.0983,48.7283,-16.9095,0.0,0.0001,1.8738,-0.0003,6.4243,35.3431,9.0723,27.3752,36.2206
400.0,803.0,9.1485,37.9713,98.6994,186.7845,0.0229,0.0003,99.3161,216.0983,48.7283,-16.9095,0.0,0.0001,1.8718,-0.0004,6.4301,35.3414,9.057,27.3764,36.2225
401.0,805.0,9.1064,37.9267,98.68,187.1904,0.0221,0.0003,99.3173,216.0983,48.7282,-16.9095,0.0,0.0001,1.873,0.0004,6.4286,35.3355,9.0149,27.3786,36.2266
402.0,807.0,9.102,37.924,98.68,187.105,0.0249,0.0003,99.2978,216.0984,48.7283,-16.9095,0.0,0.0001,1.8733,0.0,6.4263,35.336,9.0103,27.3798,36.228
403.0,809.0,9.1865,38.0267,87.9501,185.8721,0.0246,0.0003,99.3059,216.0984,48.7283,-16.9095,0.0,0.0001,1.868,-0.0024,6.4424,35.3586,9.094,27.3839,36.2281
404.0,811.0,9.0616,37.8877,98.68,184.3214,0.0241,0.0003,99.3204,216.0984,48.7282,-16.9095,0.0,0.0001,1.8645,-0.0042,6.4613,35.3362,8.9696,27.3865,36.2365
405.0,813.0,8.9051,37.7074,98.68,186.4639,0.0248,0.0003,99.3204,216.0985,48.7282,-16.9095,0.0,0.0001,1.861,0.001,6.4441,35.3016,8.8139,27.3844,36.2417
406.0,815.0,8.9041,37.71,82.9252,186.571,0.0236,0.0003,99.3204,216.0985,48.7282,-16.9095,0.0,0.0001,1.8651,-0.0001,6.4455,35.3046,8.8127,27.3869,36.2442
407.0,817.0,8.9088,37.7185,98.68,186.9139,0.0221,0.0003,99.3204,216.0985,48.7282,-16.9095,0.0,0.0001,1.8623,0.0007,6.4546,35.3077,8.8171,27.3886,36.2457
408.0,819.0,8.9588,37.7853,98.68,186.9279,0.0242,0.0003,99.3204,216.0986,48.7282,-16.9095,0.0,0.0001,1.8638,0.0006,6.4501,35.3273,8.8665,27.3961,36.2507
409.0,821.0,8.9771,37.8086,98.6014,185.6151,0.0221,0.0003,99.3183,216.0986,48.7282,-16.9095,0.0,0.0001,1.86,-0.0015,6.4502,35.3326,8.8844,27.3974,36.2511
410.0,823.0,9.0002,37.8377,98.6694,185.7589,0.0251,0.0003,99.314,216.0987,48.7282,-16.9095,0.0,0.0001,1.8581,-0.0002,6.4378,35.3393,8.9073,27.3989,36.2516
411.0,825.0,9.0863,37.9478,98.68,182.4944,0.0263,0.0003,99.3204,216.0987,48.7282,-16.9095,0.0,0.0001,1.8486,-0.0049,6.4395,35.3679,8.9925,27.4076,36.2561
412.0,827.0,9.0396,37.8977,38.0358,182.9384,0.0206,0.0003,99.3204,216.0987,48.7282,-16.9095,0.0,0.0001,1.8443,-0.0026,6.4388,35.3611,8.9458,27.4098,36.2604
413.0,829.0,9.0413,37.9003,97.253,184.2147,0.0224,0.0003,99.3219,216.0987,48.7282,-16.9096,0.0,0.0001,1.8451,0.0003,6.4372,35.3613,8.9473,27.4097,36.2603
414.0,831.0,9.0677,37.9327,98.462,183.3196,0.0261,0.0003,99.3117,216.0988,48.7282,-16.9096,0.0,0.0001,1.8423,-0.0015,6.4356,35.3681,8.9733,27.4109,36.2602
415.0,833.0,9.0786,37.9552,98.68,181.8268,0.0244,0.0003,99.328,216.0988,48.7282,-16.9096,0.0,0.0001,1.84,-0.0035,6.4345,35.3799,8.9839,27.4184,36.2671
416.0,835.0,9.0538,37.9319,90.4246,183.115,0.022,0.0003,99.3214,216.0989,48.7282,-16.9096,0.0,0.0001,1.8378,-0.0002,6.437,35.3788,8.959,27.4216,36.2714
417.0,837.0,9.0545,37.9304,94.9957,182.8899,0.0254,0.0003,99.3101,216.0989,48.7282,-16.9096,0.0,0.0001,1.8368,-0.0009,6.4395,35.3759,8.9594,27.4192,36.269
418.0,839.0,9.0401,37.9211,91.989,182.1635,0.0242,0.0003,99.328,216.0989,48.7282,-16.9096,0.0,0.0001,1.8345,-0.0019,6.4403,35.3794,8.9449,27.4243,36.2747
419.0,841.0,9.0315,37.9124,98.68,182.2321,0.026,0.0003,99.3234,216.0989,48.7282,-16.9096,0.0,0.0001,1.8334,-0.0012,6.438,35.378,8.9361,27.4246,36.2755
420.0,843.0,8.9992,37.8797,88.3949,182.9766,0.0242,0.0003,99.3022,216.099,48.7282,-16.9096,0.0,0.0001,1.8337,0.0002,6.4401,35.3751,8.9038,27.4275,36.2798
421.0,845.0,9.0062,37.891,88.1631,182.625,0.0259,0.0003,99.3148,216.099,48.7282,-16.9096,0.0,0.0001,1.8321,-0.0006,6.445,35.3789,8.9105,27.4295,36.2814
422.0,847.0,8.9966,37.8835,96.7203,182.3342,0.0245,0.0003,99.3204,216.0991,48.7282,-16.9096,0.0,0.0001,1.8307,-0.0008,6.4458,35.3799,8.9007,27.4318,36.2842
423.0,849.0,8.9864,37.8745,98.68,182.4791,0.0223,0.0003,99.3088,216.0991,48.7282,-16.9096,0.0,0.0001,1.8296,-0.0003,6.4444,35.3792,8.8903,27.433,36.2858
424.0,851.0,8.9863,37.8754,98.68,182.4887,0.0219,0.0003,99.3019,216.0991,48.7282,-16.9096,0.0,0.0001,1.8292,-0.0002,6.4445,35.3797,8.89,27.4334,36.2862
425.0,853.0,8.9871,37.8803,78.0875,182.6064,0.0235,0.0003,99.3101,216.0992,48.7282,-16.9096,0.0,0.0001,1.8282,0.0,6.4456,35.3829,8.8905,27.4358,36.2886
426.0,855.0,8.9843,37.8804,98.6795,182.6826,0.0211,0.0003,99.3141,216.0992,48.7282,-16.9096,0.0,0.0001,1.8289,0.0002,6.4434,35.3848,8.8875,27.4378,36.2906
427.0,857.0,8.9813,37.8764,98.68,182.5793,0.0234,0.0003,99.3018,216.0992,48.7282,-16.9096,0.0,0.0001,1.8278,-0.0004,6.4514,35.3831,8.8844,27.437,36.29
428.0,859.0,8.9205,37.8204,98.68,182.2578,0.0209,0.0003,99.3022,216.0993,48.7282,-16.9096,0.0,0.0001,1.8254,-0.0007,6.453,35.3835,8.8237,27.447,36.3026
429.0,861.0,8.8721,37.7713,78.3783,182.9715,0.0218,0.0003,99.3,216.0993,48.7282,-16.9096,0.0,0.0001,1.826,0.0002,6.4631,35.3791,8.7753,27.4513,36.3091
430.0,863.0,8.8817,37.7805,95.8522,182.9173,0.0228,0.0003,99.2939,216.0993,48.7282,-16.9096,0.0,0.0001,1.8261,0.0,6.4643,35.3785,8.7847,27.4493,36.3068
431.0,865.0,8.8661,37.7728,98.68,183.0022,0.0231,0.0003,99.297,216.0994,48.7282,-16.9096,0.0,0.0001,1.8266,0.0,6.4622,35.3848,8.7689,27.4568,36.3148
432.0,867.0,8.8771,37.7892,82.3658,182.885,0.0226,0.0003,99.3045,216.0994,48.7282,-16.9096,0.0,0.0001,1.8254,-0.0003,6.4655,35.3904,8.7796,27.4594,36.3169
433.0,869.0,8.8545,37.7661,98.68,182.4093,0.0223,0.0003,99.2915,216.0994,48.7282,-16.9096,0.0,0.0001,1.8235,-0.0009,6.4674,35.3876,8.7568,27.4609,36.3194
434.0,871.0,8.8254,37.7384,98.68,183.1087,0.0225,0.0003,99.2889,216.0995,48.7282,-16.9096,0.0,0.0001,1.8248,0.0003,6.4672,35.3861,8.7277,27.4643,36.3242
435.0,873.0,8.8291,37.7405,72.6862,182.7384,0.0233,0.0003,99.2775,216.0995,48.7282,-16.9096,0.0,0.0001,1.823,-0.0008,6.4741,35.3841,8.7312,27.4622,36.3219
436.0,875.0,8.7976,37.7145,98.68,182.682,0.0217,0.0003,99.2915,216.0995,48.7282,-16.9096,0.0,0.0001,1.8223,-0.0005,6.4735,35.387,8.6996,27.4695,36.3306
437.0,877.0,8.7852,37.7034,98.68,183.1301,0.0221,0.0003,99.2915,216.0996,48.7282,-16.9097,0.0,0.0001,1.823,0.0005,6.4697,35.3868,8.6871,27.4713,36.3329
438.0,879.0,8.7763,37.6947,83.1986,183.3359,0.0227,0.0003,99.2589,216.0996,48.7282,-16.9097,0.0,0.0001,1.8244,0.0,6.474,35.3859,8.6781,27.472,36.3341
439.0,881.0,8.7709,37.6903,98.6791,182.5496,0.0221,0.0003,99.2855,216.0996,48.7282,-16.9097,0.0,0.0001,1.8218,-0.0012,6.4752,35.3857,8.6725,27.4728,36.335
440.0,883.0,8.7256,37.6483,98.68,183.6496,0.0227,0.0003,99.2866,216.0997,48.7282,-16.9097,0.0,0.0001,1.823,0.0004,6.4837,35.3855,8.6271,27.4798,36.3441
441.0,885.0,8.7103,37.6353,98.6588,183.6002,0.0226,0.0003,99.2863,216.0997,48.7282,-16.9097,0.0,0.0001,1.8241,0.0002,6.4784,35.386,8.6117,27.4826,36.3476
442.0,887.0,8.71,37.6365,98.6697,182.6953,0.0241,0.0003,99.2915,216.0998,48.7282,-16.9097,0.0,0.0001,1.8205,-0.0014,6.4879,35.3866,8.6112,27.4832,36.3482
443.0,889.0,8.6948,37.6234,98.68,183.5275,0.025,0.0003,99.2915,216.0998,48.7282,-16.9097,0.0,0.0001,1.8206,0.0004,6.4869,35.3869,8.5958,27.4859,36.3515
444.0,891.0,8.6942,37.6284,89.5484,183.841,0.0208,0.0003,99.2772,216.0998,48.7282,-16.9097,0.0,0.0001,1.8233,0.0005,6.4838,35.3918,8.595,27.4898,36.3554
445.0,893.0,8.7099,37.6483,92.0111,183.1438,0.0233,0.0003,99.2734,216.0999,48.7282,-16.9097,0.0,0.0001,1.8217,-0.0008,6.4833,35.3963,8.6103,27.4909,36.3558
446.0,895.0,8.7231,37.6703,98.68,183.519,0.0256,0.0003,99.2709,216.0999,48.7281,-16.9097,0.0,0.0001,1.8217,-0.0001,6.4837,35.4055,8.6233,27.4961,36.3602
447.0,897.0,8.7182,37.6693,98.5725,183.7456,0.0229,0.0003,99.2703,216.0999,48.7282,-16.9097,0.0,0.0001,1.8221,0.0001,6.4859,35.4084,8.6182,27.4992,36.3635
448.0,899.0,8.7008,37.6502,98.68,183.6524,0.0194,0.0003,99.2704,216.1,48.7282,-16.9097,0.0,0.0001,1.8215,-0.0002,6.4903,35.4046,8.6007,27.499,36.3642
449.0,901.0,8.6741,37.6275,98.68,183.9497,0.0176,0.0003,99.2766,216.1,48.7281,-16.9097,0.0,0.0001,1.8217,0.0002,6.4922,35.4064,8.5738,27.5046,36.371
450.0,903.0,8.6424,37.5932,84.1566,184.0419,0.0213,0.0003,99.2672,216.1,48.7281,-16.9097,0.0,0.0001,1.822,-0.0002,6.4991,35.4009,8.5422,27.5053,36.3731
451.0,905.0,8.5898,37.5368,98.68,183.9392,0.0204,0.0003,99.271,216.1001,48.7281,-16.9097,0.0,0.0001,1.8195,-0.0007,6.5144,35.3929,8.4897,27.5072,36.3775
452.0,907.0,8.512,37.452,98.68,184.9372,0.022,0.0003,99.276,216.1001,48.7281,-16.9097,0.0,0.0001,1.8222,0.0013,6.5061,35.3798,8.4121,27.509,36.3829
453.0,909.0,8.4681,37.4083,90.9918,185.2375,0.0262,0.0003,99.2533,216.1001,48.7281,-16.9097,0.0,0.0001,1.824,0.0003,6.5218,35.3765,8.3682,27.5133,36.3891
454.0,911.0,8.4832,37.4204,98.68,185.5426,0.0204,0.0003,99.2646,216.1002,48.7281,-16.9097,0.0,0.0001,1.8236,0.0001,6.5363,35.3736,8.3831,27.5087,36.3839
455.0,913.0,8.3717,37.3023,98.68,185.8939,0.0231,0.0003,99.2626,216.1002,48.7281,-16.9097,0.0,0.0001,1.8248,0.0006,6.5345,35.3589,8.2722,27.5144,36.3948
456.0,915.0,8.3769,37.3114,98.68,186.036,0.023,0.0003,99.2727,216.1002,48.7281,-16.9097,0.0,0.0001,1.826,0.0007,6.531,35.3624,8.2771,27.5163,36.3964
457.0,917.0,8.3751,37.3113,89.2293,186.0588,0.0223,0.0003,99.2702,216.1003,48.7281,-16.9097,0.0,0.0001,1.8269,0.0,6.5366,35.3631,8.275,27.5172,36.3974
458.0,919.0,8.3509,37.2847,98.68,185.7223,0.0232,0.0003,99.2692,216.1003,48.7281,-16.9097,0.0,0.0001,1.8248,-0.0007,6.5448,35.3578,8.2508,27.5168,36.3981
459.0,921.0,8.3216,37.2537,98.68,186.3606,0.0228,0.0003,99.2688,216.1003,48.7281,-16.9098,0.0,0.0001,1.826,0.0005,6.5395,35.3534,8.2215,27.5178,36.4006
460.0,923.0,8.297,37.2298,87.1936,186.6449,0.0209,0.0003,99.2121,216.1004,48.7281,-16.9098,0.0,0.0001,1.8282,0.0002,6.5444,35.3518,8.1968,27.5203,36.4042
461.0,925.0,8.282,37.2149,94.7795,186.3948,0.0225,0.0003,99.2626,216.1004,48.7281,-16.9098,0.0,0.0001,1.8279,-0.0002,6.546,35.3501,8.1817,27.5213,36.4059
462.0,927.0,8.2784,37.2163,98.68,186.7109,0.0233,0.0003,99.2769,216.1004,48.7281,-16.9098,0.0,0.0001,1.8275,0.0002,6.5472,35.3543,8.1779,27.5252,36.4099
463.0,929.0,8.3072,37.2507,98.68,186.8268,0.0236,0.0003,99.2569,216.1005,48.7281,-16.9098,0.0,0.0001,1.8278,0.0,6.5471,35.3612,8.2062,27.5263,36.4096
464.0,931.0,8.2931,37.2374,98.68,186.536,0.0251,0.0003,99.2743,216.1005,48.7281,-16.9098,0.0,0.0001,1.8266,-0.0004,6.5503,35.3601,8.192,27.5276,36.4116
465.0,933.0,8.2884,37.2359,98.68,186.3315,0.0219,0.0003,99.2626,216.1005,48.7281,-16.9098,0.0,0.0001,1.8256,-0.0005,6.5481,35.362,8.1871,27.5299,36.414
466.0,935.0,8.2118,37.1548,90.1267,187.0883,0.02,0.0003,99.259,216.1006,48.7281,-16.9098,0.0,0.0001,1.8263,0.0,6.5632,35.3515,8.1107,27.5333,36.421
467.0,937.0,8.1687,37.1086,87.9435,187.805,0.0217,0.0003,99.2662,216.1006,48.7281,-16.9098,0.0,0.0001,1.8272,0.0009,6.5694,35.3446,8.0677,27.5344,36.4241
468.0,939.0,8.1539,37.0933,98.017,187.7433,0.0251,0.0003,99.2516,216.1007,48.7281,-16.9098,0.0,0.0001,1.8282,0.0,6.5741,35.3423,8.0528,27.5348,36.4253
469.0,941.0,8.126,37.0638,98.68,187.8605,0.0262,0.0003,99.2819,216.1007,48.728,-16.9098,0.0,0.0001,1.8278,0.0002,6.5729,35.3377,8.0249,27.5355,36.4273
470.0,943.0,8.1195,37.0581,87.7781,187.9795,0.0217,0.0003,99.2693,216.1007,48.728,-16.9098,0.0,0.0001,1.8278,0.0,6.5763,35.3374,8.0182,27.5362,36.4283
471.0,945.0,8.1081,37.0467,98.68,188.2088,0.0229,0.0003,99.2614,216.1007,48.728,-16.9098,0.0,0.0001,1.8297,0.0003,6.5746,35.3356,8.0067,27.5366,36.4292
472.0,947.0,8.0877,37.0266,98.68,188.2414,0.0251,0.0003,99.266,216.1008,48.728,-16.9098,0.0,0.0001,1.8291,-0.0002,6.5844,35.3339,7.9863,27.5383,36.4319
473.0,949.0,8.0541,36.992,84.3276,188.1766,0.0244,0.0003,99.3099,216.1008,48.728,-16.9098,0.0,0.0001,1.828,-0.0003,6.5878,35.3296,7.9526,27.54,36.4352
474.0,951.0,8.0241,36.9637,86.3961,188.5349,0.0219,0.0003,99.3204,216.1008,48.728,-16.9098,0.0,0.0001,1.8294,0.0005,6.5827,35.3285,7.9226,27.5437,36.4402
475.0,953.0,8.0233,36.9663,98.6673,188.7583,0.0246,0.0003,99.2768,216.1009,48.728,-16.9098,0.0,0.0001,1.8308,0.0001,6.5875,35.3313,7.9216,27.546,36.4426
476.0,955.0,8.0068,36.9546,98.68,188.6934,0.0223,0.0003,99.3204,216.1009,48.728,-16.9098,0.0,0.0001,1.8299,-0.0001,6.5923,35.3342,7.9049,27.5508,36.4481
477.0,957.0,8.0054,36.9569,72.6239,189.3233,0.0219,0.0003,99.3204,216.1009,48.728,-16.9098,0.0,0.0001,1.8312,0.0008,6.5901,35.337,7.9033,27.5532,36.4505
478.0,959.0,7.985,36.9355,96.1018,189.2268,0.0223,0.0003,99.2739,216.101,48.728,-16.9099,0.0,0.0001,1.8316,-0.0001,6.5974,35.3337,7.8829,27.5537,36.452
479.0,961.0,7.9358,36.884,98.68,188.8594,0.0224,0.0003,99.3059,216.101,48.728,-16.9099,0.0,0.0001,1.8293,-0.0009,6.6103,35.3273,7.8338,27.556,36.4566
480.0,963.0,7.8728,36.8174,98.432,190.353,0.0218,0.0003,99.3073,216.1011,48.728,-16.9099,0.0,0.0001,1.8325,0.0018,6.6007,35.3178,7.771,27.5579,36.4615
481.0,965.0,7.8699,36.814,98.68,189.971,0.0235,0.0003,99.2843,216.1011,48.728,-16.9099,0.0,0.0001,1.8334,0.0,6.6113,35.3164,7.768,27.5573,36.461
482.0,967.0,7.8651,36.8116,81.6194,190.3396,0.0251,0.0003,99.315,216.1011,48.728,-16.9099,0.0,0.0001,1.8336,0.0005,6.6155,35.3176,7.7629,27.5589,36.4629
483.0,969.0,7.8567,36.8042,93.9405,190.4895,0.0193,0.0003,99.3099,216.1012,48.728,-16.9099,0.0,0.0001,1.834,0.0002,6.6195,35.3172,7.7543,27.5599,36.4642
484.0,971.0,7.8302,36.7812,98.68,191.1517,0.0189,0.0003,99.3169,216.1012,48.728,-16.9099,0.0,0.0001,1.8364,0.001,6.6169,35.3181,7.7278,27.5646,36.4701
485.0,973.0,7.8327,36.7865,89.0864,190.7051,0.0185,0.0003,99.3152,216.1012,48.728,-16.9099,0.0,0.0001,1.8357,-0.0005,6.6267,35.3205,7.7301,27.5661,36.4714
486.0,975.0,7.7657,36.7194,98.68,191.4341,0.0211,0.0003,99.3204,216.1013,48.728,-16.9099,0.0,0.0001,1.8365,0.0006,6.6311,35.3147,7.6633,27.5714,36.4799
487.0,977.0,7.7568,36.7111,98.68,191.739,0.0228,0.0003,99.3164,216.1013,48.728,-16.9099,0.0,0.0001,1.8376,0.0007,6.631,35.3141,7.6543,27.5722,36.4812
488.0,979.0,7.7493,36.704,98.68,191.6515,0.022,0.0003,99.3084,216.1013,48.728,-16.9099,0.0,0.0001,1.8382,0.0004,6.629,35.3129,7.6467,27.5724,36.4817
489.0,981.0,7.7514,36.707,92.4311,191.501,0.0222,0.0003,99.3065,216.1014,48.728,-16.9099,0.0,0.0001,1.8376,-0.0002,6.6319,35.3132,7.6485,27.5724,36.4816
490.0,983.0,7.7519,36.7133,96.8147,191.2816,0.0218,0.0003,99.305,216.1014,48.728,-16.9099,0.0,0.0001,1.8367,-0.0006,6.6366,35.3186,7.6488,27.5766,36.4857
491.0,985.0,7.7238,36.6858,98.68,191.6843,0.0205,0.0003,99.3117,216.1014,48.728,-16.9099,0.0,0.0001,1.8371,0.0002,6.6342,35.3161,7.6206,27.5788,36.4892
492.0,987.0,7.7177,36.6836,91.9054,191.9373,0.0221,0.0003,99.3109,216.1015,48.728,-16.9099,0.0,0.0001,1.8392,0.0003,6.6299,35.3187,7.6143,27.5818,36.4925
493.0,989.0,7.7389,36.7126,90.3653,191.9668,0.0244,0.0003,99.3156,216.1015,48.7279,-16.9099,0.0,0.0001,1.84,0.0003,6.6249,35.3278,7.6352,27.5859,36.4955
494.0,991.0,7.8387,36.8251,98.68,191.403,0.0236,0.0003,99.3319,216.1015,48.7279,-16.9099,0.0,0.0001,1.838,-0.0006,6.6301,35.3476,7.734,27.5868,36.4916
495.0,993.0,7.7785,36.7611,98.68,190.9165,0.0218,0.0003,99.3327,216.1016,48.7279,-16.9099,0.0,0.0001,1.837,-0.0011,6.6243,35.3385,7.674,27.5885,36.4962
496.0,995.0,7.7307,36.7106,98.68,191.7652,0.0226,0.0003,99.313,216.1016,48.7279,-16.91,0.0,0.0001,1.8373,-0.0001,6.6315,35.3312,7.6263,27.5899,36.4998
497.0,997.0,7.721,36.6942,98.68,190.9932,0.0208,0.0003,99.3204,216.1017,48.7279,-16.91,0.0,0.0001,1.8344,-0.0013,6.6369,35.3225,7.6165,27.5845,36.495
498.0,999.0,7.7039,36.6842,95.5714,191.8459,0.0197,0.0003,99.3315,216.1017,48.7279,-16.91,0.0,0.0001,1.837,-0.0001,6.6358,35.3279,7.5993,27.5912,36.5024
499.0,1001.0,7.725,36.709,93.8771,192.3063,0.0234,0.0003,99.3227,216.1017,48.7279,-16.91,0.0,0.0001,1.8377,0.0005,6.6342,35.3325,7.62,27.5918,36.502
500.0,1003.0,7.728,36.7119,91.4225,192.1744,0.0225,0.0003,99.3155,216.1018,48.7279,-16.91,0.0,0.0001,1.8381,0.0001,6.6298,35.3316,7.6228,27.5907,36.5008
501.0,1005.0,7.7788,36.7719,98.68,191.9379,0.0224,0.0003,99.3138,216.1019,48.7279,-16.91,0.0,0.0001,1.8385,0.0002,6.6185,35.3441,7.673,27.5931,36.5008
502.0,1007.0,7.8807,36.8946,94.5199,191.1287,0.021,0.0003,99.3166,216.1019,48.7279,-16.91,0.0,0.0001,1.8368,-0.0006,6.6094,35.3725,7.7739,27.6005,36.5031
503.0,1009.0,7.8405,36.8531,94.607,191.308,0.0204,0.0003,99.2667,216.1023,48.7279,-16.9102,0.0,0.0001,1.8346,-0.0003,6.6179,35.3673,7.7336,27.6023,36.5069
504.0,1011.0,7.7956,36.8046,96.9708,192.1479,0.0219,0.0003,99.1998,216.1029,48.7278,-16.9103,0.0,0.0001,1.8389,-0.0001,6.6238,35.3593,7.6889,27.6027,36.5094
505.0,1013.0,7.7905,36.7994,92.4921,192.2702,0.0213,0.0003,99.1915,216.103,48.7278,-16.9104,0.0,0.0001,1.8391,0.0001,6.624,35.3583,7.6837,27.6027,36.5096
