Datacycle,press,temp,cond,alt,oxygen,fluor,atten,trans,jday,lat,lon,PAR,UPAR,oxV,oxdVdt,oxysat,salin,potemp,sigma0,sigma2
1.0,1.0,16.0351,44.6702,5.8569,243.7136,0.4996,0.0034,91.7626,206.0097,49.2698,-16.0871,0.0,0.0001,2.7398,-0.0005,5.5492,35.652,16.0348,26.2413,34.8119
2.0,3.0,16.0209,44.656,59.0019,243.9821,0.5113,0.003,92.7107,206.0098,49.2698,-16.0871,0.0,0.0001,2.7398,0.0001,5.5496,35.6517,16.0204,26.2444,34.8155
3.0,5.0,16.0411,44.6783,98.7093,244.4266,0.5033,0.003,92.767,206.0099,49.2698,-16.0871,0.0,0.0001,2.7435,0.0005,5.5463,35.6527,16.0403,26.2406,34.811
4.0,7.0,16.071,44.7089,90.0427,244.6021,0.5097,0.003,92.7659,206.01,49.2698,-16.0871,0.0,0.0001,2.7454,0.0002,5.5454,35.6523,16.0699,26.2335,34.8028
5.0,9.0,16.0717,44.7107,90.6881,244.8781,0.5084,0.003,92.7607,206.0101,49.2698,-16.0871,0.0,0.0001,2.7456,0.0003,5.5478,35.6525,16.0702,26.2335,34.8029
6.0,11.0,16.0373,44.6755,98.7093,244.892,0.5091,0.003,92.7528,206.0101,49.2698,-16.0871,0.0,0.0001,2.7459,-0.0004,5.5524,35.6512,16.0356,26.2405,34.811
7.0,13.0,16.0035,44.6427,91.2003,245.2742,0.524,0.003,92.7302,206.0102,49.2698,-16.087,0.0,0.0001,2.7469,0.0002,5.554,35.6514,16.0015,26.2485,34.8203
8.0,15.0,15.9929,44.6327,98.693,245.4183,0.5373,0.003,92.7442,206.0102,49.2698,-16.087,0.0,0.0001,2.747,0.0003,5.5551,35.6513,15.9905,26.251,34.8231
9.0,17.0,15.993,44.6341,85.9416,245.0717,0.5321,0.003,92.746,206.0103,49.2698,-16.087,0.0,0.0001,2.7451,-0.0005,5.5542,35.6516,15.9903,26.2512,34.8233
10.0,19.0,15.965,44.6095,95.5924,245.4088,0.5311,0.003,92.7376,206.0104,49.2698,-16.087,0.0,0.0001,2.7454,-0.0001,5.5583,35.6539,15.962,26.2595,34.8326
11.0,21.0,15.9074,44.5499,98.5899,245.4375,0.5659,0.003,92.7154,206.0104,49.2698,-16.087,0.0,0.0001,2.7436,-0.0006,5.5669,35.6516,15.9041,26.271,34.8461
12.0,23.0,15.8208,44.4603,98.71,246.3074,0.5778,0.0029,92.8991,206.0105,49.2697,-16.087,0.0,0.0001,2.7446,0.001,5.5753,35.6485,15.8172,26.2885,34.8667
13.0,25.0,15.7883,44.4273,75.9019,246.3637,0.601,0.0029,93.0308,206.0105,49.2697,-16.087,0.0,0.0001,2.745,0.0005,5.5753,35.6474,15.7844,26.2952,34.8745
14.0,27.0,15.7555,44.3934,98.5269,246.4286,0.6756,0.0028,93.1551,206.0106,49.2697,-16.087,0.0,0.0001,2.7446,-0.0004,5.5837,35.6459,15.7513,26.3016,34.8821
15.0,29.0,15.7032,44.3414,98.71,246.333,0.6781,0.0028,93.3316,206.0106,49.2697,-16.087,0.0,0.0001,2.7422,-0.0007,5.5895,35.6453,15.6987,26.3131,34.8954
16.0,31.0,15.6607,44.3006,75.7582,245.3782,0.7778,0.0027,93.4455,206.0107,49.2697,-16.0869,0.0,0.0001,2.7357,-0.0023,5.5904,35.6463,15.6558,26.3236,34.9074
17.0,33.0,15.6391,44.2803,94.4235,244.6148,0.9029,0.0027,93.4623,206.0107,49.2697,-16.0869,0.0,0.0001,2.727,-0.0023,5.5943,35.6467,15.634,26.3288,34.9134
18.0,35.0,15.6286,44.2715,98.71,244.1418,0.9051,0.0027,93.5017,206.0108,49.2697,-16.0869,0.0,0.0001,2.7204,-0.0012,5.5952,35.6474,15.6231,26.3319,34.9169
19.0,37.0,15.6168,44.2628,81.8355,243.4608,0.9129,0.0025,93.8546,206.0108,49.2697,-16.0869,0.0,0.0001,2.7146,-0.0022,5.5969,35.6497,15.6111,26.3363,34.9217
20.0,39.0,15.5996,44.2509,92.2112,242.6629,0.8861,0.0023,94.4282,206.0109,49.2697,-16.0869,0.0,0.0001,2.7068,-0.0018,5.5972,35.6535,15.5936,26.3432,34.9292
21.0,41.0,15.5885,44.2427,98.71,242.0715,0.8742,0.0022,94.7172,206.0109,49.2697,-16.0869,0.0,0.0001,2.6966,-0.002,5.6015,35.6555,15.5821,26.3474,34.9337
22.0,43.0,15.5345,44.1961,98.71,241.4902,0.8388,0.002,95.2309,206.0109,49.2697,-16.0869,0.0,0.0001,2.6919,-0.0014,5.6033,35.6613,15.5278,26.3641,34.9523
23.0,45.0,15.5224,44.185,86.2071,240.1581,0.8217,0.0019,95.3755,206.011,49.2697,-16.0869,0.0,0.0001,2.6775,-0.0045,5.618,35.6618,15.5155,26.3672,34.9558
24.0,47.0,15.3726,44.0388,98.71,239.1115,0.6832,0.0014,96.3338,206.011,49.2697,-16.0869,0.0,0.0001,2.6663,-0.0019,5.6144,35.6644,15.3654,26.403,34.9968
25.0,49.0,15.3811,44.0489,79.8366,238.9308,0.608,0.0014,96.5696,206.0111,49.2697,-16.0869,0.0,0.0001,2.6619,-0.0029,5.6292,35.6651,15.3736,26.4018,34.9953
26.0,51.0,15.2772,43.9481,98.7042,238.8514,0.5542,0.0013,96.7656,206.0111,49.2697,-16.0869,0.0,0.0001,2.6517,-0.0015,5.6493,35.667,15.2694,26.4266,35.0238
27.0,53.0,15.1276,43.7891,98.71,234.2844,0.5125,0.0012,97.1346,206.0112,49.2697,-16.0869,0.0,0.0001,2.6163,-0.0139,5.7131,35.6578,15.1195,26.4526,35.0553
28.0,55.0,14.5185,43.1775,98.71,234.3789,0.3567,0.0008,97.9151,206.0112,49.2697,-16.0869,0.0,0.0001,2.5894,-0.0073,5.7603,35.6538,14.5103,26.5833,35.2079
29.0,57.0,14.0588,42.7079,98.7025,234.5717,0.2468,0.0006,98.4243,206.0112,49.2697,-16.0869,0.0,0.0001,2.5734,-0.0035,5.7939,35.6412,14.0505,26.6721,35.3137
30.0,59.0,13.8711,42.5144,73.604,235.2241,0.1942,0.0006,98.5857,206.0113,49.2697,-16.0869,0.0,0.0001,2.5729,0.0008,5.7779,35.6335,13.8626,26.7059,35.3546
31.0,61.0,13.8588,42.4968,93.9884,235.5213,0.1894,0.0006,98.576,206.0113,49.2696,-16.0869,0.0,0.0001,2.5697,-0.0026,5.8225,35.6276,13.85,26.7039,35.3532
32.0,63.0,13.6295,42.3076,98.71,232.6693,0.1761,0.0005,98.7569,206.0113,49.2696,-16.0869,0.0,0.0001,2.5527,-0.0054,5.8155,35.6623,13.6206,26.7788,35.4362
33.0,65.0,13.5482,42.2489,98.6312,234.0374,0.1567,0.0004,98.8988,206.0114,49.2696,-16.0869,0.0,0.0001,2.5502,-0.0015,5.8376,35.6821,13.539,26.8111,35.4712
34.0,67.0,13.4877,42.2012,98.71,233.316,0.1485,0.0004,98.9835,206.0114,49.2696,-16.0869,0.0,0.0001,2.5427,-0.0013,5.8372,35.6926,13.4782,26.8319,35.4941
35.0,69.0,13.4164,42.1419,84.9655,232.8587,0.1405,0.0004,99.0104,206.0115,49.2696,-16.0869,0.0,0.0001,2.534,-0.0037,5.8709,35.7026,13.4067,26.8544,35.5192
36.0,71.0,13.2195,41.9495,86.8369,232.9863,0.1191,0.0003,99.2948,206.0115,49.2696,-16.0869,0.0,0.0001,2.5269,-0.0008,5.8767,35.7037,13.2096,26.8956,35.5679
37.0,73.0,13.1788,41.9101,97.7862,232.9367,0.1167,0.0003,99.3108,206.0115,49.2696,-16.0869,0.0,0.0001,2.5245,-0.001,5.8824,35.7036,13.1687,26.904,35.5778
38.0,75.0,13.0429,41.7731,98.71,233.9816,0.1032,0.0002,99.4372,206.0116,49.2696,-16.0869,0.0,0.0001,2.5255,-0.0004,5.9041,35.7,13.0326,26.9288,35.6079
39.0,77.0,12.9132,41.6392,98.7,233.8566,0.0859,0.0002,99.5482,206.0116,49.2696,-16.0869,0.0,0.0001,2.5222,0.0001,5.9065,35.6934,12.9026,26.95,35.6341
40.0,79.0,12.8807,41.6083,68.8254,234.0459,0.0747,0.0001,99.6727,206.0117,49.2696,-16.0869,0.0,0.0001,2.5224,-0.0008,5.9183,35.6935,12.8698,26.9566,35.642
41.0,81.0,12.8592,41.5892,98.6912,234.4876,0.0652,0.0001,99.6957,206.0117,49.2696,-16.0869,0.0,0.0001,2.5204,0.0006,5.9248,35.6948,12.8481,26.962,35.6482
42.0,83.0,12.7972,41.5216,87.9178,234.7022,0.0594,0.0001,99.7792,206.0117,49.2696,-16.0869,0.0,0.0001,2.5218,0.0003,5.9272,35.6875,12.7859,26.9689,35.6575
43.0,85.0,12.7763,41.5031,98.7058,234.8428,0.0511,0.0001,99.767,206.0118,49.2696,-16.0869,0.0,0.0001,2.5226,0.0002,5.928,35.6886,12.7647,26.9739,35.6634
44.0,87.0,12.7662,41.4942,98.71,234.474,0.0532,0.0001,99.8666,206.0118,49.2696,-16.0869,0.0,0.0001,2.5205,-0.0007,5.9293,35.6889,12.7544,26.9762,35.6661
45.0,89.0,12.7628,41.4935,84.3184,235.1059,0.05,0.0,99.9091,206.0119,49.2696,-16.0869,0.0,0.0001,2.5225,0.0006,5.9292,35.6903,12.7506,26.9781,35.6681
46.0,91.0,12.7565,41.4878,96.7129,234.6667,0.0451,0.0,99.9179,206.0119,49.2696,-16.0869,0.0,0.0001,2.5205,-0.0008,5.9324,35.69,12.7441,26.9792,35.6694
47.0,93.0,12.7267,41.4562,98.71,235.0589,0.0427,0.0,99.9787,206.0119,49.2696,-16.0869,0.0,0.0001,2.5205,0.0002,5.9344,35.6868,12.714,26.9827,35.6741
48.0,95.0,12.7118,41.4406,83.8866,234.8814,0.0395,0.0,99.9582,206.012,49.2696,-16.0869,0.0,0.0001,2.5196,-0.0005,5.9359,35.6851,12.6989,26.9844,35.6765
49.0,97.0,12.6946,41.4223,92.853,234.8726,0.032,0.0,100.0258,206.012,49.2695,-16.0869,0.0,0.0001,2.5177,-0.0003,5.9395,35.6831,12.6814,26.9863,35.6791
50.0,99.0,12.6799,41.4069,98.705,234.8859,0.0372,0.0,100.0483,206.0121,49.2695,-16.0869,0.0,0.0001,2.5164,-0.0002,5.9421,35.6811,12.6665,26.9878,35.6811
51.0,101.0,12.6646,41.3897,98.71,235.1851,0.0358,0.0,100.0522,206.0122,49.2695,-16.0869,0.0,0.0001,2.5169,0.0002,5.9445,35.6783,12.651,26.9887,35.6826
52.0,103.0,12.64,41.3635,93.6292,234.7201,0.0344,0.0,100.0556,206.0122,49.2695,-16.0869,0.0,0.0001,2.5136,-0.0004,5.946,35.6754,12.6261,26.9914,35.6864
53.0,105.0,12.6233,41.3458,94.4874,234.9383,0.0321,0.0,100.0828,206.0124,49.2695,-16.0869,0.0,0.0001,2.5132,0.0001,5.9482,35.6733,12.6091,26.9931,35.6887
54.0,107.0,12.6072,41.3281,84.6358,234.9229,0.0323,0.0,100.0673,206.0126,49.2695,-16.0869,0.0,0.0001,2.513,-0.0003,5.9496,35.6707,12.5928,26.9943,35.6907
55.0,109.0,12.6006,41.3222,98.6015,234.8368,0.0348,0.0,100.0792,206.0127,49.2695,-16.0869,0.0,0.0001,2.5116,-0.0004,5.951,35.6703,12.5859,26.9954,35.692
56.0,111.0,12.5846,41.3058,98.71,234.7042,0.0336,0.0,100.0702,206.0127,49.2694,-16.0869,0.0,0.0001,2.509,-0.0002,5.9514,35.6685,12.5696,26.9972,35.6945
57.0,113.0,12.5878,41.3098,82.2488,235.1729,0.0373,0.0,100.049,206.0128,49.2694,-16.0869,0.0,0.0001,2.5114,0.0003,5.9529,35.6689,12.5726,26.9969,35.6941
58.0,115.0,12.5674,41.2872,92.8336,234.3165,0.0376,0.0,100.0347,206.0128,49.2694,-16.0869,0.0,0.0001,2.5061,-0.001,5.9537,35.6652,12.5518,26.9982,35.6962
59.0,117.0,12.5651,41.2852,98.6115,234.4868,0.0366,0.0,100.02,206.0129,49.2694,-16.0869,0.0,0.0001,2.5053,-0.0006,5.9568,35.6648,12.5494,26.9984,35.6965
60.0,119.0,12.5416,41.2587,98.7027,234.1715,0.0324,0.0,100.005,206.013,49.2694,-16.0869,0.0,0.0001,2.5014,-0.0006,5.959,35.6605,12.5255,26.9997,35.6988
61.0,121.0,12.5131,41.2261,87.7773,234.3094,0.0338,0.0,99.9763,206.013,49.2694,-16.087,0.0,0.0001,2.4986,-0.0006,5.9704,35.6551,12.4968,27.0012,35.7015
62.0,123.0,12.434,41.135,98.6935,234.4041,0.0366,0.0,99.9637,206.013,49.2694,-16.087,0.0,0.0001,2.4982,0.0001,5.9686,35.641,12.4175,27.0059,35.7095
63.0,125.0,12.4495,41.1529,86.337,234.5171,0.0336,0.0,99.9383,206.0131,49.2694,-16.087,0.0,0.0001,2.4976,-0.0003,5.9754,35.643,12.4327,27.0045,35.7074
64.0,127.0,12.4014,41.1012,98.7017,233.7689,0.0331,0.0,99.9432,206.0131,49.2694,-16.087,0.0,0.0001,2.4938,-0.0016,5.9753,35.6378,12.3844,27.0099,35.7148
65.0,129.0,12.3903,41.0917,93.2765,233.7162,0.031,0.0,99.9908,206.0132,49.2694,-16.087,0.0,0.0001,2.4902,-0.0014,5.9835,35.6381,12.3731,27.0124,35.7177
66.0,131.0,12.2862,40.9662,95.9922,234.1599,0.0309,0.0,99.9725,206.0132,49.2694,-16.087,0.0,0.0001,2.4861,0.0006,5.9901,35.6141,12.2687,27.0142,35.7239
67.0,133.0,12.2643,40.9444,98.7079,234.2882,0.0321,0.0,99.9433,206.0133,49.2693,-16.087,0.0,0.0001,2.4866,-0.0003,6.0,35.6132,12.2466,27.0178,35.7284
68.0,135.0,12.1965,40.8639,98.71,234.5696,0.0343,0.0,99.9063,206.0133,49.2693,-16.087,0.0,0.0001,2.486,0.0006,6.0018,35.5985,12.1786,27.0196,35.7331
69.0,137.0,12.1685,40.8338,91.994,234.5661,0.0349,0.0,99.9196,206.0133,49.2693,-16.087,0.0,0.0001,2.4845,-0.0005,6.0138,35.595,12.1504,27.0223,35.737
70.0,139.0,12.1049,40.761,94.3862,235.065,0.0321,0.0,99.9296,206.0134,49.2693,-16.087,0.0,0.0001,2.4852,0.0005,6.017,35.5836,12.0866,27.0258,35.7431
71.0,141.0,12.0741,40.7283,98.7007,235.8722,0.0335,0.0,99.9196,206.0134,49.2693,-16.087,0.0,0.0001,2.4898,0.0008,6.0206,35.5801,12.0555,27.0292,35.7477
72.0,143.0,12.0549,40.7088,90.765,235.6239,0.0301,0.0,99.922,206.0135,49.2693,-16.087,0.0,0.0001,2.4884,-0.0002,6.025,35.5784,12.0361,27.0316,35.751
73.0,145.0,12.0314,40.6826,98.71,236.0475,0.0317,0.0,99.8988,206.0135,49.2693,-16.087,0.0,0.0001,2.4882,0.0,6.0346,35.5744,12.0124,27.0331,35.7534
74.0,147.0,11.9635,40.6049,98.71,236.7746,0.0358,0.0,99.919,206.0135,49.2693,-16.087,0.0,0.0001,2.4909,0.001,6.0374,35.5624,11.9443,27.0368,35.76
75.0,149.0,11.9379,40.5769,82.0204,236.6961,0.0337,0.0,99.8909,206.0136,49.2693,-16.087,0.0,0.0001,2.4917,0.0001,6.0381,35.5586,11.9184,27.0388,35.7631
76.0,151.0,11.9162,40.5522,98.5254,237.468,0.0301,0.0,99.8972,206.0136,49.2693,-16.087,0.0,0.0001,2.4942,0.0005,6.0467,35.5542,11.8965,27.0396,35.7648
77.0,153.0,11.8605,40.4879,98.71,238.2194,0.0287,0.0,99.9083,206.0137,49.2693,-16.087,0.0,0.0001,2.4978,0.0019,6.0429,35.5432,11.8406,27.0418,35.7694
78.0,155.0,11.8722,40.5021,83.5029,237.9626,0.0277,0.0,99.8972,206.0137,49.2693,-16.087,0.0,0.0001,2.4975,0.0,6.0513,35.5453,11.852,27.0412,35.7683
79.0,157.0,11.8363,40.4628,85.1041,238.5271,0.0326,0.0,99.8888,206.0137,49.2693,-16.087,0.0,0.0001,2.4996,0.0007,6.0521,35.5401,11.8159,27.044,35.7726
80.0,159.0,11.8335,40.4611,98.5242,238.1331,0.0347,0.0,99.877,206.0138,49.2692,-16.087,0.0,0.0001,2.499,-0.0004,6.0513,35.5401,11.8128,27.0446,35.7734
81.0,161.0,11.8414,40.4727,98.6494,237.5763,0.0294,0.0001,99.8535,206.0138,49.2692,-16.087,0.0,0.0001,2.4954,-0.001,6.0499,35.5431,11.8204,27.0455,35.7739
82.0,163.0,11.8477,40.4845,98.7018,237.4626,0.0296,0.0,99.8874,206.0139,49.2692,-16.087,0.0,0.0001,2.4929,-0.0008,6.0522,35.5477,11.8265,27.0479,35.776
83.0,165.0,11.8289,40.4653,84.736,237.6688,0.0294,0.0,99.8885,206.0139,49.2692,-16.087,0.0,0.0001,2.492,-0.0001,6.0536,35.546,11.8075,27.0502,35.7791
84.0,167.0,11.8202,40.4565,98.695,237.5106,0.0277,0.0,99.9305,206.0139,49.2692,-16.087,0.0,0.0001,2.4908,-0.0003,6.053,35.5448,11.7985,27.051,35.7802
85.0,169.0,11.8208,40.4585,71.5767,237.5652,0.0283,0.0,99.9217,206.014,49.2692,-16.087,0.0,0.0001,2.4903,-0.0002,6.0539,35.5454,11.7988,27.0514,35.7806
86.0,171.0,11.818,40.4573,68.2315,237.0496,0.0296,0.0,99.9484,206.014,49.2692,-16.087,0.0,0.0001,2.4878,-0.0012,6.0537,35.5459,11.7958,27.0524,35.7817
87.0,173.0,11.8264,40.4704,91.8414,236.645,0.0294,0.0,99.9551,206.0141,49.2692,-16.087,0.0,0.0001,2.4852,-0.0012,6.0507,35.5498,11.804,27.0539,35.7828
88.0,175.0,11.8416,40.4937,98.7025,234.7204,0.0307,0.0,99.9544,206.0141,49.2692,-16.087,0.0,0.0001,2.4743,-0.0034,6.0495,35.5574,11.8188,27.0569,35.7852
89.0,177.0,11.8495,40.5058,98.7081,234.6066,0.0275,0.0,99.9223,206.0141,49.2692,-16.087,0.0,0.0001,2.4693,-0.0016,6.048,35.561,11.8265,27.0583,35.7861
90.0,179.0,11.8612,40.5225,92.122,234.7634,0.0272,0.0,99.9742,206.0142,49.2692,-16.087,0.0,0.0001,2.4667,-0.0004,6.047,35.5651,11.8379,27.0593,35.7866
91.0,181.0,11.8698,40.5353,98.695,234.5877,0.0301,0.0,99.9607,206.0142,49.2692,-16.087,0.0,0.0001,2.4653,-0.0005,6.0463,35.5686,11.8462,27.0604,35.7874
92.0,183.0,11.8752,40.544,98.7062,233.8553,0.0285,0.0,99.9815,206.0142,49.2692,-16.087,0.0,0.0001,2.4612,-0.0013,6.0446,35.571,11.8514,27.0613,35.7881
93.0,185.0,11.8822,40.559,98.7832,231.4781,0.0286,0.0,100.0122,206.0143,49.2692,-16.087,0.0,0.0001,2.4479,-0.0044,6.0446,35.5782,11.858,27.0656,35.792
94.0,187.0,11.8832,40.5611,96.5896,231.8407,0.0264,0.0,100.0077,206.0143,49.2692,-16.087,0.0,0.0001,2.4438,-0.0012,6.0406,35.5783,11.8588,27.0656,35.7919
95.0,189.0,11.9137,40.6041,98.695,224.9309,0.0209,0.0,100.0269,206.0144,49.2692,-16.087,0.0,0.0001,2.4116,-0.0118,6.0389,35.5904,11.889,27.0692,35.7942
96.0,191.0,11.9269,40.6227,91.1234,226.1483,0.0187,0.0,100.0132,206.0144,49.2692,-16.087,0.0,0.0001,2.3996,-0.0028,6.036,35.5952,11.9019,27.0705,35.7949
97.0,193.0,11.9431,40.6448,98.704,224.1915,0.0176,0.0,99.9976,206.0144,49.2691,-16.087,0.0,0.0001,2.3865,-0.0038,6.0341,35.6006,11.9178,27.0716,35.7953
98.0,195.0,11.9574,40.6655,98.6985,223.8356,0.0205,0.0,99.9822,206.0145,49.2691,-16.087,0.0,0.0001,2.3786,-0.002,6.034,35.6062,11.9318,27.0733,35.7963
99.0,197.0,11.9557,40.6653,91.502,224.0506,0.0204,0.0,99.9989,206.0145,49.2691,-16.087,0.0,0.0001,2.3748,-0.0005,6.0346,35.6068,11.93,27.0741,35.7972
100.0,199.0,11.9508,40.6599,92.065,223.8737,0.0219,0.0,99.977,206.0146,49.2691,-16.087,0.0,0.0001,2.3741,-0.0006,6.0348,35.6052,11.9247,27.0739,35.7972
101.0,201.0,11.9513,40.6616,98.8937,223.8112,0.024,0.0,99.9845,206.0146,49.2691,-16.087,0.0,0.0001,2.3736,-0.0004,6.0361,35.6055,11.9249,27.074,35.7974
102.0,203.0,11.9414,40.6513,94.0279,223.9611,0.0236,0.0,99.9556,206.0146,49.2691,-16.087,0.0,0.0001,2.3727,-0.0001,6.036,35.6041,11.9148,27.0749,35.7987
103.0,205.0,11.9339,40.6432,98.6984,223.5451,0.0213,0.0,99.9172,206.0147,49.2691,-16.087,0.0,0.0001,2.3698,-0.001,6.0401,35.6025,11.9071,27.0751,35.7992
104.0,207.0,11.9069,40.612,98.6973,223.3294,0.0247,0.0,99.9559,206.0147,49.2691,-16.087,0.0,0.0001,2.366,-0.0007,6.0427,35.5969,11.8799,27.076,35.8012
105.0,209.0,11.8733,40.5731,98.6426,223.2899,0.0226,0.0,99.9524,206.0148,49.2691,-16.087,0.0,0.0001,2.3638,-0.0007,6.0478,35.5899,11.846,27.077,35.8037
106.0,211.0,11.8433,40.5376,98.6998,221.8419,0.0235,0.0,99.9363,206.0148,49.2691,-16.087,0.0,0.0001,2.3555,-0.0034,6.0584,35.583,11.8158,27.0774,35.8054
107.0,213.0,11.7736,40.4564,61.5202,221.6309,0.0238,0.0,99.9645,206.0148,49.2691,-16.087,0.0,0.0001,2.3493,-0.0015,6.0576,35.5689,11.746,27.0798,35.8107
108.0,215.0,11.7685,40.4521,96.8763,221.7053,0.0226,0.0,99.9458,206.0149,49.2691,-16.087,0.0,0.0001,2.3461,-0.0007,6.0603,35.5687,11.7407,27.0806,35.8118
109.0,217.0,11.7587,40.4428,98.5767,221.9586,0.023,0.0,99.963,206.0149,49.2691,-16.087,0.0,0.0001,2.3458,0.0002,6.0594,35.5679,11.7305,27.0819,35.8135
110.0,219.0,11.7626,40.4482,98.6957,221.4812,0.0221,0.0,99.9368,206.015,49.2691,-16.0869,0.0,0.0001,2.3435,-0.001,6.0624,35.5688,11.7342,27.0819,35.8133
111.0,221.0,11.7443,40.4293,98.6986,221.9576,0.021,0.0,99.9616,206.015,49.2691,-16.0869,0.0,0.0001,2.3431,0.0006,6.0618,35.5668,11.7157,27.0839,35.8161
112.0,223.0,11.7436,40.4294,83.0059,221.4811,0.0238,0.0,99.9495,206.015,49.2691,-16.0869,0.0,0.0001,2.3408,-0.0008,6.0666,35.5666,11.7147,27.0839,35.8161
113.0,225.0,11.6947,40.3751,98.6987,221.4667,0.0203,0.0,99.9556,206.0151,49.2691,-16.0869,0.0,0.0001,2.3391,-0.0002,6.0655,35.5591,11.6656,27.0874,35.8217
114.0,227.0,11.6987,40.3801,95.6057,221.4448,0.0216,0.0,99.9398,206.0151,49.2691,-16.0869,0.0,0.0001,2.3382,-0.0005,6.0704,35.5595,11.6694,27.0869,35.8211
115.0,229.0,11.6892,40.3725,77.4108,221.8092,0.0227,0.0,99.9405,206.0151,49.2691,-16.0869,0.0,0.0001,2.338,0.0006,6.0693,35.5601,11.6596,27.0893,35.8238
116.0,231.0,11.7028,40.3909,93.8891,222.1748,0.0227,0.0,99.8869,206.0152,49.2691,-16.0869,0.0,0.0001,2.3406,0.0009,6.0663,35.5643,11.673,27.0901,35.824
117.0,233.0,11.7147,40.4092,98.7015,223.0142,0.0246,0.0,99.9361,206.0152,49.2691,-16.0869,0.0,0.0001,2.3458,0.0014,6.067,35.5699,11.6846,27.0922,35.8256
118.0,235.0,11.7109,40.4053,98.6169,222.0194,0.0221,0.0,99.9446,206.0153,49.2691,-16.0869,0.0,0.0001,2.3435,-0.001,6.0661,35.5688,11.6805,27.0921,35.8257
119.0,237.0,11.7178,40.4152,90.4829,222.5609,0.021,0.0,99.9158,206.0153,49.2691,-16.0869,0.0,0.0001,2.3439,0.0005,6.0662,35.5712,11.6872,27.0927,35.826
120.0,239.0,11.7147,40.4149,98.6937,223.3265,0.0205,0.0,99.9186,206.0153,49.2691,-16.0869,0.0,0.0001,2.3468,0.0012,6.0671,35.573,11.6838,27.0947,35.8281
121.0,241.0,11.7083,40.4081,98.698,223.4153,0.0245,0.0,99.9064,206.0154,49.2691,-16.0869,0.0,0.0001,2.3493,0.0008,6.0668,35.5716,11.6771,27.095,35.8286
122.0,243.0,11.7088,40.4095,80.3134,223.5204,0.0231,0.0,99.8934,206.0154,49.2691,-16.0869,0.0,0.0001,2.351,0.0003,6.0653,35.5716,11.6774,27.0948,35.8285
123.0,245.0,11.7213,40.4316,96.2506,224.5511,0.0231,0.0,99.9086,206.0155,49.269,-16.0869,0.0,0.0001,2.3557,0.002,6.0648,35.5805,11.6896,27.0995,35.8325
124.0,247.0,11.7345,40.4482,98.4421,225.4545,0.0204,0.0,99.8675,206.0155,49.269,-16.0869,0.0,0.0001,2.3617,0.0021,6.0648,35.5833,11.7025,27.0992,35.8317
125.0,249.0,11.7193,40.4326,93.2538,226.0198,0.0195,0.0,99.8837,206.0155,49.269,-16.0869,0.0,0.0001,2.3675,0.0011,6.0683,35.5815,11.6871,27.1007,35.8339
126.0,251.0,11.6948,40.4057,98.6987,226.4433,0.0238,0.0001,99.8324,206.0156,49.269,-16.0869,0.0,0.0001,2.3692,0.001,6.0748,35.5778,11.6623,27.1025,35.8367
127.0,253.0,11.6361,40.3369,98.6987,228.4403,0.0218,0.0001,99.8713,206.0156,49.269,-16.0869,0.0,0.0001,2.3794,0.0031,6.0779,35.5652,11.6034,27.1038,35.8405
128.0,255.0,11.6061,40.3015,79.6061,228.8036,0.0251,0.0001,99.8367,206.0157,49.269,-16.0869,0.0,0.0001,2.3848,0.0011,6.083,35.5581,11.5733,27.1041,35.8421
129.0,257.0,11.5842,40.2756,98.7025,229.692,0.0277,0.0001,99.869,206.0157,49.269,-16.0869,0.0,0.0001,2.3905,0.0018,6.0821,35.5527,11.5511,27.104,35.843
130.0,259.0,11.5907,40.2836,64.5207,229.4832,0.0252,0.0001,99.8484,206.0157,49.269,-16.0869,0.0,0.0001,2.3918,0.0003,6.0841,35.5536,11.5574,27.1035,35.8422
131.0,261.0,11.5837,40.2783,93.8462,229.2994,0.0242,0.0001,99.8576,206.0158,49.269,-16.0869,0.0,0.0001,2.3919,-0.0003,6.0839,35.5542,11.5502,27.1053,35.8443
132.0,263.0,11.5814,40.2788,98.71,229.3306,0.0229,0.0001,99.8423,206.0158,49.269,-16.0869,0.0,0.0001,2.3903,-0.0002,6.0842,35.5559,11.5476,27.1072,35.8463
133.0,265.0,11.5793,40.2777,98.6883,229.7311,0.0248,0.0001,99.7935,206.0159,49.269,-16.0869,0.0,0.0001,2.3919,0.0004,6.0845,35.5561,11.5453,27.1077,35.8469
134.0,267.0,11.5784,40.2785,98.7021,228.9999,0.0216,0.0001,99.8422,206.0159,49.269,-16.0869,0.0,0.0001,2.3893,-0.001,6.0844,35.5568,11.544,27.1085,35.8477
135.0,269.0,11.5792,40.2804,86.6287,229.2387,0.0222,0.0001,99.7897,206.0159,49.269,-16.0869,0.0,0.0001,2.3881,-0.0001,6.0842,35.557,11.5446,27.1085,35.8477
136.0,271.0,11.5812,40.2846,85.7804,230.7033,0.0259,0.0001,99.8268,206.016,49.269,-16.0868,0.0,0.0001,2.3941,0.0021,6.0834,35.5583,11.5464,27.1093,35.8483
137.0,273.0,11.5856,40.2933,96.6815,231.8465,0.023,0.0001,99.804,206.016,49.269,-16.0868,0.0,0.0001,2.4028,0.0023,6.0838,35.5618,11.5505,27.1112,35.8501
138.0,275.0,11.5828,40.2924,98.5184,232.1754,0.0235,0.0001,99.7949,206.016,49.269,-16.0868,0.0,0.0001,2.407,0.0014,6.0838,35.5627,11.5474,27.1125,35.8515
139.0,277.0,11.5774,40.2872,98.697,232.176,0.0232,0.0001,99.7593,206.0161,49.269,-16.0868,0.0,0.0001,2.4089,0.0006,6.0852,35.562,11.5418,27.1129,35.8522
140.0,279.0,11.5691,40.28,74.209,232.7269,0.0265,0.0001,99.7499,206.0161,49.269,-16.0868,0.0,0.0001,2.4121,0.0008,6.0857,35.5618,11.5332,27.1144,35.854
141.0,281.0,11.5636,40.2746,95.6596,232.9033,0.0272,0.0001,99.7572,206.0162,49.269,-16.0868,0.0,0.0001,2.4139,0.0005,6.0863,35.5608,11.5275,27.1147,35.8546
142.0,283.0,11.5635,40.275,98.6974,233.1031,0.022,0.0001,99.7366,206.0162,49.269,-16.0868,0.0,0.0001,2.4148,0.0004,6.0875,35.5605,11.5272,27.1146,35.8544
143.0,285.0,11.5527,40.265,59.1626,233.9429,0.0236,0.0001,99.7631,206.0162,49.269,-16.0868,0.0,0.0001,2.4185,0.0014,6.0875,35.56,11.516,27.1162,35.8565
144.0,287.0,11.5488,40.2615,93.6203,233.9332,0.022,0.0001,99.727,206.0163,49.269,-16.0868,0.0,0.0001,2.4202,0.0004,6.0887,35.5596,11.5119,27.1167,35.8572
145.0,289.0,11.5436,40.2566,98.7064,233.8914,0.0246,0.0001,99.7063,206.0163,49.269,-16.0868,0.0,0.0001,2.42,-0.0001,6.09,35.5588,11.5065,27.1171,35.8578
146.0,291.0,11.5323,40.2453,98.7025,234.4787,0.0235,0.0001,99.7521,206.0164,49.269,-16.0868,0.0,0.0001,2.4219,0.0009,6.0913,35.5576,11.4949,27.1184,35.8595
147.0,293.0,11.5241,40.2374,78.8138,234.1855,0.0236,0.0001,99.7412,206.0164,49.269,-16.0868,0.0,0.0001,2.4218,-0.0004,6.0921,35.5567,11.4865,27.1192,35.8607
148.0,295.0,11.5189,40.2327,98.6995,234.4751,0.0232,0.0001,99.7407,206.0164,49.269,-16.0868,0.0,0.0001,2.4221,0.0004,6.0936,35.5562,11.481,27.1199,35.8616
149.0,297.0,11.5077,40.2214,98.7,234.595,0.0226,0.0001,99.7246,206.0165,49.269,-16.0868,0.0,0.0001,2.4224,0.0001,6.0953,35.5549,11.4696,27.121,35.8632
150.0,299.0,11.494,40.2075,89.5216,234.7078,0.0253,0.0001,99.7066,206.0165,49.269,-16.0868,0.0,0.0001,2.4228,0.0,6.0967,35.5534,11.4557,27.1225,35.8652
151.0,301.0,11.4832,40.1964,90.9377,234.9071,0.0249,0.0001,99.7479,206.0166,49.269,-16.0868,0.0,0.0001,2.423,0.0004,6.0958,35.5518,11.4447,27.1233,35.8665
152.0,303.0,11.4802,40.194,96.8519,234.5414,0.0252,0.0001,99.7367,206.0166,49.2689,-16.0868,0.0,0.0001,2.4218,-0.0007,6.0977,35.5516,11.4414,27.1237,35.8671
153.0,305.0,11.4789,40.1941,87.1868,234.1029,0.0248,0.0001,99.7416,206.0166,49.2689,-16.0867,0.0,0.0001,2.4184,-0.0009,6.0969,35.5519,11.4398,27.1242,35.8677
154.0,307.0,11.4852,40.2035,98.6961,234.3158,0.0239,0.0001,99.7067,206.0167,49.2689,-16.0867,0.0,0.0001,2.4178,0.0,6.0949,35.5544,11.4459,27.125,35.8682
155.0,309.0,11.4988,40.2231,98.71,233.3353,0.0239,0.0001,99.7286,206.0167,49.2689,-16.0867,0.0,0.0001,2.4143,-0.0019,6.0954,35.5599,11.4592,27.1269,35.8694
156.0,311.0,11.4991,40.2252,83.4526,230.4399,0.025,0.0001,99.7319,206.0167,49.2689,-16.0867,0.0,0.0001,2.3993,-0.0057,6.095,35.5608,11.4593,27.1275,35.8701
157.0,313.0,11.4969,40.2243,89.9694,227.4893,0.0208,0.0001,99.7246,206.0168,49.2689,-16.0867,0.0,0.0001,2.3746,-0.0055,6.095,35.561,11.4567,27.1282,35.8708
158.0,315.0,11.4972,40.2254,77.5534,228.656,0.0236,0.0001,99.7064,206.0168,49.2689,-16.0867,0.0,0.0001,2.3713,-0.001,6.0981,35.561,11.4568,27.1282,35.8708
159.0,317.0,11.4672,40.1914,90.0931,224.8468,0.0203,0.0001,99.7222,206.0169,49.2689,-16.0867,0.0,0.0001,2.3529,-0.0063,6.1007,35.5552,11.4266,27.1293,35.8732
160.0,319.0,11.4547,40.1776,98.7021,225.3313,0.0211,0.0001,99.7123,206.0169,49.2689,-16.0867,0.0,0.0001,2.3445,-0.0018,6.1012,35.5528,11.4139,27.1298,35.8742
161.0,321.0,11.4451,40.168,98.698,226.1961,0.0211,0.0001,99.7252,206.0169,49.2689,-16.0867,0.0,0.0001,2.3456,0.0002,6.1025,35.5515,11.404,27.1306,35.8755
162.0,323.0,11.4334,40.156,98.6,228.2148,0.0205,0.0001,99.7145,206.017,49.2689,-16.0867,0.0,0.0001,2.3522,0.0034,6.1036,35.5499,11.3921,27.1316,35.877
163.0,325.0,11.427,40.1498,98.7054,229.3988,0.0216,0.0001,99.6841,206.017,49.2689,-16.0867,0.0,0.0001,2.3641,0.0026,6.1041,35.5489,11.3854,27.1321,35.8778
164.0,327.0,11.4286,40.1523,67.1513,230.9281,0.0219,0.0001,99.7222,206.0171,49.2689,-16.0867,0.0,0.0001,2.3729,0.004,6.1034,35.5492,11.3868,27.1321,35.8777
165.0,329.0,11.4361,40.1631,96.0647,233.5553,0.0241,0.0001,99.697,206.0171,49.2689,-16.0867,0.0,0.0001,2.3889,0.0063,6.1004,35.5518,11.3941,27.1327,35.878
166.0,331.0,11.4593,40.1937,98.6116,234.1002,0.0226,0.0001,99.7113,206.0171,49.2689,-16.0867,0.0,0.0001,2.4022,0.0025,6.0998,35.5589,11.4169,27.1339,35.8782
167.0,333.0,11.4661,40.2031,98.6425,234.2748,0.0235,0.0001,99.7147,206.0172,49.2689,-16.0867,0.0,0.0001,2.4063,0.0018,6.0975,35.5609,11.4235,27.1343,35.8783
168.0,335.0,11.4782,40.2206,98.6875,234.7818,0.0224,0.0001,99.7166,206.0172,49.2689,-16.0867,0.0,0.0001,2.4111,0.0011,6.0984,35.5655,11.4352,27.1357,35.8791
169.0,337.0,11.4673,40.2085,72.3831,235.0673,0.0244,0.0001,99.678,206.0173,49.2689,-16.0866,0.0,0.0001,2.4138,0.0007,6.0998,35.5631,11.4241,27.1359,35.8798
170.0,339.0,11.4489,40.1897,93.2129,235.0601,0.0262,0.0001,99.7065,206.0173,49.2689,-16.0866,0.0,0.0001,2.4149,-0.0001,6.1021,35.5612,11.4055,27.1379,35.8826
171.0,341.0,11.4435,40.1846,98.71,234.8814,0.0252,0.0001,99.7193,206.0173,49.2689,-16.0866,0.0,0.0001,2.4139,-0.0003,6.1029,35.5607,11.3999,27.1386,35.8835
172.0,343.0,11.4371,40.1777,71.6551,235.2831,0.0268,0.0001,99.7231,206.0174,49.2689,-16.0866,0.0,0.0001,2.4133,0.0005,6.1021,35.559,11.3932,27.1385,35.8837
173.0,345.0,11.4357,40.1766,91.3456,234.9623,0.0226,0.0001,99.6952,206.0174,49.2689,-16.0866,0.0,0.0001,2.4128,-0.0007,6.1062,35.5584,11.3916,27.1383,35.8836
174.0,347.0,11.4098,40.1469,98.7087,234.0353,0.0225,0.0001,99.7322,206.0174,49.2689,-16.0866,0.0,0.0001,2.4069,-0.0018,6.1076,35.5531,11.3654,27.1391,35.8855
175.0,349.0,11.3935,40.1295,98.6944,235.0868,0.0234,0.0001,99.7349,206.0175,49.2689,-16.0866,0.0,0.0001,2.408,0.0009,6.1085,35.5504,11.3488,27.1401,35.8872
176.0,351.0,11.3942,40.1305,91.7737,235.0764,0.0207,0.0001,99.7177,206.0175,49.2689,-16.0866,0.0,0.0001,2.4089,-0.0001,6.1129,35.5501,11.3494,27.1397,35.8868
177.0,353.0,11.3593,40.0923,87.6211,234.3392,0.0238,0.0001,99.7148,206.0176,49.2689,-16.0866,0.0,0.0001,2.4045,-0.0013,6.1143,35.5448,11.3143,27.1421,35.8907
178.0,355.0,11.3542,40.0871,98.6975,234.4202,0.0226,0.0001,99.7246,206.0176,49.2689,-16.0866,0.0,0.0001,2.4042,-0.0004,6.1131,35.5438,11.3089,27.1423,35.8912
179.0,357.0,11.3547,40.0886,98.7017,234.7181,0.0215,0.0001,99.7163,206.0176,49.2689,-16.0866,0.0,0.0001,2.4039,0.0001,6.1141,35.5437,11.3092,27.1422,35.891
180.0,359.0,11.3564,40.0916,70.8937,234.074,0.0237,0.0001,99.7222,206.0177,49.2689,-16.0866,0.0,0.0001,2.4009,-0.001,6.1135,35.5443,11.3106,27.1424,35.8912
181.0,361.0,11.3617,40.1003,95.1008,234.2477,0.0234,0.0001,99.7222,206.0177,49.2689,-16.0865,0.0,0.0001,2.3995,-0.0002,6.1121,35.5467,11.3156,27.1434,35.8919
182.0,363.0,11.3694,40.1126,98.695,233.5017,0.0197,0.0001,99.7166,206.0177,49.2689,-16.0865,0.0,0.0001,2.3967,-0.0015,6.1127,35.5507,11.3231,27.1451,35.8933
183.0,365.0,11.3606,40.1049,76.3994,233.0587,0.0182,0.0001,99.7041,206.0178,49.2689,-16.0865,0.0,0.0001,2.3922,-0.0014,6.1135,35.5507,11.314,27.1468,35.8953
184.0,367.0,11.3544,40.099,98.7015,233.1864,0.0226,0.0001,99.6928,206.0178,49.2689,-16.0865,0.0,0.0001,2.3901,-0.0004,6.1141,35.5499,11.3076,27.1473,35.8961
185.0,369.0,11.3536,40.0984,98.7,232.7366,0.0248,0.0001,99.6966,206.0178,49.2689,-16.0865,0.0,0.0001,2.3878,-0.0011,6.1147,35.5493,11.3065,27.1471,35.8959
186.0,371.0,11.3469,40.0946,98.7025,232.6625,0.0214,0.0001,99.7156,206.0179,49.2689,-16.0865,0.0,0.0001,2.3857,-0.0008,6.115,35.551,11.2996,27.1497,35.8988
187.0,373.0,11.3461,40.0947,78.4501,232.5666,0.0222,0.0001,99.7026,206.0179,49.2689,-16.0865,0.0,0.0001,2.3837,-0.0005,6.1157,35.5511,11.2986,27.1499,35.8991
188.0,375.0,11.3396,40.0891,98.694,233.0008,0.0235,0.0001,99.695,206.0179,49.2689,-16.0865,0.0,0.0001,2.3834,0.0003,6.1169,35.5509,11.2918,27.1511,35.9005
189.0,377.0,11.33,40.0796,61.7735,233.2205,0.0224,0.0001,99.7109,206.018,49.2688,-16.0865,0.0,0.0001,2.3858,0.0004,6.116,35.5496,11.282,27.1519,35.9017
190.0,379.0,11.3293,40.0794,93.0468,233.3416,0.0267,0.0001,99.6837,206.018,49.2688,-16.0865,0.0,0.0001,2.3859,0.0001,6.1188,35.5495,11.281,27.1519,35.9018
191.0,381.0,11.3175,40.0676,98.6907,233.336,0.0274,0.0001,99.7038,206.018,49.2688,-16.0864,0.0,0.0001,2.3861,-0.0002,6.119,35.548,11.2689,27.153,35.9034
192.0,383.0,11.3104,40.0609,98.7032,233.3881,0.0213,0.0001,99.6848,206.0181,49.2688,-16.0864,0.0,0.0001,2.3858,0.0,6.1198,35.5473,11.2616,27.1538,35.9045
193.0,385.0,11.3139,40.0649,98.52,233.2509,0.0201,0.0001,99.698,206.0181,49.2688,-16.0864,0.0,0.0001,2.3846,-0.0004,6.1207,35.5473,11.2649,27.1532,35.9037
194.0,387.0,11.303,40.0553,98.68,233.8342,0.0244,0.0001,99.7136,206.0181,49.2688,-16.0864,0.0,0.0001,2.386,0.0008,6.1204,35.5472,11.2537,27.1552,35.9063
195.0,389.0,11.3008,40.0541,94.8385,233.3913,0.0217,0.0001,99.6993,206.0182,49.2688,-16.0864,0.0,0.0001,2.385,-0.0005,6.1218,35.5473,11.2513,27.1558,35.9069
196.0,391.0,11.2947,40.0482,79.835,233.6136,0.0227,0.0001,99.7165,206.0182,49.2688,-16.0864,0.0,0.0001,2.3846,0.0002,6.1225,35.5464,11.245,27.1562,35.9076
197.0,393.0,11.2886,40.0426,93.1055,234.2264,0.0255,0.0002,99.539,206.0182,49.2688,-16.0864,0.0,0.0001,2.3868,0.0008,6.1241,35.5458,11.2386,27.1569,35.9085
198.0,395.0,11.2785,40.032,98.4647,233.5442,0.0229,0.0001,99.6777,206.0183,49.2688,-16.0864,0.0,0.0001,2.3854,-0.0009,6.1246,35.5442,11.2282,27.1576,35.9097
199.0,397.0,11.2679,40.0216,98.7003,234.2009,0.0208,0.0001,99.7164,206.0183,49.2688,-16.0864,0.0,0.0001,2.3859,0.0006,6.1256,35.543,11.2174,27.1587,35.9112
200.0,399.0,11.2696,40.0242,98.695,234.1478,0.0233,0.0001,99.6874,206.0183,49.2688,-16.0864,0.0,0.0001,2.3861,0.0,6.127,35.5433,11.2189,27.1586,35.9111
201.0,401.0,11.2573,40.0119,78.2668,234.5752,0.0228,0.0001,99.7228,206.0184,49.2688,-16.0864,0.0,0.0001,2.3875,0.0005,6.127,35.5419,11.2064,27.1599,35.9129
202.0,403.0,11.2574,40.0138,93.4002,234.7138,0.0234,0.0001,99.7195,206.0184,49.2688,-16.0864,0.0,0.0001,2.3889,0.0004,6.1266,35.5427,11.2062,27.1605,35.9135
203.0,405.0,11.2587,40.0155,98.6973,234.1587,0.025,0.0001,99.6808,206.0185,49.2688,-16.0864,0.0,0.0001,2.3865,-0.0008,6.1277,35.5423,11.2073,27.16,35.9129
204.0,407.0,11.2522,40.0112,51.8837,234.3425,0.0222,0.0001,99.7158,206.0185,49.2688,-16.0863,0.0,0.0001,2.3857,-0.0001,6.1275,35.5434,11.2005,27.1621,35.9153
205.0,409.0,11.2507,40.0105,88.497,234.9204,0.0216,0.0001,99.7182,206.0185,49.2688,-16.0863,0.0,0.0001,2.3876,0.0008,6.1278,35.5431,11.1987,27.1622,35.9155
206.0,411.0,11.2514,40.0115,98.6987,234.5816,0.0193,0.0001,99.697,206.0186,49.2688,-16.0863,0.0,0.0001,2.3867,-0.0004,6.1299,35.5427,11.1992,27.1618,35.9151
207.0,413.0,11.2335,39.9929,98.695,234.7055,0.0191,0.0001,99.7202,206.0186,49.2688,-16.0863,0.0,0.0001,2.3858,-0.0002,6.133,35.5406,11.1811,27.1635,35.9175
208.0,415.0,11.2191,39.9771,98.7058,234.8475,0.0196,0.0001,99.7246,206.0186,49.2688,-16.0863,0.0,0.0001,2.3862,0.0002,6.131,35.5379,11.1665,27.1641,35.9188
209.0,417.0,11.2156,39.9742,74.9882,234.974,0.021,0.0001,99.6978,206.0187,49.2688,-16.0863,0.0,0.0001,2.3868,-0.0001,6.1343,35.5375,11.1627,27.1644,35.9193
210.0,419.0,11.201,39.9601,98.7025,234.5388,0.0181,0.0001,99.7239,206.0187,49.2688,-16.0863,0.0,0.0001,2.3838,-0.001,6.1351,35.5366,11.1479,27.1665,35.922
211.0,421.0,11.1892,39.948,98.7027,235.3666,0.0212,0.0001,99.7216,206.0187,49.2688,-16.0863,0.0,0.0001,2.3868,0.0009,6.1357,35.5349,11.1358,27.1674,35.9234
212.0,423.0,11.1945,39.9543,92.5847,234.8573,0.018,0.0001,99.7047,206.0188,49.2688,-16.0863,0.0,0.0001,2.3851,-0.0007,6.1374,35.5354,11.141,27.1669,35.9226
213.0,425.0,11.1792,39.94,77.9241,234.8434,0.0151,0.0001,99.7166,206.0188,49.2688,-16.0863,0.0,0.0001,2.3835,-0.0003,6.1379,35.5349,11.1254,27.1693,35.9257
214.0,427.0,11.1762,39.9376,96.2177,234.7029,0.0175,0.0001,99.7167,206.0188,49.2688,-16.0863,0.0,0.0001,2.3825,-0.0007,6.1386,35.5346,11.1221,27.1697,35.9262
215.0,429.0,11.1719,39.934,95.0492,234.9454,0.0212,0.0001,99.7028,206.0189,49.2688,-16.0863,0.0,0.0001,2.381,0.0001,6.1388,35.5343,11.1176,27.1702,35.927
216.0,431.0,11.1696,39.9329,89.2052,233.9751,0.0199,0.0001,99.7063,206.0189,49.2688,-16.0863,0.0,0.0001,2.3779,-0.0016,6.1386,35.5344,11.1151,27.1709,35.9277
217.0,433.0,11.1712,39.9364,98.7046,234.1076,0.0228,0.0001,99.6957,206.0189,49.2688,-16.0863,0.0,0.0001,2.3757,-0.0004,6.1382,35.5355,11.1164,27.1714,35.9282
218.0,435.0,11.174,39.9411,98.7058,233.6076,0.0228,0.0001,99.6913,206.019,49.2688,-16.0863,0.0,0.0001,2.3734,-0.0011,6.1383,35.5366,11.119,27.1718,35.9284
219.0,437.0,11.1738,39.9418,83.8137,233.2235,0.0196,0.0001,99.693,206.019,49.2688,-16.0863,0.0,0.0001,2.3695,-0.0011,6.1382,35.5367,11.1184,27.172,35.9287
220.0,439.0,11.17,39.9386,98.6967,234.2675,0.0195,0.0001,99.6957,206.019,49.2688,-16.0863,0.0,0.0001,2.3705,0.0011,6.1392,35.5361,11.1144,27.1723,35.9291
221.0,441.0,11.166,39.9349,84.7542,234.4961,0.023,0.0001,99.6853,206.0191,49.2688,-16.0863,0.0,0.0001,2.3739,0.0006,6.1397,35.5354,11.1102,27.1725,35.9295
222.0,443.0,11.1619,39.9311,91.5475,235.4082,0.0205,0.0001,99.7005,206.0191,49.2688,-16.0863,0.0,0.0001,2.3778,0.0015,6.1415,35.5348,11.1058,27.1728,35.93
223.0,445.0,11.1468,39.9158,98.6984,238.1707,0.0223,0.0001,99.6982,206.0191,49.2688,-16.0862,0.0,0.0001,2.3911,0.0048,6.1424,35.5332,11.0905,27.1744,35.9322
224.0,447.0,11.1429,39.9137,98.698,239.458,0.0213,0.0001,99.7273,206.0192,49.2688,-16.0862,0.0,0.0001,2.4028,0.0038,6.1425,35.5339,11.0863,27.1757,35.9337
225.0,449.0,11.1421,39.9138,98.5236,239.4369,0.0212,0.0001,99.7246,206.0192,49.2688,-16.0862,0.0,0.0001,2.4084,0.0016,6.1423,35.5339,11.0852,27.1759,35.9339
226.0,451.0,11.1409,39.9133,98.704,238.3526,0.0221,0.0001,99.6762,206.0193,49.2688,-16.0862,0.0,0.0001,2.4056,-0.0011,6.1431,35.5339,11.0838,27.1762,35.9342
227.0,453.0,11.1385,39.9115,98.7062,238.9467,0.0219,0.0001,99.7407,206.0193,49.2688,-16.0862,0.0,0.0001,2.406,0.0003,6.1436,35.5335,11.0812,27.1764,35.9346
228.0,455.0,11.1343,39.9079,84.2628,239.1867,0.0183,0.0001,99.7378,206.0193,49.2688,-16.0862,0.0,0.0001,2.4078,0.0004,6.1437,35.533,11.0767,27.1768,35.9352
229.0,457.0,11.1329,39.9071,95.3071,238.7123,0.0203,0.0001,99.7159,206.0194,49.2688,-16.0862,0.0,0.0001,2.4057,-0.0007,6.1441,35.5328,11.0752,27.1769,35.9353
230.0,459.0,11.1307,39.9059,98.6971,239.3205,0.0165,0.0001,99.7535,206.0194,49.2688,-16.0862,0.0,0.0001,2.4061,0.0008,6.1443,35.5328,11.0726,27.1773,35.9359
231.0,461.0,11.1251,39.9009,98.4506,239.3854,0.0225,0.0001,99.7404,206.0194,49.2688,-16.0862,0.0,0.0001,2.4078,0.0003,6.1452,35.5322,11.0668,27.1779,35.9367
232.0,463.0,11.122,39.8987,98.695,239.5464,0.0242,0.0001,99.7487,206.0195,49.2688,-16.0862,0.0,0.0001,2.408,0.0004,6.1452,35.5322,11.0634,27.1786,35.9375
233.0,465.0,11.1192,39.8972,87.0734,239.6175,0.0231,0.0001,99.7308,206.0195,49.2687,-16.0862,0.0,0.0001,2.4084,0.0001,6.1463,35.5324,11.0604,27.1793,35.9383
234.0,467.0,11.1128,39.8908,91.3993,239.6005,0.0236,0.0001,99.7426,206.0195,49.2687,-16.0862,0.0,0.0001,2.4078,-0.0002,6.1474,35.5313,11.0538,27.1796,35.939
235.0,469.0,11.1059,39.8843,98.7046,239.4603,0.0209,0.0001,99.7463,206.0196,49.2687,-16.0862,0.0,0.0001,2.4075,-0.0004,6.1475,35.5306,11.0466,27.1804,35.94
236.0,471.0,11.105,39.8839,98.7019,239.116,0.0208,0.0001,99.7139,206.0196,49.2687,-16.0862,0.0,0.0001,2.4054,-0.0009,6.1481,35.5303,11.0455,27.1804,35.9401
237.0,473.0,11.1001,39.8795,81.5532,238.9317,0.0172,0.0001,99.7247,206.0196,49.2687,-16.0862,0.0,0.0001,2.4036,-0.0007,6.1481,35.5298,11.0404,27.1809,35.9408
238.0,475.0,11.0987,39.8791,87.5855,239.5138,0.0191,0.0001,99.7295,206.0197,49.2687,-16.0862,0.0,0.0001,2.4043,0.0004,6.1487,35.5298,11.0388,27.1812,35.9412
239.0,477.0,11.0954,39.8766,98.6959,239.6902,0.0158,0.0001,99.7193,206.0197,49.2687,-16.0862,0.0,0.0001,2.4051,0.0003,6.1495,35.5296,11.0352,27.1817,35.9418
240.0,479.0,11.0905,39.8719,98.6958,238.9854,0.0185,0.0001,99.6818,206.0197,49.2687,-16.0862,0.0,0.0001,2.4015,-0.001,6.1506,35.5288,11.03,27.1821,35.9424
241.0,481.0,11.0843,39.8659,98.695,238.2271,0.0174,0.0001,99.6546,206.0198,49.2687,-16.0862,0.0,0.0001,2.398,-0.002,6.1506,35.528,11.0236,27.1826,35.9432
242.0,483.0,11.0754,39.857,86.0452,238.7541,0.0223,0.0001,99.6633,206.0198,49.2687,-16.0862,0.0,0.0001,2.3972,-0.0002,6.1513,35.5266,11.0144,27.1832,35.9442
243.0,485.0,11.0795,39.8622,98.7,238.338,0.0189,0.0001,99.7039,206.0198,49.2687,-16.0862,0.0,0.0001,2.3953,-0.0011,6.1535,35.5272,11.0184,27.1829,35.9438
244.0,487.0,11.0628,39.8445,72.775,237.1229,0.0186,0.0001,99.7137,206.0198,49.2687,-16.0862,0.0,0.0001,2.3912,-0.0026,6.1535,35.5247,11.0014,27.1841,35.9456
245.0,489.0,11.0585,39.841,86.0207,237.8745,0.0198,0.0001,99.7068,206.0199,49.2687,-16.0862,0.0,0.0001,2.3871,-0.0002,6.1537,35.5242,10.9968,27.1845,35.9463
246.0,491.0,11.0623,39.8452,98.695,237.1764,0.0189,0.0001,99.6798,206.0199,49.2687,-16.0862,0.0,0.0001,2.385,-0.0015,6.1554,35.5242,11.0004,27.1839,35.9455
247.0,493.0,11.048,39.8317,98.695,236.3677,0.0167,0.0001,99.7246,206.0199,49.2687,-16.0862,0.0,0.0001,2.3796,-0.0021,6.1555,35.5236,10.9859,27.186,35.9482
248.0,495.0,11.0428,39.8275,98.6913,236.8439,0.0172,0.0001,99.7171,206.02,49.2687,-16.0862,0.0,0.0001,2.3783,-0.0006,6.1574,35.5233,10.9805,27.1868,35.9492
249.0,497.0,11.0321,39.8164,98.6952,235.846,0.0224,0.0001,99.7246,206.02,49.2687,-16.0862,0.0,0.0001,2.3732,-0.002,6.1591,35.5217,10.9695,27.1876,35.9505
250.0,499.0,11.0196,39.8034,98.7,234.0131,0.0203,0.0001,99.7153,206.02,49.2687,-16.0862,0.0,0.0001,2.3626,-0.0039,6.1609,35.5198,10.9568,27.1884,35.9519
251.0,501.0,11.0044,39.7878,98.695,232.3437,0.0231,0.0001,99.6899,206.0201,49.2687,-16.0862,0.0,0.0001,2.3523,-0.0051,6.1588,35.5181,10.9414,27.1899,35.954
252.0,503.0,11.005,39.7896,88.3785,233.8756,0.0227,0.0001,99.7043,206.0201,49.2687,-16.0862,0.0,0.0001,2.352,-0.0006,6.1615,35.5185,10.9418,27.1901,35.9542
253.0,505.0,11.004,39.7889,92.9689,232.7161,0.0195,0.0001,99.6957,206.0201,49.2687,-16.0862,0.0,0.0001,2.3475,-0.0026,6.162,35.518,10.9405,27.1899,35.9541
254.0,507.0,10.9992,39.785,98.6979,232.759,0.0184,0.0001,99.7016,206.0202,49.2687,-16.0862,0.0,0.0001,2.3438,-0.0013,6.1622,35.5177,10.9355,27.1906,35.955
255.0,509.0,10.9982,39.7851,84.5478,233.0255,0.0223,0.0001,99.6957,206.0202,49.2687,-16.0862,0.0,0.0001,2.3431,-0.0004,6.1625,35.518,10.9342,27.1911,35.9555
256.0,511.0,10.9958,39.7835,98.7631,233.141,0.0198,0.0001,99.701,206.0202,49.2687,-16.0862,0.0,0.0001,2.3429,-0.0001,6.1633,35.5177,10.9316,27.1914,35.9559
257.0,513.0,10.9894,39.7781,98.7069,232.6558,0.0203,0.0001,99.6957,206.0202,49.2687,-16.0862,0.0,0.0001,2.3403,-0.0009,6.1637,35.5176,10.9249,27.1925,35.9573
258.0,515.0,10.9875,39.7775,98.697,232.0519,0.0236,0.0001,99.6957,206.0203,49.2687,-16.0862,0.0,0.0001,2.3365,-0.0014,6.163,35.5179,10.9228,27.1931,35.958
259.0,517.0,10.99,39.784,81.4338,230.3221,0.0196,0.0001,99.6655,206.0203,49.2687,-16.0862,0.0,0.0001,2.3281,-0.0036,6.1628,35.5212,10.925,27.1953,35.96
260.0,519.0,10.9931,39.7913,98.6877,229.2605,0.0206,0.0001,99.6779,206.0203,49.2687,-16.0862,0.0,0.0001,2.3208,-0.004,6.1628,35.5245,10.9279,27.1974,35.9619
261.0,521.0,10.9923,39.7909,98.5197,229.9337,0.0204,0.0001,99.6834,206.0204,49.2687,-16.0862,0.0,0.0001,2.3179,-0.0012,6.1627,35.524,10.9268,27.1972,35.9618
262.0,523.0,10.9924,39.7921,98.6862,229.2507,0.0244,0.0001,99.6681,206.0204,49.2687,-16.0862,0.0,0.0001,2.3127,-0.0015,6.163,35.5243,10.9266,27.1974,35.962
263.0,525.0,10.991,39.7921,98.6855,229.1327,0.0231,0.0001,99.6782,206.0204,49.2687,-16.0862,0.0,0.0001,2.3104,-0.0012,6.1631,35.5249,10.925,27.1982,35.9629
264.0,527.0,10.9877,39.7905,86.5386,229.5966,0.0213,0.0001,99.6529,206.0205,49.2687,-16.0862,0.0,0.0001,2.3094,0.0002,6.1632,35.5253,10.9214,27.1991,35.9639
265.0,529.0,10.9905,39.7931,98.6875,229.1214,0.0234,0.0001,99.6385,206.0205,49.2687,-16.0862,0.0,0.0001,2.3086,-0.0011,6.1639,35.5246,10.924,27.1981,35.9628
266.0,531.0,10.985,39.7899,98.1855,228.5661,0.0239,0.0001,99.6708,206.0205,49.2687,-16.0862,0.0,0.0001,2.3059,-0.0017,6.1636,35.5258,10.9183,27.2,35.965
267.0,533.0,10.9808,39.7863,98.5957,228.848,0.0216,0.0001,99.6505,206.0206,49.2687,-16.0862,0.0,0.0001,2.3035,-0.0006,6.1668,35.5251,10.9137,27.2003,35.9655
268.0,535.0,10.9642,39.7678,98.6976,229.5247,0.0218,0.0001,99.6587,206.0206,49.2687,-16.0862,0.0,0.0001,2.3043,0.0006,6.1718,35.5219,10.897,27.2009,35.9668
269.0,537.0,10.9292,39.7291,83.5529,230.1126,0.0184,0.0001,99.6691,206.0206,49.2686,-16.0862,0.0,0.0001,2.3065,0.0007,6.1774,35.5161,10.8618,27.2028,35.9702
270.0,539.0,10.8875,39.6826,91.6947,229.911,0.025,0.0001,99.6669,206.0206,49.2686,-16.0862,0.0,0.0001,2.3063,-0.0002,6.1803,35.509,10.82,27.2048,35.974
271.0,541.0,10.8631,39.6565,98.6989,228.9772,0.0224,0.0001,99.6686,206.0207,49.2686,-16.0862,0.0,0.0001,2.302,-0.0017,6.1838,35.5055,10.7954,27.2065,35.9768
272.0,543.0,10.8366,39.6277,98.6895,229.1506,0.0209,0.0001,99.6737,206.0207,49.2686,-16.0862,0.0,0.0001,2.3004,-0.0006,6.1861,35.5014,10.7689,27.2081,35.9795
273.0,545.0,10.8252,39.6151,66.554,229.0199,0.0205,0.0001,99.6539,206.0207,49.2686,-16.0862,0.0,0.0001,2.2979,-0.0007,6.1861,35.499,10.7573,27.2083,35.9802
274.0,547.0,10.8203,39.6106,98.6868,229.5785,0.0248,0.0001,99.6669,206.0208,49.2686,-16.0862,0.0,0.0001,2.2991,0.0006,6.1839,35.4982,10.7522,27.2086,35.9808
275.0,549.0,10.8196,39.6102,94.0936,229.4748,0.0232,0.0001,99.6643,206.0208,49.2686,-16.0862,0.0,0.0001,2.298,-0.0003,6.1911,35.4977,10.7512,27.2084,35.9806
276.0,551.0,10.7847,39.5694,98.6868,229.3432,0.0178,0.0001,99.6277,206.0208,49.2686,-16.0862,0.0,0.0001,2.2963,-0.0007,6.1972,35.4896,10.7161,27.2084,35.9822
277.0,553.0,10.7468,39.5301,98.6932,229.8156,0.0181,0.0001,99.6887,206.0209,49.2686,-16.0862,0.0,0.0001,2.2968,0.0002,6.1985,35.4859,10.6782,27.2123,35.9877
278.0,555.0,10.7359,39.5191,98.695,229.616,0.0224,0.0001,99.6788,206.0209,49.2686,-16.0862,0.0,0.0001,2.2964,-0.0004,6.1986,35.4845,10.667,27.2133,35.9891
279.0,557.0,10.7348,39.5191,90.9528,230.1692,0.0205,0.0001,99.6864,206.0209,49.2686,-16.0862,0.0,0.0001,2.2977,0.0004,6.1985,35.4847,10.6656,27.2136,35.9895
280.0,559.0,10.7347,39.5199,98.6933,229.3589,0.0215,0.0001,99.6851,206.021,49.2686,-16.0862,0.0,0.0001,2.2958,-0.0012,6.1983,35.4847,10.6653,27.2137,35.9896
281.0,561.0,10.7342,39.5205,98.6932,229.8365,0.0211,0.0001,99.6957,206.021,49.2686,-16.0862,0.0,0.0001,2.2958,0.0,6.1985,35.4848,10.6646,27.2139,35.9899
282.0,563.0,10.7354,39.5223,90.8131,229.7266,0.0231,0.0001,99.6554,206.021,49.2686,-16.0862,0.0,0.0001,2.2952,-0.0003,6.1991,35.4848,10.6656,27.2137,35.9896
283.0,565.0,10.7334,39.5221,87.7143,228.8202,0.0219,0.0001,99.6987,206.021,49.2686,-16.0862,0.0,0.0001,2.2915,-0.0018,6.1989,35.4857,10.6633,27.2148,35.9908
284.0,567.0,10.7172,39.5056,96.9531,229.1056,0.0254,0.0001,99.6602,206.0211,49.2686,-16.0862,0.0,0.0001,2.2898,-0.0006,6.2018,35.4837,10.6469,27.2162,35.9929
285.0,569.0,10.712,39.5011,98.6931,229.2905,0.021,0.0001,99.7003,206.0211,49.2686,-16.0862,0.0,0.0001,2.2889,0.0,6.202,35.4833,10.6415,27.2168,35.9938
286.0,571.0,10.7069,39.4967,92.2949,229.5699,0.0217,0.0001,99.6932,206.0211,49.2686,-16.0862,0.0,0.0001,2.2896,0.0003,6.2025,35.4829,10.636,27.2176,35.9947
287.0,573.0,10.7068,39.4971,98.6923,229.3023,0.0208,0.0001,99.6996,206.0212,49.2686,-16.0862,0.0,0.0001,2.2891,-0.0004,6.2021,35.4827,10.6357,27.2174,35.9946
288.0,575.0,10.7091,39.5014,98.6939,229.1503,0.0311,0.0001,99.6762,206.0212,49.2686,-16.0862,0.0,0.0001,2.288,-0.0004,6.2002,35.4839,10.6378,27.218,35.9951
289.0,577.0,10.723,39.5203,98.6956,228.195,0.0264,0.0001,99.6938,206.0212,49.2686,-16.0862,0.0,0.0001,2.284,-0.002,6.202,35.4886,10.6514,27.2192,35.9957
290.0,579.0,10.7131,39.5104,89.3697,228.0126,0.0207,0.0001,99.6968,206.0213,49.2686,-16.0862,0.0,0.0001,2.2804,-0.0013,6.203,35.4874,10.6413,27.2201,35.9969
291.0,581.0,10.7017,39.4988,98.6924,228.4685,0.0213,0.0001,99.6994,206.0213,49.2686,-16.0862,0.0,0.0001,2.2799,0.0001,6.2001,35.4858,10.6297,27.2209,35.9983
292.0,583.0,10.7246,39.53,85.8449,226.9435,0.0197,0.0001,99.6968,206.0213,49.2686,-16.0862,0.0,0.0001,2.2746,-0.0023,6.1974,35.494,10.6522,27.2233,35.9996
293.0,585.0,10.7402,39.5508,98.68,226.1044,0.023,0.0001,99.6957,206.0214,49.2686,-16.0862,0.0,0.0001,2.2686,-0.0026,6.1976,35.4988,10.6675,27.2243,36.0
294.0,587.0,10.7389,39.551,93.5399,226.7946,0.0197,0.0001,99.6957,206.0214,49.2686,-16.0862,0.0,0.0001,2.2672,-0.0004,6.1984,35.4995,10.6659,27.2251,36.0008
295.0,589.0,10.7368,39.5494,98.6909,227.1003,0.0186,0.0001,99.6842,206.0214,49.2686,-16.0862,0.0,0.0001,2.2676,0.0002,6.1979,35.499,10.6635,27.2251,36.0009
296.0,591.0,10.7356,39.5489,98.68,225.9936,0.0178,0.0001,99.7011,206.0214,49.2685,-16.0862,0.0,0.0001,2.2645,-0.0019,6.1985,35.4989,10.6622,27.2253,36.0012
297.0,593.0,10.7325,39.5472,98.5881,226.0544,0.0186,0.0001,99.6988,206.0215,49.2685,-16.0862,0.0,0.0001,2.2617,-0.001,6.1983,35.4993,10.6588,27.2263,36.0023
298.0,595.0,10.7252,39.5401,98.6879,226.0502,0.0196,0.0001,99.6856,206.0215,49.2685,-16.0862,0.0,0.0001,2.2602,-0.0008,6.2013,35.4983,10.6513,27.2268,36.0031
299.0,597.0,10.71,39.5241,98.6864,225.0736,0.0196,0.0001,99.6845,206.0215,49.2685,-16.0862,0.0,0.0001,2.2547,-0.0021,6.2041,35.496,10.6358,27.2278,36.0048
300.0,599.0,10.6951,39.5091,86.5853,223.7653,0.02,0.0001,99.6937,206.0216,49.2685,-16.0862,0.0,0.0001,2.2475,-0.0033,6.2043,35.4945,10.6208,27.2293,36.0069
301.0,601.0,10.6892,39.5063,94.5712,221.6946,0.0211,0.0001,99.6957,206.0216,49.2685,-16.0862,0.0,0.0001,2.2349,-0.0048,6.2039,35.4965,10.6146,27.2319,36.0098
302.0,603.0,10.6918,39.5126,98.6876,220.2593,0.0193,0.0001,99.6884,206.0216,49.2685,-16.0862,0.0,0.0001,2.224,-0.0048,6.2038,35.4995,10.617,27.2339,36.0116
303.0,605.0,10.6926,39.5153,98.4702,218.9993,0.0214,0.0001,99.6971,206.0217,49.2685,-16.0862,0.0,0.0001,2.2124,-0.0044,6.2041,35.5005,10.6176,27.2346,36.0122
304.0,607.0,10.6899,39.5137,98.684,219.0977,0.022,0.0001,99.6999,206.0217,49.2685,-16.0862,0.0,0.0001,2.2065,-0.0022,6.2038,35.5006,10.6145,27.2352,36.013
305.0,609.0,10.6921,39.519,98.68,215.3116,0.0222,0.0001,99.6813,206.0217,49.2685,-16.0862,0.0,0.0001,2.1914,-0.0073,6.2045,35.503,10.6165,27.2367,36.0144
306.0,611.0,10.6871,39.5162,73.2086,210.403,0.0201,0.0001,99.6619,206.0217,49.2685,-16.0862,0.0,0.0001,2.1626,-0.011,6.2049,35.504,10.6113,27.2384,36.0163
307.0,613.0,10.6833,39.5135,93.3962,210.9622,0.0185,0.0001,99.6844,206.0218,49.2685,-16.0862,0.0,0.0001,2.1486,-0.0046,6.2046,35.504,10.6072,27.2391,36.0172
308.0,615.0,10.6787,39.5095,98.6744,212.8839,0.0201,0.0001,99.6646,206.0218,49.2685,-16.0862,0.0,0.0001,2.1489,0.0004,6.2057,35.5034,10.6024,27.2395,36.0178
309.0,617.0,10.6789,39.51,98.6858,211.6074,0.0187,0.0001,99.6825,206.0218,49.2685,-16.0862,0.0,0.0001,2.1454,-0.0022,6.2078,35.5032,10.6024,27.2393,36.0176
310.0,619.0,10.6681,39.4998,98.68,211.2391,0.0204,0.0001,99.6753,206.0219,49.2685,-16.0862,0.0,0.0001,2.1416,-0.0022,6.2099,35.5024,10.5914,27.2407,36.0195
311.0,621.0,10.6472,39.4767,70.7193,213.1916,0.0201,0.0001,99.6779,206.0219,49.2685,-16.0862,0.0,0.0001,2.1448,0.0017,6.2121,35.4985,10.5702,27.2415,36.0211
312.0,623.0,10.6316,39.4608,92.1777,214.844,0.0182,0.0001,99.6807,206.0219,49.2685,-16.0862,0.0,0.0001,2.1523,0.0034,6.2116,35.4968,10.5545,27.2429,36.0232
313.0,625.0,10.6148,39.4433,98.68,213.9901,0.0196,0.0001,99.6711,206.0219,49.2685,-16.0862,0.0,0.0001,2.1539,0.0,6.2172,35.4946,10.5375,27.2442,36.0253
314.0,627.0,10.5967,39.4247,98.6864,215.836,0.0199,0.0001,99.7015,206.022,49.2685,-16.0861,0.0,0.0001,2.1606,0.0026,6.2182,35.4924,10.5192,27.2457,36.0276
315.0,629.0,10.5866,39.4148,98.68,215.8877,0.0223,0.0001,99.6887,206.022,49.2685,-16.0861,0.0,0.0001,2.1631,0.0015,6.2197,35.4913,10.5089,27.2467,36.029
316.0,631.0,10.5782,39.4067,98.5996,216.3824,0.0227,0.0001,99.6997,206.022,49.2685,-16.0861,0.0,0.0001,2.1665,0.0014,6.2207,35.4905,10.5003,27.2476,36.0303
317.0,633.0,10.5697,39.3983,98.6885,216.7729,0.0217,0.0001,99.7016,206.022,49.2685,-16.0861,0.0,0.0001,2.1697,0.0012,6.2197,35.4892,10.4915,27.2482,36.0313
318.0,635.0,10.5623,39.3913,98.68,216.4535,0.0211,0.0001,99.6453,206.0221,49.2685,-16.0861,0.0,0.0001,2.1698,-0.0002,6.2237,35.4885,10.4839,27.249,36.0324
319.0,637.0,10.5521,39.3811,67.0137,216.733,0.0226,0.0001,99.6957,206.0221,49.2685,-16.0861,0.0,0.0001,2.1697,0.0001,6.2272,35.4873,10.4736,27.2499,36.0337
320.0,639.0,10.5325,39.3613,91.7887,215.9658,0.0228,0.0001,99.7074,206.0221,49.2685,-16.0861,0.0,0.0001,2.1672,-0.0012,6.228,35.4853,10.4538,27.2519,36.0365
321.0,641.0,10.5153,39.3445,98.6831,214.5037,0.0242,0.0001,99.6908,206.0222,49.2685,-16.0861,0.0,0.0001,2.1599,-0.0028,6.2286,35.4842,10.4363,27.254,36.0394
322.0,643.0,10.5128,39.3429,98.6835,214.5306,0.0237,0.0001,99.6985,206.0222,49.2685,-16.0861,0.0,0.0001,2.1552,-0.0015,6.2317,35.4842,10.4337,27.2546,36.0401
323.0,645.0,10.5012,39.3308,98.6843,214.247,0.0235,0.0001,99.7182,206.0222,49.2684,-16.0861,0.0,0.0001,2.1516,-0.0014,6.2343,35.4824,10.4218,27.2552,36.0412
324.0,647.0,10.483,39.3124,98.68,212.6382,0.0234,0.0001,99.7038,206.0222,49.2684,-16.0861,0.0,0.0001,2.1461,-0.0036,6.2313,35.4807,10.4036,27.2571,36.0439
325.0,649.0,10.4738,39.3036,98.6826,212.9951,0.021,0.0001,99.6418,206.0223,49.2684,-16.0861,0.0,0.0001,2.1405,-0.0014,6.2367,35.4798,10.3941,27.2581,36.0453
326.0,651.0,10.4578,39.288,98.68,209.172,0.0208,0.0001,99.7022,206.0223,49.2684,-16.0861,0.0,0.0001,2.1261,-0.0072,6.2412,35.4786,10.378,27.26,36.0479
327.0,653.0,10.4318,39.2622,98.68,207.9428,0.0226,0.0001,99.6264,206.0223,49.2684,-16.0861,0.0,0.0001,2.1166,-0.0071,6.2405,35.477,10.3519,27.2633,36.0523
328.0,655.0,10.4186,39.2495,85.0239,208.5881,0.0225,0.0001,99.6968,206.0223,49.2684,-16.0861,0.0,0.0001,2.11,-0.0033,6.2415,35.476,10.3385,27.2649,36.0545
329.0,657.0,10.4243,39.2567,96.1484,207.0366,0.0203,0.0001,99.6974,206.0224,49.2684,-16.0861,0.0,0.0001,2.0996,-0.004,6.2436,35.4769,10.3439,27.2647,36.054
330.0,659.0,10.4062,39.2394,98.6588,205.3444,0.0206,0.0001,99.6625,206.0224,49.2684,-16.0861,0.0,0.0001,2.0874,-0.0048,6.2462,35.4761,10.3256,27.2672,36.0574
331.0,661.0,10.3943,39.23,98.61,202.6188,0.0196,0.0001,99.6741,206.0224,49.2684,-16.0861,0.0,0.0001,2.0724,-0.0074,6.2471,35.4772,10.3135,27.2702,36.0609
332.0,663.0,10.3726,39.2077,98.68,202.7999,0.0191,0.0001,99.6737,206.0225,49.2684,-16.0861,0.0,0.0001,2.065,-0.0039,6.2457,35.475,10.2916,27.2723,36.0639
333.0,665.0,10.3781,39.2133,79.6948,203.4432,0.0214,0.0001,99.6414,206.0225,49.2684,-16.0861,0.0,0.0001,2.0614,-0.0017,6.2512,35.4744,10.2969,27.271,36.0623
334.0,667.0,10.3528,39.189,84.8727,200.2641,0.0207,0.0001,99.6957,206.0225,49.2684,-16.0861,0.0,0.0001,2.0498,-0.0061,6.2506,35.4735,10.2715,27.2747,36.0672
335.0,669.0,10.3433,39.1813,95.6542,200.3754,0.0237,0.0001,99.684,206.0225,49.2684,-16.0861,0.0,0.0001,2.0441,-0.004,6.2513,35.474,10.2617,27.2768,36.0696
336.0,671.0,10.348,39.1873,98.1905,200.8519,0.0221,0.0001,99.6831,206.0226,49.2684,-16.0861,0.0,0.0001,2.04,-0.0015,6.2518,35.4746,10.2661,27.2765,36.0692
337.0,673.0,10.3446,39.187,98.563,198.9683,0.0211,0.0001,99.6872,206.0226,49.2684,-16.0861,0.0,0.0001,2.0312,-0.0036,6.2522,35.4766,10.2625,27.2787,36.0715
338.0,675.0,10.3412,39.1868,98.68,197.9026,0.0226,0.0001,99.6858,206.0226,49.2684,-16.0861,0.0,0.0001,2.0242,-0.0039,6.2526,35.4788,10.2588,27.2811,36.074
339.0,677.0,10.3385,39.1875,98.68,197.6929,0.0185,0.0001,99.6914,206.0226,49.2684,-16.0861,0.0,0.0001,2.0175,-0.0027,6.252,35.4813,10.2559,27.2835,36.0765
340.0,679.0,10.3404,39.1899,84.7916,198.1471,0.0201,0.0001,99.6593,206.0227,49.2684,-16.0861,0.0,0.0001,2.0153,-0.0009,6.2534,35.481,10.2575,27.283,36.0759
341.0,681.0,10.3305,39.183,94.3346,196.3764,0.026,0.0001,99.6958,206.0227,49.2684,-16.0861,0.0,0.0001,2.008,-0.0033,6.2538,35.4826,10.2474,27.286,36.0793
342.0,683.0,10.3294,39.1828,98.68,196.4646,0.0229,0.0001,99.6957,206.0227,49.2684,-16.0861,0.0,0.0001,2.0051,-0.002,6.2535,35.4827,10.2461,27.2863,36.0797
343.0,685.0,10.3266,39.1807,98.68,196.7415,0.0231,0.0001,99.6912,206.0228,49.2684,-16.0861,0.0,0.0001,2.004,-0.001,6.2535,35.4824,10.2431,27.2866,36.0801
344.0,687.0,10.3224,39.1774,91.6663,196.8607,0.0236,0.0001,99.6793,206.0228,49.2684,-16.0861,0.0,0.0001,2.0026,-0.0007,6.26,35.4824,10.2387,27.2874,36.0811
345.0,689.0,10.2851,39.1377,98.68,195.6081,0.0258,0.0001,99.6857,206.0228,49.2684,-16.0861,0.0,0.0001,1.9969,-0.0023,6.2602,35.4775,10.2013,27.2901,36.0854
346.0,691.0,10.265,39.1196,98.68,195.6924,0.0248,0.0001,99.701,206.0228,49.2684,-16.0861,0.0,0.0001,1.9939,-0.0015,6.2613,35.4775,10.181,27.2937,36.0898
347.0,693.0,10.2672,39.123,98.68,195.5361,0.021,0.0001,99.6694,206.0229,49.2684,-16.0861,0.0,0.0001,1.992,-0.0013,6.2646,35.4784,10.183,27.294,36.09
348.0,695.0,10.2482,39.1047,95.2769,194.3081,0.0187,0.0001,99.7014,206.0229,49.2684,-16.0861,0.0,0.0001,1.9854,-0.0026,6.2686,35.4771,10.1638,27.2963,36.0932
349.0,697.0,10.235,39.0918,87.5021,193.5423,0.0221,0.0001,99.6825,206.0229,49.2684,-16.0861,0.0,0.0001,1.9786,-0.003,6.2734,35.4761,10.1504,27.2979,36.0954
350.0,699.0,10.1966,39.0504,97.0186,192.9832,0.0216,0.0001,99.6957,206.023,49.2684,-16.0861,0.0,0.0001,1.9738,-0.0028,6.2767,35.4706,10.112,27.3002,36.0994
351.0,701.0,10.1611,39.0142,98.68,192.7504,0.0198,0.0001,99.693,206.023,49.2684,-16.0861,0.0,0.0001,1.9704,-0.0022,6.2825,35.4676,10.0764,27.304,36.1047
352.0,703.0,10.1352,38.9853,98.68,191.9849,0.0219,0.0001,99.6918,206.023,49.2684,-16.0861,0.0,0.0001,1.9627,-0.0023,6.2798,35.4624,10.0504,27.3045,36.1064
353.0,705.0,10.0964,38.9462,77.7773,193.1054,0.0193,0.0001,99.6764,206.023,49.2684,-16.0861,0.0,0.0001,1.9629,0.0002,6.2856,35.4593,10.0115,27.3088,36.1124
354.0,707.0,10.1246,38.9767,98.6808,191.6742,0.0218,0.0001,99.6926,206.0231,49.2684,-16.0861,0.0,0.0001,1.958,-0.0026,6.2944,35.4624,10.0394,27.3064,36.1087
355.0,709.0,10.0524,38.9027,94.5066,190.5566,0.0214,0.0001,99.7021,206.0231,49.2684,-16.0861,0.0,0.0001,1.9516,-0.0032,6.2926,35.4564,9.9673,27.3142,36.1196
356.0,711.0,10.0367,38.8869,98.68,190.8337,0.0217,0.0001,99.6973,206.0231,49.2684,-16.0861,0.0,0.0001,1.947,-0.0016,6.2965,35.4546,9.9514,27.3155,36.1216
357.0,713.0,10.0308,38.8817,98.68,190.5036,0.0211,0.0001,99.6973,206.0231,49.2684,-16.086,0.0,0.0001,1.9451,-0.0015,6.2981,35.4544,9.9453,27.3163,36.1227
358.0,715.0,10.0165,38.8672,63.6753,190.7441,0.021,0.0001,99.6892,206.0232,49.2683,-16.086,0.0,0.0001,1.9414,-0.0005,6.2992,35.4526,9.9308,27.3175,36.1245
359.0,717.0,10.0071,38.8587,92.4291,190.3226,0.0215,0.0001,99.7017,206.0232,49.2683,-16.086,0.0,0.0001,1.9401,-0.0013,6.3058,35.4522,9.9213,27.3188,36.1262
360.0,719.0,9.9707,38.8192,98.68,189.2392,0.026,0.0001,99.6905,206.0232,49.2683,-16.086,0.0,0.0001,1.9343,-0.0026,6.3122,35.4464,9.8847,27.3205,36.1296
361.0,721.0,9.9066,38.7535,98.68,188.885,0.0209,0.0001,99.7045,206.0233,49.2683,-16.086,0.0,0.0001,1.9287,-0.0021,6.318,35.4409,9.8207,27.3272,36.139
362.0,723.0,9.8772,38.7235,98.68,188.4664,0.0216,0.0001,99.7086,206.0233,49.2683,-16.086,0.0,0.0001,1.9235,-0.002,6.3232,35.4382,9.7913,27.33,36.1432
363.0,725.0,9.8588,38.7034,98.68,188.266,0.0242,0.0001,99.7085,206.0233,49.2683,-16.086,0.0,0.0001,1.9194,-0.0018,6.3282,35.4348,9.7728,27.3306,36.1445
364.0,727.0,9.8232,38.6648,77.1531,188.3994,0.0219,0.0001,99.7093,206.0233,49.2683,-16.086,0.0,0.0001,1.9179,-0.0009,6.3286,35.4292,9.7371,27.3322,36.1478
365.0,729.0,9.7975,38.6373,98.68,188.7809,0.022,0.0001,99.6976,206.0234,49.2683,-16.086,0.0,0.0001,1.9179,0.0001,6.3264,35.4252,9.7112,27.3335,36.1502
366.0,731.0,9.7944,38.6346,76.8536,188.4374,0.0185,0.0001,99.699,206.0234,49.2683,-16.086,0.0,0.0001,1.9168,-0.0007,6.3307,35.4246,9.708,27.3336,36.1504
367.0,733.0,9.7894,38.6303,96.5584,188.4459,0.0192,0.0001,99.7091,206.0234,49.2683,-16.086,0.0,0.0001,1.9151,-0.0006,6.3325,35.4241,9.7027,27.3341,36.1512
368.0,735.0,9.773,38.6136,96.0357,188.6211,0.0219,0.0001,99.7092,206.0234,49.2683,-16.086,0.0,0.0001,1.9145,0.0001,6.3278,35.422,9.6861,27.3352,36.1531
369.0,737.0,9.8004,38.6516,98.68,188.1234,0.023,0.0001,99.7062,206.0235,49.2683,-16.086,0.0,0.0001,1.9138,-0.0007,6.3249,35.4335,9.7131,27.3396,36.1561
370.0,739.0,9.8239,38.6832,98.68,187.9669,0.0252,0.0001,99.6965,206.0235,49.2683,-16.086,0.0,0.0001,1.9122,-0.0005,6.324,35.4419,9.7363,27.3423,36.1577
371.0,741.0,9.8301,38.694,98.6242,188.0193,0.0217,0.0001,99.7025,206.0235,49.2683,-16.086,0.0,0.0001,1.9117,-0.0003,6.3219,35.4458,9.7421,27.3443,36.1595
372.0,743.0,9.8477,38.7177,98.68,187.5961,0.0206,0.0001,99.7246,206.0236,49.2683,-16.086,0.0,0.0001,1.9106,-0.0008,6.322,35.4519,9.7594,27.3461,36.1605
373.0,745.0,9.8815,38.7645,98.68,187.7522,0.0196,0.0001,99.667,206.0236,49.2683,-16.086,0.0,0.0001,1.9102,-0.0001,6.3145,35.4661,9.7928,27.3516,36.1643
374.0,747.0,9.8739,38.7574,98.68,185.898,0.0207,0.0001,99.7177,206.0236,49.2683,-16.086,0.0,0.0001,1.9053,-0.0029,6.3123,35.4656,9.785,27.3525,36.1656
375.0,749.0,9.9084,38.8024,80.2241,185.4254,0.0212,0.0001,99.7268,206.0236,49.2683,-16.086,0.0,0.0001,1.8993,-0.002,6.3072,35.4768,9.819,27.3555,36.1669
376.0,751.0,9.9378,38.844,95.2531,184.982,0.0205,0.0001,99.74,206.0237,49.2683,-16.086,0.0,0.0001,1.8944,-0.0019,6.3073,35.4896,9.848,27.3606,36.1706
377.0,753.0,9.9436,38.8575,98.68,183.9135,0.0254,0.0001,99.7291,206.0237,49.2683,-16.086,0.0,0.0001,1.8899,-0.0028,6.3074,35.4969,9.8535,27.3653,36.175
378.0,755.0,9.9422,38.8588,98.6809,184.4493,0.0207,0.0002,99.5815,206.0237,49.2683,-16.086,0.0,0.0001,1.8869,-0.0009,6.3113,35.4987,9.8519,27.367,36.1767
379.0,757.0,9.912,38.8251,98.68,183.3022,0.0199,0.0001,99.7208,206.0237,49.2683,-16.086,0.0,0.0001,1.8803,-0.0023,6.3103,35.493,9.8216,27.3677,36.1788
380.0,759.0,9.9158,38.838,98.68,183.0611,0.0237,0.0001,99.7325,206.0238,49.2683,-16.086,0.0,0.0001,1.8778,-0.0016,6.3094,35.5015,9.8252,27.3737,36.1845
381.0,761.0,9.9198,38.846,94.7962,182.5923,0.0259,0.0001,99.7134,206.0238,49.2683,-16.086,0.0,0.0001,1.8745,-0.0017,6.3091,35.5049,9.8289,27.3758,36.1864
382.0,763.0,9.9116,38.8412,85.0671,182.7234,0.0248,0.0001,99.7245,206.0238,49.2683,-16.086,0.0,0.0001,1.8726,-0.0008,6.3104,35.5068,9.8204,27.3787,36.1897
383.0,765.0,9.9155,38.8435,98.68,182.4526,0.0244,0.0001,99.7246,206.0239,49.2683,-16.086,0.0,0.0001,1.8694,-0.001,6.3115,35.5047,9.8241,27.3764,36.1872
384.0,767.0,9.9016,38.8343,98.68,182.2966,0.0243,0.0001,99.739,206.0239,49.2683,-16.086,0.0,0.0001,1.8687,-0.0009,6.3113,35.5079,9.81,27.3814,36.1927
385.0,769.0,9.9034,38.8395,84.3645,182.3038,0.0202,0.0001,99.7099,206.0239,49.2683,-16.086,0.0,0.0001,1.8669,-0.0005,6.3106,35.5104,9.8115,27.383,36.1943
386.0,771.0,9.9062,38.8435,98.68,182.2313,0.0232,0.0001,99.7288,206.0239,49.2683,-16.086,0.0,0.0001,1.8662,-0.0005,6.3101,35.511,9.8141,27.3831,36.1942
387.0,773.0,9.9088,38.854,98.68,181.7534,0.0185,0.0001,99.7516,206.024,49.2683,-16.086,0.0,0.0001,1.8657,-0.0011,6.3098,35.5183,9.8164,27.3884,36.1993
388.0,775.0,9.9097,38.8588,98.68,181.5021,0.023,0.0001,99.7322,206.024,49.2683,-16.086,0.0,0.0001,1.8612,-0.001,6.3121,35.5214,9.817,27.3907,36.2016
389.0,777.0,9.8961,38.8504,97.0292,181.8819,0.0205,0.0001,99.7363,206.024,49.2683,-16.086,0.0,0.0001,1.8604,-0.0001,6.3143,35.5252,9.8033,27.396,36.2074
390.0,779.0,9.8779,38.8343,74.3771,181.1452,0.02,0.0001,99.7246,206.0241,49.2682,-16.086,0.0,0.0001,1.859,-0.0012,6.3139,35.5257,9.785,27.3995,36.2117
391.0,781.0,9.8778,38.8369,98.7083,180.9893,0.0196,0.0001,99.7246,206.0241,49.2682,-16.086,0.0,0.0001,1.8557,-0.0011,6.3139,35.5277,9.7847,27.4011,36.2133
392.0,783.0,9.8765,38.8394,98.68,181.1655,0.0243,0.0001,99.7404,206.0241,49.2682,-16.086,0.0,0.0001,1.8547,-0.0004,6.3173,35.5306,9.7831,27.4037,36.2159
393.0,785.0,9.8492,38.8143,98.68,180.7744,0.0228,0.0001,99.7363,206.0241,49.2682,-16.086,0.0,0.0001,1.8529,-0.001,6.3206,35.5307,9.7556,27.4084,36.2218
394.0,787.0,9.8229,38.7894,75.6141,180.3662,0.0176,0.0001,99.7291,206.0242,49.2682,-16.086,0.0,0.0001,1.8498,-0.0013,6.3195,35.5301,9.7292,27.4124,36.2269
395.0,789.0,9.8188,38.7856,86.4229,180.8263,0.0221,0.0001,99.7218,206.0242,49.2682,-16.086,0.0,0.0001,1.8494,-0.0003,6.3234,35.5293,9.7249,27.4125,36.2272
396.0,791.0,9.8102,38.7779,98.68,180.4943,0.0213,0.0001,99.7366,206.0242,49.2682,-16.086,0.0,0.0001,1.8479,-0.0007,6.3243,35.5288,9.7161,27.4137,36.2287
397.0,793.0,9.8058,38.7735,98.68,180.4038,0.0245,0.0001,99.7246,206.0242,49.2682,-16.086,0.0,0.0001,1.847,-0.0008,6.324,35.5279,9.7115,27.4138,36.229
398.0,795.0,9.7925,38.7625,98.68,180.4377,0.0239,0.0001,99.7204,206.0243,49.2682,-16.086,0.0,0.0001,1.8462,-0.0005,6.3255,35.5289,9.6981,27.4168,36.2326
399.0,797.0,9.7927,38.7702,98.68,180.1668,0.0196,0.0001,99.7306,206.0243,49.2682,-16.086,0.0,0.0001,1.8437,-0.0007,6.3271,35.5356,9.698,27.4221,36.2378
400.0,799.0,9.788,38.7705,98.68,179.6268,0.0182,0.0001,99.7232,206.0243,49.2682,-16.086,0.0,0.0001,1.8423,-0.0013,6.3263,35.5397,9.693,27.4261,36.2419
401.0,801.0,9.7723,38.756,98.68,180.024,0.0206,0.0001,99.7114,206.0243,49.2682,-16.086,0.0,0.0001,1.8409,-0.0004,6.3288,35.5393,9.6772,27.4285,36.245
402.0,803.0,9.7663,38.7494,92.9371,179.7965,0.0232,0.0001,99.7177,206.0244,49.2682,-16.086,0.0,0.0001,1.8388,-0.0008,6.3337,35.5376,9.671,27.4282,36.245
403.0,805.0,9.7356,38.7223,80.8014,179.1306,0.0238,0.0001,99.7246,206.0244,49.2682,-16.086,0.0,0.0001,1.8351,-0.0015,6.3354,35.5388,9.6402,27.4343,36.2525
404.0,807.0,9.7235,38.7111,95.9783,179.0454,0.0205,0.0001,99.7399,206.0244,49.2682,-16.0859,0.0,0.0001,1.8335,-0.001,6.3341,35.5382,9.6279,27.4359,36.2546
405.0,809.0,9.7177,38.7068,98.68,179.5507,0.021,0.0001,99.6988,206.0245,49.2682,-16.086,0.0,0.0001,1.8336,0.0001,6.3348,35.5386,9.6219,27.4372,36.2561
406.0,811.0,9.7248,38.7142,88.6007,179.2579,0.0219,0.0001,99.7162,206.0245,49.2682,-16.086,0.0,0.0001,1.8324,-0.0005,6.3362,35.5385,9.6288,27.436,36.2547
407.0,813.0,9.7143,38.7068,98.68,179.0381,0.0209,0.0001,99.7294,206.0245,49.2682,-16.0859,0.0,0.0001,1.8311,-0.0007,6.3367,35.5402,9.618,27.4392,36.2583
408.0,815.0,9.7136,38.7088,98.68,179.0029,0.0196,0.0001,99.731,206.0245,49.2682,-16.0859,0.0,0.0001,1.8303,-0.0007,6.337,35.5421,9.6171,27.4408,36.2599
409.0,817.0,9.708,38.7039,98.68,179.0258,0.0183,0.0001,99.7198,206.0246,49.2682,-16.0859,0.0,0.0001,1.8294,-0.0004,6.3383,35.5417,9.6113,27.4415,36.2608
410.0,819.0,9.6994,38.696,98.68,178.954,0.0205,0.0001,99.7246,206.0246,49.2682,-16.0859,0.0,0.0001,1.8273,-0.0005,6.342,35.5411,9.6025,27.4425,36.2622
411.0,821.0,9.6736,38.6736,76.9338,178.6295,0.0251,0.0001,99.7318,206.0246,49.2682,-16.0859,0.0,0.0001,1.8257,-0.0008,6.3417,35.5424,9.5766,27.4479,36.2687
412.0,823.0,9.6716,38.6742,98.68,178.3303,0.0237,0.0001,99.7246,206.0246,49.2682,-16.0859,0.0,0.0001,1.8242,-0.001,6.341,35.5442,9.5744,27.4496,36.2705
413.0,825.0,9.6733,38.6766,98.6483,178.468,0.0191,0.0001,99.7187,206.0247,49.2682,-16.0859,0.0,0.0001,1.8229,-0.0006,6.3444,35.5441,9.5758,27.4493,36.2701
414.0,827.0,9.6543,38.6599,98.68,178.2783,0.0207,0.0001,99.7388,206.0247,49.2682,-16.0859,0.0,0.0001,1.8217,-0.0007,6.3462,35.5448,9.5566,27.4531,36.2747
415.0,829.0,9.6386,38.6473,98.68,178.6257,0.0212,0.0001,99.7246,206.0247,49.2682,-16.0859,0.0,0.0001,1.8217,0.0001,6.3466,35.5461,9.5408,27.4568,36.2791
416.0,831.0,9.6355,38.6455,79.0515,178.5415,0.0197,0.0001,99.7213,206.0248,49.2682,-16.0859,0.0,0.0001,1.8211,-0.0003,6.348,35.5465,9.5374,27.4577,36.2801
417.0,833.0,9.6317,38.6438,92.5017,178.427,0.0205,0.0001,99.7492,206.0248,49.2682,-16.0859,0.0,0.0001,1.8196,-0.0003,6.3488,35.5476,9.5334,27.4592,36.2818
418.0,835.0,9.6135,38.63,98.68,178.4686,0.0235,0.0001,99.7502,206.0248,49.2682,-16.0859,0.0,0.0001,1.8193,-0.0003,6.3522,35.5504,9.5151,27.4644,36.2877
419.0,837.0,9.5988,38.6164,98.5457,178.4519,0.0177,0.0001,99.7352,206.0248,49.2682,-16.0859,0.0,0.0001,1.8182,-0.0004,6.3563,35.5501,9.5002,27.4667,36.2906
420.0,839.0,9.5863,38.6047,98.68,178.4119,0.0206,0.0001,99.7535,206.0249,49.2682,-16.0859,0.0,0.0001,1.8173,-0.0005,6.3588,35.5495,9.4876,27.4683,36.2928
421.0,841.0,9.5534,38.5684,98.68,179.2453,0.0185,0.0001,99.739,206.0249,49.2682,-16.0859,0.0,0.0001,1.8187,0.0004,6.3681,35.5435,9.4547,27.4692,36.2952
422.0,843.0,9.4935,38.5018,96.7515,179.7607,0.0197,0.0001,99.7246,206.0249,49.2682,-16.0859,0.0,0.0001,1.8205,0.0008,6.3743,35.5329,9.3949,27.4708,36.2995
423.0,845.0,9.45,38.4544,78.7447,180.6768,0.0256,0.0001,99.7143,206.0249,49.2682,-16.0859,0.0,0.0001,1.8242,0.0015,6.3756,35.5261,9.3514,27.4727,36.3034
424.0,847.0,9.4406,38.4461,91.6781,180.4179,0.0223,0.0001,99.7127,206.025,49.2682,-16.0859,0.0,0.0001,1.8253,0.0003,6.3775,35.5257,9.3418,27.474,36.3051
425.0,849.0,9.4293,38.4363,98.68,180.0534,0.0209,0.0001,99.7143,206.025,49.2682,-16.0859,0.0,0.0001,1.8243,-0.0003,6.3765,35.5258,9.3303,27.476,36.3076
426.0,851.0,9.4141,38.4222,83.8654,180.4484,0.0204,0.0001,99.7061,206.025,49.2682,-16.0859,0.0,0.0001,1.825,0.0001,6.38,35.5253,9.315,27.4781,36.3103
427.0,853.0,9.396,38.4047,98.6787,179.7635,0.019,0.0001,99.7111,206.0251,49.2682,-16.0859,0.0,0.0001,1.8223,-0.0011,6.3873,35.5241,9.2968,27.4802,36.3133
428.0,855.0,9.3648,38.3716,98.68,179.74,0.019,0.0001,99.737,206.0251,49.2682,-16.0859,0.0,0.0001,1.8199,-0.0009,6.3896,35.5198,9.2655,27.4819,36.3164
429.0,857.0,9.3475,38.3554,98.68,179.9667,0.0194,0.0001,99.7289,206.0251,49.2682,-16.0859,0.0,0.0001,1.8195,-0.0004,6.3914,35.5193,9.2481,27.4845,36.3197
430.0,859.0,9.3321,38.3404,98.68,180.454,0.0237,0.0001,99.715,206.0251,49.2682,-16.0859,0.0,0.0001,1.8201,0.0004,6.3905,35.5179,9.2325,27.4859,36.3219
431.0,861.0,9.3208,38.3292,80.8496,180.3155,0.0263,0.0001,99.6822,206.0252,49.2682,-16.0859,0.0,0.0001,1.8198,-0.0004,6.4026,35.5165,9.2211,27.4867,36.3232
432.0,863.0,9.2876,38.2874,96.0535,179.7753,0.0201,0.0001,99.7246,206.0252,49.2682,-16.0859,0.0,0.0001,1.8169,-0.0012,6.4067,35.505,9.1878,27.4832,36.3212
433.0,865.0,9.1725,38.1642,98.68,181.8151,0.018,0.0001,99.728,206.0252,49.2682,-16.0859,0.0,0.0001,1.8213,0.0019,6.4144,35.4898,9.0732,27.49,36.3333
434.0,867.0,9.182,38.1778,98.68,180.6859,0.0221,0.0001,99.7246,206.0252,49.2682,-16.0859,0.0,0.0001,1.8191,-0.001,6.4304,35.4939,9.0824,27.4917,36.3345
435.0,869.0,9.0637,38.0464,98.68,181.217,0.0217,0.0001,99.7246,206.0253,49.2682,-16.0859,0.0,0.0001,1.8182,0.0001,6.4252,35.4731,8.9646,27.4946,36.3428
436.0,871.0,9.0134,37.9903,79.0819,182.2246,0.017,0.0001,99.7212,206.0253,49.2682,-16.0859,0.0,0.0001,1.8217,0.0009,6.4431,35.4637,8.9144,27.4952,36.3458
437.0,873.0,8.99,37.9637,89.3744,182.1066,0.0212,0.0001,99.7374,206.0253,49.2682,-16.0859,0.0,0.0001,1.8217,0.0003,6.4445,35.4583,8.891,27.4948,36.3464
438.0,875.0,8.9718,37.9456,98.68,182.6098,0.0223,0.0001,99.739,206.0253,49.2682,-16.0859,0.0,0.0001,1.8226,0.0009,6.4429,35.4564,8.8727,27.4962,36.3487
439.0,877.0,8.9618,37.9382,98.68,182.286,0.0202,0.0001,99.7249,206.0254,49.2682,-16.0859,0.0,0.0001,1.8224,-0.0003,6.4519,35.4578,8.8625,27.499,36.3519
440.0,879.0,8.9288,37.9022,98.68,182.2904,0.0196,0.0001,99.7463,206.0254,49.2682,-16.0859,0.0,0.0001,1.822,-0.0002,6.4528,35.4519,8.8295,27.4996,36.3541
441.0,881.0,8.9105,37.8861,98.68,182.4399,0.0201,0.0001,99.7305,206.0254,49.2682,-16.0858,0.0,0.0001,1.8217,0.0,6.4523,35.452,8.811,27.5027,36.358
442.0,883.0,8.919,37.9009,98.68,182.4997,0.0191,0.0001,99.7487,206.0255,49.2682,-16.0859,0.0,0.0001,1.8217,0.0001,6.4511,35.4583,8.8192,27.5063,36.3611
443.0,885.0,8.9281,37.9144,98.68,182.5587,0.0178,0.0001,99.739,206.0255,49.2682,-16.0858,0.0,0.0001,1.8217,0.0001,6.4526,35.4625,8.8281,27.5082,36.3625
444.0,887.0,8.9162,37.9013,80.873,182.7197,0.0205,0.0001,99.7602,206.0255,49.2682,-16.0858,0.0,0.0001,1.8209,-0.0004,6.4694,35.4597,8.816,27.5079,36.3628
445.0,889.0,8.8362,37.8109,97.4615,182.8456,0.0189,0.0001,99.7824,206.0255,49.2682,-16.0858,0.0,0.0001,1.8193,-0.0007,6.488,35.4433,8.7362,27.5078,36.3665
446.0,891.0,8.6942,37.6489,95.1453,184.449,0.0185,0.0001,99.779,206.0256,49.2682,-16.0858,0.0,0.0001,1.8217,0.0012,6.5026,35.4135,8.595,27.5068,36.3721
447.0,893.0,8.5858,37.5302,98.68,184.4133,0.0233,0.0001,99.7803,206.0256,49.2682,-16.0858,0.0,0.0001,1.8224,0.0005,6.5076,35.3955,8.4871,27.5096,36.38
448.0,895.0,8.555,37.4961,81.4519,185.2104,0.0223,0.0001,99.7842,206.0256,49.2682,-16.0858,0.0,0.0001,1.8254,0.0011,6.513,35.3892,8.4563,27.5096,36.3813
449.0,897.0,8.535,37.4741,98.68,185.418,0.0205,0.0001,99.7927,206.0256,49.2682,-16.0858,0.0,0.0001,1.826,0.0005,6.5237,35.3849,8.4362,27.5093,36.3821
450.0,899.0,8.4918,37.4274,98.68,185.6092,0.0223,0.0001,99.7878,206.0257,49.2682,-16.0858,0.0,0.0001,1.8254,0.0,6.5396,35.3779,8.393,27.5105,36.3852
451.0,901.0,8.3608,37.2843,98.68,186.6885,0.022,0.0001,99.8112,206.0257,49.2682,-16.0858,0.0,0.0001,1.8289,0.0012,6.545,35.356,8.2627,27.5135,36.3944
452.0,903.0,8.315,37.2327,95.0227,187.0711,0.0224,0.0001,99.8165,206.0257,49.2682,-16.0858,0.0,0.0001,1.8311,0.0005,6.5576,35.3461,8.2169,27.5128,36.3958
453.0,905.0,8.2576,37.1683,82.1633,186.8674,0.0227,0.0001,99.817,206.0258,49.2682,-16.0858,0.0,0.0001,1.8305,-0.0002,6.5616,35.3339,8.1597,27.5119,36.3977
454.0,907.0,8.1726,37.0691,98.626,188.265,0.0222,0.0001,99.8335,206.0258,49.2682,-16.0858,0.0,0.0001,1.8343,0.0018,6.5609,35.3124,8.075,27.508,36.3979
455.0,909.0,8.0684,36.9671,98.6451,188.3979,0.022,0.0001,99.7995,206.0258,49.2682,-16.0858,0.0,0.0001,1.8333,-0.0001,6.6023,35.3071,7.9713,27.5195,36.4141
456.0,911.0,7.99,36.8664,98.68,189.6118,0.0211,0.0001,99.8353,206.0258,49.2682,-16.0858,0.0,0.0001,1.833,0.0011,6.6231,35.2769,7.8933,27.5075,36.4061
457.0,913.0,7.7898,36.6552,98.68,191.9269,0.0234,0.0001,99.8318,206.0259,49.2682,-16.0858,0.0,0.0001,1.8406,0.0037,6.6285,35.2506,7.6942,27.5164,36.4245
458.0,915.0,7.7643,36.6288,80.7869,192.0769,0.0219,0.0001,99.835,206.0259,49.2682,-16.0858,0.0,0.0001,1.8437,0.0023,6.6365,35.2469,7.6687,27.5173,36.4266
459.0,917.0,7.7355,36.5979,93.1514,192.1716,0.0211,0.0001,99.8401,206.0259,49.2682,-16.0858,0.0,0.0001,1.8462,0.0015,6.6345,35.2417,7.6399,27.5175,36.4281
460.0,919.0,7.746,36.6119,98.68,192.2081,0.0188,0.0001,99.8419,206.0259,49.2682,-16.0858,0.0,0.0001,1.8498,0.0009,6.6329,35.2453,7.6501,27.5188,36.4289
461.0,921.0,7.7642,36.6358,98.1473,191.7421,0.0182,0.0001,99.8649,206.026,49.2682,-16.0858,0.0,0.0001,1.8498,-0.0002,6.6325,35.2515,7.6679,27.521,36.4302
462.0,923.0,7.7237,36.5942,98.68,192.264,0.0208,0.0001,99.8652,206.026,49.2682,-16.0858,0.0,0.0001,1.8501,0.0001,6.6437,35.2463,7.6275,27.5229,36.4341
463.0,925.0,7.7264,36.6008,98.68,191.7942,0.0219,0.0,99.8298,206.026,49.2682,-16.0858,0.0,0.0001,1.8486,-0.0009,6.6522,35.2502,7.63,27.5256,36.4366
464.0,927.0,7.641,36.5067,62.4729,193.0059,0.022,0.0,99.8942,206.0261,49.2682,-16.0858,0.0,0.0001,1.8504,0.001,6.6503,35.2336,7.5449,27.525,36.4401
465.0,929.0,7.637,36.505,98.68,193.933,0.0214,0.0,99.8496,206.0261,49.2682,-16.0858,0.0,0.0001,1.8547,0.0018,6.651,35.2347,7.5407,27.5264,36.4417
466.0,931.0,7.6462,36.5203,93.6969,193.5701,0.0185,0.0,99.9023,206.0261,49.2682,-16.0858,0.0,0.0001,1.8557,0.0008,6.6445,35.2412,7.5497,27.5303,36.445
467.0,933.0,7.6832,36.5679,98.68,193.0857,0.0222,0.0,99.9184,206.0261,49.2682,-16.0857,0.0,0.0001,1.8557,-0.0003,6.6434,35.2545,7.5862,27.5354,36.4483
468.0,935.0,7.6836,36.5708,78.6403,192.9049,0.0182,0.0,99.9234,206.0262,49.2682,-16.0857,0.0,0.0001,1.8552,-0.0004,6.6421,35.2563,7.5864,27.5367,36.4496
469.0,937.0,7.7054,36.5993,98.68,193.3423,0.0158,0.0,99.9229,206.0262,49.2682,-16.0857,0.0,0.0001,1.8557,0.0002,6.6418,35.2639,7.6078,27.5396,36.4514
470.0,939.0,7.7069,36.5999,98.68,193.0068,0.0207,0.0,99.9405,206.0262,49.2682,-16.0857,0.0,0.0001,1.8548,-0.0005,6.6448,35.2622,7.6091,27.5381,36.4498
471.0,941.0,7.6756,36.5682,98.68,193.0274,0.0191,0.0,99.9556,206.0262,49.2682,-16.0857,0.0,0.0001,1.8529,-0.0003,6.6456,35.2585,7.5777,27.5398,36.453
472.0,943.0,7.639,36.531,98.68,193.6405,0.0197,0.0,99.9535,206.0263,49.2682,-16.0857,0.0,0.0001,1.8542,0.0004,6.6521,35.2542,7.5411,27.5417,36.4567
473.0,945.0,7.6287,36.5218,70.1207,193.2275,0.0227,0.0,99.9556,206.0263,49.2682,-16.0857,0.0,0.0001,1.8535,-0.0003,6.6494,35.2538,7.5308,27.543,36.4584
474.0,947.0,7.6427,36.5393,95.2044,193.3089,0.0224,0.0,99.9556,206.0263,49.2682,-16.0857,0.0,0.0001,1.8535,0.0,6.6451,35.2577,7.5444,27.544,36.4588
475.0,949.0,7.6768,36.5821,98.68,193.0054,0.0244,0.0,99.9556,206.0263,49.2682,-16.0857,0.0,0.0001,1.8531,-0.0003,6.6392,35.2685,7.578,27.5476,36.4607
476.0,951.0,7.7115,36.6252,98.68,192.5428,0.0237,0.0,99.9556,206.0264,49.2682,-16.0857,0.0,0.0001,1.8512,-0.0008,6.6384,35.2791,7.6122,27.5509,36.4623
477.0,953.0,7.7146,36.6304,77.8915,192.9105,0.0235,0.0,99.9845,206.0264,49.2682,-16.0857,0.0,0.0001,1.85,-0.0007,6.6579,35.2807,7.615,27.5517,36.4629
478.0,955.0,7.611,36.5156,96.83,192.6146,0.0217,0.0,99.9888,206.0264,49.2682,-16.0857,0.0,0.0001,1.848,-0.0009,6.66,35.26,7.512,27.5506,36.4668
479.0,957.0,7.5455,36.4463,91.3761,195.0491,0.021,0.0,99.9525,206.0265,49.2682,-16.0857,0.0,0.0001,1.8519,0.0024,6.6629,35.2502,7.4467,27.5523,36.4717
480.0,959.0,7.5628,36.4667,98.68,194.3418,0.0244,0.0,99.9523,206.0265,49.2682,-16.0857,0.0,0.0001,1.854,0.0006,6.659,35.2541,7.4637,27.553,36.4715
481.0,961.0,7.578,36.4901,98.68,194.5063,0.0251,0.0,99.9845,206.0265,49.2682,-16.0857,0.0,0.0001,1.8554,0.0007,6.6567,35.2631,7.4786,27.5579,36.4756
482.0,963.0,7.6072,36.5241,98.68,194.0986,0.0516,0.0,99.9863,206.0265,49.2682,-16.0857,0.0,0.0001,1.8558,0.0003,6.6435,35.2695,7.5074,27.5587,36.475
483.0,965.0,7.673,36.603,98.68,193.5252,0.0326,0.0,99.9989,206.0266,49.2682,-16.0857,0.0,0.0001,1.8558,0.0001,6.6224,35.2875,7.5724,27.5634,36.4764
484.0,967.0,7.7626,36.7082,98.68,192.501,0.023,0.0,99.9845,206.0266,49.2682,-16.0857,0.0,0.0001,1.8538,-0.0011,6.6144,35.3097,7.6612,27.5678,36.4764
485.0,969.0,7.855,36.8161,98.68,190.9215,0.0213,0.0,99.9683,206.0266,49.2682,-16.0857,0.0,0.0001,1.8474,-0.0025,6.6108,35.3317,7.7527,27.5716,36.4758
486.0,971.0,7.881,36.8478,74.1341,190.5959,0.0242,0.0,99.9726,206.0266,49.2682,-16.0857,0.0,0.0001,1.8437,-0.0016,6.6045,35.3388,7.7782,27.5734,36.4763
487.0,973.0,7.9019,36.8747,97.6172,190.8627,0.0184,0.0,100.0028,206.0267,49.2682,-16.0857,0.0,0.0001,1.8415,-0.0009,6.6094,35.3456,7.7988,27.5756,36.4775
488.0,975.0,7.9057,36.8834,95.9646,190.8644,0.0229,0.0,99.9581,206.0267,49.2682,-16.0857,0.0,0.0001,1.8398,-0.0006,6.6145,35.35,7.8023,27.5786,36.4802
489.0,977.0,7.8524,36.82,98.68,191.6523,0.0218,0.0,99.9714,206.0267,49.2682,-16.0857,0.0,0.0001,1.8378,-0.0009,6.6599,35.3348,7.7491,27.5745,36.4788
490.0,979.0,7.7001,36.6518,60.1175,192.5648,0.0258,0.0,99.9675,206.0268,49.2682,-16.0857,0.0,0.0001,1.8364,-0.0007,6.6974,35.3062,7.5978,27.5744,36.486
491.0,981.0,7.4348,36.361,98.68,194.8757,0.0243,0.0,99.9635,206.0268,49.2682,-16.0857,0.0,0.0001,1.8405,0.0022,6.7047,35.2587,7.3342,27.5752,36.4996
492.0,983.0,7.3153,36.2302,98.68,198.6507,0.0222,0.0,99.9875,206.0268,49.2682,-16.0857,0.0,0.0001,1.854,0.0055,6.7085,35.2365,7.2154,27.5748,36.505
493.0,985.0,7.2674,36.1792,98.68,198.5052,0.0191,0.0,99.9784,206.0268,49.2682,-16.0857,0.0,0.0001,1.8622,0.0017,6.73,35.2283,7.1676,27.5751,36.5076
494.0,987.0,7.1387,36.0416,97.0955,199.5072,0.0223,0.0,99.97,206.0269,49.2682,-16.0856,0.0,0.0001,1.8659,0.0021,6.7341,35.2076,7.0396,27.5769,36.5157
495.0,989.0,7.107,36.0094,79.1941,200.4441,0.0223,0.0,99.9636,206.0269,49.2682,-16.0856,0.0,0.0001,1.8705,0.0024,6.7392,35.2035,7.008,27.5781,36.5184
496.0,991.0,7.0745,35.9757,98.6224,200.1931,0.0158,0.0,99.9665,206.0269,49.2682,-16.0856,0.0,0.0001,1.8738,0.0009,6.7409,35.1988,6.9756,27.579,36.5209
497.0,993.0,7.0742,35.9799,98.68,200.5225,0.0213,0.0,99.9556,206.0269,49.2682,-16.0856,0.0,0.0001,1.8757,0.001,6.7372,35.2027,6.975,27.5821,36.524
498.0,995.0,7.0689,35.9751,98.68,200.7118,0.0214,0.0,99.9452,206.027,49.2682,-16.0856,0.0,0.0001,1.8769,0.0007,6.7408,35.2018,6.9696,27.5821,36.5243
499.0,997.0,7.073,35.9808,90.3911,200.5721,0.0224,0.0,99.9528,206.027,49.2682,-16.0856,0.0,0.0001,1.8777,0.0002,6.7396,35.2032,6.9735,27.5827,36.5246
500.0,999.0,7.0824,35.9937,94.507,200.3492,0.0207,0.0,99.9556,206.027,49.2682,-16.0856,0.0,0.0001,1.8775,-0.0002,6.7375,35.2065,6.9825,27.584,36.5255
501.0,1001.0,7.0981,36.0127,98.5945,200.5668,0.0226,0.0,99.9455,206.0271,49.2682,-16.0856,0.0,0.0001,1.8779,0.0002,6.7349,35.2106,6.9978,27.5851,36.5258
502.0,1003.0,7.1102,36.0277,98.68,200.2086,0.0223,0.0,99.9382,206.0271,49.2682,-16.0856,0.0,0.0001,1.8777,-0.0003,6.7323,35.214,7.0097,27.5861,36.5262
503.0,1005.0,7.1428,36.0683,91.8375,199.6185,0.0218,0.0,99.952,206.0272,49.2682,-16.0856,0.0,0.0001,1.8754,-0.0003,6.7207,35.2242,7.0418,27.5897,36.5281
504.0,1007.0,7.2506,36.1972,93.7699,198.1891,0.0222,0.0,99.9498,206.0273,49.2682,-16.0856,0.0,0.0001,1.8694,-0.0009,6.7086,35.2544,7.1486,27.5984,36.5314
505.0,1009.0,7.2723,36.2249,94.5223,197.3758,0.0211,0.0,99.9337,206.0274,49.2682,-16.0856,0.0,0.0001,1.8653,-0.0005,6.6925,35.2617,7.1698,27.6011,36.5331
506.0,1011.0,7.3319,36.3007,95.3386,197.2056,0.0208,0.0001,99.8188,206.0281,49.2681,-16.0854,0.0,0.0001,1.8615,0.0,6.694,35.283,7.2288,27.6095,36.5384
