Datacycle,press,temp,cond,alt,oxygen,fluor,atten,trans,jday,lat,lon,PAR,UPAR,oxV,oxdVdt,oxysat,salin,potemp,sigma0,sigma2
1.0,1.0,15.8372,44.49,98.7025,240.7734,0.2241,0.0029,92.9143,205.3876,48.5492,-16.3609,0.0,0.0001,2.706,-0.0013,5.5712,35.6692,15.837,26.2999,34.8771
2.0,3.0,15.8365,44.49,90.1545,241.3074,0.2299,0.0029,92.8749,205.3877,48.5492,-16.3609,0.0,0.0001,2.7078,0.0002,5.5712,35.6692,15.836,26.3002,34.8774
3.0,5.0,15.8344,44.4907,86.1715,241.7473,0.2467,0.0029,92.952,205.3878,48.5492,-16.3609,0.0,0.0001,2.7105,0.0006,5.5712,35.6709,15.8336,26.302,34.8793
4.0,7.0,15.8344,44.4918,94.9436,242.2355,0.2445,0.0029,92.9322,205.3878,48.5492,-16.3609,0.0,0.0001,2.7139,0.001,5.5712,35.6712,15.8333,26.3023,34.8796
5.0,9.0,15.8345,44.4933,98.71,242.5952,0.2475,0.0029,92.9101,205.3879,48.5492,-16.3609,0.0,0.0001,2.7169,0.0008,5.5712,35.6715,15.8331,26.3026,34.8799
6.0,11.0,15.8334,44.4929,98.71,242.6275,0.2802,0.0029,92.9121,205.3879,48.5492,-16.3609,0.0,0.0001,2.7174,0.0001,5.5715,35.6714,15.8316,26.3029,34.8803
7.0,13.0,15.8299,44.4906,77.4681,242.9082,0.3269,0.0029,92.9099,205.3879,48.5492,-16.3609,0.0,0.0001,2.7183,0.0005,5.5718,35.6717,15.8278,26.304,34.8815
8.0,15.0,15.829,44.4904,85.3716,242.6824,0.355,0.0029,92.9022,205.388,48.5492,-16.3609,0.0,0.0001,2.7173,-0.0004,5.5724,35.6716,15.8266,26.3042,34.8817
9.0,17.0,15.8212,44.4843,98.71,243.591,0.425,0.0029,92.8769,205.388,48.5492,-16.3609,0.0,0.0001,2.7216,0.0017,5.5722,35.6723,15.8185,26.3065,34.8844
10.0,19.0,15.8185,44.4825,98.71,243.0,0.4695,0.0029,92.9171,205.388,48.5492,-16.3609,0.0,0.0001,2.7189,-0.0007,5.5761,35.6723,15.8155,26.3072,34.8852
11.0,21.0,15.7699,44.4351,98.71,243.5839,0.5062,0.003,92.8738,205.3881,48.5491,-16.3609,0.0,0.0001,2.7184,0.0002,5.5863,35.6726,15.7665,26.3186,34.8983
12.0,23.0,15.6821,44.3492,98.71,245.0652,0.5945,0.003,92.7705,205.3881,48.5491,-16.3609,0.0,0.0001,2.7248,0.0021,5.6001,35.6739,15.6784,26.3397,34.9224
13.0,25.0,15.5623,44.2315,80.7492,245.5767,0.7121,0.0029,93.0132,205.3881,48.5491,-16.3609,0.0,0.0001,2.7283,0.0013,5.6024,35.6755,15.5584,26.3682,34.955
14.0,27.0,15.549,44.2212,94.8774,243.4487,0.8682,0.0027,93.5335,205.3882,48.5491,-16.3609,0.0,0.0001,2.7183,-0.0039,5.6037,35.6775,15.5449,26.3727,34.9601
15.0,29.0,15.5376,44.208,98.7029,243.1971,0.8853,0.0023,94.414,205.3882,48.5491,-16.3609,0.0,0.0001,2.7112,-0.002,5.605,35.6751,15.533,26.3735,34.9613
16.0,31.0,15.5245,44.1967,76.2645,242.8613,0.7862,0.002,95.0239,205.3882,48.5491,-16.3609,0.0,0.0001,2.7047,-0.0025,5.6177,35.6759,15.5196,26.3772,34.9654
17.0,33.0,15.3897,44.0747,96.1789,238.1123,0.6889,0.0017,95.8179,205.3883,48.5491,-16.3609,0.0,0.0001,2.6747,-0.0121,5.6389,35.687,15.3846,26.4161,35.009
18.0,35.0,15.2422,43.9947,83.8387,233.0115,0.5307,0.0012,97.073,205.3883,48.5491,-16.3609,0.0,0.0001,2.6322,-0.0175,5.66,35.748,15.2368,26.4963,35.0936
19.0,37.0,14.9795,43.7606,98.3292,233.8183,0.3379,0.0009,97.8658,205.3883,48.5491,-16.3609,0.0,0.0001,2.6137,-0.0058,5.6665,35.774,14.9739,26.5747,35.181
20.0,39.0,14.9025,43.6899,90.7488,233.301,0.2661,0.0008,97.95,205.3884,48.5491,-16.3609,0.0,0.0001,2.6015,-0.0054,5.6879,35.7791,14.8967,26.5957,35.2047
21.0,41.0,14.7474,43.5432,98.2694,232.4459,0.2544,0.0008,98.101,205.3884,48.5491,-16.3609,0.0,0.0001,2.5884,-0.004,5.6955,35.7861,14.7412,26.6352,35.2498
22.0,43.0,14.6944,43.493,98.6957,232.5033,0.2509,0.0008,98.1149,205.3884,48.5491,-16.3609,0.0,0.0001,2.5823,-0.0018,5.7016,35.7879,14.688,26.6483,35.2647
23.0,45.0,14.6709,43.4701,98.3323,232.0238,0.251,0.0008,98.0821,205.3885,48.5491,-16.3609,0.0,0.0001,2.5754,-0.0031,5.7168,35.7878,14.6642,26.6533,35.2706
24.0,47.0,14.491,43.2928,92.2119,232.0611,0.2595,0.0007,98.2123,205.3885,48.5491,-16.3609,0.0,0.0001,2.5697,-0.002,5.7282,35.789,14.4841,26.6934,35.3172
25.0,49.0,14.3753,43.1764,92.2865,231.5743,0.233,0.0006,98.4143,205.3885,48.5491,-16.3609,0.0,0.0001,2.5593,-0.0036,5.7585,35.7874,14.3681,26.7172,35.3453
26.0,51.0,14.1782,42.9748,98.7067,230.4944,0.196,0.0005,98.6399,205.3886,48.5491,-16.3609,0.0,0.0001,2.5476,-0.0048,5.7754,35.782,14.1707,26.7554,35.3907
27.0,53.0,13.9617,42.7584,73.3302,232.0786,0.1611,0.0004,98.8606,205.3886,48.5491,-16.3609,0.0,0.0001,2.5483,0.0006,5.7807,35.7803,13.9541,26.8002,35.4435
28.0,55.0,13.8889,42.6895,96.93,231.491,0.1367,0.0004,98.9794,205.3886,48.5491,-16.3609,0.0,0.0001,2.541,-0.0031,5.8107,35.783,13.8811,26.8177,35.4637
29.0,57.0,13.7001,42.4975,98.71,231.951,0.1158,0.0003,99.1552,205.3887,48.5491,-16.3609,0.0,0.0001,2.5372,-0.0009,5.8208,35.7779,13.692,26.8534,35.5065
30.0,59.0,13.6147,42.4141,96.9673,232.21,0.1049,0.0003,99.2772,205.3887,48.5491,-16.3609,0.0,0.0001,2.5376,0.0003,5.818,35.7782,13.6063,26.8715,35.5278
31.0,61.0,13.5643,42.3641,79.3372,231.389,0.0868,0.0003,99.3721,205.3887,48.5491,-16.3609,0.0,0.0001,2.5308,-0.0033,5.8425,35.7776,13.5556,26.8816,35.5398
32.0,63.0,13.4637,42.2554,92.8072,232.0161,0.0767,0.0002,99.4623,205.3888,48.5491,-16.3609,0.0,0.0001,2.5282,-0.0005,5.847,35.7682,13.4548,26.8952,35.5573
33.0,65.0,13.3931,42.1811,98.7006,232.2255,0.0698,0.0002,99.5059,205.3888,48.5491,-16.3609,0.0,0.0001,2.5277,-0.0002,5.851,35.7632,13.384,26.9059,35.5708
34.0,67.0,13.3949,42.1822,85.5157,231.5388,0.0672,0.0002,99.5317,205.3888,48.5491,-16.3609,0.0,0.0001,2.5214,-0.0014,5.858,35.7617,13.3855,26.9045,35.5693
35.0,69.0,13.3184,42.101,98.7025,232.5315,0.064,0.0001,99.6235,205.3889,48.549,-16.3609,0.0,0.0001,2.5238,0.0011,5.8596,35.7555,13.3087,26.9155,35.5833
36.0,71.0,13.3099,42.0946,98.7058,232.7042,0.0548,0.0001,99.6957,205.3889,48.549,-16.3609,0.0,0.0001,2.5253,0.0007,5.8594,35.7566,13.2999,26.9182,35.5863
37.0,73.0,13.3049,42.0898,98.71,232.4151,0.0569,0.0001,99.7082,205.3889,48.549,-16.3609,0.0,0.0001,2.5243,-0.0004,5.8604,35.7559,13.2947,26.9187,35.587
38.0,75.0,13.2885,42.0734,81.132,232.0019,0.0563,0.0001,99.7396,205.389,48.549,-16.3609,0.0,0.0001,2.521,-0.0015,5.8682,35.7551,13.278,26.9215,35.5905
39.0,77.0,13.2461,42.0278,98.695,231.6698,0.05,0.0001,99.7805,205.389,48.549,-16.3609,0.0,0.0001,2.5179,-0.0011,5.864,35.7505,13.2353,26.9267,35.5974
40.0,79.0,13.2317,42.0154,84.3999,232.4692,0.0462,0.0001,99.8087,205.389,48.549,-16.3609,0.0,0.0001,2.5193,0.0002,5.8717,35.7513,13.2207,26.9303,35.6015
41.0,81.0,13.2165,41.9993,85.1198,231.7148,0.0437,0.0001,99.8284,205.3891,48.549,-16.3609,0.0,0.0001,2.5147,-0.0017,5.8768,35.7496,13.2052,26.9322,35.604
42.0,83.0,13.1746,41.9537,98.71,232.3189,0.0415,0.0001,99.8358,205.3891,48.549,-16.3609,0.0,0.0001,2.5145,0.0005,5.8777,35.7446,13.163,26.9369,35.6104
43.0,85.0,13.1647,41.9465,98.7056,231.7871,0.0377,0.0,99.899,205.3891,48.549,-16.3609,0.0,0.0001,2.5125,-0.0006,5.8778,35.7462,13.1529,26.9402,35.614
44.0,87.0,13.1648,41.9505,98.705,230.5073,0.037,0.0,99.9363,205.3892,48.549,-16.3609,0.0,0.0001,2.5051,-0.003,5.8797,35.7493,13.1527,26.9426,35.6164
45.0,89.0,13.1533,41.9399,98.7018,230.5613,0.036,0.0,99.9556,205.3892,48.549,-16.3609,0.0,0.0001,2.5015,-0.0013,5.8785,35.7491,13.141,26.9449,35.6191
46.0,91.0,13.1409,41.927,98.71,231.0518,0.0367,0.0,99.9845,205.3892,48.549,-16.3609,0.0,0.0001,2.5016,-0.0001,5.8834,35.7476,13.1282,26.9463,35.6211
47.0,93.0,13.1241,41.9089,73.182,230.9392,0.0335,0.0,100.0016,205.3893,48.549,-16.3609,0.0,0.0001,2.4994,-0.0007,5.8895,35.7454,13.1112,26.9481,35.6235
48.0,95.0,13.0771,41.8553,94.623,232.1149,0.0328,0.0,99.9952,205.3893,48.549,-16.3609,0.0,0.0001,2.5037,0.0016,5.89,35.7375,13.064,26.9516,35.6289
49.0,97.0,13.0679,41.8477,98.6987,231.9972,0.0333,0.0,100.0087,205.3893,48.549,-16.3609,0.0,0.0001,2.5051,0.0003,5.8901,35.7382,13.0545,26.954,35.6317
50.0,99.0,13.0669,41.8483,98.5016,231.3608,0.0317,0.0,100.0229,205.3894,48.549,-16.3609,0.0,0.0001,2.5021,-0.0012,5.8918,35.7389,13.0532,26.9548,35.6326
51.0,101.0,13.0561,41.8379,98.69,231.0957,0.0318,0.0,100.0422,205.3894,48.549,-16.3609,0.0,0.0001,2.5,-0.0011,5.8898,35.7383,13.0422,26.9566,35.6347
52.0,103.0,13.0523,41.8344,93.5097,231.4007,0.0335,0.0,100.0655,205.3894,48.549,-16.3609,0.0,0.0001,2.4993,-0.0004,5.8937,35.7377,13.0381,26.9569,35.6352
53.0,105.0,13.0412,41.8213,78.4939,230.4496,0.0312,0.0,100.0558,205.3895,48.549,-16.3609,0.0,0.0001,2.4941,-0.002,5.8931,35.7347,13.0267,26.9569,35.6357
54.0,107.0,13.0274,41.8093,95.8744,231.3825,0.0316,0.0,100.075,205.3895,48.549,-16.3609,0.0,0.0001,2.4959,0.0007,5.8936,35.7353,13.0126,26.9602,35.6395
55.0,109.0,13.0312,41.8145,90.4586,231.3214,0.0299,0.0,100.102,205.3897,48.5489,-16.3609,0.0,0.0001,2.4967,-0.0002,5.8946,35.736,13.0162,26.9601,35.6393
56.0,111.0,13.0034,41.7844,98.695,230.9639,0.0253,0.0,100.1066,205.3898,48.5489,-16.3609,0.0,0.0001,2.4924,-0.0005,5.8987,35.7325,12.9881,26.963,35.6433
57.0,113.0,12.9888,41.7679,89.57,231.2074,0.0295,0.0,100.0999,205.3899,48.5489,-16.3609,0.0,0.0001,2.4926,-0.0003,5.9022,35.7297,12.9733,26.9639,35.6448
58.0,115.0,12.9395,41.7114,98.6956,231.8669,0.0295,0.0,100.0864,205.3899,48.5489,-16.3609,0.0,0.0001,2.4944,0.001,5.9041,35.721,12.9236,26.9671,35.65
59.0,117.0,12.944,41.717,90.76,231.9227,0.0286,0.0,100.0845,205.39,48.5489,-16.3609,0.0,0.0001,2.4954,0.0003,5.9058,35.7216,12.928,26.9667,35.6495
60.0,119.0,12.9345,41.7088,98.71,231.7811,0.0266,0.0,100.1036,205.39,48.5489,-16.3609,0.0,0.0001,2.4946,-0.0002,5.9058,35.7217,12.9181,26.9688,35.6519
61.0,121.0,12.9315,41.7071,87.0431,231.8349,0.0272,0.0,100.1156,205.3901,48.5489,-16.3609,0.0,0.0001,2.4939,-0.0001,5.9081,35.7221,12.9148,26.9698,35.653
62.0,123.0,12.9187,41.694,98.71,231.5716,0.024,0.0,100.114,205.3901,48.5489,-16.3609,0.0,0.0001,2.4925,-0.0007,5.9086,35.7206,12.9017,26.9712,35.655
63.0,125.0,12.9159,41.691,81.052,231.8961,0.0277,0.0,100.099,205.3902,48.5489,-16.3609,0.0,0.0001,2.4918,0.0,5.9125,35.7197,12.8988,26.9711,35.655
64.0,127.0,12.8763,41.6466,98.7014,232.1248,0.0266,0.0,100.1257,205.3902,48.5488,-16.3609,0.0,0.0001,2.4927,0.0,5.915,35.7134,12.8588,26.9743,35.6598
65.0,129.0,12.8657,41.6342,98.71,233.2657,0.028,0.0,100.1159,205.3903,48.5488,-16.3609,0.0,0.0001,2.4975,0.0015,5.9174,35.7107,12.848,26.9744,35.6604
66.0,131.0,12.8534,41.6212,98.71,232.7452,0.0253,0.0,100.1039,205.3903,48.5488,-16.3609,0.0,0.0001,2.4972,-0.0004,5.917,35.7091,12.8354,26.9757,35.6622
67.0,133.0,12.8576,41.6284,98.71,231.4807,0.0257,0.0,100.1,205.3903,48.5488,-16.3609,0.0,0.0001,2.4915,-0.0029,5.9168,35.7111,12.8393,26.9764,35.6627
68.0,135.0,12.8514,41.6216,85.6733,232.1792,0.0261,0.0,100.1145,205.3904,48.5488,-16.3609,0.0,0.0001,2.4907,-0.0004,5.9201,35.7096,12.8328,26.9766,35.6631
69.0,137.0,12.8311,41.5983,93.6626,231.9268,0.027,0.0,100.113,205.3904,48.5488,-16.3609,0.0,0.0001,2.4873,-0.0008,5.9249,35.7056,12.8123,26.9776,35.665
70.0,139.0,12.7988,41.5613,98.695,232.3706,0.0309,-0.0001,100.1216,205.3904,48.5488,-16.3609,0.0,0.0001,2.4883,0.0005,5.9226,35.6996,12.7798,26.9795,35.6682
71.0,141.0,12.791,41.5535,98.6024,232.6143,0.0285,0.0,100.1019,205.3905,48.5488,-16.3609,0.0,0.0001,2.4896,0.0001,5.9273,35.6987,12.7718,26.9804,35.6694
72.0,143.0,12.7692,41.5284,93.8627,232.1161,0.0257,0.0,100.1,205.3905,48.5488,-16.3609,0.0,0.0001,2.486,-0.0011,5.9309,35.6944,12.7497,26.9814,35.6714
73.0,145.0,12.7499,41.5084,89.1229,232.1837,0.0271,0.0,100.1219,205.3905,48.5488,-16.3609,0.0,0.0001,2.4852,-0.0005,5.9302,35.6925,12.7301,26.9839,35.6746
74.0,147.0,12.7467,41.506,84.3832,232.6778,0.0262,0.0,100.1288,205.3906,48.5488,-16.3609,0.0,0.0001,2.4867,0.0005,5.9307,35.6923,12.7266,26.9844,35.6753
75.0,149.0,12.7447,41.5043,92.0959,231.4869,0.0263,0.0,100.1261,205.3906,48.5488,-16.3609,0.0,0.0001,2.4815,-0.0022,5.933,35.6918,12.7244,26.9845,35.6754
76.0,151.0,12.7303,41.4894,98.71,232.1771,0.0212,0.0,100.1131,205.3906,48.5488,-16.3609,0.0,0.0001,2.4811,0.0005,5.9321,35.69,12.7097,26.986,35.6776
77.0,153.0,12.7299,41.4895,98.3056,231.5277,0.0247,0.0,100.0929,205.3907,48.5488,-16.3609,0.0,0.0001,2.4785,-0.0011,5.9332,35.6899,12.7091,26.9861,35.6777
78.0,155.0,12.7239,41.4849,91.207,230.2573,0.0244,0.0,100.0711,205.3907,48.5488,-16.3609,0.0,0.0001,2.4713,-0.0029,5.9338,35.6902,12.7028,26.9876,35.6794
79.0,157.0,12.7203,41.4837,84.1083,230.5405,0.024,0.0,100.0918,205.3907,48.5488,-16.3609,0.0,0.0001,2.4684,-0.0012,5.936,35.6915,12.6989,26.9894,35.6813
80.0,159.0,12.713,41.4755,98.6625,228.6232,0.0283,0.0,100.0855,205.3908,48.5488,-16.3609,0.0,0.0001,2.4589,-0.0043,5.9353,35.6897,12.6914,26.9895,35.6818
81.0,161.0,12.6979,41.4586,93.9423,228.8977,0.0246,0.0,100.0711,205.3908,48.5488,-16.3609,0.0,0.0001,2.4542,-0.0018,5.94,35.6869,12.676,26.9903,35.6832
82.0,163.0,12.6762,41.4347,98.695,228.6927,0.0235,0.0,100.0711,205.3908,48.5488,-16.3609,0.0,0.0001,2.4493,-0.0012,5.9422,35.6835,12.654,26.9921,35.6859
83.0,165.0,12.6631,41.4201,90.2631,229.5184,0.0256,0.0,100.0701,205.3909,48.5488,-16.3609,0.0,0.0001,2.4508,0.0006,5.9466,35.681,12.6407,26.9928,35.6872
84.0,167.0,12.6192,41.367,98.7005,231.5786,0.0257,0.0,100.0711,205.3909,48.5488,-16.3608,0.0,0.0001,2.4595,0.0044,5.9444,35.6705,12.5965,26.9934,35.6896
85.0,169.0,12.6118,41.359,98.71,231.1862,0.0244,0.0,100.0613,205.3909,48.5488,-16.3608,0.0,0.0001,2.4613,0.0006,5.956,35.6691,12.589,26.9938,35.6903
86.0,171.0,12.5478,41.2848,98.7025,231.5865,0.0239,0.0,100.0304,205.391,48.5488,-16.3608,0.0,0.0001,2.4636,0.0006,5.9574,35.657,12.5247,26.9972,35.6963
87.0,173.0,12.5202,41.2545,87.6795,231.7261,0.0228,0.0,100.0131,205.391,48.5488,-16.3608,0.0,0.0001,2.4647,0.0003,5.9595,35.6529,12.4968,26.9995,35.6998
88.0,175.0,12.5307,41.2665,98.71,230.1704,0.0357,0.0,100.0117,205.391,48.5488,-16.3608,0.0,0.0001,2.457,-0.003,5.9645,35.6539,12.5071,26.9983,35.6982
89.0,177.0,12.4744,41.2036,98.697,230.8838,0.0266,0.0,99.9986,205.3911,48.5488,-16.3608,0.0,0.0001,2.4553,0.0,5.9658,35.6454,12.4505,27.0029,35.7051
90.0,179.0,12.4688,41.1968,85.1833,230.3457,0.0239,0.0,100.001,205.3911,48.5488,-16.3608,0.0,0.0001,2.4525,-0.0013,5.9694,35.6435,12.4448,27.0024,35.7049
91.0,181.0,12.4544,41.1837,90.6034,229.8958,0.022,0.0,100.0133,205.3911,48.5488,-16.3608,0.0,0.0001,2.4483,-0.0013,5.97,35.6435,12.4301,27.0054,35.7084
92.0,183.0,12.4495,41.1793,98.7037,229.9444,0.0258,0.0,99.9679,205.3912,48.5488,-16.3608,0.0,0.0001,2.4459,-0.0005,5.9712,35.643,12.4248,27.0061,35.7093
93.0,185.0,12.4419,41.1713,98.6987,229.2832,0.0246,0.0,100.0133,205.3912,48.5488,-16.3608,0.0,0.0001,2.4423,-0.0017,5.9714,35.6417,12.4171,27.0065,35.7101
94.0,187.0,12.439,41.1693,98.6964,229.7713,0.0253,0.0,100.0116,205.3912,48.5487,-16.3608,0.0,0.0001,2.442,-0.0002,5.9714,35.6416,12.4139,27.0071,35.7108
95.0,189.0,12.4387,41.1701,98.71,229.3748,0.0253,0.0,100.0077,205.3913,48.5487,-16.3608,0.0,0.0001,2.4402,-0.0008,5.9707,35.6417,12.4133,27.0073,35.711
96.0,191.0,12.4417,41.1746,98.71,229.4062,0.0272,0.0,100.0112,205.3913,48.5487,-16.3608,0.0,0.0001,2.4394,-0.0004,5.9698,35.6424,12.4161,27.0073,35.7109
97.0,193.0,12.4504,41.1868,87.5911,228.3342,0.0228,0.0,100.0133,205.3913,48.5487,-16.3608,0.0,0.0001,2.4337,-0.0021,5.97,35.6451,12.4244,27.0077,35.7109
98.0,195.0,12.4513,41.1888,94.6014,228.4023,0.0254,0.0,100.0059,205.3914,48.5487,-16.3608,0.0,0.0001,2.4308,-0.0009,5.9696,35.6454,12.4251,27.0078,35.711
99.0,197.0,12.4522,41.1918,98.71,227.3272,0.0264,0.0,100.0106,205.3914,48.5487,-16.3608,0.0,0.0001,2.4253,-0.0025,5.9696,35.6464,12.4257,27.0085,35.7117
100.0,199.0,12.4499,41.1899,92.5682,227.4105,0.0251,0.0,100.0078,205.3914,48.5487,-16.3608,0.0,0.0001,2.4216,-0.0012,5.9721,35.6459,12.4231,27.0086,35.7119
101.0,201.0,12.4314,41.1693,98.6844,227.6498,0.0245,0.0,100.0037,205.3915,48.5487,-16.3608,0.0,0.0001,2.4214,-0.0002,5.975,35.6427,12.4043,27.0098,35.7139
102.0,203.0,12.4153,41.1515,98.71,228.6952,0.0266,0.0,100.0133,205.3915,48.5487,-16.3608,0.0,0.0001,2.4228,0.0022,5.9741,35.6399,12.388,27.0109,35.7156
103.0,205.0,12.408,41.1443,98.702,228.2874,0.0253,0.0,99.9857,205.3915,48.5487,-16.3608,0.0,0.0001,2.4233,0.0001,5.9755,35.6389,12.3804,27.0116,35.7166
104.0,207.0,12.4101,41.1477,81.2636,228.2153,0.0248,0.0,99.9845,205.3916,48.5487,-16.3608,0.0,0.0001,2.4224,-0.0001,5.9776,35.6395,12.3823,27.0117,35.7166
105.0,209.0,12.3934,41.1287,98.71,228.3083,0.0256,0.0,100.0015,205.3916,48.5487,-16.3608,0.0,0.0001,2.4226,-0.0001,5.9787,35.6359,12.3653,27.0122,35.7179
106.0,211.0,12.3789,41.1126,98.6312,227.1637,0.024,0.0,99.9448,205.3916,48.5487,-16.3608,0.0,0.0001,2.4187,-0.0023,5.9803,35.6333,12.3506,27.0131,35.7194
107.0,213.0,12.3701,41.1037,98.7044,226.3186,0.0397,0.0,99.9809,205.3917,48.5487,-16.3608,0.0,0.0001,2.4089,-0.0021,5.9814,35.6321,12.3416,27.0139,35.7206
108.0,215.0,12.3622,41.0957,83.0542,225.9363,0.0626,0.0,99.9676,205.3917,48.5487,-16.3608,0.0,0.0001,2.4042,-0.0016,5.9808,35.6309,12.3334,27.0146,35.7216
109.0,217.0,12.3593,41.0933,96.2954,226.0068,0.031,0.0,99.9552,205.3917,48.5487,-16.3608,0.0,0.0001,2.4016,-0.0009,5.9837,35.6306,12.3302,27.015,35.7221
110.0,219.0,12.3532,41.0866,98.6958,223.4019,0.0256,0.0,99.9845,205.3917,48.5487,-16.3608,0.0,0.0001,2.3903,-0.0054,5.9829,35.6292,12.3239,27.0151,35.7225
111.0,221.0,12.3232,41.0563,92.4974,223.6988,0.0259,0.0,100.0047,205.3918,48.5487,-16.3608,0.0,0.0001,2.3834,-0.0024,5.9906,35.6272,12.2937,27.0195,35.728
112.0,223.0,12.2841,41.0131,98.6941,221.6281,0.0231,0.0,99.9917,205.3918,48.5487,-16.3607,0.0,0.0001,2.3707,-0.0048,5.99,35.6217,12.2543,27.0229,35.7331
113.0,225.0,12.2779,41.0067,98.6917,223.0385,0.0246,0.0,100.0055,205.3918,48.5487,-16.3607,0.0,0.0001,2.3703,0.0001,5.992,35.6204,12.2479,27.0231,35.7336
114.0,227.0,12.2804,41.0105,98.7014,222.6745,0.0262,0.0,100.0037,205.3919,48.5487,-16.3607,0.0,0.0001,2.3687,-0.0009,5.9937,35.621,12.2501,27.0232,35.7336
115.0,229.0,12.2694,40.999,96.2421,222.5197,0.0238,0.0,100.0069,205.3919,48.5487,-16.3607,0.0,0.0001,2.3671,-0.0008,5.9938,35.6194,12.2389,27.0241,35.7349
116.0,231.0,12.2669,40.999,90.0645,222.648,0.0231,0.0,100.0099,205.3919,48.5487,-16.3607,0.0,0.0001,2.3655,-0.0002,5.9935,35.6206,12.2361,27.0256,35.7365
117.0,233.0,12.2688,41.0019,74.7242,223.156,0.024,0.0,100.0133,205.392,48.5486,-16.3607,0.0,0.0001,2.3673,0.0004,5.9979,35.6209,12.2377,27.0255,35.7363
118.0,235.0,12.2392,40.9691,98.6992,221.5866,0.0202,0.0,100.0078,205.392,48.5486,-16.3607,0.0,0.0001,2.3617,-0.003,5.9988,35.6163,12.2079,27.0278,35.7399
119.0,237.0,12.2288,40.9621,92.2665,220.4247,0.0216,0.0,100.0067,205.392,48.5486,-16.3607,0.0,0.0001,2.3522,-0.0034,5.9984,35.6185,12.1972,27.0315,35.744
120.0,239.0,12.2313,40.9677,98.6979,219.1575,0.0222,0.0,100.0051,205.3921,48.5486,-16.3607,0.0,0.0001,2.3419,-0.0036,5.9984,35.6206,12.1995,27.0327,35.7451
121.0,241.0,12.2288,40.9661,98.7023,219.2504,0.022,0.0,100.0133,205.3921,48.5486,-16.3607,0.0,0.0001,2.3367,-0.0013,6.0018,35.6207,12.1967,27.0333,35.7458
122.0,243.0,12.1985,40.9311,89.465,215.9359,0.0193,0.0,99.9997,205.3921,48.5486,-16.3607,0.0,0.0001,2.3202,-0.0075,6.009,35.6145,12.1663,27.0345,35.7482
123.0,245.0,12.1312,40.8542,98.6875,213.0559,0.0234,0.0,100.012,205.3922,48.5486,-16.3607,0.0,0.0001,2.2979,-0.0081,6.0077,35.6026,12.0987,27.0383,35.7549
124.0,247.0,12.1179,40.8405,98.6889,214.7696,0.0216,0.0,100.0137,205.3922,48.5486,-16.3607,0.0,0.0001,2.294,-0.0018,6.0183,35.6013,12.0852,27.0399,35.757
125.0,249.0,12.0901,40.806,98.7024,215.4386,0.0213,0.0,100.0133,205.3922,48.5486,-16.3607,0.0,0.0001,2.2921,0.0009,6.0176,35.5932,12.0572,27.039,35.7573
126.0,251.0,12.0126,40.7176,83.3685,217.2992,0.0239,0.0,100.0101,205.3923,48.5486,-16.3607,0.0,0.0001,2.2998,0.0023,6.0347,35.5798,11.9795,27.0436,35.7651
127.0,253.0,11.9696,40.6671,96.626,224.4666,0.0246,0.0,100.0133,205.3923,48.5486,-16.3607,0.0,0.0001,2.3311,0.0135,6.0359,35.5706,11.9363,27.0447,35.7681
128.0,255.0,11.9172,40.6064,98.6893,224.4464,0.0244,0.0,100.0111,205.3923,48.5486,-16.3607,0.0,0.0001,2.3506,0.0049,6.0427,35.5603,11.8838,27.0468,35.7724
129.0,257.0,11.9031,40.5901,96.2985,226.6777,0.0256,0.0,100.0133,205.3924,48.5486,-16.3607,0.0,0.0001,2.3653,0.0056,6.0444,35.557,11.8694,27.047,35.7732
130.0,259.0,11.8897,40.5767,90.9454,226.1549,0.022,0.0,100.0046,205.3924,48.5486,-16.3607,0.0,0.0001,2.3707,0.0019,6.0427,35.5558,11.8558,27.0486,35.7754
131.0,261.0,11.8888,40.5761,98.7052,225.2561,0.0229,0.0,100.0002,205.3924,48.5486,-16.3607,0.0,0.0001,2.3689,-0.001,6.0467,35.5552,11.8547,27.0484,35.7752
132.0,263.0,11.8777,40.5644,98.691,225.5258,0.0228,0.0,100.0174,205.3925,48.5486,-16.3607,0.0,0.0001,2.3679,0.0,6.0486,35.5534,11.8434,27.0491,35.7764
133.0,265.0,11.8492,40.5365,98.6911,223.9259,0.0248,0.0,100.0133,205.3925,48.5486,-16.3607,0.0,0.0001,2.3614,-0.0033,6.0469,35.5522,11.8146,27.0537,35.7822
134.0,267.0,11.843,40.5307,93.2189,224.439,0.0244,0.0,99.9948,205.3925,48.5486,-16.3607,0.0,0.0001,2.36,-0.0011,6.0508,35.5519,11.8082,27.0547,35.7834
135.0,269.0,11.8342,40.5204,76.3271,223.0156,0.026,0.0,100.0133,205.3926,48.5486,-16.3607,0.0,0.0001,2.3517,-0.0035,6.0568,35.5492,11.7992,27.0543,35.7834
136.0,271.0,11.8042,40.4876,77.837,222.7546,0.0246,0.0,100.0133,205.3926,48.5486,-16.3607,0.0,0.0001,2.3464,-0.0027,6.061,35.5446,11.7689,27.0565,35.7869
137.0,273.0,11.7601,40.4372,94.5158,223.4448,0.0241,0.0,100.0153,205.3926,48.5486,-16.3606,0.0,0.0001,2.3454,-0.0001,6.0596,35.5365,11.7246,27.0586,35.7908
138.0,275.0,11.7448,40.4206,98.6913,223.0983,0.0222,0.0,100.0229,205.3927,48.5486,-16.3606,0.0,0.0001,2.3431,-0.0013,6.0649,35.5339,11.7092,27.0595,35.7925
139.0,277.0,11.7393,40.4154,98.6969,222.1874,0.0252,0.0,100.0243,205.3927,48.5486,-16.3606,0.0,0.0001,2.3384,-0.0026,6.0661,35.5333,11.7034,27.0601,35.7933
140.0,279.0,11.7353,40.4117,98.6962,222.9473,0.0247,0.0,100.0202,205.3927,48.5486,-16.3606,0.0,0.0001,2.3391,-0.0003,6.0646,35.5325,11.6991,27.0604,35.7937
141.0,281.0,11.7216,40.3987,98.5611,222.8588,0.0262,0.0,100.0131,205.3927,48.5486,-16.3606,0.0,0.0001,2.3383,-0.0005,6.0672,35.5318,11.6852,27.0624,35.7963
142.0,283.0,11.718,40.397,98.6919,221.3624,0.0236,0.0,99.9973,205.3928,48.5486,-16.3606,0.0,0.0001,2.3302,-0.0029,6.069,35.5327,11.6814,27.0639,35.7979
143.0,285.0,11.7089,40.3876,98.6875,221.8445,0.0202,0.0,100.0133,205.3928,48.5486,-16.3606,0.0,0.0001,2.3279,-0.0007,6.0709,35.5314,11.672,27.0646,35.7991
144.0,287.0,11.7019,40.3812,60.1486,222.2357,0.0195,0.0,100.0186,205.3928,48.5486,-16.3606,0.0,0.0001,2.3288,0.0003,6.0697,35.5311,11.6648,27.0657,35.8004
145.0,289.0,11.6857,40.3649,87.2856,222.1882,0.0233,0.0,99.9984,205.3928,48.5486,-16.3606,0.0,0.0001,2.3289,-0.0003,6.0718,35.5295,11.6483,27.0676,35.803
146.0,291.0,11.6824,40.3617,95.0453,221.4173,0.024,0.0,100.0133,205.3929,48.5486,-16.3606,0.0,0.0001,2.3249,-0.0017,6.0739,35.5288,11.6448,27.0677,35.8033
147.0,293.0,11.6757,40.3557,98.6957,223.0752,0.0241,0.0,100.0181,205.3929,48.5486,-16.3606,0.0,0.0001,2.3288,0.0021,6.0746,35.5283,11.6378,27.0687,35.8045
148.0,295.0,11.6634,40.3432,89.0481,223.7666,0.0202,0.0,99.9981,205.3929,48.5486,-16.3606,0.0,0.0001,2.334,0.0019,6.0759,35.5267,11.6252,27.0698,35.8062
149.0,297.0,11.6536,40.3332,98.6882,222.316,0.0203,0.0,100.0298,205.3929,48.5486,-16.3606,0.0,0.0001,2.3303,-0.0018,6.077,35.5253,11.6152,27.0706,35.8074
150.0,299.0,11.6486,40.3279,98.6947,221.3469,0.0263,0.0,100.0171,205.393,48.5486,-16.3606,0.0,0.0001,2.3245,-0.003,6.0789,35.5242,11.61,27.0707,35.8077
151.0,301.0,11.6339,40.3123,98.69,220.2676,0.0256,0.0,100.0297,205.393,48.5486,-16.3606,0.0,0.0001,2.3161,-0.0035,6.0796,35.5219,11.595,27.0718,35.8094
152.0,303.0,11.6271,40.3065,98.6936,222.5378,0.0233,0.0,100.0286,205.393,48.5486,-16.3606,0.0,0.0001,2.321,0.0027,6.0784,35.5218,11.588,27.073,35.8109
153.0,305.0,11.6224,40.3018,82.228,223.9366,0.0211,0.0,100.0133,205.393,48.5486,-16.3606,0.0,0.0001,2.3272,0.0036,6.0813,35.5208,11.583,27.0732,35.8113
154.0,307.0,11.6139,40.2931,97.9377,224.8537,0.0204,0.0,100.0103,205.3931,48.5485,-16.3606,0.0,0.0001,2.3344,0.0031,6.083,35.5195,11.5744,27.0738,35.8123
155.0,309.0,11.6048,40.2851,98.6817,226.57,0.0207,0.0,100.0133,205.3931,48.5485,-16.3606,0.0,0.0001,2.3439,0.0049,6.0832,35.5192,11.5649,27.0753,35.8142
156.0,311.0,11.592,40.2713,98.6972,226.4149,0.0235,0.0,100.0172,205.3931,48.5485,-16.3606,0.0,0.0001,2.3482,0.0023,6.0867,35.5171,11.5519,27.0762,35.8156
157.0,313.0,11.5873,40.2647,98.71,226.7859,0.0238,0.0,100.0133,205.3931,48.5485,-16.3606,0.0,0.0001,2.352,0.0015,6.0894,35.5143,11.547,27.0749,35.8146
158.0,315.0,11.5614,40.2358,42.1392,226.4514,0.0232,0.0,100.0178,205.3932,48.5485,-16.3606,0.0,0.0001,2.3519,0.0,6.0919,35.5097,11.5209,27.0762,35.817
159.0,317.0,11.5433,40.2166,95.5236,225.1698,0.0229,0.0,100.0184,205.3932,48.5485,-16.3606,0.0,0.0001,2.3468,-0.0023,6.0899,35.5071,11.5026,27.0776,35.8192
160.0,319.0,11.5337,40.2082,96.5291,226.051,0.0266,0.0,100.0112,205.3932,48.5485,-16.3606,0.0,0.0001,2.347,0.0001,6.0925,35.5071,11.4927,27.0794,35.8214
161.0,321.0,11.5365,40.2114,98.6875,225.2596,0.0225,0.0,100.0133,205.3933,48.5485,-16.3606,0.0,0.0001,2.3439,-0.0018,6.0945,35.5068,11.4953,27.0788,35.8206
162.0,323.0,11.5165,40.191,98.7,225.0843,0.0222,0.0,100.0021,205.3933,48.5485,-16.3606,0.0,0.0001,2.3429,-0.0015,6.0939,35.5047,11.4749,27.0809,35.8236
163.0,325.0,11.5143,40.1901,31.6952,225.2181,0.022,0.0,99.9527,205.3933,48.5485,-16.3606,0.0,0.0001,2.3419,-0.0009,6.092,35.5052,11.4726,27.0817,35.8245
164.0,327.0,11.5147,40.1907,97.7547,225.712,0.0226,0.0,100.011,205.3933,48.5485,-16.3606,0.0,0.0001,2.3425,0.0,6.0932,35.5047,11.4727,27.0813,35.8241
165.0,329.0,11.5058,40.1861,98.6921,224.4133,0.0232,0.0,100.0178,205.3934,48.5485,-16.3606,0.0,0.0001,2.3375,-0.002,6.0885,35.5076,11.4635,27.0853,35.8284
166.0,331.0,11.5589,40.2549,98.68,225.2986,0.0216,0.0,100.0193,205.3934,48.5485,-16.3606,0.0,0.0001,2.3387,0.0004,6.0898,35.5236,11.5162,27.0879,35.8287
167.0,333.0,11.5606,40.258,98.698,226.0024,0.0195,0.0,100.0186,205.3934,48.5485,-16.3606,0.0,0.0001,2.3399,0.0017,6.0912,35.5243,11.5177,27.0882,35.8289
168.0,335.0,11.5569,40.2536,89.1012,225.5,0.0232,0.0,100.0155,205.3934,48.5485,-16.3606,0.0,0.0001,2.3398,-0.0001,6.0916,35.5229,11.5138,27.0878,35.8287
169.0,337.0,11.5504,40.2477,98.7183,225.0622,0.0227,0.0,100.0133,205.3935,48.5485,-16.3606,0.0,0.0001,2.3372,-0.0015,6.098,35.5223,11.5071,27.0886,35.8298
170.0,339.0,11.5141,40.2063,98.71,225.2085,0.0219,0.0,100.0133,205.3935,48.5485,-16.3605,0.0,0.0001,2.3369,-0.0006,6.0948,35.5152,11.4705,27.0899,35.8327
171.0,341.0,11.4915,40.182,98.7025,225.3179,0.0208,0.0,100.0083,205.3935,48.5485,-16.3605,0.0,0.0001,2.3368,-0.0001,6.094,35.5118,11.4477,27.0915,35.8352
172.0,343.0,11.5091,40.2032,72.5584,225.0008,0.0209,0.0,100.0088,205.3935,48.5485,-16.3605,0.0,0.0001,2.3345,-0.0008,6.0962,35.5152,11.4651,27.091,35.8339
173.0,345.0,11.4983,40.1936,98.895,224.5083,0.0223,0.0,100.0133,205.3936,48.5485,-16.3605,0.0,0.0001,2.3319,-0.0014,6.0944,35.5152,11.454,27.093,35.8364
174.0,347.0,11.5046,40.2035,98.6972,224.9657,0.0259,0.0,100.0033,205.3936,48.5485,-16.3605,0.0,0.0001,2.3315,-0.0001,6.0953,35.518,11.46,27.0941,35.8372
175.0,349.0,11.5166,40.2198,98.6884,225.0591,0.0247,0.0,100.0116,205.3936,48.5485,-16.3605,0.0,0.0001,2.3315,0.0001,6.0955,35.5216,11.4717,27.0947,35.8373
176.0,351.0,11.505,40.2057,98.6909,224.296,0.0247,0.0,100.0088,205.3936,48.5485,-16.3605,0.0,0.0001,2.3284,-0.0017,6.0977,35.5182,11.4599,27.0943,35.8374
177.0,353.0,11.4931,40.1942,98.6962,223.7395,0.0256,0.0,99.9963,205.3937,48.5485,-16.3605,0.0,0.0001,2.3249,-0.0019,6.0952,35.5174,11.4478,27.0959,35.8395
178.0,355.0,11.4965,40.2027,98.7014,225.5533,0.0231,0.0,100.0172,205.3937,48.5485,-16.3605,0.0,0.0001,2.3292,0.0022,6.0932,35.5214,11.4508,27.0984,35.8419
179.0,357.0,11.5242,40.2375,98.6934,227.1625,0.02,0.0,100.0214,205.3937,48.5485,-16.3605,0.0,0.0001,2.3369,0.004,6.095,35.5285,11.4782,27.0988,35.8411
180.0,359.0,11.5086,40.2211,81.642,227.8911,0.0212,0.0,100.0273,205.3937,48.5485,-16.3605,0.0,0.0001,2.3443,0.0027,6.0998,35.5265,11.4625,27.1002,35.8431
181.0,361.0,11.4766,40.1857,95.7004,226.9959,0.0198,0.0,100.0358,205.3938,48.5485,-16.3605,0.0,0.0001,2.3443,-0.0005,6.1011,35.5213,11.4303,27.1022,35.8464
182.0,363.0,11.4508,40.1576,93.5868,227.5614,0.0208,0.0,100.0379,205.3938,48.5485,-16.3605,0.0,0.0001,2.3456,0.0006,6.1017,35.517,11.4043,27.1037,35.8491
183.0,365.0,11.4439,40.1505,98.693,227.2973,0.0229,0.0,100.0294,205.3938,48.5485,-16.3605,0.0,0.0001,2.3445,-0.0005,6.1074,35.5158,11.3972,27.1041,35.8498
184.0,367.0,11.4189,40.1239,98.6906,225.7814,0.0226,0.0,100.0133,205.3939,48.5485,-16.3605,0.0,0.0001,2.3377,-0.0032,6.1105,35.5127,11.3719,27.1064,35.8531
185.0,369.0,11.4042,40.1074,98.6971,225.5,0.021,0.0,100.0235,205.3939,48.5485,-16.3605,0.0,0.0001,2.3326,-0.0028,6.1172,35.5097,11.357,27.1069,35.8542
186.0,371.0,11.3684,40.0661,98.6948,224.7329,0.0231,0.0,100.0319,205.3939,48.5485,-16.3605,0.0,0.0001,2.3264,-0.0029,6.1159,35.5022,11.3211,27.1077,35.8566
187.0,373.0,11.3328,40.0275,88.0885,225.501,0.0192,0.0,100.0181,205.3939,48.5485,-16.3605,0.0,0.0001,2.3258,-0.0004,6.1159,35.497,11.2852,27.1103,35.8608
188.0,375.0,11.337,40.0333,93.0089,225.3325,0.0192,0.0,100.0156,205.394,48.5485,-16.3605,0.0,0.0001,2.3242,-0.0008,6.1198,35.4982,11.2892,27.1105,35.8607
189.0,377.0,11.3282,40.0238,93.585,224.8663,0.0232,0.0,100.0169,205.394,48.5485,-16.3605,0.0,0.0001,2.3207,-0.0014,6.1208,35.4962,11.2802,27.1106,35.8613
190.0,379.0,11.3183,40.0154,98.6897,224.7221,0.0247,0.0,100.0192,205.394,48.5485,-16.3605,0.0,0.0001,2.3185,-0.0011,6.1209,35.4964,11.27,27.1126,35.8637
191.0,381.0,11.3174,40.0154,98.4857,224.738,0.0229,0.0,100.0241,205.394,48.5485,-16.3605,0.0,0.0001,2.3162,-0.0007,6.1209,35.4965,11.2689,27.1129,35.8641
192.0,383.0,11.3164,40.0161,98.6906,224.6121,0.0244,0.0,100.0133,205.3941,48.5485,-16.3605,0.0,0.0001,2.3154,-0.0007,6.1208,35.4972,11.2677,27.1137,35.8649
193.0,385.0,11.3162,40.0195,98.6917,223.8277,0.0203,0.0,100.0216,205.3941,48.5485,-16.3605,0.0,0.0001,2.3112,-0.0018,6.1207,35.4998,11.2672,27.1158,35.867
194.0,387.0,11.318,40.0252,98.6993,222.9719,0.0199,0.0,100.0264,205.3941,48.5485,-16.3605,0.0,0.0001,2.3077,-0.0028,6.1205,35.5029,11.2688,27.118,35.869
195.0,389.0,11.3186,40.0265,75.9241,223.5653,0.0225,0.0,100.0116,205.3941,48.5485,-16.3605,0.0,0.0001,2.3058,-0.0006,6.1207,35.5028,11.2691,27.1178,35.8688
196.0,391.0,11.3175,40.026,98.6977,222.8862,0.0221,0.0,100.0133,205.3942,48.5485,-16.3605,0.0,0.0001,2.3025,-0.0017,6.1208,35.5026,11.2677,27.1179,35.869
197.0,393.0,11.3167,40.0264,98.68,223.2299,0.0198,0.0,100.0043,205.3942,48.5485,-16.3605,0.0,0.0001,2.3016,-0.0006,6.1224,35.5028,11.2666,27.1183,35.8694
198.0,395.0,11.3036,40.0126,98.6974,223.0539,0.0205,0.0,100.0113,205.3942,48.5485,-16.3605,0.0,0.0001,2.2997,-0.0008,6.1256,35.5008,11.2533,27.1192,35.8709
199.0,397.0,11.2862,39.9928,59.5031,222.1178,0.022,0.0,100.0133,205.3942,48.5485,-16.3604,0.0,0.0001,2.2945,-0.0024,6.1296,35.497,11.2357,27.1195,35.8719
200.0,399.0,11.2576,39.9614,98.6837,221.715,0.0234,0.0,99.9937,205.3943,48.5485,-16.3604,0.0,0.0001,2.2908,-0.0019,6.1251,35.4924,11.207,27.1212,35.8748
201.0,401.0,11.2473,39.9503,93.2184,222.4371,0.0213,0.0,100.0049,205.3943,48.5485,-16.3604,0.0,0.0001,2.2901,-0.0003,6.1339,35.4905,11.1964,27.1216,35.8757
202.0,403.0,11.2261,39.9261,98.6845,222.416,0.0228,0.0,100.01,205.3943,48.5485,-16.3604,0.0,0.0001,2.2887,-0.0005,6.1374,35.486,11.1751,27.1221,35.8772
203.0,405.0,11.2009,39.8981,98.6941,223.2638,0.0228,0.0,100.0133,205.3943,48.5485,-16.3604,0.0,0.0001,2.2909,0.0011,6.1378,35.4813,11.1497,27.1231,35.8792
204.0,407.0,11.1948,39.8925,98.6971,223.1327,0.0231,0.0,99.9868,205.3944,48.5485,-16.3604,0.0,0.0001,2.2915,0.0003,6.1386,35.4808,11.1433,27.1239,35.8803
205.0,409.0,11.1886,39.8866,85.4935,222.7785,0.0267,0.0,100.0024,205.3944,48.5485,-16.3604,0.0,0.0001,2.2902,-0.0006,6.1387,35.4799,11.1368,27.1244,35.881
206.0,411.0,11.1864,39.8867,98.693,222.142,0.0242,0.0,99.9583,205.3944,48.5485,-16.3604,0.0,0.0001,2.2869,-0.0014,6.1394,35.4811,11.1344,27.1258,35.8825
207.0,413.0,11.1841,39.8852,98.6854,221.7699,0.0216,0.0,99.9834,205.3944,48.5485,-16.3604,0.0,0.0001,2.2835,-0.0015,6.14,35.4811,11.1318,27.1262,35.8831
208.0,415.0,11.1773,39.8786,98.7006,221.7739,0.024,0.0,100.002,205.3945,48.5485,-16.3604,0.0,0.0001,2.2812,-0.0009,6.1413,35.4802,11.1248,27.1268,35.884
209.0,417.0,11.1693,39.8709,98.6893,221.7514,0.0197,0.0,99.9941,205.3945,48.5485,-16.3604,0.0,0.0001,2.2794,-0.0006,6.1416,35.4792,11.1165,27.1276,35.8851
210.0,419.0,11.1609,39.8638,68.2495,221.8549,0.0207,0.0,100.0069,205.3945,48.5484,-16.3604,0.0,0.0001,2.2796,-0.0004,6.1414,35.4793,11.1079,27.1292,35.8871
211.0,421.0,11.1617,39.8654,88.8338,221.8313,0.0188,0.0,100.0115,205.3945,48.5485,-16.3604,0.0,0.0001,2.2784,-0.0004,6.1438,35.4794,11.1085,27.1291,35.887
212.0,423.0,11.1616,39.8655,98.68,220.6756,0.0181,0.0,99.9845,205.3946,48.5485,-16.3604,0.0,0.0001,2.2734,-0.0026,6.1466,35.4789,11.1082,27.1289,35.8867
213.0,425.0,11.1358,39.8355,98.68,221.1951,0.0218,0.0,99.9989,205.3946,48.5485,-16.3604,0.0,0.0001,2.2732,-0.0008,6.145,35.4728,11.0822,27.1288,35.8879
214.0,427.0,11.1144,39.8141,89.5495,221.7659,0.0231,0.0,99.9886,205.3946,48.5485,-16.3604,0.0,0.0001,2.2732,0.0,6.1513,35.471,11.0605,27.1315,35.8914
215.0,429.0,11.094,39.7904,98.6825,220.8427,0.0233,0.0,99.97,205.3947,48.5485,-16.3604,0.0,0.0001,2.2689,-0.0018,6.1542,35.4661,11.0399,27.1314,35.8922
216.0,431.0,11.0756,39.7712,98.6888,220.9424,0.0203,0.0,99.9556,205.3947,48.5485,-16.3604,0.0,0.0001,2.2674,-0.0011,6.1528,35.4637,11.0213,27.1329,35.8945
217.0,433.0,11.0594,39.7537,98.6919,222.0724,0.021,0.0,99.9911,205.3947,48.5485,-16.3604,0.0,0.0001,2.2706,0.001,6.1565,35.4611,11.0049,27.1339,35.8962
218.0,435.0,11.0454,39.7444,98.6927,221.123,0.0208,0.0,99.9797,205.3947,48.5485,-16.3604,0.0,0.0001,2.2673,-0.0015,6.1643,35.4647,10.9908,27.1393,35.9021
219.0,437.0,11.0063,39.6956,62.5975,220.0979,0.0174,0.0,99.9733,205.3948,48.5484,-16.3604,0.0,0.0001,2.2604,-0.0025,6.1656,35.4528,10.9515,27.1371,35.9018
220.0,439.0,10.9954,39.6846,98.6827,220.2343,0.0233,0.0,99.9778,205.3948,48.5485,-16.3604,0.0,0.0001,2.2584,-0.0012,6.1641,35.4512,10.9404,27.1379,35.903
221.0,441.0,10.98,39.6698,86.5565,220.5667,0.0234,0.0,99.9582,205.3948,48.5485,-16.3604,0.0,0.0001,2.2576,-0.0003,6.1674,35.4502,10.9248,27.14,35.9058
222.0,443.0,10.9805,39.6704,72.7008,219.6216,0.0214,0.0,99.975,205.3948,48.5484,-16.3603,0.0,0.0001,2.253,-0.0022,6.172,35.4497,10.9251,27.1396,35.9053
223.0,445.0,10.9595,39.6483,82.1039,218.642,0.0197,0.0,99.9773,205.3949,48.5484,-16.3603,0.0,0.0001,2.247,-0.0032,6.1748,35.4469,10.9039,27.1412,35.9079
224.0,447.0,10.9302,39.6166,98.6842,217.8862,0.0228,0.0,99.9845,205.3949,48.5485,-16.3603,0.0,0.0001,2.2411,-0.003,6.1717,35.4424,10.8743,27.1431,35.911
225.0,449.0,10.9153,39.6022,98.6862,218.8339,0.0221,0.0,99.97,205.3949,48.5484,-16.3603,0.0,0.0001,2.2402,-0.0003,6.1757,35.4415,10.8593,27.1451,35.9137
226.0,451.0,10.9344,39.6229,98.6935,217.1354,0.023,0.0,99.9641,205.3949,48.5484,-16.3603,0.0,0.0001,2.2333,-0.0032,6.1779,35.4432,10.8781,27.143,35.9107
227.0,453.0,10.9082,39.5985,98.5569,216.3513,0.0218,0.0,100.0094,205.395,48.5484,-16.3603,0.0,0.0001,2.2271,-0.0033,6.1773,35.4429,10.8517,27.1475,35.9164
228.0,455.0,10.9017,39.5935,98.68,216.8088,0.0237,0.0,99.9845,205.395,48.5484,-16.3603,0.0,0.0001,2.2247,-0.0011,6.1774,35.4432,10.8449,27.149,35.9182
229.0,457.0,10.9066,39.5993,98.68,217.0996,0.0226,0.0,99.9941,205.395,48.5484,-16.3603,0.0,0.0001,2.2238,-0.0004,6.1792,35.4436,10.8496,27.1485,35.9174
230.0,459.0,10.8966,39.59,89.3397,216.1729,0.0232,0.0,99.9684,205.395,48.5484,-16.3603,0.0,0.0001,2.2195,-0.0022,6.1844,35.4431,10.8394,27.1499,35.9193
231.0,461.0,10.8795,39.5707,53.3568,215.0305,0.02,0.0,99.9556,205.3951,48.5484,-16.3603,0.0,0.0001,2.2143,-0.0037,6.182,35.4394,10.8221,27.1502,35.9203
232.0,463.0,10.8354,39.5236,95.1785,215.7376,0.0217,0.0,99.9773,205.3951,48.5484,-16.3603,0.0,0.0001,2.2123,-0.0008,6.184,35.4335,10.7779,27.1536,35.9256
233.0,465.0,10.845,39.534,98.6875,214.95,0.0241,0.0,99.9809,205.3951,48.5484,-16.3603,0.0,0.0001,2.2077,-0.0023,6.1907,35.4344,10.7872,27.1525,35.9241
234.0,467.0,10.8154,39.5047,98.6625,213.6315,0.0192,0.0,99.9845,205.3951,48.5484,-16.3603,0.0,0.0001,2.2019,-0.0041,6.1901,35.4326,10.7576,27.1565,35.9294
235.0,469.0,10.8093,39.4981,98.6839,214.1615,0.0187,0.0,99.97,205.3952,48.5484,-16.3603,0.0,0.0001,2.2,-0.0018,6.1879,35.4308,10.7511,27.1563,35.9294
236.0,471.0,10.8069,39.4973,98.6879,214.7254,0.0214,0.0,99.9734,205.3952,48.5484,-16.3603,0.0,0.0001,2.1988,-0.0004,6.1915,35.4314,10.7484,27.1572,35.9305
237.0,473.0,10.8028,39.4942,64.5908,213.1167,0.019,0.0,99.9948,205.3952,48.5484,-16.3602,0.0,0.0001,2.1922,-0.003,6.1931,35.4313,10.7441,27.1579,35.9313
238.0,475.0,10.789,39.4814,98.6726,212.7701,0.0197,0.0,99.97,205.3952,48.5484,-16.3603,0.0,0.0001,2.1893,-0.0029,6.1935,35.4309,10.7301,27.1601,35.9341
239.0,477.0,10.789,39.4821,92.2511,213.7744,0.0217,0.0,99.9845,205.3953,48.5484,-16.3602,0.0,0.0001,2.1888,-0.0003,6.1972,35.4308,10.7299,27.1601,35.9341
240.0,479.0,10.7693,39.4603,98.68,213.0843,0.0199,0.0,100.005,205.3953,48.5484,-16.3602,0.0,0.0001,2.1852,-0.0016,6.2011,35.4271,10.71,27.1608,35.9357
241.0,481.0,10.735,39.4228,98.68,212.6555,0.0225,0.0,99.9981,205.3953,48.5484,-16.3602,0.0,0.0001,2.1812,-0.0017,6.2042,35.4216,10.6755,27.1626,35.939
242.0,483.0,10.7184,39.4049,58.1329,211.9422,0.0239,0.0,99.9845,205.3954,48.5484,-16.3602,0.0,0.0001,2.176,-0.0025,6.2098,35.4187,10.6587,27.1634,35.9405
243.0,485.0,10.6865,39.3691,98.68,211.955,0.0207,0.0,99.9845,205.3954,48.5484,-16.3602,0.0,0.0001,2.1718,-0.0015,6.2116,35.4127,10.6266,27.1644,35.943
244.0,487.0,10.6614,39.3439,83.0862,211.968,0.0194,0.0,99.9815,205.3954,48.5484,-16.3602,0.0,0.0001,2.1707,-0.001,6.2123,35.4107,10.6015,27.1674,35.947
245.0,489.0,10.661,39.3443,98.68,211.857,0.0197,0.0,99.9729,205.3954,48.5484,-16.3602,0.0,0.0001,2.169,-0.001,6.2151,35.4107,10.6009,27.1675,35.9471
246.0,491.0,10.6325,39.3128,98.68,211.8657,0.0232,0.0,99.9923,205.3955,48.5484,-16.3602,0.0,0.0001,2.1671,-0.0008,6.2194,35.4057,10.5721,27.1687,35.9496
247.0,493.0,10.6039,39.283,98.68,210.6844,0.024,0.0,99.9791,205.3955,48.5484,-16.3602,0.0,0.0001,2.1612,-0.0025,6.2214,35.4024,10.5435,27.1713,35.9534
248.0,495.0,10.5926,39.2737,91.7281,209.6984,0.0208,0.0,99.9845,205.3955,48.5484,-16.3602,0.0,0.0001,2.1553,-0.0031,6.2196,35.4029,10.5319,27.1737,35.9563
249.0,497.0,10.5693,39.2497,88.1532,210.1659,0.0221,0.0,99.996,205.3955,48.5484,-16.3602,0.0,0.0001,2.1524,-0.001,6.2229,35.4002,10.5084,27.1758,35.9594
250.0,499.0,10.5854,39.2665,98.68,210.0618,0.0223,0.0,99.979,205.3956,48.5484,-16.3602,0.0,0.0001,2.1496,-0.0013,6.2306,35.4012,10.5243,27.1737,35.9566
251.0,501.0,10.5366,39.2153,60.4441,208.8739,0.0195,0.0,100.0133,205.3956,48.5484,-16.3602,0.0,0.0001,2.1444,-0.0026,6.2282,35.3957,10.4754,27.1781,35.9631
252.0,503.0,10.518,39.1967,98.68,208.288,0.0221,0.0,99.9886,205.3956,48.5484,-16.3602,0.0,0.0001,2.1407,-0.0028,6.2255,35.3939,10.4565,27.18,35.9659
253.0,505.0,10.5179,39.1981,93.3718,209.0782,0.0241,0.0,99.9707,205.3956,48.5484,-16.3602,0.0,0.0001,2.1397,-0.0009,6.2316,35.3949,10.4563,27.1808,35.9667
254.0,507.0,10.5152,39.2001,98.68,206.9169,0.0248,0.0,100.009,205.3957,48.5484,-16.3601,0.0,0.0001,2.1318,-0.0044,6.2316,35.3986,10.4533,27.1843,35.9702
255.0,509.0,10.5066,39.1885,98.6833,206.7086,0.0175,0.0,100.0078,205.3957,48.5484,-16.3601,0.0,0.0001,2.1268,-0.0033,6.2307,35.3942,10.4445,27.1824,35.9687
256.0,511.0,10.5068,39.1895,98.68,207.6665,0.0215,0.0,99.9845,205.3957,48.5484,-16.3601,0.0,0.0001,2.1253,-0.0006,6.2341,35.3942,10.4444,27.1824,35.9687
257.0,513.0,10.4981,39.1818,98.68,205.7808,0.0217,0.0,100.007,205.3957,48.5484,-16.3601,0.0,0.0001,2.1196,-0.0039,6.2348,35.3939,10.4355,27.1837,35.9704
258.0,515.0,10.4947,39.1798,98.6816,205.3682,0.0239,0.0,100.0133,205.3958,48.5484,-16.3601,0.0,0.0001,2.1135,-0.0029,6.2355,35.3942,10.4319,27.1846,35.9715
259.0,517.0,10.4906,39.176,98.6815,205.2893,0.0222,0.0,100.0133,205.3958,48.5484,-16.3601,0.0,0.0001,2.1088,-0.0018,6.2371,35.3933,10.4275,27.1847,35.9718
260.0,519.0,10.478,39.1641,66.07,204.9655,0.0206,0.0,100.0133,205.3958,48.5484,-16.3601,0.0,0.0001,2.1054,-0.0017,6.2394,35.3926,10.4147,27.1864,35.974
261.0,521.0,10.4623,39.1473,94.8473,204.4919,0.0172,0.0,100.0096,205.3958,48.5484,-16.3601,0.0,0.0001,2.1006,-0.0018,6.2418,35.3902,10.3988,27.1873,35.9756
262.0,523.0,10.4482,39.1323,98.6807,204.8506,0.022,0.0,100.0071,205.3959,48.5484,-16.3601,0.0,0.0001,2.0989,-0.0004,6.2433,35.3876,10.3845,27.1878,35.9768
263.0,525.0,10.43,39.1127,98.68,205.0301,0.0223,0.0,99.9934,205.3959,48.5484,-16.3601,0.0,0.0001,2.0989,0.0,6.2426,35.3846,10.3661,27.1887,35.9784
264.0,527.0,10.4122,39.0945,89.9449,205.3697,0.0212,0.0,100.0053,205.3959,48.5484,-16.3601,0.0,0.0001,2.0994,0.0,6.2514,35.3827,10.3482,27.1903,35.9809
265.0,529.0,10.3683,39.0449,98.68,207.2578,0.022,0.0,99.9934,205.396,48.5484,-16.3601,0.0,0.0001,2.105,0.003,6.2524,35.374,10.3042,27.1913,35.9838
266.0,531.0,10.3536,39.0312,98.68,208.1084,0.0208,0.0,99.9941,205.396,48.5484,-16.3601,0.0,0.0001,2.1099,0.0033,6.2554,35.3734,10.2893,27.1934,35.9865
267.0,533.0,10.3495,39.0272,98.68,207.2615,0.0214,0.0,99.9947,205.396,48.5484,-16.3601,0.0,0.0001,2.1099,0.0006,6.2569,35.3726,10.285,27.1936,35.9869
268.0,535.0,10.3369,39.0149,98.68,205.7054,0.0243,0.0,99.9705,205.396,48.5484,-16.36,0.0,0.0001,2.1052,-0.0022,6.2592,35.3714,10.2722,27.1949,35.9887
269.0,537.0,10.3238,39.0024,71.6977,203.3122,0.0415,0.0,100.0049,205.3961,48.5484,-16.36,0.0,0.0001,2.0938,-0.0051,6.2608,35.3705,10.2589,27.1965,35.9909
270.0,539.0,10.3127,38.9917,98.2296,203.8239,0.0401,0.0,99.9903,205.3961,48.5484,-16.36,0.0,0.0001,2.0884,-0.0023,6.2613,35.3695,10.2475,27.1977,35.9926
271.0,541.0,10.3089,38.9885,98.68,203.3432,0.0235,0.0,99.9955,205.3961,48.5484,-16.36,0.0,0.0001,2.084,-0.0021,6.2628,35.3692,10.2435,27.1982,35.9933
272.0,543.0,10.2997,38.9793,98.68,201.9064,0.0214,0.0,99.9965,205.3961,48.5484,-16.36,0.0,0.0001,2.0771,-0.0036,6.261,35.3679,10.2341,27.1988,35.9943
273.0,545.0,10.2773,38.9566,97.2461,202.7635,0.0224,0.0,99.9845,205.3962,48.5484,-16.36,0.0,0.0001,2.0745,-0.0009,6.2698,35.3658,10.2116,27.2011,35.9976
274.0,547.0,10.2496,38.9263,71.4209,202.3535,0.024,0.0,99.9666,205.3962,48.5484,-16.36,0.0,0.0001,2.071,-0.0014,6.2716,35.3611,10.1838,27.2023,36.0
275.0,549.0,10.2348,38.9119,91.6222,203.7388,0.0215,0.0,100.0133,205.3962,48.5484,-16.36,0.0,0.0001,2.0742,0.0014,6.27,35.3597,10.1687,27.2038,36.0021
276.0,551.0,10.2329,38.9111,98.68,203.5605,0.0233,0.0,100.0119,205.3962,48.5484,-16.36,0.0,0.0001,2.0753,0.0003,6.272,35.3597,10.1665,27.2042,36.0026
277.0,553.0,10.2392,38.9183,98.68,203.1881,0.0222,0.0,99.9912,205.3963,48.5484,-16.36,0.0,0.0001,2.0734,-0.0008,6.2792,35.3605,10.1726,27.2037,36.0019
278.0,555.0,10.2025,38.8793,76.29,201.6377,0.021,0.0,100.0133,205.3963,48.5484,-16.36,0.0,0.0001,2.0674,-0.0032,6.2789,35.3554,10.1359,27.2062,36.0059
279.0,557.0,10.1659,38.845,98.68,201.1864,0.0206,0.0,100.0047,205.3963,48.5484,-16.36,0.0,0.0001,2.0623,-0.0025,6.279,35.355,10.0991,27.2122,36.0136
280.0,559.0,10.1792,38.8588,98.68,201.4733,0.0228,0.0,99.9704,205.3963,48.5484,-16.36,0.0,0.0001,2.0593,-0.0012,6.2818,35.3554,10.1121,27.2103,36.0111
281.0,561.0,10.1625,38.8438,98.68,200.9378,0.0243,0.0,99.9981,205.3964,48.5484,-16.3599,0.0,0.0001,2.0555,-0.0015,6.2813,35.3554,10.0953,27.2132,36.0147
282.0,563.0,10.1616,38.8442,95.2572,201.6083,0.0236,0.0,99.9864,205.3964,48.5484,-16.3599,0.0,0.0001,2.0562,0.0002,6.2813,35.3556,10.0941,27.2135,36.0151
283.0,565.0,10.1653,38.8497,82.4948,201.902,0.0201,0.0,99.9986,205.3964,48.5484,-16.3599,0.0,0.0001,2.0567,0.0005,6.2818,35.3569,10.0975,27.214,36.0153
284.0,567.0,10.1624,38.848,96.236,202.2851,0.0201,0.0,99.9816,205.3965,48.5484,-16.3599,0.0,0.0001,2.0586,0.0006,6.2834,35.357,10.0944,27.2146,36.0161
285.0,569.0,10.1538,38.8405,98.68,201.8811,0.0184,0.0,100.0088,205.3965,48.5484,-16.3599,0.0,0.0001,2.0578,-0.0004,6.284,35.3568,10.0856,27.2159,36.0178
286.0,571.0,10.1459,38.833,98.68,201.6618,0.0183,0.0,100.0082,205.3965,48.5484,-16.3599,0.0,0.0001,2.0565,-0.0007,6.2848,35.356,10.0775,27.2167,36.0189
287.0,573.0,10.1363,38.8227,76.291,201.1401,0.0219,0.0,100.0037,205.3965,48.5484,-16.3599,0.0,0.0001,2.0534,-0.0013,6.2871,35.354,10.0676,27.2169,36.0196
288.0,575.0,10.1241,38.8099,91.2245,199.6663,0.0233,0.0,99.993,205.3966,48.5484,-16.3599,0.0,0.0001,2.0461,-0.0031,6.2885,35.3519,10.0552,27.2174,36.0206
289.0,577.0,10.1139,38.8,94.0978,199.8534,0.0253,0.0,100.0133,205.3966,48.5484,-16.3599,0.0,0.0001,2.0432,-0.0016,6.2906,35.3509,10.0449,27.2184,36.022
290.0,579.0,10.1034,38.789,98.68,199.8941,0.0194,0.0,100.0099,205.3966,48.5483,-16.3599,0.0,0.0001,2.0402,-0.0012,6.2938,35.3491,10.0343,27.2188,36.023
291.0,581.0,10.0823,38.7681,98.68,199.6969,0.0191,0.0,99.9845,205.3966,48.5483,-16.3599,0.0,0.0001,2.0386,-0.0012,6.2952,35.3475,10.0129,27.2212,36.0263
292.0,583.0,10.0674,38.7529,74.0647,200.7776,0.0197,0.0,99.9791,205.3967,48.5483,-16.3599,0.0,0.0001,2.0399,0.0009,6.2975,35.3455,9.9979,27.2222,36.028
293.0,585.0,10.0512,38.7363,85.8884,201.4405,0.02,0.0,99.993,205.3967,48.5483,-16.3599,0.0,0.0001,2.043,0.001,6.305,35.3436,9.9815,27.2236,36.03
294.0,587.0,10.0016,38.6825,96.4783,201.1654,0.0216,0.0,99.9917,205.3967,48.5483,-16.3599,0.0,0.0001,2.0432,0.0,6.3053,35.3361,9.9319,27.2263,36.0349
295.0,589.0,9.9906,38.6728,98.68,201.1431,0.0209,0.0,99.997,205.3967,48.5483,-16.3599,0.0,0.0001,2.043,-0.0001,6.3052,35.3359,9.9207,27.228,36.0371
296.0,591.0,9.9941,38.6798,98.68,200.5989,0.0215,0.0,99.9628,205.3968,48.5483,-16.3599,0.0,0.0001,2.041,-0.0009,6.3062,35.3387,9.9239,27.2296,36.0386
297.0,593.0,9.9879,38.6752,98.68,197.6005,0.019,0.0,99.9989,205.3968,48.5483,-16.3599,0.0,0.0001,2.0297,-0.0052,6.3062,35.3391,9.9174,27.2311,36.0403
298.0,595.0,9.9877,38.6777,77.505,195.8963,0.0202,0.0,99.9875,205.3968,48.5483,-16.3599,0.0,0.0001,2.0181,-0.0061,6.3089,35.3409,9.917,27.2326,36.0418
299.0,597.0,9.9812,38.6737,98.68,196.668,0.0216,0.0,99.9845,205.3968,48.5483,-16.3599,0.0,0.0001,2.0128,-0.0025,6.3125,35.3424,9.9104,27.2349,36.0443
300.0,599.0,9.9489,38.6403,98.68,195.903,0.0201,0.0,99.9845,205.3969,48.5483,-16.3599,0.0,0.0001,2.0074,-0.0028,6.314,35.339,9.8779,27.2378,36.0487
301.0,601.0,9.9331,38.6245,78.3202,195.8848,0.0223,0.0,99.97,205.3969,48.5483,-16.3598,0.0,0.0001,2.0027,-0.0016,6.3163,35.3372,9.8619,27.2391,36.0507
302.0,603.0,9.9115,38.6021,92.0731,195.7956,0.0234,0.0,99.9845,205.3969,48.5483,-16.3598,0.0,0.0001,1.9988,-0.0013,6.3243,35.3343,9.8402,27.2405,36.0531
303.0,605.0,9.8872,38.5767,98.68,195.6715,0.0233,0.0,99.9845,205.3969,48.5483,-16.3598,0.0,0.0001,1.9959,-0.0013,6.3314,35.3312,9.8158,27.2423,36.0559
304.0,607.0,9.8413,38.5263,98.68,195.6262,0.0242,0.0,99.9845,205.397,48.5483,-16.3598,0.0,0.0001,1.9945,-0.0012,6.3336,35.3235,9.7699,27.2441,36.0598
305.0,609.0,9.79,38.4731,98.68,195.5078,0.0211,0.0,99.9829,205.397,48.5483,-16.3598,0.0,0.0001,1.992,-0.0011,6.3394,35.3182,9.7185,27.2486,36.0665
306.0,611.0,9.7607,38.441,98.5981,196.0038,0.023,0.0,99.9802,205.397,48.5483,-16.3598,0.0,0.0001,1.9906,-0.0001,6.3475,35.3129,9.6891,27.2494,36.0687
307.0,613.0,9.7284,38.4053,98.5241,196.3952,0.026,0.0,99.9845,205.397,48.5483,-16.3598,0.0,0.0001,1.9915,0.0005,6.3454,35.307,9.6567,27.2503,36.071
308.0,615.0,9.6493,38.3205,98.68,197.1362,0.0226,0.0,99.996,205.3971,48.5483,-16.3598,0.0,0.0001,1.9941,0.0008,6.3586,35.296,9.5777,27.255,36.0793
309.0,617.0,9.6184,38.287,98.68,196.6372,0.0182,0.0,99.9971,205.3971,48.5483,-16.3598,0.0,0.0001,1.9937,-0.0004,6.3592,35.291,9.5468,27.2562,36.0819
310.0,619.0,9.6046,38.2748,71.8791,196.1069,0.0228,0.0,99.9991,205.3971,48.5483,-16.3598,0.0,0.0001,1.9906,-0.0011,6.3579,35.291,9.5327,27.2585,36.0848
311.0,621.0,9.6158,38.2944,94.1231,194.6049,0.0227,0.0,99.9845,205.3972,48.5483,-16.3598,0.0,0.0001,1.9845,-0.0032,6.3596,35.2991,9.5436,27.2631,36.0888
312.0,623.0,9.6172,38.2974,97.7798,192.7987,0.0228,0.0,99.982,205.3972,48.5483,-16.3598,0.0,0.0001,1.9763,-0.0039,6.3474,35.3003,9.5448,27.2638,36.0894
313.0,625.0,9.6879,38.3913,98.2537,191.2035,0.0235,0.0,99.9797,205.3972,48.5483,-16.3598,0.0,0.0001,1.9643,-0.0044,6.3482,35.3267,9.615,27.2727,36.0949
314.0,627.0,9.7214,38.4356,98.68,191.1309,0.0208,0.0,99.9725,205.3972,48.5483,-16.3598,0.0,0.0001,1.9604,-0.0031,6.3476,35.3386,9.648,27.2765,36.0971
315.0,629.0,9.6895,38.3988,98.68,191.7921,0.0218,0.0,99.9652,205.3973,48.5483,-16.3598,0.0,0.0001,1.9565,-0.0011,6.3547,35.3309,9.616,27.2758,36.098
316.0,631.0,9.6561,38.3601,98.68,190.8287,0.0199,0.0,99.991,205.3973,48.5483,-16.3598,0.0,0.0001,1.9506,-0.0029,6.3725,35.3231,9.5826,27.2753,36.099
317.0,633.0,9.5623,38.2586,76.9789,190.3819,0.0192,0.0,99.9893,205.3973,48.5483,-16.3598,0.0,0.0001,1.9463,-0.0024,6.3727,35.3092,9.4889,27.2801,36.108
318.0,635.0,9.5157,38.2092,91.5833,190.9975,0.0193,0.0,99.9899,205.3973,48.5483,-16.3598,0.0,0.0001,1.9444,-0.0005,6.3737,35.3029,9.4423,27.2829,36.1129
319.0,637.0,9.516,38.2093,98.68,190.3294,0.021,0.0,99.9845,205.3974,48.5483,-16.3598,0.0,0.0001,1.9419,-0.0015,6.373,35.3021,9.4424,27.2823,36.1123
320.0,639.0,9.5124,38.2077,98.442,190.3219,0.0211,0.0,99.9845,205.3974,48.5483,-16.3598,0.0,0.0001,1.939,-0.001,6.3775,35.303,9.4386,27.2836,36.1138
321.0,641.0,9.4825,38.1785,98.68,188.8413,0.0226,0.0,99.9909,205.3974,48.5482,-16.3598,0.0,0.0001,1.9327,-0.0026,6.3731,35.3012,9.4086,27.2872,36.1187
322.0,643.0,9.5134,38.217,98.68,189.0724,0.0245,0.0,99.995,205.3974,48.5482,-16.3598,0.0,0.0001,1.9306,-0.0013,6.3735,35.3096,9.4391,27.2887,36.1187
323.0,645.0,9.5164,38.2225,98.68,189.0715,0.0235,0.0,99.9955,205.3975,48.5482,-16.3598,0.0,0.0001,1.929,-0.0008,6.3714,35.3115,9.4418,27.2898,36.1197
324.0,647.0,9.5276,38.2377,83.3237,189.1124,0.0212,0.0,99.9783,205.3975,48.5482,-16.3598,0.0,0.0001,1.9267,-0.0005,6.3751,35.3155,9.4527,27.2911,36.1204
325.0,649.0,9.5191,38.2305,91.4316,187.9689,0.0233,0.0,99.9854,205.3975,48.5482,-16.3598,0.0,0.0001,1.9218,-0.0027,6.3863,35.3155,9.444,27.2925,36.1223
326.0,651.0,9.4523,38.1557,98.68,187.6063,0.0247,0.0,100.0081,205.3975,48.5482,-16.3598,0.0,0.0001,1.9194,-0.0023,6.3826,35.3028,9.3773,27.2937,36.1265
327.0,653.0,9.4052,38.1054,98.68,188.7501,0.0214,0.0,99.9941,205.3976,48.5482,-16.3598,0.0,0.0001,1.9199,-0.0003,6.3933,35.296,9.3302,27.2961,36.131
328.0,655.0,9.3991,38.0976,73.0696,188.3785,0.0205,0.0,100.0043,205.3976,48.5482,-16.3598,0.0,0.0001,1.917,-0.0009,6.3985,35.2929,9.3239,27.2947,36.13
329.0,657.0,9.3493,38.0444,98.68,188.7733,0.0226,0.0,100.0013,205.3976,48.5482,-16.3598,0.0,0.0001,1.9176,0.0002,6.3933,35.286,9.274,27.2975,36.135
330.0,659.0,9.3763,38.0821,86.9224,188.6175,0.0248,0.0,100.0001,205.3976,48.5482,-16.3598,0.0,0.0001,1.9181,0.0003,6.3819,35.2976,9.3007,27.3022,36.1384
331.0,661.0,9.4487,38.1754,98.68,187.139,0.024,0.0,100.0133,205.3977,48.5482,-16.3598,0.0,0.0001,1.9135,-0.002,6.3787,35.3222,9.3725,27.3096,36.1423
332.0,663.0,9.4841,38.2207,98.68,186.225,0.0205,0.0,100.0037,205.3977,48.5482,-16.3598,0.0,0.0001,1.9088,-0.0027,6.3794,35.3333,9.4075,27.3125,36.1436
333.0,665.0,9.47,38.2085,98.68,186.5127,0.0163,0.0,100.0027,205.3977,48.5482,-16.3598,0.0,0.0001,1.9057,-0.0013,6.3812,35.3335,9.3932,27.3151,36.1467
334.0,667.0,9.4587,38.1986,98.68,185.9455,0.0173,0.0,100.007,205.3978,48.5482,-16.3598,0.0,0.0001,1.9019,-0.0016,6.384,35.3334,9.3816,27.3169,36.149
335.0,669.0,9.4402,38.179,77.8269,185.8492,0.0178,0.0,100.0133,205.3978,48.5482,-16.3598,0.0,0.0001,1.8993,-0.0013,6.3855,35.3305,9.3631,27.3177,36.1507
336.0,671.0,9.4298,38.1692,98.68,186.0447,0.0208,0.0,100.0133,205.3978,48.5482,-16.3598,0.0,0.0001,1.8983,-0.0005,6.3842,35.3298,9.3526,27.3189,36.1524
337.0,673.0,9.4194,38.162,82.89,186.219,0.0241,0.0,99.9822,205.3978,48.5482,-16.3598,0.0,0.0001,1.8979,-0.0003,6.3903,35.3314,9.3419,27.3219,36.1558
338.0,675.0,9.3942,38.1362,98.68,184.6569,0.024,0.0,100.0133,205.3979,48.5482,-16.3598,0.0,0.0001,1.893,-0.0026,6.3911,35.3287,9.3166,27.3239,36.159
339.0,677.0,9.3791,38.1238,75.0925,184.4835,0.0222,0.0,100.0133,205.3979,48.5482,-16.3598,0.0,0.0001,1.8905,-0.0021,6.3913,35.3298,9.3014,27.3273,36.163
340.0,679.0,9.3784,38.1263,98.68,184.799,0.0221,0.0,100.0151,205.3979,48.5482,-16.3598,0.0,0.0001,1.8879,-0.001,6.3947,35.3322,9.3004,27.3294,36.1651
341.0,681.0,9.3678,38.1166,98.68,183.5198,0.021,0.0,100.0104,205.3979,48.5482,-16.3598,0.0,0.0001,1.8828,-0.0027,6.3941,35.3317,9.2897,27.3307,36.1669
342.0,683.0,9.348,38.1014,98.68,184.0504,0.0203,0.0,100.0321,205.398,48.5482,-16.3598,0.0,0.0001,1.8813,-0.0011,6.3953,35.3345,9.2697,27.3363,36.1732
343.0,685.0,9.3478,38.1051,98.68,183.8851,0.0203,0.0,100.0175,205.398,48.5482,-16.3598,0.0,0.0001,1.8797,-0.0009,6.3958,35.3376,9.2693,27.3388,36.1757
344.0,687.0,9.3515,38.1144,98.68,183.3327,0.0214,0.0,100.0133,205.398,48.5482,-16.3598,0.0,0.0001,1.8749,-0.0014,6.3974,35.3426,9.2727,27.3421,36.1788
345.0,689.0,9.3424,38.1059,98.68,182.926,0.0165,0.0,100.0133,205.398,48.5482,-16.3598,0.0,0.0001,1.873,-0.0015,6.3978,35.3419,9.2634,27.343,36.1802
346.0,691.0,9.334,38.0977,98.6807,183.1969,0.0211,0.0,100.007,205.3981,48.5482,-16.3598,0.0,0.0001,1.8718,-0.0006,6.3973,35.3408,9.2548,27.3436,36.1811
347.0,693.0,9.329,38.0932,85.0996,183.6501,0.0224,0.0,100.0233,205.3981,48.5482,-16.3598,0.0,0.0001,1.8719,0.0002,6.3989,35.3402,9.2496,27.344,36.1817
348.0,695.0,9.3293,38.0961,92.1382,184.6628,0.0233,0.0,100.0078,205.3981,48.5482,-16.3598,0.0,0.0001,1.8744,0.0015,6.3996,35.3419,9.2497,27.3453,36.183
349.0,697.0,9.319,38.0864,98.68,184.7885,0.0206,0.0,99.9989,205.3981,48.5482,-16.3598,0.0,0.0001,1.8767,0.001,6.4022,35.341,9.2391,27.3464,36.1846
350.0,699.0,9.3062,38.0746,98.6306,184.2769,0.0212,0.0,99.9917,205.3982,48.5482,-16.3598,0.0,0.0001,1.8769,0.0001,6.392,35.3405,9.2262,27.3481,36.1869
351.0,701.0,9.3399,38.124,98.68,184.2763,0.021,0.0,100.0037,205.3982,48.5482,-16.3598,0.0,0.0001,1.8773,0.0001,6.3909,35.3575,9.2595,27.3559,36.193
352.0,703.0,9.404,38.1973,98.68,183.8167,0.0193,0.0,99.9714,205.3982,48.5482,-16.3598,0.0,0.0001,1.8754,-0.0006,6.3903,35.3695,9.323,27.3549,36.189
353.0,705.0,9.401,38.1973,86.6619,184.0682,0.0204,0.0,99.9883,205.3982,48.5482,-16.3598,0.0,0.0001,1.8755,0.0,6.3881,35.3716,9.3197,27.357,36.1913
354.0,707.0,9.3966,38.1977,94.762,184.2518,0.0241,0.0,99.9657,205.3983,48.5482,-16.3598,0.0,0.0001,1.8742,0.0,6.3928,35.3753,9.3151,27.3606,36.1951
355.0,709.0,9.382,38.1834,95.3926,184.0507,0.0238,0.0,99.9758,205.3983,48.5482,-16.3598,0.0,0.0001,1.8746,-0.0004,6.3931,35.3741,9.3004,27.3622,36.1972
356.0,711.0,9.3614,38.1635,98.68,184.0807,0.0252,0.0,99.9732,205.3983,48.5482,-16.3598,0.0,0.0001,1.8744,-0.0001,6.3915,35.373,9.2796,27.3647,36.2007
357.0,713.0,9.361,38.164,98.5035,184.129,0.0215,0.0,99.9607,205.3983,48.5482,-16.3598,0.0,0.0001,1.8746,-0.0002,6.3917,35.3728,9.279,27.3647,36.2007
358.0,715.0,9.361,38.1722,98.68,183.4179,0.0161,0.0,99.9622,205.3984,48.5482,-16.3598,0.0,0.0001,1.8726,-0.0012,6.39,35.3803,9.2788,27.3705,36.2065
359.0,717.0,9.3818,38.2046,98.68,182.7568,0.021,0.0,99.9588,205.3984,48.5482,-16.3598,0.0,0.0001,1.8693,-0.0018,6.3869,35.3925,9.2991,27.3768,36.2116
360.0,719.0,9.388,38.2194,87.8984,182.7609,0.0235,0.0,99.963,205.3984,48.5482,-16.3598,0.0,0.0001,1.8673,-0.0013,6.3907,35.4009,9.305,27.3824,36.2169
361.0,721.0,9.366,38.1989,98.2067,182.4218,0.0223,0.0,99.97,205.3984,48.5482,-16.3598,0.0,0.0001,1.8632,-0.0012,6.3906,35.4002,9.283,27.3855,36.2209
362.0,723.0,9.3631,38.1955,93.8722,182.8905,0.0239,0.0,99.9534,205.3985,48.5482,-16.3598,0.0,0.0001,1.862,-0.0001,6.3932,35.3989,9.2798,27.3849,36.2205
363.0,725.0,9.3647,38.2003,98.68,182.371,0.0222,0.0,99.9632,205.3985,48.5482,-16.3598,0.0,0.0001,1.861,-0.0013,6.3981,35.4015,9.2812,27.3868,36.2223
364.0,727.0,9.3426,38.1747,98.68,182.3185,0.0229,0.0,99.9522,205.3985,48.5482,-16.3598,0.0,0.0001,1.8608,-0.001,6.3979,35.3958,9.259,27.386,36.2225
365.0,729.0,9.2667,38.0911,89.301,182.8647,0.0199,0.0,99.9556,205.3985,48.5482,-16.3598,0.0,0.0001,1.86,-0.0008,6.425,35.3828,9.1832,27.3882,36.2282
366.0,731.0,9.1434,37.9557,98.68,182.9936,0.0177,0.0,99.9556,205.3986,48.5482,-16.3598,0.0,0.0001,1.8559,-0.0006,6.4359,35.3629,9.0604,27.3927,36.2383
367.0,733.0,9.0822,37.886,98.68,183.7833,0.0207,0.0,99.9518,205.3986,48.5482,-16.3598,0.0,0.0001,1.8559,0.0001,6.4541,35.3498,8.9993,27.3924,36.2408
368.0,735.0,9.0013,37.7933,98.68,183.9396,0.0195,0.0,99.9523,205.3986,48.5481,-16.3598,0.0,0.0001,1.8557,-0.0002,6.4653,35.3319,8.9187,27.3913,36.2436
369.0,737.0,8.8792,37.6617,87.9812,184.3597,0.0209,0.0,99.9457,205.3987,48.5481,-16.3598,0.0,0.0001,1.8559,0.0001,6.4751,35.314,8.7969,27.3968,36.2547
370.0,739.0,8.8136,37.5894,98.68,184.5305,0.025,0.0,99.9465,205.3987,48.5482,-16.3598,0.0,0.0001,1.8559,0.0,6.4808,35.3022,8.7315,27.3979,36.2588
371.0,741.0,8.7844,37.5572,96.4576,184.459,0.0221,0.0,99.9526,205.3987,48.5482,-16.3598,0.0,0.0001,1.8557,-0.0004,6.4853,35.2966,8.7023,27.3982,36.2604
372.0,743.0,8.7504,37.5216,98.68,185.0697,0.0199,0.0,99.9435,205.3987,48.5482,-16.3598,0.0,0.0001,1.856,0.0005,6.4888,35.2919,8.6682,27.3999,36.2637
373.0,745.0,8.7132,37.484,98.68,185.0966,0.0236,0.0,99.949,205.3988,48.5482,-16.3598,0.0,0.0001,1.8562,0.0,6.4964,35.2882,8.631,27.4029,36.2684
374.0,747.0,8.6862,37.4549,82.9271,184.6575,0.022,0.0,99.9518,205.3988,48.5482,-16.3598,0.0,0.0001,1.8547,-0.0011,6.5047,35.2834,8.6038,27.4034,36.2702
375.0,749.0,8.5738,37.3354,96.8737,185.1514,0.0218,0.0,99.9539,205.3988,48.5482,-16.3598,0.0,0.0001,1.8535,-0.0003,6.5145,35.268,8.4918,27.4089,36.2809
376.0,751.0,8.5443,37.3069,96.6853,185.2154,0.0214,0.0,99.9652,205.3988,48.5482,-16.3598,0.0,0.0001,1.8533,-0.0003,6.516,35.2665,8.4624,27.4124,36.2857
377.0,753.0,8.5389,37.3029,98.68,184.9512,0.0201,0.0,99.9556,205.3989,48.5481,-16.3598,0.0,0.0001,1.8523,-0.0006,6.5148,35.2668,8.4567,27.4134,36.287
378.0,755.0,8.5348,37.3018,98.68,185.212,0.0223,0.0,99.9556,205.3989,48.5482,-16.3598,0.0,0.0001,1.8523,-0.0001,6.5155,35.2688,8.4524,27.4157,36.2894
379.0,757.0,8.5164,37.2844,98.68,185.5343,0.0229,0.0,99.9614,205.3989,48.5482,-16.3598,0.0,0.0001,1.8522,-0.0001,6.5261,35.2676,8.4339,27.4176,36.2922
380.0,759.0,8.4795,37.2431,98.68,185.5163,0.0205,0.0,99.9669,205.3989,48.5481,-16.3598,0.0,0.0001,1.8498,-0.0006,6.5398,35.2596,8.397,27.4171,36.2934
381.0,761.0,8.4173,37.1773,98.68,185.6826,0.0249,0.0,99.9708,205.399,48.5481,-16.3598,0.0,0.0001,1.8503,-0.0004,6.541,35.2511,8.3349,27.42,36.2992
382.0,763.0,8.38,37.1355,98.68,186.2615,0.0253,0.0,99.98,205.399,48.5482,-16.3598,0.0,0.0001,1.8516,0.0006,6.5424,35.2431,8.2976,27.4195,36.3005
383.0,765.0,8.3627,37.1251,87.1138,186.2763,0.0232,0.0,99.9717,205.399,48.5482,-16.3598,0.0,0.0001,1.852,0.0001,6.5459,35.2481,8.2801,27.4261,36.3078
384.0,767.0,8.3361,37.0966,96.8241,186.38,0.0229,0.0,99.9773,205.399,48.5481,-16.3598,0.0,0.0001,1.851,-0.0002,6.5577,35.2435,8.2535,27.4266,36.3096
385.0,769.0,8.2796,37.0325,98.68,186.3194,0.023,0.0,99.9628,205.3991,48.5481,-16.3599,0.0,0.0001,1.8497,-0.0008,6.572,35.2308,8.1971,27.4253,36.3109
386.0,771.0,8.2214,36.9711,98.68,186.7782,0.0267,0.0,99.97,205.3991,48.5481,-16.3598,0.0,0.0001,1.8504,0.0003,6.565,35.2225,8.139,27.4276,36.316
387.0,773.0,8.1654,36.913,98.68,188.7706,0.0247,0.0,99.9768,205.3991,48.5481,-16.3599,0.0,0.0001,1.8546,0.0029,6.5692,35.2157,8.0831,27.4308,36.3218
388.0,775.0,8.1531,36.9023,93.8604,188.2082,0.0232,0.0,100.0133,205.3991,48.5481,-16.3599,0.0,0.0001,1.8565,0.0004,6.5839,35.2155,8.0707,27.4325,36.324
389.0,777.0,8.1019,36.8532,98.68,188.5653,0.0239,0.0,99.9989,205.3992,48.5481,-16.3599,0.0,0.0001,1.8577,0.0002,6.5932,35.2135,8.0196,27.4387,36.3326
390.0,779.0,8.0544,36.7975,98.68,188.5835,0.0221,0.0,99.9845,205.3992,48.5481,-16.3599,0.0,0.0001,1.8588,0.0001,6.591,35.2008,7.9721,27.4359,36.3321
391.0,781.0,8.0363,36.7804,98.68,189.0798,0.0236,0.0,100.0085,205.3992,48.5481,-16.3599,0.0,0.0001,1.8599,0.0009,6.5884,35.1994,7.9539,27.4375,36.3346
392.0,783.0,8.0337,36.7795,92.4448,189.3826,0.0215,0.0,99.9911,205.3992,48.5481,-16.3599,0.0,0.0001,1.8623,0.0008,6.5851,35.2,7.951,27.4384,36.3355
393.0,785.0,8.0816,36.8377,98.65,188.7396,0.0191,0.0,100.0072,205.3993,48.5481,-16.3599,0.0,0.0001,1.8623,-0.0001,6.5732,35.2133,7.9984,27.4417,36.3365
394.0,787.0,8.147,36.9157,98.68,187.4357,0.0207,0.0,100.0121,205.3993,48.5481,-16.3599,0.0,0.0001,1.8596,-0.0019,6.5676,35.2303,8.0631,27.4453,36.3369
395.0,789.0,8.1677,36.9411,98.68,187.2745,0.0212,0.0,100.0162,205.3993,48.5481,-16.3599,0.0,0.0001,1.8565,-0.0017,6.5684,35.2359,8.0836,27.4465,36.3372
396.0,791.0,8.175,36.9567,98.6518,186.9678,0.0229,0.0,100.0351,205.3994,48.5481,-16.3599,0.0,0.0001,1.8535,-0.0013,6.5711,35.2441,8.0906,27.452,36.3422
397.0,793.0,8.1759,36.9626,98.7387,187.1409,0.0229,0.0,100.0422,205.3994,48.5481,-16.3599,0.0,0.0001,1.8497,-0.0007,6.5783,35.2485,8.0912,27.4553,36.3455
398.0,795.0,8.1729,36.9588,91.1435,186.7497,0.0185,0.0,100.0422,205.3994,48.5481,-16.3599,0.0,0.0001,1.849,-0.0012,6.5783,35.2465,8.088,27.4543,36.3446
399.0,797.0,8.0939,36.878,98.6956,187.5095,0.0212,0.0,100.0422,205.3994,48.5481,-16.3599,0.0,0.0001,1.8494,0.0,6.5831,35.2383,8.0093,27.4597,36.3537
400.0,799.0,8.0972,36.8852,98.5037,188.0087,0.0209,0.0,100.0422,205.3995,48.5481,-16.3599,0.0,0.0001,1.8498,0.0005,6.5862,35.242,8.0124,27.4621,36.3559
401.0,801.0,8.0892,36.8812,98.68,188.405,0.0218,0.0,100.0351,205.3995,48.5481,-16.3599,0.0,0.0001,1.8517,0.0007,6.5905,35.2447,8.0042,27.4655,36.3596
402.0,803.0,8.0554,36.8465,98.68,188.4628,0.0222,0.0,100.0422,205.3995,48.5481,-16.3599,0.0,0.0001,1.8521,0.0004,6.5923,35.2406,7.9704,27.4673,36.363
403.0,805.0,8.0331,36.8268,94.552,188.8221,0.0207,0.0,100.0365,205.3995,48.5481,-16.3599,0.0,0.0001,1.8533,0.0004,6.5984,35.2409,7.9479,27.471,36.3677
404.0,807.0,7.9972,36.7919,77.7724,188.6243,0.0214,0.0,100.0422,205.3996,48.5481,-16.3599,0.0,0.0001,1.8535,-0.0002,6.5989,35.2384,7.912,27.4744,36.3728
405.0,809.0,7.9666,36.7623,94.3518,189.5997,0.0228,0.0,100.0422,205.3996,48.5481,-16.3599,0.0,0.0001,1.8556,0.0012,6.6001,35.2364,7.8813,27.4774,36.3772
406.0,811.0,7.9473,36.7435,98.68,189.0486,0.0239,0.0,100.0481,205.3996,48.5481,-16.3599,0.0,0.0001,1.8549,-0.0003,6.6065,35.2348,7.862,27.4791,36.3798
407.0,813.0,7.9401,36.7397,98.68,189.2249,0.0247,0.0,100.0422,205.3996,48.5481,-16.3599,0.0,0.0001,1.854,0.0,6.6064,35.237,7.8546,27.4819,36.3829
408.0,815.0,7.9362,36.7398,73.6229,189.6422,0.0219,0.0,100.0422,205.3997,48.5481,-16.3599,0.0,0.0001,1.8556,0.0005,6.6063,35.24,7.8505,27.4849,36.386
409.0,817.0,7.9316,36.7368,98.6793,189.9597,0.0189,0.0,100.0442,205.3997,48.5481,-16.3599,0.0,0.0001,1.8559,0.0007,6.6078,35.2405,7.8457,27.486,36.3873
410.0,819.0,7.9305,36.7358,98.68,189.5028,0.0179,0.0,100.0371,205.3997,48.5481,-16.3599,0.0,0.0001,1.8559,-0.0004,6.6113,35.2397,7.8444,27.4856,36.3869
411.0,821.0,7.9109,36.7192,98.68,189.7447,0.0213,0.0,100.0422,205.3997,48.5481,-16.3599,0.0,0.0001,1.8559,0.0,6.613,35.2406,7.8248,27.4892,36.3915
412.0,823.0,7.9037,36.712,98.68,190.0271,0.0214,0.0,100.0422,205.3998,48.5481,-16.3599,0.0,0.0001,1.8559,0.0003,6.6131,35.2393,7.8174,27.4893,36.3919
413.0,825.0,7.8882,36.6972,88.0415,190.5027,0.0196,0.0,100.0483,205.3998,48.5481,-16.3599,0.0,0.0001,1.8577,0.0006,6.6193,35.2378,7.8017,27.4904,36.3938
414.0,827.0,7.8485,36.6573,97.5798,190.3891,0.0219,0.0,100.0438,205.3998,48.5481,-16.3599,0.0,0.0001,1.8556,-0.001,6.6517,35.234,7.7621,27.4934,36.3986
415.0,829.0,7.694,36.4796,98.68,191.1683,0.0216,0.0,100.0422,205.3998,48.5481,-16.36,0.0,0.0001,1.8565,0.0003,6.6489,35.197,7.6084,27.4869,36.3997
416.0,831.0,7.6311,36.4193,98.68,193.5319,0.0197,0.0,100.0422,205.3999,48.5481,-16.36,0.0,0.0001,1.8634,0.0037,6.6462,35.1943,7.5456,27.494,36.4097
417.0,833.0,7.6585,36.4534,89.4056,193.1109,0.0181,0.0,100.0474,205.3999,48.5481,-16.36,0.0,0.0001,1.8657,0.001,6.6611,35.2025,7.5726,27.4965,36.4108
418.0,835.0,7.6281,36.4193,87.8416,193.536,0.0192,0.0,100.0489,205.3999,48.5481,-16.36,0.0,0.0001,1.8675,0.0004,6.6789,35.1955,7.5422,27.4954,36.4112
419.0,837.0,7.5158,36.2995,93.6012,194.6206,0.0212,0.0,100.039,205.3999,48.5481,-16.36,0.0,0.0001,1.8699,0.0016,6.6833,35.178,7.4304,27.4979,36.419
420.0,839.0,7.4578,36.2381,98.68,195.5129,0.021,0.0,100.0422,205.4,48.5481,-16.36,0.0,0.0001,1.8742,0.0021,6.6825,35.169,7.3726,27.4992,36.4231
421.0,841.0,7.4624,36.2464,98.68,195.1785,0.0231,0.0,100.0422,205.4,48.5481,-16.36,0.0,0.0001,1.8762,0.0007,6.6829,35.1724,7.3769,27.5012,36.4249
422.0,843.0,7.4582,36.2432,98.68,194.9582,0.0222,0.0,100.0453,205.4,48.5481,-16.36,0.0,0.0001,1.8768,0.0002,6.6778,35.1723,7.3725,27.5017,36.4257
423.0,845.0,7.4585,36.2454,98.68,195.0836,0.0235,0.0,100.0422,205.4,48.5481,-16.36,0.0,0.0001,1.8773,0.0006,6.6676,35.1735,7.3726,27.5027,36.4266
424.0,847.0,7.5294,36.3349,98.68,194.3431,0.0229,0.0,100.0526,205.4001,48.5481,-16.36,0.0,0.0001,1.8779,-0.0003,6.6562,35.1978,7.4428,27.5117,36.432
425.0,849.0,7.6121,36.4318,98.68,193.8199,0.0238,0.0,100.0433,205.4001,48.5481,-16.36,0.0,0.0001,1.876,-0.0004,6.6419,35.2183,7.5247,27.5159,36.4322
426.0,851.0,7.7024,36.5409,88.2203,191.8333,0.0218,0.0,100.0422,205.4001,48.5481,-16.36,0.0,0.0001,1.8706,-0.0028,6.6405,35.2441,7.6142,27.5231,36.4349
427.0,853.0,7.7114,36.5532,98.7196,191.6337,0.0205,0.0,100.0539,205.4001,48.5481,-16.36,0.0,0.0001,1.8672,-0.002,6.6367,35.2475,7.623,27.5245,36.4358
428.0,855.0,7.7387,36.5876,96.7712,191.9577,0.0211,0.0,100.0484,205.4002,48.5481,-16.36,0.0,0.0001,1.8652,-0.0005,6.6262,35.2561,7.6498,27.5273,36.4373
429.0,857.0,7.7978,36.6586,98.68,191.1037,0.0227,0.0,100.0566,205.4002,48.5481,-16.36,0.0,0.0001,1.8625,-0.0013,6.6189,35.2722,7.7083,27.5313,36.4384
430.0,859.0,7.8324,36.7011,98.6777,191.0301,0.0233,0.0,100.0655,205.4002,48.5481,-16.36,0.0,0.0001,1.8609,-0.0008,6.6169,35.282,7.7425,27.534,36.4394
431.0,861.0,7.8504,36.7264,89.4422,190.76,0.0227,0.0,100.0437,205.4003,48.5481,-16.36,0.0,0.0001,1.8587,-0.0009,6.6157,35.2902,7.7601,27.5378,36.4423
432.0,863.0,7.8713,36.7519,98.68,190.9131,0.0203,0.0,100.0572,205.4003,48.5481,-16.36,0.0,0.0001,1.8582,-0.0003,6.611,35.2957,7.7806,27.5391,36.4425
433.0,865.0,7.8861,36.7718,98.68,190.5526,0.0183,0.0,100.0518,205.4003,48.5481,-16.36,0.0,0.0001,1.8569,-0.0005,6.6068,35.3013,7.7952,27.5413,36.444
434.0,867.0,7.9138,36.806,98.68,190.2639,0.0192,0.0,100.0586,205.4003,48.5481,-16.36,0.0,0.0001,1.8556,-0.0007,6.6045,35.3092,7.8224,27.5435,36.4448
435.0,869.0,7.9294,36.8248,96.7753,190.0227,0.0234,0.0,100.0485,205.4004,48.5481,-16.36,0.0,0.0001,1.8544,-0.0007,6.6016,35.3127,7.8377,27.5439,36.4446
436.0,871.0,7.9477,36.8475,91.3008,189.9889,0.0232,0.0,100.0443,205.4004,48.5481,-16.36,0.0,0.0001,1.8531,-0.0005,6.6018,35.3178,7.8557,27.5453,36.445
437.0,873.0,7.946,36.8496,98.6075,190.0051,0.0269,0.0,100.0371,205.4004,48.5481,-16.36,0.0,0.0001,1.8516,-0.0003,6.5999,35.3206,7.8538,27.5478,36.4476
438.0,875.0,7.955,36.8635,98.68,190.1397,0.0247,0.0,100.0477,205.4004,48.5481,-16.36,0.0,0.0001,1.8523,-0.0001,6.602,35.3256,7.8624,27.5504,36.4497
439.0,877.0,7.9517,36.8641,98.68,189.8753,0.0229,0.0,100.0457,205.4005,48.5481,-16.36,0.0,0.0001,1.8504,-0.0005,6.6034,35.3285,7.8589,27.5532,36.4526
440.0,879.0,7.937,36.8506,69.4505,190.1089,0.0174,0.0,100.0422,205.4005,48.5481,-16.36,0.0,0.0001,1.85,-0.0001,6.6058,35.3281,7.8441,27.5551,36.4552
441.0,881.0,7.9244,36.8399,98.68,190.6233,0.02,0.0,100.0053,205.4005,48.5481,-16.36,0.0,0.0001,1.851,0.0006,6.606,35.3285,7.8314,27.5573,36.4579
442.0,883.0,7.9176,36.8337,96.3432,190.6964,0.0211,0.0,100.0206,205.4005,48.5481,-16.3601,0.0,0.0001,1.8523,0.0005,6.6062,35.3277,7.8244,27.5577,36.4587
443.0,885.0,7.9159,36.8345,98.68,190.5945,0.0204,0.0,100.0203,205.4006,48.5481,-16.3601,0.0,0.0001,1.8523,0.0002,6.6012,35.3293,7.8225,27.5593,36.4603
444.0,887.0,7.9387,36.8649,98.4906,190.4042,0.0217,0.0,100.0149,205.4006,48.5481,-16.3601,0.0,0.0001,1.8526,-0.0002,6.6008,35.338,7.8449,27.5628,36.4627
445.0,889.0,7.9468,36.8785,98.68,190.4986,0.0227,0.0,100.0133,205.4006,48.5481,-16.3601,0.0,0.0001,1.8523,-0.0001,6.6023,35.3435,7.8527,27.5659,36.4654
446.0,891.0,7.9497,36.8834,98.68,190.3347,0.0197,0.0,100.0083,205.4006,48.5481,-16.3601,0.0,0.0001,1.851,-0.0002,6.6013,35.3449,7.8554,27.5666,36.466
447.0,893.0,7.9453,36.881,79.4306,189.9966,0.0203,0.0,100.0002,205.4007,48.5481,-16.3601,0.0,0.0001,1.8495,-0.0007,6.6025,35.3459,7.8508,27.5681,36.4676
448.0,895.0,7.9371,36.8771,98.6726,190.5257,0.0197,0.0,99.9989,205.4007,48.5481,-16.3601,0.0,0.0001,1.8496,0.0003,6.6033,35.3487,7.8424,27.5716,36.4715
449.0,897.0,7.925,36.8661,93.8878,190.854,0.0195,0.0,100.0061,205.4007,48.5481,-16.3601,0.0,0.0001,1.8501,0.0005,6.6063,35.3483,7.8302,27.5731,36.4735
450.0,899.0,7.9124,36.8529,98.68,190.9156,0.0222,0.0,99.999,205.4008,48.5481,-16.3601,0.0,0.0001,1.8509,0.0003,6.6071,35.346,7.8174,27.5731,36.4742
451.0,901.0,7.906,36.8509,85.3015,190.5423,0.0229,0.0,99.9941,205.4008,48.548,-16.3601,0.0,0.0001,1.8501,-0.0005,6.606,35.3493,7.8109,27.5767,36.478
452.0,903.0,7.9023,36.849,98.68,191.0048,0.0222,0.0,99.9845,205.4008,48.5481,-16.3601,0.0,0.0001,1.851,0.0003,6.6066,35.35,7.8069,27.5779,36.4793
453.0,905.0,7.9084,36.8589,98.68,191.3981,0.0224,0.0,99.9556,205.4008,48.5481,-16.3601,0.0,0.0001,1.8523,0.0007,6.6065,35.3536,7.8128,27.5798,36.481
454.0,907.0,7.9266,36.8833,98.68,191.2038,0.0223,0.0,99.9455,205.4008,48.548,-16.3601,0.0,0.0001,1.8526,0.0001,6.6059,35.3606,7.8306,27.5827,36.4829
455.0,909.0,7.9198,36.8761,98.68,190.8578,0.0232,0.0,99.9556,205.4009,48.548,-16.3601,0.0,0.0001,1.8513,-0.0005,6.6064,35.3589,7.8237,27.5823,36.4829
456.0,911.0,7.9072,36.8642,84.2157,190.9124,0.0229,0.0,99.9526,205.4009,48.548,-16.3601,0.0,0.0001,1.8514,-0.0003,6.606,35.3577,7.811,27.5833,36.4845
457.0,913.0,7.8635,36.8193,98.6807,191.7248,0.021,0.0,99.9556,205.4009,48.548,-16.3601,0.0,0.0001,1.8515,0.0008,6.6083,35.3523,7.7673,27.5856,36.4888
458.0,915.0,7.8609,36.8151,97.2451,191.3487,0.0215,0.0,99.9318,205.401,48.548,-16.3601,0.0,0.0001,1.8516,-0.0006,6.6229,35.35,7.7646,27.5841,36.4875
459.0,917.0,7.8195,36.7696,98.68,192.2042,0.0215,0.0,99.9479,205.401,48.548,-16.3601,0.0,0.0001,1.8539,0.0008,6.6212,35.3417,7.7232,27.5838,36.4891
460.0,919.0,7.7991,36.7483,98.68,193.4614,0.0227,0.0,99.9361,205.401,48.548,-16.3601,0.0,0.0001,1.8562,0.0019,6.6275,35.3382,7.7026,27.5841,36.4905
461.0,921.0,7.7695,36.7144,77.8556,192.7526,0.0246,0.0,99.9379,205.401,48.548,-16.3601,0.0,0.0001,1.8544,-0.0009,6.6621,35.3308,7.673,27.5826,36.4904
462.0,923.0,7.5751,36.5002,93.7461,194.1799,0.0191,0.0,99.9406,205.4011,48.548,-16.3601,0.0,0.0001,1.8541,0.0002,6.6971,35.2946,7.4798,27.5825,36.4996
463.0,925.0,7.3838,36.291,98.68,196.046,0.0213,0.0,99.9258,205.4011,48.548,-16.3601,0.0,0.0001,1.8589,0.0024,6.6991,35.2603,7.2897,27.5829,36.5093
464.0,927.0,7.3224,36.2255,98.68,197.6156,0.0201,0.0,99.9052,205.4011,48.548,-16.3601,0.0,0.0001,1.866,0.0031,6.6995,35.2502,7.2285,27.5837,36.5131
465.0,929.0,7.3091,36.2114,98.68,197.4748,0.0248,0.0,99.9166,205.4011,48.548,-16.3601,0.0,0.0001,1.8694,0.0019,6.6931,35.2474,7.2151,27.5834,36.5135
466.0,931.0,7.3356,36.2444,98.68,197.5859,0.0234,0.0,99.9206,205.4012,48.548,-16.3601,0.0,0.0001,1.8728,0.0009,6.7035,35.2557,7.2411,27.5862,36.5149
467.0,933.0,7.3105,36.2159,98.68,196.8219,0.0236,0.0,99.9082,205.4012,48.548,-16.3601,0.0,0.0001,1.8718,-0.0005,6.7058,35.2492,7.216,27.5847,36.5147
468.0,935.0,7.2204,36.1159,98.68,198.7243,0.0211,0.0,99.9007,205.4012,48.548,-16.3601,0.0,0.0001,1.8742,0.0013,6.7272,35.2304,7.1263,27.5826,36.517
469.0,937.0,7.1168,36.0071,91.3597,198.2673,0.0212,0.0,99.9045,205.4012,48.548,-16.3601,0.0,0.0001,1.8739,0.0002,6.7298,35.2159,7.0233,27.5857,36.5251
470.0,939.0,7.1272,36.0184,69.1318,200.3049,0.0223,0.0,99.9084,205.4013,48.548,-16.3601,0.0,0.0001,1.8795,0.0028,6.7292,35.2166,7.0334,27.5849,36.5238
471.0,941.0,7.139,36.0338,96.9853,200.1284,0.0231,0.0,99.91,205.4013,48.548,-16.3601,0.0,0.0001,1.8813,0.0015,6.7308,35.2205,7.0449,27.5863,36.5247
472.0,943.0,7.1412,36.0361,98.68,199.6191,0.0231,0.0,99.8879,205.4013,48.548,-16.3601,0.0,0.0001,1.8818,-0.0001,6.7403,35.2201,7.0469,27.5858,36.524
473.0,945.0,7.096,35.9888,98.68,199.5892,0.0235,0.0,99.9024,205.4013,48.548,-16.3601,0.0,0.0001,1.882,0.0001,6.73,35.2132,7.0018,27.5866,36.5271
474.0,947.0,7.138,36.0488,89.2295,200.4061,0.0241,0.0,99.9152,205.4014,48.548,-16.3601,0.0,0.0001,1.8861,0.0014,6.7117,35.235,7.0432,27.598,36.5362
475.0,949.0,7.2197,36.1446,98.68,199.3476,0.0205,0.0,99.9141,205.4014,48.548,-16.3601,0.0,0.0001,1.8863,-0.0001,6.6999,35.2558,7.1241,27.6029,36.5371
476.0,951.0,7.3163,36.257,98.68,197.676,0.0186,0.0,99.9267,205.4014,48.548,-16.3601,0.0,0.0001,1.8821,-0.0023,6.6986,35.2793,7.2198,27.6079,36.5373
477.0,953.0,7.3234,36.2678,98.68,197.4216,0.0197,0.0,99.9221,205.4015,48.548,-16.3601,0.0,0.0001,1.8782,-0.0017,6.7021,35.2829,7.2266,27.6097,36.5387
478.0,955.0,7.3055,36.2494,89.7697,197.6811,0.0212,0.0,99.9401,205.4015,48.548,-16.3601,0.0,0.0001,1.8746,-0.001,6.7075,35.2801,7.2086,27.6101,36.5399
479.0,957.0,7.277,36.2218,74.4586,198.3767,0.023,0.0,99.9267,205.4015,48.548,-16.3601,0.0,0.0001,1.8755,0.0001,6.7081,35.2781,7.1802,27.6126,36.5438
480.0,959.0,7.2642,36.21,98.6292,198.8465,0.0245,0.0,99.9283,205.4015,48.548,-16.3602,0.0,0.0001,1.8764,0.0007,6.7082,35.2772,7.1672,27.6137,36.5456
481.0,961.0,7.2607,36.2069,98.68,198.7102,0.0222,0.0,99.9389,205.4016,48.548,-16.3602,0.0,0.0001,1.8769,0.0001,6.7095,35.2765,7.1635,27.6137,36.5457
482.0,963.0,7.2582,36.2048,98.68,198.5906,0.0222,0.0,99.9373,205.4016,48.548,-16.3602,0.0,0.0001,1.8773,-0.0002,6.7084,35.2759,7.1608,27.6136,36.5457
483.0,965.0,7.2538,36.2012,85.0733,199.0777,0.0204,0.0,99.9369,205.4016,48.548,-16.3602,0.0,0.0001,1.8779,0.0004,6.7094,35.2754,7.1562,27.6138,36.5462
484.0,967.0,7.2549,36.2037,90.0489,198.8837,0.0193,0.0,99.9304,205.4016,48.548,-16.3602,0.0,0.0001,1.8779,-0.0003,6.7121,35.2762,7.1571,27.6144,36.5467
485.0,969.0,7.2451,36.1948,94.7896,199.0319,0.0184,0.0,99.9267,205.4017,48.548,-16.3602,0.0,0.0001,1.8778,0.0001,6.711,35.2752,7.1472,27.615,36.5478
486.0,971.0,7.2359,36.1858,98.5505,199.4138,0.0206,0.0,99.9204,205.4017,48.548,-16.3602,0.0,0.0001,1.8787,0.0001,6.7188,35.2736,7.1378,27.6151,36.5483
487.0,973.0,7.2435,36.1926,98.68,199.0142,0.0202,0.0,99.9217,205.4017,48.548,-16.3602,0.0,0.0001,1.8767,-0.0011,6.734,35.2728,7.1452,27.6133,36.5462
488.0,975.0,7.1469,36.0916,98.68,199.6546,0.0211,0.0,99.9246,205.4017,48.548,-16.3602,0.0,0.0001,1.8767,0.0,6.7328,35.2597,7.0491,27.6166,36.5542
489.0,977.0,7.1021,36.045,98.68,200.7041,0.0219,0.0,99.9241,205.4018,48.548,-16.3602,0.0,0.0001,1.8799,0.0014,6.7292,35.2533,7.0044,27.6179,36.5576
490.0,979.0,7.1031,36.0462,86.3996,200.6077,0.0205,0.0,99.9191,205.4018,48.548,-16.3602,0.0,0.0001,1.8819,0.0006,6.7285,35.2524,7.0051,27.617,36.5567
491.0,981.0,7.1254,36.0741,93.1773,199.3708,0.0202,0.0,99.9194,205.4018,48.548,-16.3602,0.0,0.0001,1.8801,-0.0008,6.7153,35.2597,7.0271,27.6197,36.5583
492.0,983.0,7.16,36.1209,98.68,200.4318,0.0201,0.0,99.9267,205.4019,48.548,-16.3602,0.0,0.0001,1.8809,0.0006,6.7221,35.2744,7.0612,27.6265,36.5633
493.0,985.0,7.2139,36.1793,98.68,199.7317,0.0206,0.0,99.8917,205.4019,48.548,-16.3602,0.0,0.0001,1.8802,-0.0002,6.7146,35.2823,7.1144,27.6252,36.5594
494.0,987.0,7.2052,36.1713,61.8018,199.7162,0.0199,0.0001,99.8885,205.4019,48.548,-16.3602,0.0,0.0001,1.8806,0.0002,6.7019,35.2818,7.1056,27.626,36.5606
495.0,989.0,7.2891,36.2692,90.2076,198.4753,0.0195,0.0,99.9267,205.4019,48.548,-16.3602,0.0,0.0001,1.8766,-0.0013,6.6992,35.3023,7.1887,27.6304,36.5609
496.0,991.0,7.3191,36.3045,98.68,198.3554,0.0172,0.0,99.9177,205.402,48.548,-16.3602,0.0,0.0001,1.8744,-0.001,6.7048,35.3091,7.2182,27.6316,36.5606
497.0,993.0,7.2533,36.2357,98.68,198.9825,0.0204,0.0,99.9227,205.402,48.5479,-16.3602,0.0,0.0001,1.8739,0.0,6.7122,35.3002,7.1526,27.6339,36.566
498.0,995.0,7.2103,36.1857,98.68,199.048,0.0194,0.0,99.9306,205.4021,48.548,-16.3602,0.0,0.0001,1.873,-0.0003,6.7191,35.2885,7.1098,27.6308,36.5651
499.0,997.0,7.1767,36.149,92.504,199.886,0.0211,0.0,99.9034,205.4021,48.5479,-16.3602,0.0,0.0001,1.876,0.0006,6.7172,35.2813,7.0761,27.6298,36.5658
500.0,999.0,7.1921,36.1657,98.68,199.4291,0.0196,0.0,99.9088,205.4022,48.5479,-16.3602,0.0,0.0001,1.8755,-0.0005,6.7197,35.2831,7.0913,27.6291,36.5644
501.0,1001.0,7.1723,36.1473,90.3669,200.001,0.0225,0.0,99.9011,205.4022,48.5479,-16.3602,0.0,0.0001,1.8769,0.0002,6.7205,35.282,7.0713,27.6311,36.5673
502.0,1003.0,7.1699,36.1455,98.5889,199.7673,0.0238,0.0,99.8978,205.4023,48.5479,-16.3602,0.0,0.0001,1.8757,-0.0004,6.7263,35.2818,7.0688,27.6313,36.5676
503.0,1005.0,7.1449,36.1217,98.68,200.7527,0.0201,0.0,99.8978,205.4023,48.5479,-16.3602,0.0,0.0001,1.8785,0.001,6.7249,35.2802,7.0438,27.6335,36.571
504.0,1007.0,7.1496,36.1276,93.6374,200.4751,0.0225,0.0,99.8903,205.4023,48.5479,-16.3602,0.0,0.0001,1.879,0.0,6.7249,35.2812,7.0483,27.6337,36.571
505.0,1009.0,7.1555,36.1368,98.68,200.3385,0.0217,0.0,99.8964,205.4024,48.5479,-16.3602,0.0,0.0001,1.8785,-0.0002,6.7248,35.2841,7.0539,27.6351,36.5721
506.0,1011.0,7.1503,36.1329,88.4211,200.6436,0.0196,0.0,99.8877,205.4025,48.5479,-16.3602,0.0,0.0001,1.879,0.0003,6.7244,35.2842,7.0486,27.636,36.5732
