Datacycle,press,temp,cond,alt,oxygen,fluor,atten,trans,jday,lat,lon,PAR,UPAR,oxV,oxdVdt,oxysat,salin,potemp,sigma0,sigma2
1.0,5.0,15.5357,44.0691,98.71,249.0984,1.0688,0.0045,89.4102,203.8731,48.7273,-16.6321,0.0,0.0001,2.7668,-0.0001,5.6082,35.5607,15.5348,26.285,34.8742
2.0,7.0,15.5322,44.069,86.7023,249.4246,1.0711,0.0045,89.3837,203.8731,48.7273,-16.6321,0.0,0.0001,2.7683,0.0002,5.6089,35.5634,15.5312,26.2879,34.8772
3.0,9.0,15.5215,44.0646,91.5209,249.2533,1.088,0.0045,89.3758,203.8732,48.7273,-16.6321,0.0,0.0001,2.7675,-0.0003,5.6088,35.5682,15.5201,26.2941,34.8837
4.0,11.0,15.5325,44.07,80.7505,249.5704,1.0804,0.0045,89.3945,203.8733,48.7273,-16.6321,0.0,0.0001,2.7668,0.0005,5.6086,35.5622,15.5308,26.2871,34.8764
5.0,13.0,15.5355,44.072,98.71,248.8441,1.0751,0.0045,89.3741,203.8733,48.7273,-16.6321,0.0,0.0001,2.7642,-0.002,5.616,35.5607,15.5336,26.2853,34.8745
6.0,15.0,15.449,44.0205,98.71,248.9244,1.1305,0.0046,89.0504,203.8734,48.7273,-16.6321,0.0,0.0001,2.7607,-0.001,5.6205,35.5915,15.4467,26.3286,34.9205
7.0,17.0,15.4085,43.9895,88.9371,248.6107,1.2581,0.0046,89.1696,203.8734,48.7273,-16.6321,0.0,0.0001,2.7557,-0.0009,5.6217,35.5993,15.4059,26.3438,34.9371
8.0,19.0,15.4008,43.9832,98.71,248.8966,1.266,0.0046,89.1119,203.8734,48.7273,-16.6321,0.0,0.0001,2.7546,0.0002,5.6222,35.5997,15.3978,26.3459,34.9394
9.0,21.0,15.396,43.9796,98.71,247.5633,1.2733,0.0045,89.4308,203.8735,48.7273,-16.6321,0.0,0.0001,2.7485,-0.0027,5.6226,35.6,15.3927,26.3473,34.941
10.0,23.0,15.3921,43.9767,98.71,246.7783,1.2517,0.0042,90.1003,203.8735,48.7273,-16.6321,0.0,0.0001,2.7402,-0.0026,5.6232,35.6003,15.3886,26.3484,34.9423
11.0,25.0,15.3872,43.9737,85.2826,246.028,1.1912,0.0038,90.8766,203.8735,48.7273,-16.6321,0.0,0.0001,2.733,-0.0026,5.6235,35.601,15.3834,26.3502,34.9442
12.0,27.0,15.3846,43.9721,93.1811,246.1147,1.1632,0.0037,91.1098,203.8736,48.7272,-16.6321,0.0,0.0001,2.7301,-0.001,5.6235,35.6013,15.3804,26.351,34.9452
13.0,29.0,15.3821,43.9715,95.6991,246.6203,1.1741,0.0038,90.9579,203.8736,48.7272,-16.6321,0.0,0.0001,2.7312,0.0003,5.6241,35.6021,15.3776,26.3523,34.9465
14.0,31.0,15.3794,43.9699,83.1213,245.3519,1.1451,0.0038,91.0135,203.8736,48.7272,-16.6321,0.0,0.0001,2.7247,-0.003,5.6272,35.6023,15.3747,26.3531,34.9474
15.0,33.0,15.3513,43.9463,98.906,244.2622,1.0614,0.0034,92.1813,203.8737,48.7272,-16.6321,0.0,0.0001,2.7161,-0.0037,5.6275,35.6056,15.3462,26.362,34.9573
16.0,35.0,15.3421,43.9395,93.5039,243.8662,0.9454,0.0029,92.9167,203.8737,48.7272,-16.632,0.0,0.0001,2.709,-0.0023,5.6284,35.607,15.3367,26.3653,34.9608
17.0,37.0,15.3395,43.9382,98.71,243.6126,0.8849,0.0028,93.3385,203.8737,48.7272,-16.632,0.0,0.0001,2.7044,-0.0014,5.6283,35.6073,15.3338,26.3661,34.9618
18.0,39.0,15.3383,43.9383,88.3782,243.4546,0.8528,0.0027,93.3738,203.8738,48.7272,-16.632,0.0,0.0001,2.7013,-0.001,5.6285,35.6075,15.3323,26.3666,34.9624
19.0,41.0,15.3381,43.9388,95.7517,243.9122,0.8528,0.0027,93.4258,203.8738,48.7272,-16.632,0.0,0.0001,2.702,0.0004,5.6296,35.6075,15.3318,26.3667,34.9625
20.0,43.0,15.3257,43.929,73.5032,243.5205,0.845,0.0027,93.5711,203.8738,48.7272,-16.632,0.0,0.0001,2.6999,-0.001,5.631,35.6091,15.3191,26.3708,34.967
21.0,45.0,15.3142,43.9196,91.4154,243.1422,0.8,0.0025,93.8904,203.8739,48.7272,-16.632,0.0,0.0001,2.696,-0.0014,5.6334,35.6101,15.3073,26.3742,34.9708
22.0,47.0,15.2966,43.9051,98.71,243.0661,0.7689,0.0024,94.2285,203.8739,48.7272,-16.632,0.0,0.0001,2.6917,-0.0015,5.6439,35.6122,15.2894,26.3798,34.977
23.0,49.0,15.2044,43.8119,94.5354,241.8565,0.6963,0.002,94.971,203.8739,48.7272,-16.632,0.0,0.0001,2.6813,-0.0041,5.656,35.6105,15.1969,26.3991,34.9997
24.0,51.0,14.9231,43.5162,98.5467,242.5836,0.5542,0.0017,95.9898,203.874,48.7272,-16.632,0.0,0.0001,2.6739,-0.0017,5.6853,35.596,14.9154,26.4502,35.061
25.0,53.0,14.7971,43.3977,98.4639,237.9105,0.4343,0.0014,96.5755,203.874,48.7272,-16.632,0.0,0.0001,2.642,-0.013,5.7322,35.6019,14.7892,26.4825,35.0977
26.0,55.0,14.4083,42.9536,95.2185,239.7354,0.3875,0.0012,97.0453,203.874,48.7272,-16.632,0.0,0.0001,2.6321,-0.0002,5.7239,35.5479,14.4001,26.5253,35.1554
27.0,57.0,14.4198,42.9682,85.131,238.105,0.3512,0.0011,97.2533,203.8741,48.7272,-16.632,0.0,0.0001,2.6199,-0.0059,5.7557,35.5501,14.4114,26.5246,35.1542
28.0,59.0,14.2513,42.8115,85.9757,237.408,0.3225,0.0011,97.3874,203.8741,48.7272,-16.632,0.0,0.0001,2.6079,-0.0042,5.7593,35.5591,14.2426,26.5677,35.2034
29.0,61.0,14.0711,42.6575,98.8387,236.6651,0.2853,0.001,97.6025,203.8741,48.7272,-16.632,0.0,0.0001,2.5899,-0.0072,5.8245,35.5811,14.0622,26.6231,35.2651
30.0,63.0,13.5354,42.1683,98.3427,234.1633,0.2142,0.0008,98.1346,203.8742,48.7272,-16.632,0.0,0.0001,2.5606,-0.0074,5.8501,35.6185,13.5264,26.7645,35.4259
31.0,65.0,13.4606,42.1541,89.3597,233.549,0.1722,0.0006,98.5218,203.8742,48.7272,-16.632,0.0,0.0001,2.544,-0.007,5.8862,35.6742,13.4514,26.8231,35.4866
32.0,67.0,13.1115,41.7948,83.7865,233.236,0.1382,0.0005,98.7931,203.8742,48.7272,-16.632,0.0,0.0001,2.531,-0.005,5.907,35.6595,13.1022,26.8833,35.5602
33.0,69.0,12.9412,41.6276,89.3494,233.8524,0.107,0.0004,98.9932,203.8743,48.7272,-16.632,0.0,0.0001,2.5254,-0.0012,5.9117,35.6592,12.9317,26.9176,35.6011
34.0,71.0,12.8991,41.6042,97.2009,234.404,0.0918,0.0003,99.1471,203.8743,48.7272,-16.632,0.0,0.0001,2.5261,0.0001,5.9148,35.6756,12.8893,26.9389,35.6238
35.0,73.0,12.8796,41.5884,98.7025,233.3739,0.0875,0.0003,99.2192,203.8743,48.7272,-16.632,0.0,0.0001,2.5198,-0.0021,5.9215,35.6781,12.8696,26.9447,35.6303
36.0,75.0,12.824,41.5396,4.302,233.9522,0.0816,0.0003,99.3104,203.8744,48.7272,-16.632,0.0,0.0001,2.5193,0.0,5.9215,35.6829,12.8137,26.9597,35.6474
37.0,77.0,12.8245,41.5451,93.7347,233.8888,0.0644,0.0002,99.4656,203.8744,48.7272,-16.632,0.0,0.0001,2.519,-0.0002,5.9213,35.687,12.814,26.9628,35.6504
38.0,79.0,12.7916,41.5135,98.6209,234.2932,0.058,0.0002,99.5211,203.8744,48.7272,-16.6319,0.0,0.0001,2.5198,0.0001,5.9267,35.6865,12.7808,26.9691,35.658
39.0,81.0,12.8131,41.5303,98.7037,233.4473,0.0588,0.0002,99.5115,203.8745,48.7272,-16.6319,0.0,0.0001,2.5156,-0.002,5.9303,35.6817,12.8021,26.9611,35.6492
40.0,83.0,12.7608,41.4786,93.5087,234.3603,0.0592,0.0002,99.5225,203.8745,48.7272,-16.6319,0.0,0.0001,2.5165,0.0006,5.9323,35.6806,12.7495,26.9708,35.6609
41.0,85.0,12.742,41.4584,88.3136,233.8685,0.0614,0.0002,99.5487,203.8745,48.7272,-16.6319,0.0,0.0001,2.5147,-0.0008,5.9346,35.6781,12.7305,26.9727,35.6636
42.0,87.0,12.714,41.4283,98.7778,233.9833,0.0611,0.0002,99.6006,203.8745,48.7272,-16.6319,0.0,0.0001,2.5127,-0.0005,5.9402,35.6748,12.7022,26.9757,35.6678
43.0,89.0,12.6779,41.3884,98.7025,234.166,0.0586,0.0001,99.6708,203.8746,48.7272,-16.6319,0.0,0.0001,2.5116,-0.0002,5.9445,35.6697,12.6659,26.979,35.6725
44.0,91.0,12.6543,41.3632,98.7017,234.355,0.0516,0.0001,99.6859,203.8746,48.7272,-16.6319,0.0,0.0001,2.5125,0.0002,5.9428,35.667,12.642,26.9817,35.6762
45.0,93.0,12.6361,41.3449,89.559,234.6184,0.0515,0.0001,99.6979,203.8746,48.7272,-16.6319,0.0,0.0001,2.5136,0.0002,5.946,35.6655,12.6236,26.9842,35.6794
46.0,95.0,12.6349,41.345,97.0987,234.3283,0.0511,0.0001,99.7227,203.8747,48.7272,-16.6319,0.0,0.0001,2.512,-0.001,5.9498,35.666,12.622,26.9849,35.6802
47.0,97.0,12.6086,41.3156,92.4973,234.1734,0.0502,0.0001,99.7535,203.8747,48.7271,-16.6319,0.0,0.0001,2.5092,-0.0009,5.9524,35.6614,12.5955,26.9866,35.683
48.0,99.0,12.5851,41.2898,87.896,234.3486,0.0506,0.0001,99.7882,203.8747,48.7271,-16.6319,0.0,0.0001,2.5084,-0.0002,5.9534,35.6581,12.5718,26.9887,35.6861
49.0,101.0,12.5773,41.2821,98.7326,234.4395,0.0477,0.0001,99.7854,203.8748,48.7271,-16.6319,0.0,0.0001,2.5085,-0.0004,5.9553,35.6572,12.5636,26.9897,35.6873
50.0,103.0,12.5605,41.2639,98.704,234.3304,0.0465,0.0001,99.8112,203.8748,48.7271,-16.6319,0.0,0.0001,2.5068,-0.0002,5.9544,35.6546,12.5466,26.991,35.6894
51.0,105.0,12.5534,41.258,98.71,234.323,0.0461,0.0001,99.8272,203.8748,48.7271,-16.6319,0.0,0.0001,2.5064,-0.0003,5.9559,35.6547,12.5392,26.9925,35.6912
52.0,107.0,12.5573,41.2648,92.8653,234.0304,0.0387,0.0001,99.8682,203.8749,48.7271,-16.6319,0.0,0.0001,2.5038,-0.0005,5.956,35.6566,12.5429,26.9933,35.6918
53.0,109.0,12.5672,41.2761,93.4002,234.313,0.0394,0.0,99.9085,203.875,48.7271,-16.6319,0.0,0.0001,2.5049,0.0,5.9552,35.6571,12.5524,26.9918,35.6899
54.0,111.0,12.5549,41.2643,85.7389,234.1268,0.0418,0.0,99.9398,203.8752,48.7271,-16.6319,0.0,0.0001,2.5024,-0.0002,5.9579,35.6569,12.54,26.9941,35.6927
55.0,113.0,12.5148,41.2194,98.636,234.0297,0.0392,0.0,99.9419,203.8752,48.7271,-16.6319,0.0,0.0001,2.5007,-0.0004,5.9613,35.6504,12.4996,26.997,35.6972
56.0,115.0,12.4923,41.1938,98.7027,233.9084,0.0381,0.0,99.9357,203.8753,48.7271,-16.6319,0.0,0.0001,2.4982,-0.0007,5.967,35.6463,12.4769,26.9983,35.6995
57.0,117.0,12.4696,41.1679,84.5409,233.9394,0.0387,0.0,99.9039,203.8753,48.7271,-16.6319,0.0,0.0001,2.4968,-0.0005,5.9688,35.6418,12.4538,26.9994,35.7015
58.0,119.0,12.4553,41.1521,88.2432,234.4519,0.0416,0.0,99.9017,203.8754,48.7271,-16.6318,0.0,0.0001,2.4975,0.0006,5.9703,35.6392,12.4393,27.0002,35.703
59.0,121.0,12.4468,41.1434,96.034,233.9836,0.0431,0.0,99.9258,203.8754,48.7271,-16.6318,0.0,0.0001,2.496,-0.0008,5.9719,35.6381,12.4306,27.0011,35.7042
60.0,123.0,12.4216,41.1165,92.2189,233.7624,0.0389,0.0,99.941,203.8755,48.7271,-16.6318,0.0,0.0001,2.4924,-0.0011,5.9785,35.6352,12.4051,27.0038,35.7079
61.0,125.0,12.3796,41.0681,98.705,233.8989,0.0426,0.0,99.9387,203.8755,48.7271,-16.6318,0.0,0.0001,2.4908,-0.0004,5.9806,35.6272,12.3629,27.0059,35.7118
62.0,127.0,12.3731,41.0634,98.7042,234.0984,0.0397,0.0,99.9394,203.8755,48.7271,-16.6318,0.0,0.0001,2.4909,0.0001,5.9808,35.6278,12.3561,27.0077,35.7138
63.0,129.0,12.3661,41.0577,98.71,233.9012,0.0369,0.0,99.9694,203.8756,48.7271,-16.6318,0.0,0.0001,2.4897,-0.0005,5.9812,35.628,12.3488,27.0093,35.7157
64.0,131.0,12.3683,41.0629,60.4903,233.9247,0.0349,0.0,99.995,203.8756,48.7271,-16.6318,0.0,0.0001,2.4884,-0.0005,5.9858,35.6302,12.3508,27.0106,35.7169
65.0,133.0,12.3358,41.0268,96.7967,233.5229,0.0373,0.0,99.9845,203.8756,48.7271,-16.6318,0.0,0.0001,2.4854,-0.0012,5.9891,35.6251,12.318,27.0131,35.7207
66.0,135.0,12.2916,40.978,98.6992,233.6613,0.0332,0.0,99.9616,203.8757,48.7271,-16.6318,0.0,0.0001,2.4833,-0.0008,5.9949,35.6188,12.2737,27.0169,35.7264
67.0,137.0,12.2712,40.9542,56.0825,233.5693,0.0269,0.0,99.9989,203.8757,48.7271,-16.6318,0.0,0.0001,2.4807,-0.001,6.0012,35.6145,12.253,27.0176,35.7279
68.0,139.0,12.2248,40.9024,13.4658,234.0929,0.0254,0.0,99.9937,203.8757,48.7271,-16.6318,0.0,0.0001,2.4814,0.0003,6.0022,35.6074,12.2064,27.0211,35.7334
69.0,141.0,12.1885,40.8621,91.7024,234.4557,0.0277,0.0,100.0095,203.8757,48.727,-16.6318,0.0,0.0001,2.4837,0.0004,6.0023,35.6016,12.1698,27.0237,35.7375
70.0,143.0,12.1805,40.8542,98.695,233.7181,0.0327,0.0,100.0133,203.8758,48.727,-16.6318,0.0,0.0001,2.4798,-0.0017,6.0092,35.6007,12.1616,27.0247,35.7388
71.0,145.0,12.1642,40.8349,98.7025,233.8615,0.0306,0.0,99.9844,203.8758,48.727,-16.6318,0.0,0.0001,2.4776,-0.0009,6.0118,35.5965,12.1451,27.0246,35.7394
72.0,147.0,12.1249,40.7896,98.71,234.4294,0.0332,0.0,99.935,203.8758,48.727,-16.6318,0.0,0.0001,2.4784,0.0002,6.017,35.5888,12.1054,27.0262,35.7427
73.0,149.0,12.1013,40.7626,98.695,234.6051,0.0321,0.0,99.9307,203.8758,48.727,-16.6318,0.0,0.0001,2.4787,0.0002,6.0197,35.5842,12.0817,27.0273,35.7447
74.0,151.0,12.0593,40.711,98.6956,235.2092,0.0408,0.0,99.8764,203.8759,48.727,-16.6318,0.0,0.0001,2.4799,0.0,6.0339,35.5729,12.0395,27.0267,35.746
75.0,153.0,11.9501,40.583,98.695,236.8863,0.0709,0.0001,99.7246,203.8759,48.727,-16.6318,0.0,0.0001,2.4845,0.0033,6.0363,35.5511,11.9301,27.0307,35.7546
76.0,155.0,11.9477,40.5813,98.7038,237.3449,0.0576,0.0001,99.7023,203.8759,48.727,-16.6318,0.0,0.0001,2.4884,0.0032,6.038,35.5508,11.9275,27.031,35.7551
77.0,157.0,11.9376,40.5716,74.2709,237.4496,0.0469,0.0001,99.7893,203.876,48.727,-16.6318,0.0,0.0001,2.4917,0.0014,6.0418,35.5501,11.9172,27.0325,35.7569
78.0,159.0,11.9133,40.5462,94.9863,236.9424,0.0472,0.0001,99.8064,203.876,48.727,-16.6318,0.0,0.0001,2.4911,-0.0006,6.0443,35.5475,11.8926,27.0351,35.7606
79.0,161.0,11.8962,40.5254,98.7,237.345,0.0508,0.0001,99.7954,203.876,48.727,-16.6318,0.0,0.0001,2.4914,0.0001,6.0474,35.5427,11.8752,27.0347,35.7609
80.0,163.0,11.8613,40.4866,98.6891,237.9981,0.0469,0.0001,99.7824,203.876,48.727,-16.6318,0.0,0.0001,2.4937,0.0007,6.0514,35.5368,11.8401,27.0369,35.7646
81.0,165.0,11.8402,40.4644,98.71,238.1006,0.0432,0.0001,99.7824,203.8761,48.727,-16.6318,0.0,0.0001,2.4945,0.0003,6.0528,35.5342,11.8187,27.039,35.7675
82.0,167.0,11.8319,40.4562,98.71,238.1347,0.0463,0.0001,99.7824,203.8761,48.727,-16.6318,0.0,0.0001,2.4945,0.0002,6.0526,35.5333,11.8103,27.0398,35.7688
83.0,169.0,11.8325,40.4585,77.0489,238.5668,0.0455,0.0001,99.7824,203.8761,48.727,-16.6318,0.0,0.0001,2.4963,0.0007,6.0532,35.5342,11.8106,27.0405,35.7694
84.0,171.0,11.8263,40.4522,98.5893,237.9785,0.0441,0.0001,99.7878,203.8761,48.727,-16.6318,0.0,0.0001,2.4948,-0.0009,6.0534,35.5332,11.8042,27.0409,35.77
85.0,173.0,11.8224,40.4501,94.6881,237.9096,0.0402,0.0001,99.8069,203.8762,48.727,-16.6318,0.0,0.0001,2.4936,-0.0008,6.0532,35.534,11.8,27.0423,35.7716
86.0,175.0,11.8256,40.4566,98.7071,237.8804,0.0414,0.0001,99.8092,203.8762,48.727,-16.6318,0.0,0.0001,2.4922,-0.0006,6.0544,35.5363,11.8029,27.0436,35.7727
87.0,177.0,11.8167,40.4484,98.7057,237.9058,0.0391,0.0001,99.8401,203.8762,48.727,-16.6318,0.0,0.0001,2.4908,-0.0004,6.0565,35.5359,11.7938,27.045,35.7746
88.0,179.0,11.8057,40.4384,98.7042,238.0761,0.0407,0.0001,99.8366,203.8763,48.727,-16.6318,0.0,0.0001,2.4903,0.0,6.0573,35.5356,11.7825,27.0469,35.7769
89.0,181.0,11.7958,40.4284,98.7005,237.4462,0.041,0.0001,99.8269,203.8763,48.727,-16.6318,0.0,0.0001,2.4878,-0.0014,6.0581,35.5345,11.7723,27.048,35.7784
90.0,183.0,11.789,40.4229,67.7771,238.0037,0.0398,0.0001,99.8413,203.8763,48.727,-16.6318,0.0,0.0001,2.4884,0.0003,6.0571,35.5345,11.7653,27.0493,35.78
91.0,185.0,11.7919,40.4287,95.36,238.0996,0.036,0.0001,99.8749,203.8763,48.727,-16.6318,0.0,0.0001,2.4891,0.0001,6.0568,35.5365,11.7679,27.0504,35.781
92.0,187.0,11.7911,40.4294,98.71,237.2954,0.0354,0.0001,99.869,203.8764,48.727,-16.6318,0.0,0.0001,2.4862,-0.0014,6.0543,35.5373,11.7669,27.0512,35.7818
93.0,189.0,11.8125,40.4582,98.4462,236.8805,0.0336,0.0,99.9163,203.8764,48.727,-16.6318,0.0,0.0001,2.4828,-0.0017,6.0549,35.5441,11.788,27.0525,35.7821
94.0,191.0,11.8202,40.4687,98.7053,236.5033,0.0305,0.0,99.9427,203.8764,48.7269,-16.6318,0.0,0.0001,2.4788,-0.0015,6.0553,35.5462,11.7954,27.0527,35.782
95.0,193.0,11.8159,40.4642,98.7006,235.7339,0.0275,0.0,99.9442,203.8764,48.7269,-16.6318,0.0,0.0001,2.4727,-0.0026,6.058,35.5451,11.7908,27.0527,35.7822
96.0,195.0,11.7896,40.4357,19.4786,237.2634,0.0291,0.0,99.9391,203.8765,48.7269,-16.6318,0.0,0.0001,2.4759,0.0015,6.0583,35.5413,11.7643,27.0548,35.7855
97.0,197.0,11.7843,40.4324,83.7828,236.8177,0.0468,0.0,99.9361,203.8765,48.7269,-16.6318,0.0,0.0001,2.4753,-0.0002,6.0611,35.5422,11.7588,27.0565,35.7874
98.0,199.0,11.7492,40.3933,95.4843,237.1165,0.0307,0.0,99.8964,203.8765,48.7269,-16.6318,0.0,0.0001,2.4753,-0.0002,6.0669,35.5363,11.7234,27.0587,35.791
99.0,201.0,11.7206,40.3619,98.71,237.1709,0.0307,0.0,99.8978,203.8766,48.7269,-16.6317,0.0,0.0001,2.475,0.0,6.066,35.532,11.6946,27.0608,35.7943
100.0,203.0,11.7174,40.3608,77.3843,237.3446,0.0305,0.0,99.9012,203.8766,48.7269,-16.6317,0.0,0.0001,2.475,0.0004,6.0656,35.5331,11.6911,27.0623,35.796
101.0,205.0,11.7274,40.3761,56.0585,237.0735,0.029,0.0,99.929,203.8766,48.7269,-16.6317,0.0,0.0001,2.4742,-0.0003,6.0657,35.5377,11.7009,27.0641,35.7973
102.0,207.0,11.7279,40.3798,98.4347,235.8097,0.0336,0.0,99.9434,203.8766,48.7269,-16.6317,0.0,0.0001,2.4684,-0.0024,6.0656,35.54,11.7012,27.0658,35.7989
103.0,209.0,11.7283,40.3821,98.71,235.783,0.0316,0.0,99.948,203.8767,48.7269,-16.6317,0.0,0.0001,2.4645,-0.0011,6.0642,35.541,11.7012,27.0665,35.7997
104.0,211.0,11.731,40.3868,98.7017,235.2859,0.0287,0.0,99.9488,203.8767,48.7269,-16.6317,0.0,0.0001,2.4616,-0.0016,6.0632,35.5423,11.7037,27.0671,35.8001
105.0,213.0,11.7545,40.419,98.6875,233.8208,0.0298,0.0,99.9844,203.8767,48.7269,-16.6317,0.0,0.0001,2.4545,-0.0036,6.0621,35.5503,11.7269,27.0689,35.8009
106.0,215.0,11.7603,40.4295,98.6875,233.6267,0.0286,0.0,100.0339,203.8767,48.7269,-16.6317,0.0,0.0001,2.4493,-0.0024,6.0611,35.5544,11.7325,27.071,35.8027
107.0,217.0,11.7585,40.4309,72.6199,231.4824,0.0252,0.0,100.0251,203.8768,48.7269,-16.6317,0.0,0.0001,2.437,-0.0049,6.062,35.5567,11.7304,27.0732,35.805
108.0,219.0,11.7608,40.4356,98.7062,232.9821,0.0241,0.0,100.0236,203.8768,48.7269,-16.6317,0.0,0.0001,2.4376,-0.0002,6.0648,35.5582,11.7324,27.074,35.8057
109.0,221.0,11.7354,40.4066,84.124,234.5425,0.0255,0.0,99.9944,203.8768,48.7269,-16.6317,0.0,0.0001,2.4427,0.0024,6.0643,35.553,11.7068,27.0748,35.8076
110.0,223.0,11.736,40.4091,89.9507,233.323,0.027,0.0,99.9929,203.8769,48.7269,-16.6317,0.0,0.0001,2.4411,-0.0014,6.0646,35.5541,11.7072,27.0756,35.8083
111.0,225.0,11.7322,40.4064,91.6592,233.4063,0.0276,0.0,99.9937,203.8769,48.7269,-16.6317,0.0,0.0001,2.4394,-0.0006,6.0652,35.554,11.7031,27.0763,35.8092
112.0,227.0,11.7283,40.4039,98.71,233.7537,0.0275,0.0,99.9845,203.8769,48.7269,-16.6317,0.0,0.0001,2.4396,0.0002,6.0661,35.5543,11.6989,27.0773,35.8104
113.0,229.0,11.7243,40.4011,98.7012,233.5959,0.027,0.0,99.9845,203.8769,48.7269,-16.6317,0.0,0.0001,2.4396,-0.0002,6.0628,35.5547,11.6947,27.0784,35.8116
114.0,231.0,11.7315,40.4116,98.71,233.2329,0.0297,0.0,99.9923,203.877,48.7269,-16.6317,0.0,0.0001,2.4377,-0.0009,6.064,35.5572,11.7016,27.0791,35.812
115.0,233.0,11.7416,40.4263,98.6949,232.8801,0.0269,0.0,99.9993,203.877,48.7269,-16.6317,0.0,0.0001,2.4343,-0.001,6.0648,35.5611,11.7114,27.0803,35.8127
116.0,235.0,11.7291,40.4114,98.7036,232.5426,0.0239,0.0,99.9676,203.877,48.7269,-16.6317,0.0,0.0001,2.4313,-0.0014,6.0645,35.5576,11.6987,27.0799,35.8129
117.0,237.0,11.7273,40.4148,98.7,233.1977,0.0266,0.0,99.944,203.877,48.7268,-16.6317,0.0,0.0001,2.432,0.0004,6.0649,35.5615,11.6965,27.0834,35.8165
118.0,239.0,11.7353,40.4245,80.2775,233.6181,0.0242,0.0,99.9675,203.8771,48.7268,-16.6317,0.0,0.0001,2.4349,0.0011,6.0609,35.5624,11.7042,27.0826,35.8154
119.0,241.0,11.7374,40.4292,94.2263,232.6639,0.0226,0.0,99.9612,203.8771,48.7268,-16.6317,0.0,0.0001,2.434,-0.001,6.0538,35.5644,11.7062,27.0838,35.8164
120.0,243.0,11.8136,40.5251,98.6964,231.319,0.0225,0.0,100.0167,203.8771,48.7268,-16.6317,0.0,0.0001,2.4272,-0.0034,6.0556,35.5847,11.7819,27.0852,35.8145
121.0,245.0,11.7985,40.5088,98.702,231.2381,0.0279,0.0,100.0133,203.8772,48.7268,-16.6317,0.0,0.0001,2.4229,-0.0021,6.0564,35.5822,11.7666,27.0862,35.8161
122.0,247.0,11.7889,40.4979,81.7334,231.1513,0.0254,0.0,100.0133,203.8772,48.7268,-16.6317,0.0,0.0001,2.4197,-0.0016,6.0593,35.5801,11.7568,27.0864,35.8168
123.0,249.0,11.7795,40.4878,98.6912,231.7587,0.0255,0.0,100.0073,203.8772,48.7268,-16.6317,0.0,0.0001,2.4199,0.0001,6.0593,35.5783,11.7472,27.0869,35.8176
124.0,251.0,11.7514,40.4565,98.6925,232.1416,0.0223,0.0,100.0109,203.8772,48.7268,-16.6317,0.0,0.0001,2.4214,0.0004,6.0605,35.5734,11.7189,27.0884,35.8204
125.0,253.0,11.7586,40.4662,98.71,231.3853,0.0252,0.0,99.9896,203.8773,48.7268,-16.6317,0.0,0.0001,2.4184,-0.0014,6.0624,35.5751,11.7258,27.0884,35.8201
126.0,255.0,11.7593,40.4676,98.6985,231.4313,0.0259,0.0,99.9845,203.8773,48.7268,-16.6317,0.0,0.0001,2.4176,-0.0011,6.0626,35.575,11.7262,27.0882,35.8199
127.0,257.0,11.7384,40.4465,73.7959,231.9797,0.0299,0.0,99.9845,203.8773,48.7268,-16.6317,0.0,0.0001,2.4179,0.0002,6.0644,35.5734,11.705,27.091,35.8236
128.0,259.0,11.7266,40.4341,98.5848,231.7791,0.0224,0.0,100.0037,203.8773,48.7268,-16.6317,0.0,0.0001,2.417,-0.0004,6.0656,35.5717,11.693,27.092,35.825
129.0,261.0,11.7203,40.4292,98.6975,232.1365,0.0255,0.0,99.9989,203.8774,48.7268,-16.6317,0.0,0.0001,2.4177,0.0003,6.0656,35.5717,11.6864,27.0933,35.8266
130.0,263.0,11.7194,40.4296,98.695,232.3303,0.0266,0.0,99.9664,203.8774,48.7268,-16.6317,0.0,0.0001,2.4183,0.0004,6.0659,35.5722,11.6854,27.0938,35.8272
131.0,265.0,11.7185,40.4299,66.7028,231.6229,0.0266,0.0,99.9923,203.8774,48.7268,-16.6317,0.0,0.0001,2.4165,-0.0011,6.0657,35.5727,11.6842,27.0945,35.8278
132.0,267.0,11.7149,40.4277,95.5132,232.0019,0.0492,0.0,99.9881,203.8774,48.7268,-16.6317,0.0,0.0001,2.416,0.0001,6.0663,35.573,11.6803,27.0954,35.8289
133.0,269.0,11.7135,40.4276,98.7046,231.9015,0.0312,0.0,99.9729,203.8775,48.7267,-16.6317,0.0,0.0001,2.4154,-0.0005,6.068,35.5735,11.6787,27.0961,35.8297
134.0,271.0,11.7077,40.4226,98.6921,232.2921,0.0234,0.0,99.9729,203.8775,48.7267,-16.6317,0.0,0.0001,2.4164,0.0003,6.0689,35.5732,11.6726,27.097,35.8309
135.0,273.0,11.6941,40.4085,78.0199,232.7773,0.0217,0.0,99.9661,203.8775,48.7267,-16.6317,0.0,0.0001,2.4175,0.0008,6.0704,35.5714,11.6588,27.0982,35.8326
136.0,275.0,11.6795,40.3924,98.695,232.8086,0.0249,0.0,99.9779,203.8776,48.7267,-16.6317,0.0,0.0001,2.4187,0.0002,6.0708,35.5685,11.6439,27.0988,35.8338
137.0,277.0,11.675,40.3886,98.708,232.6938,0.0235,0.0,99.9929,203.8776,48.7267,-16.6317,0.0,0.0001,2.4178,-0.0004,6.075,35.5683,11.6392,27.0996,35.8348
138.0,279.0,11.6496,40.3605,98.71,232.9232,0.0219,0.0,99.9845,203.8776,48.7267,-16.6317,0.0,0.0001,2.4176,0.0001,6.0754,35.5639,11.6135,27.1009,35.8372
139.0,281.0,11.6457,40.3571,98.6962,233.2764,0.0189,0.0,99.9989,203.8776,48.7267,-16.6317,0.0,0.0001,2.42,0.0005,6.0769,35.5635,11.6093,27.1015,35.838
140.0,283.0,11.6372,40.3477,76.6081,233.1126,0.0232,0.0,99.9802,203.8777,48.7267,-16.6317,0.0,0.0001,2.4183,-0.0005,6.0811,35.5616,11.6007,27.1016,35.8385
141.0,285.0,11.6064,40.3109,94.535,233.5341,0.0223,0.0,99.9556,203.8777,48.7267,-16.6317,0.0,0.0001,2.4176,0.0009,6.0785,35.5539,11.5697,27.1014,35.8396
142.0,287.0,11.5777,40.2793,98.7041,234.1377,0.0243,0.0,99.9521,203.8777,48.7267,-16.6317,0.0,0.0001,2.4221,0.0008,6.0845,35.5494,11.5408,27.1034,35.8428
143.0,289.0,11.5677,40.2682,98.707,234.3625,0.0235,0.0,99.9422,203.8778,48.7267,-16.6317,0.0,0.0001,2.4231,0.0009,6.0805,35.5472,11.5305,27.1036,35.8434
144.0,291.0,11.5951,40.3068,57.53,235.2853,0.0247,0.0,99.9363,203.8778,48.7267,-16.6317,0.0,0.0001,2.4277,0.002,6.0829,35.5578,11.5576,27.1068,35.8454
145.0,293.0,11.6274,40.3477,98.6864,235.2243,0.0255,0.0,99.9433,203.8778,48.7266,-16.6317,0.0,0.0001,2.4298,0.0013,6.0778,35.5664,11.5895,27.1074,35.8447
146.0,295.0,11.6333,40.3558,94.0229,234.301,0.0253,0.0,99.9339,203.8778,48.7266,-16.6317,0.0,0.0001,2.428,-0.0014,6.0799,35.568,11.5952,27.1076,35.8446
147.0,297.0,11.6168,40.337,98.71,232.4404,0.025,0.0,99.9506,203.8779,48.7266,-16.6317,0.0,0.0001,2.4192,-0.0043,6.0814,35.5643,11.5785,27.1079,35.8456
148.0,299.0,11.5965,40.3145,98.7025,233.4984,0.0218,0.0,99.9556,203.8779,48.7266,-16.6317,0.0,0.0001,2.4176,-0.0008,6.0812,35.5607,11.558,27.1089,35.8475
149.0,301.0,11.5941,40.3121,76.1655,233.8728,0.0247,0.0,99.9511,203.8779,48.7266,-16.6317,0.0,0.0001,2.419,0.0,6.0829,35.5597,11.5553,27.1087,35.8474
150.0,303.0,11.5924,40.3114,84.2618,233.4698,0.0218,0.0,99.9556,203.8779,48.7266,-16.6317,0.0,0.0001,2.4172,-0.0009,6.0831,35.5601,11.5533,27.1093,35.8481
151.0,305.0,11.5832,40.3041,98.7094,233.6716,0.0233,0.0,99.9556,203.878,48.7266,-16.6317,0.0,0.0001,2.4164,-0.0001,6.0835,35.5606,11.5439,27.1115,35.8506
152.0,307.0,11.5783,40.2998,98.6875,233.4548,0.0256,0.0,99.9332,203.878,48.7266,-16.6317,0.0,0.0001,2.4151,-0.0007,6.0839,35.5603,11.5388,27.1122,35.8516
153.0,309.0,11.5825,40.3065,98.6926,232.9967,0.025,0.0,99.9477,203.878,48.7266,-16.6317,0.0,0.0001,2.4127,-0.0013,6.0837,35.5619,11.5427,27.1127,35.8519
154.0,311.0,11.5791,40.3045,90.1848,233.5885,0.0255,0.0,99.9448,203.878,48.7265,-16.6317,0.0,0.0001,2.4132,0.0001,6.0859,35.5622,11.539,27.1137,35.853
155.0,313.0,11.5763,40.3014,84.0062,232.9586,0.028,0.0,99.9402,203.8781,48.7265,-16.6317,0.0,0.0001,2.4105,-0.0014,6.0889,35.5612,11.536,27.1135,35.8529
156.0,315.0,11.5446,40.2667,98.6958,232.541,0.0208,0.0,99.9624,203.8781,48.7265,-16.6317,0.0,0.0001,2.4064,-0.0016,6.0897,35.5564,11.5041,27.1157,35.8565
157.0,317.0,11.5385,40.2619,67.7214,232.7544,0.0189,0.0,99.9527,203.8781,48.7265,-16.6317,0.0,0.0001,2.4049,-0.0003,6.089,35.5564,11.4977,27.1169,35.858
158.0,319.0,11.5364,40.2612,98.6939,233.0461,0.0218,0.0,99.9556,203.8782,48.7265,-16.6317,0.0,0.0001,2.4053,0.0003,6.0896,35.5568,11.4953,27.1177,35.8588
159.0,321.0,11.5391,40.2647,88.4874,233.1509,0.0207,0.0,99.9547,203.8782,48.7265,-16.6317,0.0,0.0001,2.4058,0.0002,6.0895,35.557,11.4979,27.1174,35.8584
160.0,323.0,11.5386,40.2676,98.695,233.3981,0.0235,0.0,99.9383,203.8782,48.7265,-16.6317,0.0,0.0001,2.4065,0.0004,6.0889,35.5595,11.497,27.1195,35.8605
161.0,325.0,11.5417,40.2724,98.6971,233.5405,0.0235,0.0,99.9404,203.8782,48.7264,-16.6317,0.0,0.0001,2.4075,0.0004,6.0889,35.5604,11.4999,27.1196,35.8606
162.0,327.0,11.5442,40.2764,98.6574,233.5518,0.0246,0.0,99.9268,203.8783,48.7264,-16.6317,0.0,0.0001,2.4078,0.0001,6.089,35.561,11.5021,27.1197,35.8605
163.0,329.0,11.5428,40.2763,98.7056,234.0785,0.0202,0.0,99.9332,203.8783,48.7264,-16.6318,0.0,0.0001,2.41,0.0009,6.0894,35.5613,11.5005,27.1202,35.8611
164.0,331.0,11.5389,40.2743,98.6931,233.998,0.0234,0.0,99.9319,203.8783,48.7264,-16.6318,0.0,0.0001,2.4103,0.0002,6.089,35.5623,11.4963,27.1218,35.8628
165.0,333.0,11.5411,40.2793,90.4689,233.2899,0.0227,0.0,99.9295,203.8784,48.7264,-16.6318,0.0,0.0001,2.4088,-0.0012,6.0886,35.5642,11.4983,27.1229,35.8638
166.0,335.0,11.5432,40.2839,71.9961,233.1982,0.0209,0.0,99.9223,203.8784,48.7264,-16.6318,0.0,0.0001,2.4058,-0.001,6.0894,35.5658,11.5001,27.1238,35.8646
167.0,337.0,11.5398,40.2812,95.0419,232.8924,0.0186,0.0,99.9195,203.8784,48.7264,-16.6318,0.0,0.0001,2.4032,-0.0012,6.0916,35.5656,11.4964,27.1243,35.8653
168.0,339.0,11.5216,40.2612,98.6975,232.3516,0.0161,0.0,99.916,203.8784,48.7263,-16.6318,0.0,0.0001,2.3985,-0.0017,6.0935,35.5624,11.478,27.1253,35.867
169.0,341.0,11.5098,40.2485,98.6644,233.1144,0.0182,0.0,99.909,203.8785,48.7263,-16.6318,0.0,0.0001,2.3993,0.0003,6.0934,35.5603,11.466,27.1259,35.8682
170.0,343.0,11.5081,40.2481,98.6969,233.1988,0.016,0.0,99.9092,203.8785,48.7263,-16.6318,0.0,0.0001,2.3999,0.0001,6.0935,35.5606,11.464,27.1265,35.8688
171.0,345.0,11.508,40.2494,98.6934,232.8651,0.0211,0.0,99.9091,203.8785,48.7263,-16.6318,0.0,0.0001,2.3989,-0.0006,6.0926,35.5611,11.4636,27.127,35.8693
172.0,347.0,11.4979,40.2385,85.8657,232.9589,0.0218,0.0,99.9075,203.8786,48.7263,-16.6318,0.0,0.0001,2.3966,-0.0009,6.1065,35.559,11.4533,27.1273,35.8701
173.0,349.0,11.4005,40.124,91.7641,234.0269,0.0225,0.0,99.903,203.8786,48.7263,-16.6318,0.0,0.0001,2.397,0.0012,6.1132,35.5384,11.3559,27.1294,35.8764
174.0,351.0,11.366,40.0847,98.71,235.2683,0.0218,0.0,99.9018,203.8786,48.7263,-16.6319,0.0,0.0001,2.4017,0.0031,6.1139,35.5317,11.3212,27.1306,35.8791
175.0,353.0,11.3583,40.0763,98.5105,235.6459,0.0222,0.0,99.9115,203.8786,48.7262,-16.6319,0.0,0.0001,2.4062,0.0023,6.1153,35.53,11.3133,27.1308,35.8796
176.0,355.0,11.3475,40.0646,98.6936,235.0713,0.0222,0.0,99.8922,203.8787,48.7262,-16.6319,0.0,0.0001,2.407,-0.0002,6.1177,35.528,11.3023,27.1312,35.8806
177.0,357.0,11.3333,40.0495,98.6947,233.9653,0.0238,0.0,99.9044,203.8787,48.7262,-16.6319,0.0,0.0001,2.402,-0.0022,6.1175,35.5256,11.2879,27.1321,35.882
178.0,359.0,11.3271,40.0429,87.913,234.6156,0.0244,0.0,99.9106,203.8787,48.7262,-16.6319,0.0,0.0001,2.4017,-0.0001,6.1174,35.5241,11.2814,27.1321,35.8823
179.0,361.0,11.3239,40.0412,83.1439,234.349,0.0225,0.0,99.9093,203.8787,48.7262,-16.6319,0.0,0.0001,2.4,-0.0006,6.1195,35.5246,11.2779,27.1332,35.8835
180.0,363.0,11.3195,40.038,98.7,234.7964,0.0238,0.0,99.9188,203.8788,48.7262,-16.6319,0.0,0.0001,2.4002,0.0005,6.1196,35.5247,11.2733,27.1341,35.8846
181.0,365.0,11.3174,40.0366,98.692,235.6876,0.0231,0.0,99.9037,203.8788,48.7262,-16.6319,0.0,0.0001,2.404,0.0016,6.1204,35.5244,11.271,27.1343,35.8849
182.0,367.0,11.3163,40.0362,98.7032,235.4994,0.0239,0.0,99.8978,203.8788,48.7262,-16.632,0.0,0.0001,2.4048,0.0001,6.1243,35.5244,11.2696,27.1345,35.8852
183.0,369.0,11.2963,40.0136,55.7303,234.4727,0.0239,0.0,99.9151,203.8789,48.7262,-16.632,0.0,0.0001,2.4007,-0.0018,6.124,35.5203,11.2494,27.1351,35.8866
184.0,371.0,11.2861,40.0037,88.7175,234.5301,0.023,0.0,99.9057,203.8789,48.7262,-16.632,0.0,0.0001,2.3986,-0.0008,6.1232,35.5194,11.2389,27.1363,35.8883
185.0,373.0,11.294,40.0141,98.689,235.3056,0.0239,0.0,99.8866,203.8789,48.7261,-16.632,0.0,0.0001,2.4001,0.0007,6.1242,35.5212,11.2465,27.1363,35.888
186.0,375.0,11.2889,40.0092,98.6987,235.2212,0.0228,0.0,99.9042,203.8789,48.7261,-16.632,0.0,0.0001,2.4006,-0.0002,6.1266,35.5201,11.2412,27.1364,35.8883
187.0,377.0,11.268,39.9869,98.7025,234.5356,0.0203,0.0,99.9026,203.879,48.7261,-16.632,0.0,0.0001,2.3974,-0.0016,6.1294,35.5173,11.2201,27.1382,35.891
188.0,379.0,11.2515,39.9687,80.3954,233.5082,0.0209,0.0,99.9082,203.879,48.7261,-16.632,0.0,0.0001,2.3915,-0.0027,6.1312,35.5142,11.2034,27.1388,35.8923
189.0,381.0,11.2328,39.9491,98.6967,233.2802,0.0226,0.0,99.9044,203.879,48.7261,-16.6321,0.0,0.0001,2.3861,-0.0017,6.1319,35.5118,11.1845,27.1404,35.8948
190.0,383.0,11.23,39.9479,98.71,233.5392,0.0241,0.0,99.9188,203.8791,48.7261,-16.6321,0.0,0.0001,2.3843,-0.0007,6.1335,35.5125,11.1815,27.1415,35.896
191.0,385.0,11.2172,39.9331,60.6978,233.3773,0.0235,0.0,99.9385,203.8791,48.7261,-16.6321,0.0,0.0001,2.3834,-0.0007,6.1322,35.5092,11.1685,27.1413,35.8964
192.0,387.0,11.2212,39.9404,85.1402,233.6807,0.021,0.0,99.9211,203.8791,48.7261,-16.6321,0.0,0.0001,2.3834,0.0,6.1328,35.5118,11.1722,27.1427,35.8975
193.0,389.0,11.2201,39.9414,95.4688,234.0125,0.0209,0.0,99.9195,203.8791,48.7261,-16.6321,0.0,0.0001,2.3839,0.0002,6.1348,35.513,11.1708,27.1439,35.8987
194.0,391.0,11.2064,39.9282,98.695,233.0254,0.0223,0.0,99.9196,203.8792,48.7261,-16.6321,0.0,0.0001,2.3812,-0.0016,6.1328,35.5119,11.1569,27.1456,35.901
195.0,393.0,11.2189,39.9445,98.695,233.8545,0.0227,0.0,99.9168,203.8792,48.7261,-16.6322,0.0,0.0001,2.3824,0.0009,6.1263,35.5155,11.1691,27.1461,35.901
196.0,395.0,11.2574,39.9948,98.7022,235.5279,0.0211,0.0,99.9018,203.8792,48.7261,-16.6322,0.0,0.0001,2.3898,0.0033,6.1277,35.5277,11.2073,27.1486,35.9018
197.0,397.0,11.27,40.0113,98.6973,236.4903,0.0208,0.0,99.8945,203.8792,48.726,-16.6322,0.0,0.0001,2.3975,0.0028,6.1293,35.5308,11.2196,27.1488,35.9014
198.0,399.0,11.2459,39.9823,98.695,235.3614,0.0216,0.0,99.9073,203.8793,48.726,-16.6322,0.0,0.0001,2.3955,-0.0012,6.1385,35.5244,11.1952,27.1482,35.902
199.0,401.0,11.1809,39.9092,84.7017,232.8647,0.0237,0.0,99.9168,203.8793,48.726,-16.6322,0.0,0.0001,2.3853,-0.005,6.1412,35.5131,11.1301,27.1514,35.9079
200.0,403.0,11.1639,39.8899,84.1661,232.6177,0.0214,0.0,99.9313,203.8793,48.726,-16.6322,0.0,0.0001,2.3774,-0.0034,6.1426,35.5094,11.113,27.1517,35.909
201.0,405.0,11.1418,39.8646,94.9223,232.2432,0.023,0.0,99.931,203.8794,48.726,-16.6322,0.0,0.0001,2.372,-0.0022,6.1375,35.5048,11.0907,27.1522,35.9104
202.0,407.0,11.1827,39.9182,98.7046,234.0668,0.0223,0.0,99.9246,203.8794,48.726,-16.6322,0.0,0.0001,2.3751,0.002,6.1383,35.5178,11.1312,27.1549,35.9113
203.0,409.0,11.1843,39.9198,75.975,234.7335,0.0208,0.0,99.9267,203.8794,48.726,-16.6322,0.0,0.0001,2.3797,0.0022,6.1388,35.517,11.1326,27.154,35.9104
204.0,411.0,11.176,39.9129,86.2659,233.9762,0.0226,0.0,99.9209,203.8794,48.726,-16.6323,0.0,0.0001,2.3788,-0.0002,6.1392,35.5175,11.1241,27.156,35.9127
205.0,413.0,11.1729,39.911,98.6821,234.0217,0.02,0.0,99.9145,203.8795,48.726,-16.6323,0.0,0.0001,2.3785,0.0,6.1387,35.5177,11.1207,27.1567,35.9136
206.0,415.0,11.1709,39.9096,98.6966,233.9104,0.0192,0.0,99.922,203.8795,48.726,-16.6323,0.0,0.0001,2.3777,-0.0004,6.1398,35.5172,11.1184,27.1568,35.9137
207.0,417.0,11.1676,39.9085,98.6932,234.3215,0.0205,0.0,99.9106,203.8795,48.726,-16.6323,0.0,0.0001,2.3777,0.0005,6.1402,35.5182,11.1148,27.1582,35.9153
208.0,419.0,11.1643,39.907,77.0226,234.5822,0.0183,0.0,99.9267,203.8795,48.726,-16.6323,0.0,0.0001,2.3795,0.0005,6.1411,35.519,11.1113,27.1595,35.9167
209.0,421.0,11.1606,39.9039,98.5837,234.4513,0.021,0.0,99.9213,203.8796,48.726,-16.6323,0.0,0.0001,2.3796,0.0,6.1423,35.5187,11.1074,27.16,35.9174
210.0,423.0,11.1489,39.8908,98.6309,234.0747,0.0235,0.0,99.9254,203.8796,48.726,-16.6323,0.0,0.0001,2.3771,-0.001,6.1463,35.5161,11.0954,27.1602,35.918
211.0,425.0,11.1206,39.8583,98.7038,233.4196,0.0202,0.0,99.9166,203.8796,48.7259,-16.6323,0.0,0.0001,2.3733,-0.0017,6.1473,35.5099,11.067,27.1605,35.9197
212.0,427.0,11.113,39.8508,98.71,233.6401,0.0203,0.0,99.9267,203.8797,48.7259,-16.6323,0.0,0.0001,2.3712,-0.0005,6.146,35.5092,11.0591,27.1614,35.9209
213.0,429.0,11.1133,39.8525,80.1776,234.4131,0.0188,0.0,99.9101,203.8797,48.7259,-16.6323,0.0,0.0001,2.374,0.0008,6.1481,35.5096,11.0591,27.1618,35.9212
214.0,431.0,11.1099,39.8497,91.4617,235.0494,0.0222,0.0,99.9267,203.8797,48.7259,-16.6323,0.0,0.0001,2.3757,0.0011,6.1517,35.5093,11.0556,27.1621,35.9217
215.0,433.0,11.0931,39.8314,98.7042,233.9992,0.0212,0.0,99.9179,203.8797,48.7259,-16.6323,0.0,0.0001,2.3738,-0.0014,6.1539,35.5062,11.0386,27.1629,35.9232
216.0,435.0,11.0659,39.801,92.4454,233.1894,0.021,0.0,99.9237,203.8798,48.7259,-16.6324,0.0,0.0001,2.3685,-0.002,6.1529,35.5012,11.0112,27.1639,35.9255
217.0,437.0,11.0678,39.8061,90.8151,233.867,0.0208,0.0,99.9213,203.8798,48.7259,-16.6324,0.0,0.0001,2.3676,0.0001,6.1526,35.5035,11.0128,27.1655,35.9269
218.0,439.0,11.074,39.8144,98.6895,234.0588,0.0195,0.0,99.9173,203.8798,48.7259,-16.6324,0.0,0.0001,2.3679,0.0001,6.1561,35.5049,11.0187,27.1655,35.9266
219.0,441.0,11.0533,39.7912,98.6847,233.0915,0.0192,0.0,99.9236,203.8798,48.7259,-16.6324,0.0,0.0001,2.3638,-0.0018,6.1571,35.501,10.9978,27.1662,35.9283
220.0,443.0,11.0442,39.7811,98.6969,232.923,0.0177,0.0,99.9155,203.8799,48.7259,-16.6324,0.0,0.0001,2.3616,-0.0013,6.1563,35.4987,10.9885,27.1662,35.9287
221.0,445.0,11.0387,39.776,79.3315,233.4563,0.0185,0.0,99.9155,203.8799,48.7259,-16.6324,0.0,0.0001,2.3614,0.0001,6.1574,35.498,10.9828,27.1666,35.9294
222.0,447.0,11.0396,39.7779,95.6593,233.7515,0.023,0.0,99.9183,203.8799,48.7259,-16.6324,0.0,0.0001,2.3622,0.0005,6.1563,35.4983,10.9834,27.1668,35.9295
223.0,449.0,11.0523,39.7955,98.4764,235.4334,0.0241,0.0,99.9148,203.88,48.7259,-16.6324,0.0,0.0001,2.3683,0.0029,6.158,35.5026,10.9958,27.1679,35.93
224.0,451.0,11.0388,39.7814,98.7011,234.8403,0.0243,0.0,99.9156,203.88,48.7258,-16.6324,0.0,0.0001,2.3698,0.0006,6.158,35.5008,10.9822,27.1689,35.9316
225.0,453.0,11.0347,39.7776,98.7003,235.2243,0.0209,0.0,99.9119,203.88,48.7258,-16.6324,0.0,0.0001,2.371,0.0007,6.1588,35.5,10.9777,27.1691,35.932
226.0,455.0,11.0318,39.7753,75.5044,234.4374,0.0239,0.0,99.9149,203.88,48.7258,-16.6324,0.0,0.0001,2.3687,-0.0013,6.1622,35.4996,10.9746,27.1694,35.9324
227.0,457.0,11.0149,39.7572,89.4458,234.5594,0.0224,0.0,99.9148,203.8801,48.7258,-16.6324,0.0,0.0001,2.3679,-0.0006,6.162,35.4969,10.9575,27.1704,35.9342
228.0,459.0,11.0073,39.7506,98.6892,234.9375,0.02,0.0,99.9184,203.8801,48.7258,-16.6324,0.0,0.0001,2.3681,0.0003,6.161,35.4968,10.9497,27.1718,35.9359
229.0,461.0,11.0129,39.7596,98.6904,235.9073,0.0177,0.0,99.906,203.8801,48.7258,-16.6324,0.0,0.0001,2.3724,0.0015,6.161,35.4996,10.9551,27.173,35.9368
230.0,463.0,11.0124,39.7605,98.6946,235.9316,0.0192,0.0,99.9219,203.8801,48.7258,-16.6324,0.0,0.0001,2.3736,0.0009,6.161,35.4999,10.9542,27.1734,35.9372
231.0,465.0,11.0123,39.7611,98.693,235.6575,0.0224,0.0,99.9066,203.8802,48.7258,-16.6324,0.0,0.0001,2.3736,0.0001,6.1592,35.4997,10.9539,27.1733,35.9371
232.0,467.0,11.0302,39.7857,98.6907,236.1006,0.0223,0.0,99.9106,203.8802,48.7258,-16.6325,0.0,0.0001,2.3751,0.0006,6.1594,35.5061,10.9714,27.1751,35.9381
233.0,469.0,11.0298,39.7865,98.7075,236.2523,0.0232,0.0,99.8926,203.8802,48.7258,-16.6325,0.0,0.0001,2.3758,0.0003,6.1618,35.5065,10.9709,27.1755,35.9386
234.0,471.0,11.0115,39.7659,98.6856,236.2392,0.0252,0.0,99.9136,203.8802,48.7258,-16.6325,0.0,0.0001,2.3766,0.0001,6.1613,35.5028,10.9524,27.1759,35.9398
235.0,473.0,11.0055,39.7593,78.4579,236.4548,0.0221,0.0,99.9093,203.8803,48.7258,-16.6325,0.0,0.0001,2.3773,0.0004,6.1615,35.5011,10.9462,27.1757,35.9399
236.0,475.0,11.0142,39.7709,95.9904,236.4016,0.016,0.0,99.8995,203.8803,48.7258,-16.6325,0.0,0.0001,2.3773,0.0002,6.158,35.5034,10.9545,27.1761,35.9399
237.0,477.0,11.0338,39.7961,98.6919,236.3832,0.0215,0.0,99.8978,203.8803,48.7258,-16.6325,0.0,0.0001,2.3775,0.0,6.155,35.5086,10.9738,27.1765,35.9395
238.0,479.0,11.0517,39.8217,98.6926,236.3062,0.0212,0.0,99.8978,203.8804,48.7258,-16.6325,0.0,0.0001,2.3775,-0.0001,6.1549,35.516,10.9914,27.1791,35.9412
239.0,481.0,11.0542,39.8253,89.4921,236.0742,0.0219,0.0,99.9001,203.8804,48.7257,-16.6325,0.0,0.0001,2.3761,-0.0005,6.1547,35.5165,10.9936,27.1791,35.9411
240.0,483.0,11.056,39.8287,98.6967,236.0404,0.0207,0.0,99.8858,203.8804,48.7257,-16.6325,0.0,0.0001,2.3743,-0.0006,6.1557,35.5172,10.9951,27.1794,35.9413
241.0,485.0,11.0495,39.8233,98.6897,235.4239,0.0176,0.0,99.8978,203.8804,48.7257,-16.6325,0.0,0.0001,2.3713,-0.0013,6.1565,35.5169,10.9884,27.1804,35.9426
242.0,487.0,11.0451,39.8187,98.71,235.41,0.0224,0.0,99.8947,203.8805,48.7257,-16.6325,0.0,0.0001,2.369,-0.0009,6.1579,35.5158,10.9837,27.1804,35.9428
243.0,489.0,11.0356,39.8091,87.5202,235.2224,0.0234,0.0,99.9001,203.8805,48.7257,-16.6325,0.0,0.0001,2.3674,-0.0009,6.1582,35.5146,10.974,27.1812,35.944
244.0,491.0,11.0298,39.8036,98.5182,235.2678,0.0236,0.0,99.8978,203.8805,48.7257,-16.6325,0.0,0.0001,2.3669,-0.0005,6.1584,35.5137,10.9679,27.1816,35.9447
245.0,493.0,11.0274,39.8019,98.7001,235.6165,0.0218,0.0,99.8929,203.8805,48.7257,-16.6325,0.0,0.0001,2.3663,0.0002,6.1591,35.5134,10.9653,27.1819,35.9451
246.0,495.0,11.0235,39.7988,98.6843,235.3896,0.02,0.0,99.8889,203.8806,48.7257,-16.6325,0.0,0.0001,2.3655,-0.0005,6.1608,35.5133,10.9612,27.1825,35.9459
247.0,497.0,11.0123,39.7868,98.7025,235.2545,0.0185,0.0001,99.869,203.8806,48.7257,-16.6325,0.0,0.0001,2.3651,-0.0006,6.1602,35.5114,10.9498,27.1831,35.947
248.0,499.0,11.0056,39.7802,85.6951,235.0906,0.0168,0.0,99.8978,203.8806,48.7257,-16.6326,0.0,0.0001,2.3626,-0.0007,6.1614,35.5104,10.9428,27.1836,35.9478
249.0,501.0,11.0057,39.7816,91.9119,234.3625,0.0189,0.0001,99.8627,203.8806,48.7257,-16.6326,0.0,0.0001,2.3592,-0.0016,6.1608,35.5109,10.9428,27.184,35.9481
250.0,503.0,11.0103,39.7883,98.691,234.5396,0.0205,0.0,99.8859,203.8807,48.7257,-16.6326,0.0,0.0001,2.3565,-0.0007,6.1601,35.512,10.947,27.1841,35.9481
251.0,505.0,11.0152,39.7955,98.197,234.7032,0.0197,0.0,99.887,203.8807,48.7257,-16.6326,0.0,0.0001,2.3565,-0.0003,6.1621,35.5137,10.9516,27.1845,35.9483
252.0,507.0,11.0076,39.788,98.6944,234.5311,0.0212,0.0,99.8978,203.8807,48.7257,-16.6326,0.0,0.0001,2.3558,-0.0004,6.1611,35.5125,10.9438,27.1851,35.9492
253.0,509.0,11.0006,39.781,98.6985,234.6082,0.02,0.0001,99.8138,203.8808,48.7257,-16.6326,0.0,0.0001,2.3548,-0.0006,6.1667,35.5113,10.9366,27.1854,35.9499
254.0,511.0,10.9805,39.7584,57.3669,233.3944,0.0212,0.0001,99.8584,203.8808,48.7257,-16.6326,0.0,0.0001,2.3495,-0.0024,6.1693,35.5074,10.9163,27.1861,35.9514
255.0,513.0,10.9522,39.7277,98.5858,233.6024,0.0213,0.0001,99.8618,203.8808,48.7256,-16.6326,0.0,0.0001,2.348,-0.0014,6.1674,35.5031,10.8879,27.1879,35.9545
256.0,515.0,10.9515,39.7292,93.5606,233.9943,0.0204,0.0001,99.8823,203.8808,48.7256,-16.6326,0.0,0.0001,2.3472,-0.0003,6.1689,35.5043,10.8869,27.1891,35.9556
257.0,517.0,10.9537,39.7338,98.6864,234.6077,0.0174,0.0,99.8978,203.8809,48.7256,-16.6326,0.0,0.0001,2.3489,0.0008,6.169,35.5059,10.8888,27.19,35.9564
258.0,519.0,10.9488,39.7301,98.4078,234.6246,0.0178,0.0,99.8746,203.8809,48.7256,-16.6326,0.0,0.0001,2.3492,0.0001,6.1722,35.506,10.8837,27.191,35.9576
259.0,521.0,10.9303,39.7096,98.699,233.9573,0.0191,0.0001,99.8818,203.8809,48.7256,-16.6326,0.0,0.0001,2.3467,-0.0012,6.1716,35.5025,10.865,27.1916,35.959
260.0,523.0,10.9172,39.695,98.7001,233.7194,0.025,0.0001,99.869,203.8809,48.7256,-16.6326,0.0,0.0001,2.3443,-0.0012,6.1728,35.4995,10.8516,27.1917,35.9597
261.0,525.0,10.9233,39.7024,83.0735,233.557,0.0211,0.0001,99.861,203.881,48.7256,-16.6326,0.0,0.0001,2.3422,-0.0011,6.1744,35.5004,10.8575,27.1913,35.9591
262.0,527.0,10.9123,39.6915,96.7505,233.5959,0.0183,0.0001,99.869,203.881,48.7256,-16.6326,0.0,0.0001,2.3407,-0.0005,6.174,35.4992,10.8463,27.1924,35.9607
263.0,529.0,10.9082,39.6878,94.5672,234.1926,0.019,0.0001,99.873,203.881,48.7256,-16.6326,0.0,0.0001,2.3415,0.0004,6.1773,35.4985,10.842,27.1927,35.9611
264.0,531.0,10.8968,39.6757,98.6939,233.2399,0.0183,0.0001,99.8738,203.8811,48.7256,-16.6326,0.0,0.0001,2.3387,-0.0017,6.1814,35.4968,10.8304,27.1934,35.9623
265.0,533.0,10.868,39.6425,98.7018,232.5124,0.0221,0.0001,99.8535,203.8811,48.7256,-16.6327,0.0,0.0001,2.3336,-0.0023,6.1819,35.4905,10.8015,27.1937,35.964
266.0,535.0,10.8583,39.6329,72.9976,232.6957,0.0192,0.0001,99.8748,203.8811,48.7256,-16.6327,0.0,0.0001,2.3309,-0.0011,6.1835,35.4893,10.7915,27.1946,35.9652
267.0,537.0,10.8495,39.6243,89.7634,232.8067,0.0182,0.0001,99.8406,203.8811,48.7256,-16.6327,0.0,0.0001,2.3293,-0.0007,6.1864,35.4883,10.7825,27.1954,35.9664
268.0,539.0,10.8358,39.6096,98.6954,232.4008,0.0204,0.0001,99.8615,203.8812,48.7256,-16.6327,0.0,0.0001,2.3263,-0.0014,6.1924,35.486,10.7685,27.1961,35.9678
269.0,541.0,10.7847,39.5521,98.6889,231.7764,0.0215,0.0001,99.8024,203.8812,48.7256,-16.6327,0.0,0.0001,2.3218,-0.0019,6.1931,35.4766,10.7174,27.198,35.9719
270.0,543.0,10.7794,39.5476,98.6854,231.8695,0.0212,0.0001,99.8545,203.8812,48.7256,-16.6327,0.0,0.0001,2.3193,-0.0007,6.1935,35.4765,10.7119,27.1989,35.9731
271.0,545.0,10.7764,39.5443,98.691,231.6506,0.0215,0.0001,99.869,203.8812,48.7255,-16.6327,0.0,0.0001,2.3162,-0.0009,6.1937,35.4752,10.7086,27.1985,35.9728
272.0,547.0,10.7735,39.5428,89.8793,231.5261,0.0207,0.0001,99.8543,203.8813,48.7255,-16.6327,0.0,0.0001,2.3156,-0.0007,6.192,35.4755,10.7055,27.1993,35.9737
273.0,549.0,10.7805,39.5526,98.6946,231.7556,0.0202,0.0001,99.8545,203.8813,48.7255,-16.6327,0.0,0.0001,2.315,0.0,6.1915,35.4777,10.7122,27.1998,35.9739
274.0,551.0,10.7898,39.566,88.5437,231.5131,0.0195,0.0001,99.86,203.8813,48.7255,-16.6327,0.0,0.0001,2.3142,-0.0006,6.192,35.4813,10.7212,27.201,35.9747
275.0,553.0,10.781,39.5567,90.8951,231.5858,0.0214,0.0001,99.8642,203.8813,48.7255,-16.6327,0.0,0.0001,2.3137,-0.0005,6.1949,35.4794,10.7122,27.2011,35.9752
276.0,555.0,10.7698,39.5448,97.0659,230.7467,0.0178,0.0001,99.8623,203.8814,48.7255,-16.6327,0.0,0.0001,2.3093,-0.0018,6.1975,35.4776,10.7008,27.2018,35.9764
277.0,557.0,10.7491,39.5205,98.6897,231.0067,0.0206,0.0001,99.869,203.8814,48.7255,-16.6327,0.0,0.0001,2.3078,-0.0007,6.1979,35.4722,10.6799,27.2013,35.9768
278.0,559.0,10.735,39.5062,98.6878,230.7781,0.0203,0.0001,99.8494,203.8814,48.7255,-16.6327,0.0,0.0001,2.3053,-0.001,6.2015,35.4705,10.6656,27.2026,35.9787
279.0,561.0,10.7186,39.4887,98.7003,230.1264,0.0217,0.0001,99.869,203.8815,48.7255,-16.6327,0.0,0.0001,2.3019,-0.0016,6.2006,35.4679,10.649,27.2035,35.9803
280.0,563.0,10.7158,39.4862,98.6948,230.8299,0.0193,0.0001,99.8626,203.8815,48.7255,-16.6327,0.0,0.0001,2.3015,0.0001,6.2034,35.4673,10.646,27.2036,35.9806
281.0,565.0,10.7112,39.4812,98.701,230.0951,0.0185,0.0001,99.8457,203.8815,48.7255,-16.6327,0.0,0.0001,2.2995,-0.0012,6.2034,35.4662,10.6412,27.2035,35.9807
282.0,567.0,10.7004,39.4734,98.6889,230.0776,0.0182,0.0001,99.8726,203.8815,48.7255,-16.6327,0.0,0.0001,2.2974,-0.0008,6.2026,35.4677,10.6302,27.2067,35.9843
283.0,569.0,10.7075,39.4831,87.6631,230.5685,0.0193,0.0001,99.8618,203.8816,48.7255,-16.6327,0.0,0.0001,2.298,0.0002,6.2022,35.4696,10.637,27.207,35.9843
284.0,571.0,10.7123,39.4896,96.3672,229.9335,0.0177,0.0001,99.8629,203.8816,48.7255,-16.6327,0.0,0.0001,2.2958,-0.001,6.2026,35.4706,10.6415,27.207,35.9841
285.0,573.0,10.7103,39.4899,98.71,229.6522,0.0151,0.0001,99.869,203.8816,48.7255,-16.6327,0.0,0.0001,2.2943,-0.0011,6.2031,35.4719,10.6392,27.2084,35.9856
286.0,575.0,10.6914,39.4682,98.6076,229.7088,0.0172,0.0001,99.8651,203.8816,48.7255,-16.6327,0.0,0.0001,2.2903,-0.0011,6.2115,35.4675,10.6202,27.2084,35.9864
287.0,577.0,10.6445,39.4157,98.6852,228.209,0.0181,0.0001,99.869,203.8817,48.7255,-16.6327,0.0,0.0001,2.284,-0.0032,6.2132,35.4593,10.5733,27.2103,35.9904
288.0,579.0,10.6328,39.4029,98.68,227.6003,0.0186,0.0001,99.8338,203.8817,48.7255,-16.6327,0.0,0.0001,2.2789,-0.0027,6.2106,35.4568,10.5613,27.2105,35.9911
289.0,581.0,10.6223,39.3927,97.8464,228.0702,0.0222,0.0001,99.8305,203.8817,48.7255,-16.6327,0.0,0.0001,2.2757,-0.0013,6.221,35.4559,10.5506,27.2117,35.9928
290.0,583.0,10.5991,39.3642,77.7347,225.2456,0.0226,0.0001,99.8208,203.8817,48.7255,-16.6327,0.0,0.0001,2.2637,-0.0056,6.2259,35.4489,10.5273,27.2104,35.9925
291.0,585.0,10.5467,39.3072,93.8571,224.3995,0.0213,0.0001,99.8572,203.8818,48.7254,-16.6327,0.0,0.0001,2.2542,-0.0048,6.2281,35.4411,10.4748,27.2136,35.998
292.0,587.0,10.5284,39.2879,98.6917,223.5437,0.022,0.0001,99.869,203.8818,48.7254,-16.6327,0.0,0.0001,2.2441,-0.0042,6.2324,35.4384,10.4563,27.2148,36.0
293.0,589.0,10.5041,39.2624,98.5297,221.8997,0.0197,0.0001,99.8741,203.8818,48.7254,-16.6327,0.0,0.0001,2.2321,-0.0048,6.2353,35.4354,10.4319,27.2168,36.003
294.0,591.0,10.4818,39.2376,98.6896,220.0025,0.0172,0.0001,99.8589,203.8819,48.7254,-16.6327,0.0,0.0001,2.22,-0.006,6.2353,35.4312,10.4095,27.2174,36.0047
295.0,593.0,10.4792,39.2358,98.6839,219.9611,0.0157,0.0001,99.8407,203.8819,48.7254,-16.6327,0.0,0.0001,2.2133,-0.0036,6.2343,35.4309,10.4067,27.2177,36.0051
296.0,595.0,10.4802,39.2371,86.0932,221.4724,0.0213,0.0001,99.8644,203.8819,48.7254,-16.6327,0.0,0.0001,2.2131,0.0002,6.238,35.4305,10.4073,27.2172,36.0046
297.0,597.0,10.4632,39.22,98.7763,219.3553,0.0237,0.0001,99.869,203.8819,48.7254,-16.6328,0.0,0.0001,2.207,-0.003,6.2258,35.4289,10.3902,27.219,36.0071
298.0,599.0,10.4959,39.2646,94.1379,221.8726,0.0223,0.0001,99.8124,203.882,48.7254,-16.6327,0.0,0.0001,2.2122,0.0025,6.2249,35.4412,10.4225,27.2229,36.0095
299.0,601.0,10.5446,39.3259,98.6811,225.8769,0.0199,0.0001,99.868,203.882,48.7254,-16.6328,0.0,0.0001,2.2287,0.0065,6.2345,35.4548,10.4707,27.225,36.0094
300.0,603.0,10.4827,39.2534,98.3988,222.9523,0.0197,0.0001,99.8858,203.882,48.7254,-16.6328,0.0,0.0001,2.2295,-0.0014,6.233,35.4407,10.4088,27.225,36.0121
301.0,605.0,10.4785,39.2499,98.6823,222.4064,0.0214,0.0001,99.8978,203.882,48.7254,-16.6328,0.0,0.0001,2.2241,-0.0016,6.2328,35.4404,10.4044,27.2255,36.0129
302.0,607.0,10.4777,39.2515,98.68,223.7064,0.0211,0.0001,99.869,203.8821,48.7254,-16.6328,0.0,0.0001,2.2263,0.0012,6.2293,35.4421,10.4033,27.227,36.0144
303.0,609.0,10.5246,39.3124,68.0121,225.1807,0.0176,0.0001,99.8719,203.8821,48.7254,-16.6328,0.0,0.0001,2.2305,0.0034,6.2308,35.457,10.4498,27.2305,36.0157
304.0,611.0,10.5236,39.3127,86.7552,224.9251,0.0156,0.0001,99.8748,203.8821,48.7254,-16.6328,0.0,0.0001,2.2338,0.0017,6.2285,35.4576,10.4486,27.2311,36.0164
305.0,613.0,10.5126,39.2989,92.6254,224.2042,0.0197,0.0001,99.8786,203.8821,48.7254,-16.6328,0.0,0.0001,2.2335,-0.0005,6.2306,35.4536,10.4374,27.23,36.0158
306.0,615.0,10.5076,39.2955,98.6875,223.5389,0.0214,0.0001,99.8786,203.8822,48.7254,-16.6328,0.0,0.0001,2.2304,-0.0014,6.2322,35.4539,10.4321,27.2311,36.0171
307.0,617.0,10.5,39.2874,98.6834,222.9848,0.0248,0.0001,99.8834,203.8822,48.7254,-16.6328,0.0,0.0001,2.2253,-0.0022,6.2443,35.4522,10.4242,27.2313,36.0176
308.0,619.0,10.4562,39.2362,52.0876,219.415,0.0218,0.0001,99.8834,203.8822,48.7254,-16.6328,0.0,0.0001,2.2095,-0.0074,6.2525,35.4421,10.3804,27.2311,36.0194
309.0,621.0,10.3606,39.1275,92.7691,210.7779,0.0171,0.0001,99.8401,203.8823,48.7254,-16.6328,0.0,0.0001,2.1688,-0.0169,6.2572,35.424,10.285,27.2337,36.0263
310.0,623.0,10.3215,39.0875,98.68,210.3136,0.0182,0.0001,99.869,203.8823,48.7254,-16.6328,0.0,0.0001,2.1418,-0.009,6.2596,35.4205,10.2459,27.2379,36.0321
311.0,625.0,10.3068,39.0724,98.68,211.2789,0.0226,0.0001,99.8829,203.8823,48.7254,-16.6328,0.0,0.0001,2.134,-0.0039,6.2622,35.4188,10.231,27.2391,36.034
312.0,627.0,10.2981,39.0636,98.68,210.9488,0.023,0.0001,99.8463,203.8823,48.7254,-16.6328,0.0,0.0001,2.1274,-0.0031,6.2666,35.4174,10.2221,27.2396,36.0349
313.0,629.0,10.2544,39.0169,98.68,210.0311,0.0217,0.0001,99.869,203.8824,48.7254,-16.6328,0.0,0.0001,2.1193,-0.0031,6.271,35.4115,10.1783,27.2426,36.0398
314.0,631.0,10.2154,38.9753,88.5914,212.2911,0.0223,0.0001,99.869,203.8824,48.7254,-16.6328,0.0,0.0001,2.1222,0.0016,6.2744,35.4063,10.1392,27.2453,36.0442
315.0,633.0,10.2086,38.9693,98.68,212.5882,0.0201,0.0001,99.8208,203.8824,48.7254,-16.6328,0.0,0.0001,2.1242,0.0016,6.2758,35.4059,10.1322,27.2462,36.0455
316.0,635.0,10.1933,38.9533,98.68,210.1031,0.0222,0.0001,99.869,203.8824,48.7253,-16.6328,0.0,0.0001,2.1187,-0.0031,6.2725,35.4038,10.1168,27.2472,36.0471
317.0,637.0,10.1585,38.9189,83.238,208.6448,0.0211,0.0001,99.8855,203.8825,48.7253,-16.6328,0.0,0.0001,2.1067,-0.0041,6.2835,35.4016,10.0819,27.2516,36.053
318.0,639.0,10.1321,38.892,96.007,204.2955,0.0219,0.0001,99.872,203.8825,48.7253,-16.6328,0.0,0.0001,2.0846,-0.0085,6.288,35.3989,10.0553,27.2541,36.0566
319.0,641.0,10.1258,38.8858,98.68,203.6351,0.0201,0.0001,99.8437,203.8825,48.7253,-16.6328,0.0,0.0001,2.0748,-0.007,6.2908,35.3979,10.0488,27.2544,36.0573
320.0,643.0,10.0917,38.8489,98.68,201.5578,0.0214,0.0001,99.869,203.8825,48.7253,-16.6328,0.0,0.0001,2.0595,-0.0075,6.2937,35.3928,10.0146,27.2563,36.0607
321.0,645.0,10.0644,38.8202,98.68,198.3295,0.0216,0.0001,99.869,203.8826,48.7253,-16.6328,0.0,0.0001,2.0376,-0.0088,6.2976,35.3892,9.9872,27.2582,36.0638
322.0,647.0,10.0401,38.7953,98.68,196.6226,0.0248,0.0,99.8858,203.8826,48.7253,-16.6328,0.0,0.0001,2.0197,-0.0074,6.3,35.3867,9.9627,27.2604,36.0671
323.0,649.0,10.0259,38.7812,98.68,195.9423,0.0233,0.0001,99.869,203.8826,48.7253,-16.6328,0.0,0.0001,2.006,-0.0049,6.3044,35.3851,9.9483,27.2617,36.0689
324.0,651.0,9.9976,38.7507,98.68,194.8175,0.0226,0.0001,99.8834,203.8826,48.7253,-16.6327,0.0,0.0001,1.996,-0.0048,6.3057,35.3808,9.92,27.2632,36.0717
325.0,653.0,9.9789,38.7322,86.1777,194.3333,0.0225,0.0,99.8978,203.8827,48.7253,-16.6328,0.0,0.0001,1.989,-0.0036,6.304,35.379,9.9011,27.265,36.0744
326.0,655.0,9.9735,38.7271,97.2552,195.3265,0.0211,0.0001,99.8882,203.8827,48.7253,-16.6328,0.0,0.0001,1.987,-0.0008,6.3077,35.3783,9.8955,27.2654,36.075
327.0,657.0,9.9778,38.7315,98.68,193.4305,0.0169,0.0,99.8978,203.8827,48.7253,-16.6327,0.0,0.0001,1.9798,-0.0038,6.312,35.3781,9.8996,27.2646,36.074
328.0,659.0,9.9476,38.7011,98.68,192.7581,0.0213,0.0,99.8978,203.8828,48.7253,-16.6327,0.0,0.0001,1.9763,-0.0037,6.3086,35.3753,9.8693,27.2676,36.0783
329.0,661.0,9.928,38.6836,98.6634,193.9837,0.0228,0.0001,99.8856,203.8828,48.7253,-16.6327,0.0,0.0001,1.9744,-0.0002,6.3101,35.3752,9.8494,27.2709,36.0825
330.0,663.0,9.9302,38.6855,98.68,193.294,0.0205,0.0001,99.878,203.8828,48.7253,-16.6327,0.0,0.0001,1.9707,-0.0017,6.3173,35.3746,9.8515,27.2701,36.0816
331.0,665.0,9.9037,38.6604,98.68,191.414,0.0179,0.0,99.8978,203.8828,48.7253,-16.6327,0.0,0.0001,1.9633,-0.004,6.3168,35.3737,9.8248,27.2739,36.0866
332.0,667.0,9.8875,38.6452,80.1887,191.5502,0.023,0.0,99.8978,203.8829,48.7253,-16.6327,0.0,0.0001,1.9599,-0.003,6.3236,35.373,9.8085,27.2761,36.0895
333.0,669.0,9.8555,38.6125,95.5198,190.604,0.0267,0.0,99.8978,203.8829,48.7253,-16.6327,0.0,0.0001,1.9519,-0.0032,6.3278,35.37,9.7763,27.2792,36.094
334.0,671.0,9.806,38.5612,98.68,189.8925,0.025,0.0,99.9002,203.8829,48.7253,-16.6327,0.0,0.0001,1.9435,-0.0027,6.3358,35.3649,9.7268,27.2837,36.1006
335.0,673.0,9.7729,38.527,98.4919,188.6327,0.0213,0.0,99.9069,203.883,48.7253,-16.6327,0.0,0.0001,1.9332,-0.0034,6.335,35.3611,9.6936,27.2863,36.1048
336.0,675.0,9.7568,38.5122,98.68,188.9347,0.021,0.0,99.9042,203.883,48.7253,-16.6327,0.0,0.0001,1.9328,-0.0019,6.3371,35.3607,9.6774,27.2888,36.1079
337.0,677.0,9.7523,38.5082,98.68,189.3185,0.0191,0.0,99.9007,203.883,48.7253,-16.6327,0.0,0.0001,1.9315,-0.0007,6.3398,35.3604,9.6727,27.2893,36.1086
338.0,679.0,9.7434,38.5034,98.68,188.665,0.019,0.0,99.8994,203.883,48.7253,-16.6327,0.0,0.0001,1.9282,-0.0015,6.3404,35.3633,9.6636,27.2931,36.1128
339.0,681.0,9.723,38.4853,77.8949,188.9348,0.0224,0.0,99.9043,203.883,48.7253,-16.6327,0.0,0.0001,1.9267,-0.0005,6.3429,35.3636,9.643,27.2969,36.1174
340.0,683.0,9.7188,38.4816,94.8009,188.4143,0.0231,0.0,99.9024,203.8831,48.7252,-16.6327,0.0,0.0001,1.9236,-0.0014,6.348,35.3632,9.6386,27.2973,36.118
341.0,685.0,9.7006,38.465,98.68,188.1784,0.0249,0.0,99.9012,203.8831,48.7252,-16.6327,0.0,0.0001,1.9218,-0.0014,6.3509,35.363,9.6203,27.3001,36.1217
342.0,687.0,9.6505,38.4123,98.68,188.4572,0.0227,0.0,99.9074,203.8831,48.7252,-16.6327,0.0,0.0001,1.9199,-0.0006,6.3569,35.3568,9.5702,27.3037,36.1275
343.0,689.0,9.6173,38.3768,92.1104,188.4288,0.0222,0.0,99.8974,203.8832,48.7252,-16.6327,0.0,0.0001,1.9179,-0.0005,6.3582,35.352,9.5369,27.3056,36.1308
344.0,691.0,9.6119,38.3716,98.68,188.5098,0.0191,0.0,99.8947,203.8832,48.7252,-16.6327,0.0,0.0001,1.9173,-0.0002,6.3589,35.351,9.5313,27.3057,36.1312
345.0,693.0,9.6085,38.3688,98.68,188.4148,0.0179,0.0,99.9018,203.8832,48.7252,-16.6327,0.0,0.0001,1.9169,-0.0005,6.3605,35.3506,9.5277,27.306,36.1316
346.0,695.0,9.5994,38.3597,98.68,188.2307,0.0211,0.0,99.8978,203.8832,48.7252,-16.6327,0.0,0.0001,1.9151,-0.0006,6.3592,35.3492,9.5183,27.3065,36.1326
347.0,697.0,9.5906,38.3514,85.3136,188.4806,0.0199,0.0,99.9012,203.8833,48.7252,-16.6327,0.0,0.0001,1.9145,-0.0002,6.3664,35.3482,9.5093,27.3072,36.1337
348.0,699.0,9.5629,38.3209,96.9587,187.9616,0.0248,0.0,99.8944,203.8833,48.7252,-16.6327,0.0,0.0001,1.9124,-0.0012,6.3699,35.343,9.4815,27.3078,36.1355
349.0,701.0,9.5066,38.2609,98.6748,188.3504,0.0193,0.0,99.905,203.8833,48.7252,-16.6327,0.0,0.0001,1.9121,-0.0002,6.37,35.3354,9.4253,27.3112,36.1414
350.0,703.0,9.4868,38.2416,98.68,188.2504,0.0189,0.0,99.9137,203.8833,48.7252,-16.6327,0.0,0.0001,1.9105,-0.0007,6.3786,35.334,9.4054,27.3134,36.1445
351.0,705.0,9.4704,38.2248,98.68,187.3539,0.0233,0.0,99.9166,203.8834,48.7252,-16.6327,0.0,0.0001,1.9068,-0.0018,6.3809,35.332,9.3888,27.3146,36.1464
352.0,707.0,9.4625,38.2176,69.9835,187.5399,0.0232,0.0,99.9129,203.8834,48.7252,-16.6327,0.0,0.0001,1.9058,-0.0011,6.3807,35.3316,9.3808,27.3156,36.1478
353.0,709.0,9.4576,38.2154,94.5896,187.7534,0.0218,0.0,99.9126,203.8834,48.7252,-16.6327,0.0,0.0001,1.9048,-0.0003,6.3798,35.333,9.3757,27.3175,36.15
354.0,711.0,9.4657,38.2285,98.6911,187.8618,0.0223,0.0,99.9082,203.8835,48.7252,-16.6327,0.0,0.0001,1.9046,0.0,6.3781,35.3376,9.3834,27.3199,36.1519
355.0,713.0,9.4819,38.2511,98.68,187.8269,0.0238,0.0,99.9184,203.8835,48.7252,-16.6326,0.0,0.0001,1.904,-0.0003,6.3818,35.344,9.3993,27.3223,36.1535
356.0,715.0,9.4498,38.2175,98.68,187.5206,0.0219,0.0,99.9128,203.8835,48.7252,-16.6327,0.0,0.0001,1.9029,-0.0007,6.3816,35.3399,9.3671,27.3244,36.1571
357.0,717.0,9.4492,38.219,59.5803,187.6295,0.0182,0.0,99.9168,203.8835,48.7252,-16.6326,0.0,0.0001,1.9023,-0.0001,6.3779,35.3413,9.3662,27.3256,36.1584
358.0,719.0,9.4599,38.2346,88.022,188.2306,0.0217,0.0,99.9111,203.8836,48.7252,-16.6326,0.0,0.0001,1.9038,0.0007,6.3772,35.3463,9.3767,27.3278,36.1599
359.0,721.0,9.4814,38.2655,98.68,188.9609,0.0234,0.0,99.9149,203.8836,48.7252,-16.6326,0.0,0.0001,1.9078,0.0014,6.3737,35.3561,9.3978,27.3319,36.1631
360.0,723.0,9.5025,38.2957,98.68,190.0899,0.0221,0.0,99.9038,203.8836,48.7252,-16.6326,0.0,0.0001,1.9128,0.0024,6.373,35.3656,9.4186,27.336,36.1661
361.0,725.0,9.5019,38.2986,98.68,190.7699,0.0231,0.0,99.8772,203.8836,48.7252,-16.6326,0.0,0.0001,1.9174,0.0024,6.372,35.3683,9.4178,27.3382,36.1683
362.0,727.0,9.5083,38.3094,95.0297,188.6384,0.0238,0.0,99.9044,203.8837,48.7251,-16.6326,0.0,0.0001,1.9143,-0.0017,6.3679,35.3721,9.4239,27.3401,36.1699
363.0,729.0,9.5315,38.3404,83.5331,188.4851,0.0198,0.0,99.9111,203.8837,48.7251,-16.6326,0.0,0.0001,1.91,-0.0013,6.3779,35.3804,9.4466,27.3428,36.1715
364.0,731.0,9.4825,38.2904,98.68,187.4514,0.0258,0.0,99.9084,203.8837,48.7251,-16.6326,0.0,0.0001,1.9042,-0.0025,6.3856,35.376,9.3977,27.3476,36.1784
365.0,733.0,9.4242,38.2241,62.355,186.9565,0.0262,0.0,99.9184,203.8837,48.7251,-16.6326,0.0,0.0001,1.8983,-0.0023,6.3902,35.3638,9.3395,27.3476,36.1812
366.0,735.0,9.3873,38.1864,98.68,187.5202,0.0227,0.0,99.9075,203.8838,48.7251,-16.6326,0.0,0.0001,1.8974,-0.0005,6.3898,35.3601,9.3025,27.3508,36.186
367.0,737.0,9.3856,38.1883,93.5642,187.9896,0.0219,0.0,99.9082,203.8838,48.7251,-16.6326,0.0,0.0001,1.8983,0.0004,6.3867,35.3629,9.3006,27.3534,36.1886
368.0,739.0,9.388,38.1938,98.68,187.7582,0.0199,0.0,99.9182,203.8838,48.7251,-16.6326,0.0,0.0001,1.8981,-0.0001,6.3835,35.3652,9.3027,27.3548,36.1899
369.0,741.0,9.435,38.2509,98.68,186.5441,0.0206,0.0,99.9183,203.8839,48.7251,-16.6326,0.0,0.0001,1.8947,-0.0019,6.383,35.3772,9.3492,27.3565,36.1894
370.0,743.0,9.4333,38.2513,98.68,186.0544,0.0249,0.0,99.9132,203.8839,48.7251,-16.6326,0.0,0.0001,1.8897,-0.002,6.3892,35.3786,9.3473,27.358,36.1909
371.0,745.0,9.3915,38.2076,98.68,185.2246,0.0216,0.0,99.9108,203.8839,48.7251,-16.6326,0.0,0.0001,1.8848,-0.0024,6.3915,35.3734,9.3054,27.3608,36.1957
372.0,747.0,9.3655,38.1795,98.68,185.2858,0.0206,0.0,99.9203,203.8839,48.7251,-16.6326,0.0,0.0001,1.8806,-0.0014,6.3926,35.3689,9.2794,27.3616,36.1976
373.0,749.0,9.3623,38.1776,98.68,185.2583,0.0239,0.0,99.9214,203.884,48.7251,-16.6326,0.0,0.0001,1.8782,-0.0009,6.394,35.3693,9.276,27.3624,36.1986
374.0,751.0,9.3556,38.1721,67.0675,185.3017,0.0216,0.0,99.9139,203.884,48.7251,-16.6325,0.0,0.0001,1.8766,-0.0007,6.4004,35.3692,9.2691,27.3635,36.2
375.0,753.0,9.3293,38.1441,94.2291,185.1705,0.0216,0.0,99.9131,203.884,48.7251,-16.6325,0.0,0.0001,1.8752,-0.0007,6.3989,35.3652,9.2426,27.3647,36.2024
376.0,755.0,9.2995,38.113,98.68,185.4134,0.0188,0.0,99.9222,203.884,48.7251,-16.6325,0.0,0.0001,1.8755,0.0,6.3963,35.3615,9.2128,27.3667,36.2057
377.0,757.0,9.3416,38.1664,98.5541,185.7302,0.0198,0.0,99.9109,203.8841,48.7251,-16.6325,0.0,0.0001,1.8755,0.0001,6.405,35.3746,9.2545,27.3702,36.2072
378.0,759.0,9.2793,38.1024,98.68,185.1255,0.0246,0.0,99.9221,203.8841,48.7251,-16.6325,0.0,0.0001,1.8742,-0.0011,6.4078,35.3687,9.1923,27.3757,36.2155
379.0,761.0,9.26,38.0813,98.68,184.5786,0.0201,0.0,99.9158,203.8841,48.7251,-16.6325,0.0,0.0001,1.8706,-0.0014,6.406,35.3648,9.1728,27.3758,36.2165
380.0,763.0,9.2723,38.098,81.6245,184.8407,0.021,0.0,99.9154,203.8841,48.7251,-16.6325,0.0,0.0001,1.8692,-0.0006,6.4095,35.369,9.1848,27.3771,36.2173
381.0,765.0,9.2698,38.0969,94.5497,184.1776,0.019,0.0,99.9204,203.8842,48.7251,-16.6325,0.0,0.0001,1.8649,-0.0018,6.4209,35.3696,9.1821,27.3781,36.2183
382.0,767.0,9.188,38.0073,94.785,184.3529,0.0203,0.0,99.9154,203.8842,48.7251,-16.6325,0.0,0.0001,1.8636,-0.001,6.424,35.3561,9.1006,27.3808,36.2248
383.0,769.0,9.149,37.9638,98.68,184.893,0.0232,0.0,99.9206,203.8842,48.725,-16.6325,0.0,0.0001,1.8623,-0.0003,6.4359,35.3484,9.0615,27.3812,36.227
384.0,771.0,9.0745,37.8815,98.68,184.1532,0.0209,0.0,99.9267,203.8843,48.725,-16.6325,0.0,0.0001,1.8603,-0.0014,6.4378,35.3352,8.9871,27.3829,36.2321
385.0,773.0,9.055,37.864,61.6026,184.5008,0.0236,0.0,99.9267,203.8843,48.725,-16.6325,0.0,0.0001,1.8584,-0.0006,6.4441,35.3355,8.9675,27.3862,36.2363
386.0,775.0,9.0278,37.8356,89.2582,184.3094,0.0225,0.0,99.9122,203.8843,48.725,-16.6325,0.0,0.0001,1.856,-0.0007,6.4468,35.3317,8.9403,27.3876,36.239
387.0,777.0,8.9997,37.8082,98.6884,184.028,0.0202,0.0,99.9336,203.8843,48.725,-16.6324,0.0,0.0001,1.8552,-0.0006,6.4399,35.3298,8.9121,27.3907,36.2433
388.0,779.0,9.0214,37.8388,98.68,184.5206,0.0196,0.0,99.9356,203.8844,48.725,-16.6324,0.0,0.0001,1.8559,0.0005,6.4304,35.3393,8.9335,27.3948,36.2463
389.0,781.0,9.0986,37.9345,98.68,183.6087,0.0206,0.0,99.922,203.8844,48.725,-16.6324,0.0,0.0001,1.8556,-0.0008,6.421,35.362,9.0099,27.4002,36.248
390.0,783.0,9.139,37.9897,98.68,183.9009,0.0233,0.0,99.9148,203.8844,48.725,-16.6324,0.0,0.0001,1.8556,0.0001,6.4144,35.3789,9.0498,27.4069,36.2528
391.0,785.0,9.1993,38.0649,83.8552,183.6884,0.0218,0.0,99.9133,203.8844,48.725,-16.6324,0.0,0.0001,1.8548,-0.0002,6.4114,35.3966,9.1095,27.4111,36.2541
392.0,787.0,9.2194,38.0922,98.68,182.9625,0.0184,0.0,99.9075,203.8845,48.725,-16.6324,0.0,0.0001,1.8525,-0.0012,6.4106,35.4041,9.1292,27.4138,36.2558
393.0,789.0,9.2273,38.1047,98.68,183.5792,0.0208,0.0,99.9139,203.8845,48.725,-16.6324,0.0,0.0001,1.8523,-0.0002,6.4183,35.4086,9.1369,27.416,36.2577
394.0,791.0,9.2176,38.097,98.68,183.0092,0.0232,0.0,99.9042,203.8845,48.725,-16.6324,0.0,0.0001,1.8498,-0.0012,6.4222,35.4094,9.1271,27.4182,36.2603
395.0,793.0,9.1584,38.0297,95.2956,183.7625,0.0204,0.0,99.914,203.8846,48.725,-16.6324,0.0,0.0001,1.8498,0.0002,6.4284,35.3967,9.068,27.418,36.2628
396.0,795.0,9.0896,37.9492,83.9609,183.6497,0.0209,0.0,99.907,203.8846,48.725,-16.6324,0.0,0.0001,1.8426,-0.0023,6.4924,35.3799,8.9993,27.4158,36.2639
397.0,797.0,8.839,37.661,93.827,183.0418,0.0219,0.0,99.9207,203.8846,48.725,-16.6324,0.0,0.0001,1.8391,-0.0034,6.5194,35.3257,8.75,27.4134,36.2732
398.0,799.0,8.5347,37.3195,98.68,185.4713,0.0215,0.0,99.9222,203.8846,48.725,-16.6324,0.0,0.0001,1.8419,0.001,6.5208,35.2672,8.4472,27.4152,36.2892
399.0,801.0,8.5054,37.2883,87.8739,185.8847,0.023,0.0,99.9319,203.8847,48.725,-16.6323,0.0,0.0001,1.8456,0.0009,6.5173,35.2623,8.4179,27.4159,36.2913
400.0,803.0,8.5331,37.3237,98.68,185.2264,0.0219,0.0,99.952,203.8847,48.725,-16.6323,0.0,0.0001,1.8446,-0.0005,6.5193,35.2713,8.4452,27.4187,36.2927
401.0,805.0,8.5147,37.3078,98.68,184.6432,0.0204,0.0,99.9496,203.8847,48.725,-16.6323,0.0,0.0001,1.8437,-0.001,6.5067,35.2719,8.4267,27.4221,36.2969
402.0,807.0,8.5088,37.3064,98.68,185.5627,0.0222,0.0,99.9542,203.8847,48.725,-16.6323,0.0,0.0001,1.8457,0.0004,6.5097,35.2753,8.4207,27.4257,36.3007
403.0,809.0,8.5863,37.4011,98.68,184.9754,0.0249,0.0,99.95,203.8848,48.7249,-16.6323,0.0,0.0001,1.8443,-0.0005,6.5048,35.2974,8.4974,27.4311,36.3024
404.0,811.0,8.6026,37.4232,76.2746,184.736,0.0224,0.0,99.9505,203.8848,48.7249,-16.6323,0.0,0.0001,1.8435,-0.0006,6.5003,35.3035,8.5134,27.4334,36.3039
405.0,813.0,8.6321,37.4638,98.68,184.4026,0.0224,0.0,99.9464,203.8848,48.7249,-16.6323,0.0,0.0001,1.8415,-0.0007,6.4969,35.316,8.5424,27.4386,36.3076
406.0,815.0,8.6577,37.4977,98.68,184.1301,0.0209,0.0,99.9501,203.8849,48.7249,-16.6323,0.0,0.0001,1.84,-0.001,6.5031,35.3254,8.5676,27.442,36.3098
407.0,817.0,8.633,37.4706,59.1642,184.1198,0.0214,0.0,99.9506,203.8849,48.7249,-16.6323,0.0,0.0001,1.8376,-0.0008,6.5072,35.3206,8.5429,27.4422,36.3111
408.0,819.0,8.5911,37.4251,88.4614,184.8795,0.023,0.0,99.9674,203.8849,48.7249,-16.6323,0.0,0.0001,1.8376,0.0005,6.5069,35.3134,8.501,27.4431,36.314
409.0,821.0,8.5862,37.4203,98.68,184.7624,0.0238,0.0,99.9551,203.8849,48.7249,-16.6323,0.0,0.0001,1.8382,0.0001,6.5061,35.3122,8.4959,27.443,36.3141
410.0,823.0,8.5901,37.4257,98.68,184.4822,0.0203,0.0,99.9055,203.885,48.7249,-16.6322,0.0,0.0001,1.8388,-0.0001,6.4952,35.313,8.4996,27.443,36.314
411.0,825.0,8.599,37.4476,98.68,184.8753,0.0183,0.0,99.9556,203.885,48.7249,-16.6322,0.0,0.0001,1.8394,0.0007,6.493,35.3265,8.5082,27.4522,36.3226
412.0,827.0,8.7121,37.5777,98.6318,183.9734,0.0191,0.0,99.9556,203.885,48.7249,-16.6322,0.0,0.0001,1.8372,-0.0008,6.4914,35.3501,8.6203,27.4531,36.3182
413.0,829.0,8.6968,37.5611,98.68,184.0856,0.0204,0.0,99.9556,203.8851,48.7249,-16.6322,0.0,0.0001,1.8337,-0.0015,6.5279,35.3469,8.6049,27.4531,36.3189
414.0,831.0,8.4551,37.2915,98.68,184.3789,0.022,0.0,99.97,203.8851,48.7249,-16.6322,0.0,0.0001,1.8315,-0.0003,6.5273,35.3018,8.3645,27.4552,36.3323
415.0,833.0,8.4074,37.2459,64.7779,186.5607,0.0214,0.0,99.9556,203.8851,48.7249,-16.6322,0.0,0.0001,1.8354,0.0022,6.5447,35.3001,8.3167,27.4613,36.3406
416.0,835.0,8.3204,37.1524,94.6896,185.6609,0.023,0.0,99.9845,203.8851,48.7249,-16.6322,0.0,0.0001,1.8348,-0.0006,6.5659,35.2868,8.2302,27.4641,36.3475
417.0,837.0,8.203,37.0252,98.68,187.0103,0.0218,0.0,99.9755,203.8852,48.7249,-16.6322,0.0,0.0001,1.8372,0.0013,6.5668,35.2678,8.1132,27.4671,36.356
418.0,839.0,8.1869,37.0149,98.6685,187.5188,0.019,0.0,99.9773,203.8852,48.7249,-16.6322,0.0,0.0001,1.8402,0.0016,6.5653,35.2719,8.0969,27.4729,36.3624
419.0,841.0,8.2026,37.0358,98.6807,187.303,0.0208,0.0,99.9879,203.8852,48.7249,-16.6321,0.0,0.0001,1.8423,0.0007,6.5591,35.2777,8.1124,27.4751,36.3638
420.0,843.0,8.2297,37.0708,98.68,186.707,0.0203,0.0,99.9845,203.8852,48.7249,-16.6321,0.0,0.0001,1.8426,0.0,6.5436,35.287,8.139,27.4783,36.3657
421.0,845.0,8.312,37.1697,98.68,186.8399,0.0189,0.0,99.9676,203.8853,48.7249,-16.6321,0.0,0.0001,1.8433,0.0004,6.5382,35.3089,8.2206,27.483,36.3664
422.0,847.0,8.374,37.2452,79.6771,185.7507,0.0176,0.0,99.9845,203.8853,48.7249,-16.6321,0.0,0.0001,1.8407,-0.0011,6.5363,35.3262,8.282,27.4871,36.3676
423.0,849.0,8.3821,37.2559,91.5681,185.6158,0.0198,0.0,99.9845,203.8853,48.7249,-16.6321,0.0,0.0001,1.8376,-0.0007,6.5316,35.3287,8.2898,27.4879,36.3679
424.0,851.0,8.398,37.2778,98.68,185.4411,0.023,0.0,99.9845,203.8853,48.7248,-16.6321,0.0,0.0001,1.8369,-0.0007,6.5297,35.3352,8.3054,27.4906,36.3699
425.0,853.0,8.4231,37.3094,98.68,185.549,0.0204,0.0,99.9845,203.8854,48.7248,-16.6321,0.0,0.0001,1.8364,-0.0003,6.5295,35.3428,8.3301,27.4928,36.3708
426.0,855.0,8.4257,37.3152,86.2437,185.3732,0.0197,0.0,99.9989,203.8854,48.7248,-16.6321,0.0,0.0001,1.8353,-0.0004,6.5296,35.3453,8.3324,27.4944,36.3723
427.0,857.0,8.4248,37.3156,98.68,185.4928,0.0143,0.0,99.9922,203.8854,48.7248,-16.6321,0.0,0.0001,1.8342,-0.0002,6.5314,35.3457,8.3313,27.4948,36.3728
428.0,859.0,8.4126,37.3051,98.68,185.5102,0.0209,0.0,99.9917,203.8855,48.7248,-16.632,0.0,0.0001,1.8339,-0.0002,6.5334,35.3456,8.3189,27.4967,36.3752
429.0,861.0,8.4008,37.2948,98.68,185.8596,0.0182,0.0,100.0033,203.8855,48.7248,-16.632,0.0,0.0001,1.8341,0.0003,6.5338,35.3457,8.3071,27.4986,36.3776
430.0,863.0,8.3975,37.2923,80.5545,185.7201,0.0206,0.0,99.9896,203.8855,48.7248,-16.632,0.0,0.0001,1.8342,-0.0001,6.5332,35.3455,8.3036,27.499,36.3782
431.0,865.0,8.3936,37.2898,94.8277,185.8912,0.0225,0.0,100.0018,203.8855,48.7248,-16.632,0.0,0.0001,1.8347,0.0001,6.5332,35.3456,8.2994,27.4997,36.3791
432.0,867.0,8.4004,37.2993,98.68,185.7126,0.0226,0.0,99.9859,203.8856,48.7248,-16.632,0.0,0.0001,1.8339,-0.0004,6.5368,35.348,8.306,27.5006,36.3796
433.0,869.0,8.3983,37.3015,98.68,185.6288,0.0232,0.0,99.97,203.8856,48.7248,-16.632,0.0,0.0001,1.8333,-0.0004,6.5346,35.3517,8.3036,27.5038,36.3829
434.0,871.0,8.3571,37.2579,98.68,186.2432,0.0212,0.0,99.9885,203.8856,48.7248,-16.632,0.0,0.0001,1.8341,0.0003,6.5418,35.3455,8.2624,27.5053,36.3864
435.0,873.0,8.3518,37.2506,78.4225,186.0999,0.0203,0.0,99.9835,203.8857,48.7248,-16.632,0.0,0.0001,1.8337,-0.0002,6.5481,35.3423,8.257,27.5037,36.385
436.0,875.0,8.2927,37.1925,89.1288,187.3933,0.0186,0.0,99.9863,203.8857,48.7248,-16.6319,0.0,0.0001,1.8363,0.0014,6.5499,35.3385,8.1979,27.5097,36.3937
437.0,877.0,8.2807,37.1804,98.68,187.2758,0.0204,0.0,99.9845,203.8857,48.7248,-16.6319,0.0,0.0001,1.8367,0.0001,6.5654,35.3367,8.1859,27.5102,36.3947
438.0,879.0,8.2458,37.1405,98.68,186.8038,0.0196,0.0,99.9845,203.8857,48.7248,-16.6319,0.0,0.0001,1.8365,-0.0004,6.5572,35.3283,8.151,27.5089,36.3952
439.0,881.0,8.134,37.0232,98.68,188.6905,0.0187,0.0,99.9805,203.8858,48.7248,-16.6319,0.0,0.0001,1.8396,0.0015,6.5745,35.3143,8.0396,27.5148,36.4063
440.0,883.0,8.0958,36.9813,98.68,188.3915,0.0182,0.0,99.9689,203.8858,48.7248,-16.6319,0.0,0.0001,1.84,-0.0002,6.5942,35.3069,8.0015,27.5148,36.4081
441.0,885.0,8.0173,36.895,98.68,189.5656,0.0178,0.0,99.9845,203.8858,48.7248,-16.6319,0.0,0.0001,1.8417,0.0008,6.6092,35.2923,7.9233,27.5151,36.4121
442.0,887.0,7.9243,36.7965,98.68,190.7989,0.0191,0.0,99.9766,203.8858,48.7248,-16.6319,0.0,0.0001,1.8435,0.0017,6.6218,35.2793,7.8308,27.5187,36.4201
443.0,889.0,7.8645,36.7317,70.41,190.3608,0.0223,0.0,99.9845,203.8859,48.7248,-16.6319,0.0,0.0001,1.8467,0.0007,6.6137,35.2689,7.7711,27.5194,36.4237
444.0,891.0,7.7592,36.6166,96.2309,191.4827,0.0223,0.0,99.9672,203.8859,48.7248,-16.6318,0.0,0.0001,1.8493,0.0005,6.6397,35.2499,7.6663,27.52,36.4294
445.0,893.0,7.7205,36.5758,98.68,191.7916,0.0239,0.0,99.9766,203.8859,48.7248,-16.6318,0.0,0.0001,1.8498,0.001,6.6354,35.244,7.6276,27.5211,36.4323
446.0,895.0,7.6883,36.543,98.68,193.2369,0.0209,0.0,99.961,203.886,48.7248,-16.6318,0.0,0.0001,1.8554,0.0021,6.6457,35.2401,7.5954,27.5227,36.4354
447.0,897.0,7.6824,36.5379,88.6436,192.7208,0.0166,0.0,99.9845,203.886,48.7248,-16.6318,0.0,0.0001,1.8561,0.0,6.6562,35.2395,7.5893,27.5231,36.4361
448.0,899.0,7.6249,36.4776,98.68,193.3481,0.0196,0.0,99.9556,203.886,48.7248,-16.6318,0.0,0.0001,1.8571,0.0009,6.6527,35.2315,7.532,27.5252,36.441
449.0,901.0,7.593,36.444,98.68,193.8044,0.0176,0.0,99.9853,203.886,48.7248,-16.6318,0.0,0.0001,1.8594,0.0009,6.6615,35.2263,7.5001,27.5258,36.443
450.0,903.0,7.5741,36.4249,98.68,193.866,0.0189,0.0,99.9781,203.8861,48.7247,-16.6318,0.0,0.0001,1.86,0.0003,6.6681,35.2238,7.4811,27.5266,36.4447
451.0,905.0,7.544,36.3956,77.297,194.0096,0.0178,0.0,99.9989,203.8861,48.7247,-16.6318,0.0,0.0001,1.8608,0.0002,6.6695,35.2213,7.4509,27.529,36.4486
452.0,907.0,7.5191,36.3694,98.6782,194.6071,0.0173,0.0,99.9896,203.8861,48.7247,-16.6318,0.0,0.0001,1.8616,0.0006,6.6757,35.2172,7.426,27.5293,36.4501
453.0,909.0,7.4722,36.3246,98.6545,194.434,0.0195,0.0,99.9936,203.8862,48.7247,-16.6318,0.0,0.0001,1.8618,0.0,6.6807,35.2152,7.3792,27.5346,36.4576
454.0,911.0,7.4656,36.3186,98.68,195.121,0.0215,0.0,99.9932,203.8862,48.7247,-16.6317,0.0,0.0001,1.8622,0.0005,6.6894,35.2143,7.3725,27.5348,36.4581
455.0,913.0,7.4033,36.2517,98.68,195.3711,0.0185,0.0,100.0133,203.8862,48.7247,-16.6317,0.0,0.0001,1.8639,0.0004,6.692,35.2035,7.3104,27.5353,36.4616
456.0,915.0,7.3907,36.2428,73.1421,195.584,0.0214,0.0,100.0133,203.8862,48.7247,-16.6317,0.0,0.0001,1.8661,0.0009,6.6775,35.2059,7.2977,27.539,36.4658
457.0,917.0,7.4727,36.3401,91.2073,195.5032,0.0226,0.0,100.0102,203.8863,48.7247,-16.6317,0.0,0.0001,1.867,0.0003,6.6771,35.2276,7.3789,27.5444,36.4672
458.0,919.0,7.4963,36.3703,98.68,195.0348,0.0198,0.0,100.0176,203.8863,48.7247,-16.6317,0.0,0.0001,1.8666,-0.0004,6.6749,35.2354,7.402,27.5471,36.4688
459.0,921.0,7.5011,36.375,98.4543,194.6978,0.0172,0.0,100.0144,203.8863,48.7247,-16.6317,0.0,0.0001,1.8663,-0.0003,6.6601,35.235,7.4067,27.5462,36.4676
460.0,923.0,7.5082,36.3959,98.68,195.4652,0.0203,0.0,100.0271,203.8863,48.7247,-16.6317,0.0,0.0001,1.8675,0.0013,6.648,35.2496,7.4134,27.5567,36.4775
461.0,925.0,7.7998,36.7355,98.68,192.5351,0.0217,0.0,100.0099,203.8864,48.7247,-16.6317,0.0,0.0001,1.8657,-0.0024,6.6227,35.3209,7.7027,27.5704,36.4771
462.0,927.0,7.8178,36.7525,86.366,193.058,0.0313,0.0,100.0216,203.8864,48.7247,-16.6317,0.0,0.0001,1.8614,-0.0009,6.6215,35.3204,7.7204,27.5674,36.4733
463.0,929.0,7.8184,36.7568,90.0024,191.5892,0.021,0.0,100.0131,203.8864,48.7247,-16.6317,0.0,0.0001,1.8563,-0.0027,6.6344,35.3234,7.7208,27.5698,36.4755
464.0,931.0,7.7535,36.6867,91.8534,191.7588,0.0203,0.0,100.0284,203.8864,48.7247,-16.6317,0.0,0.0001,1.8523,-0.0017,6.6369,35.3124,7.6561,27.5707,36.4795
465.0,933.0,7.6593,36.5823,98.68,193.7788,0.0179,0.0,100.0251,203.8865,48.7247,-16.6317,0.0,0.0001,1.8547,0.0005,6.6625,35.2937,7.5624,27.5697,36.4831
466.0,935.0,7.5747,36.4887,91.6793,193.1103,0.0185,0.0,100.0276,203.8865,48.7247,-16.6317,0.0,0.0001,1.851,-0.0013,6.6873,35.2772,7.4782,27.569,36.4865
467.0,937.0,7.4231,36.3225,86.7194,196.4164,0.0201,0.0,100.0192,203.8865,48.7247,-16.6316,0.0,0.0001,1.8582,0.0032,6.6881,35.2493,7.3274,27.5689,36.4937
468.0,939.0,7.3063,36.1961,98.68,197.1023,0.0207,0.0,100.0338,203.8866,48.7247,-16.6316,0.0,0.0001,1.8622,0.0013,6.7287,35.2289,7.2112,27.5694,36.4999
469.0,941.0,7.1632,36.0397,98.68,198.5348,0.0218,0.0,100.025,203.8866,48.7247,-16.6316,0.0,0.0001,1.8668,0.0017,6.7556,35.2026,7.0689,27.5688,36.5063
470.0,943.0,7.0553,35.9235,98.68,200.104,0.0213,0.0,100.0239,203.8866,48.7247,-16.6316,0.0,0.0001,1.872,0.0034,6.7447,35.1839,6.9616,27.5691,36.5119
471.0,945.0,6.99,35.8553,83.3649,201.409,0.0174,0.0,100.0044,203.8866,48.7247,-16.6316,0.0,0.0001,1.8807,0.0031,6.7492,35.1744,6.8966,27.5707,36.5167
472.0,947.0,6.9956,35.8652,96.6995,200.7963,0.0174,0.0,100.0189,203.8867,48.7247,-16.6316,0.0,0.0001,1.884,0.0013,6.7405,35.1789,6.9019,27.5735,36.5192
473.0,949.0,7.0761,35.9648,98.0561,200.293,0.0212,0.0,100.0263,203.8867,48.7247,-16.6316,0.0,0.0001,1.884,0.0002,6.7417,35.2051,6.9816,27.583,36.5246
474.0,951.0,7.0832,35.976,98.68,200.1916,0.0198,0.0,100.0326,203.8867,48.7247,-16.6316,0.0,0.0001,1.884,-0.0001,6.7417,35.2091,6.9883,27.5852,36.5264
475.0,953.0,7.0709,35.964,98.68,199.7352,0.0225,0.0,100.0228,203.8867,48.7247,-16.6316,0.0,0.0001,1.8828,-0.0005,6.7342,35.2078,6.976,27.5859,36.5277
476.0,955.0,7.0777,35.9796,68.9072,200.3418,0.02,0.0,100.034,203.8868,48.7246,-16.6316,0.0,0.0001,1.884,0.0004,6.7356,35.217,6.9825,27.5923,36.5336
477.0,957.0,7.1369,36.0515,92.7035,199.7502,0.0171,0.0,100.0414,203.8868,48.7246,-16.6316,0.0,0.0001,1.8834,0.0,6.7218,35.2343,7.041,27.5977,36.536
478.0,959.0,7.1736,36.0953,98.68,199.2049,0.0157,0.0,100.0576,203.8868,48.7246,-16.6316,0.0,0.0001,1.8816,-0.0007,6.7161,35.2441,7.0773,27.6003,36.5368
479.0,961.0,7.219,36.1498,98.68,198.0114,0.0216,0.0,100.0527,203.8869,48.7246,-16.6316,0.0,0.0001,1.8791,-0.0018,6.7122,35.2566,7.1221,27.6039,36.5381
480.0,963.0,7.2471,36.1825,98.68,198.2123,0.0209,0.0,100.0404,203.8869,48.7246,-16.6316,0.0,0.0001,1.8767,-0.0009,6.7101,35.2628,7.1498,27.6049,36.5377
481.0,965.0,7.2532,36.1909,98.68,197.7405,0.0209,0.0,100.0369,203.8869,48.7246,-16.6316,0.0,0.0001,1.8744,-0.001,6.7027,35.2647,7.1556,27.6055,36.538
482.0,967.0,7.2891,36.2352,98.68,198.0322,0.0226,0.0,100.0543,203.8869,48.7246,-16.6316,0.0,0.0001,1.8742,-0.0003,6.7052,35.2755,7.1911,27.609,36.5398
483.0,969.0,7.2837,36.2362,98.68,197.7325,0.02,0.0,100.0444,203.887,48.7246,-16.6316,0.0,0.0001,1.8714,-0.0008,6.7118,35.2812,7.1855,27.6143,36.5452
484.0,971.0,7.2519,36.2032,74.3678,197.6143,0.0216,0.0,100.041,203.887,48.7246,-16.6316,0.0,0.0001,1.8728,-0.0007,6.7122,35.2766,7.1536,27.6151,36.5476
485.0,973.0,7.2164,36.1675,98.68,199.1908,0.0197,0.0,100.0392,203.887,48.7246,-16.6316,0.0,0.0001,1.8742,0.0019,6.702,35.2727,7.1182,27.6171,36.5513
486.0,975.0,7.2814,36.2427,93.7753,198.5302,0.0168,0.0,100.053,203.887,48.7246,-16.6316,0.0,0.0001,1.8742,0.0003,6.7006,35.288,7.1825,27.62,36.551
487.0,977.0,7.3168,36.2844,98.68,197.4204,0.0179,0.0,100.044,203.8871,48.7246,-16.6316,0.0,0.0001,1.8718,-0.0011,6.6975,35.2964,7.2174,27.6217,36.5509
488.0,979.0,7.3475,36.322,88.1278,197.4509,0.0188,0.0,100.0401,203.8871,48.7246,-16.6316,0.0,0.0001,1.8708,-0.0003,6.6855,35.3053,7.2477,27.6243,36.552
489.0,981.0,7.3917,36.3766,98.68,196.7443,0.0204,0.0,100.0353,203.8871,48.7246,-16.6316,0.0,0.0001,1.8681,-0.0014,6.6912,35.3187,7.2913,27.6287,36.5541
490.0,983.0,7.4071,36.3944,98.68,196.0756,0.0218,0.0,100.0336,203.8871,48.7246,-16.6316,0.0,0.0001,1.8654,-0.0017,6.6859,35.3217,7.3063,27.6289,36.5536
491.0,985.0,7.4042,36.3906,98.68,196.4581,0.0199,0.0,100.0287,203.8872,48.7246,-16.6316,0.0,0.0001,1.8638,-0.0005,6.683,35.3196,7.3033,27.6277,36.5526
492.0,987.0,7.4136,36.4029,98.68,195.9351,0.016,0.0,100.024,203.8872,48.7246,-16.6316,0.0,0.0001,1.862,-0.001,6.6828,35.3224,7.3124,27.6285,36.553
493.0,989.0,7.4165,36.407,55.7875,196.0857,0.0203,0.0,100.0249,203.8872,48.7246,-16.6316,0.0,0.0001,1.8608,-0.0005,6.6829,35.3229,7.315,27.6286,36.5529
494.0,991.0,7.4241,36.4162,98.5672,196.2889,0.0222,0.0,100.0031,203.8873,48.7246,-16.6316,0.0,0.0001,1.8608,-0.0001,6.6819,35.3242,7.3224,27.6285,36.5525
495.0,993.0,7.4199,36.4134,98.68,196.2447,0.0182,0.0,99.999,203.8873,48.7246,-16.6316,0.0,0.0001,1.8596,-0.0003,6.6839,35.3248,7.318,27.6296,36.5538
496.0,995.0,7.4011,36.4028,98.68,196.1735,0.0194,0.0,100.0133,203.8873,48.7246,-16.6316,0.0,0.0001,1.86,-0.0002,6.6831,35.3313,7.2992,27.6375,36.5624
497.0,997.0,7.4073,36.4118,87.6887,196.6632,0.0205,0.0,100.0099,203.8873,48.7246,-16.6316,0.0,0.0001,1.8606,0.0003,6.6845,35.3338,7.305,27.6386,36.5632
498.0,999.0,7.4003,36.4039,93.1887,196.623,0.0198,0.0,100.0037,203.8874,48.7246,-16.6316,0.0,0.0001,1.8609,0.0,6.6848,35.3314,7.2979,27.6377,36.5627
499.0,1001.0,7.3978,36.4024,98.6283,196.5235,0.0172,0.0,99.9743,203.8874,48.7246,-16.6316,0.0,0.0001,1.8608,-0.0001,6.6809,35.3312,7.2952,27.638,36.5631
500.0,1003.0,7.4243,36.4348,98.5493,196.1647,0.0221,0.0,99.9707,203.8875,48.7246,-16.6316,0.0,0.0001,1.8606,-0.0006,6.6826,35.3386,7.3213,27.64,36.5638
501.0,1005.0,7.4129,36.4235,93.5858,196.459,0.0185,0.0,99.9548,203.8875,48.7245,-16.6316,0.0,0.0001,1.8594,0.0,6.6826,35.3368,7.3097,27.6403,36.5647
502.0,1007.0,7.4078,36.4181,91.9856,196.6967,0.0201,0.0,99.9462,203.8876,48.7245,-16.6316,0.0,0.0001,1.8602,0.0,6.6871,35.3354,7.3044,27.6399,36.5645
503.0,1009.0,7.3317,36.3364,95.3835,197.4999,0.0187,0.0001,99.8531,203.8882,48.7244,-16.6317,0.0,0.0001,1.8633,0.0,6.6962,35.3226,7.2287,27.6407,36.569
504.0,1011.0,7.322,36.3266,95.8169,197.6218,0.019,0.0001,99.7845,203.8887,48.7243,-16.6318,0.0,0.0001,1.864,0.0001,6.6971,35.3213,7.219,27.6411,36.5699
