Datacycle,press,temp,cond,alt,oxygen,fluor,atten,trans,jday,lat,lon,PAR,UPAR,oxV,oxdVdt,oxysat,salin,potemp,sigma0,sigma2
1.0,1.0,15.1379,43.6869,98.71,246.2716,1.3452,0.0046,89.1177,210.1725,48.9798,-16.9054,0.0,0.0001,2.7296,-0.001,5.6521,35.5765,15.1377,26.3861,34.9892
2.0,3.0,15.1388,43.6885,89.2561,247.5784,1.3553,0.0046,89.1965,210.1726,48.9798,-16.9054,0.0,0.0001,2.7372,0.0011,5.6521,35.5765,15.1383,26.3859,34.989
3.0,5.0,15.1386,43.6892,98.709,247.7113,1.4039,0.0046,89.2033,210.1726,48.9798,-16.9054,0.0,0.0001,2.7378,0.0006,5.6522,35.5766,15.1378,26.3861,34.9892
4.0,7.0,15.138,43.6895,98.71,247.7137,1.3737,0.0046,89.2125,210.1727,48.9798,-16.9055,0.0,0.0001,2.7394,-0.0001,5.6523,35.5765,15.1369,26.3863,34.9894
5.0,9.0,15.1377,43.69,98.71,247.7754,1.3717,0.0045,89.2633,210.1728,48.9799,-16.9055,0.0,0.0001,2.7396,0.0001,5.6524,35.5765,15.1363,26.3864,34.9896
6.0,11.0,15.1364,43.6897,98.71,248.0143,1.3546,0.0045,89.2617,210.1729,48.9799,-16.9055,0.0,0.0001,2.7408,0.0,5.6523,35.5765,15.1347,26.3868,34.99
7.0,13.0,15.1369,43.6911,98.71,248.0792,1.3561,0.0045,89.2918,210.173,48.9799,-16.9055,0.0,0.0001,2.7411,0.0,5.6522,35.5764,15.1348,26.3867,34.9898
8.0,15.0,15.1388,43.6934,98.71,247.9817,1.3479,0.0045,89.3043,210.1731,48.9799,-16.9055,0.0,0.0001,2.7393,-0.0001,5.6521,35.5761,15.1365,26.386,34.9891
9.0,17.0,15.137,43.6923,98.71,247.5989,1.3611,0.0045,89.3185,210.1731,48.9799,-16.9055,0.0,0.0001,2.7364,-0.0008,5.6523,35.5759,15.1344,26.3864,34.9896
10.0,19.0,15.1365,43.6928,98.71,247.8716,1.351,0.0045,89.3689,210.1732,48.9799,-16.9056,0.0,0.0001,2.7369,0.0002,5.6517,35.576,15.1336,26.3866,34.9898
11.0,21.0,15.1432,43.7005,98.71,247.6925,1.3574,0.0045,89.354,210.1732,48.9799,-16.9056,0.0,0.0001,2.7353,-0.0007,5.6513,35.5761,15.1401,26.3853,34.9883
12.0,23.0,15.1462,43.7046,98.71,248.1673,1.3791,0.0045,89.2983,210.1733,48.9799,-16.9056,0.0,0.0001,2.7384,0.0006,5.6515,35.5762,15.1427,26.3848,34.9877
13.0,25.0,15.1452,43.7043,98.71,248.1303,1.3889,0.0045,89.3592,210.1733,48.9799,-16.9056,0.0,0.0001,2.7387,0.0,5.6513,35.5762,15.1414,26.3851,34.988
14.0,27.0,15.1448,43.7048,98.71,247.597,1.4229,0.0045,89.3269,210.1734,48.9799,-16.9056,0.0,0.0001,2.7353,-0.0012,5.6514,35.5762,15.1407,26.3852,34.9882
15.0,29.0,15.1441,43.7051,98.71,247.8838,1.4242,0.0045,89.3898,210.1734,48.9799,-16.9056,0.0,0.0001,2.7334,-0.001,5.6631,35.5762,15.1397,26.3854,34.9884
16.0,31.0,15.0418,43.6018,98.71,244.4348,1.402,0.0042,90.2576,210.1735,48.9799,-16.9056,0.0,0.0001,2.7152,-0.0087,5.6685,35.5743,15.0372,26.4067,35.0133
17.0,33.0,14.7072,43.2756,98.5479,247.0539,1.2767,0.0037,91.2922,210.1735,48.9799,-16.9056,0.0,0.0001,2.7134,-0.0016,5.7045,35.5801,14.7023,26.4847,35.1033
18.0,35.0,14.4322,42.9981,98.71,241.1266,1.2634,0.0034,91.8924,210.1735,48.9799,-16.9056,0.0,0.0001,2.6704,-0.0171,5.7795,35.5754,14.427,26.5407,35.1694
19.0,37.0,13.9576,42.537,70.3086,240.0421,0.8902,0.0021,94.7869,210.1736,48.9799,-16.9056,0.0,0.0001,2.632,-0.0108,5.8271,35.5836,13.9523,26.6483,35.2944
20.0,39.0,13.6286,42.2124,98.71,237.1995,0.6817,0.0018,95.5987,210.1736,48.9799,-16.9057,0.0,0.0001,2.6022,-0.013,5.8624,35.5837,13.6231,26.7175,35.3758
21.0,41.0,13.3488,41.93,98.71,237.7515,0.5412,0.0015,96.3439,210.1736,48.9799,-16.9057,0.0,0.0001,2.5919,-0.0026,5.8357,35.5768,13.3431,26.77,35.4389
22.0,43.0,13.1733,41.7683,62.4476,238.1084,0.4588,0.0014,96.4552,210.1737,48.9799,-16.9057,0.0,0.0001,2.5814,-0.0064,5.911,35.5869,13.1674,26.8138,35.4892
23.0,45.0,12.9397,41.5291,98.6982,235.9648,0.3875,0.0011,97.1774,210.1737,48.9799,-16.9057,0.0,0.0001,2.5505,-0.0091,5.9767,35.5769,12.9335,26.8534,35.5379
24.0,47.0,12.6218,41.2114,98.7022,232.5303,0.3246,0.0009,97.6625,210.1737,48.9799,-16.9057,0.0,0.0001,2.5287,-0.0116,5.9676,35.5705,12.6155,26.9119,35.6088
25.0,49.0,12.2493,40.8441,98.7062,236.807,0.2063,0.0007,98.2813,210.1738,48.9799,-16.9057,0.0,0.0001,2.532,0.0007,5.9838,35.5669,12.2428,26.9826,35.694
26.0,51.0,12.181,40.7787,98.7053,234.9525,0.1636,0.0006,98.4347,210.1738,48.9799,-16.9057,0.0,0.0001,2.519,-0.0041,6.0096,35.5673,12.1742,26.9962,35.7103
27.0,53.0,12.1518,40.7485,76.2264,234.8939,0.1501,0.0006,98.5552,210.1738,48.9799,-16.9057,0.0,0.0001,2.5151,-0.0017,6.0004,35.5648,12.1449,27.0,35.7152
28.0,55.0,12.149,40.7479,98.71,235.8675,0.1419,0.0006,98.5318,210.1739,48.9799,-16.9057,0.0,0.0001,2.516,0.0,6.0108,35.566,12.1418,27.0015,35.7169
29.0,57.0,12.1446,40.7473,98.6922,235.2085,0.1417,0.0006,98.6207,210.1739,48.9799,-16.9057,0.0,0.0001,2.5122,-0.0015,6.0141,35.5687,12.1372,27.0045,35.72
30.0,59.0,12.122,40.7246,98.695,235.2953,0.1421,0.0005,98.6897,210.1739,48.9799,-16.9057,0.0,0.0001,2.5105,-0.0008,6.0164,35.567,12.1143,27.0076,35.7241
31.0,61.0,12.0942,40.6986,98.71,235.4072,0.1307,0.0005,98.7613,210.174,48.9799,-16.9057,0.0,0.0001,2.5085,-0.0007,6.024,35.5673,12.0862,27.0133,35.7308
32.0,63.0,12.0512,40.655,98.697,234.895,0.1244,0.0005,98.8782,210.174,48.9799,-16.9058,0.0,0.0001,2.5033,-0.002,6.0361,35.565,12.0429,27.0199,35.7392
33.0,65.0,11.9691,40.5677,98.7042,235.2865,0.1066,0.0004,99.0238,210.174,48.9799,-16.9058,0.0,0.0001,2.5035,-0.0002,6.0299,35.557,11.9606,27.0295,35.7521
34.0,67.0,11.9473,40.5494,98.7055,236.0206,0.0856,0.0004,99.0496,210.1741,48.9799,-16.9058,0.0,0.0001,2.5058,0.0004,6.0392,35.5589,11.9386,27.0352,35.7587
35.0,69.0,11.9307,40.5319,98.71,235.4429,0.0794,0.0003,99.2246,210.1741,48.9799,-16.9058,0.0,0.0001,2.5021,-0.0011,6.0449,35.5568,11.9217,27.0368,35.761
36.0,71.0,11.8855,40.4902,98.71,235.9057,0.0699,0.0003,99.321,210.1741,48.9799,-16.9058,0.0,0.0001,2.5016,0.0003,6.0474,35.5581,11.8763,27.0465,35.7724
37.0,73.0,11.8662,40.4723,98.7058,235.2393,0.0587,0.0002,99.4036,210.1742,48.9799,-16.9058,0.0,0.0001,2.4991,-0.0009,6.0442,35.5583,11.8567,27.0504,35.7771
38.0,75.0,11.8699,40.4766,98.71,235.1171,0.0489,0.0002,99.4693,210.1742,48.9799,-16.9058,0.0,0.0001,2.4966,-0.0011,6.0492,35.5581,11.8602,27.0496,35.7761
39.0,77.0,11.8515,40.4622,98.695,234.4583,0.0434,0.0002,99.5404,210.1742,48.9799,-16.9058,0.0,0.0001,2.4927,-0.0017,6.0481,35.5606,11.8416,27.0551,35.7824
40.0,79.0,11.8344,40.4442,98.68,235.4858,0.0371,0.0002,99.581,210.1743,48.9799,-16.9058,0.0,0.0001,2.4946,0.0008,6.0488,35.5583,11.8242,27.0566,35.7846
41.0,81.0,11.8475,40.4581,98.6972,234.886,0.0345,0.0002,99.529,210.1743,48.9799,-16.9058,0.0,0.0001,2.4922,-0.001,6.0527,35.5586,11.8371,27.0544,35.7819
42.0,83.0,11.8174,40.4306,98.695,233.0357,0.0317,0.0001,99.6506,210.1743,48.9799,-16.9059,0.0,0.0001,2.482,-0.0042,6.0539,35.5595,11.8067,27.0609,35.7896
43.0,85.0,11.8102,40.4258,98.7006,233.0758,0.0338,0.0001,99.6669,210.1744,48.9799,-16.9059,0.0,0.0001,2.4786,-0.0026,6.0537,35.5608,11.7992,27.0633,35.7923
44.0,87.0,11.8124,40.4305,98.6969,234.3215,0.0309,0.0001,99.6769,210.1744,48.9799,-16.9059,0.0,0.0001,2.4815,0.0009,6.0525,35.5623,11.8011,27.0641,35.793
45.0,89.0,11.8172,40.4348,98.701,234.1012,0.0339,0.0001,99.6753,210.1744,48.9799,-16.9059,0.0,0.0001,2.482,-0.0007,6.0558,35.5613,11.8057,27.0625,35.7912
46.0,91.0,11.7964,40.4168,98.6961,232.4787,0.0295,0.0001,99.721,210.1745,48.9799,-16.9059,0.0,0.0001,2.4736,-0.0034,6.0568,35.5626,11.7846,27.0675,35.7971
47.0,93.0,11.7871,40.4108,98.71,232.6216,0.0285,0.0001,99.7246,210.1745,48.9799,-16.9059,0.0,0.0001,2.4703,-0.0015,6.0563,35.5643,11.7751,27.0706,35.8005
48.0,95.0,11.7915,40.415,98.695,233.483,0.0271,0.0001,99.7414,210.1745,48.9799,-16.9059,0.0,0.0001,2.4714,0.0006,6.0575,35.5635,11.7792,27.0693,35.799
49.0,97.0,11.7843,40.4107,98.7,231.7601,0.0292,0.0001,99.7535,210.1746,48.9799,-16.9059,0.0,0.0001,2.4646,-0.0031,6.0617,35.5654,11.7718,27.0721,35.8021
50.0,99.0,11.7526,40.377,98.6945,232.5221,0.0307,0.0001,99.7487,210.1746,48.9799,-16.906,0.0,0.0001,2.4622,-0.0003,6.0652,35.5618,11.7398,27.0754,35.8067
51.0,101.0,11.7272,40.3505,98.71,233.613,0.0284,0.0001,99.7535,210.1746,48.9799,-16.906,0.0,0.0001,2.4659,0.0019,6.0635,35.5591,11.7142,27.0782,35.8106
52.0,103.0,11.7265,40.3498,98.7039,233.3162,0.0288,0.0001,99.7649,210.1747,48.9799,-16.906,0.0,0.0001,2.4662,0.0004,6.0656,35.5581,11.7133,27.0775,35.81
53.0,105.0,11.7186,40.3406,98.7023,234.2549,0.0309,0.0001,99.7631,210.1747,48.9799,-16.906,0.0,0.0001,2.469,0.0015,6.0737,35.5559,11.7051,27.0774,35.8102
54.0,107.0,11.6596,40.2751,98.6924,236.0791,0.0284,0.0001,99.7651,210.1747,48.9799,-16.906,0.0,0.0001,2.4791,0.0033,6.0757,35.5469,11.6458,27.0816,35.8169
55.0,109.0,11.6458,40.2608,98.71,236.8396,0.0319,0.0001,99.7622,210.1748,48.9799,-16.906,0.0,0.0001,2.4873,0.0021,6.077,35.5451,11.6318,27.0829,35.8187
56.0,111.0,11.6391,40.2563,98.71,237.2582,0.0323,0.0001,99.7679,210.1748,48.9798,-16.906,0.0,0.0001,2.4923,0.0015,6.0758,35.546,11.6248,27.0849,35.821
57.0,113.0,11.6368,40.2553,98.6973,236.422,0.0309,0.0001,99.7624,210.1749,48.9798,-16.906,0.0,0.0001,2.4905,-0.0008,6.0758,35.5464,11.6223,27.0857,35.8219
58.0,115.0,11.6241,40.2421,98.7051,237.6486,0.0327,0.0001,99.7835,210.175,48.9798,-16.9061,0.0,0.0001,2.4941,0.0014,6.0803,35.5448,11.6094,27.0869,35.8236
59.0,117.0,11.6032,40.2207,98.705,237.7174,0.0342,0.0001,99.7828,210.175,48.9798,-16.9061,0.0,0.0001,2.4962,0.0,6.0835,35.5429,11.5882,27.0894,35.827
60.0,119.0,11.5912,40.2077,98.68,237.7972,0.029,0.0001,99.7779,210.1751,48.9798,-16.9061,0.0,0.0001,2.4959,0.0,6.0842,35.5407,11.5761,27.0899,35.8281
61.0,121.0,11.5792,40.1961,98.7031,238.2493,0.0343,0.0001,99.779,210.1751,48.9798,-16.9061,0.0,0.0001,2.4986,0.0004,6.0846,35.5396,11.5637,27.0914,35.8301
62.0,123.0,11.5762,40.1932,98.7065,238.622,0.0317,0.0001,99.7716,210.1752,48.9798,-16.9061,0.0,0.0001,2.4995,0.0004,6.0883,35.5388,11.5605,27.0914,35.8302
63.0,125.0,11.5552,40.1728,98.71,239.2107,0.031,0.0001,99.7824,210.1752,48.9798,-16.9061,0.0,0.0001,2.502,0.0013,6.0885,35.5379,11.5393,27.0947,35.8343
64.0,127.0,11.5531,40.1716,98.71,238.8645,0.0315,0.0001,99.7824,210.1752,48.9798,-16.9062,0.0,0.0001,2.502,-0.0001,6.0885,35.538,11.5369,27.0952,35.8349
65.0,129.0,11.552,40.1726,98.695,239.0227,0.0324,0.0001,99.7717,210.1753,48.9798,-16.9062,0.0,0.0001,2.5022,0.0002,6.0882,35.539,11.5356,27.0963,35.8361
66.0,131.0,11.5498,40.1726,98.695,238.9641,0.0308,0.0001,99.783,210.1753,48.9798,-16.9062,0.0,0.0001,2.5022,-0.0001,6.0891,35.5401,11.5331,27.0976,35.8375
67.0,133.0,11.5481,40.1702,98.71,239.1998,0.0301,0.0001,99.7845,210.1753,48.9798,-16.9062,0.0,0.0001,2.5019,0.0,6.0915,35.5387,11.5311,27.0969,35.8368
68.0,135.0,11.5294,40.1532,98.71,239.5725,0.0308,0.0001,99.7824,210.1754,48.9798,-16.9062,0.0,0.0001,2.5031,0.0006,6.0918,35.5389,11.5122,27.1006,35.8413
69.0,137.0,11.5293,40.156,98.71,239.7414,0.0301,0.0001,99.7824,210.1754,48.9798,-16.9062,0.0,0.0001,2.5041,0.0008,6.091,35.5408,11.5118,27.1021,35.8428
70.0,139.0,11.5316,40.1596,98.7053,239.8089,0.0314,0.0001,99.7771,210.1754,48.9798,-16.9062,0.0,0.0001,2.5059,0.0002,6.0899,35.5413,11.5138,27.1021,35.8427
71.0,141.0,11.5411,40.1732,98.695,238.7964,0.029,0.0001,99.7813,210.1754,48.9798,-16.9062,0.0,0.0001,2.5018,-0.0014,6.0868,35.5447,11.5231,27.103,35.8432
72.0,143.0,11.5558,40.1935,98.71,238.1651,0.0236,0.0001,99.7824,210.1755,48.9798,-16.9062,0.0,0.0001,2.4972,-0.0021,6.0868,35.5498,11.5375,27.1043,35.8439
73.0,145.0,11.5656,40.2077,98.698,238.2181,0.023,0.0001,99.7913,210.1755,48.9798,-16.9062,0.0,0.0001,2.4957,-0.0014,6.0872,35.5536,11.5471,27.1054,35.8445
74.0,147.0,11.5635,40.2065,98.7,238.6145,0.0269,0.0001,99.7772,210.1755,48.9798,-16.9063,0.0,0.0001,2.4954,0.0,6.0869,35.5536,11.5447,27.1059,35.8451
75.0,149.0,11.5622,40.2071,98.71,237.6089,0.0268,0.0001,99.7779,210.1756,48.9798,-16.9063,0.0,0.0001,2.4911,-0.0022,6.0883,35.5544,11.5432,27.1068,35.8461
76.0,151.0,11.548,40.1928,98.705,238.012,0.0288,0.0001,99.7653,210.1756,48.9797,-16.9063,0.0,0.0001,2.4894,-0.0006,6.0917,35.5529,11.5287,27.1084,35.8482
77.0,153.0,11.5313,40.1737,98.6908,238.4967,0.0303,0.0001,99.7784,210.1756,48.9797,-16.9063,0.0,0.0001,2.4898,0.0003,6.0951,35.5494,11.5118,27.1088,35.8494
78.0,155.0,11.5061,40.1462,98.7025,239.4011,0.0296,0.0001,99.7679,210.1756,48.9797,-16.9063,0.0,0.0001,2.4932,0.0017,6.0957,35.5454,11.4864,27.1105,35.8521
79.0,157.0,11.4964,40.1354,98.7062,239.5298,0.0275,0.0001,99.7607,210.1757,48.9797,-16.9063,0.0,0.0001,2.4955,0.001,6.0956,35.5432,11.4764,27.1107,35.8528
80.0,159.0,11.484,40.1226,98.71,239.8472,0.0287,0.0001,99.7593,210.1757,48.9797,-16.9063,0.0,0.0001,2.498,0.0005,6.0982,35.5415,11.4637,27.1117,35.8543
81.0,161.0,11.4773,40.116,98.7062,239.9038,0.0292,0.0001,99.7535,210.1757,48.9797,-16.9063,0.0,0.0001,2.4982,0.0003,6.0984,35.5406,11.4568,27.1123,35.8552
82.0,163.0,11.477,40.1169,98.7025,239.5711,0.029,0.0001,99.739,210.1758,48.9797,-16.9063,0.0,0.0001,2.4976,-0.0006,6.0978,35.5409,11.4563,27.1126,35.8556
83.0,165.0,11.4727,40.1134,98.7,239.9961,0.0279,0.0001,99.7456,210.1758,48.9797,-16.9064,0.0,0.0001,2.4985,0.0002,6.0993,35.5405,11.4517,27.1131,35.8563
84.0,167.0,11.4665,40.1081,98.7021,240.3909,0.0284,0.0001,99.7246,210.1758,48.9797,-16.9064,0.0,0.0001,2.4994,0.0006,6.1012,35.5403,11.4453,27.1142,35.8576
85.0,169.0,11.4559,40.0969,98.7025,241.6862,0.0289,0.0001,99.7246,210.1759,48.9797,-16.9064,0.0,0.0001,2.5046,0.0025,6.1022,35.5385,11.4344,27.1148,35.8586
86.0,171.0,11.4499,40.0916,98.6912,242.0595,0.0333,0.0001,99.7174,210.1759,48.9797,-16.9064,0.0,0.0001,2.5089,0.002,6.1014,35.538,11.4282,27.1156,35.8597
87.0,173.0,11.4435,40.0855,98.7051,241.7979,0.0282,0.0001,99.7246,210.1759,48.9797,-16.9064,0.0,0.0001,2.5098,0.0003,6.1032,35.5374,11.4215,27.1164,35.8607
88.0,175.0,11.4411,40.0839,98.71,241.8824,0.0291,0.0001,99.7065,210.1759,48.9797,-16.9064,0.0,0.0001,2.5104,0.0002,6.1028,35.5372,11.4189,27.1167,35.8612
89.0,177.0,11.4369,40.082,98.695,242.0601,0.0291,0.0001,99.712,210.176,48.9797,-16.9064,0.0,0.0001,2.511,0.0003,6.1037,35.5383,11.4144,27.1184,35.8631
90.0,179.0,11.4398,40.085,98.705,241.3155,0.0267,0.0001,99.7067,210.176,48.9797,-16.9064,0.0,0.0001,2.5083,-0.0016,6.1049,35.5378,11.417,27.1175,35.8621
91.0,181.0,11.431,40.0788,98.71,241.5331,0.0282,0.0001,99.7083,210.176,48.9797,-16.9064,0.0,0.0001,2.5079,-0.0007,6.1042,35.5392,11.408,27.1203,35.8652
92.0,183.0,11.4239,40.0736,98.71,241.9574,0.0287,0.0001,99.7049,210.1761,48.9797,-16.9064,0.0,0.0001,2.5086,0.0002,6.1046,35.5398,11.4006,27.1221,35.8673
93.0,185.0,11.4271,40.077,98.71,241.7863,0.0267,0.0001,99.6948,210.1761,48.9797,-16.9065,0.0,0.0001,2.5076,-0.0003,6.1058,35.5393,11.4036,27.1212,35.8663
94.0,187.0,11.42,40.0718,98.71,240.878,0.0269,0.0001,99.7037,210.1761,48.9797,-16.9065,0.0,0.0001,2.5036,-0.0022,6.106,35.5401,11.3963,27.1232,35.8686
95.0,189.0,11.4198,40.0724,98.71,241.1894,0.029,0.0001,99.7133,210.1761,48.9797,-16.9065,0.0,0.0001,2.5026,-0.0008,6.1057,35.5401,11.3958,27.1233,35.8687
96.0,191.0,11.4162,40.0712,98.6987,241.3485,0.0285,0.0001,99.687,210.1762,48.9797,-16.9065,0.0,0.0001,2.5023,-0.0002,6.1058,35.5412,11.3919,27.1248,35.8704
97.0,193.0,11.4174,40.0725,98.695,240.7032,0.026,0.0001,99.6915,210.1762,48.9797,-16.9065,0.0,0.0001,2.4988,-0.0014,6.107,35.5408,11.3929,27.1244,35.8698
98.0,195.0,11.4118,40.0692,98.71,240.9513,0.0244,0.0001,99.7026,210.1762,48.9797,-16.9065,0.0,0.0001,2.4983,-0.0005,6.1066,35.5419,11.3871,27.1263,35.872
99.0,197.0,11.4088,40.068,98.71,241.5361,0.0231,0.0001,99.7023,210.1763,48.9797,-16.9065,0.0,0.0001,2.4998,0.0006,6.107,35.5426,11.3838,27.1275,35.8733
100.0,199.0,11.4108,40.0698,98.71,241.2008,0.0248,0.0001,99.7064,210.1763,48.9797,-16.9065,0.0,0.0001,2.499,-0.0006,6.1077,35.5418,11.3855,27.1265,35.8723
101.0,201.0,11.4035,40.0652,98.7006,241.1747,0.0237,0.0001,99.7003,210.1763,48.9797,-16.9065,0.0,0.0001,2.4982,-0.0004,6.1076,35.5433,11.378,27.1291,35.8752
102.0,203.0,11.4025,40.0655,98.7064,241.3858,0.0216,0.0001,99.6832,210.1763,48.9797,-16.9066,0.0,0.0001,2.4987,0.0,6.1077,35.5435,11.3767,27.1295,35.8756
103.0,205.0,11.4036,40.0671,98.6985,240.5953,0.0231,0.0001,99.696,210.1764,48.9797,-16.9066,0.0,0.0001,2.4951,-0.0017,6.1083,35.5434,11.3776,27.1292,35.8753
104.0,207.0,11.4014,40.0662,98.71,240.6486,0.0203,0.0001,99.6957,210.1764,48.9796,-16.9066,0.0,0.0001,2.4938,-0.0012,6.1081,35.5438,11.3752,27.13,35.8761
105.0,209.0,11.3993,40.0655,98.6975,241.0019,0.0227,0.0001,99.7019,210.1764,48.9796,-16.9066,0.0,0.0001,2.4942,0.0,6.1078,35.5439,11.3728,27.1305,35.8768
106.0,211.0,11.3984,40.0655,98.7073,240.7488,0.0245,0.0001,99.6844,210.1765,48.9797,-16.9066,0.0,0.0001,2.4927,-0.0006,6.1084,35.544,11.3717,27.1308,35.8771
107.0,213.0,11.3964,40.0652,98.71,240.8575,0.0265,0.0001,99.6896,210.1765,48.9797,-16.9066,0.0,0.0001,2.491,0.0002,6.1082,35.5444,11.3693,27.1316,35.878
108.0,215.0,11.397,40.0665,98.71,241.0871,0.0261,0.0001,99.6844,210.1765,48.9796,-16.9066,0.0,0.0001,2.4925,0.0002,6.1081,35.5446,11.3697,27.1316,35.878
109.0,217.0,11.402,40.0741,98.71,240.5436,0.0239,0.0001,99.6757,210.1766,48.9796,-16.9066,0.0,0.0001,2.4898,-0.0012,6.1085,35.5463,11.3744,27.1321,35.8783
110.0,219.0,11.3982,40.072,98.71,241.134,0.0242,0.0001,99.6272,210.1766,48.9796,-16.9066,0.0,0.0001,2.4907,0.0006,6.1079,35.5467,11.3703,27.1332,35.8795
111.0,221.0,11.3938,40.0677,98.71,241.1052,0.0268,0.0001,99.6377,210.1766,48.9796,-16.9067,0.0,0.0001,2.4915,0.0,6.1085,35.5459,11.3657,27.1334,35.8799
112.0,223.0,11.3958,40.0699,98.6995,240.1706,0.0243,0.0001,99.6601,210.1767,48.9796,-16.9067,0.0,0.0001,2.4866,-0.0019,6.11,35.5454,11.3674,27.1327,35.8792
113.0,225.0,11.3868,40.062,98.6991,240.2521,0.0261,0.0001,99.6669,210.1767,48.9796,-16.9067,0.0,0.0001,2.4849,-0.0011,6.1097,35.5451,11.3582,27.1342,35.881
114.0,227.0,11.3859,40.0623,98.6987,240.3818,0.025,0.0001,99.6669,210.1767,48.9796,-16.9067,0.0,0.0001,2.4852,-0.0006,6.1092,35.5455,11.3571,27.1347,35.8816
115.0,229.0,11.386,40.0633,98.7025,240.9525,0.024,0.0001,99.6464,210.1767,48.9796,-16.9067,0.0,0.0001,2.487,0.0005,6.1093,35.5455,11.3569,27.1347,35.8816
116.0,231.0,11.3909,40.0691,98.71,240.4412,0.0241,0.0001,99.6436,210.1768,48.9796,-16.9067,0.0,0.0001,2.4855,-0.001,6.1097,35.5458,11.3616,27.1341,35.8808
117.0,233.0,11.3886,40.069,98.7025,240.2512,0.0217,0.0001,99.65,210.1768,48.9796,-16.9067,0.0,0.0001,2.4831,-0.001,6.1104,35.5468,11.359,27.1354,35.8822
118.0,235.0,11.3835,40.064,98.71,240.269,0.0243,0.0001,99.6584,210.1768,48.9796,-16.9067,0.0,0.0001,2.4812,-0.0004,6.1105,35.546,11.3536,27.1357,35.8827
119.0,237.0,11.3814,40.0626,98.7025,240.5005,0.0235,0.0001,99.6669,210.1768,48.9796,-16.9067,0.0,0.0001,2.4814,0.0,6.1104,35.5457,11.3513,27.136,35.8831
120.0,239.0,11.382,40.064,98.695,240.8335,0.0205,0.0001,99.638,210.1769,48.9796,-16.9067,0.0,0.0001,2.4826,0.0007,6.1103,35.5457,11.3517,27.1359,35.883
121.0,241.0,11.3838,40.067,98.7093,240.7141,0.0231,0.0001,99.6332,210.1769,48.9796,-16.9067,0.0,0.0001,2.4829,-0.0001,6.1103,35.546,11.3532,27.1358,35.8828
122.0,243.0,11.383,40.0677,98.7064,239.9633,0.0188,0.0001,99.6235,210.1769,48.9796,-16.9067,0.0,0.0001,2.4794,-0.0017,6.1106,35.5465,11.3522,27.1364,35.8834
123.0,245.0,11.3829,40.0687,98.7035,239.5966,0.0164,0.0001,99.6272,210.1769,48.9796,-16.9067,0.0,0.0001,2.4765,-0.0019,6.1111,35.5467,11.3518,27.1366,35.8837
124.0,247.0,11.3825,40.069,98.7006,239.8639,0.0177,0.0001,99.6181,210.177,48.9796,-16.9067,0.0,0.0001,2.4762,-0.001,6.1111,35.5467,11.3511,27.1367,35.8838
125.0,249.0,11.378,40.0649,98.71,240.5235,0.0218,0.0002,99.6091,210.177,48.9796,-16.9068,0.0,0.0001,2.4772,0.0007,6.1106,35.5459,11.3464,27.137,35.8843
126.0,251.0,11.3783,40.066,98.7069,240.3742,0.0226,0.0001,99.6235,210.177,48.9796,-16.9068,0.0,0.0001,2.4774,-0.0001,6.1114,35.5458,11.3464,27.1369,35.8842
127.0,253.0,11.3765,40.065,98.7067,240.1718,0.0213,0.0001,99.6091,210.177,48.9796,-16.9068,0.0,0.0001,2.4758,-0.0006,6.1116,35.5457,11.3443,27.1372,35.8846
128.0,255.0,11.3741,40.0635,98.6987,240.7002,0.0218,0.0001,99.6091,210.1771,48.9796,-16.9068,0.0,0.0001,2.4765,0.0006,6.1118,35.5457,11.3417,27.1377,35.8852
129.0,257.0,11.3735,40.0638,98.71,240.2595,0.0251,0.0001,99.6099,210.1771,48.9796,-16.9068,0.0,0.0001,2.4754,-0.0007,6.1118,35.5456,11.3408,27.1378,35.8854
130.0,259.0,11.3727,40.0642,98.695,240.8751,0.025,0.0001,99.638,210.1771,48.9796,-16.9068,0.0,0.0001,2.4767,0.0009,6.1118,35.5458,11.3397,27.1382,35.8857
131.0,261.0,11.3712,40.0637,98.6983,240.4743,0.0245,0.0002,99.6142,210.1771,48.9796,-16.9068,0.0,0.0001,2.4758,-0.0003,6.1121,35.5459,11.338,27.1386,35.8862
132.0,263.0,11.3702,40.0634,98.6882,240.3746,0.0236,0.0001,99.6202,210.1772,48.9796,-16.9068,0.0,0.0001,2.4747,-0.0003,6.112,35.5458,11.3368,27.1387,35.8864
133.0,265.0,11.3705,40.0652,98.68,239.9747,0.0229,0.0002,99.6056,210.1772,48.9796,-16.9068,0.0,0.0001,2.4721,-0.001,6.1122,35.5464,11.3368,27.1391,35.8868
134.0,267.0,11.3703,40.0661,98.6975,240.0009,0.0241,0.0002,99.6091,210.1772,48.9796,-16.9068,0.0,0.0001,2.4704,-0.0006,6.1127,35.5465,11.3364,27.1393,35.887
135.0,269.0,11.369,40.0651,98.6993,240.0622,0.0232,0.0002,99.6091,210.1772,48.9796,-16.9068,0.0,0.0001,2.4708,-0.0007,6.1128,35.5462,11.3349,27.1394,35.8871
136.0,271.0,11.3663,40.0631,98.695,240.4383,0.0228,0.0002,99.6091,210.1772,48.9796,-16.9068,0.0,0.0001,2.4713,0.0003,6.1124,35.5458,11.3318,27.1396,35.8875
137.0,273.0,11.3636,40.0617,98.695,240.6074,0.0262,0.0002,99.6043,210.1773,48.9796,-16.9069,0.0,0.0001,2.472,0.0004,6.1131,35.5458,11.3289,27.1401,35.8881
138.0,275.0,11.3643,40.063,98.68,240.0914,0.0208,0.0002,99.6029,210.1773,48.9796,-16.9069,0.0,0.0001,2.4702,-0.0009,6.1137,35.5456,11.3294,27.14,35.8879
139.0,277.0,11.3585,40.0583,98.71,240.0423,0.0232,0.0002,99.6031,210.1773,48.9796,-16.9069,0.0,0.0001,2.4689,-0.0008,6.1145,35.5456,11.3233,27.1411,35.8893
140.0,279.0,11.3568,40.0571,98.7046,239.5067,0.0251,0.0002,99.5992,210.1773,48.9796,-16.9069,0.0,0.0001,2.4655,-0.0016,6.1152,35.5453,11.3214,27.1412,35.8895
141.0,281.0,11.3515,40.0517,98.71,239.7315,0.0237,0.0002,99.6015,210.1774,48.9796,-16.9069,0.0,0.0001,2.4653,-0.0007,6.1144,35.544,11.3158,27.1412,35.8898
142.0,283.0,11.3462,40.0472,98.71,240.7807,0.0246,0.0002,99.6084,210.1774,48.9796,-16.9069,0.0,0.0001,2.4676,0.0014,6.1143,35.5437,11.3102,27.142,35.8908
143.0,285.0,11.3475,40.0494,98.71,240.357,0.0206,0.0002,99.599,210.1774,48.9796,-16.9069,0.0,0.0001,2.4681,-0.0002,6.1159,35.5439,11.3113,27.142,35.8907
144.0,287.0,11.3434,40.0459,98.71,239.2416,0.0163,0.0002,99.6008,210.1774,48.9796,-16.9069,0.0,0.0001,2.4617,-0.0024,6.119,35.5433,11.3069,27.1423,35.8913
145.0,289.0,11.3318,40.0328,98.71,239.264,0.0235,0.0002,99.5995,210.1775,48.9796,-16.9069,0.0,0.0001,2.4603,-0.0018,6.1199,35.5406,11.2951,27.1424,35.8919
146.0,291.0,11.3213,40.0225,98.7062,239.6628,0.025,0.0002,99.6091,210.1775,48.9795,-16.9069,0.0,0.0001,2.4594,-0.0004,6.1209,35.5398,11.2844,27.1438,35.8936
147.0,293.0,11.3126,40.0135,98.7025,239.7035,0.0233,0.0002,99.5955,210.1775,48.9795,-16.9069,0.0,0.0001,2.4591,-0.0003,6.1212,35.5381,11.2755,27.1441,35.8944
148.0,295.0,11.3028,40.0039,98.6912,239.7628,0.0192,0.0002,99.5992,210.1775,48.9795,-16.9069,0.0,0.0001,2.4589,-0.0002,6.1216,35.5371,11.2654,27.1452,35.8959
149.0,297.0,11.2989,40.0002,98.71,239.8478,0.0182,0.0002,99.607,210.1775,48.9796,-16.9069,0.0,0.0001,2.4585,-0.0001,6.1219,35.5365,11.2612,27.1455,35.8963
150.0,299.0,11.2973,39.9994,98.7,239.2912,0.021,0.0002,99.6091,210.1776,48.9795,-16.907,0.0,0.0001,2.456,-0.0012,6.1223,35.5364,11.2594,27.1457,35.8967
151.0,301.0,11.2949,39.9981,98.68,239.1766,0.0196,0.0002,99.6091,210.1776,48.9795,-16.907,0.0,0.0001,2.4537,-0.001,6.1222,35.5363,11.2568,27.1462,35.8972
152.0,303.0,11.2949,39.9986,98.695,239.7758,0.0216,0.0002,99.5995,210.1776,48.9795,-16.907,0.0,0.0001,2.4542,0.0004,6.1221,35.536,11.2565,27.146,35.8971
153.0,305.0,11.2937,39.9984,98.71,239.9099,0.0219,0.0002,99.6091,210.1776,48.9795,-16.907,0.0,0.0001,2.455,0.0005,6.1225,35.5359,11.255,27.1462,35.8973
154.0,307.0,11.2925,39.9978,98.71,239.46,0.0232,0.0002,99.6052,210.1777,48.9795,-16.907,0.0,0.0001,2.454,-0.0006,6.1228,35.5356,11.2536,27.1462,35.8974
155.0,309.0,11.2899,39.996,98.71,239.6099,0.0221,0.0002,99.5966,210.1777,48.9795,-16.907,0.0,0.0001,2.4533,-0.0002,6.1237,35.5354,11.2507,27.1466,35.8979
156.0,311.0,11.2877,39.9944,98.71,239.1374,0.0258,0.0002,99.599,210.1777,48.9795,-16.907,0.0,0.0001,2.4507,-0.0013,6.1262,35.5352,11.2483,27.1469,35.8983
157.0,313.0,11.2857,39.9925,98.695,239.0513,0.0263,0.0002,99.6091,210.1777,48.9795,-16.907,0.0,0.0001,2.4498,-0.0014,6.1264,35.5347,11.2461,27.1469,35.8984
158.0,315.0,11.271,39.9774,98.71,239.5191,0.0269,0.0002,99.6091,210.1777,48.9795,-16.907,0.0,0.0001,2.4505,0.0001,6.1247,35.5327,11.2311,27.1481,35.9002
159.0,317.0,11.2602,39.9671,98.705,239.8841,0.0213,0.0002,99.6031,210.1778,48.9795,-16.907,0.0,0.0001,2.4513,0.0003,6.1276,35.5317,11.22,27.1494,35.902
160.0,319.0,11.2603,39.9676,98.71,239.2813,0.0231,0.0002,99.5932,210.1778,48.9795,-16.9071,0.0,0.0001,2.4481,-0.001,6.1284,35.5313,11.22,27.1491,35.9017
161.0,321.0,11.2536,39.962,98.71,238.9431,0.0222,0.0002,99.5953,210.1778,48.9795,-16.9071,0.0,0.0001,2.4463,-0.0015,6.1311,35.5315,11.213,27.1505,35.9034
162.0,323.0,11.2462,39.9548,98.71,239.1787,0.018,0.0002,99.6019,210.1778,48.9795,-16.9071,0.0,0.0001,2.4457,-0.0007,6.1317,35.5307,11.2054,27.1513,35.9045
163.0,325.0,11.2283,39.9363,98.7037,239.6352,0.0264,0.0002,99.6091,210.1779,48.9795,-16.9071,0.0,0.0001,2.4463,0.0005,6.1299,35.5284,11.1873,27.1528,35.9068
164.0,327.0,11.2137,39.9221,98.7005,239.9331,0.0179,0.0002,99.6006,210.1779,48.9795,-16.9071,0.0,0.0001,2.4473,0.0004,6.1345,35.5274,11.1724,27.1548,35.9094
165.0,329.0,11.2137,39.9222,98.7006,239.2882,0.0196,0.0002,99.6091,210.1779,48.9795,-16.9071,0.0,0.0001,2.4454,-0.0011,6.1346,35.5267,11.1721,27.1543,35.909
166.0,331.0,11.2032,39.9132,98.68,238.9338,0.0195,0.0002,99.6091,210.1779,48.9795,-16.9071,0.0,0.0001,2.4437,-0.0015,6.1343,35.5269,11.1614,27.1564,35.9115
167.0,333.0,11.2036,39.9145,98.695,239.3462,0.0206,0.0002,99.6091,210.178,48.9795,-16.9071,0.0,0.0001,2.442,-0.0003,6.1347,35.527,11.1615,27.1565,35.9116
168.0,335.0,11.2029,39.9149,98.7016,239.4995,0.0215,0.0002,99.6091,210.178,48.9795,-16.9071,0.0,0.0001,2.4422,-0.0001,6.1351,35.5272,11.1606,27.1568,35.9119
169.0,337.0,11.2005,39.9137,98.7036,239.8305,0.0147,0.0002,99.6043,210.178,48.9795,-16.9072,0.0,0.0001,2.4423,0.0004,6.1357,35.5272,11.158,27.1574,35.9125
170.0,339.0,11.1981,39.9117,98.71,239.7205,0.0178,0.0002,99.6065,210.178,48.9795,-16.9072,0.0,0.0001,2.4423,-0.0001,6.1358,35.5269,11.1553,27.1575,35.9128
171.0,341.0,11.1953,39.9102,98.71,239.6419,0.0201,0.0002,99.6091,210.178,48.9795,-16.9072,0.0,0.0001,2.4424,-0.0003,6.136,35.5272,11.1523,27.1584,35.9138
172.0,343.0,11.1931,39.9088,98.7037,240.1975,0.0247,0.0002,99.6043,210.1781,48.9795,-16.9072,0.0,0.0001,2.4442,0.0007,6.1366,35.527,11.1498,27.1587,35.9142
173.0,345.0,11.1889,39.9055,98.71,239.6484,0.0174,0.0002,99.6043,210.1781,48.9795,-16.9072,0.0,0.0001,2.4423,-0.0006,6.137,35.5269,11.1454,27.1594,35.9151
174.0,347.0,11.1865,39.9043,98.6925,239.5127,0.0182,0.0002,99.6091,210.1781,48.9794,-16.9072,0.0,0.0001,2.4408,-0.0008,6.1375,35.5269,11.1427,27.1599,35.9157
175.0,349.0,11.1828,39.9024,98.6975,239.892,0.0214,0.0002,99.6091,210.1781,48.9795,-16.9072,0.0,0.0001,2.4413,0.0002,6.1371,35.5276,11.1388,27.1612,35.9171
176.0,351.0,11.1813,39.9019,98.7025,240.4879,0.0211,0.0002,99.6091,210.1782,48.9795,-16.9072,0.0,0.0001,2.4428,0.0012,6.1372,35.5277,11.137,27.1616,35.9176
177.0,353.0,11.1824,39.9036,98.6967,240.462,0.0205,0.0001,99.6135,210.1782,48.9795,-16.9072,0.0,0.0001,2.4444,0.0004,6.138,35.5277,11.1379,27.1614,35.9174
178.0,355.0,11.1797,39.9021,98.71,239.6475,0.0233,0.0002,99.6005,210.1782,48.9794,-16.9072,0.0,0.0001,2.4414,-0.0016,6.1385,35.5279,11.1349,27.1621,35.9182
179.0,357.0,11.1759,39.9004,98.68,240.2831,0.0199,0.0002,99.6091,210.1782,48.9794,-16.9072,0.0,0.0001,2.4419,0.0001,6.1385,35.529,11.1308,27.1637,35.9199
180.0,359.0,11.1749,39.9003,98.692,240.5413,0.0227,0.0002,99.5995,210.1782,48.9794,-16.9072,0.0,0.0001,2.4422,0.0008,6.1382,35.529,11.1297,27.1639,35.9202
181.0,361.0,11.1716,39.8992,98.6941,240.4349,0.023,0.0002,99.6026,210.1783,48.9795,-16.9073,0.0,0.0001,2.4425,0.0,6.1384,35.5299,11.126,27.1653,35.9217
182.0,363.0,11.1748,39.9022,98.704,239.8288,0.0204,0.0002,99.6091,210.1783,48.9794,-16.9073,0.0,0.0001,2.4403,-0.0015,6.1394,35.5291,11.129,27.1641,35.9205
183.0,365.0,11.1704,39.9,98.695,240.1018,0.0205,0.0002,99.6091,210.1783,48.9794,-16.9073,0.0,0.0001,2.4405,-0.0009,6.139,35.5304,11.1244,27.166,35.9225
184.0,367.0,11.1684,39.8992,98.689,240.6828,0.0206,0.0002,99.6091,210.1783,48.9794,-16.9073,0.0,0.0001,2.4416,0.0007,6.1389,35.5308,11.1221,27.1667,35.9233
185.0,369.0,11.1667,39.8989,98.6995,240.9281,0.0186,0.0002,99.6037,210.1784,48.9794,-16.9073,0.0,0.0001,2.4426,0.0006,6.14,35.5309,11.1201,27.1672,35.9238
186.0,371.0,11.1611,39.8951,98.695,240.6166,0.0182,0.0002,99.6091,210.1784,48.9794,-16.9073,0.0,0.0001,2.442,-0.0005,6.1405,35.5316,11.1143,27.1688,35.9257
187.0,373.0,11.1582,39.8934,98.6894,240.4458,0.0161,0.0002,99.6011,210.1784,48.9794,-16.9073,0.0,0.0001,2.4412,-0.0008,6.1406,35.5319,11.1112,27.1696,35.9266
188.0,375.0,11.1578,39.8939,98.6837,240.4371,0.0201,0.0002,99.6071,210.1784,48.9794,-16.9073,0.0,0.0001,2.4405,-0.0007,6.1407,35.532,11.1105,27.1698,35.9268
189.0,377.0,11.1564,39.8939,98.695,240.9791,0.0215,0.0002,99.6058,210.1785,48.9794,-16.9073,0.0,0.0001,2.4413,0.0005,6.1406,35.5324,11.1088,27.1704,35.9275
190.0,379.0,11.1555,39.8947,98.6875,240.9767,0.0184,0.0002,99.6091,210.1785,48.9794,-16.9073,0.0,0.0001,2.4415,0.0002,6.1406,35.5329,11.1077,27.171,35.9281
191.0,381.0,11.1562,39.8966,98.68,241.2187,0.0196,0.0002,99.6091,210.1785,48.9794,-16.9074,0.0,0.0001,2.4425,0.0003,6.1408,35.5335,11.1081,27.1714,35.9285
192.0,383.0,11.1557,39.898,98.6875,241.1694,0.0247,0.0002,99.6091,210.1785,48.9794,-16.9074,0.0,0.0001,2.4422,-0.0001,6.1409,35.5343,11.1074,27.1722,35.9293
193.0,385.0,11.1547,39.8985,98.69,240.9709,0.0244,0.0002,99.6091,210.1786,48.9794,-16.9074,0.0,0.0001,2.442,-0.0006,6.1409,35.535,11.1061,27.1729,35.9301
194.0,387.0,11.1542,39.8994,98.7037,241.2166,0.0222,0.0002,99.6091,210.1786,48.9794,-16.9074,0.0,0.0001,2.442,0.0,6.1408,35.5353,11.1054,27.1733,35.9305
195.0,389.0,11.1534,39.9,98.695,241.4286,0.019,0.0002,99.6122,210.1786,48.9794,-16.9074,0.0,0.0001,2.4424,0.0004,6.141,35.5359,11.1043,27.174,35.9312
196.0,391.0,11.1533,39.9011,98.695,241.334,0.0182,0.0002,99.6067,210.1786,48.9794,-16.9074,0.0,0.0001,2.442,-0.0002,6.141,35.5363,11.1039,27.1744,35.9316
197.0,393.0,11.1523,39.9025,98.68,241.4156,0.0185,0.0002,99.6091,210.1787,48.9794,-16.9074,0.0,0.0001,2.442,0.0,6.141,35.5378,11.1027,27.1757,35.933
198.0,395.0,11.1523,39.9038,98.695,241.7623,0.0203,0.0002,99.6091,210.1787,48.9795,-16.9074,0.0,0.0001,2.4426,0.0006,6.141,35.5381,11.1025,27.176,35.9333
199.0,397.0,11.152,39.9048,98.71,241.5773,0.0204,0.0002,99.6085,210.1787,48.9794,-16.9074,0.0,0.0001,2.4422,-0.0001,6.1411,35.5386,11.1019,27.1765,35.9338
200.0,399.0,11.1514,39.9058,98.71,241.4942,0.0216,0.0002,99.6061,210.1787,48.9794,-16.9074,0.0,0.0001,2.442,-0.0004,6.1411,35.539,11.101,27.177,35.9343
201.0,401.0,11.1515,39.9069,98.6987,241.6032,0.0204,0.0001,99.638,210.1787,48.9794,-16.9074,0.0,0.0001,2.442,-0.0002,6.1411,35.5392,11.1008,27.1772,35.9345
202.0,403.0,11.151,39.9075,98.6875,242.1272,0.0188,0.0002,99.6123,210.1788,48.9795,-16.9074,0.0,0.0001,2.4435,0.0008,6.1411,35.5394,11.1,27.1775,35.9348
203.0,405.0,11.1509,39.9081,98.7006,242.0218,0.025,0.0002,99.6054,210.1788,48.9795,-16.9075,0.0,0.0001,2.4436,0.0,6.1413,35.5393,11.0997,27.1774,35.9348
204.0,407.0,11.15,39.9088,98.6964,241.294,0.0202,0.0002,99.6091,210.1788,48.9794,-16.9075,0.0,0.0001,2.4411,-0.0014,6.1415,35.54,11.0985,27.1782,35.9356
205.0,409.0,11.1492,39.9091,98.7033,241.4896,0.0193,0.0002,99.6019,210.1788,48.9794,-16.9075,0.0,0.0001,2.4399,-0.0005,6.1415,35.5403,11.0975,27.1786,35.9361
206.0,411.0,11.1478,39.909,98.7027,241.2213,0.0162,0.0002,99.6091,210.1789,48.9794,-16.9075,0.0,0.0001,2.4386,-0.001,6.1415,35.5408,11.096,27.1793,35.9368
207.0,413.0,11.1477,39.9101,98.6875,241.0611,0.0165,0.0002,99.6091,210.1789,48.9795,-16.9075,0.0,0.0001,2.4364,-0.0009,6.1415,35.5409,11.0955,27.1795,35.937
208.0,415.0,11.1477,39.9114,98.695,241.6145,0.0209,0.0002,99.603,210.1789,48.9795,-16.9075,0.0,0.0001,2.4383,0.0003,6.1414,35.5411,11.0953,27.1796,35.9372
209.0,417.0,11.1483,39.9125,98.71,241.6593,0.0179,0.0002,99.6051,210.1789,48.9795,-16.9075,0.0,0.0001,2.4383,0.0001,6.1416,35.5408,11.0956,27.1794,35.9369
210.0,419.0,11.1474,39.913,98.695,240.7688,0.0164,0.0002,99.6068,210.179,48.9795,-16.9075,0.0,0.0001,2.4344,-0.0016,6.1417,35.5414,11.0945,27.18,35.9376
211.0,421.0,11.1462,39.9138,98.68,240.5166,0.0197,0.0002,99.6091,210.179,48.9795,-16.9075,0.0,0.0001,2.4322,-0.0017,6.1416,35.5424,11.0929,27.1811,35.9387
212.0,423.0,11.1457,39.9145,98.695,241.0678,0.0232,0.0002,99.6091,210.179,48.9795,-16.9075,0.0,0.0001,2.4333,-0.0001,6.1416,35.5429,11.0922,27.1816,35.9392
213.0,425.0,11.1457,39.9154,98.71,241.3583,0.0193,0.0002,99.6089,210.179,48.9795,-16.9075,0.0,0.0001,2.434,0.0,6.1426,35.5428,11.092,27.1816,35.9393
214.0,427.0,11.1395,39.9097,98.693,240.159,0.0192,0.0002,99.6043,210.179,48.9795,-16.9075,0.0,0.0001,2.4283,-0.0022,6.1438,35.542,11.0855,27.1822,35.9401
215.0,429.0,11.1304,39.9005,98.68,240.489,0.0227,0.0002,99.6091,210.1791,48.9795,-16.9076,0.0,0.0001,2.4274,-0.0011,6.1438,35.5408,11.0762,27.1829,35.9412
216.0,431.0,11.1301,39.901,98.695,240.8271,0.0196,0.0002,99.6058,210.1791,48.9795,-16.9076,0.0,0.0001,2.4274,0.0,6.1435,35.5408,11.0757,27.183,35.9413
217.0,433.0,11.13,39.9023,98.695,240.9676,0.02,0.0002,99.6091,210.1791,48.9795,-16.9076,0.0,0.0001,2.4278,0.0002,6.1435,35.5411,11.0752,27.1834,35.9417
218.0,435.0,11.1312,39.9044,98.6994,240.8138,0.019,0.0002,99.5742,210.1791,48.9795,-16.9076,0.0,0.0001,2.4273,-0.0004,6.1437,35.5413,11.0762,27.1833,35.9416
219.0,437.0,11.1301,39.9047,98.6995,239.5748,0.0183,0.0002,99.6062,210.1792,48.9795,-16.9076,0.0,0.0001,2.4226,-0.0027,6.1433,35.5417,11.0749,27.1839,35.9422
220.0,439.0,11.1303,39.9062,98.695,239.776,0.0163,0.0002,99.5802,210.1792,48.9795,-16.9076,0.0,0.0001,2.4212,-0.0017,6.1434,35.5423,11.0748,27.1844,35.9427
221.0,441.0,11.1326,39.9108,98.71,240.2295,0.0171,0.0002,99.6057,210.1792,48.9795,-16.9076,0.0,0.0001,2.4222,-0.0004,6.1434,35.5438,11.0769,27.1851,35.9434
222.0,443.0,11.1332,39.9135,98.704,240.8319,0.0186,0.0002,99.5966,210.1792,48.9795,-16.9076,0.0,0.0001,2.4232,0.0007,6.1433,35.5447,11.0772,27.1858,35.944
223.0,445.0,11.1331,39.9134,98.7057,240.8644,0.0225,0.0002,99.5395,210.1793,48.9795,-16.9076,0.0,0.0001,2.4239,0.0001,6.143,35.5442,11.0769,27.1855,35.9437
224.0,447.0,11.1344,39.9166,98.6971,239.8365,0.0291,0.0002,99.5802,210.1793,48.9795,-16.9076,0.0,0.0001,2.4203,-0.0019,6.1428,35.5451,11.0779,27.186,35.9442
225.0,449.0,11.1367,39.9208,98.6995,240.3684,0.0251,0.0002,99.5802,210.1793,48.9795,-16.9076,0.0,0.0001,2.42,-0.0002,6.1428,35.5461,11.0799,27.1864,35.9445
226.0,451.0,11.1369,39.922,98.7,240.9536,0.0241,0.0002,99.6062,210.1793,48.9795,-16.9076,0.0,0.0001,2.4221,0.0008,6.1428,35.5463,11.0799,27.1865,35.9446
227.0,453.0,11.1365,39.9226,98.7025,240.9062,0.0188,0.0002,99.5962,210.1793,48.9795,-16.9076,0.0,0.0001,2.4223,0.0004,6.1427,35.5465,11.0792,27.1868,35.945
228.0,455.0,11.1364,39.9242,98.704,240.8356,0.0209,0.0002,99.5892,210.1794,48.9795,-16.9076,0.0,0.0001,2.4225,0.0,6.1427,35.5474,11.0789,27.1876,35.9457
229.0,457.0,11.1364,39.9268,98.7025,241.0305,0.021,0.0002,99.6028,210.1794,48.9795,-16.9076,0.0,0.0001,2.4225,0.0002,6.1427,35.549,11.0785,27.1889,35.947
230.0,459.0,11.1362,39.9274,98.6979,240.5185,0.02,0.0002,99.5971,210.1794,48.9795,-16.9077,0.0,0.0001,2.4206,-0.0009,6.1427,35.5489,11.0781,27.1889,35.947
231.0,461.0,11.136,39.9286,98.71,240.5279,0.0162,0.0002,99.6045,210.1794,48.9795,-16.9077,0.0,0.0001,2.42,-0.0005,6.1427,35.5492,11.0777,27.1892,35.9474
232.0,463.0,11.1359,39.9294,98.6919,240.3856,0.0162,0.0002,99.5898,210.1795,48.9795,-16.9077,0.0,0.0001,2.4184,-0.0006,6.1427,35.5493,11.0773,27.1893,35.9475
233.0,465.0,11.136,39.9307,98.695,239.51,0.0208,0.0002,99.4782,210.1795,48.9795,-16.9077,0.0,0.0001,2.4139,-0.0022,6.1426,35.5496,11.0771,27.1896,35.9478
234.0,467.0,11.1364,39.9323,98.68,239.9753,0.0219,0.0002,99.5874,210.1795,48.9795,-16.9077,0.0,0.0001,2.4139,-0.001,6.1426,35.5501,11.0773,27.19,35.9481
235.0,469.0,11.1363,39.9345,98.7039,241.2313,0.0213,0.0002,99.583,210.1795,48.9795,-16.9077,0.0,0.0001,2.4183,0.0013,6.1427,35.5512,11.0768,27.1909,35.949
236.0,471.0,11.1365,39.9348,98.71,240.1253,0.0222,0.0002,99.5759,210.1796,48.9795,-16.9077,0.0,0.0001,2.4165,-0.0016,6.1428,35.5508,11.0769,27.1906,35.9487
237.0,473.0,11.1342,39.9345,98.6974,239.955,0.019,0.0002,99.5802,210.1796,48.9795,-16.9077,0.0,0.0001,2.4139,-0.0014,6.143,35.5516,11.0743,27.1917,35.9499
238.0,475.0,11.1342,39.9367,98.7033,239.7705,0.0156,0.0002,99.5802,210.1796,48.9795,-16.9077,0.0,0.0001,2.4115,-0.0014,6.1431,35.5528,11.074,27.1927,35.9509
239.0,477.0,11.1332,39.937,98.6936,240.2825,0.0167,0.0002,99.5687,210.1796,48.9795,-16.9077,0.0,0.0001,2.4115,-0.0003,6.1433,35.5534,11.0729,27.1933,35.9516
240.0,479.0,11.1323,39.9371,98.7079,240.6445,0.0184,0.0002,99.5539,210.1796,48.9795,-16.9077,0.0,0.0001,2.4139,0.0006,6.1429,35.5534,11.0717,27.1936,35.9519
241.0,481.0,11.1312,39.9368,98.6959,240.8666,0.017,0.0002,99.5633,210.1797,48.9795,-16.9077,0.0,0.0001,2.4154,0.0003,6.1428,35.5531,11.0703,27.1936,35.952
242.0,483.0,11.1342,39.9398,98.686,240.3183,0.0187,0.0002,99.5579,210.1797,48.9795,-16.9078,0.0,0.0001,2.4127,-0.001,6.1434,35.5527,11.0731,27.1928,35.951
243.0,485.0,11.1344,39.9441,98.6962,240.3601,0.016,0.0002,99.5641,210.1797,48.9795,-16.9078,0.0,0.0001,2.4118,-0.0008,6.1437,35.5556,11.073,27.1951,35.9533
244.0,487.0,11.1297,39.9406,98.6915,240.5347,0.0168,0.0003,99.319,210.1797,48.9795,-16.9078,0.0,0.0001,2.4115,-0.0003,6.1437,35.5555,11.0679,27.1959,35.9544
245.0,489.0,11.1273,39.9397,98.71,240.8854,0.0176,0.0002,99.5575,210.1798,48.9795,-16.9078,0.0,0.0001,2.4122,0.0005,6.1432,35.556,11.0653,27.1968,35.9553
246.0,491.0,11.1248,39.9389,98.71,241.0588,0.0209,0.0002,99.5717,210.1798,48.9795,-16.9078,0.0,0.0001,2.4126,0.0006,6.143,35.557,11.0626,27.198,35.9567
247.0,493.0,11.1296,39.9432,98.7026,240.6706,0.0196,0.0002,99.559,210.1798,48.9795,-16.9078,0.0,0.0001,2.4129,-0.0006,6.1436,35.556,11.0672,27.1964,35.9549
248.0,495.0,11.1264,39.944,98.692,239.8173,0.0164,0.0002,99.56,210.1798,48.9795,-16.9078,0.0,0.0001,2.4078,-0.0017,6.1439,35.5589,11.0637,27.1993,35.9579
249.0,497.0,11.1266,39.9448,98.6875,239.6457,0.0146,0.0002,99.561,210.1799,48.9795,-16.9078,0.0,0.0001,2.4078,-0.0019,6.144,35.5586,11.0637,27.1991,35.9577
250.0,499.0,11.1253,39.9441,98.6987,240.4563,0.0179,0.0002,99.5577,210.1799,48.9795,-16.9078,0.0,0.0001,2.4078,0.0,6.1442,35.5585,11.0621,27.1993,35.9579
251.0,501.0,11.1244,39.9442,98.71,241.1163,0.0166,0.0002,99.5514,210.1799,48.9795,-16.9078,0.0,0.0001,2.4078,0.0014,6.1439,35.5586,11.061,27.1995,35.9582
252.0,503.0,11.123,39.9442,98.7032,240.6189,0.0162,0.0002,99.5477,210.1799,48.9795,-16.9078,0.0,0.0001,2.4094,-0.0001,6.1434,35.5586,11.0593,27.1999,35.9587
253.0,505.0,11.1261,39.9476,98.6993,240.0858,0.0176,0.0002,99.56,210.18,48.9795,-16.9078,0.0,0.0001,2.4072,-0.0013,6.1424,35.5584,11.0621,27.1992,35.9579
254.0,507.0,11.1292,39.9552,98.6894,240.9878,0.0538,0.0002,99.5514,210.18,48.9795,-16.9078,0.0,0.0001,2.4077,0.0006,6.1425,35.5621,11.065,27.2016,35.9601
255.0,509.0,11.1326,39.9594,98.704,241.4727,0.0381,0.0002,99.5514,210.18,48.9795,-16.9078,0.0,0.0001,2.4103,0.0017,6.1428,35.5622,11.0681,27.2011,35.9595
256.0,511.0,11.1346,39.9649,98.7062,241.5737,0.0256,0.0002,99.5378,210.18,48.9795,-16.9078,0.0,0.0001,2.4111,0.0012,6.1425,35.5646,11.0698,27.2027,35.9609
257.0,513.0,11.1336,39.9637,98.7065,241.4215,0.0188,0.0002,99.5484,210.18,48.9795,-16.9078,0.0,0.0001,2.4118,0.0003,6.1424,35.5636,11.0686,27.2021,35.9604
258.0,515.0,11.1334,39.9641,98.7021,240.8711,0.0185,0.0002,99.5514,210.1801,48.9795,-16.9078,0.0,0.0001,2.4104,-0.0009,6.1428,35.5635,11.0681,27.2021,35.9604
259.0,517.0,11.1325,39.9658,98.6912,241.1133,0.0209,0.0002,99.5502,210.1801,48.9795,-16.9078,0.0,0.0001,2.4104,-0.0002,6.1427,35.5649,11.067,27.2034,35.9618
260.0,519.0,11.1291,39.9641,98.71,241.9543,0.0181,0.0002,99.5514,210.1801,48.9795,-16.9078,0.0,0.0001,2.4115,0.0013,6.143,35.5656,11.0632,27.2046,35.9631
261.0,521.0,11.1298,39.9654,98.7037,241.7438,0.0173,0.0002,99.5484,210.1801,48.9795,-16.9079,0.0,0.0001,2.4121,0.0003,6.1428,35.5654,11.0637,27.2044,35.9629
262.0,523.0,11.1303,39.967,98.7025,241.8591,0.0176,0.0002,99.5514,210.1801,48.9795,-16.9079,0.0,0.0001,2.4127,0.0004,6.1424,35.5658,11.064,27.2046,35.9631
263.0,525.0,11.1334,39.9729,98.71,241.6943,0.0191,0.0002,99.5418,210.1802,48.9795,-16.9079,0.0,0.0001,2.4118,-0.0003,6.1428,35.5677,11.0668,27.2056,35.9639
264.0,527.0,11.1314,39.9721,98.695,241.8271,0.0177,0.0002,99.5514,210.1802,48.9795,-16.9079,0.0,0.0001,2.4115,0.0,6.143,35.5679,11.0646,27.2062,35.9646
265.0,529.0,11.1295,39.9713,98.698,242.3085,0.0176,0.0002,99.5514,210.1802,48.9795,-16.9079,0.0,0.0001,2.4139,0.0008,6.143,35.5681,11.0624,27.2067,35.9652
266.0,531.0,11.1285,39.9709,98.7049,242.0698,0.0186,0.0002,99.5514,210.1802,48.9795,-16.9079,0.0,0.0001,2.4139,0.0,6.143,35.5678,11.0611,27.2067,35.9653
267.0,533.0,11.1288,39.9723,98.695,241.8157,0.016,0.0002,99.548,210.1803,48.9795,-16.9079,0.0,0.0001,2.4129,-0.0007,6.1433,35.568,11.0611,27.2069,35.9655
268.0,535.0,11.1268,39.9716,98.6966,241.5588,0.0186,0.0002,99.5514,210.1803,48.9795,-16.9079,0.0,0.0001,2.4106,-0.001,6.1436,35.5681,11.0589,27.2074,35.966
269.0,537.0,11.1253,39.9709,98.6941,241.7977,0.0229,0.0002,99.5418,210.1803,48.9795,-16.9079,0.0,0.0001,2.4103,-0.0004,6.1438,35.5682,11.0571,27.2077,35.9664
270.0,539.0,11.1235,39.9699,98.6917,242.2451,0.0213,0.0002,99.5514,210.1803,48.9795,-16.9079,0.0,0.0001,2.4113,0.0005,6.1438,35.5682,11.0551,27.2081,35.9669
271.0,541.0,11.1215,39.9689,98.7003,242.3856,0.0192,0.0002,99.5441,210.1804,48.9795,-16.9079,0.0,0.0001,2.412,0.0003,6.1444,35.5681,11.0528,27.2085,35.9674
272.0,543.0,11.1181,39.9667,98.6846,241.7046,0.0164,0.0002,99.5514,210.1804,48.9795,-16.9079,0.0,0.0001,2.4103,-0.0012,6.1448,35.5682,11.0491,27.2093,35.9683
273.0,545.0,11.1167,39.9661,98.705,241.8307,0.018,0.0002,99.5514,210.1804,48.9795,-16.9079,0.0,0.0001,2.4091,-0.0006,6.1452,35.5681,11.0476,27.2095,35.9686
274.0,547.0,11.1133,39.9634,98.6922,241.8557,0.0171,0.0002,99.5432,210.1804,48.9795,-16.9079,0.0,0.0001,2.4078,-0.0004,6.1453,35.568,11.0439,27.21,35.9693
275.0,549.0,11.1112,39.9623,98.71,241.9767,0.016,0.0002,99.5514,210.1804,48.9795,-16.9079,0.0,0.0001,2.4076,-0.0001,6.1457,35.568,11.0415,27.2105,35.9698
276.0,551.0,11.1101,39.9619,98.6966,241.9321,0.0174,0.0002,99.5552,210.1805,48.9794,-16.9079,0.0,0.0001,2.4074,-0.0003,6.1458,35.5679,11.0403,27.2106,35.97
277.0,553.0,11.1079,39.9607,98.7006,242.1868,0.0214,0.0002,99.5514,210.1805,48.9794,-16.9079,0.0,0.0001,2.4076,0.0002,6.1458,35.5678,11.0378,27.211,35.9705
278.0,555.0,11.1076,39.961,98.6991,241.9395,0.0201,0.0002,99.5514,210.1805,48.9794,-16.9079,0.0,0.0001,2.4056,-0.0003,6.146,35.5675,11.0371,27.2109,35.9704
279.0,557.0,11.1057,39.9603,98.7005,241.8791,0.0156,0.0002,99.5469,210.1805,48.9794,-16.908,0.0,0.0001,2.4057,-0.0005,6.1462,35.5676,11.035,27.2113,35.9709
280.0,559.0,11.1047,39.96,98.6905,241.8944,0.0191,0.0002,99.546,210.1806,48.9794,-16.908,0.0,0.0001,2.405,-0.0004,6.1465,35.5673,11.0337,27.2114,35.9711
281.0,561.0,11.1037,39.9599,98.695,241.6403,0.0202,0.0002,99.5514,210.1806,48.9794,-16.908,0.0,0.0001,2.4042,-0.0009,6.1469,35.5675,11.0325,27.2117,35.9714
282.0,563.0,11.1021,39.9589,98.7022,241.6964,0.0179,0.0002,99.5413,210.1806,48.9794,-16.908,0.0,0.0001,2.4029,-0.0006,6.147,35.5672,11.0307,27.2118,35.9716
283.0,565.0,11.099,39.9568,98.7,241.8176,0.0201,0.0002,99.5186,210.1806,48.9794,-16.908,0.0,0.0001,2.4023,-0.0002,6.147,35.5671,11.0274,27.2124,35.9723
284.0,567.0,11.0984,39.9571,98.71,242.0791,0.0185,0.0002,99.5137,210.1806,48.9794,-16.908,0.0,0.0001,2.4029,0.0003,6.1469,35.5671,11.0265,27.2125,35.9725
285.0,569.0,11.0979,39.9573,98.7062,242.0876,0.0169,0.0002,99.546,210.1807,48.9794,-16.908,0.0,0.0001,2.4035,0.0,6.1473,35.5668,11.0257,27.2125,35.9725
286.0,571.0,11.0967,39.9568,98.6956,241.2128,0.0174,0.0002,99.5473,210.1807,48.9794,-16.908,0.0,0.0001,2.3999,-0.0016,6.1476,35.5667,11.0242,27.2127,35.9727
287.0,573.0,11.0957,39.9563,98.71,241.2414,0.0211,0.0002,99.5225,210.1807,48.9794,-16.908,0.0,0.0001,2.3983,-0.0012,6.1477,35.5665,11.023,27.2127,35.9728
288.0,575.0,11.0936,39.9556,98.6935,241.5684,0.0167,0.0002,99.5457,210.1807,48.9794,-16.908,0.0,0.0001,2.398,-0.0003,6.1476,35.5669,11.0206,27.2135,35.9737
289.0,577.0,11.0937,39.9565,98.71,241.9888,0.0162,0.0002,99.5482,210.1808,48.9794,-16.908,0.0,0.0001,2.3989,0.0005,6.1475,35.5668,11.0205,27.2134,35.9736
290.0,579.0,11.0937,39.9573,98.6929,242.1435,0.0175,0.0002,99.5363,210.1808,48.9794,-16.908,0.0,0.0001,2.3993,0.0004,6.1483,35.5666,11.0202,27.2133,35.9735
291.0,581.0,11.0893,39.9534,98.6938,241.8189,0.0176,0.0002,99.5354,210.1808,48.9794,-16.908,0.0,0.0001,2.3986,-0.0003,6.149,35.5661,11.0156,27.2137,35.9741
292.0,583.0,11.0849,39.9497,98.71,241.9359,0.035,0.0002,99.5369,210.1808,48.9794,-16.908,0.0,0.0001,2.3984,-0.0002,6.15,35.5658,11.0109,27.2144,35.975
293.0,585.0,11.0819,39.9475,98.695,241.0402,0.0359,0.0002,99.539,210.1809,48.9794,-16.908,0.0,0.0001,2.3953,-0.0019,6.1502,35.5657,11.0077,27.2148,35.9756
294.0,587.0,11.0759,39.9423,98.7062,241.6584,0.0207,0.0002,99.5478,210.1809,48.9794,-16.9081,0.0,0.0001,2.3956,-0.0005,6.1504,35.5653,11.0015,27.2157,35.9767
295.0,589.0,11.0745,39.9419,98.7006,242.1091,0.0158,0.0002,99.5442,210.1809,48.9794,-16.9081,0.0,0.0001,2.3956,0.0004,6.1505,35.5654,10.9998,27.2161,35.9772
296.0,591.0,11.0728,39.9408,98.695,242.3295,0.0161,0.0002,99.5514,210.1809,48.9794,-16.9081,0.0,0.0001,2.3977,0.0006,6.1506,35.5652,10.9978,27.2163,35.9774
297.0,593.0,11.0722,39.9409,98.7007,241.9425,0.017,0.0002,99.5386,210.1809,48.9794,-16.9081,0.0,0.0001,2.3963,-0.0004,6.1508,35.565,10.997,27.2163,35.9775
298.0,595.0,11.0708,39.9403,98.6911,242.1033,0.0183,0.0002,99.5418,210.181,48.9794,-16.9081,0.0,0.0001,2.396,0.0,6.151,35.5647,10.9954,27.2163,35.9776
299.0,597.0,11.0695,39.9399,98.71,241.363,0.016,0.0002,99.5369,210.181,48.9794,-16.9081,0.0,0.0001,2.3929,-0.0016,6.1524,35.5648,10.9937,27.2167,35.978
300.0,599.0,11.0665,39.9378,98.704,241.4644,0.0174,0.0002,99.5464,210.181,48.9794,-16.9081,0.0,0.0001,2.3919,-0.0011,6.1531,35.5646,10.9905,27.2171,35.9786
301.0,601.0,11.0607,39.9323,98.6869,241.7229,0.0153,0.0002,99.5283,210.181,48.9794,-16.9081,0.0,0.0001,2.3919,-0.0003,6.1522,35.5638,10.9845,27.2176,35.9794
302.0,603.0,11.0561,39.928,98.695,241.9668,0.0175,0.0002,99.5514,210.181,48.9794,-16.9081,0.0,0.0001,2.392,0.0003,6.1521,35.5633,10.9797,27.2181,35.98
303.0,605.0,11.0537,39.9268,98.7032,242.1218,0.0178,0.0002,99.521,210.1811,48.9794,-16.9081,0.0,0.0001,2.3929,0.0002,6.1523,35.5634,10.977,27.2187,35.9807
304.0,607.0,11.0565,39.9302,98.71,241.4677,0.0205,0.0002,99.5308,210.1811,48.9794,-16.9081,0.0,0.0001,2.3907,-0.0012,6.1534,35.5635,10.9796,27.2183,35.9802
305.0,609.0,11.0519,39.9264,98.68,241.2491,0.0158,0.0002,99.5225,210.1811,48.9794,-16.9081,0.0,0.0001,2.3888,-0.0015,6.1536,35.5632,10.9747,27.219,35.9811
306.0,611.0,11.052,39.9274,98.7,241.804,0.0156,0.0002,99.5514,210.1812,48.9793,-16.9081,0.0,0.0001,2.3893,0.0,6.1534,35.5631,10.9746,27.2189,35.9811
307.0,613.0,11.0505,39.9268,98.6894,242.0097,0.0156,0.0002,99.5451,210.1812,48.9793,-16.9082,0.0,0.0001,2.3895,0.0004,6.153,35.5631,10.9729,27.2192,35.9814
308.0,615.0,11.0501,39.9273,98.7,242.0238,0.0157,0.0002,99.5183,210.1812,48.9793,-16.9081,0.0,0.0001,2.3902,0.0,6.1537,35.563,10.9721,27.2193,35.9815
309.0,617.0,11.0516,39.9297,98.692,241.2739,0.0204,0.0002,99.5225,210.1812,48.9794,-16.9082,0.0,0.0001,2.387,-0.0015,6.1549,35.5631,10.9734,27.2191,35.9813
310.0,619.0,11.043,39.9222,98.6956,241.4911,0.0172,0.0002,99.5294,210.1812,48.9793,-16.9082,0.0,0.0001,2.3858,-0.0007,6.1553,35.563,10.9645,27.2207,35.9832
311.0,621.0,11.04,39.9197,98.71,241.9881,0.0153,0.0002,99.5273,210.1813,48.9793,-16.9082,0.0,0.0001,2.3866,0.0003,6.1548,35.5624,10.9613,27.2208,35.9835
312.0,623.0,11.0376,39.9177,98.6821,242.6444,0.0143,0.0002,99.5413,210.1813,48.9793,-16.9082,0.0,0.0001,2.3889,0.0014,6.1548,35.562,10.9587,27.221,35.9838
313.0,625.0,11.0353,39.9166,98.6951,242.5273,0.019,0.0002,99.5282,210.1813,48.9793,-16.9082,0.0,0.0001,2.3898,0.0004,6.1555,35.5621,10.9561,27.2215,35.9844
314.0,627.0,11.0406,39.9215,98.71,241.5753,0.0228,0.0002,99.5461,210.1813,48.9793,-16.9082,0.0,0.0001,2.3866,-0.0016,6.1563,35.5612,10.9612,27.2198,35.9825
315.0,629.0,11.0312,39.9138,98.7008,241.8286,0.0255,0.0002,99.5369,210.1814,48.9793,-16.9082,0.0,0.0001,2.3862,-0.0008,6.1565,35.5617,10.9515,27.222,35.9851
316.0,631.0,11.0295,39.913,98.71,242.6058,0.0229,0.0002,99.5413,210.1814,48.9793,-16.9082,0.0,0.0001,2.3875,0.0008,6.1561,35.5613,10.9495,27.222,35.9852
317.0,633.0,11.0286,39.9127,98.6964,242.6355,0.0207,0.0002,99.5456,210.1814,48.9793,-16.9082,0.0,0.0001,2.3878,0.0006,6.156,35.5613,10.9483,27.2222,35.9855
318.0,635.0,11.0286,39.9136,98.6975,242.5235,0.0204,0.0002,99.5245,210.1814,48.9793,-16.9082,0.0,0.0001,2.3881,0.0001,6.1566,35.5612,10.9482,27.2223,35.9855
319.0,637.0,11.029,39.9146,98.6971,241.8972,0.0202,0.0002,99.5225,210.1815,48.9793,-16.9082,0.0,0.0001,2.386,-0.0012,6.1571,35.5611,10.9483,27.2221,35.9853
320.0,639.0,11.0248,39.9113,98.6843,242.2285,0.0217,0.0002,99.5514,210.1815,48.9793,-16.9082,0.0,0.0001,2.3858,-0.0004,6.1572,35.5609,10.9438,27.2228,35.9862
321.0,641.0,11.024,39.9114,98.6982,242.722,0.0198,0.0002,99.5283,210.1815,48.9793,-16.9083,0.0,0.0001,2.3862,0.0007,6.1575,35.5609,10.9428,27.223,35.9864
322.0,643.0,11.0219,39.9097,98.705,242.3222,0.0164,0.0002,99.5442,210.1815,48.9793,-16.9083,0.0,0.0001,2.3858,-0.0005,6.1578,35.5605,10.9405,27.2231,35.9867
323.0,645.0,11.0204,39.909,98.6937,242.4069,0.0185,0.0002,99.5435,210.1815,48.9793,-16.9083,0.0,0.0001,2.3852,-0.0002,6.1582,35.5605,10.9387,27.2234,35.987
324.0,647.0,11.017,39.9063,98.6995,241.8958,0.0193,0.0002,99.5337,210.1816,48.9793,-16.9083,0.0,0.0001,2.3832,-0.0012,6.1586,35.56,10.9351,27.2237,35.9875
325.0,649.0,11.0143,39.9044,98.7056,242.6727,0.0167,0.0002,99.5302,210.1816,48.9793,-16.9083,0.0,0.0001,2.384,0.0006,6.1581,35.5597,10.932,27.224,35.9879
326.0,651.0,11.0122,39.9029,98.6845,242.6883,0.0148,0.0002,99.5304,210.1816,48.9793,-16.9083,0.0,0.0001,2.3851,0.0001,6.1589,35.5593,10.9297,27.2241,35.9881
327.0,653.0,11.013,39.9041,98.7044,241.5346,0.0178,0.0002,99.5225,210.1816,48.9793,-16.9083,0.0,0.0001,2.3806,-0.0019,6.1592,35.5591,10.9302,27.2239,35.9879
328.0,655.0,11.0085,39.9004,98.6823,241.4862,0.0201,0.0002,99.5333,210.1817,48.9793,-16.9083,0.0,0.0001,2.3788,-0.0015,6.1593,35.5589,10.9256,27.2246,35.9888
329.0,657.0,11.0085,39.9013,98.6957,241.8352,0.0181,0.0002,99.5442,210.1817,48.9793,-16.9083,0.0,0.0001,2.3779,-0.0005,6.1593,35.5588,10.9253,27.2245,35.9887
330.0,659.0,11.0078,39.9017,98.7005,242.2506,0.0166,0.0002,99.5514,210.1817,48.9793,-16.9083,0.0,0.0001,2.3797,0.0003,6.1592,35.5588,10.9243,27.2247,35.989
331.0,661.0,11.0071,39.9018,98.7052,242.7198,0.0192,0.0002,99.5297,210.1817,48.9793,-16.9083,0.0,0.0001,2.3807,0.0008,6.1597,35.5587,10.9233,27.2248,35.9891
332.0,663.0,11.008,39.9035,98.6963,242.0794,0.0158,0.0002,99.5251,210.1818,48.9793,-16.9083,0.0,0.0001,2.3795,-0.0009,6.1606,35.5589,10.924,27.2248,35.9891
333.0,665.0,11.0001,39.8958,98.71,241.0334,0.0158,0.0002,99.5283,210.1818,48.9793,-16.9083,0.0,0.0001,2.3784,-0.0029,6.1608,35.5581,10.9158,27.2257,35.9903
334.0,667.0,10.9984,39.8947,98.6995,242.37,0.0164,0.0002,99.5315,210.1818,48.9793,-16.9083,0.0,0.0001,2.3773,0.0002,6.1606,35.5576,10.9138,27.2257,35.9904
335.0,669.0,10.9964,39.8936,98.7014,242.9586,0.017,0.0002,99.5117,210.1818,48.9793,-16.9083,0.0,0.0001,2.3797,0.0013,6.1604,35.5573,10.9116,27.2258,35.9906
336.0,671.0,10.9974,39.8955,98.705,242.88,0.0137,0.0002,99.5267,210.1818,48.9793,-16.9083,0.0,0.0001,2.3804,0.0002,6.1613,35.5576,10.9124,27.2259,35.9907
337.0,673.0,10.9952,39.8944,98.705,241.9856,0.0175,0.0002,99.5297,210.1819,48.9793,-16.9083,0.0,0.0001,2.377,-0.0016,6.1626,35.5578,10.91,27.2266,35.9914
338.0,675.0,10.992,39.8916,98.6937,241.8421,0.0161,0.0002,99.5514,210.1819,48.9793,-16.9083,0.0,0.0001,2.3761,-0.0015,6.1618,35.5574,10.9066,27.2268,35.9918
339.0,677.0,10.9863,39.8862,98.6912,242.0965,0.0153,0.0002,99.5225,210.1819,48.9793,-16.9083,0.0,0.0001,2.3752,-0.0006,6.1615,35.5564,10.9006,27.2271,35.9924
340.0,679.0,10.9838,39.8842,98.6946,242.3477,0.0157,0.0002,99.527,210.1819,48.9793,-16.9084,0.0,0.0001,2.3751,-0.0001,6.1629,35.5561,10.8978,27.2274,35.9928
341.0,681.0,10.9804,39.8816,98.695,242.6355,0.0165,0.0002,99.527,210.182,48.9793,-16.9083,0.0,0.0001,2.3751,0.0003,6.1637,35.5557,10.8942,27.2277,35.9933
342.0,683.0,10.977,39.879,98.7025,242.4336,0.0155,0.0002,99.5406,210.182,48.9793,-16.9084,0.0,0.0001,2.3751,-0.0005,6.164,35.5555,10.8905,27.2283,35.994
343.0,685.0,10.9757,39.8782,98.695,242.8426,0.0157,0.0002,99.5225,210.182,48.9793,-16.9084,0.0,0.0001,2.3754,0.0004,6.164,35.5552,10.889,27.2283,35.9941
344.0,687.0,10.9741,39.8775,98.7042,242.5512,0.0208,0.0002,99.5185,210.182,48.9793,-16.9084,0.0,0.0001,2.3748,-0.0003,6.1635,35.5551,10.8871,27.2286,35.9944
345.0,689.0,10.9731,39.8775,98.695,242.5691,0.0188,0.0002,99.5141,210.182,48.9793,-16.9084,0.0,0.0001,2.3747,-0.0002,6.1631,35.555,10.8858,27.2287,35.9946
346.0,691.0,10.9762,39.8812,98.7047,242.6837,0.0161,0.0002,99.5022,210.1821,48.9793,-16.9084,0.0,0.0001,2.3744,-0.0002,6.1643,35.5553,10.8887,27.2284,35.9942
347.0,693.0,10.9737,39.8787,98.6964,241.942,0.0177,0.0002,99.5369,210.1821,48.9793,-16.9084,0.0,0.0001,2.3715,-0.0015,6.1655,35.5543,10.886,27.2282,35.994
348.0,695.0,10.9684,39.875,98.6929,242.3151,0.0192,0.0002,99.5138,210.1821,48.9792,-16.9084,0.0,0.0001,2.3712,-0.0006,6.1655,35.5546,10.8804,27.2294,35.9955
349.0,697.0,10.9631,39.8706,98.6933,242.7454,0.0181,0.0002,99.5225,210.1821,48.9792,-16.9084,0.0,0.0001,2.3716,0.0005,6.165,35.5541,10.8748,27.23,35.9964
350.0,699.0,10.9614,39.8697,98.6905,242.7372,0.0194,0.0002,99.5297,210.1821,48.9793,-16.9084,0.0,0.0001,2.3718,0.0003,6.1646,35.5542,10.8729,27.2304,35.9969
351.0,701.0,10.966,39.8749,98.6895,242.6432,0.0194,0.0002,99.5297,210.1822,48.9793,-16.9084,0.0,0.0001,2.3716,-0.0002,6.1655,35.5542,10.8773,27.2297,35.9959
352.0,703.0,10.9618,39.8717,98.695,242.0103,0.0171,0.0002,99.5225,210.1822,48.9792,-16.9084,0.0,0.0001,2.3681,-0.0012,6.1665,35.554,10.8728,27.2303,35.9968
353.0,705.0,10.9594,39.8703,98.71,242.1073,0.0186,0.0002,99.5287,210.1822,48.9792,-16.9084,0.0,0.0001,2.3675,-0.001,6.1671,35.5541,10.8701,27.2309,35.9974
354.0,707.0,10.9568,39.8677,98.6926,242.6838,0.0197,0.0002,99.5349,210.1823,48.9793,-16.9084,0.0,0.0001,2.3681,0.0004,6.1672,35.5533,10.8673,27.2308,35.9975
355.0,709.0,10.953,39.8645,98.6924,243.0646,0.0189,0.0002,99.5297,210.1823,48.9792,-16.9084,0.0,0.0001,2.3687,0.001,6.1666,35.5531,10.8633,27.2313,35.9982
356.0,711.0,10.9492,39.8616,98.6921,243.0506,0.0185,0.0002,99.5374,210.1823,48.9792,-16.9084,0.0,0.0001,2.3705,0.0004,6.1674,35.5526,10.8592,27.2317,35.9987
357.0,713.0,10.9528,39.8657,98.71,242.1597,0.0183,0.0002,99.5225,210.1823,48.9792,-16.9084,0.0,0.0001,2.3678,-0.0014,6.1692,35.5527,10.8626,27.2311,35.998
358.0,715.0,10.9387,39.8515,98.68,241.9659,0.019,0.0002,99.5274,210.1823,48.9792,-16.9084,0.0,0.0001,2.3651,-0.0013,6.1695,35.5511,10.8483,27.2325,36.0
359.0,717.0,10.9351,39.8489,98.68,242.3554,0.0169,0.0002,99.5179,210.1824,48.9792,-16.9084,0.0,0.0001,2.3651,-0.0002,6.1697,35.5511,10.8444,27.2332,36.0008
360.0,719.0,10.9333,39.8476,98.6925,242.193,0.0146,0.0002,99.5261,210.1824,48.9792,-16.9084,0.0,0.0001,2.3631,-0.0005,6.1698,35.5509,10.8424,27.2334,36.0011
361.0,721.0,10.932,39.8471,98.6987,242.2693,0.0153,0.0002,99.5177,210.1824,48.9792,-16.9084,0.0,0.0001,2.363,-0.0003,6.1696,35.5505,10.8407,27.2334,36.0012
362.0,723.0,10.9313,39.8474,98.702,242.7824,0.0156,0.0002,99.5225,210.1824,48.9792,-16.9084,0.0,0.0001,2.3651,0.0007,6.1694,35.5506,10.8398,27.2337,36.0015
363.0,725.0,10.9319,39.8486,98.7053,242.5656,0.0176,0.0002,99.5203,210.1825,48.9792,-16.9084,0.0,0.0001,2.3637,-0.0002,6.1698,35.5506,10.8402,27.2336,36.0014
364.0,727.0,10.933,39.8495,98.68,241.3952,0.0187,0.0002,99.5349,210.1825,48.9792,-16.9084,0.0,0.0001,2.359,-0.0022,6.1704,35.5496,10.841,27.2326,36.0004
365.0,729.0,10.9276,39.8457,98.69,241.7733,0.019,0.0002,99.5294,210.1825,48.9792,-16.9084,0.0,0.0001,2.359,-0.0011,6.1702,35.5501,10.8354,27.234,36.0021
366.0,731.0,10.9271,39.846,98.701,242.2391,0.017,0.0002,99.5225,210.1825,48.9792,-16.9084,0.0,0.0001,2.359,0.0001,6.17,35.5501,10.8346,27.2342,36.0022
367.0,733.0,10.9264,39.8471,98.6889,242.8515,0.0185,0.0002,99.5103,210.1825,48.9792,-16.9085,0.0,0.0001,2.3621,0.0007,6.1704,35.5506,10.8336,27.2347,36.0028
368.0,735.0,10.9269,39.8484,98.6868,242.7427,0.0188,0.0002,99.4947,210.1826,48.9792,-16.9085,0.0,0.0001,2.362,0.0,6.1709,35.5506,10.8338,27.2347,36.0028
369.0,737.0,10.9246,39.847,98.68,243.3582,0.0227,0.0002,99.4936,210.1826,48.9792,-16.9085,0.0,0.0001,2.3626,0.001,6.1711,35.5506,10.8313,27.2351,36.0033
370.0,739.0,10.9225,39.8453,98.6972,243.0069,0.0217,0.0002,99.5225,210.1826,48.9792,-16.9085,0.0,0.0001,2.3626,0.0,6.1712,35.5502,10.829,27.2353,36.0036
371.0,741.0,10.9213,39.8449,98.6906,242.2994,0.02,0.0002,99.5171,210.1826,48.9792,-16.9085,0.0,0.0001,2.3609,-0.0013,6.1717,35.5501,10.8276,27.2355,36.0038
372.0,743.0,10.919,39.8432,98.695,242.7843,0.0167,0.0002,99.5279,210.1827,48.9792,-16.9085,0.0,0.0001,2.3614,-0.0001,6.1721,35.5496,10.825,27.2355,36.004
373.0,745.0,10.9155,39.8404,98.7002,242.8478,0.0151,0.0002,99.5225,210.1827,48.9792,-16.9085,0.0,0.0001,2.3608,-0.0001,6.1724,35.5492,10.8213,27.2359,36.0045
374.0,747.0,10.9126,39.8378,98.695,242.4289,0.0161,0.0002,99.5196,210.1827,48.9792,-16.9085,0.0,0.0001,2.359,-0.0008,6.1728,35.5486,10.818,27.236,36.0048
375.0,749.0,10.9109,39.8366,98.6884,242.4106,0.0169,0.0002,99.5175,210.1827,48.9792,-16.9085,0.0,0.0001,2.3577,-0.0006,6.1732,35.5482,10.8161,27.2361,36.0049
376.0,751.0,10.9068,39.8329,98.6996,242.1758,0.0174,0.0002,99.5091,210.1828,48.9792,-16.9085,0.0,0.0001,2.356,-0.0008,6.1736,35.5476,10.8118,27.2364,36.0054
377.0,753.0,10.9057,39.8327,98.6888,242.0029,0.0189,0.0002,99.5285,210.1828,48.9792,-16.9085,0.0,0.0001,2.3538,-0.0009,6.1751,35.5476,10.8105,27.2366,36.0056
378.0,755.0,10.9002,39.8272,98.6936,241.327,0.0178,0.0002,99.5153,210.1828,48.9792,-16.9085,0.0,0.0001,2.3511,-0.002,6.1744,35.5464,10.8047,27.2367,36.0061
379.0,757.0,10.8942,39.8216,98.7,241.5519,0.0208,0.0002,99.4936,210.1828,48.9792,-16.9085,0.0,0.0001,2.35,-0.0011,6.174,35.5458,10.7985,27.2374,36.007
380.0,759.0,10.8921,39.8206,98.6983,241.9453,0.0197,0.0002,99.5073,210.1828,48.9792,-16.9085,0.0,0.0001,2.3501,-0.0002,6.1751,35.5458,10.7961,27.2378,36.0075
381.0,761.0,10.8945,39.8238,98.6967,241.0189,0.0223,0.0002,99.503,210.1829,48.9792,-16.9085,0.0,0.0001,2.3455,-0.0018,6.177,35.5459,10.7983,27.2375,36.0071
382.0,763.0,10.8862,39.8156,98.695,240.787,0.0196,0.0002,99.5052,210.1829,48.9792,-16.9085,0.0,0.0001,2.3437,-0.0018,6.1783,35.545,10.7898,27.2383,36.0083
383.0,765.0,10.8788,39.8074,98.6912,240.7223,0.02,0.0002,99.4936,210.1829,48.9792,-16.9085,0.0,0.0001,2.3416,-0.0015,6.1801,35.5432,10.7821,27.2383,36.0086
384.0,767.0,10.8645,39.7926,98.6916,239.9491,0.0194,0.0002,99.5153,210.1829,48.9792,-16.9085,0.0,0.0001,2.3368,-0.0023,6.1817,35.541,10.7676,27.2392,36.0101
385.0,769.0,10.8513,39.7792,98.68,238.8586,0.0178,0.0002,99.508,210.183,48.9792,-16.9085,0.0,0.0001,2.332,-0.0036,6.1822,35.5395,10.7543,27.2404,36.0119
386.0,771.0,10.8431,39.7701,98.6964,238.8265,0.0165,0.0002,99.5098,210.183,48.9792,-16.9085,0.0,0.0001,2.3273,-0.0023,6.1833,35.5376,10.7458,27.2405,36.0123
387.0,773.0,10.8362,39.7628,98.6939,238.0949,0.0173,0.0002,99.508,210.183,48.9792,-16.9085,0.0,0.0001,2.3215,-0.0025,6.1848,35.5362,10.7387,27.2407,36.0129
388.0,775.0,10.8261,39.7523,98.689,237.8418,0.0184,0.0002,99.5113,210.183,48.9792,-16.9086,0.0,0.0001,2.3175,-0.002,6.1857,35.5346,10.7284,27.2412,36.0139
389.0,777.0,10.8192,39.7452,98.6986,237.3044,0.015,0.0002,99.5225,210.1831,48.9792,-16.9086,0.0,0.0001,2.3133,-0.0021,6.1866,35.5333,10.7213,27.2415,36.0145
390.0,779.0,10.8139,39.7402,98.6969,237.0128,0.0157,0.0002,99.5177,210.1831,48.9792,-16.9086,0.0,0.0001,2.3085,-0.0021,6.1912,35.5325,10.7158,27.2419,36.0151
391.0,781.0,10.8089,39.735,98.6875,235.9186,0.0149,0.0002,99.5041,210.1831,48.9792,-16.9086,0.0,0.0001,2.3041,-0.0035,6.1908,35.5314,10.7105,27.242,36.0154
392.0,783.0,10.795,39.7187,98.6894,234.9933,0.0139,0.0002,99.5024,210.1831,48.9792,-16.9086,0.0,0.0001,2.2991,-0.0041,6.1894,35.5277,10.6966,27.2416,36.0156
393.0,785.0,10.7564,39.6788,98.6912,236.1263,0.0173,0.0002,99.5006,210.1831,48.9792,-16.9086,0.0,0.0001,2.2972,-0.0007,6.1921,35.5237,10.6578,27.2454,36.0211
394.0,787.0,10.7886,39.7129,98.682,233.2724,0.0221,0.0002,99.4936,210.1832,48.9792,-16.9086,0.0,0.0001,2.2877,-0.0061,6.2001,35.526,10.6895,27.2415,36.0159
395.0,789.0,10.7299,39.6507,98.6909,231.786,0.0234,0.0002,99.5005,210.1832,48.9792,-16.9086,0.0,0.0001,2.2802,-0.0078,6.2049,35.5196,10.631,27.2471,36.0239
396.0,791.0,10.7285,39.6496,98.68,231.2952,0.0201,0.0002,99.508,210.1832,48.9792,-16.9086,0.0,0.0001,2.2731,-0.0069,6.2075,35.5191,10.6293,27.247,36.0239
397.0,793.0,10.7092,39.6263,98.68,230.8104,0.0205,0.0002,99.5112,210.1832,48.9792,-16.9086,0.0,0.0001,2.2678,-0.006,6.1997,35.5135,10.6099,27.246,36.0238
398.0,795.0,10.6531,39.5657,98.68,231.358,0.0215,0.0002,99.5011,210.1832,48.9792,-16.9086,0.0,0.0001,2.2629,-0.0026,6.1967,35.5057,10.5538,27.25,36.0302
399.0,797.0,10.7117,39.6327,98.6854,232.6408,0.0189,0.0002,99.5016,210.1833,48.9792,-16.9086,0.0,0.0001,2.263,-0.0008,6.2135,35.5157,10.6119,27.2474,36.0251
400.0,799.0,10.6273,39.5379,98.68,227.5109,0.017,0.0002,99.506,210.1833,48.9792,-16.9086,0.0,0.0001,2.2459,-0.0092,6.2189,35.5013,10.5277,27.2512,36.0326
401.0,801.0,10.5962,39.5032,98.6821,226.3553,0.0199,0.0002,99.5003,210.1833,48.9792,-16.9086,0.0,0.0001,2.2342,-0.0082,6.2191,35.4954,10.4965,27.2522,36.0349
402.0,803.0,10.5811,39.4871,98.6827,226.2757,0.0204,0.0002,99.4936,210.1834,48.9792,-16.9086,0.0,0.0001,2.2271,-0.0056,6.2167,35.4927,10.4811,27.2527,36.0362
403.0,805.0,10.5758,39.483,98.68,226.9959,0.0204,0.0002,99.4936,210.1834,48.9792,-16.9086,0.0,0.0001,2.2247,-0.0029,6.2134,35.4929,10.4756,27.2539,36.0376
404.0,807.0,10.589,39.4977,98.6844,227.9749,0.019,0.0002,99.4992,210.1834,48.9792,-16.9086,0.0,0.0001,2.2235,-0.0006,6.2193,35.4943,10.4886,27.2527,36.0358
405.0,809.0,10.5833,39.492,98.6836,226.5045,0.021,0.0002,99.508,210.1834,48.9792,-16.9086,0.0,0.0001,2.2171,-0.0028,6.2223,35.4932,10.4826,27.2528,36.0362
406.0,811.0,10.5672,39.475,98.6853,226.0571,0.0196,0.0002,99.507,210.1834,48.9791,-16.9086,0.0,0.0001,2.2118,-0.0026,6.2263,35.4907,10.4664,27.2538,36.0378
407.0,813.0,10.5442,39.4511,98.68,224.8119,0.0212,0.0002,99.5008,210.1835,48.9791,-16.9086,0.0,0.0001,2.2048,-0.0036,6.227,35.488,10.4432,27.2558,36.0409
408.0,815.0,10.5229,39.4281,98.68,224.073,0.0219,0.0002,99.5032,210.1835,48.9792,-16.9086,0.0,0.0001,2.1994,-0.0038,6.2264,35.4845,10.4217,27.2568,36.0428
409.0,817.0,10.5169,39.4235,98.68,224.7434,0.0205,0.0002,99.5008,210.1835,48.9792,-16.9087,0.0,0.0001,2.199,-0.0018,6.2254,35.4848,10.4156,27.2582,36.0445
410.0,819.0,10.5226,39.4299,98.6861,225.0567,0.0213,0.0002,99.5001,210.1835,48.9792,-16.9086,0.0,0.0001,2.1968,-0.0008,6.2281,35.4851,10.421,27.2574,36.0435
411.0,821.0,10.5137,39.4213,98.6875,224.1515,0.0193,0.0002,99.5026,210.1836,48.9791,-16.9087,0.0,0.0001,2.1919,-0.0019,6.2296,35.4841,10.4119,27.2583,36.0447
412.0,823.0,10.5122,39.4202,98.68,224.0939,0.0224,0.0002,99.5117,210.1836,48.9791,-16.9087,0.0,0.0001,2.1901,-0.0015,6.232,35.4836,10.4101,27.2582,36.0447
413.0,825.0,10.5032,39.4109,98.68,223.7086,0.0187,0.0002,99.5041,210.1836,48.9791,-16.9087,0.0,0.0001,2.1873,-0.0018,6.2324,35.4821,10.401,27.2586,36.0455
414.0,827.0,10.485,39.3939,98.6812,222.3095,0.0178,0.0002,99.5169,210.1836,48.9791,-16.9087,0.0,0.0001,2.1808,-0.0034,6.234,35.4817,10.3826,27.2616,36.0492
415.0,829.0,10.4671,39.3757,98.685,221.1485,0.0222,0.0002,99.5066,210.1837,48.9791,-16.9087,0.0,0.0001,2.1706,-0.0038,6.2388,35.4797,10.3645,27.2633,36.0517
416.0,831.0,10.4471,39.3554,98.68,219.1985,0.0224,0.0002,99.4936,210.1837,48.9791,-16.9087,0.0,0.0001,2.1613,-0.0054,6.2375,35.4778,10.3444,27.2653,36.0546
417.0,833.0,10.4344,39.3432,98.6854,219.2071,0.0242,0.0002,99.5312,210.1837,48.9791,-16.9087,0.0,0.0001,2.1569,-0.0036,6.238,35.4768,10.3315,27.2668,36.0567
418.0,835.0,10.4286,39.338,98.68,219.993,0.0241,0.0002,99.524,210.1837,48.9791,-16.9087,0.0,0.0001,2.1526,-0.0015,6.2466,35.4764,10.3255,27.2675,36.0576
419.0,837.0,10.4249,39.3328,98.68,217.4918,0.0173,0.0002,99.5225,210.1837,48.9791,-16.9087,0.0,0.0001,2.1438,-0.0049,6.2519,35.4742,10.3216,27.2664,36.0567
420.0,839.0,10.37,39.2708,98.68,215.7004,0.0159,0.0002,99.5225,210.1838,48.9791,-16.9087,0.0,0.0001,2.1362,-0.0071,6.2469,35.4641,10.2668,27.2682,36.0609
421.0,841.0,10.3196,39.2211,98.68,216.796,0.0188,0.0002,99.5032,210.1838,48.9791,-16.9087,0.0,0.0001,2.13,-0.0024,6.2493,35.4612,10.2164,27.2748,36.0697
422.0,843.0,10.332,39.2329,98.68,216.5929,0.0215,0.0002,99.497,210.1838,48.9791,-16.9087,0.0,0.0001,2.1263,-0.0024,6.2589,35.4606,10.2285,27.2722,36.0666
423.0,845.0,10.302,39.203,98.6829,214.1953,0.0215,0.0002,99.508,210.1838,48.9791,-16.9087,0.0,0.0001,2.1166,-0.0061,6.2666,35.4586,10.1984,27.2758,36.0715
424.0,847.0,10.2935,39.1943,98.6821,212.7223,0.022,0.0002,99.5225,210.1839,48.9791,-16.9087,0.0,0.0001,2.1064,-0.0067,6.274,35.4569,10.1897,27.2761,36.0722
425.0,849.0,10.2334,39.1288,98.68,210.4117,0.0229,0.0002,99.5054,210.1839,48.9791,-16.9087,0.0,0.0001,2.095,-0.0079,6.2644,35.4479,10.1297,27.2794,36.0782
426.0,851.0,10.1728,39.0675,98.68,214.113,0.0197,0.0002,99.5111,210.1839,48.9791,-16.9087,0.0,0.0001,2.0951,0.0003,6.2718,35.4436,10.0692,27.2866,36.0879
427.0,853.0,10.1703,39.0649,98.68,212.2414,0.0207,0.0002,99.5016,210.1839,48.9791,-16.9087,0.0,0.0001,2.0886,-0.0024,6.2708,35.4429,10.0666,27.2865,36.0879
428.0,855.0,10.191,39.0886,98.68,208.0624,0.0162,0.0002,99.5074,210.184,48.9791,-16.9087,0.0,0.0001,2.0745,-0.011,6.3034,35.4458,10.0868,27.2853,36.0858
429.0,857.0,10.0685,38.9564,98.68,204.2539,0.0169,0.0002,99.4996,210.184,48.9791,-16.9088,0.0,0.0001,2.059,-0.0142,6.2946,35.4298,9.9648,27.2938,36.0997
430.0,859.0,10.0295,38.9148,98.68,202.6542,0.0174,0.0002,99.4848,210.184,48.9791,-16.9088,0.0,0.0001,2.0467,-0.0135,6.2804,35.4244,9.9258,27.2963,36.104
431.0,861.0,9.9795,38.8642,98.68,202.9084,0.0204,0.0002,99.4743,210.184,48.9791,-16.9088,0.0,0.0001,2.0395,-0.0099,6.2748,35.4207,9.8759,27.302,36.1118
432.0,863.0,10.0111,38.8996,98.68,207.3951,0.0203,0.0002,99.4905,210.184,48.9791,-16.9087,0.0,0.0001,2.0408,-0.0013,6.3017,35.4253,9.907,27.3002,36.1087
433.0,865.0,9.9686,38.8539,98.68,201.8311,0.021,0.0002,99.4647,210.1841,48.9791,-16.9088,0.0,0.0001,2.0225,-0.0094,6.3089,35.419,9.8644,27.3025,36.1129
434.0,867.0,9.9502,38.8365,98.68,201.6095,0.0165,0.0002,99.4524,210.1841,48.9791,-16.9088,0.0,0.0001,2.0125,-0.0072,6.3131,35.4183,9.846,27.3052,36.1163
435.0,869.0,9.9337,38.8196,98.68,201.684,0.0241,0.0002,99.4549,210.1841,48.9791,-16.9088,0.0,0.0001,2.0038,-0.0046,6.3227,35.4162,9.8293,27.3064,36.1183
436.0,871.0,9.877,38.7618,98.68,199.9072,0.0206,0.0002,99.4524,210.1841,48.9791,-16.9088,0.0,0.0001,1.9919,-0.0057,6.3286,35.4115,9.7727,27.3124,36.1267
437.0,873.0,9.828,38.7096,98.68,198.2999,0.0186,0.0002,99.4647,210.1841,48.9791,-16.9088,0.0,0.0001,1.9832,-0.0067,6.3308,35.4052,9.7238,27.3158,36.1322
438.0,875.0,9.8052,38.6861,98.68,197.9088,0.0223,0.0002,99.4776,210.1842,48.9791,-16.9088,0.0,0.0001,1.9756,-0.0054,6.3328,35.4027,9.7009,27.3177,36.1352
439.0,877.0,9.7804,38.6614,98.68,197.8737,0.0203,0.0002,99.4924,210.1842,48.9791,-16.9088,0.0,0.0001,1.9667,-0.0031,6.3337,35.4006,9.676,27.3202,36.1388
440.0,879.0,9.774,38.6559,98.68,197.8448,0.0217,0.0002,99.5034,210.1842,48.9791,-16.9088,0.0,0.0001,1.9618,-0.002,6.3406,35.4004,9.6694,27.3212,36.14
441.0,881.0,9.7528,38.6342,98.68,196.6031,0.0201,0.0002,99.5048,210.1842,48.979,-16.9088,0.0,0.0001,1.9547,-0.0033,6.3463,35.398,9.6481,27.3229,36.1427
442.0,883.0,9.6889,38.5693,98.68,195.6848,0.0172,0.0002,99.5225,210.1843,48.979,-16.9088,0.0,0.0001,1.9476,-0.0035,6.349,35.3928,9.5843,27.3295,36.1521
443.0,885.0,9.6765,38.5565,98.68,195.2427,0.0198,0.0002,99.5514,210.1843,48.979,-16.9088,0.0,0.0001,1.9407,-0.0033,6.3633,35.3908,9.5717,27.3301,36.1533
444.0,887.0,9.6403,38.5166,98.68,193.8576,0.0203,0.0002,99.5411,210.1843,48.979,-16.9088,0.0,0.0001,1.9341,-0.0046,6.365,35.3847,9.5356,27.3313,36.1561
445.0,889.0,9.5644,38.4365,98.68,192.7273,0.021,0.0002,99.5514,210.1843,48.979,-16.9088,0.0,0.0001,1.9264,-0.0048,6.3601,35.3757,9.4599,27.337,36.1652
446.0,891.0,9.5436,38.4256,98.68,192.6031,0.0197,0.0002,99.5193,210.1844,48.979,-16.9088,0.0,0.0001,1.9185,-0.0031,6.3694,35.3838,9.439,27.3468,36.1757
447.0,893.0,9.5372,38.4233,98.68,191.665,0.021,0.0002,99.5277,210.1844,48.979,-16.9088,0.0,0.0001,1.911,-0.0035,6.3832,35.387,9.4324,27.3504,36.1796
448.0,895.0,9.4618,38.3414,98.68,189.5639,0.0207,0.0002,99.5265,210.1844,48.979,-16.9089,0.0,0.0001,1.8999,-0.0053,6.3845,35.3754,9.3572,27.3538,36.1864
449.0,897.0,9.3998,38.2746,98.68,190.0079,0.0205,0.0002,99.5514,210.1844,48.979,-16.9089,0.0,0.0001,1.8962,-0.0029,6.3807,35.3661,9.2954,27.3568,36.1922
450.0,899.0,9.3861,38.2628,98.68,190.6054,0.023,0.0002,99.5475,210.1844,48.979,-16.9089,0.0,0.0001,1.8934,-0.0013,6.3896,35.3666,9.2815,27.3594,36.1954
451.0,901.0,9.3825,38.2601,98.68,189.7737,0.0205,0.0002,99.561,210.1845,48.979,-16.9089,0.0,0.0001,1.8884,-0.0021,6.392,35.3665,9.2777,27.36,36.1962
452.0,903.0,9.3762,38.2551,98.68,189.6271,0.0217,0.0002,99.5514,210.1845,48.979,-16.9089,0.0,0.0001,1.886,-0.0018,6.3935,35.3668,9.2713,27.3613,36.1977
453.0,905.0,9.367,38.2457,98.68,189.6961,0.0197,0.0002,99.5744,210.1845,48.979,-16.9089,0.0,0.0001,1.8851,-0.0012,6.3931,35.3652,9.2618,27.3616,36.1984
454.0,907.0,9.3548,38.2347,98.68,190.0458,0.0188,0.0002,99.5717,210.1845,48.979,-16.9089,0.0,0.0001,1.8843,-0.0001,6.39,35.3647,9.2494,27.3632,36.2007
455.0,909.0,9.3523,38.2335,98.68,190.1005,0.0219,0.0002,99.5761,210.1846,48.979,-16.9089,0.0,0.0001,1.8847,-0.0004,6.3957,35.3651,9.2468,27.364,36.2015
456.0,911.0,9.3585,38.2364,98.68,189.1778,0.0218,0.0002,99.5838,210.1846,48.979,-16.9089,0.0,0.0001,1.8798,-0.0017,6.3986,35.3613,9.2528,27.36,36.1973
457.0,913.0,9.3341,38.2163,98.68,188.958,0.0199,0.0002,99.599,210.1846,48.979,-16.9089,0.0,0.0001,1.8788,-0.0019,6.3991,35.3638,9.2283,27.366,36.2043
458.0,915.0,9.3324,38.2153,98.68,189.2078,0.0195,0.0002,99.5926,210.1846,48.979,-16.9089,0.0,0.0001,1.8785,-0.0011,6.397,35.3636,9.2263,27.3661,36.2045
459.0,917.0,9.312,38.1959,98.68,189.8319,0.0243,0.0002,99.6043,210.1846,48.979,-16.9089,0.0,0.0001,1.8791,0.0003,6.3952,35.3622,9.2057,27.3684,36.2078
460.0,919.0,9.3099,38.1949,98.68,189.9237,0.024,0.0002,99.5953,210.1847,48.979,-16.9089,0.0,0.0001,1.8789,-0.0004,6.4066,35.3626,9.2034,27.3691,36.2085
461.0,921.0,9.2425,38.1261,98.68,189.0667,0.0218,0.0001,99.638,210.1847,48.979,-16.909,0.0,0.0001,1.8742,-0.0017,6.4157,35.3563,9.1362,27.3752,36.2176
462.0,923.0,9.2297,38.1163,98.68,188.8236,0.0267,0.0001,99.6308,210.1847,48.979,-16.909,0.0,0.0001,1.873,-0.002,6.4206,35.3581,9.1234,27.3787,36.2216
463.0,925.0,9.2064,38.0927,98.68,188.3452,0.0233,0.0001,99.6235,210.1847,48.979,-16.909,0.0,0.0001,1.8689,-0.0021,6.4168,35.3554,9.0999,27.3804,36.2244
464.0,927.0,9.1695,38.0574,98.68,188.5023,0.0203,0.0001,99.638,210.1848,48.979,-16.909,0.0,0.0001,1.8681,-0.0009,6.4105,35.354,9.0629,27.3853,36.231
465.0,929.0,9.1821,38.0704,98.68,189.1869,0.024,0.0001,99.6252,210.1848,48.979,-16.909,0.0,0.0001,1.8681,-0.0003,6.4241,35.3544,9.0752,27.3836,36.2288
466.0,931.0,9.1696,38.0498,98.68,187.9004,0.0205,0.0001,99.6467,210.1848,48.979,-16.909,0.0,0.0001,1.8617,-0.0029,6.446,35.3445,9.0626,27.3779,36.2238
467.0,933.0,9.0711,37.9589,98.68,186.9824,0.0248,0.0001,99.6669,210.1848,48.979,-16.909,0.0,0.0001,1.8573,-0.0038,6.4556,35.3461,8.9645,27.395,36.2451
468.0,935.0,8.9743,37.8567,98.68,186.582,0.0244,0.0001,99.6669,210.1849,48.979,-16.909,0.0,0.0001,1.8528,-0.0031,6.4491,35.3338,8.8682,27.4009,36.2554
469.0,937.0,8.9335,37.8196,98.68,186.9847,0.0223,0.0001,99.6669,210.1849,48.979,-16.909,0.0,0.0001,1.8518,-0.0018,6.4486,35.3347,8.8274,27.4081,36.2644
470.0,939.0,8.9336,37.8202,98.68,187.8923,0.0241,0.0001,99.651,210.1849,48.979,-16.909,0.0,0.0001,1.8507,-0.0001,6.4542,35.3342,8.8273,27.4078,36.264
471.0,941.0,8.9552,37.8436,98.68,186.8699,0.023,0.0001,99.6669,210.1849,48.979,-16.909,0.0,0.0001,1.8462,-0.002,6.4682,35.3367,8.8485,27.4063,36.2616
472.0,943.0,8.8594,37.7484,98.68,186.5684,0.023,0.0001,99.6669,210.185,48.979,-16.909,0.0,0.0001,1.8437,-0.002,6.4685,35.3308,8.7531,27.417,36.2765
473.0,945.0,8.8459,37.7387,98.68,186.3387,0.0234,0.0001,99.679,210.185,48.979,-16.909,0.0,0.0001,1.841,-0.0017,6.4683,35.3331,8.7394,27.4209,36.281
474.0,947.0,8.8443,37.7398,98.68,186.0749,0.0217,0.0001,99.6748,210.185,48.979,-16.909,0.0,0.0001,1.8394,-0.0016,6.4677,35.3348,8.7376,27.4226,36.2827
475.0,949.0,8.8343,37.7314,98.68,186.7533,0.0189,0.0001,99.694,210.185,48.9789,-16.909,0.0,0.0001,1.8376,-0.0003,6.472,35.335,8.7275,27.4243,36.2849
476.0,951.0,8.8362,37.7338,98.68,186.3028,0.0223,0.0001,99.6903,210.1851,48.9789,-16.9091,0.0,0.0001,1.8365,-0.0012,6.4797,35.3349,8.7292,27.4239,36.2844
477.0,953.0,8.7901,37.6923,98.68,185.8515,0.0208,0.0001,99.6957,210.1851,48.9789,-16.9091,0.0,0.0001,1.8339,-0.0017,6.4818,35.3361,8.6832,27.4322,36.2948
478.0,955.0,8.7671,37.6714,98.68,185.8412,0.0207,0.0001,99.6957,210.1851,48.9789,-16.9091,0.0,0.0001,1.8327,-0.0012,6.479,35.3359,8.66,27.4357,36.2992
479.0,957.0,8.7488,37.6555,98.68,186.3861,0.0227,0.0001,99.6897,210.1851,48.9789,-16.9091,0.0,0.0001,1.8328,0.0001,6.4769,35.3362,8.6415,27.4389,36.3033
480.0,959.0,8.76,37.6682,98.68,186.5891,0.0212,0.0001,99.6946,210.1851,48.9789,-16.9091,0.0,0.0001,1.8328,-0.0001,6.4853,35.3377,8.6525,27.4383,36.3022
481.0,961.0,8.7429,37.6536,98.68,186.0885,0.0199,0.0001,99.717,210.1852,48.9789,-16.9091,0.0,0.0001,1.8308,-0.0011,6.4968,35.3385,8.6352,27.4417,36.3063
482.0,963.0,8.6722,37.5852,98.68,186.0665,0.0202,0.0001,99.7121,210.1852,48.9789,-16.9091,0.0,0.0001,1.8278,-0.0009,6.5006,35.3356,8.5648,27.4505,36.3183
483.0,965.0,8.6418,37.5569,98.68,186.3354,0.0164,0.0001,99.7134,210.1852,48.9789,-16.9091,0.0,0.0001,1.8274,-0.0003,6.5003,35.335,8.5344,27.4548,36.3239
484.0,967.0,8.6257,37.5406,98.68,186.5149,0.0188,0.0001,99.7246,210.1852,48.9789,-16.9091,0.0,0.0001,1.8281,0.0,6.4975,35.3332,8.5182,27.4559,36.3257
485.0,969.0,8.6182,37.5352,98.68,187.1512,0.0236,0.0001,99.7247,210.1852,48.9789,-16.9091,0.0,0.0001,1.8301,0.0007,6.5,35.3338,8.5105,27.4576,36.3278
486.0,971.0,8.6403,37.5567,98.68,186.529,0.0226,0.0001,99.7226,210.1853,48.9789,-16.9091,0.0,0.0001,1.828,-0.0006,6.5035,35.3338,8.5322,27.4542,36.3234
487.0,973.0,8.6114,37.5305,98.68,186.5308,0.0207,0.0001,99.7246,210.1853,48.9789,-16.9091,0.0,0.0001,1.8274,-0.0005,6.5052,35.334,8.5033,27.4589,36.3293
488.0,975.0,8.6026,37.5222,98.68,186.5718,0.0183,0.0001,99.7366,210.1853,48.9789,-16.9091,0.0,0.0001,1.8269,-0.0004,6.5062,35.3332,8.4943,27.4597,36.3306
489.0,977.0,8.5919,37.5127,98.68,186.3985,0.0185,0.0001,99.7315,210.1853,48.9789,-16.9091,0.0,0.0001,1.8256,-0.0005,6.5063,35.333,8.4834,27.4612,36.3326
490.0,979.0,8.5833,37.5054,98.68,186.3966,0.0221,0.0001,99.7299,210.1854,48.9789,-16.9091,0.0,0.0001,1.8254,-0.0004,6.5057,35.3329,8.4747,27.4625,36.3343
491.0,981.0,8.5781,37.5017,98.68,186.7388,0.025,0.0001,99.7387,210.1854,48.9789,-16.9091,0.0,0.0001,1.8252,-0.0001,6.5132,35.3331,8.4692,27.4635,36.3355
492.0,983.0,8.5649,37.4922,98.68,186.0903,0.023,0.0001,99.7354,210.1854,48.9789,-16.9091,0.0,0.0001,1.8243,-0.001,6.5128,35.3353,8.456,27.4673,36.3399
493.0,985.0,8.5094,37.4444,98.68,186.7295,0.0211,0.0001,99.7508,210.1855,48.9789,-16.9092,0.0,0.0001,1.8235,0.0,6.5178,35.3389,8.4006,27.4787,36.3537
494.0,987.0,8.5115,37.4468,98.68,186.5033,0.0207,0.0001,99.7535,210.1855,48.9789,-16.9092,0.0,0.0001,1.8217,-0.0003,6.5179,35.3386,8.4024,27.4782,36.3531
495.0,989.0,8.4877,37.4258,98.68,186.7483,0.0242,0.0001,99.7451,210.1855,48.9789,-16.9092,0.0,0.0001,1.8221,0.0,6.5217,35.3392,8.3786,27.4824,36.3584
496.0,991.0,8.4908,37.43,98.68,186.8518,0.0234,0.0001,99.7518,210.1856,48.9789,-16.9092,0.0,0.0001,1.8224,-0.0002,6.5252,35.3397,8.3814,27.4823,36.3582
497.0,993.0,8.4415,37.3844,98.68,186.9019,0.0194,0.0001,99.7535,210.1856,48.9789,-16.9092,0.0,0.0001,1.8213,0.0001,6.5278,35.3395,8.3322,27.4898,36.3678
498.0,995.0,8.4292,37.374,98.68,187.0643,0.0192,0.0001,99.7651,210.1857,48.9789,-16.9092,0.0,0.0001,1.8217,0.0001,6.5287,35.3398,8.3197,27.492,36.3706
499.0,997.0,8.4235,37.3695,98.68,186.9552,0.0213,0.0001,99.7593,210.1858,48.9789,-16.9092,0.0,0.0001,1.8212,-0.0003,6.5324,35.3396,8.3138,27.4928,36.3716
500.0,999.0,8.403,37.3497,98.68,186.5582,0.02,0.0001,99.7752,210.1858,48.9789,-16.9092,0.0,0.0001,1.8189,-0.0008,6.5367,35.3384,8.2933,27.495,36.3748
501.0,1001.0,8.3579,37.3067,98.68,187.17,0.0212,0.0001,99.7535,210.1859,48.9789,-16.9093,0.0,0.0001,1.8204,-0.0001,6.5373,35.3367,8.2482,27.5006,36.3824
502.0,1003.0,8.3544,37.3036,98.68,187.2109,0.0221,0.0001,99.756,210.1859,48.9789,-16.9093,0.0,0.0001,1.8209,0.0,6.5357,35.3366,8.2447,27.501,36.383
503.0,1005.0,8.3344,37.2848,98.68,186.0986,0.0193,0.0001,99.7535,210.1859,48.9789,-16.9093,0.0,0.0001,1.8164,-0.0017,6.5447,35.3354,8.2245,27.5032,36.3861
504.0,1007.0,8.2965,37.2486,98.68,187.6848,0.0227,0.0001,99.7389,210.186,48.9789,-16.9093,0.0,0.0001,1.8211,0.0002,6.5442,35.3337,8.1867,27.5077,36.3923
505.0,1009.0,8.3044,37.257,98.68,187.695,0.0215,0.0001,99.7443,210.1861,48.9789,-16.9093,0.0,0.0001,1.8206,0.0001,6.5471,35.3339,8.1943,27.5067,36.3909
506.0,1011.0,8.2966,37.2506,98.68,187.7873,0.024,0.0001,99.7463,210.1861,48.9789,-16.9093,0.0,0.0001,1.8214,0.0,6.5483,35.334,8.1863,27.508,36.3926
507.0,1013.0,8.2795,37.2361,98.68,187.8,0.02,0.0001,99.7338,210.1862,48.9789,-16.9094,0.0,0.0001,1.8193,0.0004,6.5497,35.3348,8.1691,27.5112,36.3966
