Datacycle,press,temp,cond,alt,oxygen,fluor,atten,trans,jday,lat,lon,PAR,UPAR,oxV,oxdVdt,oxysat,salin,potemp,sigma0,sigma2
1.0,1.0,15.7374,44.2048,76.3468,243.3966,0.2132,0.002,95.1225,204.6494,49.4497,-16.6377,0.0,0.0001,2.72,0.0004,5.5932,35.5027,15.7372,26.1945,34.7773
2.0,3.0,15.7091,44.1782,96.8975,243.3824,0.1981,0.0019,95.3612,204.6495,49.4497,-16.6377,0.0,0.0001,2.72,0.0002,5.5913,35.5039,15.7087,26.2019,34.7857
3.0,5.0,15.7097,44.1801,84.3122,243.4874,0.1785,0.0019,95.4725,204.6496,49.4497,-16.6377,0.0,0.0001,2.7216,-0.0005,5.5923,35.5042,15.7089,26.202,34.7859
4.0,7.0,15.6809,44.1517,90.2261,243.8981,0.1792,0.0019,95.3718,204.6497,49.4497,-16.6377,0.0,0.0001,2.7221,0.0004,5.5942,35.5037,15.6798,26.2083,34.7932
5.0,9.0,15.6297,44.1013,98.7056,244.4486,0.1958,0.0019,95.2852,204.6498,49.4497,-16.6377,0.0,0.0001,2.7234,0.0002,5.6045,35.5036,15.6283,26.2199,34.8065
6.0,11.0,15.5403,44.0121,88.9284,244.522,0.2459,0.002,95.1427,204.6498,49.4497,-16.6377,0.0,0.0001,2.723,-0.0006,5.613,35.503,15.5387,26.2397,34.8295
7.0,13.0,15.4287,43.9003,98.6111,244.9672,0.3304,0.002,95.0653,204.6499,49.4497,-16.6377,0.0,0.0001,2.7224,0.0003,5.6188,35.5018,15.4266,26.264,34.8578
8.0,15.0,15.4042,43.877,75.7531,245.0574,0.3713,0.002,95.1292,204.6499,49.4497,-16.6377,0.0,0.0001,2.7221,-0.0003,5.6252,35.502,15.4019,26.2697,34.8644
9.0,17.0,15.3944,43.868,84.6145,245.3067,0.4377,0.002,95.0993,204.65,49.4497,-16.6377,0.0,0.0001,2.7226,0.0005,5.6247,35.5019,15.3917,26.2719,34.867
10.0,19.0,15.3899,43.8642,98.71,245.486,0.5053,0.002,95.151,204.65,49.4497,-16.6377,0.0,0.0001,2.7232,0.0002,5.6265,35.5019,15.3871,26.273,34.8681
11.0,21.0,15.3796,43.8553,84.5929,245.3361,0.4897,0.0018,95.496,204.6501,49.4497,-16.6377,0.0,0.0001,2.7235,-0.0008,5.6278,35.5023,15.3764,26.2756,34.8712
12.0,23.0,15.3659,43.8437,88.2162,245.7852,0.4649,0.0017,95.8188,204.6502,49.4497,-16.6377,0.0,0.0001,2.7235,0.0008,5.6287,35.5032,15.3623,26.2795,34.8755
13.0,25.0,15.3566,43.8359,67.668,245.2818,0.4813,0.0017,95.8545,204.6502,49.4497,-16.6377,0.0,0.0001,2.7211,-0.0009,5.6304,35.5039,15.3527,26.2822,34.8786
14.0,27.0,15.3416,43.8242,98.71,245.5482,0.4745,0.0016,95.9806,204.6502,49.4497,-16.6377,0.0,0.0001,2.7206,-0.0001,5.6306,35.5057,15.3374,26.287,34.8839
15.0,29.0,15.3462,43.8288,63.5285,245.4938,0.4759,0.0016,95.9632,204.6503,49.4497,-16.6377,0.0,0.0001,2.7194,-0.0004,5.6325,35.5052,15.3418,26.2856,34.8824
16.0,31.0,15.3328,43.8183,98.7025,245.4539,0.4998,0.0017,95.9415,204.6503,49.4497,-16.6377,0.0,0.0001,2.7179,-0.0003,5.6331,35.5071,15.328,26.2902,34.8874
17.0,33.0,15.3263,43.814,82.2788,245.7798,0.5154,0.0017,95.9283,204.6504,49.4497,-16.6377,0.0,0.0001,2.7188,0.0002,5.6345,35.5082,15.3213,26.2925,34.89
18.0,35.0,15.3076,43.7999,84.4779,246.0551,0.5475,0.0018,95.6487,204.6504,49.4497,-16.6377,0.0,0.0001,2.7193,0.0006,5.6372,35.5116,15.3023,26.2994,34.8975
19.0,37.0,15.2859,43.7865,70.1082,245.6486,0.6041,0.0019,95.4662,204.6504,49.4497,-16.6377,0.0,0.0001,2.7179,-0.0011,5.6398,35.5183,15.2803,26.3095,34.9082
20.0,39.0,15.2613,43.7696,67.9417,245.1233,0.6356,0.0018,95.6819,204.6505,49.4497,-16.6377,0.0,0.0001,2.7129,-0.0016,5.6417,35.5244,15.2554,26.3197,34.9193
21.0,41.0,15.2328,43.7502,98.705,244.7162,0.6455,0.0016,96.007,204.6505,49.4497,-16.6377,0.0,0.0001,2.7079,-0.0016,5.645,35.5317,15.2265,26.3318,34.9323
22.0,43.0,15.208,43.732,73.8615,243.7379,0.6505,0.0015,96.193,204.6505,49.4497,-16.6377,0.0,0.0001,2.6992,-0.003,5.6504,35.5369,15.2015,26.3414,34.9427
23.0,45.0,15.1692,43.7005,85.6644,243.341,0.6341,0.0014,96.4258,204.6506,49.4497,-16.6377,0.0,0.0001,2.6933,-0.0029,5.6564,35.5427,15.1623,26.3546,34.9572
24.0,47.0,15.0798,43.625,80.4086,243.519,0.6298,0.0014,96.6331,204.6506,49.4497,-16.6377,0.0,0.0001,2.6876,-0.0015,5.6703,35.5542,15.0726,26.3834,34.989
25.0,49.0,14.8873,43.4453,68.5511,242.168,0.6364,0.0013,96.7865,204.6506,49.4497,-16.6377,0.0,0.0001,2.6726,-0.0059,5.7093,35.5646,14.8799,26.4339,35.0463
26.0,51.0,14.6484,43.2072,75.2645,242.2303,0.628,0.0012,97.0372,204.6507,49.4497,-16.6377,0.0,0.0001,2.6613,-0.0037,5.7321,35.5634,14.6408,26.4852,35.1063
27.0,53.0,14.4006,42.9662,33.8733,242.9138,0.5774,0.0011,97.307,204.6507,49.4497,-16.6377,0.0,0.0001,2.6584,-0.0004,5.7353,35.5675,14.3928,26.542,35.1721
28.0,55.0,14.2109,42.7855,98.705,241.2693,0.5621,0.0011,97.3756,204.6507,49.4497,-16.6377,0.0,0.0001,2.6402,-0.0083,5.8016,35.5738,14.203,26.5876,35.2245
29.0,57.0,13.8413,42.4083,98.6592,241.4878,0.5119,0.0009,97.6497,204.6508,49.4497,-16.6377,0.0,0.0001,2.6317,-0.002,5.7915,35.5626,13.8331,26.6572,35.3079
30.0,59.0,13.6452,42.2329,75.8134,242.2541,0.4685,0.0009,97.7261,204.6508,49.4497,-16.6377,0.0,0.0001,2.621,-0.004,5.8506,35.5789,13.6368,26.7109,35.3687
31.0,61.0,13.4523,42.0277,98.6037,239.4317,0.4452,0.0008,97.9371,204.6508,49.4497,-16.6377,0.0,0.0001,2.5961,-0.0101,5.9108,35.5642,13.4438,26.7394,35.4047
32.0,63.0,12.9608,41.5608,98.71,240.6261,0.3769,0.0007,98.261,204.6509,49.4497,-16.6377,0.0,0.0001,2.5887,-0.0025,5.9128,35.5794,12.9522,26.8516,35.5353
33.0,65.0,12.7998,41.4093,69.5227,241.3359,0.345,0.0006,98.3573,204.6509,49.4497,-16.6377,0.0,0.0001,2.5848,-0.0016,5.9367,35.5849,12.7909,26.8883,35.5781
34.0,67.0,12.7029,41.3182,81.3242,239.4885,0.3137,0.0006,98.5208,204.6509,49.4497,-16.6377,0.0,0.0001,2.572,-0.0049,5.9516,35.5881,12.6938,26.9101,35.6037
35.0,69.0,12.6195,41.2362,98.1297,238.8972,0.2842,0.0006,98.617,204.651,49.4497,-16.6377,0.0,0.0001,2.5612,-0.0042,5.9651,35.5868,12.6102,26.9258,35.6226
36.0,71.0,12.4599,41.0874,98.4209,238.5733,0.2408,0.0005,98.83,204.651,49.4497,-16.6377,0.0,0.0001,2.5507,-0.0036,5.9856,35.5932,12.4504,26.9623,35.6653
37.0,73.0,12.3168,40.9526,98.7025,237.7461,0.2013,0.0004,99.0356,204.651,49.4497,-16.6377,0.0,0.0001,2.5397,-0.0035,5.9979,35.5976,12.3071,26.9938,35.7023
38.0,75.0,12.2327,40.8661,97.3284,237.43,0.1686,0.0003,99.215,204.6511,49.4497,-16.6377,0.0,0.0001,2.5315,-0.0027,6.0082,35.5926,12.2228,27.0064,35.7183
39.0,77.0,12.1703,40.7997,73.4218,237.643,0.1444,0.0003,99.3099,204.6511,49.4497,-16.6377,0.0,0.0001,2.5278,-0.0012,6.0145,35.5864,12.1602,27.0138,35.7281
40.0,79.0,12.1096,40.7385,87.7731,237.4283,0.1273,0.0002,99.4164,204.6511,49.4497,-16.6377,0.0,0.0001,2.5243,-0.0013,6.0176,35.5837,12.0992,27.0235,35.7403
41.0,81.0,12.0834,40.7145,98.71,236.9982,0.1077,0.0002,99.5393,204.6512,49.4498,-16.6376,0.0,0.0001,2.52,-0.0017,6.022,35.5845,12.0728,27.0292,35.747
42.0,83.0,12.0465,40.6785,82.9532,236.8779,0.093,0.0002,99.6162,204.6512,49.4498,-16.6377,0.0,0.0001,2.5159,-0.0013,6.0286,35.5835,12.0357,27.0356,35.7549
43.0,85.0,11.9988,40.6261,98.6956,237.485,0.0833,0.0001,99.689,204.6512,49.4498,-16.6376,0.0,0.0001,2.5158,0.0004,6.0307,35.577,11.9877,27.0398,35.7611
44.0,87.0,11.9895,40.6202,98.71,237.0664,0.0753,0.0001,99.7224,204.6513,49.4498,-16.6376,0.0,0.0001,2.5146,-0.0007,6.0302,35.5791,11.9782,27.0433,35.7649
45.0,89.0,11.9901,40.626,94.0916,237.0679,0.0722,0.0001,99.8024,204.6513,49.4498,-16.6376,0.0,0.0001,2.5129,-0.0004,6.0316,35.5834,11.9785,27.0466,35.7681
46.0,91.0,11.9767,40.6111,83.5004,236.924,0.0725,0.0001,99.846,204.6513,49.4498,-16.6376,0.0,0.0001,2.5106,-0.0009,6.0372,35.5806,11.9648,27.047,35.7691
47.0,93.0,11.9342,40.5643,96.3366,237.4561,0.0629,0.0,99.8898,204.6514,49.4498,-16.6376,0.0,0.0001,2.5112,0.0004,6.04,35.5743,11.9221,27.0503,35.7742
48.0,95.0,11.9041,40.5339,98.71,237.1865,0.0581,0.0,99.9454,204.6514,49.4498,-16.6376,0.0,0.0001,2.5097,-0.0006,6.0438,35.5726,11.8918,27.0548,35.7799
49.0,97.0,11.8825,40.5107,62.804,237.0209,0.0581,0.0,99.9825,204.6514,49.4498,-16.6376,0.0,0.0001,2.5071,-0.0005,6.0452,35.5695,11.8699,27.0566,35.7827
50.0,99.0,11.8663,40.493,79.2998,237.3002,0.0553,0.0,100.0133,204.6515,49.4498,-16.6376,0.0,0.0001,2.5073,-0.0001,6.0477,35.5669,11.8535,27.0577,35.7845
51.0,101.0,11.8575,40.4841,57.6085,237.1775,0.0542,0.0,100.0302,204.6515,49.4498,-16.6376,0.0,0.0001,2.5063,-0.0001,6.0461,35.5656,11.8443,27.0584,35.7855
52.0,103.0,11.8698,40.4981,98.6966,237.0545,0.0554,0.0,100.0451,204.6516,49.4498,-16.6376,0.0,0.0001,2.5052,-0.0006,6.049,35.5668,11.8565,27.0571,35.7837
53.0,105.0,11.8369,40.4636,98.705,237.0948,0.0511,0.0,100.0784,204.6516,49.4498,-16.6376,0.0,0.0001,2.5036,-0.0003,6.0517,35.5636,11.8233,27.0609,35.7889
54.0,107.0,11.8199,40.447,84.4948,237.3662,0.0479,0.0,100.1149,204.6517,49.4498,-16.6376,0.0,0.0001,2.504,0.0002,6.0531,35.5626,11.806,27.0634,35.7921
55.0,109.0,11.8274,40.4563,96.0762,237.4586,0.0436,-0.0001,100.148,204.6518,49.4498,-16.6375,0.0,0.0001,2.5043,-0.0001,6.0553,35.5634,11.8132,27.0627,35.7911
56.0,111.0,11.8295,40.4591,90.8584,237.4124,0.0442,-0.0001,100.1589,204.652,49.4498,-16.6375,0.0,0.0001,2.5031,0.0,6.0558,35.5635,11.8151,27.0624,35.7907
57.0,113.0,11.7952,40.4239,98.2342,237.5799,0.0457,-0.0001,100.1688,204.6521,49.4498,-16.6375,0.0,0.0001,2.5034,0.0,6.0579,35.5609,11.7806,27.0669,35.7966
58.0,115.0,11.7789,40.4088,90.578,237.5129,0.044,-0.0001,100.1709,204.6522,49.4498,-16.6375,0.0,0.0001,2.5028,-0.0003,6.0585,35.5608,11.764,27.07,35.8004
59.0,117.0,11.7642,40.3951,87.8192,237.6843,0.0416,-0.0001,100.1626,204.6523,49.4498,-16.6374,0.0,0.0001,2.5029,-0.0001,6.0596,35.5601,11.7491,27.0723,35.8033
60.0,119.0,11.7622,40.3934,98.71,237.9794,0.0401,-0.0001,100.1612,204.6523,49.4498,-16.6374,0.0,0.0001,2.5039,0.0004,6.0594,35.56,11.7469,27.0727,35.8037
61.0,121.0,11.7552,40.3912,98.7025,239.1507,0.0439,-0.0001,100.1577,204.6524,49.4498,-16.6374,0.0,0.0001,2.5083,0.0023,6.0602,35.5632,11.7396,27.0766,35.8079
62.0,123.0,11.754,40.3899,93.0565,238.3599,0.0418,-0.0001,100.1496,204.6524,49.4498,-16.6374,0.0,0.0001,2.5068,-0.0006,6.064,35.5624,11.7381,27.0762,35.8076
63.0,125.0,11.7213,40.3556,97.9777,238.5241,0.035,-0.0001,100.1522,204.6525,49.4498,-16.6374,0.0,0.0001,2.506,-0.0002,6.0662,35.5589,11.7052,27.0797,35.8125
64.0,127.0,11.7012,40.3361,97.2306,239.0886,0.0353,-0.0001,100.1499,204.6525,49.4498,-16.6374,0.0,0.0001,2.5085,0.0006,6.0673,35.558,11.6848,27.0829,35.8164
65.0,129.0,11.7085,40.3443,98.6875,239.0117,0.0385,-0.0001,100.133,204.6525,49.4498,-16.6374,0.0,0.0001,2.5074,-0.0001,6.0712,35.5585,11.6919,27.0819,35.8152
66.0,131.0,11.678,40.3122,81.6953,239.3776,0.0373,-0.0001,100.1537,204.6526,49.4498,-16.6374,0.0,0.0001,2.5085,0.0003,6.0741,35.5549,11.6612,27.085,35.8195
67.0,133.0,11.66,40.2924,81.6411,239.2519,0.0339,-0.0001,100.1719,204.6526,49.4498,-16.6374,0.0,0.0001,2.5079,-0.0004,6.0763,35.5518,11.6429,27.086,35.8213
68.0,135.0,11.6421,40.2722,98.695,239.2238,0.0354,-0.0001,100.1738,204.6526,49.4498,-16.6373,0.0,0.0001,2.5068,-0.0005,6.0781,35.5483,11.6247,27.0867,35.8228
69.0,137.0,11.6268,40.2569,98.7055,239.1858,0.0305,-0.0001,100.1818,204.6527,49.4498,-16.6373,0.0,0.0001,2.5051,-0.0006,6.0816,35.5469,11.6092,27.0886,35.8253
70.0,139.0,11.6035,40.2331,98.6963,239.4434,0.0351,-0.0001,100.1805,204.6527,49.4498,-16.6373,0.0,0.0001,2.5052,0.0003,6.0796,35.5448,11.5857,27.0913,35.829
71.0,141.0,11.6016,40.2327,98.6875,239.8447,0.032,-0.0001,100.1618,204.6527,49.4499,-16.6373,0.0,0.0001,2.5067,0.0005,6.0834,35.5453,11.5835,27.0921,35.8299
72.0,143.0,11.5886,40.2192,98.71,239.5272,0.0353,-0.0001,100.1577,204.6528,49.4499,-16.6373,0.0,0.0001,2.5056,-0.0005,6.0844,35.5437,11.5703,27.0934,35.8317
73.0,145.0,11.5835,40.2152,79.5173,239.7413,0.0339,-0.0001,100.1499,204.6528,49.4499,-16.6373,0.0,0.0001,2.5058,0.0001,6.0836,35.5437,11.565,27.0944,35.833
74.0,147.0,11.5883,40.2236,92.6087,240.12,0.0328,-0.0001,100.1288,204.6528,49.4499,-16.6373,0.0,0.0001,2.5073,0.0005,6.0842,35.5464,11.5695,27.0957,35.834
75.0,149.0,11.5839,40.2206,98.7018,239.856,0.032,0.0,100.1288,204.6529,49.4499,-16.6373,0.0,0.0001,2.5063,-0.0004,6.0854,35.5469,11.5649,27.0969,35.8354
76.0,151.0,11.5797,40.2179,98.71,239.2337,0.0328,-0.0001,100.1181,204.6529,49.4499,-16.6373,0.0,0.0001,2.5035,-0.0016,6.0859,35.5475,11.5605,27.0982,35.8369
77.0,153.0,11.5621,40.1995,94.4408,239.7152,0.034,-0.0001,100.118,204.6529,49.4499,-16.6373,0.0,0.0001,2.5031,-0.0001,6.087,35.5451,11.5425,27.0997,35.8391
78.0,155.0,11.558,40.196,98.7038,239.2802,0.0331,0.0,100.109,204.653,49.4499,-16.6373,0.0,0.0001,2.5011,-0.001,6.0879,35.5447,11.5382,27.1002,35.8398
79.0,157.0,11.5534,40.1941,98.7016,239.3628,0.032,0.0,100.1,204.653,49.4499,-16.6373,0.0,0.0001,2.4991,-0.0002,6.0881,35.5462,11.5333,27.1023,35.8421
80.0,159.0,11.5547,40.1996,98.7025,239.1267,0.0323,0.0,100.1,204.653,49.4499,-16.6372,0.0,0.0001,2.498,-0.0007,6.088,35.5495,11.5344,27.1046,35.8443
81.0,161.0,11.5534,40.2008,89.9409,238.3471,0.0331,0.0,100.0838,204.653,49.4499,-16.6372,0.0,0.0001,2.4933,-0.0018,6.0886,35.5512,11.5328,27.1063,35.846
82.0,163.0,11.5466,40.1962,98.3817,237.8983,0.0304,0.0,100.0855,204.6531,49.4499,-16.6372,0.0,0.0001,2.4879,-0.0015,6.0902,35.5522,11.5258,27.1084,35.8484
83.0,165.0,11.5433,40.1944,98.7065,238.019,0.0272,0.0,100.0964,204.6531,49.4499,-16.6372,0.0,0.0001,2.4862,-0.0008,6.0916,35.5527,11.5222,27.1094,35.8496
84.0,167.0,11.5262,40.1773,98.71,237.7973,0.03,0.0,100.0809,204.6531,49.4499,-16.6372,0.0,0.0001,2.4845,-0.0009,6.0909,35.5514,11.5048,27.1117,35.8525
85.0,169.0,11.5311,40.1857,87.3569,237.949,0.0311,0.0,100.0772,204.6532,49.4499,-16.6372,0.0,0.0001,2.4833,-0.0003,6.0919,35.554,11.5095,27.1129,35.8535
86.0,171.0,11.5191,40.1741,95.5929,237.7844,0.032,0.0,100.0711,204.6532,49.4499,-16.6372,0.0,0.0001,2.4817,-0.0007,6.0942,35.5533,11.4972,27.1146,35.8557
87.0,173.0,11.5071,40.1637,98.7067,237.4521,0.0306,0.0,100.0711,204.6532,49.4499,-16.6372,0.0,0.0001,2.4792,-0.0009,6.0933,35.5535,11.485,27.117,35.8586
88.0,175.0,11.4966,40.1531,98.2159,238.1222,0.0314,0.0,100.0711,204.6533,49.4499,-16.6372,0.0,0.0001,2.4804,0.0006,6.0949,35.5523,11.4742,27.1181,35.8602
89.0,177.0,11.4974,40.1546,98.695,237.2777,0.0297,0.0,100.0711,204.6533,49.4499,-16.6372,0.0,0.0001,2.4769,-0.0014,6.0977,35.5525,11.4749,27.1181,35.8601
90.0,179.0,11.4781,40.134,95.805,237.882,0.0289,0.0,100.0628,204.6533,49.4499,-16.6372,0.0,0.0001,2.4771,0.0003,6.0995,35.5495,11.4553,27.1195,35.8623
91.0,181.0,11.4714,40.1273,81.0472,237.2741,0.0307,0.0,100.0422,204.6533,49.4499,-16.6372,0.0,0.0001,2.4744,-0.0014,6.1031,35.5485,11.4484,27.12,35.8631
92.0,183.0,11.4422,40.0968,94.5731,237.0587,0.0323,0.0,100.0422,204.6534,49.4499,-16.6371,0.0,0.0001,2.4715,-0.0011,6.1033,35.5453,11.419,27.123,35.8674
93.0,185.0,11.4342,40.0903,98.7061,236.9597,0.0295,0.0,100.0538,204.6534,49.4499,-16.6371,0.0,0.0001,2.4692,-0.0008,6.1036,35.5456,11.4107,27.1248,35.8695
94.0,187.0,11.4352,40.0933,84.8656,237.8334,0.0272,0.0,100.0325,204.6534,49.4499,-16.6371,0.0,0.0001,2.471,0.0011,6.1048,35.5468,11.4115,27.1256,35.8702
95.0,189.0,11.4284,40.0871,98.6947,237.503,0.0266,0.0,100.0305,204.6535,49.4499,-16.6371,0.0,0.0001,2.4704,-0.0003,6.1073,35.5463,11.4044,27.1265,35.8715
96.0,191.0,11.4066,40.0634,98.685,237.794,0.0294,0.0,100.0379,204.6535,49.4499,-16.6371,0.0,0.0001,2.4713,0.0003,6.107,35.5429,11.3824,27.128,35.8739
97.0,193.0,11.4084,40.0688,98.7032,237.5063,0.0265,0.0,100.0422,204.6535,49.4499,-16.6371,0.0,0.0001,2.47,-0.0005,6.1086,35.5456,11.384,27.1298,35.8756
98.0,195.0,11.3958,40.0558,88.3226,237.1755,0.0265,0.0,100.0373,204.6536,49.4499,-16.6371,0.0,0.0001,2.4669,-0.0008,6.1092,35.544,11.3711,27.131,35.8773
99.0,197.0,11.3929,40.0541,97.1769,237.4013,0.027,0.0,100.026,204.6536,49.4499,-16.6371,0.0,0.0001,2.4666,-0.0002,6.1091,35.5441,11.3679,27.1316,35.878
100.0,199.0,11.3927,40.0555,98.695,237.003,0.0284,0.0,100.0169,204.6536,49.4499,-16.6371,0.0,0.0001,2.4649,-0.0008,6.1087,35.5448,11.3675,27.1322,35.8787
101.0,201.0,11.3964,40.0616,98.6967,237.0765,0.0299,0.0,100.0133,204.6537,49.4499,-16.6371,0.0,0.0001,2.4635,-0.0004,6.1095,35.5463,11.3708,27.1328,35.8791
102.0,203.0,11.3881,40.0533,91.4853,236.4916,0.0263,0.0,100.0157,204.6537,49.4499,-16.6371,0.0,0.0001,2.4599,-0.0017,6.1156,35.5453,11.3623,27.1336,35.8802
103.0,205.0,11.3473,40.0087,98.6987,235.5466,0.0254,0.0,100.0171,204.6537,49.4499,-16.637,0.0,0.0001,2.4531,-0.0025,6.1167,35.5392,11.3214,27.1365,35.8849
104.0,207.0,11.3364,39.9978,98.708,236.0822,0.025,0.0,100.0161,204.6537,49.4499,-16.637,0.0,0.0001,2.452,-0.0004,6.1168,35.5381,11.3102,27.1376,35.8865
105.0,209.0,11.3366,39.9992,98.71,236.4578,0.0238,0.0,100.0078,204.6538,49.4499,-16.637,0.0,0.0001,2.453,0.0003,6.1168,35.5384,11.3102,27.1379,35.8868
106.0,211.0,11.3361,39.9996,90.8665,236.4651,0.024,0.0,100.0113,204.6538,49.4499,-16.637,0.0,0.0001,2.4532,0.0,6.1173,35.5386,11.3094,27.1382,35.8871
107.0,213.0,11.333,39.9969,98.6994,236.4915,0.0259,0.0,100.0133,204.6538,49.4499,-16.637,0.0,0.0001,2.4529,-0.0001,6.1183,35.538,11.3061,27.1384,35.8874
108.0,215.0,11.3258,39.9902,77.3071,237.0279,0.0237,0.0,100.0112,204.6539,49.4499,-16.637,0.0,0.0001,2.4541,0.0007,6.1191,35.5373,11.2986,27.1392,35.8885
109.0,217.0,11.3183,39.9832,93.7948,237.0502,0.0224,0.0,100.0099,204.6539,49.4499,-16.637,0.0,0.0001,2.4558,0.0002,6.1197,35.5366,11.2909,27.14,35.8897
110.0,219.0,11.3132,39.9783,98.698,237.0634,0.023,0.0,99.9989,204.6539,49.4499,-16.637,0.0,0.0001,2.4556,0.0,6.1213,35.5358,11.2855,27.1404,35.8903
111.0,221.0,11.3043,39.9696,98.6894,236.7161,0.027,0.0,99.9845,204.654,49.4499,-16.637,0.0,0.0001,2.4534,-0.0009,6.1219,35.535,11.2764,27.1415,35.8918
112.0,223.0,11.2977,39.9638,98.6969,237.4965,0.026,0.0,99.9874,204.654,49.4499,-16.637,0.0,0.0001,2.4552,0.0009,6.1213,35.5345,11.2695,27.1424,35.8929
113.0,225.0,11.2973,39.9649,98.6664,237.4133,0.0272,0.0,99.9993,204.654,49.4499,-16.637,0.0,0.0001,2.4565,0.0001,6.1223,35.535,11.2689,27.1429,35.8935
114.0,227.0,11.2956,39.9644,98.695,237.1307,0.0286,0.0,99.9805,204.6541,49.4499,-16.6369,0.0,0.0001,2.4545,-0.0005,6.1225,35.5354,11.2669,27.1436,35.8942
115.0,229.0,11.2938,39.9641,98.695,236.5126,0.0283,0.0,99.991,204.6541,49.4499,-16.6369,0.0,0.0001,2.4513,-0.0015,6.1224,35.5361,11.2649,27.1445,35.8952
116.0,231.0,11.2935,39.9661,81.631,237.1118,0.0243,0.0,99.9845,204.6541,49.4499,-16.6369,0.0,0.0001,2.4519,0.0002,6.1224,35.5372,11.2643,27.1455,35.8962
117.0,233.0,11.2938,39.9669,96.3563,236.9585,0.0263,0.0,99.9613,204.6541,49.4499,-16.6369,0.0,0.0001,2.4513,-0.0004,6.1227,35.537,11.2644,27.1453,35.896
118.0,235.0,11.291,39.9668,98.7006,236.4173,0.0285,0.0,99.9492,204.6542,49.4499,-16.6369,0.0,0.0001,2.4483,-0.0013,6.1229,35.5388,11.2614,27.1472,35.8981
119.0,237.0,11.2896,39.9665,98.6055,236.9368,0.0258,0.0,99.9581,204.6542,49.4499,-16.6369,0.0,0.0001,2.448,0.0001,6.1232,35.5387,11.2597,27.1475,35.8984
120.0,239.0,11.2872,39.9659,98.6944,236.6785,0.0248,0.0,99.9545,204.6542,49.4499,-16.6369,0.0,0.0001,2.4473,-0.0004,6.1228,35.5394,11.257,27.1485,35.8995
121.0,241.0,11.29,39.9709,72.5339,236.9572,0.0227,0.0,99.9499,204.6543,49.4499,-16.6369,0.0,0.0001,2.4478,0.0001,6.1221,35.5408,11.2595,27.1492,35.9001
122.0,243.0,11.2935,39.9775,95.1508,236.5778,0.0264,0.0,99.9556,204.6543,49.4499,-16.6369,0.0,0.0001,2.4467,-0.0007,6.122,35.5432,11.2628,27.1504,35.9011
123.0,245.0,11.2959,39.9823,94.2305,237.1936,0.0232,0.0,99.9556,204.6543,49.4499,-16.6369,0.0,0.0001,2.4477,0.0006,6.1225,35.5448,11.265,27.1513,35.9019
124.0,247.0,11.2858,39.9719,98.6016,237.006,0.024,0.0,99.9386,204.6544,49.4499,-16.6369,0.0,0.0001,2.4476,-0.0001,6.1225,35.5431,11.2545,27.1519,35.9029
125.0,249.0,11.2889,39.9762,98.68,236.8309,0.0281,0.0,99.9238,204.6544,49.4499,-16.6368,0.0,0.0001,2.4467,-0.0004,6.1215,35.5438,11.2575,27.1519,35.9028
126.0,251.0,11.2939,39.9857,98.6993,237.1375,0.0244,0.0,99.9323,204.6544,49.4499,-16.6368,0.0,0.0001,2.4469,0.0003,6.1219,35.5475,11.2622,27.1539,35.9046
127.0,253.0,11.3028,39.9986,92.9608,237.505,0.0268,0.0,99.9114,204.6544,49.4499,-16.6368,0.0,0.0001,2.4481,0.0007,6.1205,35.5506,11.2707,27.1547,35.905
128.0,255.0,11.3019,39.9969,83.1497,237.1589,0.0261,0.0,99.9257,204.6545,49.4499,-16.6368,0.0,0.0001,2.4479,-0.0004,6.1206,35.5491,11.2697,27.1538,35.9041
129.0,257.0,11.3072,40.0064,92.8025,237.1903,0.0264,0.0,99.9214,204.6545,49.4499,-16.6368,0.0,0.0001,2.4474,-0.0003,6.122,35.5526,11.2747,27.1555,35.9056
130.0,259.0,11.292,39.9905,98.7,237.2276,0.025,0.0,99.9149,204.6545,49.4499,-16.6368,0.0,0.0001,2.4469,-0.0002,6.1222,35.5503,11.2593,27.1566,35.9073
131.0,261.0,11.2913,39.9904,71.5825,236.9649,0.0252,0.0,99.9098,204.6546,49.4499,-16.6368,0.0,0.0001,2.4452,-0.0006,6.122,35.5501,11.2582,27.1567,35.9075
132.0,263.0,11.2932,39.9941,96.0444,237.1513,0.0226,0.0,99.8978,204.6546,49.4499,-16.6368,0.0,0.0001,2.4449,0.0,6.1215,35.5511,11.2599,27.1571,35.9079
133.0,265.0,11.297,39.9997,93.4114,237.179,0.0261,0.0,99.893,204.6546,49.4499,-16.6368,0.0,0.0001,2.4449,0.0,6.1203,35.5522,11.2635,27.1573,35.9078
134.0,267.0,11.3177,40.0262,98.71,237.2148,0.0234,0.0,99.8938,204.6547,49.4499,-16.6368,0.0,0.0001,2.4451,-0.0001,6.1201,35.5576,11.2839,27.1577,35.9074
135.0,269.0,11.3089,40.0182,98.71,236.6104,0.0238,0.0,99.8906,204.6547,49.4499,-16.6368,0.0,0.0001,2.4422,-0.0014,6.1217,35.5572,11.2749,27.1591,35.9091
136.0,271.0,11.2866,39.9941,84.7131,237.3052,0.0208,0.0,99.8952,204.6547,49.4499,-16.6368,0.0,0.0001,2.442,0.0005,6.1218,35.5537,11.2523,27.1605,35.9115
137.0,273.0,11.2886,39.9964,98.6903,236.744,0.0244,0.0001,99.8882,204.6548,49.4499,-16.6367,0.0,0.0001,2.4408,-0.001,6.1248,35.5534,11.2541,27.1599,35.9109
138.0,275.0,11.2722,39.9802,56.6708,236.901,0.0236,0.0,99.8888,204.6548,49.4499,-16.6367,0.0,0.0001,2.4393,-0.0001,6.124,35.552,11.2374,27.162,35.9136
139.0,277.0,11.2701,39.9788,93.4924,237.2336,0.0271,0.0,99.8894,204.6548,49.4499,-16.6367,0.0,0.0001,2.4404,0.0003,6.1262,35.5517,11.235,27.1622,35.9139
140.0,279.0,11.256,39.9632,98.71,236.8316,0.0237,0.0001,99.8779,204.6549,49.4499,-16.6367,0.0,0.0001,2.438,-0.0007,6.1305,35.549,11.2208,27.1627,35.915
141.0,281.0,11.2278,39.9314,98.6952,236.6995,0.0268,0.0,99.8904,204.6549,49.4499,-16.6367,0.0,0.0001,2.4357,-0.0006,6.1302,35.5436,11.1923,27.1637,35.9173
142.0,283.0,11.2243,39.9284,98.6986,236.8784,0.0247,0.0001,99.8782,204.6549,49.4499,-16.6367,0.0,0.0001,2.4356,0.0,6.1305,35.543,11.1886,27.164,35.9177
143.0,285.0,11.2288,39.9343,98.7021,237.064,0.0206,0.0001,99.8787,204.655,49.4499,-16.6367,0.0,0.0001,2.4357,0.0,6.1315,35.5439,11.1929,27.1639,35.9174
144.0,287.0,11.2211,39.9274,98.6985,236.7987,0.0251,0.0001,99.8594,204.655,49.4499,-16.6367,0.0,0.0001,2.4347,-0.0005,6.1325,35.5435,11.1849,27.165,35.9189
145.0,289.0,11.2149,39.9217,71.7894,236.2439,0.0249,0.0,99.8956,204.655,49.4499,-16.6367,0.0,0.0001,2.4314,-0.0012,6.1319,35.5429,11.1785,27.1658,35.9199
146.0,291.0,11.2149,39.9236,95.9462,236.8673,0.0264,0.0001,99.8663,204.6551,49.4499,-16.6367,0.0,0.0001,2.4324,0.0002,6.1327,35.5438,11.1781,27.1666,35.9207
147.0,293.0,11.2142,39.9237,98.6888,235.9772,0.0261,0.0001,99.8594,204.6551,49.4499,-16.6367,0.0,0.0001,2.4286,-0.0015,6.1327,35.5439,11.1772,27.1667,35.9209
148.0,295.0,11.2132,39.926,98.69,236.5294,0.0218,0.0001,99.8537,204.6551,49.4499,-16.6367,0.0,0.0001,2.4282,0.0002,6.1332,35.5461,11.176,27.1687,35.9229
149.0,297.0,11.2077,39.9216,98.705,236.6709,0.0241,0.0001,99.8401,204.6552,49.4499,-16.6367,0.0,0.0001,2.4289,0.0003,6.1328,35.5461,11.1702,27.1698,35.9242
150.0,299.0,11.2063,39.9207,83.9511,236.2847,0.024,0.0001,99.8436,204.6552,49.4499,-16.6367,0.0,0.0001,2.4277,-0.0008,6.1343,35.5458,11.1687,27.1698,35.9243
151.0,301.0,11.1985,39.9148,94.3767,235.9585,0.0228,0.0001,99.8453,204.6553,49.4499,-16.6367,0.0,0.0001,2.4237,-0.0008,6.1336,35.5464,11.1605,27.1718,35.9266
152.0,303.0,11.2057,39.9252,98.7085,235.8182,0.021,0.0001,99.8355,204.6553,49.4499,-16.6366,0.0,0.0001,2.4227,-0.0006,6.1338,35.549,11.1675,27.1725,35.927
153.0,305.0,11.2036,39.9243,98.5703,236.365,0.0222,0.0001,99.8295,204.6553,49.4499,-16.6366,0.0,0.0001,2.4238,0.0004,6.1338,35.5492,11.1651,27.1732,35.9277
154.0,307.0,11.2026,39.924,98.6967,236.1323,0.0253,0.0001,99.8294,204.6554,49.4499,-16.6366,0.0,0.0001,2.4232,-0.0004,6.1339,35.5491,11.164,27.1733,35.9279
155.0,309.0,11.2029,39.9258,85.7914,235.9398,0.022,0.0001,99.8299,204.6554,49.4499,-16.6366,0.0,0.0001,2.4218,-0.0005,6.1346,35.5495,11.164,27.1736,35.9282
156.0,311.0,11.1918,39.9144,93.9289,236.2046,0.0234,0.0001,99.8203,204.6554,49.4499,-16.6366,0.0,0.0001,2.4221,0.0001,6.1345,35.5479,11.1525,27.1745,35.9296
157.0,313.0,11.1982,39.9238,98.71,236.0356,0.0244,0.0001,99.822,204.6555,49.4499,-16.6366,0.0,0.0001,2.4207,-0.0002,6.1335,35.5502,11.1587,27.1751,35.9299
158.0,315.0,11.2053,39.9347,84.2991,235.9106,0.0203,0.0001,99.8199,204.6555,49.4499,-16.6366,0.0,0.0001,2.42,-0.0003,6.1325,35.5533,11.1655,27.1763,35.9308
159.0,317.0,11.215,39.9478,92.9201,236.2098,0.0209,0.0001,99.8284,204.6555,49.4499,-16.6366,0.0,0.0001,2.42,0.0003,6.1313,35.5563,11.1749,27.1769,35.931
160.0,319.0,11.2204,39.9558,98.7006,236.216,0.0249,0.0001,99.8175,204.6556,49.4499,-16.6366,0.0,0.0001,2.4202,0.0,6.1314,35.5581,11.1801,27.1773,35.9311
161.0,321.0,11.2204,39.9566,98.6917,236.4007,0.0234,0.0001,99.8146,204.6556,49.4499,-16.6366,0.0,0.0001,2.4221,0.0002,6.1314,35.5579,11.1798,27.1772,35.9311
162.0,323.0,11.2218,39.9572,73.2945,236.3162,0.0231,0.0001,99.8089,204.6556,49.4499,-16.6366,0.0,0.0001,2.4204,-0.0002,6.1321,35.5562,11.181,27.1757,35.9295
163.0,325.0,11.2167,39.9496,98.6969,236.2598,0.0243,0.0001,99.8078,204.6557,49.4499,-16.6366,0.0,0.0001,2.42,-0.0003,6.1331,35.5528,11.1756,27.174,35.9281
164.0,327.0,11.2106,39.9466,98.6987,235.9709,0.0224,0.0001,99.8088,204.6557,49.4499,-16.6366,0.0,0.0001,2.4176,-0.0009,6.1347,35.5549,11.1693,27.1768,35.9311
165.0,329.0,11.2005,39.9328,98.696,236.3056,0.0204,0.0001,99.8049,204.6557,49.4499,-16.6366,0.0,0.0001,2.4176,0.0,6.1359,35.5499,11.159,27.1748,35.9297
166.0,331.0,11.1889,39.9198,57.039,235.9418,0.0234,0.0001,99.7903,204.6558,49.45,-16.6366,0.0,0.0001,2.4166,-0.0008,6.1374,35.5472,11.1472,27.1749,35.9302
167.0,333.0,11.1795,39.9097,98.4994,236.0601,0.0243,0.0001,99.7663,204.6558,49.45,-16.6366,0.0,0.0001,2.4139,-0.0003,6.1388,35.5452,11.1374,27.1751,35.9309
168.0,335.0,11.1739,39.9027,98.695,235.9789,0.0261,0.0001,99.7378,204.6558,49.45,-16.6366,0.0,0.0001,2.414,-0.0004,6.1403,35.5428,11.1317,27.1743,35.9304
169.0,337.0,11.1653,39.8889,98.7052,235.7076,0.0254,0.0001,99.7916,204.6558,49.45,-16.6366,0.0,0.0001,2.4116,-0.0008,6.1417,35.5365,11.1228,27.171,35.9275
170.0,339.0,11.1492,39.8787,98.71,235.7084,0.0226,0.0001,99.7938,204.6559,49.45,-16.6366,0.0,0.0001,2.4105,-0.0006,6.1428,35.541,11.1065,27.1775,35.9346
171.0,341.0,11.1395,39.8689,98.6995,235.7575,0.0225,0.0001,99.7979,204.6559,49.45,-16.6366,0.0,0.0001,2.4103,-0.0005,6.1452,35.54,11.0966,27.1785,35.936
172.0,343.0,11.1275,39.8534,98.6875,235.5307,0.0215,0.0001,99.8067,204.6559,49.45,-16.6366,0.0,0.0001,2.4078,-0.0008,6.1477,35.5352,11.0844,27.1771,35.9351
173.0,345.0,11.1093,39.8339,98.6994,235.2076,0.0227,0.0001,99.8091,204.656,49.45,-16.6366,0.0,0.0001,2.4049,-0.0011,6.1481,35.5322,11.066,27.1781,35.9369
174.0,347.0,11.0998,39.8261,77.8313,235.0873,0.0213,0.0001,99.8068,204.656,49.45,-16.6366,0.0,0.0001,2.4023,-0.0008,6.1502,35.5327,11.0562,27.1803,35.9395
175.0,349.0,11.0915,39.8141,95.3059,234.6813,0.023,0.0001,99.8105,204.656,49.45,-16.6366,0.0,0.0001,2.3988,-0.0013,6.1526,35.5281,11.0477,27.1782,35.9379
176.0,351.0,11.073,39.7946,98.71,234.33,0.0249,0.0001,99.8004,204.6561,49.45,-16.6366,0.0,0.0001,2.3958,-0.0014,6.1532,35.5254,11.029,27.1796,35.94
177.0,353.0,11.0646,39.7883,78.1453,234.4824,0.0248,0.0001,99.8112,204.6561,49.45,-16.6366,0.0,0.0001,2.3932,-0.0004,6.1527,35.5264,11.0203,27.1819,35.9427
178.0,355.0,11.0633,39.7881,96.8959,233.7579,0.0225,0.0001,99.8092,204.6561,49.45,-16.6366,0.0,0.0001,2.3902,-0.0014,6.154,35.5266,11.0188,27.1824,35.9432
179.0,357.0,11.0583,39.7821,98.6912,233.6425,0.0203,0.0001,99.8012,204.6562,49.45,-16.6366,0.0,0.0001,2.387,-0.0009,6.1552,35.5244,11.0135,27.1817,35.9428
180.0,359.0,11.0481,39.7705,98.6903,233.7341,0.0225,0.0001,99.7951,204.6562,49.45,-16.6366,0.0,0.0001,2.3859,-0.0004,6.1559,35.5217,11.0031,27.1815,35.943
181.0,361.0,11.0415,39.767,87.3941,232.9666,0.022,0.0001,99.8097,204.6562,49.45,-16.6366,0.0,0.0001,2.3815,-0.0014,6.1566,35.5238,10.9963,27.1843,35.9461
182.0,363.0,11.039,39.765,98.6993,232.8372,0.0255,0.0001,99.806,204.6562,49.45,-16.6366,0.0,0.0001,2.3791,-0.0009,6.1567,35.5232,10.9935,27.1844,35.9463
183.0,365.0,11.0375,39.7643,98.71,233.2753,0.0229,0.0001,99.8112,204.6563,49.45,-16.6366,0.0,0.0001,2.3785,0.0003,6.1576,35.5231,10.9917,27.1846,35.9466
184.0,367.0,11.0319,39.7583,75.6095,233.5301,0.0232,0.0001,99.8081,204.6563,49.45,-16.6366,0.0,0.0001,2.3797,0.0004,6.1596,35.5217,10.986,27.1846,35.9468
185.0,369.0,11.0171,39.7424,89.9201,233.9845,0.0206,0.0001,99.8112,204.6563,49.45,-16.6366,0.0,0.0001,2.381,0.0006,6.1606,35.5192,10.9709,27.1853,35.9482
186.0,371.0,11.01,39.7374,98.6945,232.9442,0.0227,0.0001,99.8184,204.6564,49.45,-16.6365,0.0,0.0001,2.3781,-0.0015,6.161,35.5201,10.9635,27.1874,35.9506
187.0,373.0,11.0085,39.7363,98.6935,232.7654,0.0256,0.0001,99.8112,204.6564,49.45,-16.6365,0.0,0.0001,2.3756,-0.0012,6.1598,35.5196,10.9619,27.1873,35.9506
188.0,375.0,11.0037,39.7334,98.6153,233.1199,0.0232,0.0001,99.8093,204.6564,49.45,-16.6365,0.0,0.0001,2.3749,-0.0003,6.1612,35.5203,10.9568,27.1888,35.9522
189.0,377.0,11.006,39.7355,98.6858,232.5865,0.0217,0.0001,99.8112,204.6565,49.45,-16.6365,0.0,0.0001,2.3724,-0.0011,6.1617,35.5195,10.9588,27.1878,35.9512
190.0,379.0,11.002,39.732,98.6925,232.9599,0.0215,0.0001,99.8242,204.6565,49.45,-16.6365,0.0,0.0001,2.373,-0.0001,6.1615,35.5189,10.9546,27.1881,35.9516
191.0,381.0,10.9985,39.7304,82.2865,233.3278,0.0209,0.0001,99.7914,204.6565,49.45,-16.6365,0.0,0.0001,2.3737,0.0004,6.1623,35.5196,10.9508,27.1894,35.9531
192.0,383.0,10.9972,39.7287,94.6353,232.8768,0.0224,0.0001,99.8187,204.6566,49.45,-16.6365,0.0,0.0001,2.3712,-0.0007,6.1638,35.5185,10.9493,27.1887,35.9525
193.0,385.0,10.988,39.72,98.7025,233.083,0.0189,0.0001,99.8273,204.6566,49.45,-16.6365,0.0,0.0001,2.3712,-0.0001,6.164,35.5177,10.9398,27.1898,35.954
194.0,387.0,10.9846,39.7191,98.4124,233.5564,0.0188,0.0001,99.8347,204.6566,49.45,-16.6365,0.0,0.0001,2.373,0.0007,6.1636,35.5191,10.9361,27.1916,35.956
195.0,389.0,10.9831,39.7197,98.6991,233.6262,0.0233,0.0001,99.8286,204.6566,49.45,-16.6365,0.0,0.0001,2.3741,0.0001,6.1646,35.5203,10.9345,27.1929,35.9572
196.0,391.0,10.9813,39.7175,98.6957,233.4664,0.0229,0.0001,99.8401,204.6567,49.45,-16.6365,0.0,0.0001,2.3732,-0.0002,6.1652,35.5189,10.9324,27.1922,35.9566
197.0,393.0,10.9762,39.7131,30.9462,233.9824,0.0217,0.0001,99.8339,204.6567,49.45,-16.6365,0.0,0.0001,2.3742,0.0007,6.1653,35.5186,10.927,27.1928,35.9575
198.0,395.0,10.9745,39.7128,93.2752,234.08,0.0206,0.0001,99.8239,204.6567,49.45,-16.6365,0.0,0.0001,2.3752,0.0004,6.1655,35.5191,10.9252,27.1936,35.9584
199.0,397.0,10.9734,39.7124,98.6937,233.8576,0.0225,0.0001,99.8379,204.6568,49.45,-16.6365,0.0,0.0001,2.3748,-0.0003,6.166,35.519,10.9239,27.1937,35.9586
200.0,399.0,10.9698,39.7091,98.6886,234.2084,0.0212,0.0001,99.8182,204.6568,49.45,-16.6365,0.0,0.0001,2.3755,0.0003,6.1661,35.5182,10.92,27.1938,35.9588
201.0,401.0,10.9649,39.7048,73.9756,233.6922,0.0213,0.0001,99.8369,204.6568,49.45,-16.6365,0.0,0.0001,2.3744,-0.0009,6.1675,35.5178,10.9148,27.1945,35.9597
202.0,403.0,10.9621,39.701,90.4527,233.4196,0.022,0.0001,99.808,204.6569,49.45,-16.6365,0.0,0.0001,2.3712,-0.0009,6.167,35.5158,10.9118,27.1934,35.9588
203.0,405.0,10.9528,39.6926,93.5473,233.6011,0.0241,0.0001,99.836,204.6569,49.45,-16.6365,0.0,0.0001,2.3704,-0.0004,6.1689,35.5154,10.9022,27.1949,35.9607
204.0,407.0,10.9511,39.6909,98.6915,232.7526,0.0231,0.0001,99.8318,204.6569,49.45,-16.6365,0.0,0.0001,2.3671,-0.0017,6.169,35.5147,10.9004,27.1946,35.9605
205.0,409.0,10.9404,39.68,98.6959,233.0414,0.0195,0.0001,99.8302,204.6569,49.45,-16.6365,0.0,0.0001,2.3648,-0.0006,6.1712,35.5131,10.8893,27.1954,35.9617
206.0,411.0,10.9315,39.6683,81.1903,232.0598,0.0226,0.0001,99.8335,204.657,49.45,-16.6365,0.0,0.0001,2.3604,-0.0021,6.1717,35.509,10.8802,27.1939,35.9607
207.0,413.0,10.9196,39.6568,93.0076,232.7677,0.0279,0.0001,99.8322,204.657,49.45,-16.6365,0.0,0.0001,2.3605,-0.0001,6.1732,35.5081,10.8681,27.1954,35.9626
208.0,415.0,10.9142,39.652,98.68,232.4676,0.0235,0.0001,99.8361,204.657,49.45,-16.6365,0.0,0.0001,2.3586,-0.0009,6.1757,35.5078,10.8626,27.1962,35.9637
209.0,417.0,10.9027,39.6383,61.512,231.9532,0.0208,0.0001,99.8272,204.6571,49.45,-16.6365,0.0,0.0001,2.3553,-0.0012,6.1763,35.5043,10.8508,27.1955,35.9636
210.0,419.0,10.8883,39.6245,93.687,231.6888,0.0217,0.0001,99.8179,204.6571,49.45,-16.6365,0.0,0.0001,2.3512,-0.0012,6.1793,35.5034,10.8362,27.1975,35.9662
211.0,421.0,10.8764,39.6117,98.695,231.3295,0.0211,0.0001,99.7463,204.6571,49.45,-16.6365,0.0,0.0001,2.3483,-0.0013,6.1791,35.5011,10.8241,27.1979,35.9671
212.0,423.0,10.871,39.6085,98.6856,231.9401,0.0271,0.0001,99.81,204.6571,49.45,-16.6365,0.0,0.0001,2.3491,0.0,6.1802,35.5024,10.8184,27.1999,35.9693
213.0,425.0,10.8683,39.6057,98.7029,231.3729,0.0234,0.0001,99.8271,204.6572,49.45,-16.6365,0.0,0.0001,2.3456,-0.0011,6.1814,35.5013,10.8154,27.1996,35.9691
214.0,427.0,10.8598,39.5976,98.6892,231.0767,0.0225,0.0001,99.8241,204.6572,49.45,-16.6365,0.0,0.0001,2.3435,-0.0011,6.1814,35.5003,10.8067,27.2004,35.9703
215.0,429.0,10.859,39.5996,98.6985,231.743,0.0242,0.0001,99.8244,204.6572,49.45,-16.6365,0.0,0.0001,2.3442,0.0003,6.1837,35.5021,10.8057,27.202,35.9719
216.0,431.0,10.8526,39.5882,98.7025,230.4596,0.0236,0.0001,99.8279,204.6573,49.45,-16.6365,0.0,0.0001,2.3399,-0.0025,6.1868,35.4962,10.7991,27.1986,35.9688
217.0,433.0,10.8306,39.5646,69.6485,229.4195,0.0216,0.0001,99.8401,204.6573,49.45,-16.6365,0.0,0.0001,2.3332,-0.0032,6.1862,35.4928,10.7768,27.2,35.9712
218.0,435.0,10.8159,39.5509,96.4588,229.8827,0.0227,0.0001,99.8434,204.6573,49.45,-16.6365,0.0,0.0001,2.331,-0.0011,6.1864,35.4923,10.7619,27.2023,35.9741
219.0,437.0,10.8142,39.5541,98.6963,230.1969,0.0226,0.0001,99.837,204.6573,49.45,-16.6365,0.0,0.0001,2.3309,-0.0003,6.1876,35.4964,10.76,27.2058,35.9776
220.0,439.0,10.8143,39.5543,98.6969,229.7506,0.0224,0.0001,99.8401,204.6574,49.45,-16.6365,0.0,0.0001,2.3284,-0.0009,6.187,35.4956,10.7598,27.2052,35.9771
221.0,441.0,10.8141,39.5567,80.5408,230.3917,0.0217,0.0001,99.8339,204.6574,49.45,-16.6365,0.0,0.0001,2.329,0.0004,6.187,35.4974,10.7594,27.2067,35.9785
222.0,443.0,10.8177,39.5629,98.6832,230.3585,0.0204,0.0001,99.8401,204.6574,49.45,-16.6365,0.0,0.0001,2.3288,0.0001,6.1873,35.4991,10.7628,27.2074,35.9791
223.0,445.0,10.8157,39.5615,98.6909,230.2793,0.0241,0.0001,99.8429,204.6575,49.45,-16.6365,0.0,0.0001,2.3286,-0.0002,6.1882,35.4987,10.7605,27.2075,35.9793
224.0,447.0,10.8122,39.5572,98.6957,230.0031,0.0231,0.0001,99.8386,204.6575,49.45,-16.6365,0.0,0.0001,2.3273,-0.0008,6.19,35.4971,10.7567,27.2069,35.9789
225.0,449.0,10.8016,39.546,88.149,229.1201,0.0219,0.0001,99.8401,204.6575,49.45,-16.6365,0.0,0.0001,2.3233,-0.002,6.1907,35.4952,10.7459,27.2074,35.9799
226.0,451.0,10.7954,39.541,83.8246,228.0781,0.0194,0.0001,99.8401,204.6575,49.45,-16.6365,0.0,0.0001,2.3172,-0.0031,6.1908,35.4954,10.7395,27.2087,35.9814
227.0,453.0,10.7907,39.5383,98.5246,228.0533,0.0193,0.0001,99.8298,204.6576,49.45,-16.6365,0.0,0.0001,2.3126,-0.0016,6.1908,35.4962,10.7346,27.2102,35.9831
228.0,455.0,10.7898,39.5384,98.6936,228.1,0.0194,0.0001,99.8281,204.6576,49.45,-16.6365,0.0,0.0001,2.3101,-0.0009,6.1932,35.4962,10.7334,27.2104,35.9834
229.0,457.0,10.7782,39.523,98.6883,227.4092,0.0225,0.0001,99.8266,204.6576,49.45,-16.6365,0.0,0.0001,2.3056,-0.0018,6.196,35.491,10.7215,27.2085,35.9821
230.0,459.0,10.7625,39.507,70.7745,226.7172,0.0207,0.0001,99.8401,204.6576,49.45,-16.6365,0.0,0.0001,2.3013,-0.0023,6.1958,35.4894,10.7057,27.2101,35.9843
231.0,461.0,10.7525,39.5004,89.7735,227.0583,0.0226,0.0001,99.8284,204.6577,49.45,-16.6365,0.0,0.0001,2.3001,-0.0008,6.1954,35.4915,10.6955,27.2136,35.9882
232.0,463.0,10.7563,39.5067,97.2789,228.1054,0.0232,0.0001,99.8262,204.6577,49.45,-16.6365,0.0,0.0001,2.3021,0.001,6.1962,35.4933,10.699,27.2144,35.9888
233.0,465.0,10.7509,39.5002,98.6912,228.9237,0.0227,0.0001,99.8305,204.6577,49.45,-16.6365,0.0,0.0001,2.3062,0.0018,6.1967,35.4911,10.6934,27.2136,35.9883
234.0,467.0,10.7423,39.4926,85.0764,228.5889,0.0217,0.0001,99.8318,204.6578,49.45,-16.6365,0.0,0.0001,2.3067,0.0002,6.2002,35.4909,10.6845,27.2151,35.9902
235.0,469.0,10.7289,39.476,98.6837,228.573,0.0203,0.0001,99.8214,204.6578,49.45,-16.6365,0.0,0.0001,2.3065,-0.0001,6.2007,35.4862,10.671,27.2139,35.9895
236.0,471.0,10.7136,39.4609,98.6899,228.9161,0.0222,0.0001,99.8281,204.6578,49.45,-16.6365,0.0,0.0001,2.3074,0.0005,6.2002,35.4847,10.6554,27.2155,35.9918
237.0,473.0,10.7128,39.4652,98.6864,228.2887,0.0254,0.0001,99.7909,204.6578,49.45,-16.6365,0.0,0.0001,2.3053,-0.0008,6.2008,35.4892,10.6544,27.2191,35.9954
238.0,475.0,10.7188,39.4732,81.1666,224.535,0.0228,0.0001,99.8145,204.6579,49.45,-16.6364,0.0,0.0001,2.2896,-0.0062,6.2012,35.4905,10.6601,27.2191,35.9952
239.0,477.0,10.7185,39.4761,98.695,224.6795,0.0188,0.0001,99.8112,204.6579,49.45,-16.6364,0.0,0.0001,2.2821,-0.0034,6.2023,35.4928,10.6596,27.221,35.9971
240.0,479.0,10.7105,39.4652,95.5594,225.1482,0.0214,0.0001,99.8169,204.6579,49.45,-16.6364,0.0,0.0001,2.2798,-0.0013,6.2031,35.4887,10.6513,27.2193,35.9958
241.0,481.0,10.7041,39.4596,98.68,224.6224,0.0231,0.0001,99.8053,204.658,49.4501,-16.6364,0.0,0.0001,2.2759,-0.0016,6.2043,35.4883,10.6447,27.2202,35.9969
242.0,483.0,10.6921,39.447,98.6945,225.4478,0.02,0.0001,99.8126,204.658,49.4501,-16.6364,0.0,0.0001,2.2762,0.0005,6.2047,35.4865,10.6325,27.221,35.9982
243.0,485.0,10.6878,39.4443,70.3612,226.089,0.021,0.0001,99.8083,204.658,49.4501,-16.6364,0.0,0.0001,2.279,0.0011,6.2045,35.4872,10.628,27.2223,35.9997
244.0,487.0,10.6928,39.453,87.2396,225.1268,0.0204,0.0001,99.8112,204.658,49.4501,-16.6364,0.0,0.0001,2.2768,-0.0011,6.2052,35.49,10.6327,27.2236,36.0008
245.0,489.0,10.662,39.4134,98.6884,224.6584,0.0209,0.0001,99.8112,204.6581,49.4501,-16.6364,0.0,0.0001,2.273,-0.0018,6.2118,35.479,10.6017,27.2206,35.9992
246.0,491.0,10.6604,39.4088,98.6835,220.488,0.0189,0.0001,99.82,204.6581,49.4501,-16.6364,0.0,0.0001,2.2541,-0.0072,6.2146,35.4752,10.5999,27.218,35.9967
247.0,493.0,10.6245,39.3703,98.7025,220.3068,0.0174,0.0001,99.8112,204.6581,49.4501,-16.6364,0.0,0.0001,2.2454,-0.0045,6.2152,35.4703,10.5639,27.2206,36.0009
248.0,495.0,10.6166,39.3672,69.718,221.1929,0.0244,0.0001,99.816,204.6581,49.4501,-16.6364,0.0,0.0001,2.2418,-0.0015,6.2186,35.4739,10.5558,27.2248,36.0054
249.0,497.0,10.5942,39.3406,81.486,220.1773,0.022,0.0001,99.804,204.6582,49.4501,-16.6364,0.0,0.0001,2.2362,-0.0025,6.2192,35.4679,10.5332,27.2241,36.0058
250.0,499.0,10.5863,39.3372,98.68,219.9921,0.0229,0.0001,99.8119,204.6582,49.4501,-16.6364,0.0,0.0001,2.232,-0.0016,6.2192,35.4712,10.5251,27.2282,36.0101
251.0,501.0,10.5857,39.3381,98.6868,219.9046,0.0215,0.0001,99.8032,204.6582,49.4501,-16.6364,0.0,0.0001,2.2291,-0.001,6.2189,35.4718,10.5242,27.2288,36.0108
252.0,503.0,10.5865,39.3408,98.6925,220.5625,0.0187,0.0001,99.8167,204.6583,49.4501,-16.6364,0.0,0.0001,2.23,0.0005,6.2185,35.473,10.5248,27.2296,36.0115
253.0,505.0,10.5885,39.3445,97.1947,220.9759,0.0187,0.0001,99.8102,204.6583,49.4501,-16.6364,0.0,0.0001,2.2312,0.0009,6.2184,35.474,10.5265,27.2301,36.0119
254.0,507.0,10.5908,39.3492,82.9421,221.0772,0.0196,0.0001,99.7888,204.6583,49.4501,-16.6364,0.0,0.0001,2.2332,0.0006,6.2191,35.4755,10.5286,27.2309,36.0126
255.0,509.0,10.5862,39.3435,98.6817,220.6705,0.0227,0.0001,99.8082,204.6583,49.4501,-16.6364,0.0,0.0001,2.2317,-0.0007,6.2231,35.4733,10.5237,27.23,36.012
256.0,511.0,10.5589,39.3092,18.5814,219.871,0.0212,0.0001,99.8,204.6584,49.4501,-16.6364,0.0,0.0001,2.229,-0.002,6.2216,35.4642,10.4963,27.2278,36.011
257.0,513.0,10.5593,39.3208,89.3795,221.4084,0.0181,0.0001,99.81,204.6584,49.4501,-16.6364,0.0,0.0001,2.2314,0.0012,6.2224,35.4747,10.4964,27.236,36.019
258.0,515.0,10.5624,39.3246,98.6804,221.6253,0.0195,0.0001,99.8112,204.6584,49.4501,-16.6364,0.0,0.0001,2.2342,0.0006,6.2217,35.4747,10.4992,27.2355,36.0184
259.0,517.0,10.5685,39.3327,98.68,222.2762,0.021,0.0001,99.8112,204.6584,49.4501,-16.6364,0.0,0.0001,2.2368,0.0013,6.2224,35.4758,10.5051,27.2353,36.018
260.0,519.0,10.5639,39.3284,98.68,221.5795,0.0205,0.0001,99.8112,204.6585,49.4501,-16.6364,0.0,0.0001,2.2361,-0.0006,6.2231,35.4751,10.5002,27.2357,36.0186
261.0,521.0,10.5565,39.3189,98.5513,221.2489,0.0219,0.0001,99.808,204.6585,49.4501,-16.6364,0.0,0.0001,2.2334,-0.0009,6.2258,35.472,10.4926,27.2346,36.0178
262.0,523.0,10.5425,39.3037,98.6834,220.5401,0.021,0.0001,99.8112,204.6585,49.4501,-16.6364,0.0,0.0001,2.2288,-0.002,6.2309,35.4693,10.4784,27.235,36.0189
263.0,525.0,10.5176,39.272,98.6847,218.9851,0.0249,0.0001,99.8069,204.6586,49.4501,-16.6364,0.0,0.0001,2.2222,-0.0035,6.225,35.4606,10.4534,27.2326,36.0177
264.0,527.0,10.5102,39.281,98.681,220.2079,0.0245,0.0001,99.8165,204.6586,49.4501,-16.6364,0.0,0.0001,2.2215,-0.0003,6.2234,35.476,10.4458,27.246,36.0311
265.0,529.0,10.5586,39.3403,78.9858,222.3173,0.0223,0.0001,99.8112,204.6586,49.4501,-16.6364,0.0,0.0001,2.23,0.003,6.224,35.4878,10.4937,27.2467,36.0297
266.0,531.0,10.556,39.3289,93.7825,221.0278,0.0219,0.0001,99.8091,204.6586,49.4501,-16.6364,0.0,0.0001,2.2288,-0.0008,6.2261,35.4783,10.4909,27.2398,36.023
267.0,533.0,10.5332,39.3065,98.5978,220.5937,0.0216,0.0001,99.8082,204.6587,49.4501,-16.6363,0.0,0.0001,2.2262,-0.0011,6.2247,35.4767,10.4679,27.2426,36.0268
268.0,535.0,10.5363,39.3163,98.296,221.1774,0.0241,0.0001,99.7939,204.6587,49.4501,-16.6363,0.0,0.0001,2.2268,0.0001,6.2253,35.4828,10.4707,27.2468,36.0308
269.0,537.0,10.5397,39.3197,98.68,221.398,0.0243,0.0002,99.6097,204.6587,49.4501,-16.6363,0.0,0.0001,2.2274,0.0005,6.2253,35.4819,10.4739,27.2456,36.0295
270.0,539.0,10.5355,39.3159,90.3459,221.0167,0.0222,0.0001,99.8003,204.6587,49.4501,-16.6363,0.0,0.0001,2.2265,-0.0005,6.226,35.4813,10.4694,27.2459,36.03
271.0,541.0,10.5348,39.3164,85.6077,220.693,0.0242,0.0001,99.8112,204.6588,49.4501,-16.6363,0.0,0.0001,2.2239,-0.0009,6.228,35.4814,10.4684,27.2462,36.0303
272.0,543.0,10.5318,39.3136,83.6782,220.808,0.021,0.0001,99.7875,204.6588,49.4501,-16.6363,0.0,0.0001,2.2234,-0.0005,6.2282,35.4806,10.4653,27.2461,36.0304
273.0,545.0,10.5199,39.3008,95.4504,220.749,0.0211,0.0001,99.7921,204.6588,49.4501,-16.6363,0.0,0.0001,2.2234,-0.0004,6.2282,35.4784,10.4532,27.2466,36.0314
274.0,547.0,10.5146,39.2985,95.8749,220.8519,0.0229,0.0001,99.7782,204.6589,49.4501,-16.6363,0.0,0.0001,2.222,-0.0004,6.2313,35.4804,10.4476,27.2491,36.0341
275.0,549.0,10.4982,39.2767,82.1567,219.4015,0.0213,0.0001,99.7861,204.6589,49.4501,-16.6363,0.0,0.0001,2.2156,-0.0026,6.2336,35.4733,10.431,27.2465,36.0323
276.0,551.0,10.4839,39.2641,98.68,218.8414,0.0221,0.0001,99.7968,204.6589,49.4501,-16.6363,0.0,0.0001,2.2104,-0.0026,6.2356,35.4737,10.4165,27.2493,36.0357
277.0,553.0,10.4709,39.249,98.68,218.8586,0.0197,0.0001,99.7875,204.6589,49.4501,-16.6363,0.0,0.0001,2.2073,-0.0015,6.2347,35.4702,10.4034,27.2489,36.0359
278.0,555.0,10.4657,39.2507,98.68,219.6661,0.0184,0.0001,99.7891,204.659,49.4501,-16.6363,0.0,0.0001,2.2082,0.0003,6.234,35.4761,10.3979,27.2545,36.0416
279.0,557.0,10.4721,39.259,87.2618,219.667,0.0215,0.0001,99.7857,204.659,49.4501,-16.6363,0.0,0.0001,2.2082,0.0,6.2356,35.4774,10.404,27.2545,36.0413
280.0,559.0,10.4686,39.2552,98.68,219.6632,0.0215,0.0001,99.7824,204.659,49.4501,-16.6363,0.0,0.0001,2.2076,-0.0001,6.2383,35.4759,10.4003,27.2539,36.041
281.0,561.0,10.4544,39.2375,96.9585,219.2377,0.0213,0.0001,99.7752,204.659,49.4501,-16.6363,0.0,0.0001,2.2058,-0.0008,6.2393,35.471,10.3859,27.2526,36.0403
282.0,563.0,10.4424,39.2265,98.6843,218.6338,0.0228,0.0001,99.7824,204.6591,49.4501,-16.6363,0.0,0.0001,2.2022,-0.0016,6.2408,35.4706,10.3737,27.2545,36.0427
283.0,565.0,10.4293,39.2124,98.68,218.6746,0.0223,0.0001,99.7845,204.6591,49.4501,-16.6363,0.0,0.0001,2.1998,-0.0011,6.2449,35.4681,10.3604,27.2549,36.0437
284.0,567.0,10.4078,39.1836,76.047,218.7483,0.0196,0.0001,99.78,204.6591,49.4501,-16.6363,0.0,0.0001,2.1974,-0.0006,6.249,35.4591,10.3387,27.2516,36.0415
285.0,569.0,10.3788,39.1539,91.4936,218.3116,0.0198,0.0001,99.7854,204.6592,49.4501,-16.6363,0.0,0.0001,2.1953,-0.0013,6.2506,35.4565,10.3096,27.2547,36.0458
286.0,571.0,10.3659,39.142,98.6775,217.9876,0.0237,0.0001,99.7824,204.6592,49.4501,-16.6363,0.0,0.0001,2.1925,-0.0014,6.2516,35.4561,10.2965,27.2567,36.0484
287.0,573.0,10.3525,39.1294,98.68,218.4659,0.0211,0.0001,99.7864,204.6592,49.4501,-16.6363,0.0,0.0001,2.1925,0.0,6.2514,35.4552,10.2829,27.2585,36.0507
288.0,575.0,10.3476,39.1265,98.68,217.9217,0.0218,0.0001,99.7867,204.6592,49.4501,-16.6362,0.0,0.0001,2.1897,-0.0011,6.2535,35.4562,10.2778,27.2601,36.0525
289.0,577.0,10.3433,39.1208,98.68,217.7512,0.0245,0.0001,99.7869,204.6593,49.4501,-16.6362,0.0,0.0001,2.1873,-0.0009,6.2551,35.4538,10.2732,27.259,36.0516
290.0,579.0,10.3292,39.1063,98.68,217.0243,0.0228,0.0001,99.7824,204.6593,49.4501,-16.6362,0.0,0.0001,2.1839,-0.0018,6.2539,35.4517,10.2589,27.2599,36.0531
291.0,581.0,10.3169,39.0967,98.6821,217.9822,0.0213,0.0001,99.7857,204.6593,49.4501,-16.6362,0.0,0.0001,2.184,0.0,6.2606,35.4529,10.2465,27.263,36.0568
292.0,583.0,10.3022,39.0738,80.0443,216.4787,0.0221,0.0001,99.7824,204.6594,49.4501,-16.6362,0.0,0.0001,2.1791,-0.0024,6.2595,35.4432,10.2316,27.258,36.0526
293.0,585.0,10.2725,39.0457,98.5862,215.8229,0.0238,0.0001,99.7883,204.6594,49.4501,-16.6362,0.0,0.0001,2.1736,-0.0028,6.2647,35.4427,10.2017,27.2629,36.0586
294.0,587.0,10.27,39.045,95.97,214.8884,0.0204,0.0001,99.7744,204.6594,49.4501,-16.6362,0.0,0.0001,2.1661,-0.0032,6.2695,35.4438,10.1991,27.2641,36.06
295.0,589.0,10.236,39.0021,98.68,213.6536,0.0185,0.0001,99.7874,204.6594,49.4501,-16.6362,0.0,0.0001,2.157,-0.0037,6.2736,35.4321,10.1649,27.261,36.0585
296.0,591.0,10.2049,38.9686,88.1347,213.0293,0.0217,0.0001,99.7864,204.6595,49.4501,-16.6362,0.0,0.0001,2.1488,-0.0034,6.2785,35.4276,10.1337,27.2629,36.0617
297.0,593.0,10.1717,38.9364,93.4982,211.08,0.0224,0.0001,99.7459,204.6595,49.4501,-16.6362,0.0,0.0001,2.138,-0.0049,6.2796,35.4263,10.1004,27.2676,36.0679
298.0,595.0,10.1562,38.9254,98.68,209.9,0.0208,0.0001,99.7824,204.6595,49.4501,-16.6362,0.0,0.0001,2.1267,-0.0043,6.2804,35.4293,10.0848,27.2727,36.0736
299.0,597.0,10.1502,38.9197,98.68,209.5,0.0209,0.0001,99.7824,204.6595,49.4501,-16.6362,0.0,0.0001,2.12,-0.0033,6.2811,35.4286,10.0785,27.2732,36.0744
300.0,599.0,10.1429,38.9143,98.68,208.8293,0.0223,0.0001,99.7891,204.6596,49.4501,-16.6362,0.0,0.0001,2.1127,-0.0028,6.2834,35.4291,10.071,27.2749,36.0764
301.0,601.0,10.1305,38.9013,83.1381,208.172,0.0201,0.0001,99.7933,204.6596,49.4501,-16.6362,0.0,0.0001,2.1064,-0.0026,6.283,35.427,10.0584,27.2755,36.0775
302.0,603.0,10.1195,38.8929,98.68,208.7106,0.0186,0.0001,99.7725,204.6596,49.4501,-16.6362,0.0,0.0001,2.1047,-0.0006,6.2844,35.4283,10.0472,27.2784,36.0809
303.0,605.0,10.1225,38.8994,82.5329,207.2712,0.023,0.0001,99.7871,204.6597,49.4501,-16.6362,0.0,0.0001,2.0989,-0.0029,6.2868,35.4313,10.05,27.2803,36.0826
304.0,607.0,10.1146,38.887,93.7782,207.1209,0.0216,0.0001,99.7702,204.6597,49.4501,-16.6362,0.0,0.0001,2.0952,-0.0019,6.2857,35.4253,10.0418,27.277,36.0798
305.0,609.0,10.0961,38.8663,86.6139,208.0856,0.0243,0.0001,99.7795,204.6597,49.4501,-16.6362,0.0,0.0001,2.0952,0.0003,6.2878,35.4212,10.0231,27.2771,36.0806
306.0,611.0,10.0925,38.8658,98.68,207.9471,0.0252,0.0001,99.78,204.6597,49.4502,-16.6362,0.0,0.0001,2.0943,-0.0003,6.2932,35.4236,10.0193,27.2796,36.0833
307.0,613.0,10.0641,38.8335,98.68,207.5753,0.0232,0.0001,99.7785,204.6598,49.4501,-16.6362,0.0,0.0001,2.0921,-0.001,6.2956,35.4173,9.9908,27.2796,36.0846
308.0,615.0,10.0505,38.82,98.68,207.5085,0.023,0.0001,99.7824,204.6598,49.4501,-16.6362,0.0,0.0001,2.0916,-0.0007,6.2936,35.4159,9.9771,27.2809,36.0865
309.0,617.0,10.0413,38.8137,98.3141,207.4658,0.0212,0.0001,99.7755,204.6598,49.4501,-16.6362,0.0,0.0001,2.0899,-0.0006,6.2953,35.4175,9.9676,27.2837,36.0897
310.0,619.0,10.0415,38.8167,98.68,207.1453,0.0217,0.0001,99.7849,204.6598,49.4502,-16.6362,0.0,0.0001,2.0875,-0.001,6.2976,35.4196,9.9676,27.2853,36.0913
311.0,621.0,10.0321,38.8047,98.68,206.3022,0.0236,0.0001,99.7824,204.6599,49.4502,-16.6362,0.0,0.0001,2.0831,-0.0018,6.2978,35.4155,9.958,27.2838,36.0902
312.0,623.0,10.0245,38.801,79.7101,205.5077,0.0209,0.0001,99.778,204.6599,49.4502,-16.6361,0.0,0.0001,2.0781,-0.0025,6.2998,35.4182,9.9501,27.2873,36.094
313.0,625.0,10.0149,38.7914,92.7297,204.7484,0.0182,0.0001,99.7764,204.6599,49.4502,-16.6361,0.0,0.0001,2.0722,-0.0024,6.2978,35.417,9.9404,27.288,36.0952
314.0,627.0,10.0234,38.81,98.68,202.5382,0.019,0.0001,99.7824,204.66,49.4502,-16.6361,0.0,0.0001,2.0614,-0.0048,6.2974,35.4267,9.9485,27.2942,36.1008
315.0,629.0,10.0257,38.8125,98.68,202.4214,0.0179,0.0001,99.7824,204.66,49.4502,-16.6361,0.0,0.0001,2.0557,-0.0029,6.2956,35.4261,9.9506,27.2934,36.1
316.0,631.0,10.0365,38.8298,92.303,201.1143,0.0207,0.0001,99.7742,204.66,49.4502,-16.6361,0.0,0.0001,2.0471,-0.0034,6.2939,35.4325,9.9611,27.2965,36.1026
317.0,633.0,10.0455,38.8438,98.68,199.6802,0.0214,0.0001,99.8049,204.66,49.4502,-16.6361,0.0,0.0001,2.0364,-0.004,6.293,35.4371,9.9699,27.2986,36.1043
318.0,635.0,10.0562,38.8569,98.68,198.864,0.0213,0.0001,99.7943,204.6601,49.4502,-16.6361,0.0,0.0001,2.0305,-0.0038,6.2936,35.4391,9.9802,27.2984,36.1036
319.0,637.0,10.0576,38.8586,98.68,200.3659,0.0226,0.0001,99.7754,204.6601,49.4502,-16.6361,0.0,0.0001,2.0296,-0.0001,6.298,35.4385,9.9813,27.2978,36.1029
320.0,639.0,10.0479,38.8381,88.1355,199.1563,0.0225,0.0001,99.7824,204.6601,49.4502,-16.6361,0.0,0.0001,2.0256,-0.002,6.2993,35.4264,9.9715,27.29,36.0956
321.0,641.0,9.9983,38.7913,95.202,199.3512,0.0226,0.0001,99.7806,204.6601,49.4502,-16.6361,0.0,0.0001,2.0236,-0.0006,6.294,35.4261,9.9219,27.2983,36.1061
322.0,643.0,10.0258,38.8451,95.9466,196.9176,0.0218,0.0001,99.7765,204.6602,49.4502,-16.6361,0.0,0.0001,2.0149,-0.0044,6.2935,35.4532,9.949,27.3148,36.121
323.0,645.0,10.0559,38.8785,98.68,196.1508,0.0211,0.0001,99.7865,204.6602,49.4502,-16.6361,0.0,0.0001,2.006,-0.0032,6.2926,35.4569,9.9787,27.3126,36.1176
324.0,647.0,10.0595,38.8817,98.68,195.9577,0.023,0.0001,99.7575,204.6602,49.4502,-16.6361,0.0,0.0001,2.0007,-0.0024,6.2985,35.4558,9.9821,27.3111,36.116
325.0,649.0,10.0155,38.8175,78.5075,194.5967,0.0231,0.0001,99.7108,204.6603,49.4502,-16.6361,0.0,0.0001,1.9922,-0.0029,6.2934,35.4323,9.938,27.3003,36.1074
326.0,651.0,10.0319,38.8727,91.7384,192.9262,0.026,0.0001,99.7878,204.6603,49.4502,-16.6361,0.0,0.0001,1.9832,-0.0045,6.295,35.4717,9.954,27.3284,36.1342
327.0,653.0,10.0392,38.8694,98.0824,192.821,0.0238,0.0001,99.7462,204.6603,49.4502,-16.6361,0.0,0.0001,1.977,-0.003,6.2961,35.4603,9.961,27.3183,36.1239
328.0,655.0,10.0268,38.8586,98.68,193.0183,0.022,0.0001,99.7791,204.6603,49.4502,-16.6361,0.0,0.0001,1.9743,-0.0014,6.2975,35.4606,9.9485,27.3207,36.1268
329.0,657.0,10.0182,38.8509,98.68,191.8612,0.0206,0.0001,99.7679,204.6604,49.4502,-16.6361,0.0,0.0001,1.9663,-0.0025,6.301,35.4602,9.9396,27.3218,36.1284
330.0,659.0,10.007,38.8382,98.68,190.9812,0.0225,0.0001,99.7949,204.6604,49.4502,-16.6361,0.0,0.0001,1.9609,-0.0028,6.3051,35.4571,9.9282,27.3214,36.1285
331.0,661.0,9.9751,38.7871,98.68,191.5634,0.0231,0.0001,99.7906,204.6604,49.4502,-16.6361,0.0,0.0001,1.9594,-0.001,6.3039,35.4352,9.8963,27.3098,36.1185
332.0,663.0,9.9326,38.76,98.68,192.0774,0.0241,0.0001,99.7938,204.6604,49.4502,-16.636,0.0,0.0001,1.9586,-0.0003,6.314,35.4483,9.8538,27.3273,36.1377
333.0,665.0,9.9139,38.7201,81.8543,191.6829,0.021,0.0001,99.7819,204.6605,49.4502,-16.636,0.0,0.0001,1.956,-0.0008,6.3164,35.4248,9.8349,27.3122,36.1237
334.0,667.0,9.8838,38.7069,98.7352,191.8977,0.022,0.0001,99.7946,204.6605,49.4502,-16.636,0.0,0.0001,1.9558,-0.0002,6.3172,35.4397,9.8047,27.3289,36.1415
335.0,669.0,9.8863,38.7143,94.2797,191.181,0.0193,0.0001,99.7978,204.6605,49.4502,-16.636,0.0,0.0001,1.9531,-0.0014,6.3185,35.4441,9.8069,27.332,36.1444
336.0,671.0,9.8721,38.6997,98.68,190.8567,0.0197,0.0001,99.794,204.6605,49.4502,-16.636,0.0,0.0001,1.9499,-0.0012,6.3192,35.4421,9.7925,27.3329,36.1459
337.0,673.0,9.8646,38.6932,92.6941,191.1061,0.0203,0.0001,99.7959,204.6606,49.4502,-16.636,0.0,0.0001,1.9483,-0.0004,6.3199,35.4419,9.7848,27.334,36.1474
338.0,675.0,9.8612,38.6917,98.68,190.8586,0.0193,0.0001,99.7816,204.6606,49.4502,-16.636,0.0,0.0001,1.9463,-0.0009,6.3277,35.4426,9.7812,27.3352,36.1487
339.0,677.0,9.857,38.6784,98.68,190.4831,0.0208,0.0001,99.8006,204.6606,49.4502,-16.636,0.0,0.0001,1.9444,-0.0011,6.3234,35.4323,9.7768,27.3279,36.1418
340.0,679.0,9.7948,38.613,98.68,191.0816,0.0224,0.0001,99.7763,204.6607,49.4502,-16.636,0.0,0.0001,1.9446,-0.0002,6.3314,35.4253,9.7146,27.333,36.1496
341.0,681.0,9.7769,38.599,98.68,190.5381,0.0189,0.0001,99.7706,204.6607,49.4502,-16.636,0.0,0.0001,1.9414,-0.0012,6.3358,35.4276,9.6966,27.3378,36.1551
342.0,683.0,9.7655,38.5876,67.2494,190.5371,0.0164,0.0002,99.6334,204.6607,49.4502,-16.636,0.0,0.0001,1.9409,-0.0007,6.3341,35.4262,9.685,27.3387,36.1566
343.0,685.0,9.71,38.5178,98.6548,191.0074,0.0201,0.0001,99.7773,204.6607,49.4502,-16.636,0.0,0.0001,1.9404,-0.0004,6.3483,35.4081,9.6296,27.3339,36.1544
344.0,687.0,9.6707,38.4773,98.6753,191.3566,0.0201,0.0001,99.7385,204.6608,49.4502,-16.636,0.0,0.0001,1.9397,0.0003,6.3501,35.4039,9.5902,27.3372,36.1594
345.0,689.0,9.6332,38.4405,98.68,191.5844,0.0196,0.0001,99.7758,204.6608,49.4502,-16.636,0.0,0.0001,1.9401,0.0002,6.3549,35.4017,9.5526,27.3418,36.1657
346.0,691.0,9.6239,38.4351,98.68,190.5777,0.0226,0.0001,99.7726,204.6608,49.4502,-16.636,0.0,0.0001,1.9377,-0.0015,6.3555,35.4047,9.5432,27.3458,36.17
347.0,693.0,9.6182,38.4313,77.1307,190.5402,0.0227,0.0001,99.7759,204.6608,49.4502,-16.636,0.0,0.0001,1.9355,-0.001,6.3557,35.4055,9.5373,27.3474,36.1718
348.0,695.0,9.6135,38.4284,96.1021,190.7042,0.0215,0.0001,99.7733,204.6609,49.4502,-16.636,0.0,0.0001,1.9345,-0.0005,6.3569,35.406,9.5324,27.3486,36.1732
349.0,697.0,9.6063,38.4202,98.652,190.0092,0.0221,0.0001,99.7776,204.6609,49.4502,-16.636,0.0,0.0001,1.9308,-0.0014,6.3608,35.4038,9.525,27.3481,36.1731
350.0,699.0,9.5843,38.3976,98.5661,189.8798,0.0233,0.0001,99.7824,204.6609,49.4502,-16.6359,0.0,0.0001,1.9282,-0.001,6.3626,35.401,9.5028,27.3496,36.1756
351.0,701.0,9.5727,38.3852,98.68,189.4455,0.0244,0.0001,99.7764,204.661,49.4502,-16.6359,0.0,0.0001,1.9262,-0.0013,6.3596,35.3988,9.491,27.3499,36.1764
352.0,703.0,9.5651,38.3826,98.68,189.6463,0.023,0.0001,99.7905,204.661,49.4502,-16.6359,0.0,0.0001,1.9242,-0.0006,6.3623,35.4028,9.4832,27.3543,36.1811
353.0,705.0,9.5652,38.3844,81.988,189.2677,0.0238,0.0001,99.7502,204.661,49.4502,-16.6359,0.0,0.0001,1.9231,-0.001,6.3628,35.4037,9.4832,27.355,36.1818
354.0,707.0,9.5646,38.3861,95.4663,188.9729,0.0222,0.0001,99.7857,204.661,49.4502,-16.6359,0.0,0.0001,1.9199,-0.0012,6.3639,35.405,9.4823,27.3562,36.183
355.0,709.0,9.5608,38.3834,97.5767,188.6351,0.0186,0.0001,99.7784,204.6611,49.4502,-16.6359,0.0,0.0001,1.917,-0.0014,6.3684,35.405,9.4782,27.3569,36.1838
356.0,711.0,9.534,38.3508,98.68,188.6624,0.0195,0.0001,99.7844,204.6611,49.4502,-16.6359,0.0,0.0001,1.9145,-0.0009,6.3714,35.3968,9.4513,27.3549,36.1832
357.0,713.0,9.5057,38.3246,91.2932,188.6156,0.0192,0.0001,99.7976,204.6611,49.4502,-16.6359,0.0,0.0001,1.9117,-0.0008,6.3782,35.3967,9.4229,27.3596,36.189
358.0,715.0,9.476,38.2849,98.68,188.2577,0.0242,0.0001,99.8061,204.6612,49.4502,-16.6359,0.0,0.0001,1.9094,-0.0012,6.3833,35.384,9.3931,27.3546,36.1855
359.0,717.0,9.4408,38.2491,98.68,188.1538,0.0234,0.0001,99.8256,204.6612,49.4502,-16.6359,0.0,0.0001,1.9084,-0.001,6.3802,35.3807,9.358,27.3578,36.1903
360.0,719.0,9.4219,38.2358,98.68,188.5659,0.0244,0.0001,99.7949,204.6612,49.4502,-16.6359,0.0,0.0001,1.908,-0.0002,6.3835,35.3845,9.3388,27.364,36.1972
361.0,721.0,9.4177,38.237,92.8782,188.0006,0.0233,0.0001,99.8279,204.6612,49.4502,-16.6359,0.0,0.0001,1.9058,-0.001,6.3858,35.3891,9.3344,27.3683,36.2017
362.0,723.0,9.4061,38.225,92.2571,187.4318,0.0239,0.0001,99.8006,204.6613,49.4502,-16.6359,0.0,0.0001,1.9023,-0.0014,6.384,35.3872,9.3227,27.3688,36.2027
363.0,725.0,9.4119,38.2405,97.3521,187.4408,0.0198,0.0001,99.8375,204.6613,49.4502,-16.6359,0.0,0.0001,1.9005,-0.0009,6.3835,35.3966,9.3281,27.3752,36.2087
364.0,727.0,9.4191,38.2525,98.68,187.517,0.0254,0.0001,99.7961,204.6613,49.4502,-16.6359,0.0,0.0001,1.8996,-0.0005,6.3841,35.4009,9.3351,27.3774,36.2106
365.0,729.0,9.4142,38.2482,98.68,187.3023,0.0228,0.0001,99.8203,204.6613,49.4502,-16.6359,0.0,0.0001,1.8979,-0.0007,6.3855,35.4004,9.33,27.3779,36.2113
366.0,731.0,9.4068,38.2427,72.6708,186.5973,0.0182,0.0001,99.7974,204.6614,49.4502,-16.6359,0.0,0.0001,1.8943,-0.0015,6.3884,35.4009,9.3223,27.3795,36.2132
367.0,733.0,9.4012,38.2354,98.68,186.7332,0.0168,0.0001,99.8329,204.6614,49.4502,-16.6359,0.0,0.0001,1.8927,-0.0008,6.3893,35.398,9.3166,27.3782,36.2123
368.0,735.0,9.3827,38.2181,95.0139,187.1115,0.0191,0.0001,99.8259,204.6614,49.4502,-16.6359,0.0,0.0001,1.8929,-0.0001,6.3909,35.3975,9.298,27.3809,36.2157
369.0,737.0,9.3651,38.204,98.68,186.415,0.0211,0.0001,99.8372,204.6615,49.4502,-16.6359,0.0,0.0001,1.8901,-0.0011,6.3913,35.3993,9.2801,27.3853,36.2208
370.0,739.0,9.3591,38.2004,98.68,186.0482,0.0205,0.0001,99.8344,204.6615,49.4502,-16.6359,0.0,0.0001,1.8873,-0.0011,6.3895,35.4007,9.2739,27.3874,36.2232
371.0,741.0,9.3705,38.2224,98.68,186.0501,0.0207,0.0001,99.817,204.6615,49.4502,-16.6359,0.0,0.0001,1.8858,-0.0007,6.3898,35.4111,9.285,27.3937,36.2289
372.0,743.0,9.3716,38.2225,98.68,185.8498,0.0197,0.0001,99.831,204.6615,49.4502,-16.6359,0.0,0.0001,1.8838,-0.0008,6.3911,35.4093,9.2859,27.3921,36.2273
373.0,745.0,9.3645,38.2168,98.68,185.7617,0.0203,0.0001,99.8401,204.6616,49.4502,-16.6358,0.0,0.0001,1.8822,-0.0005,6.3906,35.4095,9.2786,27.3935,36.229
374.0,747.0,9.362,38.2167,98.68,185.4491,0.0207,0.0001,99.835,204.6616,49.4502,-16.6358,0.0,0.0001,1.8806,-0.0008,6.3883,35.411,9.2759,27.3951,36.2307
375.0,749.0,9.375,38.2408,77.3227,185.2878,0.0217,0.0001,99.8133,204.6616,49.4502,-16.6358,0.0,0.0001,1.8793,-0.0008,6.3889,35.4223,9.2886,27.4018,36.2367
376.0,751.0,9.3763,38.2422,96.9691,185.1702,0.0209,0.0001,99.8351,204.6616,49.4502,-16.6358,0.0,0.0001,1.8773,-0.0007,6.3909,35.4216,9.2896,27.4012,36.236
377.0,753.0,9.3711,38.2369,98.68,184.9907,0.0209,0.0001,99.8256,204.6617,49.4502,-16.6358,0.0,0.0001,1.8752,-0.001,6.396,35.4204,9.2842,27.4011,36.2362
378.0,755.0,9.3409,38.198,98.68,185.0453,0.0212,0.0001,99.8337,204.6617,49.4502,-16.6358,0.0,0.0001,1.8742,-0.0006,6.3968,35.4089,9.254,27.3971,36.2336
379.0,757.0,9.3245,38.1868,90.7495,185.0589,0.0228,0.0001,99.8341,204.6617,49.4502,-16.6358,0.0,0.0001,1.8733,-0.0004,6.3971,35.4127,9.2374,27.4028,36.24
380.0,759.0,9.3144,38.1771,98.68,185.2438,0.0211,0.0001,99.8266,204.6617,49.4502,-16.6358,0.0,0.0001,1.8731,-0.0002,6.4003,35.4114,9.2271,27.4034,36.2411
381.0,761.0,9.2976,38.1582,98.68,184.9626,0.0221,0.0001,99.8377,204.6618,49.4502,-16.6358,0.0,0.0001,1.8712,-0.0007,6.4058,35.4075,9.2102,27.4031,36.2416
382.0,763.0,9.2722,38.1278,98.68,185.1048,0.0224,0.0001,99.8373,204.6618,49.4502,-16.6358,0.0,0.0001,1.8707,-0.0003,6.4049,35.4,9.1846,27.4014,36.2412
383.0,765.0,9.2581,38.1185,82.6788,185.56,0.0241,0.0001,99.8307,204.6618,49.4502,-16.6358,0.0,0.0001,1.8715,0.0004,6.4069,35.4033,9.1704,27.4064,36.2466
384.0,767.0,9.2542,38.1155,98.7117,185.1345,0.0205,0.0001,99.8401,204.6619,49.4502,-16.6358,0.0,0.0001,1.87,-0.0005,6.4108,35.4032,9.1663,27.407,36.2475
385.0,769.0,9.2301,38.0862,98.6791,185.5034,0.0218,0.0001,99.8401,204.6619,49.4502,-16.6358,0.0,0.0001,1.8703,0.0001,6.4131,35.3955,9.1421,27.4049,36.2465
386.0,771.0,9.2047,38.0631,98.68,185.6358,0.0163,0.0001,99.8308,204.6619,49.4502,-16.6358,0.0,0.0001,1.8702,0.0,6.417,35.3958,9.1166,27.4093,36.252
387.0,773.0,9.1879,38.0486,98.68,185.6742,0.0194,0.0001,99.8363,204.6619,49.4502,-16.6358,0.0,0.0001,1.8701,0.0,6.4178,35.3963,9.0996,27.4125,36.2559
388.0,775.0,9.1786,38.0407,65.0839,185.9035,0.0246,0.0001,99.8401,204.662,49.4502,-16.6358,0.0,0.0001,1.8706,0.0002,6.4183,35.3964,9.0901,27.4141,36.2579
389.0,777.0,9.1775,38.0423,93.7787,185.5143,0.0232,0.0001,99.8401,204.662,49.4502,-16.6358,0.0,0.0001,1.87,-0.0005,6.4199,35.3984,9.0888,27.4158,36.2597
390.0,779.0,9.1687,38.0328,98.6821,185.6701,0.0243,0.0001,99.7912,204.662,49.4502,-16.6358,0.0,0.0001,1.8686,-0.0001,6.4207,35.3962,9.0799,27.4156,36.2599
391.0,781.0,9.1615,38.0279,98.5117,185.819,0.0193,0.0001,99.8274,204.662,49.4502,-16.6358,0.0,0.0001,1.8694,0.0,6.4208,35.3973,9.0725,27.4176,36.2622
392.0,783.0,9.1594,38.0264,98.68,185.785,0.0211,0.0001,99.826,204.6621,49.4502,-16.6358,0.0,0.0001,1.8685,0.0,6.4194,35.3971,9.0701,27.4179,36.2626
393.0,785.0,9.1648,38.0377,98.68,185.2205,0.0206,0.0001,99.8362,204.6621,49.4502,-16.6358,0.0,0.0001,1.867,-0.0009,6.4194,35.4023,9.0752,27.4212,36.2656
394.0,787.0,9.1677,38.0424,81.4292,184.5778,0.0218,0.0001,99.8241,204.6621,49.4502,-16.6358,0.0,0.0001,1.8651,-0.0015,6.4214,35.4035,9.0779,27.4217,36.266
395.0,789.0,9.1604,38.0329,90.9295,184.8383,0.0206,0.0001,99.8367,204.6622,49.4502,-16.6357,0.0,0.0001,1.862,-0.0009,6.4287,35.4,9.0705,27.4201,36.2648
396.0,791.0,9.1196,37.9808,95.9247,185.5573,0.0209,0.0001,99.8401,204.6622,49.4502,-16.6357,0.0,0.0001,1.8623,0.0003,6.4339,35.3851,9.0297,27.4151,36.2617
397.0,793.0,9.076,37.9378,98.68,186.108,0.0195,0.0001,99.8331,204.6622,49.4502,-16.6357,0.0,0.0001,1.8645,0.0008,6.4348,35.3825,8.986,27.4201,36.2687
398.0,795.0,9.0639,37.9307,96.9764,185.8138,0.0178,0.0001,99.8341,204.6622,49.4502,-16.6357,0.0,0.0001,1.8645,0.0,6.4339,35.3861,8.9738,27.4249,36.274
399.0,797.0,9.0645,37.9375,91.7368,185.5322,0.019,0.0001,99.8401,204.6623,49.4502,-16.6357,0.0,0.0001,1.8628,-0.0005,6.4355,35.3916,8.9741,27.4291,36.2781
400.0,799.0,8.9629,37.8084,98.68,185.3572,0.021,0.0001,99.8401,204.6623,49.4502,-16.6357,0.0,0.0001,1.8599,-0.0013,6.458,35.3562,8.8729,27.4177,36.2716
401.0,801.0,8.9081,37.7634,98.68,185.6259,0.0212,0.0001,99.8257,204.6623,49.4502,-16.6357,0.0,0.0001,1.8581,-0.0004,6.4586,35.3626,8.8182,27.4315,36.2877
402.0,803.0,8.8996,37.7575,98.68,186.2623,0.019,0.0001,99.8295,204.6623,49.4502,-16.6357,0.0,0.0001,1.86,0.0007,6.4567,35.3641,8.8095,27.434,36.2906
403.0,805.0,8.8893,37.7468,82.9302,186.3465,0.0189,0.0001,99.8272,204.6624,49.4502,-16.6357,0.0,0.0001,1.8608,0.0002,6.4667,35.3621,8.7991,27.4341,36.2912
404.0,807.0,8.8504,37.7011,97.6262,186.2776,0.0194,0.0001,99.8401,204.6624,49.4502,-16.6357,0.0,0.0001,1.8596,-0.0001,6.4718,35.3518,8.7601,27.4323,36.2912
405.0,809.0,8.8184,37.6711,98.68,186.2847,0.0184,0.0001,99.8401,204.6624,49.4502,-16.6357,0.0,0.0001,1.8584,-0.0004,6.4785,35.3511,8.7281,27.4368,36.2972
406.0,811.0,8.8058,37.6508,98.68,186.1918,0.0249,0.0001,99.8401,204.6625,49.4502,-16.6357,0.0,0.0001,1.8584,-0.0006,6.4825,35.3415,8.7153,27.4313,36.2923
407.0,813.0,8.7485,37.5929,98.68,186.5459,0.0269,0.0001,99.8401,204.6625,49.4502,-16.6357,0.0,0.0001,1.8584,0.0001,6.4838,35.3364,8.6581,27.4364,36.3001
408.0,815.0,8.7328,37.5819,78.1374,186.747,0.0221,0.0001,99.8335,204.6625,49.4502,-16.6357,0.0,0.0001,1.858,0.0001,6.4861,35.3397,8.6423,27.4415,36.3058
409.0,817.0,8.7235,37.572,94.92,186.6082,0.0215,0.0001,99.8401,204.6625,49.4502,-16.6357,0.0,0.0001,1.8565,-0.0003,6.4889,35.3375,8.6328,27.4413,36.306
410.0,819.0,8.7124,37.5617,98.68,186.6408,0.0221,0.0001,99.8401,204.6626,49.4502,-16.6357,0.0,0.0001,1.8559,-0.0003,6.4921,35.3367,8.6216,27.4424,36.3076
411.0,821.0,8.6978,37.5418,98.68,186.3986,0.0204,0.0001,99.8365,204.6626,49.4502,-16.6357,0.0,0.0001,1.8553,-0.0007,6.4966,35.3294,8.6068,27.439,36.305
412.0,823.0,8.6444,37.482,57.2929,187.488,0.02,0.0001,99.8547,204.6626,49.4502,-16.6357,0.0,0.0001,1.8565,0.0011,6.4974,35.3184,8.5535,27.4388,36.3073
413.0,825.0,8.6257,37.4707,91.5186,186.9474,0.0234,0.0001,99.8422,204.6626,49.4502,-16.6357,0.0,0.0001,1.8559,-0.0006,6.5098,35.3244,8.5348,27.4464,36.3157
414.0,827.0,8.5992,37.4295,98.6898,186.567,0.0192,0.0001,99.8586,204.6627,49.4502,-16.6357,0.0,0.0001,1.8523,-0.0012,6.5169,35.3062,8.5082,27.4363,36.307
415.0,829.0,8.5218,37.3514,98.68,187.581,0.0206,0.0001,99.8637,204.6627,49.4502,-16.6357,0.0,0.0001,1.8541,0.0007,6.5194,35.2996,8.431,27.4432,36.3174
416.0,831.0,8.5056,37.3443,98.68,187.5052,0.0221,0.0001,99.8634,204.6627,49.4502,-16.6357,0.0,0.0001,1.8541,0.0001,6.5214,35.3075,8.4147,27.4519,36.3267
417.0,833.0,8.4991,37.3358,98.68,187.4344,0.021,0.0001,99.869,204.6628,49.4502,-16.6357,0.0,0.0001,1.8537,-0.0002,6.5248,35.304,8.408,27.4502,36.3254
418.0,835.0,8.4766,37.3143,79.8814,187.4169,0.0232,0.0001,99.893,204.6628,49.4502,-16.6356,0.0,0.0001,1.8535,-0.0003,6.5263,35.303,8.3854,27.4529,36.3291
419.0,837.0,8.4649,37.3051,98.68,187.6026,0.0259,0.0,99.8834,204.6628,49.4502,-16.6356,0.0,0.0001,1.8535,0.0001,6.5248,35.304,8.3736,27.4556,36.3323
420.0,839.0,8.4554,37.3,98.68,187.7075,0.0236,0.0,99.8908,204.6628,49.4502,-16.6356,0.0,0.0001,1.8535,0.0,6.5272,35.307,8.3639,27.4594,36.3365
421.0,841.0,8.4466,37.2903,72.6695,187.3287,0.0188,0.0001,99.8665,204.6629,49.4502,-16.6356,0.0,0.0001,1.8522,-0.0006,6.5307,35.3046,8.3549,27.4589,36.3364
422.0,843.0,8.4303,37.2724,83.3669,187.4858,0.0217,0.0,99.892,204.6629,49.4502,-16.6356,0.0,0.0001,1.8516,-0.0002,6.5294,35.301,8.3384,27.4586,36.3369
423.0,845.0,8.4197,37.2659,98.686,187.8447,0.0209,0.0,99.8593,204.6629,49.4502,-16.6356,0.0,0.0001,1.8519,0.0002,6.5325,35.3036,8.3277,27.4624,36.3411
424.0,847.0,8.415,37.2624,98.68,187.5544,0.0222,0.0,99.8971,204.6629,49.4502,-16.6356,0.0,0.0001,1.851,-0.0003,6.5315,35.3039,8.3229,27.4633,36.3422
425.0,849.0,8.4188,37.2744,98.68,187.5068,0.0185,0.0,99.8978,204.663,49.4502,-16.6356,0.0,0.0001,1.8506,-0.0002,6.5278,35.3118,8.3263,27.469,36.3477
426.0,851.0,8.431,37.2976,98.5892,187.5778,0.0175,0.0,99.8834,204.663,49.4502,-16.6356,0.0,0.0001,1.851,0.0002,6.5202,35.3232,8.3382,27.4761,36.3541
427.0,853.0,8.472,37.3558,98.68,187.4288,0.0219,0.0,99.8978,204.663,49.4502,-16.6356,0.0,0.0001,1.8501,0.0,6.5176,35.3431,8.3787,27.4854,36.3613
428.0,855.0,8.5017,37.3891,98.68,186.9847,0.0229,0.0,99.8978,204.663,49.4502,-16.6356,0.0,0.0001,1.8493,-0.0007,6.5188,35.3477,8.408,27.4845,36.359
429.0,857.0,8.5039,37.389,64.7117,187.0597,0.0208,0.0,99.8978,204.6631,49.4502,-16.6356,0.0,0.0001,1.8481,-0.0004,6.519,35.3445,8.41,27.4817,36.3562
430.0,859.0,8.4973,37.3867,95.6781,187.2578,0.0202,0.0,99.8941,204.6631,49.4502,-16.6356,0.0,0.0001,1.8485,0.0001,6.5166,35.3477,8.4031,27.4853,36.36
431.0,861.0,8.5145,37.4116,98.6869,186.6585,0.019,0.0,99.9029,204.6631,49.4502,-16.6356,0.0,0.0001,1.8462,-0.001,6.5199,35.3559,8.42,27.4891,36.363
432.0,863.0,8.4965,37.3847,98.68,186.9907,0.0238,0.0,99.8978,204.6632,49.4502,-16.6356,0.0,0.0001,1.8463,-0.0002,6.5191,35.3443,8.4018,27.4828,36.3577
433.0,865.0,8.4803,37.374,98.579,187.4775,0.0198,0.0001,99.8476,204.6632,49.4502,-16.6356,0.0,0.0001,1.847,0.0,6.5316,35.3485,8.3855,27.4886,36.3641
434.0,867.0,8.4513,37.3316,98.68,187.8066,0.0199,0.0,99.8792,204.6632,49.4502,-16.6356,0.0,0.0001,1.8462,0.0002,6.538,35.3317,8.3566,27.4799,36.3569
435.0,869.0,8.391,37.269,98.68,188.081,0.023,0.0,99.9031,204.6632,49.4502,-16.6356,0.0,0.0001,1.8478,0.0005,6.538,35.3244,8.2964,27.4835,36.3634
436.0,871.0,8.3714,37.2573,69.5449,188.4568,0.018,0.0,99.9024,204.6633,49.4502,-16.6356,0.0,0.0001,1.8493,0.0008,6.5361,35.3307,8.2767,27.4915,36.3721
437.0,873.0,8.3838,37.2762,98.6675,188.2172,0.0214,0.0,99.8955,204.6633,49.4502,-16.6356,0.0,0.0001,1.8495,-0.0001,6.5405,35.3374,8.2888,27.4949,36.3748
438.0,875.0,8.3671,37.2469,98.68,187.872,0.0253,0.0001,99.8711,204.6633,49.4502,-16.6355,0.0,0.0001,1.8464,-0.0013,6.5617,35.322,8.2719,27.4854,36.3663
439.0,877.0,8.3018,37.1499,98.68,188.5466,0.0225,0.0,99.8952,204.6634,49.4502,-16.6355,0.0,0.0001,1.8477,0.0001,6.5613,35.2834,8.2069,27.465,36.3495
440.0,879.0,8.2253,37.0918,86.6579,190.848,0.0234,0.0,99.8824,204.6634,49.4502,-16.6355,0.0,0.0001,1.8532,0.0029,6.5616,35.2969,8.1307,27.4874,36.375
441.0,881.0,8.1992,37.0644,98.68,190.2968,0.0219,0.0,99.8978,204.6634,49.4502,-16.6355,0.0,0.0001,1.8554,0.0001,6.5778,35.293,8.1044,27.4883,36.3772
442.0,883.0,8.1379,36.9965,98.68,191.1916,0.0178,0.0,99.8796,204.6634,49.4502,-16.6355,0.0,0.0001,1.8579,0.0008,6.5895,35.2811,8.0433,27.4882,36.38
443.0,885.0,8.0711,36.9216,98.68,191.6794,0.0167,0.0,99.8978,204.6635,49.4502,-16.6355,0.0,0.0001,1.8603,0.0013,6.5816,35.2668,7.9768,27.487,36.382
444.0,887.0,8.0182,36.8739,84.241,192.5343,0.019,0.0,99.8942,204.6635,49.4502,-16.6355,0.0,0.0001,1.8623,0.0014,6.5985,35.2677,7.924,27.4957,36.3931
445.0,889.0,7.9936,36.8563,91.6177,191.7946,0.0221,0.0,99.8888,204.6635,49.4502,-16.6355,0.0,0.0001,1.8614,-0.0005,6.612,35.273,7.8994,27.5036,36.402
446.0,891.0,7.9084,36.7561,97.5961,193.4426,0.0208,0.0,99.9029,204.6635,49.4502,-16.6355,0.0,0.0001,1.8638,0.0018,6.6107,35.25,7.8145,27.4981,36.4007
447.0,893.0,7.9019,36.7695,98.68,193.2291,0.0213,0.0,99.8978,204.6636,49.4502,-16.6355,0.0,0.0001,1.8666,0.0008,6.6062,35.2699,7.8078,27.5148,36.4174
448.0,895.0,7.9237,36.7972,98.68,192.3786,0.0205,0.0,99.9054,204.6636,49.4502,-16.6355,0.0,0.0001,1.8657,-0.0008,6.606,35.2769,7.8292,27.5171,36.4186
449.0,897.0,7.9219,36.7944,83.3186,192.365,0.0234,0.0,99.9022,204.6636,49.4502,-16.6355,0.0,0.0001,1.8639,-0.0006,6.611,35.2747,7.8271,27.5156,36.4173
450.0,899.0,7.8996,36.7659,93.313,192.3321,0.0221,0.0,99.9039,204.6637,49.4502,-16.6355,0.0,0.0001,1.862,-0.0006,6.6162,35.2656,7.8048,27.5119,36.4147
451.0,901.0,7.8721,36.7409,98.68,192.2253,0.0247,0.0,99.9267,204.6637,49.4502,-16.6355,0.0,0.0001,1.8612,-0.0005,6.6135,35.2653,7.7773,27.5157,36.4197
452.0,903.0,7.874,36.7584,98.68,192.1084,0.0227,0.0,99.9216,204.6637,49.4502,-16.6355,0.0,0.0001,1.8604,-0.0006,6.6132,35.2811,7.7789,27.5279,36.4316
453.0,905.0,7.882,36.7663,98.68,191.8163,0.0212,0.0,99.923,204.6637,49.4502,-16.6355,0.0,0.0001,1.8584,-0.0008,6.6151,35.2808,7.7867,27.5265,36.4299
454.0,907.0,7.8736,36.7549,98.68,191.5003,0.0203,0.0,99.9267,204.6638,49.4502,-16.6355,0.0,0.0001,1.8559,-0.001,6.6168,35.2763,7.7782,27.5242,36.4281
455.0,909.0,7.8596,36.7428,98.68,192.1138,0.0215,0.0,99.9267,204.6638,49.4502,-16.6355,0.0,0.0001,1.8559,0.0002,6.6158,35.2764,7.764,27.5264,36.4309
456.0,911.0,7.8633,36.7553,98.68,192.3178,0.0237,0.0,99.9219,204.6638,49.4502,-16.6355,0.0,0.0001,1.8571,0.0005,6.6133,35.285,7.7675,27.5326,36.4368
457.0,913.0,7.8883,36.7925,87.3589,192.0801,0.0213,0.0,99.9345,204.6638,49.4502,-16.6355,0.0,0.0001,1.8568,0.0,6.6094,35.299,7.792,27.54,36.4429
458.0,915.0,7.9027,36.8088,97.142,191.1529,0.0202,0.0,99.9443,204.6639,49.4502,-16.6355,0.0,0.0001,1.8543,-0.0012,6.6092,35.301,7.8061,27.5395,36.4417
459.0,917.0,7.9038,36.8109,98.388,190.7229,0.0199,0.0,99.9513,204.6639,49.4502,-16.6355,0.0,0.0001,1.8523,-0.0013,6.6094,35.301,7.8069,27.5394,36.4415
460.0,919.0,7.9044,36.8134,98.68,190.7561,0.0213,0.0,99.9436,204.6639,49.4502,-16.6355,0.0,0.0001,1.8498,-0.0008,6.6095,35.3023,7.8073,27.5403,36.4425
461.0,921.0,7.9033,36.8141,91.018,191.4063,0.0207,0.0,99.9565,204.6639,49.4502,-16.6354,0.0,0.0001,1.8504,0.0001,6.61,35.3034,7.806,27.5414,36.4436
462.0,923.0,7.8988,36.8114,98.68,191.2835,0.0196,0.0,99.9524,204.664,49.4502,-16.6354,0.0,0.0001,1.85,-0.0004,6.6168,35.3041,7.8013,27.5426,36.445
463.0,925.0,7.8829,36.7933,98.68,191.3674,0.0175,0.0,99.9556,204.664,49.4502,-16.6354,0.0,0.0001,1.8488,-0.0006,6.6283,35.2995,7.7853,27.5414,36.4446
464.0,927.0,7.8253,36.7159,98.68,192.1409,0.021,0.0,99.9551,204.664,49.4502,-16.6354,0.0,0.0001,1.849,0.0002,6.6401,35.2733,7.7279,27.5293,36.4355
465.0,929.0,7.7153,36.6115,98.68,193.6522,0.0204,0.0,99.9613,204.6641,49.4502,-16.6354,0.0,0.0001,1.853,0.0019,6.6426,35.2708,7.6184,27.5435,36.4547
466.0,931.0,7.686,36.5928,84.1909,193.9497,0.0219,0.0,99.9495,204.6641,49.4502,-16.6354,0.0,0.0001,1.8559,0.0004,6.6655,35.2793,7.5891,27.5545,36.4669
467.0,933.0,7.6479,36.5393,98.447,193.3424,0.0217,0.0,99.9517,204.6641,49.4502,-16.6354,0.0,0.0001,1.8561,-0.0014,6.6913,35.2591,7.5511,27.5442,36.4586
468.0,935.0,7.5137,36.3488,98.655,193.9141,0.0188,0.0,99.953,204.6641,49.4501,-16.6354,0.0,0.0001,1.8563,-0.0003,6.6845,35.1876,7.4178,27.5072,36.4288
469.0,937.0,7.3822,36.2586,98.68,196.9044,0.0184,0.0,99.9593,204.6642,49.4502,-16.6354,0.0,0.0001,1.8609,0.0033,6.6847,35.2211,7.2868,27.5525,36.4796
470.0,939.0,7.3649,36.2457,78.6688,195.4518,0.0213,0.0,99.9524,204.6642,49.4502,-16.6354,0.0,0.0001,1.8622,-0.0003,6.6896,35.2237,7.2695,27.557,36.4849
471.0,941.0,7.3769,36.2768,98.6764,196.8741,0.0252,0.0,99.9597,204.6642,49.4501,-16.6354,0.0,0.0001,1.8663,0.0017,6.6896,35.2444,7.281,27.5716,36.4987
472.0,943.0,7.4149,36.312,93.1481,196.2362,0.0205,0.0,99.9545,204.6642,49.4501,-16.6354,0.0,0.0001,1.8669,0.0,6.6941,35.2433,7.3186,27.5654,36.4907
473.0,945.0,7.3726,36.265,98.68,196.3019,0.0228,0.0,99.9573,204.6643,49.4501,-16.6354,0.0,0.0001,1.8667,0.0,6.6928,35.2344,7.2764,27.5644,36.4918
474.0,947.0,7.3671,36.2685,98.5159,196.6508,0.02,0.0,99.9489,204.6643,49.4501,-16.6354,0.0,0.0001,1.867,0.0005,6.6917,35.2427,7.2707,27.5718,36.4993
475.0,949.0,7.3875,36.2969,98.68,197.0209,0.0187,0.0,99.9651,204.6643,49.4502,-16.6354,0.0,0.0001,1.8687,0.0006,6.693,35.2517,7.2907,27.576,36.5025
476.0,951.0,7.3908,36.2867,98.68,196.1964,0.0199,0.0,99.9556,204.6644,49.4501,-16.6354,0.0,0.0001,1.8678,-0.0011,6.699,35.2366,7.2938,27.5637,36.4902
477.0,953.0,7.3395,36.234,69.4936,196.2624,0.021,0.0,99.9622,204.6644,49.4501,-16.6354,0.0,0.0001,1.8678,-0.0008,6.6977,35.2303,7.2427,27.566,36.495
478.0,955.0,7.3324,36.2398,83.9987,197.2847,0.0209,0.0,99.8808,204.6644,49.4501,-16.6354,0.0,0.0001,1.8679,0.0008,6.6971,35.2429,7.2354,27.577,36.5062
479.0,957.0,7.3306,36.2396,95.3284,197.1759,0.0222,0.0,99.9605,204.6644,49.4501,-16.6354,0.0,0.0001,1.8694,0.0003,6.6949,35.2434,7.2334,27.5777,36.5069
480.0,959.0,7.3428,36.26,98.68,197.3132,0.0217,0.0,99.9725,204.6645,49.4501,-16.6353,0.0,0.0001,1.8706,0.0007,6.6826,35.2524,7.2453,27.583,36.5116
481.0,961.0,7.4083,36.3541,98.68,196.3335,0.0213,0.0,99.9625,204.6645,49.4501,-16.6353,0.0,0.0001,1.8681,-0.0008,6.6789,35.2872,7.3101,27.6012,36.5263
482.0,963.0,7.4496,36.397,66.4417,195.9538,0.0205,0.0,99.9596,204.6645,49.4501,-16.6353,0.0,0.0001,1.8675,-0.0009,6.6751,35.2909,7.3508,27.5982,36.5214
483.0,965.0,7.4747,36.4194,89.3856,195.4877,0.0172,0.0,99.9708,204.6645,49.4501,-16.6353,0.0,0.0001,1.8652,-0.0012,6.6763,35.2891,7.3755,27.5933,36.5153
484.0,967.0,7.4681,36.414,98.68,195.6385,0.0186,0.0,99.9771,204.6646,49.4501,-16.6353,0.0,0.0001,1.8618,-0.0006,6.6813,35.2888,7.3688,27.594,36.5163
485.0,969.0,7.4692,36.4125,98.68,195.2181,0.0227,0.0,99.9556,204.6646,49.4501,-16.6353,0.0,0.0001,1.8596,-0.0013,6.6894,35.2853,7.3696,27.5911,36.5135
486.0,971.0,7.4093,36.3461,98.68,195.8922,0.0209,0.0,99.962,204.6646,49.4501,-16.6353,0.0,0.0001,1.8602,-0.0002,6.6927,35.2728,7.31,27.5898,36.5151
487.0,973.0,7.3584,36.3018,84.9326,196.8072,0.0196,0.0,99.9673,204.6647,49.4501,-16.6353,0.0,0.0001,1.8622,0.0008,6.6952,35.2752,7.2592,27.599,36.5266
488.0,975.0,7.3445,36.2891,98.6775,196.8342,0.0233,0.0,99.9718,204.6647,49.4501,-16.6353,0.0,0.0001,1.863,0.0005,6.6934,35.2743,7.2452,27.6003,36.5286
489.0,977.0,7.351,36.3048,98.68,196.9606,0.0214,0.0,99.9395,204.6647,49.4501,-16.6353,0.0,0.0001,1.8642,0.0003,6.696,35.2839,7.2514,27.607,36.5348
490.0,979.0,7.3278,36.2711,98.68,197.2187,0.0211,0.0,99.9491,204.6647,49.4501,-16.6353,0.0,0.0001,1.8641,-0.0001,6.7111,35.27,7.2281,27.5994,36.5285
491.0,981.0,7.2744,36.2073,98.68,197.4727,0.0205,0.0,99.9654,204.6648,49.4501,-16.6353,0.0,0.0001,1.8632,-0.0002,6.7252,35.2538,7.175,27.5942,36.526
492.0,983.0,7.1913,36.1182,67.9118,198.5033,0.0254,0.0,99.965,204.6648,49.4501,-16.6353,0.0,0.0001,1.8647,0.001,6.7276,35.2397,7.0922,27.5948,36.5307
493.0,985.0,7.1501,36.084,98.68,199.2075,0.0234,0.0,99.9556,204.6648,49.4501,-16.6353,0.0,0.0001,1.8682,0.0014,6.7298,35.2433,7.0511,27.6034,36.5411
494.0,987.0,7.1306,36.0669,95.6116,199.2307,0.024,0.0,99.9583,204.6648,49.4501,-16.6353,0.0,0.0001,1.8696,0.0006,6.7366,35.2436,7.0316,27.6064,36.545
495.0,989.0,7.0951,36.0276,98.68,199.3959,0.0168,0.0,99.9556,204.6649,49.4501,-16.6353,0.0,0.0001,1.8708,0.0003,6.7389,35.2356,6.9961,27.605,36.5454
496.0,991.0,7.077,36.0152,82.4211,199.7153,0.0179,0.0,99.9556,204.6649,49.4501,-16.6353,0.0,0.0001,1.8718,0.0005,6.7399,35.2393,6.9779,27.6105,36.5517
497.0,993.0,7.0715,36.0124,98.68,199.8265,0.0179,0.0,99.9636,204.6649,49.4501,-16.6353,0.0,0.0001,1.8725,0.0005,6.7376,35.2408,6.9723,27.6125,36.5539
498.0,995.0,7.0678,36.0127,98.68,200.3064,0.0179,0.0,99.9632,204.665,49.4501,-16.6353,0.0,0.0001,1.8741,0.0009,6.739,35.244,6.9683,27.6155,36.5571
499.0,997.0,7.0669,36.0132,98.68,199.7442,0.0189,0.0,99.9698,204.665,49.4501,-16.6353,0.0,0.0001,1.874,-0.0003,6.7411,35.2447,6.9673,27.6163,36.5579
500.0,999.0,7.0619,36.0088,81.3508,200.063,0.0167,0.0,99.9636,204.665,49.4501,-16.6352,0.0,0.0001,1.8738,0.0001,6.7433,35.2439,6.9621,27.6164,36.5582
501.0,1001.0,7.0463,35.9976,98.68,200.1868,0.0214,0.0,99.9556,204.665,49.4501,-16.6352,0.0,0.0001,1.8745,0.0002,6.7414,35.2465,6.9464,27.6206,36.5631
502.0,1003.0,7.0424,35.9971,81.5913,200.2935,0.0196,0.0,99.9542,204.6651,49.4501,-16.6352,0.0,0.0001,1.8744,0.0,6.746,35.2491,6.9423,27.6232,36.5659
503.0,1005.0,7.0375,35.9918,98.68,200.0158,0.017,0.0,99.951,204.6651,49.4501,-16.6352,0.0,0.0001,1.8733,-0.0003,6.7452,35.2472,6.9373,27.6224,36.5654
504.0,1007.0,7.0142,35.9709,94.9115,200.5616,0.0183,0.0,99.9457,204.6652,49.4501,-16.6352,0.0,0.0001,1.875,0.0001,6.7477,35.2472,6.9139,27.6256,36.5697
505.0,1009.0,7.0075,35.9617,98.68,200.5422,0.0198,0.0,99.9425,204.6652,49.4501,-16.6352,0.0,0.0001,1.8744,0.0001,6.7477,35.2428,6.907,27.6232,36.5676
506.0,1011.0,6.988,35.9504,98.6696,200.6422,0.0172,0.0,99.9382,204.6653,49.4501,-16.6352,0.0,0.0001,1.8754,-0.0001,6.7491,35.2494,6.8875,27.6311,36.5763
507.0,1013.0,6.996,35.958,92.1911,200.7237,0.0197,0.0,99.9294,204.6655,49.4501,-16.6352,0.0,0.0001,1.8755,0.0,6.7474,35.2485,6.8952,27.6293,36.5742
508.0,1015.0,7.0059,35.9682,98.68,200.7055,0.0176,0.0,99.9267,204.6656,49.4501,-16.6351,0.0,0.0001,1.8755,0.0001,6.7488,35.2492,6.905,27.6285,36.5729
