Datacycle,press,temp,cond,alt,oxygen,fluor,atten,trans,jday,lat,lon,PAR,UPAR,oxV,oxdVdt,oxysat,salin,potemp,sigma0,sigma2
1.0,5.0,15.4635,44.0047,89.5141,240.9622,0.5844,0.0023,94.3938,215.9433,48.7304,-16.6292,0.0,0.0001,2.6903,0.0001,5.6158,35.5681,15.4628,26.307,34.8986
2.0,7.0,15.4647,44.007,98.71,241.1538,0.5867,0.0023,94.4151,215.9434,48.7304,-16.6292,0.0,0.0001,2.6915,-0.0001,5.6156,35.5682,15.4636,26.3068,34.8985
3.0,9.0,15.465,44.0079,86.4549,241.3975,0.5942,0.0023,94.4268,215.9435,48.7304,-16.6292,0.0,0.0001,2.6925,0.0005,5.6156,35.5682,15.4637,26.3068,34.8984
4.0,11.0,15.4654,44.0091,80.2356,241.6921,0.5819,0.0023,94.4204,215.9435,48.7304,-16.6293,0.0,0.0001,2.6941,0.0004,5.6156,35.568,15.4637,26.3067,34.8983
5.0,13.0,15.4658,44.0102,98.71,241.6958,0.5902,0.0023,94.4134,215.9436,48.7303,-16.6293,0.0,0.0001,2.6935,0.0,5.6155,35.5677,15.4637,26.3064,34.898
6.0,15.0,15.4662,44.0114,98.4191,241.7276,0.5938,0.0023,94.4183,215.9436,48.7303,-16.6293,0.0,0.0001,2.6936,0.0001,5.6154,35.5677,15.4638,26.3064,34.898
7.0,17.0,15.4668,44.0138,98.71,241.8362,0.5816,0.0023,94.3885,215.9437,48.7303,-16.6293,0.0,0.0001,2.6931,-0.0002,5.6154,35.5684,15.4641,26.3069,34.8985
8.0,19.0,15.4671,44.0148,98.7075,241.4311,0.5846,0.0023,94.3722,215.9437,48.7303,-16.6293,0.0,0.0001,2.6926,-0.0011,5.6154,35.5684,15.4642,26.3068,34.8984
9.0,21.0,15.4675,44.0165,85.1476,241.6666,0.5821,0.0023,94.3737,215.9438,48.7303,-16.6293,0.0,0.0001,2.692,0.0002,5.6153,35.5687,15.4642,26.3071,34.8987
10.0,23.0,15.4681,44.0181,98.71,241.1453,0.5887,0.0023,94.3039,215.9438,48.7303,-16.6293,0.0,0.0001,2.6891,-0.0014,5.6149,35.5688,15.4645,26.3071,34.8987
11.0,25.0,15.469,44.0209,97.175,240.9986,0.6118,0.0024,94.2735,215.9438,48.7303,-16.6293,0.0,0.0001,2.6868,-0.0009,5.6149,35.5696,15.4651,26.3076,34.8991
12.0,27.0,15.4738,44.0334,73.0288,242.0278,0.6197,0.0024,94.2312,215.9439,48.7303,-16.6293,0.0,0.0001,2.6919,0.0011,5.6142,35.5756,15.4696,26.3112,34.9025
13.0,29.0,15.4741,44.0345,57.2206,241.5796,0.6123,0.0024,94.188,215.9439,48.7303,-16.6293,0.0,0.0001,2.6911,-0.0008,5.6138,35.5758,15.4697,26.3114,34.9027
14.0,31.0,15.4776,44.0434,95.7657,241.3513,0.6357,0.0024,94.1036,215.9439,48.7303,-16.6293,0.0,0.0001,2.6886,-0.001,5.6137,35.5798,15.4728,26.3137,34.9048
15.0,33.0,15.4786,44.0464,87.5406,241.5554,0.6523,0.0024,94.0903,215.944,48.7303,-16.6293,0.0,0.0001,2.6874,0.0,5.6137,35.5805,15.4734,26.3141,34.9053
16.0,35.0,15.4789,44.0479,98.71,241.5006,0.677,0.0024,94.1319,215.944,48.7303,-16.6293,0.0,0.0001,2.6873,-0.0003,5.6129,35.5811,15.4734,26.3146,34.9057
17.0,37.0,15.4831,44.0589,59.2595,242.0187,0.6735,0.0025,94.0237,215.944,48.7303,-16.6293,0.0,0.0001,2.6886,0.0016,5.6118,35.5864,15.4774,26.3177,34.9086
18.0,39.0,15.4872,44.0689,82.1486,241.9352,0.6796,0.0025,93.8668,215.9441,48.7303,-16.6293,0.0,0.0001,2.6899,0.0007,5.6118,35.5909,15.4812,26.3204,34.9111
19.0,41.0,15.4904,44.0791,80.6633,241.5758,0.7028,0.0026,93.8079,215.9441,48.7303,-16.6293,0.0,0.0001,2.6878,-0.0004,5.6115,35.5966,15.484,26.3241,34.9146
20.0,43.0,15.4928,44.0881,94.8103,241.1033,0.7194,0.0026,93.7508,215.9441,48.7303,-16.6293,0.0,0.0001,2.685,-0.0013,5.6113,35.6016,15.4861,26.3275,34.9179
21.0,45.0,15.4929,44.0905,98.71,241.1307,0.7234,0.0026,93.7477,215.9442,48.7303,-16.6293,0.0,0.0001,2.6822,-0.0004,5.6114,35.6027,15.4858,26.3284,34.9188
22.0,47.0,15.4926,44.0915,98.71,241.1086,0.7278,0.0026,93.7477,215.9442,48.7303,-16.6293,0.0,0.0001,2.6819,-0.0005,5.6114,35.6032,15.4853,26.3289,34.9193
23.0,49.0,15.4922,44.0916,89.2278,240.6045,0.7117,0.0025,93.8094,215.9442,48.7303,-16.6293,0.0,0.0001,2.6784,-0.0012,5.6121,35.6028,15.4846,26.3288,34.9192
24.0,51.0,15.4816,44.0808,98.7071,240.6823,0.7092,0.0025,94.0044,215.9443,48.7303,-16.6293,0.0,0.0001,2.6748,0.0001,5.6134,35.6018,15.4737,26.3305,34.9213
25.0,53.0,15.473,44.0731,98.71,240.6012,0.6901,0.0024,94.1468,215.9443,48.7303,-16.6293,0.0,0.0001,2.6742,0.0,5.613,35.6017,15.4647,26.3324,34.9236
26.0,55.0,15.4566,44.0588,86.5814,240.9829,0.6723,0.0024,94.251,215.9443,48.7303,-16.6294,0.0,0.0001,2.6738,0.0002,5.6211,35.603,15.448,26.3371,34.9289
27.0,57.0,15.4157,44.0194,92.7029,237.1776,0.6608,0.0023,94.5512,215.9444,48.7303,-16.6294,0.0,0.0001,2.6523,-0.0115,5.6572,35.6038,15.4069,26.347,34.9402
28.0,59.0,15.1237,43.7581,98.71,232.8416,0.4941,0.0014,96.4821,215.9444,48.7303,-16.6294,0.0,0.0001,2.6265,-0.0143,5.6335,35.6308,15.1147,26.433,35.0362
29.0,61.0,14.8497,43.5299,84.1343,235.7784,0.4034,0.0013,96.6808,215.9444,48.7303,-16.6294,0.0,0.0001,2.6142,-0.0069,5.7129,35.6717,14.8405,26.5251,35.1376
30.0,63.0,14.4069,43.0932,98.71,229.3112,0.3219,0.0011,97.34,215.9445,48.7303,-16.6294,0.0,0.0001,2.5583,-0.0144,5.7572,35.6752,14.3976,26.6242,35.2527
31.0,65.0,14.2645,42.9358,98.71,229.2471,0.2774,0.001,97.4971,215.9445,48.7303,-16.6294,0.0,0.0001,2.5422,-0.0062,5.7436,35.6597,14.2549,26.6428,35.2767
32.0,67.0,14.0057,42.6806,86.9287,232.2466,0.242,0.001,97.5733,215.9445,48.7303,-16.6294,0.0,0.0001,2.5468,-0.0004,5.7819,35.6607,13.9959,26.6988,35.3422
33.0,69.0,13.5777,42.26,98.7055,226.8576,0.221,0.0008,98.0123,215.9446,48.7303,-16.6294,0.0,0.0001,2.5135,-0.0135,5.8279,35.6628,13.5678,26.7902,35.4495
34.0,71.0,13.5029,42.1912,98.3664,228.7161,0.1513,0.0007,98.362,215.9446,48.7303,-16.6294,0.0,0.0001,2.5121,-0.003,5.8111,35.667,13.4928,26.809,35.4711
35.0,73.0,13.4516,42.1426,98.71,230.3851,0.1308,0.0006,98.4311,215.9446,48.7303,-16.6294,0.0,0.0001,2.5205,0.005,5.7737,35.6683,13.4412,26.8207,35.4846
36.0,75.0,13.515,42.2065,86.3883,230.3217,0.1766,0.0009,97.8386,215.9447,48.7303,-16.6294,0.0,0.0001,2.5179,-0.0034,5.8424,35.6689,13.5044,26.8081,35.4697
37.0,77.0,13.2221,41.9234,98.7065,226.6208,0.1523,0.0005,98.6258,215.9447,48.7303,-16.6294,0.0,0.0001,2.491,-0.0067,5.8418,35.6739,13.2114,26.8722,35.5448
38.0,79.0,13.1849,41.9164,94.7766,230.1125,0.1072,0.0005,98.7396,215.9447,48.7303,-16.6294,0.0,0.0001,2.4965,0.0012,5.8706,35.7013,13.1738,26.9011,35.5748
39.0,81.0,13.1709,41.917,98.4306,229.0518,0.0952,0.0005,98.7832,215.9448,48.7303,-16.6294,0.0,0.0001,2.492,-0.0017,5.8756,35.7141,13.1596,26.9139,35.5879
40.0,83.0,13.1751,41.9413,98.6282,229.8033,0.0993,0.0005,98.8064,215.9448,48.7303,-16.6294,0.0,0.0001,2.4933,0.0,5.8799,35.7323,13.1636,26.9272,35.6009
41.0,85.0,13.137,41.903,98.71,229.4433,0.0944,0.0004,98.9739,215.9448,48.7303,-16.6294,0.0,0.0001,2.4914,-0.0013,5.8802,35.7309,13.1252,26.934,35.6091
42.0,87.0,13.1176,41.8949,56.5173,230.5655,0.0895,0.0004,98.9853,215.9449,48.7303,-16.6294,0.0,0.0001,2.4945,0.002,5.8812,35.7406,13.1055,26.9455,35.6212
43.0,89.0,13.1206,41.898,92.9454,229.7561,0.0879,0.0004,99.0002,215.9449,48.7303,-16.6294,0.0,0.0001,2.4919,-0.0012,5.8869,35.74,13.1083,26.9444,35.6201
44.0,91.0,13.0656,41.8446,98.705,230.9748,0.0703,0.0003,99.1327,215.9449,48.7303,-16.6294,0.0,0.0001,2.4949,0.0024,5.8858,35.7398,13.053,26.9556,35.6333
45.0,93.0,13.0628,41.8426,98.5436,230.7354,0.0637,0.0003,99.1548,215.945,48.7303,-16.6294,0.0,0.0001,2.4955,0.0002,5.8913,35.7398,13.0499,26.9562,35.6341
46.0,95.0,13.053,41.8388,98.71,232.1899,0.0521,0.0003,99.2458,215.945,48.7302,-16.6294,0.0,0.0001,2.5014,0.0029,5.8909,35.7444,13.0398,26.9618,35.64
47.0,97.0,13.0318,41.816,84.8364,231.9698,0.0474,0.0003,99.2475,215.9451,48.7302,-16.6294,0.0,0.0001,2.5046,0.0004,5.8925,35.7419,13.0183,26.9642,35.6432
48.0,99.0,13.0342,41.8174,98.71,231.606,0.0481,0.0003,99.2948,215.9451,48.7302,-16.6294,0.0,0.0001,2.5013,-0.0009,5.8997,35.7402,13.0205,26.9624,35.6414
49.0,101.0,12.9866,41.7658,98.695,231.7305,0.0433,0.0003,99.3259,215.9451,48.7302,-16.6294,0.0,0.0001,2.5009,0.0002,5.8955,35.7347,12.9727,26.9679,35.6488
50.0,103.0,12.9903,41.7698,80.86,231.7546,0.0399,0.0003,99.3362,215.9452,48.7302,-16.6295,0.0,0.0001,2.5004,-0.0005,5.9018,35.7343,12.9761,26.9669,35.6476
51.0,105.0,12.9655,41.7423,98.7042,231.6337,0.0349,0.0003,99.3645,215.9452,48.7302,-16.6295,0.0,0.0001,2.4979,-0.0004,5.9043,35.7305,12.951,26.9689,35.6507
52.0,107.0,12.9334,41.7064,98.7066,231.6658,0.0384,0.0002,99.3842,215.9453,48.7302,-16.6295,0.0,0.0001,2.4969,-0.0002,5.9058,35.7256,12.9187,26.9717,35.6547
53.0,109.0,12.9503,41.7256,90.5736,231.4337,0.0369,0.0002,99.4241,215.9454,48.7302,-16.6295,0.0,0.0001,2.4938,-0.0002,5.9088,35.7271,12.9352,26.9695,35.6519
54.0,111.0,12.9365,41.7094,98.71,231.3448,0.0384,0.0002,99.4534,215.9455,48.7302,-16.6295,0.0,0.0001,2.492,-0.0006,5.9128,35.7241,12.9213,26.97,35.653
55.0,113.0,12.8615,41.6232,92.9417,231.2338,0.0357,0.0002,99.4646,215.9456,48.7301,-16.6296,0.0,0.0001,2.4883,0.0,5.9153,35.7109,12.8459,26.975,35.661
56.0,115.0,12.8596,41.6216,81.2973,230.7841,0.0357,0.0002,99.4818,215.9457,48.7301,-16.6296,0.0,0.0001,2.4862,-0.0011,5.916,35.7108,12.8439,26.9753,35.6614
57.0,117.0,12.8447,41.6054,89.9817,230.6276,0.0358,0.0002,99.4818,215.9457,48.7301,-16.6296,0.0,0.0001,2.4836,-0.001,5.9172,35.7083,12.8287,26.9764,35.6632
58.0,119.0,12.8283,41.5882,98.6661,231.3982,0.0342,0.0002,99.4907,215.9457,48.7301,-16.6296,0.0,0.0001,2.4863,0.0007,5.9177,35.7062,12.812,26.9782,35.6656
59.0,121.0,12.8298,41.5887,98.7042,230.9175,0.0359,0.0002,99.4908,215.9458,48.7301,-16.6296,0.0,0.0001,2.4832,-0.0015,5.9281,35.7046,12.8132,26.9766,35.664
60.0,123.0,12.779,41.5309,60.0407,230.5886,0.0332,0.0002,99.5105,215.9458,48.7301,-16.6296,0.0,0.0001,2.4806,-0.0014,5.9253,35.6962,12.7623,26.9803,35.6698
61.0,125.0,12.7541,41.5033,93.8229,231.6375,0.0341,0.0002,99.4991,215.9458,48.7301,-16.6296,0.0,0.0001,2.4833,0.0009,5.9281,35.6922,12.737,26.9823,35.6728
62.0,127.0,12.7599,41.5102,98.5464,231.0121,0.0342,0.0002,99.4993,215.9459,48.7301,-16.6296,0.0,0.0001,2.4803,-0.0013,5.9347,35.6927,12.7426,26.9815,35.6718
63.0,129.0,12.7159,41.4598,98.6912,231.4125,0.0353,0.0002,99.4853,215.9459,48.7301,-16.6296,0.0,0.0001,2.4794,0.0001,5.9369,35.6848,12.6983,26.9843,35.6764
64.0,131.0,12.7043,41.4468,98.71,231.1493,0.0393,0.0002,99.4824,215.946,48.7301,-16.6296,0.0,0.0001,2.4781,-0.0007,5.9389,35.6826,12.6865,26.985,35.6775
65.0,133.0,12.6877,41.4286,56.3154,231.2731,0.038,0.0002,99.4983,215.946,48.7301,-16.6296,0.0,0.0001,2.4777,0.0,5.9369,35.6798,12.6696,26.9861,35.6794
66.0,135.0,12.6827,41.4246,95.9356,231.5531,0.0378,0.0002,99.4961,215.946,48.7301,-16.6296,0.0,0.0001,2.4788,0.0,5.9402,35.6798,12.6644,26.9872,35.6806
67.0,137.0,12.6716,41.4132,98.7045,231.1096,0.036,0.0002,99.5153,215.9461,48.7301,-16.6296,0.0,0.0001,2.4756,-0.0011,5.9444,35.6783,12.653,26.9883,35.6822
68.0,139.0,12.65,41.3897,88.5122,231.4214,0.0345,0.0002,99.5154,215.9461,48.7301,-16.6296,0.0,0.0001,2.4757,0.0,5.9441,35.6753,12.6311,26.9903,35.6851
69.0,141.0,12.6311,41.3698,98.7037,231.8367,0.0342,0.0002,99.5334,215.9461,48.7301,-16.6297,0.0,0.0001,2.4775,0.0002,5.9462,35.673,12.6119,26.9924,35.6879
70.0,143.0,12.6201,41.3566,98.71,231.1639,0.0334,0.0002,99.5337,215.9462,48.7301,-16.6297,0.0,0.0001,2.4721,-0.0016,5.9547,35.6701,12.6007,26.9923,35.6883
71.0,145.0,12.5796,41.3125,98.71,231.6084,0.0329,0.0002,99.5514,215.9462,48.7301,-16.6297,0.0,0.0001,2.4719,0.0001,5.9566,35.6651,12.56,26.9965,35.6941
72.0,147.0,12.5475,41.2757,86.1233,231.8254,0.0339,0.0002,99.548,215.9462,48.7301,-16.6297,0.0,0.0001,2.4739,0.0008,5.9518,35.6591,12.5277,26.9983,35.6973
73.0,149.0,12.5499,41.2795,97.0322,231.3191,0.0295,0.0002,99.5481,215.9463,48.7301,-16.6297,0.0,0.0001,2.4701,-0.0013,5.9616,35.6597,12.5298,26.9982,35.6972
74.0,151.0,12.4987,41.2223,98.71,231.308,0.0258,0.0002,99.5458,215.9463,48.7301,-16.6297,0.0,0.0001,2.4664,-0.0005,5.9653,35.652,12.4784,27.0024,35.7035
75.0,153.0,12.4889,41.2117,98.6999,231.5296,0.0274,0.0002,99.5514,215.9463,48.7301,-16.6297,0.0,0.0001,2.4664,-0.0001,5.9674,35.6502,12.4683,27.003,35.7045
76.0,155.0,12.4585,41.1787,83.382,231.8359,0.0266,0.0002,99.5551,215.9464,48.7301,-16.6297,0.0,0.0001,2.4682,0.0005,5.966,35.6462,12.4377,27.006,35.7087
77.0,157.0,12.4501,41.1712,98.6906,231.4491,0.0245,0.0002,99.5514,215.9464,48.7301,-16.6297,0.0,0.0001,2.4659,-0.001,5.9713,35.6462,12.4291,27.0076,35.7107
78.0,159.0,12.4382,41.1577,98.695,231.5362,0.0273,0.0002,99.5514,215.9464,48.7301,-16.6297,0.0,0.0001,2.4646,-0.0005,5.9727,35.6434,12.4168,27.0079,35.7115
79.0,161.0,12.4312,41.1508,98.71,231.4785,0.0264,0.0002,99.5456,215.9465,48.7301,-16.6297,0.0,0.0001,2.4638,-0.0004,5.9716,35.6425,12.4096,27.0086,35.7125
80.0,163.0,12.402,41.1181,98.7046,231.576,0.029,0.0002,99.5333,215.9465,48.7301,-16.6298,0.0,0.0001,2.4626,-0.0004,5.977,35.6376,12.3801,27.0106,35.7157
81.0,165.0,12.381,41.0945,98.6978,230.6219,0.0264,0.0002,99.5476,215.9466,48.7301,-16.6297,0.0,0.0001,2.4569,-0.0025,5.984,35.6338,12.3589,27.0118,35.7178
82.0,167.0,12.3555,41.0655,79.5097,230.7096,0.0299,0.0002,99.547,215.9466,48.7301,-16.6297,0.0,0.0001,2.4538,-0.0011,5.9837,35.6292,12.3332,27.0133,35.7203
83.0,169.0,12.3274,41.0346,96.3692,231.2759,0.0293,0.0002,99.5401,215.9466,48.7301,-16.6297,0.0,0.0001,2.4553,0.0005,5.9823,35.6248,12.3049,27.0155,35.7236
84.0,171.0,12.323,41.0305,98.7045,231.5052,0.0283,0.0002,99.5456,215.9466,48.7301,-16.6298,0.0,0.0001,2.4561,0.0,5.9906,35.6244,12.3002,27.016,35.7244
85.0,173.0,12.2867,40.9904,87.0189,230.6802,0.0291,0.0002,99.5514,215.9467,48.7301,-16.6298,0.0,0.0001,2.452,-0.0021,5.9964,35.6189,12.2637,27.0189,35.7287
86.0,175.0,12.2627,40.964,98.71,230.8104,0.0272,0.0002,99.5514,215.9467,48.7301,-16.6298,0.0,0.0001,2.4491,-0.001,5.9954,35.6153,12.2395,27.0208,35.7316
87.0,177.0,12.2442,40.9451,98.7043,231.3582,0.0273,0.0002,99.5378,215.9468,48.7301,-16.6298,0.0,0.0001,2.451,0.0005,5.9936,35.6133,12.2206,27.023,35.7346
88.0,179.0,12.2448,40.9465,91.1585,230.8244,0.0299,0.0002,99.5324,215.9468,48.7301,-16.6298,0.0,0.0001,2.4484,-0.001,5.9973,35.6136,12.2211,27.0231,35.7347
89.0,181.0,12.2338,40.9359,98.6975,231.5492,0.0323,0.0002,99.5438,215.9468,48.7301,-16.6298,0.0,0.0001,2.4486,0.0008,5.9998,35.6125,12.2097,27.0245,35.7365
90.0,183.0,12.2268,40.9285,98.6702,232.0504,0.0296,0.0002,99.5514,215.9469,48.7301,-16.6298,0.0,0.0001,2.4515,0.0015,5.9975,35.6112,12.2025,27.0249,35.7372
91.0,185.0,12.2224,40.9253,98.7025,231.395,0.0278,0.0002,99.5493,215.9469,48.7301,-16.6298,0.0,0.0001,2.4504,-0.0008,5.9995,35.6115,12.1978,27.026,35.7385
92.0,187.0,12.2225,40.926,78.3302,231.1937,0.0283,0.0002,99.5514,215.9469,48.7301,-16.6298,0.0,0.0001,2.4472,-0.0003,5.9994,35.611,12.1976,27.0257,35.7382
93.0,189.0,12.2144,40.9186,95.1614,231.7436,0.0265,0.0002,99.5265,215.947,48.7301,-16.6298,0.0,0.0001,2.4486,0.0005,6.0018,35.6108,12.1893,27.0271,35.74
94.0,191.0,12.2112,40.9158,98.7,231.0157,0.0267,0.0002,99.5514,215.947,48.7301,-16.6298,0.0,0.0001,2.4457,-0.0015,6.0052,35.6106,12.1859,27.0276,35.7406
95.0,193.0,12.1871,40.8897,98.5254,231.3755,0.029,0.0002,99.5339,215.947,48.7301,-16.6298,0.0,0.0001,2.4455,0.0001,6.0031,35.607,12.1615,27.0295,35.7435
96.0,195.0,12.1761,40.8783,98.71,231.3427,0.0237,0.0002,99.5442,215.9471,48.7301,-16.6299,0.0,0.0001,2.445,-0.0006,6.01,35.6056,12.1502,27.0306,35.7451
97.0,197.0,12.1345,40.8313,77.5162,231.7624,0.028,0.0002,99.5298,215.9471,48.7301,-16.6299,0.0,0.0001,2.4444,0.0002,6.0139,35.5985,12.1085,27.0332,35.7494
98.0,199.0,12.1162,40.8117,98.7651,232.0207,0.024,0.0002,99.5225,215.9471,48.7301,-16.6299,0.0,0.0001,2.4454,0.0008,6.012,35.5958,12.0899,27.0347,35.7517
99.0,201.0,12.1032,40.7978,96.2622,231.8858,0.0274,0.0002,99.5011,215.9472,48.7301,-16.6299,0.0,0.0001,2.4455,-0.0004,6.0158,35.5938,12.0766,27.0357,35.7532
100.0,203.0,12.1026,40.7988,98.71,231.8831,0.0318,0.0002,99.5184,215.9472,48.7301,-16.6299,0.0,0.0001,2.4448,-0.0002,6.0179,35.5946,12.0758,27.0365,35.7541
101.0,205.0,12.083,40.7767,71.0641,232.2777,0.0283,0.0002,99.5069,215.9472,48.7301,-16.6299,0.0,0.0001,2.4457,0.0002,6.0184,35.5906,12.056,27.0373,35.7557
102.0,207.0,12.08,40.7738,88.5168,232.0664,0.0254,0.0002,99.497,215.9473,48.7301,-16.6299,0.0,0.0001,2.4441,-0.0003,6.0199,35.59,12.0527,27.0374,35.756
103.0,209.0,12.0633,40.7563,98.712,232.6821,0.0268,0.0002,99.4937,215.9473,48.7301,-16.6299,0.0,0.0001,2.4466,0.0006,6.0204,35.5876,12.0357,27.0389,35.7581
104.0,211.0,12.0583,40.7511,98.704,232.329,0.0303,0.0002,99.4761,215.9473,48.7301,-16.6299,0.0,0.0001,2.4454,-0.0008,6.0228,35.5866,12.0305,27.039,35.7585
105.0,213.0,12.0489,40.742,98.6986,232.3181,0.0299,0.0002,99.4936,215.9474,48.7301,-16.6299,0.0,0.0001,2.4447,-0.0005,6.023,35.5858,12.0208,27.0403,35.7601
106.0,215.0,12.0457,40.739,88.6044,232.5715,0.0254,0.0002,99.4865,215.9474,48.7301,-16.63,0.0,0.0001,2.445,-0.0001,6.0244,35.5851,12.0174,27.0404,35.7604
107.0,217.0,12.0351,40.7281,98.7,232.2478,0.0208,0.0002,99.4885,215.9474,48.7301,-16.63,0.0,0.0001,2.4426,-0.0007,6.0255,35.5836,12.0066,27.0413,35.7618
108.0,219.0,12.0264,40.7201,98.695,231.3337,0.0259,0.0002,99.4651,215.9475,48.7301,-16.63,0.0,0.0001,2.4368,-0.0018,6.0262,35.5832,11.9976,27.0428,35.7636
109.0,221.0,12.0239,40.7192,86.8892,231.3254,0.0241,0.0002,99.4647,215.9475,48.73,-16.63,0.0,0.0001,2.4346,-0.0009,6.0252,35.5839,11.9948,27.0438,35.7647
110.0,223.0,12.0226,40.7183,90.0095,231.7757,0.0277,0.0002,99.4602,215.9475,48.73,-16.63,0.0,0.0001,2.4353,0.0002,6.0251,35.5833,11.9933,27.0437,35.7646
111.0,225.0,12.0309,40.7305,98.6875,230.0392,0.0275,0.0002,99.4599,215.9476,48.73,-16.63,0.0,0.0001,2.4289,-0.0032,6.0245,35.5866,12.0013,27.0447,35.7653
112.0,227.0,12.0351,40.7385,98.7009,229.9076,0.0272,0.0002,99.4626,215.9476,48.73,-16.63,0.0,0.0001,2.4233,-0.0019,6.025,35.5893,12.0052,27.046,35.7664
113.0,229.0,12.0314,40.7361,93.4662,229.8457,0.025,0.0002,99.4622,215.9476,48.73,-16.6301,0.0,0.0001,2.42,-0.0008,6.0244,35.5897,12.0012,27.0471,35.7677
114.0,231.0,12.0378,40.7476,98.6887,228.0546,0.0276,0.0002,99.4703,215.9477,48.73,-16.6301,0.0,0.0001,2.4109,-0.0036,6.0259,35.5939,12.0074,27.0492,35.7695
115.0,233.0,12.0173,40.726,98.6911,228.9957,0.0223,0.0002,99.4647,215.9477,48.73,-16.6301,0.0,0.0001,2.4095,0.0002,6.0254,35.5913,11.9866,27.0512,35.7723
116.0,235.0,12.0153,40.7247,91.2028,228.6809,0.0233,0.0002,99.458,215.9478,48.73,-16.6301,0.0,0.0001,2.4086,-0.0009,6.0273,35.5914,11.9844,27.0517,35.7729
117.0,237.0,12.0107,40.7219,98.6975,228.4494,0.0266,0.0002,99.4647,215.9478,48.73,-16.6301,0.0,0.0001,2.4054,-0.0006,6.0268,35.592,11.9796,27.0531,35.7745
118.0,239.0,12.0095,40.7226,86.2621,228.792,0.0254,0.0002,99.4552,215.9478,48.73,-16.6301,0.0,0.0001,2.4057,0.0002,6.0273,35.5929,11.9781,27.054,35.7754
119.0,241.0,12.012,40.7261,91.2132,228.1488,0.0283,0.0002,99.457,215.9479,48.73,-16.6301,0.0,0.0001,2.4033,-0.0015,6.0292,35.5932,11.9803,27.0538,35.7752
120.0,243.0,12.0031,40.7177,98.695,228.4841,0.0274,0.0002,99.4407,215.9479,48.73,-16.6301,0.0,0.0001,2.4017,-0.0003,6.0287,35.5925,11.9711,27.055,35.7768
121.0,245.0,11.9858,40.6987,98.7025,229.1916,0.0254,0.0002,99.4359,215.9479,48.73,-16.6301,0.0,0.0001,2.4051,0.0013,6.0283,35.5894,11.9535,27.056,35.7785
122.0,247.0,11.9875,40.7014,98.7025,229.0794,0.0252,0.0002,99.4154,215.9479,48.73,-16.6301,0.0,0.0001,2.4052,0.0,6.0329,35.5899,11.9551,27.0561,35.7785
123.0,249.0,11.9654,40.6782,98.5778,230.2794,0.0255,0.0002,99.4301,215.948,48.73,-16.6301,0.0,0.0001,2.4087,0.0019,6.036,35.5873,11.9327,27.0584,35.7817
124.0,251.0,11.9458,40.6589,98.6906,230.07,0.0273,0.0002,99.407,215.948,48.73,-16.6301,0.0,0.0001,2.4108,0.0004,6.0365,35.5861,11.9128,27.0613,35.7854
125.0,253.0,11.9415,40.6556,98.71,229.1637,0.0239,0.0002,99.4113,215.948,48.73,-16.6301,0.0,0.0001,2.4074,-0.0015,6.0354,35.5861,11.9083,27.0621,35.7864
126.0,255.0,11.9423,40.6577,83.017,229.8119,0.0236,0.0002,99.4067,215.9481,48.73,-16.6302,0.0,0.0001,2.4079,0.0,6.0369,35.5865,11.9088,27.0623,35.7866
127.0,257.0,11.9429,40.6588,98.6975,229.1698,0.0239,0.0002,99.407,215.9481,48.73,-16.6302,0.0,0.0001,2.4054,-0.0017,6.0408,35.5862,11.9092,27.062,35.7863
128.0,259.0,11.9284,40.6446,98.6978,229.6189,0.0267,0.0002,99.4022,215.9481,48.73,-16.6302,0.0,0.0001,2.4054,-0.0003,6.0403,35.5852,11.8944,27.0641,35.789
129.0,261.0,11.9065,40.621,98.5113,230.401,0.0307,0.0002,99.3974,215.9481,48.73,-16.6302,0.0,0.0001,2.408,0.0016,6.0368,35.582,11.8722,27.0659,35.7916
130.0,263.0,11.9092,40.6246,98.71,229.7174,0.0243,0.0002,99.3831,215.9482,48.73,-16.6302,0.0,0.0001,2.4071,-0.001,6.0409,35.5824,11.8749,27.0656,35.7913
131.0,265.0,11.908,40.6273,98.695,229.2386,0.0246,0.0002,99.3844,215.9482,48.73,-16.6302,0.0,0.0001,2.4022,-0.0014,6.0433,35.5854,11.8733,27.0683,35.794
132.0,267.0,11.8803,40.5943,18.89,230.5372,0.0252,0.0002,99.3781,215.9482,48.73,-16.6302,0.0,0.0001,2.4054,0.002,6.0408,35.5786,11.8455,27.0683,35.7952
133.0,269.0,11.8662,40.5794,95.6133,230.5719,0.025,0.0003,99.3686,215.9483,48.73,-16.6302,0.0,0.0001,2.408,0.0007,6.0435,35.5763,11.8311,27.0693,35.7968
134.0,271.0,11.8704,40.5854,91.8687,229.9241,0.028,0.0002,99.3739,215.9483,48.73,-16.6302,0.0,0.0001,2.4048,-0.0012,6.0503,35.5775,11.835,27.0695,35.7968
135.0,273.0,11.8415,40.5574,88.124,230.1864,0.0254,0.0002,99.3652,215.9483,48.73,-16.6302,0.0,0.0001,2.4042,-0.0003,6.0521,35.5768,11.8058,27.0745,35.803
136.0,275.0,11.8226,40.5377,98.6967,230.1585,0.0223,0.0002,99.3781,215.9484,48.73,-16.6302,0.0,0.0001,2.4038,0.0,6.048,35.5744,11.7867,27.0763,35.8055
137.0,277.0,11.8188,40.5343,98.6929,230.4372,0.0217,0.0003,99.3597,215.9484,48.73,-16.6302,0.0,0.0001,2.4042,0.0,6.0526,35.5739,11.7827,27.0767,35.8061
138.0,279.0,11.8201,40.5371,98.6978,230.2318,0.0264,0.0002,99.3682,215.9484,48.73,-16.6302,0.0,0.0001,2.4023,-0.0003,6.0525,35.5745,11.7837,27.0769,35.8063
139.0,281.0,11.8207,40.5388,65.7983,230.0684,0.0245,0.0003,99.3576,215.9485,48.73,-16.6302,0.0,0.0001,2.4021,-0.0006,6.0524,35.5748,11.784,27.0771,35.8065
140.0,283.0,11.8218,40.5413,97.5466,230.0305,0.0224,0.0003,99.3523,215.9485,48.73,-16.6302,0.0,0.0001,2.4009,-0.0004,6.0519,35.5753,11.7848,27.0774,35.8067
141.0,285.0,11.8239,40.5466,98.7104,229.8699,0.0218,0.0003,99.3584,215.9485,48.73,-16.6302,0.0,0.0001,2.3988,-0.0007,6.0532,35.5775,11.7867,27.0787,35.8079
142.0,287.0,11.8164,40.5387,98.6957,229.9395,0.0229,0.0003,99.3591,215.9486,48.73,-16.6302,0.0,0.0001,2.3976,-0.0004,6.0553,35.5761,11.779,27.0791,35.8086
143.0,289.0,11.8054,40.5262,98.7053,229.5393,0.0223,0.0003,99.3553,215.9486,48.73,-16.6302,0.0,0.0001,2.3956,-0.0009,6.0537,35.5736,11.7677,27.0793,35.8093
144.0,291.0,11.7868,40.5063,76.9178,230.4158,0.0235,0.0003,99.3635,215.9486,48.73,-16.6302,0.0,0.0001,2.3979,0.0005,6.0585,35.571,11.7489,27.0809,35.8117
145.0,293.0,11.7725,40.492,98.722,231.8567,0.0257,0.0003,99.3587,215.9486,48.73,-16.6302,0.0,0.0001,2.4033,0.0028,6.0582,35.5696,11.7344,27.0825,35.814
146.0,295.0,11.7623,40.482,98.7057,231.3263,0.0243,0.0003,99.359,215.9487,48.73,-16.6302,0.0,0.0001,2.4045,0.0001,6.0613,35.5685,11.7239,27.0836,35.8155
147.0,297.0,11.756,40.4767,98.71,232.0614,0.029,0.0003,99.3548,215.9487,48.73,-16.6302,0.0,0.0001,2.4074,0.0014,6.0624,35.5686,11.7174,27.0849,35.817
148.0,299.0,11.7393,40.4594,98.6956,232.8379,0.0278,0.0003,99.3557,215.9487,48.73,-16.6302,0.0,0.0001,2.4117,0.0014,6.0651,35.5666,11.7005,27.0866,35.8194
149.0,301.0,11.7247,40.4451,93.7066,232.7165,0.024,0.0003,99.3636,215.9488,48.73,-16.6302,0.0,0.0001,2.4132,0.0003,6.0646,35.5657,11.6857,27.0887,35.8222
150.0,303.0,11.7215,40.4424,88.7176,233.672,0.0226,0.0003,99.3456,215.9488,48.73,-16.6302,0.0,0.0001,2.4167,0.002,6.0648,35.5652,11.6822,27.089,35.8225
151.0,305.0,11.7236,40.4451,83.7286,232.9903,0.0242,0.0003,99.3365,215.9488,48.73,-16.6302,0.0,0.0001,2.416,-0.0004,6.066,35.5653,11.684,27.0887,35.8222
152.0,307.0,11.7182,40.4415,98.7248,233.7509,0.0253,0.0003,99.3402,215.9489,48.73,-16.6302,0.0,0.0001,2.4175,0.0013,6.0655,35.5658,11.6784,27.0902,35.8239
153.0,309.0,11.7125,40.4365,98.7163,234.0183,0.0263,0.0003,99.3423,215.9489,48.73,-16.6302,0.0,0.0001,2.42,0.0008,6.0678,35.5654,11.6724,27.091,35.825
154.0,311.0,11.7032,40.4266,84.7317,233.9678,0.0226,0.0003,99.3342,215.9489,48.73,-16.6302,0.0,0.0001,2.42,0.0001,6.071,35.5638,11.6628,27.0915,35.8259
155.0,313.0,11.6743,40.3949,96.5445,234.2684,0.0203,0.0003,99.3345,215.9489,48.73,-16.6302,0.0,0.0001,2.4205,0.0004,6.0731,35.5592,11.6337,27.0935,35.8291
156.0,315.0,11.6661,40.3855,98.71,233.1992,0.0228,0.0003,99.3269,215.949,48.73,-16.6303,0.0,0.0001,2.4165,-0.0019,6.0753,35.5572,11.6253,27.0935,35.8294
157.0,317.0,11.6553,40.3744,98.6929,232.3814,0.0221,0.0003,99.3353,215.949,48.73,-16.6302,0.0,0.0001,2.4102,-0.0027,6.0803,35.5556,11.6143,27.0944,35.8308
158.0,319.0,11.6149,40.3282,98.7014,230.6258,0.0233,0.0003,99.3315,215.949,48.73,-16.6303,0.0,0.0001,2.3995,-0.0044,6.0791,35.5479,11.5737,27.096,35.8341
159.0,321.0,11.6195,40.3362,82.1852,231.0735,0.0204,0.0003,99.3444,215.9491,48.73,-16.6303,0.0,0.0001,2.3937,-0.0009,6.0793,35.5504,11.578,27.0971,35.835
160.0,323.0,11.6144,40.3332,98.6066,229.9861,0.0246,0.0003,99.3455,215.9491,48.73,-16.6303,0.0,0.0001,2.3885,-0.0025,6.0808,35.5516,11.5727,27.099,35.8372
161.0,325.0,11.6099,40.3297,98.6971,229.978,0.0243,0.0003,99.3369,215.9491,48.73,-16.6303,0.0,0.0001,2.3834,-0.0011,6.0808,35.5516,11.5679,27.0999,35.8383
162.0,327.0,11.606,40.3274,98.7025,230.8518,0.0222,0.0003,99.3394,215.9492,48.73,-16.6303,0.0,0.0001,2.3863,0.0009,6.0805,35.552,11.5637,27.101,35.8395
163.0,329.0,11.6073,40.3298,77.5513,230.4524,0.0248,0.0003,99.3299,215.9492,48.73,-16.6303,0.0,0.0001,2.3855,-0.0004,6.0809,35.5523,11.5648,27.1011,35.8395
164.0,331.0,11.6073,40.3306,98.6306,230.3651,0.0221,0.0003,99.3378,215.9492,48.73,-16.6303,0.0,0.0001,2.3834,-0.0003,6.0808,35.5523,11.5645,27.1011,35.8396
165.0,333.0,11.598,40.3208,98.7025,230.7545,0.0232,0.0003,99.3329,215.9492,48.73,-16.6303,0.0,0.0001,2.3846,0.0005,6.0815,35.5504,11.555,27.1015,35.8404
166.0,335.0,11.5948,40.3184,98.5671,229.6981,0.0244,0.0003,99.3246,215.9493,48.73,-16.6303,0.0,0.0001,2.3804,-0.0018,6.0853,35.5504,11.5516,27.1021,35.8411
167.0,337.0,11.5745,40.2971,98.695,228.7402,0.0245,0.0003,99.3247,215.9493,48.73,-16.6303,0.0,0.0001,2.3724,-0.0024,6.0876,35.5479,11.5311,27.104,35.8438
168.0,339.0,11.5561,40.2776,98.6916,228.8722,0.024,0.0003,99.3355,215.9493,48.73,-16.6303,0.0,0.0001,2.3708,-0.0011,6.0862,35.5452,11.5124,27.1054,35.8461
169.0,341.0,11.5627,40.2871,81.2761,229.4485,0.0238,0.0003,99.3308,215.9494,48.73,-16.6303,0.0,0.0001,2.3713,0.0002,6.0881,35.5476,11.5187,27.1061,35.8464
170.0,343.0,11.5593,40.2829,97.4537,228.4398,0.0266,0.0003,99.3258,215.9494,48.73,-16.6303,0.0,0.0001,2.3664,-0.0024,6.0956,35.546,11.5151,27.1055,35.8461
171.0,345.0,11.5127,40.2305,98.6961,228.0742,0.0246,0.0003,99.3356,215.9494,48.73,-16.6303,0.0,0.0001,2.3621,-0.0023,6.0982,35.5381,11.4683,27.1081,35.8506
172.0,347.0,11.4834,40.1972,84.2814,228.2806,0.0248,0.0003,99.3399,215.9495,48.73,-16.6303,0.0,0.0001,2.3602,-0.0009,6.1,35.5322,11.4389,27.1091,35.8528
173.0,349.0,11.458,40.1693,93.7882,227.893,0.0257,0.0003,99.3408,215.9495,48.73,-16.6303,0.0,0.0001,2.357,-0.001,6.0986,35.5281,11.4133,27.1106,35.8555
174.0,351.0,11.4383,40.1463,98.7043,227.0543,0.0252,0.0003,99.3381,215.9495,48.73,-16.6303,0.0,0.0001,2.3508,-0.0027,6.1076,35.5236,11.3934,27.1109,35.8566
175.0,353.0,11.4153,40.1182,98.7046,221.1925,0.0268,0.0003,99.3425,215.9496,48.73,-16.6303,0.0,0.0001,2.3261,-0.0118,6.1087,35.5167,11.3702,27.1098,35.8566
176.0,355.0,11.3964,40.1004,98.6957,220.4652,0.0228,0.0003,99.3616,215.9496,48.73,-16.6303,0.0,0.0001,2.3127,-0.0087,6.104,35.5162,11.351,27.113,35.8606
177.0,357.0,11.3945,40.1001,88.9195,223.3382,0.0229,0.0003,99.3479,215.9496,48.73,-16.6303,0.0,0.0001,2.313,-0.0004,6.1077,35.5169,11.3489,27.114,35.8616
178.0,359.0,11.4041,40.1132,98.6995,220.5883,0.0267,0.0003,99.3597,215.9497,48.73,-16.6303,0.0,0.0001,2.3033,-0.0058,6.1111,35.5199,11.3582,27.1146,35.8617
179.0,361.0,11.389,40.0962,98.6917,218.5476,0.0235,0.0002,99.3781,215.9497,48.73,-16.6303,0.0,0.0001,2.2946,-0.0091,6.1117,35.517,11.343,27.1152,35.863
180.0,363.0,11.3878,40.097,98.7032,218.0713,0.0215,0.0002,99.3696,215.9497,48.73,-16.6303,0.0,0.0001,2.2853,-0.0069,6.1107,35.5178,11.3414,27.116,35.8639
181.0,365.0,11.3752,40.0838,98.6964,218.6468,0.0217,0.0002,99.3676,215.9497,48.73,-16.6303,0.0,0.0001,2.2812,-0.0032,6.1088,35.5157,11.3286,27.1168,35.8652
182.0,367.0,11.3759,40.0853,84.208,220.3366,0.0237,0.0003,99.3592,215.9497,48.73,-16.6304,0.0,0.0001,2.2849,0.0003,6.1116,35.5158,11.3291,27.1168,35.8652
183.0,369.0,11.3772,40.0869,98.6833,217.8236,0.0261,0.0002,99.3644,215.9498,48.73,-16.6304,0.0,0.0001,2.2757,-0.005,6.1154,35.5154,11.3302,27.1162,35.8646
184.0,371.0,11.3642,40.0754,98.6883,217.3857,0.0247,0.0002,99.3694,215.9498,48.73,-16.6304,0.0,0.0001,2.2715,-0.005,6.1144,35.5158,11.3169,27.1191,35.868
185.0,373.0,11.3542,40.0664,98.6937,217.6017,0.0223,0.0003,99.3669,215.9498,48.73,-16.6303,0.0,0.0001,2.2698,-0.0032,6.1146,35.5156,11.3067,27.1208,35.8701
186.0,375.0,11.3433,40.0545,98.6922,217.9424,0.0233,0.0003,99.3616,215.9498,48.73,-16.6304,0.0,0.0001,2.2671,-0.0014,6.114,35.513,11.2955,27.1208,35.8706
187.0,377.0,11.3406,40.052,98.6877,218.3346,0.024,0.0003,99.3492,215.9499,48.73,-16.6304,0.0,0.0001,2.2661,-0.0008,6.1229,35.5124,11.2926,27.1209,35.8708
188.0,379.0,11.2896,39.9942,98.691,215.4888,0.0229,0.0002,99.3687,215.9499,48.73,-16.6304,0.0,0.0001,2.2526,-0.0058,6.1309,35.5031,11.2415,27.1232,35.8753
189.0,381.0,11.2548,39.955,98.68,214.853,0.0229,0.0003,99.3781,215.9499,48.73,-16.6304,0.0,0.0001,2.2458,-0.0051,6.132,35.4967,11.2064,27.1246,35.8783
190.0,383.0,11.2431,39.9417,98.68,214.9743,0.0243,0.0003,99.3533,215.9499,48.73,-16.6304,0.0,0.0001,2.2424,-0.0038,6.1324,35.4939,11.1946,27.1247,35.8788
191.0,385.0,11.227,39.9247,78.9438,215.3629,0.0237,0.0002,99.3686,215.9499,48.73,-16.6304,0.0,0.0001,2.2396,-0.0016,6.1345,35.4915,11.1782,27.1258,35.8807
192.0,387.0,11.216,39.9135,95.5372,214.3955,0.027,0.0002,99.3709,215.95,48.73,-16.6304,0.0,0.0001,2.2341,-0.0026,6.1356,35.49,11.167,27.1267,35.882
193.0,389.0,11.2077,39.9048,98.6837,214.1348,0.0227,0.0002,99.3725,215.95,48.73,-16.6304,0.0,0.0001,2.2287,-0.0019,6.1358,35.4886,11.1585,27.1271,35.8828
194.0,391.0,11.2031,39.9016,98.7,213.4717,0.0267,0.0002,99.3717,215.95,48.73,-16.6304,0.0,0.0001,2.2247,-0.0023,6.1354,35.4889,11.1537,27.1283,35.8842
195.0,393.0,11.2066,39.9078,82.5026,214.0646,0.0251,0.0003,99.3683,215.95,48.73,-16.6304,0.0,0.0001,2.2245,-0.0005,6.1348,35.4907,11.1569,27.1291,35.8848
196.0,395.0,11.2086,39.9115,92.9473,214.3449,0.0248,0.0002,99.3781,215.9501,48.73,-16.6304,0.0,0.0001,2.2247,0.0001,6.134,35.4916,11.1586,27.1295,35.8851
197.0,397.0,11.2155,39.9232,98.6823,215.3174,0.0246,0.0002,99.3691,215.9501,48.73,-16.6304,0.0,0.0001,2.2283,0.0017,6.1325,35.4958,11.1653,27.1315,35.8868
198.0,399.0,11.2288,39.9424,98.6854,217.2146,0.0256,0.0002,99.3646,215.9501,48.73,-16.6304,0.0,0.0001,2.2378,0.004,6.1327,35.5012,11.1782,27.1334,35.8881
199.0,401.0,11.2284,39.9435,98.6839,217.3504,0.0262,0.0002,99.3688,215.9501,48.73,-16.6304,0.0,0.0001,2.2421,0.0023,6.133,35.5018,11.1776,27.134,35.8887
200.0,403.0,11.2238,39.9397,98.68,216.7138,0.0261,0.0002,99.3642,215.9502,48.73,-16.6304,0.0,0.0001,2.2422,0.0001,6.133,35.5014,11.1727,27.1345,35.8895
201.0,405.0,11.2239,39.9418,38.5514,217.0443,0.022,0.0003,99.3611,215.9502,48.73,-16.6304,0.0,0.0001,2.243,0.0007,6.1331,35.5024,11.1725,27.1353,35.8903
202.0,407.0,11.2229,39.9416,98.6594,216.7566,0.0257,0.0003,99.368,215.9502,48.73,-16.6304,0.0,0.0001,2.2425,-0.0002,6.1334,35.5025,11.1713,27.1356,35.8906
203.0,409.0,11.2206,39.9405,98.69,216.9904,0.0246,0.0002,99.3781,215.9502,48.73,-16.6304,0.0,0.0001,2.2428,0.0001,6.1345,35.5027,11.1688,27.1362,35.8913
204.0,411.0,11.2175,39.9384,98.6892,216.8279,0.0246,0.0003,99.3539,215.9503,48.73,-16.6304,0.0,0.0001,2.2421,-0.0004,6.1361,35.5026,11.1654,27.1368,35.892
205.0,413.0,11.2059,39.9264,98.68,216.421,0.0232,0.0003,99.3735,215.9503,48.73,-16.6304,0.0,0.0001,2.2399,-0.0012,6.1371,35.5011,11.1536,27.1378,35.8935
206.0,415.0,11.1955,39.9155,76.4029,215.6426,0.0215,0.0002,99.3707,215.9503,48.73,-16.6304,0.0,0.0001,2.2353,-0.0023,6.1419,35.4993,11.143,27.1384,35.8945
207.0,417.0,11.1655,39.8816,98.6825,215.3629,0.0202,0.0002,99.3781,215.9503,48.73,-16.6304,0.0,0.0001,2.2296,-0.0019,6.1476,35.4935,11.1127,27.1394,35.8968
208.0,419.0,11.1227,39.8336,91.668,214.9697,0.0204,0.0002,99.3781,215.9503,48.73,-16.6304,0.0,0.0001,2.2262,-0.002,6.1492,35.4861,11.0698,27.1415,35.9008
209.0,421.0,11.1132,39.8245,98.7006,214.8353,0.0223,0.0003,99.3593,215.9504,48.73,-16.6304,0.0,0.0001,2.2241,-0.0014,6.1461,35.4852,11.0601,27.1426,35.9023
210.0,423.0,11.1039,39.8156,98.6809,215.4317,0.0229,0.0003,99.3656,215.9504,48.73,-16.6304,0.0,0.0001,2.2246,0.0,6.1479,35.4845,11.0506,27.1438,35.9039
211.0,425.0,11.1052,39.8193,84.4293,215.8881,0.0206,0.0003,99.3455,215.9504,48.73,-16.6304,0.0,0.0001,2.2258,0.0005,6.1499,35.4861,11.0517,27.1448,35.9049
212.0,427.0,11.0983,39.8134,98.68,216.7059,0.0176,0.0003,99.353,215.9504,48.73,-16.6304,0.0,0.0001,2.2288,0.0015,6.1496,35.4859,11.0445,27.1459,35.9063
213.0,429.0,11.1109,39.8314,98.68,218.1273,0.0187,0.0003,99.3545,215.9505,48.7299,-16.6304,0.0,0.0001,2.235,0.0035,6.1505,35.4908,11.0568,27.1475,35.9073
214.0,431.0,11.1087,39.8281,98.6994,218.9297,0.0239,0.0003,99.3492,215.9505,48.7299,-16.6305,0.0,0.0001,2.239,0.0045,6.1491,35.4889,11.0543,27.1465,35.9064
215.0,433.0,11.0927,39.8121,98.695,218.3097,0.0193,0.0003,99.3492,215.9505,48.7299,-16.6305,0.0,0.0001,2.2418,0.0012,6.1501,35.4874,11.0381,27.1483,35.9089
216.0,435.0,11.0972,39.8189,69.4693,218.1359,0.0232,0.0003,99.3492,215.9505,48.73,-16.6305,0.0,0.0001,2.2421,0.0001,6.1503,35.4889,11.0424,27.1487,35.9091
217.0,437.0,11.0974,39.8228,98.6843,219.2685,0.0212,0.0003,99.3492,215.9505,48.7299,-16.6305,0.0,0.0001,2.2454,0.0021,6.1516,35.4918,11.0423,27.151,35.9113
218.0,439.0,11.0951,39.8211,98.6898,219.6,0.0202,0.0003,99.3434,215.9506,48.7299,-16.6305,0.0,0.0001,2.2479,0.0019,6.1522,35.4913,11.0398,27.1511,35.9116
219.0,441.0,11.0828,39.8087,98.6901,218.9973,0.0195,0.0003,99.339,215.9506,48.7299,-16.6305,0.0,0.0001,2.248,0.0,6.1512,35.4898,11.0273,27.1521,35.9132
220.0,443.0,11.0803,39.8069,62.9614,219.1497,0.0232,0.0003,99.3492,215.9506,48.7299,-16.6305,0.0,0.0001,2.2484,0.0002,6.1527,35.4895,11.0245,27.1524,35.9136
221.0,445.0,11.0777,39.8049,89.2575,219.0579,0.0195,0.0003,99.3439,215.9506,48.7299,-16.6305,0.0,0.0001,2.2479,-0.0003,6.1543,35.4893,11.0216,27.1528,35.9141
222.0,447.0,11.0768,39.8049,98.68,218.9189,0.0206,0.0003,99.3492,215.9507,48.7299,-16.6305,0.0,0.0001,2.2442,-0.0007,6.1594,35.4893,11.0205,27.153,35.9143
223.0,449.0,11.0578,39.7835,98.6859,217.4561,0.0259,0.0003,99.3413,215.9507,48.7299,-16.6305,0.0,0.0001,2.24,-0.0033,6.1621,35.4853,11.0013,27.1534,35.9156
224.0,451.0,11.0245,39.7448,98.695,215.9276,0.0217,0.0003,99.3492,215.9507,48.7299,-16.6305,0.0,0.0001,2.2324,-0.0052,6.1627,35.478,10.9679,27.1538,35.9174
225.0,453.0,11.0058,39.7252,98.6869,215.3424,0.0199,0.0003,99.3462,215.9507,48.7299,-16.6305,0.0,0.0001,2.2238,-0.0044,6.1687,35.4756,10.949,27.1554,35.9198
226.0,455.0,10.9644,39.678,98.685,213.6699,0.0243,0.0003,99.3499,215.9508,48.7299,-16.6305,0.0,0.0001,2.2113,-0.0054,6.174,35.4675,10.9075,27.1566,35.9228
227.0,457.0,10.9382,39.6485,74.8504,212.1861,0.0219,0.0003,99.3492,215.9508,48.7299,-16.6305,0.0,0.0001,2.199,-0.0059,6.177,35.4623,10.8811,27.1574,35.9247
228.0,459.0,10.9115,39.6186,98.68,211.4314,0.0215,0.0003,99.3449,215.9508,48.7299,-16.6305,0.0,0.0001,2.1899,-0.0047,6.1779,35.457,10.8542,27.1581,35.9266
229.0,461.0,10.8973,39.6043,98.68,211.7345,0.0202,0.0003,99.3492,215.9508,48.7299,-16.6305,0.0,0.0001,2.1869,-0.0024,6.1776,35.4557,10.8397,27.1597,35.9288
230.0,463.0,10.8998,39.6085,98.68,211.8816,0.0198,0.0003,99.3492,215.9508,48.7299,-16.6305,0.0,0.0001,2.184,-0.0012,6.1762,35.4566,10.8421,27.16,35.929
231.0,465.0,10.9085,39.6201,98.6923,212.4616,0.0221,0.0003,99.3441,215.9509,48.7299,-16.6305,0.0,0.0001,2.1843,0.0003,6.1745,35.4589,10.8504,27.1603,35.9289
232.0,467.0,10.9197,39.6359,72.7503,213.2091,0.0235,0.0003,99.3459,215.9509,48.7299,-16.6305,0.0,0.0001,2.1874,0.0014,6.1736,35.4629,10.8614,27.1614,35.9296
233.0,469.0,10.9246,39.6435,98.3935,213.4048,0.0243,0.0003,99.3492,215.9509,48.7299,-16.6305,0.0,0.0001,2.1891,0.001,6.1744,35.465,10.866,27.1621,35.9301
234.0,471.0,10.9333,39.6547,92.3732,214.0149,0.0208,0.0003,99.3593,215.9509,48.7299,-16.6305,0.0,0.0001,2.191,0.0016,6.1784,35.467,10.8744,27.1622,35.9298
235.0,473.0,10.9192,39.6388,98.68,212.9713,0.0222,0.0003,99.3492,215.9509,48.7299,-16.6305,0.0,0.0001,2.1886,-0.0012,6.1829,35.464,10.8602,27.1625,35.9307
236.0,475.0,10.8749,39.5905,98.68,212.2299,0.0256,0.0003,99.3449,215.951,48.7299,-16.6306,0.0,0.0001,2.1844,-0.002,6.1846,35.4574,10.8157,27.1654,35.9355
237.0,477.0,10.8417,39.5518,80.7594,212.2176,0.0229,0.0003,99.3492,215.951,48.7299,-16.6306,0.0,0.0001,2.1818,-0.0013,6.185,35.4497,10.7824,27.1654,35.937
238.0,479.0,10.7978,39.501,98.6878,211.3498,0.0194,0.0003,99.3566,215.951,48.7299,-16.6306,0.0,0.0001,2.1759,-0.0025,6.1922,35.4405,10.7384,27.1661,35.9396
239.0,481.0,10.7944,39.4989,98.68,210.5931,0.0207,0.0003,99.3492,215.9511,48.7299,-16.6306,0.0,0.0001,2.1691,-0.0027,6.1945,35.4406,10.7347,27.1668,35.9405
240.0,483.0,10.7994,39.5083,98.68,211.0608,0.0205,0.0003,99.3594,215.9511,48.7299,-16.6306,0.0,0.0001,2.1685,-0.0008,6.1921,35.4441,10.7394,27.1687,35.9422
241.0,485.0,10.7562,39.4603,98.6834,211.8741,0.0228,0.0003,99.3557,215.9511,48.7299,-16.6306,0.0,0.0001,2.1696,0.0006,6.1975,35.4368,10.696,27.1708,35.9461
242.0,487.0,10.758,39.4621,84.5116,211.2605,0.0244,0.0003,99.3532,215.9511,48.7299,-16.6306,0.0,0.0001,2.1668,-0.0011,6.2033,35.4361,10.6976,27.17,35.9453
243.0,489.0,10.715,39.4134,98.6786,210.4644,0.0249,0.0003,99.3535,215.9511,48.7299,-16.6306,0.0,0.0001,2.1623,-0.0021,6.206,35.4277,10.6546,27.1712,35.9484
244.0,491.0,10.7071,39.4057,98.6222,209.9309,0.0252,0.0003,99.3492,215.9512,48.7299,-16.6306,0.0,0.0001,2.1581,-0.0026,6.2109,35.4268,10.6465,27.1719,35.9494
245.0,493.0,10.6931,39.3895,98.68,210.2575,0.0238,0.0003,99.3485,215.9512,48.7299,-16.6306,0.0,0.0001,2.1571,-0.0014,6.2119,35.4232,10.6322,27.1717,35.9498
246.0,495.0,10.6578,39.3498,98.68,210.513,0.0215,0.0002,99.3753,215.9512,48.7299,-16.6306,0.0,0.0001,2.1563,-0.0001,6.2078,35.4165,10.5968,27.1727,35.9525
247.0,497.0,10.635,39.3255,93.7096,210.5765,0.0207,0.0003,99.3522,215.9512,48.7299,-16.6306,0.0,0.0001,2.1558,-0.0004,6.2141,35.4132,10.5739,27.1743,35.955
248.0,499.0,10.6493,39.3417,80.9706,209.441,0.0194,0.0003,99.3492,215.9513,48.7299,-16.6306,0.0,0.0001,2.1498,-0.0027,6.2258,35.4148,10.5879,27.173,35.9531
249.0,501.0,10.6055,39.2926,91.9279,208.5529,0.0214,0.0003,99.3593,215.9513,48.7299,-16.6306,0.0,0.0001,2.1447,-0.0034,6.2233,35.4068,10.544,27.1745,35.9566
250.0,503.0,10.5701,39.2525,92.5733,208.7737,0.0248,0.0003,99.3492,215.9513,48.7299,-16.6306,0.0,0.0001,2.1441,-0.0023,6.2231,35.3999,10.5085,27.1755,35.9591
251.0,505.0,10.5303,39.2098,98.68,209.1818,0.023,0.0003,99.3492,215.9513,48.7299,-16.6306,0.0,0.0001,2.1411,-0.0012,6.2309,35.3944,10.4686,27.1783,35.9636
252.0,507.0,10.5216,39.2016,98.6239,208.1912,0.0231,0.0003,99.3557,215.9513,48.7299,-16.6307,0.0,0.0001,2.1362,-0.0023,6.2299,35.3938,10.4597,27.1794,35.9651
253.0,509.0,10.5286,39.2127,98.68,208.6796,0.0244,0.0003,99.3551,215.9514,48.7299,-16.6307,0.0,0.0001,2.1341,-0.0004,6.2305,35.3972,10.4664,27.1808,35.9662
254.0,511.0,10.5276,39.2139,98.68,209.569,0.0242,0.0002,99.3728,215.9514,48.7299,-16.6307,0.0,0.0001,2.1355,0.0012,6.231,35.3984,10.4651,27.182,35.9674
255.0,513.0,10.5217,39.2088,98.6829,209.3373,0.02,0.0002,99.3723,215.9514,48.7299,-16.6307,0.0,0.0001,2.1363,0.0001,6.2351,35.398,10.459,27.1828,35.9684
256.0,515.0,10.5058,39.192,60.9813,209.1948,0.0225,0.0002,99.3691,215.9514,48.7299,-16.6307,0.0,0.0001,2.1355,-0.0006,6.2401,35.3957,10.4429,27.1839,35.9703
257.0,517.0,10.4723,39.1531,98.68,209.1861,0.0276,0.0002,99.3781,215.9515,48.7299,-16.6307,0.0,0.0001,2.1347,-0.0002,6.2369,35.3881,10.4093,27.1838,35.9717
258.0,519.0,10.4542,39.1385,90.5827,209.6099,0.0239,0.0002,99.375,215.9515,48.7299,-16.6307,0.0,0.0001,2.1354,0.0004,6.2384,35.3898,10.391,27.1884,35.977
259.0,521.0,10.4574,39.1423,98.4753,209.6319,0.0243,0.0002,99.3758,215.9515,48.7299,-16.6307,0.0,0.0001,2.1357,0.0,6.241,35.3897,10.3939,27.1878,35.9763
260.0,523.0,10.4571,39.1426,98.4758,208.6883,0.0235,0.0002,99.3781,215.9515,48.7299,-16.6307,0.0,0.0001,2.1326,-0.0016,6.2414,35.3895,10.3935,27.1877,35.9762
261.0,525.0,10.446,39.1333,98.68,206.9409,0.0298,0.0002,99.3697,215.9516,48.7298,-16.6307,0.0,0.0001,2.1244,-0.0041,6.2435,35.3898,10.3821,27.19,35.979
262.0,527.0,10.4423,39.13,98.68,206.2712,0.0284,0.0002,99.3781,215.9516,48.7298,-16.6307,0.0,0.0001,2.1191,-0.0042,6.2433,35.3892,10.3781,27.1902,35.9794
263.0,529.0,10.4362,39.1241,98.68,207.2352,0.0234,0.0002,99.3781,215.9516,48.7298,-16.6307,0.0,0.0001,2.1193,-0.0014,6.2422,35.3885,10.3719,27.1907,35.9802
264.0,531.0,10.4225,39.1113,80.4063,207.9714,0.0207,0.0002,99.3776,215.9516,48.7298,-16.6307,0.0,0.0001,2.1197,0.0003,6.2445,35.3876,10.3579,27.1925,35.9826
265.0,533.0,10.428,39.1165,90.5903,207.4409,0.0194,0.0002,99.3736,215.9516,48.7299,-16.6308,0.0,0.0001,2.1175,-0.0014,6.2526,35.387,10.3632,27.1911,35.9809
266.0,535.0,10.3831,39.0702,98.68,208.6872,0.0209,0.0002,99.3905,215.9517,48.7299,-16.6308,0.0,0.0001,2.1191,0.0008,6.2559,35.3828,10.3183,27.1957,35.9874
267.0,537.0,10.3681,39.0518,98.68,209.0019,0.0216,0.0002,99.3781,215.9517,48.7298,-16.6308,0.0,0.0001,2.1215,0.0015,6.2523,35.3776,10.303,27.1943,35.9868
268.0,539.0,10.3414,39.0242,98.68,208.5671,0.023,0.0002,99.3781,215.9517,48.7298,-16.6308,0.0,0.0001,2.1221,0.0001,6.2518,35.3745,10.2761,27.1966,35.9902
269.0,541.0,10.3401,39.022,84.2225,208.3894,0.0202,0.0002,99.3918,215.9517,48.7298,-16.6308,0.0,0.0001,2.1204,-0.0007,6.2589,35.3728,10.2746,27.1955,35.9893
270.0,543.0,10.3212,39.0032,98.68,207.9787,0.0232,0.0002,99.407,215.9518,48.7298,-16.6308,0.0,0.0001,2.117,-0.001,6.2602,35.3712,10.2556,27.1976,35.9922
271.0,545.0,10.3171,38.9993,80.2985,207.9577,0.0244,0.0002,99.407,215.9518,48.7298,-16.6308,0.0,0.0001,2.1158,-0.0009,6.2617,35.3705,10.2512,27.1979,35.9926
272.0,547.0,10.308,38.9903,98.68,206.9514,0.0219,0.0002,99.3648,215.9518,48.7298,-16.6308,0.0,0.0001,2.1114,-0.0024,6.2619,35.3692,10.2419,27.1984,35.9936
273.0,549.0,10.3015,38.984,98.68,206.9941,0.0232,0.0003,99.3492,215.9518,48.7298,-16.6308,0.0,0.0001,2.1096,-0.0014,6.2598,35.3683,10.2352,27.1989,35.9944
274.0,551.0,10.2871,38.969,98.68,207.7176,0.0264,0.0002,99.3715,215.9518,48.7298,-16.6308,0.0,0.0001,2.1097,0.0001,6.2648,35.3659,10.2206,27.1996,35.9957
275.0,553.0,10.2816,38.9638,98.68,206.5163,0.0249,0.0002,99.3864,215.9519,48.7298,-16.6308,0.0,0.0001,2.1058,-0.0023,6.2657,35.3653,10.2148,27.2001,35.9964
276.0,555.0,10.2765,38.9592,75.0712,205.9488,0.0242,0.0002,99.3846,215.9519,48.7298,-16.6308,0.0,0.0001,2.1007,-0.0023,6.2673,35.3646,10.2095,27.2005,35.9971
277.0,557.0,10.266,38.9496,98.68,205.892,0.0245,0.0002,99.3992,215.9519,48.7298,-16.6308,0.0,0.0001,2.0983,-0.0015,6.2683,35.364,10.1988,27.2019,35.9989
278.0,559.0,10.2508,38.9342,98.68,203.9575,0.0208,0.0002,99.407,215.9519,48.7298,-16.6308,0.0,0.0001,2.0895,-0.0042,6.2659,35.3624,10.1835,27.2033,36.001
279.0,561.0,10.2664,38.9576,98.68,200.3106,0.024,0.0002,99.381,215.952,48.7298,-16.6308,0.0,0.0001,2.0728,-0.0082,6.2646,35.3701,10.1987,27.2067,36.0036
280.0,563.0,10.2817,38.979,98.68,198.4809,0.0237,0.0002,99.3998,215.952,48.7298,-16.6308,0.0,0.0001,2.0609,-0.0088,6.2655,35.3761,10.2137,27.2087,36.005
281.0,565.0,10.279,38.9771,98.68,198.4098,0.0239,0.0002,99.3925,215.952,48.7298,-16.6309,0.0,0.0001,2.0519,-0.0063,6.2658,35.3761,10.2108,27.2093,36.0056
282.0,567.0,10.2731,38.9717,70.5657,198.8521,0.0237,0.0002,99.3981,215.952,48.7298,-16.6309,0.0,0.0001,2.0458,-0.003,6.2675,35.3753,10.2047,27.2097,36.0063
283.0,569.0,10.2473,38.9436,95.9393,199.5929,0.0199,0.0003,99.3593,215.952,48.7298,-16.6309,0.0,0.0001,2.043,-0.0011,6.2801,35.3709,10.1787,27.2108,36.0086
284.0,571.0,10.1905,38.8792,98.68,198.6159,0.0209,0.0002,99.3942,215.9521,48.7298,-16.6309,0.0,0.0001,2.0369,-0.0027,6.2912,35.3598,10.122,27.212,36.0123
285.0,573.0,10.1224,38.8034,98.68,198.3595,0.0221,0.0002,99.402,215.9521,48.7298,-16.6309,0.0,0.0001,2.0336,-0.0025,6.2951,35.3481,10.0539,27.2146,36.018
286.0,575.0,10.0921,38.7701,98.68,198.4681,0.0236,0.0002,99.3766,215.9521,48.7298,-16.6309,0.0,0.0001,2.031,-0.0017,6.2981,35.3426,10.0235,27.2156,36.0203
287.0,577.0,10.054,38.7282,79.9812,198.0535,0.0242,0.0002,99.407,215.9521,48.7298,-16.6309,0.0,0.0001,2.0274,-0.0019,6.3021,35.336,9.9852,27.217,36.0234
288.0,579.0,10.0185,38.6891,98.68,198.4316,0.02,0.0002,99.407,215.9522,48.7298,-16.6309,0.0,0.0001,2.0244,-0.0006,6.3055,35.3298,9.9496,27.2182,36.0262
289.0,581.0,10.001,38.67,98.68,198.881,0.0204,0.0002,99.4094,215.9522,48.7298,-16.6309,0.0,0.0001,2.0257,0.0001,6.3087,35.3263,9.932,27.2186,36.0274
290.0,583.0,9.9851,38.6543,98.68,198.9348,0.0218,0.0002,99.3998,215.9522,48.7298,-16.6309,0.0,0.0001,2.026,-0.0001,6.3092,35.3249,9.9159,27.2202,36.0297
291.0,585.0,9.9729,38.6432,98.68,200.2001,0.0268,0.0002,99.407,215.9522,48.7298,-16.6309,0.0,0.0001,2.0293,0.002,6.3097,35.3245,9.9035,27.222,36.0321
292.0,587.0,9.9678,38.6404,75.5208,199.1558,0.0231,0.0002,99.407,215.9522,48.7298,-16.6309,0.0,0.0001,2.0276,-0.0006,6.3109,35.3259,9.8982,27.224,36.0342
293.0,589.0,9.9614,38.6348,98.68,198.6221,0.0225,0.0002,99.407,215.9523,48.7298,-16.6309,0.0,0.0001,2.0256,-0.0013,6.3113,35.3257,9.8916,27.225,36.0356
294.0,591.0,9.9559,38.6333,98.68,198.7825,0.0226,0.0002,99.407,215.9523,48.7298,-16.6309,0.0,0.0001,2.0246,-0.0007,6.3117,35.3286,9.8859,27.2282,36.0389
295.0,593.0,9.9519,38.6335,71.1069,201.8817,0.0211,0.0002,99.415,215.9523,48.7298,-16.6309,0.0,0.0001,2.0333,0.0046,6.311,35.3316,9.8816,27.2313,36.0421
296.0,595.0,9.9512,38.6373,90.2429,202.4279,0.0189,0.0002,99.4051,215.9523,48.7298,-16.6309,0.0,0.0001,2.0426,0.0028,6.3137,35.3351,9.8806,27.2343,36.0451
297.0,597.0,9.9429,38.6274,98.6815,204.212,0.0218,0.0002,99.3781,215.9524,48.7298,-16.6309,0.0,0.0001,2.05,0.0039,6.3159,35.3324,9.8721,27.2335,36.0448
298.0,599.0,9.9217,38.6084,98.68,207.9749,0.0248,0.0002,99.3781,215.9524,48.7298,-16.6309,0.0,0.0001,2.064,0.0096,6.3152,35.3325,9.8508,27.2373,36.0495
299.0,601.0,9.9213,38.6098,98.68,209.422,0.0235,0.0002,99.3781,215.9524,48.7298,-16.6309,0.0,0.0001,2.0737,0.01,6.3145,35.3336,9.8501,27.2382,36.0504
300.0,603.0,9.9189,38.6087,98.68,207.1322,0.019,0.0002,99.3738,215.9524,48.7298,-16.6309,0.0,0.0001,2.0784,0.0019,6.315,35.3338,9.8475,27.2388,36.0511
301.0,605.0,9.9235,38.6134,98.5225,207.0718,0.0243,0.0002,99.4049,215.9525,48.7298,-16.6309,0.0,0.0001,2.0792,0.0011,6.3153,35.3334,9.8518,27.2378,36.0499
302.0,607.0,9.9219,38.6143,98.68,209.1509,0.0195,0.0002,99.4123,215.9525,48.7298,-16.6309,0.0,0.0001,2.0862,0.0042,6.3162,35.3349,9.85,27.2393,36.0515
303.0,609.0,9.9249,38.6196,98.68,210.0112,0.0148,0.0002,99.4009,215.9525,48.7298,-16.6309,0.0,0.0001,2.0901,0.0048,6.3168,35.3366,9.8528,27.2401,36.0521
304.0,611.0,9.9189,38.6148,98.68,209.987,0.0187,0.0002,99.4166,215.9525,48.7298,-16.6309,0.0,0.0001,2.0943,0.0032,6.3168,35.3367,9.8466,27.2413,36.0535
305.0,613.0,9.9101,38.6073,98.68,209.9159,0.0228,0.0002,99.4214,215.9525,48.7298,-16.6309,0.0,0.0001,2.0982,0.0017,6.3163,35.3365,9.8376,27.2427,36.0553
306.0,615.0,9.9025,38.6005,83.9307,209.0587,0.0226,0.0002,99.4106,215.9526,48.7298,-16.6309,0.0,0.0001,2.0968,-0.0006,6.3192,35.3363,9.8298,27.2438,36.0568
307.0,617.0,9.8965,38.5954,89.5723,208.8328,0.0191,0.0002,99.4198,215.9526,48.7298,-16.6309,0.0,0.0001,2.0947,-0.0008,6.3206,35.336,9.8235,27.2447,36.0579
308.0,619.0,9.8929,38.5924,98.68,208.4732,0.0191,0.0002,99.4243,215.9526,48.7298,-16.6309,0.0,0.0001,2.0929,-0.0013,6.322,35.3354,9.8198,27.2448,36.0583
309.0,621.0,9.8836,38.5845,98.6849,208.1651,0.0171,0.0002,99.4153,215.9526,48.7298,-16.6309,0.0,0.0001,2.0903,-0.0014,6.3228,35.3355,9.8102,27.2466,36.0604
310.0,623.0,9.8714,38.5725,82.4842,208.1567,0.0215,0.0002,99.4279,215.9526,48.7298,-16.6309,0.0,0.0001,2.0882,-0.0011,6.3261,35.3342,9.7979,27.2476,36.062
311.0,625.0,9.8473,38.5476,98.68,207.6773,0.0224,0.0002,99.407,215.9527,48.7298,-16.6309,0.0,0.0001,2.0849,-0.0017,6.3305,35.3315,9.7736,27.2496,36.0651
312.0,627.0,9.8209,38.5204,98.68,205.9447,0.0188,0.0002,99.4287,215.9527,48.7298,-16.6309,0.0,0.0001,2.0768,-0.0041,6.3315,35.3284,9.7471,27.2517,36.0683
313.0,629.0,9.8128,38.513,98.68,206.1248,0.0211,0.0002,99.407,215.9527,48.7298,-16.6309,0.0,0.0001,2.0747,-0.0025,6.3317,35.3278,9.7388,27.2526,36.0696
314.0,631.0,9.8075,38.5087,98.68,206.8106,0.0229,0.0002,99.4359,215.9527,48.7298,-16.6309,0.0,0.0001,2.0731,-0.0006,6.3337,35.3277,9.7333,27.2535,36.0707
315.0,633.0,9.8027,38.5039,98.6807,205.9069,0.0218,0.0002,99.4269,215.9528,48.7298,-16.6309,0.0,0.0001,2.0695,-0.002,6.3363,35.3267,9.7282,27.2536,36.071
316.0,635.0,9.7803,38.4808,80.1271,205.1084,0.0183,0.0002,99.4251,215.9528,48.7298,-16.6309,0.0,0.0001,2.064,-0.0025,6.3372,35.3239,9.7057,27.2552,36.0736
317.0,637.0,9.7726,38.4736,96.0847,205.2707,0.0199,0.0002,99.4178,215.9528,48.7298,-16.6309,0.0,0.0001,2.0619,-0.0013,6.3375,35.323,9.6977,27.2558,36.0746
318.0,639.0,9.7626,38.4641,98.68,205.1795,0.0201,0.0002,99.4231,215.9528,48.7298,-16.6309,0.0,0.0001,2.0588,-0.0012,6.3435,35.3219,9.6876,27.2567,36.0759
319.0,641.0,9.7438,38.4447,98.68,203.3669,0.022,0.0002,99.4127,215.9529,48.7298,-16.6309,0.0,0.0001,2.0504,-0.0039,6.3532,35.3194,9.6686,27.258,36.078
320.0,643.0,9.6875,38.3855,98.68,201.6394,0.0235,0.0002,99.4162,215.9529,48.7298,-16.6309,0.0,0.0001,2.042,-0.0056,6.3535,35.3128,9.6123,27.2622,36.0848
321.0,645.0,9.6644,38.3602,98.68,200.9227,0.0223,0.0002,99.4359,215.9529,48.7298,-16.6309,0.0,0.0001,2.0378,-0.0056,6.3519,35.3087,9.5891,27.2629,36.0865
322.0,647.0,9.6523,38.3512,82.2793,201.2797,0.0214,0.0002,99.407,215.9529,48.7298,-16.631,0.0,0.0001,2.0311,-0.003,6.3546,35.3103,9.5768,27.2663,36.0904
323.0,649.0,9.6511,38.3506,90.375,200.744,0.0179,0.0002,99.407,215.953,48.7298,-16.6309,0.0,0.0001,2.0254,-0.0026,6.3543,35.31,9.5754,27.2663,36.0905
324.0,651.0,9.6436,38.3424,98.68,201.1217,0.023,0.0002,99.407,215.953,48.7298,-16.631,0.0,0.0001,2.0225,-0.0011,6.3574,35.3078,9.5677,27.2659,36.0904
325.0,653.0,9.6243,38.3231,98.68,200.4081,0.0215,0.0002,99.4074,215.953,48.7298,-16.631,0.0,0.0001,2.019,-0.0022,6.363,35.3061,9.5482,27.2677,36.0932
326.0,655.0,9.6132,38.3161,98.68,198.5895,0.0219,0.0002,99.4006,215.953,48.7298,-16.6309,0.0,0.0001,2.0103,-0.0042,6.3643,35.3087,9.5369,27.2717,36.0976
327.0,657.0,9.5965,38.2973,98.68,198.1994,0.0229,0.0002,99.407,215.953,48.7298,-16.6309,0.0,0.0001,2.0067,-0.004,6.3618,35.305,9.5201,27.2716,36.0982
328.0,659.0,9.56,38.2609,98.68,198.7712,0.0242,0.0002,99.3907,215.9531,48.7298,-16.631,0.0,0.0001,2.0049,-0.0018,6.3633,35.3021,9.4835,27.2754,36.1037
329.0,661.0,9.5762,38.2789,98.68,199.1526,0.0265,0.0002,99.3796,215.9531,48.7298,-16.631,0.0,0.0001,2.0026,-0.0011,6.3729,35.3042,9.4995,27.2744,36.1019
330.0,663.0,9.5334,38.2319,98.68,196.6428,0.0245,0.0002,99.407,215.9531,48.7298,-16.631,0.0,0.0001,1.9926,-0.0045,6.3781,35.2965,9.4566,27.2756,36.1051
331.0,665.0,9.4854,38.179,98.5138,196.1796,0.0223,0.0002,99.407,215.9531,48.7298,-16.631,0.0,0.0001,1.9873,-0.0038,6.3745,35.288,9.4086,27.2769,36.1086
332.0,667.0,9.472,38.1722,88.1141,196.0092,0.0209,0.0002,99.3829,215.9532,48.7298,-16.631,0.0,0.0001,1.9813,-0.0027,6.381,35.2932,9.395,27.2832,36.1154
333.0,669.0,9.4654,38.1662,94.7362,192.5749,0.021,0.0002,99.3883,215.9532,48.7298,-16.631,0.0,0.0001,1.967,-0.007,6.3846,35.2925,9.3882,27.2838,36.1163
334.0,671.0,9.4492,38.1488,98.68,189.1101,0.0185,0.0002,99.3899,215.9532,48.7298,-16.631,0.0,0.0001,1.9516,-0.0107,6.3821,35.2896,9.3719,27.2842,36.1174
335.0,673.0,9.425,38.1238,98.68,190.3169,0.0228,0.0002,99.3915,215.9532,48.7297,-16.631,0.0,0.0001,1.9422,-0.005,6.39,35.2864,9.3475,27.2858,36.1201
336.0,675.0,9.4063,38.1051,87.8507,188.5481,0.0254,0.0002,99.3824,215.9533,48.7297,-16.631,0.0,0.0001,1.9301,-0.0059,6.3985,35.2846,9.3287,27.2875,36.1226
337.0,677.0,9.38,38.075,98.68,187.2984,0.0255,0.0002,99.3983,215.9533,48.7297,-16.631,0.0,0.0001,1.9214,-0.0063,6.4026,35.2785,9.3023,27.287,36.1234
338.0,679.0,9.3444,38.0385,98.68,187.6531,0.0264,0.0002,99.4065,215.9533,48.7297,-16.631,0.0,0.0001,1.915,-0.0041,6.408,35.2747,9.2666,27.2899,36.1279
339.0,681.0,9.3008,37.9941,98.68,187.4206,0.0261,0.0002,99.4115,215.9533,48.7297,-16.631,0.0,0.0001,1.9083,-0.0029,6.4113,35.2706,9.223,27.2938,36.1338
340.0,683.0,9.2637,37.9567,98.68,187.3526,0.022,0.0002,99.4004,215.9533,48.7297,-16.631,0.0,0.0001,1.9046,-0.0022,6.4169,35.2672,9.1859,27.2973,36.1389
341.0,685.0,9.2404,37.9324,98.6807,187.6943,0.026,0.0002,99.3925,215.9534,48.7297,-16.631,0.0,0.0001,1.9036,-0.0007,6.4122,35.2642,9.1624,27.2987,36.1414
342.0,687.0,9.1996,37.8922,89.9088,188.1475,0.0243,0.0002,99.3951,215.9534,48.7297,-16.631,0.0,0.0001,1.903,-0.0004,6.4272,35.2614,9.1217,27.3032,36.1477
343.0,689.0,9.1583,37.8501,98.648,187.398,0.023,0.0002,99.4253,215.9534,48.7297,-16.631,0.0,0.0001,1.8992,-0.0015,6.4307,35.2573,9.0802,27.3068,36.1531
344.0,691.0,9.1329,37.827,98.68,187.7271,0.0185,0.0002,99.407,215.9534,48.7297,-16.631,0.0,0.0001,1.8987,-0.0004,6.4285,35.2572,9.0547,27.3108,36.1582
345.0,693.0,9.1196,37.8181,98.68,187.8247,0.021,0.0002,99.407,215.9534,48.7297,-16.631,0.0,0.0001,1.8984,0.0,6.4273,35.2601,9.0413,27.3153,36.1632
346.0,695.0,9.1268,37.8266,97.5947,187.2744,0.0229,0.0002,99.3972,215.9535,48.7297,-16.631,0.0,0.0001,1.8957,-0.001,6.4314,35.2611,9.0482,27.315,36.1626
347.0,697.0,9.1371,37.8375,76.632,187.2098,0.0241,0.0002,99.4221,215.9535,48.7297,-16.631,0.0,0.0001,1.8935,-0.0008,6.435,35.2616,9.0583,27.3137,36.1609
348.0,699.0,9.1187,37.8235,97.1572,186.8436,0.0231,0.0002,99.4239,215.9535,48.7297,-16.631,0.0,0.0001,1.8919,-0.0012,6.4348,35.2641,9.0398,27.3187,36.1666
349.0,701.0,9.0972,37.8085,94.6615,186.812,0.0245,0.0002,99.428,215.9535,48.7297,-16.631,0.0,0.0001,1.8902,-0.0008,6.4353,35.2685,9.018,27.3256,36.1744
350.0,703.0,9.0937,37.8084,98.68,186.8897,0.0224,0.0002,99.4359,215.9536,48.7297,-16.631,0.0,0.0001,1.8892,-0.0005,6.4362,35.271,9.0143,27.3282,36.1771
351.0,705.0,9.0892,37.8054,98.5064,186.7652,0.0237,0.0002,99.4214,215.9536,48.7297,-16.631,0.0,0.0001,1.8877,-0.0006,6.4389,35.2715,9.0096,27.3294,36.1785
352.0,707.0,9.0756,37.7936,98.68,185.9674,0.0245,0.0002,99.4299,215.9536,48.7297,-16.631,0.0,0.0001,1.8857,-0.0016,6.4393,35.2716,8.9959,27.3316,36.1814
353.0,709.0,9.0637,37.7857,98.68,185.582,0.0238,0.0002,99.4323,215.9536,48.7297,-16.631,0.0,0.0001,1.8819,-0.0014,6.434,35.2741,8.9838,27.3355,36.1858
354.0,711.0,9.0818,37.8127,98.68,185.41,0.0204,0.0002,99.4359,215.9537,48.7297,-16.631,0.0,0.0001,1.8803,-0.001,6.4282,35.2835,9.0016,27.34,36.1894
355.0,713.0,9.1139,37.8554,55.6369,185.5499,0.0229,0.0002,99.3868,215.9537,48.7297,-16.631,0.0,0.0001,1.8791,-0.0006,6.4289,35.2957,9.0332,27.3445,36.1923
356.0,715.0,9.1314,37.8792,95.3013,185.1557,0.0224,0.0002,99.4335,215.9537,48.7297,-16.631,0.0,0.0001,1.8768,-0.001,6.4306,35.3022,9.0504,27.3467,36.1937
357.0,717.0,9.1136,37.8616,98.68,184.7451,0.0218,0.0002,99.4329,215.9537,48.7297,-16.631,0.0,0.0001,1.874,-0.0011,6.4295,35.3004,9.0324,27.3483,36.196
358.0,719.0,9.1213,37.8734,98.68,184.7794,0.0237,0.0002,99.4359,215.9537,48.7297,-16.631,0.0,0.0001,1.873,-0.0007,6.4312,35.3044,9.0399,27.3502,36.1975
359.0,721.0,9.1221,37.8773,98.68,184.3938,0.0213,0.0002,99.4305,215.9538,48.7297,-16.631,0.0,0.0001,1.8702,-0.0013,6.4331,35.3068,9.0405,27.352,36.1993
360.0,723.0,9.1029,37.8592,85.6697,184.2732,0.0219,0.0002,99.4279,215.9538,48.7297,-16.631,0.0,0.0001,1.8684,-0.001,6.4332,35.306,9.0211,27.3545,36.2027
361.0,725.0,9.0988,37.8573,98.68,184.4273,0.0204,0.0002,99.4359,215.9538,48.7297,-16.631,0.0,0.0001,1.8676,-0.0004,6.4319,35.307,9.0168,27.356,36.2043
362.0,727.0,9.1055,37.8679,98.68,184.3062,0.0218,0.0002,99.4268,215.9538,48.7297,-16.631,0.0,0.0001,1.8657,-0.0007,6.4366,35.3105,9.0233,27.3576,36.2057
363.0,729.0,9.1068,37.8707,98.68,184.0591,0.0199,0.0002,99.4111,215.9539,48.7297,-16.631,0.0,0.0001,1.8645,-0.0007,6.4354,35.3112,9.0242,27.3581,36.206
364.0,731.0,9.0571,37.8168,98.68,184.7427,0.0227,0.0002,99.4239,215.9539,48.7297,-16.631,0.0,0.0001,1.8657,0.0003,6.4401,35.303,8.9746,27.3597,36.2099
365.0,733.0,9.0221,37.7797,86.9883,184.3222,0.024,0.0002,99.4289,215.9539,48.7297,-16.6311,0.0,0.0001,1.864,-0.0009,6.4501,35.298,8.9396,27.3614,36.2132
366.0,735.0,8.9957,37.7512,98.68,184.5689,0.0241,0.0002,99.4251,215.9539,48.7297,-16.631,0.0,0.0001,1.8623,-0.0004,6.4557,35.2936,8.9131,27.3622,36.2152
367.0,737.0,8.972,37.7256,96.6733,184.9923,0.0284,0.0002,99.4359,215.9539,48.7297,-16.631,0.0,0.0001,1.8622,0.0001,6.4609,35.2893,8.8893,27.3626,36.2168
368.0,739.0,8.928,37.6782,98.68,185.2672,0.0225,0.0002,99.4323,215.954,48.7297,-16.6311,0.0,0.0001,1.8653,0.0006,6.4565,35.282,8.8453,27.364,36.2202
369.0,741.0,8.8613,37.6065,98.68,185.4601,0.0241,0.0002,99.4301,215.954,48.7297,-16.6311,0.0,0.0001,1.864,-0.0004,6.476,35.2719,8.7786,27.3667,36.226
370.0,743.0,8.82,37.56,98.4838,185.5702,0.0217,0.0002,99.4166,215.954,48.7297,-16.631,0.0,0.0001,1.8649,-0.0001,6.4804,35.2633,8.7375,27.3665,36.2277
371.0,745.0,8.8045,37.544,79.4679,185.7792,0.025,0.0002,99.4321,215.954,48.7297,-16.6311,0.0,0.0001,1.8658,0.0001,6.4831,35.2611,8.7218,27.3672,36.2292
372.0,747.0,8.7741,37.5118,93.2159,186.6716,0.0273,0.0002,99.4245,215.9541,48.7297,-16.6311,0.0,0.0001,1.8666,0.0012,6.4874,35.2561,8.6913,27.3682,36.2315
373.0,749.0,8.7414,37.4767,98.68,186.9301,0.0205,0.0002,99.4359,215.9541,48.7297,-16.6311,0.0,0.0001,1.8675,0.0008,6.4919,35.2507,8.6586,27.3691,36.234
374.0,751.0,8.7167,37.451,98.68,186.7767,0.0213,0.0002,99.4033,215.9541,48.7297,-16.6311,0.0,0.0001,1.8669,0.0,6.4988,35.2475,8.6338,27.3705,36.2365
375.0,753.0,8.6906,37.4244,98.68,186.3498,0.0227,0.0002,99.4235,215.9541,48.7297,-16.6311,0.0,0.0001,1.8655,-0.0008,6.4997,35.2442,8.6076,27.3721,36.2393
376.0,755.0,8.6438,37.3727,98.68,187.2789,0.0255,0.0002,99.4359,215.9541,48.7297,-16.6311,0.0,0.0001,1.8667,0.0006,6.501,35.2352,8.5609,27.3724,36.2418
377.0,757.0,8.5908,37.318,98.68,187.4968,0.0241,0.0002,99.4256,215.9542,48.7297,-16.6311,0.0,0.0001,1.8679,0.0005,6.5119,35.2294,8.5079,27.3761,36.2479
378.0,759.0,8.5785,37.3065,98.68,187.0111,0.0216,0.0002,99.4359,215.9542,48.7297,-16.6311,0.0,0.0001,1.8663,-0.0006,6.5129,35.2284,8.4955,27.3773,36.2497
379.0,761.0,8.5713,37.3012,98.68,187.0364,0.0257,0.0002,99.4178,215.9542,48.7297,-16.6311,0.0,0.0001,1.8664,-0.0004,6.5136,35.2292,8.4881,27.379,36.2517
380.0,763.0,8.5664,37.2988,98.68,187.6946,0.0242,0.0002,99.4359,215.9542,48.7297,-16.6311,0.0,0.0001,1.8665,0.0003,6.5204,35.2305,8.483,27.3809,36.2538
381.0,765.0,8.51,37.2421,88.2005,187.2478,0.0229,0.0002,99.4359,215.9543,48.7297,-16.6311,0.0,0.0001,1.8655,-0.0005,6.522,35.2256,8.4266,27.3858,36.2613
382.0,767.0,8.507,37.2436,96.235,187.0049,0.0226,0.0002,99.4301,215.9543,48.7297,-16.6311,0.0,0.0001,1.8645,-0.0007,6.5237,35.2292,8.4234,27.3891,36.2647
383.0,769.0,8.505,37.2471,98.68,186.7093,0.0227,0.0002,99.4359,215.9543,48.7297,-16.6311,0.0,0.0001,1.8614,-0.001,6.526,35.234,8.4212,27.3932,36.2688
384.0,771.0,8.4874,37.2323,98.68,186.6813,0.0195,0.0002,99.4359,215.9543,48.7296,-16.6311,0.0,0.0001,1.8608,-0.0007,6.5242,35.2348,8.4035,27.3966,36.273
385.0,773.0,8.4767,37.2257,98.68,186.7136,0.0205,0.0002,99.4359,215.9544,48.7296,-16.6311,0.0,0.0001,1.8596,-0.0006,6.5244,35.2373,8.3926,27.4003,36.2771
386.0,775.0,8.4922,37.2466,76.7093,186.9282,0.0238,0.0002,99.4359,215.9544,48.7296,-16.6311,0.0,0.0001,1.8596,-0.0001,6.5243,35.2433,8.4078,27.4026,36.2787
387.0,777.0,8.5093,37.2661,98.6792,186.907,0.021,0.0002,99.4297,215.9544,48.7297,-16.6311,0.0,0.0001,1.8602,0.0002,6.5149,35.2462,8.4246,27.4023,36.2775
388.0,779.0,8.5276,37.291,98.68,186.4476,0.0225,0.0002,99.4359,215.9544,48.7297,-16.6311,0.0,0.0001,1.8608,0.0002,6.4906,35.2535,8.4426,27.4052,36.2795
389.0,781.0,8.6761,37.4669,98.68,184.9992,0.0206,0.0002,99.4112,215.9545,48.7296,-16.6311,0.0,0.0001,1.8559,-0.0022,6.4919,35.2905,8.59,27.4112,36.2785
390.0,783.0,8.7124,37.5107,98.68,184.4702,0.0231,0.0002,99.4359,215.9545,48.7296,-16.6311,0.0,0.0001,1.8534,-0.0024,6.4936,35.2994,8.6258,27.4125,36.2781
391.0,785.0,8.7002,37.4997,98.2225,184.5483,0.0246,0.0002,99.4359,215.9545,48.7296,-16.6311,0.0,0.0001,1.851,-0.002,6.4983,35.2991,8.6133,27.4142,36.2804
392.0,787.0,8.6839,37.4827,91.1936,185.2819,0.0237,0.0002,99.4028,215.9545,48.7296,-16.6311,0.0,0.0001,1.8499,-0.0002,6.4999,35.2965,8.5969,27.4148,36.2817
393.0,789.0,8.649,37.4452,98.68,184.4103,0.0243,0.0002,99.4359,215.9545,48.7296,-16.6311,0.0,0.0001,1.8476,-0.002,6.5061,35.2908,8.562,27.4158,36.2843
394.0,791.0,8.5867,37.3812,29.1205,185.0517,0.0252,0.0002,99.4359,215.9546,48.7296,-16.6311,0.0,0.0001,1.8481,-0.0001,6.4989,35.2844,8.4999,27.4205,36.2919
395.0,793.0,8.6052,37.4031,98.6765,185.8332,0.0233,0.0002,99.4214,215.9546,48.7296,-16.6311,0.0,0.0001,1.8497,0.0012,6.4981,35.2882,8.5181,27.4206,36.2911
396.0,795.0,8.6472,37.4567,90.4879,184.7768,0.0265,0.0002,99.4359,215.9546,48.7296,-16.6311,0.0,0.0001,1.8478,-0.0009,6.498,35.3019,8.5595,27.4249,36.2934
397.0,797.0,8.6585,37.4726,98.68,184.5029,0.0196,0.0002,99.4359,215.9546,48.7296,-16.6311,0.0,0.0001,1.8449,-0.0012,6.5041,35.3065,8.5706,27.4267,36.2947
398.0,799.0,8.6293,37.4414,98.68,184.4823,0.0198,0.0002,99.4359,215.9547,48.7296,-16.6311,0.0,0.0001,1.8437,-0.0009,6.5043,35.3016,8.5413,27.4275,36.2968
399.0,801.0,8.6094,37.4211,98.68,185.0399,0.0215,0.0002,99.4359,215.9547,48.7296,-16.6311,0.0,0.0001,1.8437,0.0004,6.4994,35.2992,8.5213,27.4288,36.299
400.0,803.0,8.6334,37.4518,98.6071,184.9298,0.0221,0.0002,99.4287,215.9547,48.7296,-16.6311,0.0,0.0001,1.8439,-0.0002,6.504,35.307,8.5449,27.4312,36.3003
401.0,805.0,8.6241,37.4454,98.6791,184.8692,0.0209,0.0002,99.4311,215.9547,48.7296,-16.6311,0.0,0.0001,1.8431,-0.0006,6.5156,35.3083,8.5354,27.4337,36.3032
402.0,807.0,8.5563,37.372,98.68,185.4046,0.0225,0.0002,99.4269,215.9547,48.7296,-16.6311,0.0,0.0001,1.8425,-0.0002,6.5294,35.2972,8.4677,27.4356,36.3082
403.0,809.0,8.4976,37.309,98.68,185.7348,0.0202,0.0002,99.4253,215.9548,48.7296,-16.6311,0.0,0.0001,1.842,-0.0003,6.5452,35.2881,8.4092,27.4375,36.3128
404.0,811.0,8.3644,37.1623,69.3756,186.6614,0.0192,0.0002,99.4202,215.9548,48.7296,-16.6312,0.0,0.0001,1.8432,0.0009,6.5519,35.2645,8.2766,27.4395,36.3211
405.0,813.0,8.3054,37.0972,98.6765,187.3039,0.0219,0.0002,99.4101,215.9548,48.7296,-16.6312,0.0,0.0001,1.8437,0.0007,6.5699,35.2535,8.2178,27.4399,36.3243
406.0,815.0,8.2625,37.0476,93.6892,187.1395,0.0187,0.0002,99.407,215.9548,48.7296,-16.6312,0.0,0.0001,1.8447,-0.0002,6.5754,35.2425,8.1748,27.4378,36.3243
407.0,817.0,8.1305,36.9069,98.68,188.623,0.0209,0.0002,99.407,215.9549,48.7296,-16.6312,0.0,0.0001,1.8498,0.0024,6.5692,35.2233,8.0435,27.4427,36.3354
408.0,819.0,8.1272,36.9036,98.63,189.3752,0.0208,0.0002,99.407,215.9549,48.7296,-16.6312,0.0,0.0001,1.8532,0.0033,6.5539,35.2222,8.0399,27.4425,36.3353
409.0,821.0,8.1601,36.9404,98.613,188.0709,0.0237,0.0002,99.3821,215.9549,48.7296,-16.6312,0.0,0.0001,1.852,-0.001,6.5879,35.2281,8.0725,27.4421,36.3334
410.0,823.0,8.1085,36.8875,98.68,187.9794,0.0223,0.0002,99.3946,215.9549,48.7296,-16.6312,0.0,0.0001,1.8514,-0.0014,6.6095,35.2221,8.0209,27.4452,36.3389
411.0,825.0,8.0372,36.8087,98.68,188.3105,0.0252,0.0002,99.407,215.9549,48.7296,-16.6312,0.0,0.0001,1.8507,-0.0002,6.6003,35.2083,7.9499,27.4451,36.3422
412.0,827.0,7.9405,36.7096,98.68,189.5886,0.0236,0.0002,99.407,215.955,48.7296,-16.6312,0.0,0.0001,1.8501,0.0022,6.5866,35.198,7.8536,27.4514,36.353
413.0,829.0,7.9218,36.6898,81.817,190.2718,0.0242,0.0002,99.3915,215.955,48.7296,-16.6312,0.0,0.0001,1.8564,0.0014,6.6003,35.1944,7.8347,27.4514,36.3539
414.0,831.0,7.944,36.7142,97.6887,189.0555,0.0202,0.0002,99.4,215.955,48.7296,-16.6312,0.0,0.0001,1.8526,-0.0015,6.6192,35.1978,7.8566,27.4508,36.3523
415.0,833.0,7.8711,36.6389,98.68,190.0018,0.0228,0.0002,99.4214,215.955,48.7296,-16.6312,0.0,0.0001,1.8536,0.0004,6.6154,35.1888,7.7839,27.4546,36.3595
416.0,835.0,7.8674,36.6365,98.68,190.9236,0.0235,0.0002,99.407,215.9551,48.7296,-16.6312,0.0,0.0001,1.8559,0.0017,6.6134,35.1889,7.7799,27.4552,36.3603
417.0,837.0,7.8685,36.6387,98.68,190.6137,0.0225,0.0002,99.407,215.9551,48.7296,-16.6312,0.0,0.0001,1.8559,0.0008,6.6122,35.1894,7.7809,27.4554,36.3605
418.0,839.0,7.9072,36.6842,72.6303,190.4256,0.0264,0.0002,99.4022,215.9551,48.7296,-16.6312,0.0,0.0001,1.8563,0.0003,6.6113,35.1985,7.8191,27.4569,36.3601
419.0,841.0,7.92,36.7008,92.4186,189.9636,0.0222,0.0002,99.4038,215.9551,48.7296,-16.6312,0.0,0.0001,1.8558,-0.0004,6.6057,35.2025,7.8316,27.4582,36.3608
420.0,843.0,7.9473,36.7368,98.68,189.5789,0.0215,0.0002,99.3998,215.9552,48.7296,-16.6312,0.0,0.0001,1.8548,-0.0009,6.6082,35.2127,7.8585,27.4622,36.3634
421.0,845.0,7.9737,36.769,98.68,189.1282,0.0223,0.0002,99.4115,215.9552,48.7296,-16.6312,0.0,0.0001,1.8523,-0.0015,6.61,35.2197,7.8845,27.4638,36.3637
422.0,847.0,7.9433,36.734,98.68,188.8512,0.0256,0.0002,99.4233,215.9552,48.7296,-16.6312,0.0,0.0001,1.8498,-0.0015,6.6079,35.2119,7.854,27.4623,36.3636
423.0,849.0,7.8933,36.6841,98.68,189.6637,0.0215,0.0002,99.4182,215.9552,48.7296,-16.6313,0.0,0.0001,1.85,0.0,6.6085,35.2075,7.8042,27.4662,36.3699
424.0,851.0,7.8714,36.6636,90.8902,189.6284,0.0214,0.0002,99.4018,215.9552,48.7296,-16.6313,0.0,0.0001,1.8501,-0.0009,6.6298,35.2068,7.7823,27.469,36.3736
425.0,853.0,7.7418,36.5232,98.6762,189.8829,0.0248,0.0002,99.4052,215.9553,48.7296,-16.6313,0.0,0.0001,1.8474,0.0002,6.6239,35.185,7.6533,27.4709,36.3818
426.0,855.0,7.7703,36.5538,98.68,190.6863,0.0235,0.0002,99.407,215.9553,48.7296,-16.6313,0.0,0.0001,1.8498,0.0013,6.6263,35.1885,7.6814,27.4695,36.3791
427.0,857.0,7.8163,36.6126,98.68,190.3179,0.0241,0.0002,99.413,215.9553,48.7296,-16.6313,0.0,0.0001,1.8498,0.0005,6.6258,35.2047,7.7268,27.4755,36.3827
428.0,859.0,7.8325,36.6354,98.68,190.3721,0.0262,0.0002,99.3775,215.9553,48.7296,-16.6313,0.0,0.0001,1.85,0.0002,6.629,35.2117,7.7426,27.4787,36.3851
429.0,861.0,7.802,36.6002,98.68,190.2544,0.0235,0.0002,99.4359,215.9554,48.7296,-16.6313,0.0,0.0001,1.8494,-0.0006,6.6405,35.2036,7.7122,27.4768,36.3848
430.0,863.0,7.7471,36.5447,85.0381,190.9689,0.0255,0.0002,99.4272,215.9554,48.7296,-16.6313,0.0,0.0001,1.8498,0.0,6.6558,35.1981,7.6574,27.4805,36.391
431.0,865.0,7.7018,36.4974,98.68,190.9456,0.0254,0.0002,99.4153,215.9554,48.7296,-16.6313,0.0,0.0001,1.8493,-0.0003,6.6601,35.1917,7.6122,27.4822,36.3948
432.0,867.0,7.6248,36.4129,95.6588,192.2897,0.0232,0.0002,99.4136,215.9554,48.7296,-16.6313,0.0,0.0001,1.8519,0.0014,6.6641,35.1768,7.5355,27.4817,36.398
433.0,869.0,7.5855,36.372,98.68,192.7282,0.0227,0.0002,99.4214,215.9554,48.7296,-16.6313,0.0,0.0001,1.8553,0.0015,6.6603,35.1711,7.4962,27.4829,36.4012
434.0,871.0,7.5793,36.3669,98.68,193.4657,0.023,0.0002,99.4173,215.9555,48.7296,-16.6313,0.0,0.0001,1.8596,0.002,6.6584,35.1709,7.4898,27.4837,36.4023
435.0,873.0,7.5854,36.3754,91.227,192.4858,0.0218,0.0002,99.4311,215.9555,48.7296,-16.6313,0.0,0.0001,1.8584,-0.0006,6.6716,35.1732,7.4957,27.4846,36.4029
436.0,875.0,7.5535,36.3407,98.68,193.0248,0.026,0.0002,99.4359,215.9555,48.7296,-16.6313,0.0,0.0001,1.8561,-0.0003,6.6899,35.1669,7.4638,27.4843,36.4041
437.0,877.0,7.4648,36.2472,98.68,193.3919,0.0236,0.0002,99.4359,215.9555,48.7295,-16.6313,0.0,0.0001,1.8591,0.0006,6.6804,35.1539,7.3754,27.4868,36.4109
438.0,879.0,7.4209,36.202,98.68,195.1278,0.0228,0.0002,99.4359,215.9555,48.7295,-16.6313,0.0,0.0001,1.862,0.0028,6.683,35.1482,7.3316,27.4886,36.4148
439.0,881.0,7.411,36.1937,98.68,195.3742,0.0223,0.0002,99.4332,215.9556,48.7295,-16.6313,0.0,0.0001,1.8656,0.0014,6.696,35.1481,7.3215,27.49,36.4166
440.0,883.0,7.4199,36.1942,95.7768,194.9152,0.0234,0.0002,99.4359,215.9556,48.7296,-16.6313,0.0,0.0001,1.8657,-0.0002,6.7046,35.1389,7.3302,27.4815,36.4079
441.0,885.0,7.3371,36.1163,80.6937,196.0957,0.0259,0.0002,99.4266,215.9556,48.7295,-16.6314,0.0,0.0001,1.868,0.0012,6.7111,35.137,7.2477,27.4918,36.422
442.0,887.0,7.3065,36.0842,98.68,196.038,0.0234,0.0002,99.429,215.9556,48.7295,-16.6314,0.0,0.0001,1.8689,0.0007,6.7086,35.1317,7.2171,27.492,36.4237
443.0,889.0,7.2618,36.042,98.68,197.7109,0.0255,0.0002,99.4359,215.9557,48.7295,-16.6314,0.0,0.0001,1.8746,0.0026,6.7102,35.1298,7.1725,27.4969,36.4307
444.0,891.0,7.257,36.043,73.9444,196.4888,0.0213,0.0002,99.4359,215.9557,48.7295,-16.6314,0.0,0.0001,1.8737,-0.0003,6.7167,35.135,7.1675,27.5016,36.4356
445.0,893.0,7.2551,36.0426,83.5857,196.7299,0.0223,0.0002,99.449,215.9557,48.7295,-16.6314,0.0,0.0001,1.873,0.0,6.7175,35.1357,7.1654,27.5025,36.4365
446.0,895.0,7.2444,36.0338,98.6792,197.3878,0.0222,0.0002,99.4431,215.9557,48.7295,-16.6314,0.0,0.0001,1.8752,0.0009,6.7161,35.1357,7.1545,27.504,36.4386
447.0,897.0,7.2473,36.0384,98.68,197.6502,0.0234,0.0002,99.4423,215.9558,48.7295,-16.6314,0.0,0.0001,1.8762,0.0011,6.7153,35.1368,7.1572,27.5045,36.4389
448.0,899.0,7.2512,36.0425,98.68,197.5925,0.0252,0.0002,99.4412,215.9558,48.7295,-16.6314,0.0,0.0001,1.8773,0.0003,6.7195,35.1366,7.1609,27.5038,36.4381
449.0,901.0,7.2383,36.0306,98.68,197.365,0.0256,0.0002,99.4647,215.9558,48.7295,-16.6314,0.0,0.0001,1.8762,-0.0005,6.7308,35.1357,7.1479,27.505,36.4398
450.0,903.0,7.2124,36.0052,98.6802,197.18,0.0231,0.0002,99.4435,215.9558,48.7295,-16.6314,0.0,0.0001,1.8755,-0.0007,6.7297,35.1331,7.1219,27.5066,36.4427
451.0,905.0,7.1512,35.9439,98.68,198.3703,0.0236,0.0002,99.4539,215.9559,48.7295,-16.6314,0.0,0.0001,1.877,0.0007,6.7364,35.127,7.0609,27.5104,36.4494
452.0,907.0,7.1269,35.9209,98.68,198.6842,0.0238,0.0002,99.45,215.9559,48.7295,-16.6314,0.0,0.0001,1.8785,0.0008,6.7406,35.1257,7.0366,27.5127,36.4529
453.0,909.0,7.0966,35.892,98.68,198.9493,0.0234,0.0002,99.4505,215.9559,48.7295,-16.6314,0.0,0.0001,1.8803,0.0007,6.7422,35.1239,7.0062,27.5156,36.4572
454.0,911.0,7.0893,35.8858,66.6415,199.0839,0.023,0.0002,99.4547,215.9559,48.7295,-16.6314,0.0,0.0001,1.8807,0.0005,6.7433,35.1237,6.9988,27.5165,36.4584
455.0,913.0,7.0842,35.8828,93.085,198.543,0.0241,0.0002,99.4555,215.9559,48.7295,-16.6314,0.0,0.0001,1.8801,-0.0005,6.7432,35.1244,6.9935,27.5178,36.46
456.0,915.0,7.0756,35.8785,98.6783,199.3584,0.0206,0.0002,99.4647,215.956,48.7295,-16.6314,0.0,0.0001,1.8815,0.0008,6.7412,35.1272,6.9847,27.5212,36.4638
457.0,917.0,7.0783,35.8817,98.6605,199.7173,0.0194,0.0002,99.4524,215.956,48.7295,-16.6314,0.0,0.0001,1.8827,0.0009,6.743,35.127,6.9872,27.5207,36.4632
458.0,919.0,7.0844,35.8878,98.461,198.7522,0.0201,0.0002,99.457,215.956,48.7295,-16.6314,0.0,0.0001,1.8813,-0.0008,6.7433,35.1268,6.9931,27.5198,36.4619
459.0,921.0,7.0772,35.8864,98.68,198.7276,0.0225,0.0002,99.4647,215.956,48.7295,-16.6315,0.0,0.0001,1.8805,-0.0006,6.7427,35.1317,6.9857,27.5246,36.467
460.0,923.0,7.0774,35.8911,98.68,198.8287,0.0207,0.0002,99.4661,215.9561,48.7295,-16.6315,0.0,0.0001,1.88,-0.0004,6.7424,35.1357,6.9858,27.5278,36.4701
461.0,925.0,7.0799,35.8975,98.68,199.0493,0.0238,0.0002,99.4737,215.9561,48.7295,-16.6315,0.0,0.0001,1.8801,0.0,6.7426,35.1391,6.988,27.5302,36.4724
462.0,927.0,7.0868,35.9073,78.6562,199.2078,0.0235,0.0002,99.4743,215.9561,48.7295,-16.6315,0.0,0.0001,1.8804,0.0002,6.7404,35.1418,6.9946,27.5314,36.4732
463.0,929.0,7.0895,35.9132,94.8747,198.9099,0.0256,0.0002,99.4719,215.9561,48.7295,-16.6315,0.0,0.0001,1.8797,-0.0005,6.7423,35.1447,6.9971,27.5333,36.475
464.0,931.0,7.0959,35.924,98.68,198.5565,0.0242,0.0002,99.4752,215.9562,48.7295,-16.6315,0.0,0.0001,1.8789,-0.0009,6.7436,35.1492,7.0033,27.536,36.4773
465.0,933.0,7.0794,35.9083,98.68,198.8307,0.0216,0.0002,99.4715,215.9562,48.7295,-16.6315,0.0,0.0001,1.8782,-0.0003,6.7424,35.1476,6.9866,27.5371,36.4792
466.0,935.0,7.0702,35.9007,98.68,199.1829,0.0191,0.0002,99.4841,215.9562,48.7295,-16.6315,0.0,0.0001,1.8786,0.0002,6.7438,35.1475,6.9773,27.5382,36.4808
467.0,937.0,7.069,35.9,75.9842,199.1739,0.024,0.0002,99.4658,215.9562,48.7295,-16.6315,0.0,0.0001,1.8779,-0.0002,6.7529,35.1473,6.9759,27.5383,36.4809
468.0,939.0,7.0183,35.8503,89.6991,199.5471,0.0212,0.0002,99.4714,215.9562,48.7295,-16.6315,0.0,0.0001,1.8776,0.0,6.7601,35.1432,6.9253,27.5421,36.4871
469.0,941.0,6.9927,35.8311,98.7576,199.7938,0.0213,0.0002,99.4784,215.9563,48.7295,-16.6315,0.0,0.0001,1.8783,0.0004,6.7561,35.147,6.8997,27.5487,36.4949
470.0,943.0,6.9678,35.8058,98.68,200.3656,0.0218,0.0002,99.4849,215.9563,48.7295,-16.6315,0.0,0.0001,1.8791,0.0011,6.7571,35.1439,6.8747,27.5497,36.4971
471.0,945.0,6.9689,35.8123,98.68,200.4669,0.0242,0.0002,99.4827,215.9563,48.7295,-16.6315,0.0,0.0001,1.8809,0.0007,6.7585,35.1489,6.8756,27.5535,36.5008
472.0,947.0,6.9796,35.8253,98.68,200.3876,0.0227,0.0002,99.4852,215.9563,48.7295,-16.6315,0.0,0.0001,1.8816,0.0004,6.7561,35.1513,6.8861,27.554,36.5008
473.0,949.0,6.9875,35.8407,98.68,199.9492,0.0204,0.0002,99.4825,215.9564,48.7295,-16.6315,0.0,0.0001,1.8816,-0.0001,6.7446,35.1593,6.8937,27.5592,36.5055
474.0,951.0,7.018,35.8804,51.9153,199.598,0.0228,0.0002,99.4873,215.9564,48.7295,-16.6315,0.0,0.0001,1.8816,-0.0002,6.7333,35.1707,6.9238,27.564,36.5088
475.0,953.0,7.0508,35.9216,98.6762,199.1862,0.022,0.0002,99.4936,215.9564,48.7294,-16.6315,0.0,0.0001,1.8803,-0.0008,6.7344,35.1819,6.9561,27.5683,36.5114
476.0,955.0,7.1182,36.0004,98.68,198.3486,0.0194,0.0002,99.4905,215.9564,48.7294,-16.6315,0.0,0.0001,1.8771,-0.002,6.741,35.1986,7.0228,27.5722,36.5119
477.0,957.0,7.1191,36.0023,98.68,198.4837,0.0198,0.0002,99.4819,215.9564,48.7294,-16.6316,0.0,0.0001,1.8737,-0.0006,6.7367,35.1988,7.0235,27.5722,36.5119
478.0,959.0,7.114,35.9988,98.68,198.6622,0.0209,0.0002,99.4936,215.9565,48.7294,-16.6316,0.0,0.0001,1.8737,-0.0002,6.7322,35.1992,7.0181,27.5732,36.5132
479.0,961.0,7.1278,36.0174,95.5033,198.1796,0.0231,0.0002,99.487,215.9565,48.7294,-16.6316,0.0,0.0001,1.873,-0.0009,6.7336,35.2042,7.0316,27.5753,36.5145
480.0,963.0,7.1299,36.0197,42.44,197.9833,0.0232,0.0002,99.4897,215.9565,48.7294,-16.6316,0.0,0.0001,1.8719,-0.0011,6.7336,35.2037,7.0335,27.5747,36.5138
481.0,965.0,7.1283,36.0195,96.7067,198.3015,0.0223,0.0002,99.4751,215.9565,48.7294,-16.6316,0.0,0.0001,1.8708,-0.0002,6.7308,35.2042,7.0317,27.5753,36.5146
482.0,967.0,7.1312,36.024,98.68,198.4226,0.0199,0.0002,99.4872,215.9566,48.7294,-16.6316,0.0,0.0001,1.871,-0.0001,6.7284,35.2056,7.0344,27.576,36.5151
483.0,969.0,7.1522,36.0499,98.68,197.8185,0.0204,0.0002,99.4883,215.9566,48.7294,-16.6316,0.0,0.0001,1.8689,-0.0008,6.7279,35.2118,7.055,27.578,36.5161
484.0,971.0,7.1512,36.0508,98.68,197.7554,0.0217,0.0002,99.4936,215.9566,48.7294,-16.6316,0.0,0.0001,1.8681,-0.0008,6.7285,35.2129,7.0539,27.579,36.5171
485.0,973.0,7.1539,36.058,80.388,198.0779,0.0172,0.0002,99.4767,215.9566,48.7294,-16.6316,0.0,0.0001,1.8681,-0.0002,6.7285,35.2169,7.0563,27.5818,36.5197
486.0,975.0,7.152,36.0576,98.68,198.0701,0.0164,0.0002,99.4628,215.9567,48.7294,-16.6316,0.0,0.0001,1.8678,-0.0001,6.7274,35.2172,7.0542,27.5824,36.5204
487.0,977.0,7.1587,36.068,98.68,197.8962,0.0223,0.0002,99.4647,215.9567,48.7294,-16.6316,0.0,0.0001,1.8669,-0.0003,6.7275,35.2207,7.0606,27.5843,36.5219
488.0,979.0,7.1584,36.069,98.68,198.1739,0.026,0.0002,99.4553,215.9567,48.7294,-16.6316,0.0,0.0001,1.8669,-0.0002,6.7364,35.2215,7.0602,27.585,36.5226
489.0,981.0,7.0998,36.0107,77.2039,198.9548,0.0228,0.0002,99.4551,215.9567,48.7294,-16.6316,0.0,0.0001,1.8679,0.0009,6.7336,35.2163,7.0017,27.5891,36.5295
490.0,983.0,7.0897,36.0008,98.6624,198.9163,0.0215,0.0002,99.4504,215.9568,48.7294,-16.6316,0.0,0.0001,1.869,0.0002,6.7394,35.2146,6.9914,27.5891,36.5301
491.0,985.0,7.0793,35.9898,98.68,199.2732,0.0188,0.0002,99.4359,215.9568,48.7294,-16.6316,0.0,0.0001,1.8693,0.0002,6.7483,35.2122,6.981,27.5888,36.5302
492.0,987.0,7.0278,35.9352,89.1295,200.0015,0.023,0.0002,99.4316,215.9569,48.7294,-16.6316,0.0,0.0001,1.8716,0.0011,6.7441,35.2038,6.9297,27.5892,36.5332
493.0,989.0,7.0167,35.9255,86.9776,199.7787,0.0233,0.0002,99.4359,215.9569,48.7294,-16.6316,0.0,0.0001,1.8728,0.0001,6.7475,35.2035,6.9184,27.5906,36.5351
494.0,991.0,7.0366,35.9501,98.68,200.1547,0.0224,0.0002,99.4118,215.9569,48.7294,-16.6316,0.0,0.0001,1.8738,0.0005,6.748,35.2093,6.9379,27.5924,36.5359
495.0,993.0,7.035,35.9513,98.4864,199.9844,0.0205,0.0002,99.407,215.957,48.7293,-16.6316,0.0,0.0001,1.8736,-0.0001,6.7516,35.2114,6.9361,27.5943,36.5379
496.0,995.0,7.0028,35.9194,98.68,200.4862,0.0211,0.0002,99.4085,215.957,48.7293,-16.6316,0.0,0.0001,1.8749,0.0005,6.7492,35.2081,6.9039,27.5962,36.5413
497.0,997.0,7.0144,35.9342,75.7233,200.3751,0.0212,0.0002,99.3905,215.957,48.7293,-16.6316,0.0,0.0001,1.8755,0.0001,6.7477,35.2116,6.9152,27.5974,36.542
498.0,999.0,7.0245,35.952,95.2401,200.6977,0.0194,0.0002,99.3877,215.9571,48.7293,-16.6316,0.0,0.0001,1.8761,0.0003,6.75,35.2199,6.9251,27.6026,36.5465
499.0,1001.0,7.0156,35.9444,98.6808,200.2916,0.0187,0.0002,99.3821,215.9571,48.7293,-16.6316,0.0,0.0001,1.8755,-0.0004,6.7499,35.2197,6.9159,27.6037,36.548
500.0,1003.0,6.9897,35.92,91.2327,200.7539,0.0233,0.0002,99.3667,215.9571,48.7293,-16.6317,0.0,0.0001,1.876,0.0001,6.7538,35.2183,6.89,27.6062,36.5518
501.0,1005.0,6.9837,35.9139,98.68,201.0339,0.0252,0.0003,99.3629,215.9572,48.7293,-16.6317,0.0,0.0001,1.876,0.0001,6.7613,35.2169,6.8839,27.6059,36.5518
502.0,1007.0,6.9411,35.8713,98.68,201.6323,0.0214,0.0003,99.3512,215.9572,48.7293,-16.6317,0.0,0.0001,1.8779,0.0007,6.7608,35.2123,6.8414,27.6082,36.5561
503.0,1009.0,6.9394,35.8709,89.0199,201.5082,0.0218,0.0003,99.3468,215.9573,48.7293,-16.6317,0.0,0.0001,1.8798,-0.0001,6.7604,35.2127,6.8395,27.6088,36.5569
504.0,1011.0,6.9024,35.8367,95.1545,202.128,0.0214,0.0003,99.2785,215.9577,48.7292,-16.6318,0.0,0.0001,1.8826,0.0001,6.7622,35.2116,6.8026,27.613,36.5628
505.0,1013.0,6.924,35.8627,90.2014,202.2896,0.0231,0.0003,99.27,215.9578,48.7292,-16.6318,0.0,0.0001,1.8831,0.0001,6.7651,35.2177,6.8238,27.6149,36.5636
