Datacycle,press,temp,cond,alt,oxygen,fluor,atten,trans,jday,lat,lon,PAR,UPAR,oxV,oxdVdt,oxysat,salin,potemp,sigma0,sigma2
1.0,1.0,15.641,44.1769,31.2088,240.0652,0.7619,0.0122,76.9253,218.2101,48.9039,-16.0907,0.0,0.0001,2.686,0.0005,5.5999,35.5647,15.6408,26.2642,34.8496
2.0,3.0,15.642,44.2292,39.9146,240.2512,0.7622,0.0046,89.4053,218.2101,48.9038,-16.0907,0.0,0.0001,2.6903,0.0004,5.5949,35.6102,15.6415,26.299,34.8838
3.0,5.0,15.6417,44.227,65.8692,240.4421,0.7716,0.0031,92.4305,218.2102,48.9038,-16.0908,0.0,0.0001,2.6908,0.0004,5.5946,35.6076,15.6409,26.2972,34.8821
4.0,7.0,15.6422,44.2309,98.71,240.1235,0.7599,0.0028,93.1282,218.2102,48.9038,-16.0908,0.0,0.0001,2.6899,-0.0009,5.5944,35.6099,15.6411,26.2989,34.8837
5.0,9.0,15.6426,44.2327,83.9461,240.5533,0.7638,0.0029,93.0811,218.2103,48.9038,-16.0908,0.0,0.0001,2.6917,0.0004,5.5944,35.6104,15.6412,26.2993,34.8841
6.0,11.0,15.6411,44.2319,98.2207,239.7495,0.8406,0.0029,93.115,218.2104,48.9038,-16.0908,0.0,0.0001,2.6873,-0.0018,5.5946,35.6102,15.6394,26.2995,34.8844
7.0,13.0,15.6398,44.2313,93.476,240.0284,0.7695,0.0028,93.1268,218.2104,48.9037,-16.0909,0.0,0.0001,2.6865,-0.0001,5.5945,35.6101,15.6377,26.2998,34.8847
8.0,15.0,15.6409,44.233,93.3031,239.8688,0.7564,0.0028,93.1895,218.2105,48.9037,-16.0909,0.0,0.0001,2.6848,-0.0004,5.5944,35.6098,15.6386,26.2994,34.8843
9.0,17.0,15.643,44.2358,96.5082,239.9679,0.7603,0.0028,93.1952,218.2106,48.9037,-16.0909,0.0,0.0001,2.6848,-0.0004,5.5943,35.6097,15.6404,26.2989,34.8837
10.0,19.0,15.6439,44.2375,77.2926,239.7849,0.7517,0.0028,93.1874,218.2106,48.9037,-16.0909,0.0,0.0001,2.6824,0.0,5.5942,35.6095,15.6409,26.2986,34.8834
11.0,21.0,15.6444,44.2388,98.71,239.2744,0.7632,0.0028,93.1498,218.2106,48.9037,-16.091,0.0,0.0001,2.6796,-0.0013,5.5942,35.6094,15.6411,26.2985,34.8834
12.0,23.0,15.6446,44.2397,88.7722,239.5309,0.7891,0.0028,93.1761,218.2107,48.9037,-16.091,0.0,0.0001,2.6792,-0.0002,5.5942,35.6093,15.641,26.2984,34.8833
13.0,25.0,15.6449,44.241,83.524,239.6613,0.7946,0.0028,93.141,218.2107,48.9036,-16.091,0.0,0.0001,2.6792,0.0,5.5942,35.6093,15.6409,26.2985,34.8833
14.0,27.0,15.645,44.2418,73.611,239.2244,0.7854,0.0028,93.1601,218.2108,48.9036,-16.091,0.0,0.0001,2.6783,-0.0011,5.5941,35.6094,15.6409,26.2985,34.8834
15.0,29.0,15.6454,44.2434,98.71,240.112,0.7955,0.0028,93.1745,218.2108,48.9036,-16.091,0.0,0.0001,2.68,0.0015,5.5941,35.6095,15.641,26.2986,34.8834
16.0,31.0,15.6455,44.2444,88.5368,239.7175,0.8079,0.0028,93.1874,218.2108,48.9036,-16.091,0.0,0.0001,2.6799,-0.0005,5.594,35.6094,15.6407,26.2986,34.8835
17.0,33.0,15.646,44.246,98.7087,239.717,0.8096,0.0028,93.1664,218.2109,48.9036,-16.091,0.0,0.0001,2.6764,0.0001,5.5939,35.6095,15.6409,26.2986,34.8834
18.0,35.0,15.647,44.2484,77.3089,239.2715,0.8205,0.0028,93.083,218.2109,48.9036,-16.091,0.0,0.0001,2.6751,-0.001,5.5938,35.6099,15.6415,26.2988,34.8836
19.0,37.0,15.6513,44.2595,96.4823,239.3568,0.8438,0.0028,93.1246,218.2109,48.9036,-16.091,0.0,0.0001,2.6747,0.0,5.5908,35.6153,15.6455,26.3021,34.8867
20.0,39.0,15.6676,44.3061,67.3859,238.979,0.8854,0.0032,92.2792,218.211,48.9036,-16.0911,0.0,0.0001,2.672,-0.0009,5.5912,35.6417,15.6615,26.3188,34.9025
21.0,41.0,15.6609,44.3057,86.359,238.097,0.9206,0.0031,92.4999,218.211,48.9036,-16.0911,0.0,0.0001,2.6668,-0.0026,5.5914,35.6467,15.6545,26.3242,34.9081
22.0,43.0,15.6584,44.3057,96.94,238.5023,0.893,0.003,92.7073,218.211,48.9036,-16.0911,0.0,0.0001,2.6657,-0.0004,5.5916,35.6481,15.6517,26.3259,34.9099
23.0,45.0,15.6577,44.3031,89.273,238.1904,0.8773,0.003,92.7358,218.2111,48.9036,-16.0911,0.0,0.0001,2.6638,-0.0012,5.5916,35.6457,15.6508,26.3243,34.9083
24.0,47.0,15.6559,44.3068,80.7124,237.167,0.8783,0.003,92.8306,218.2111,48.9035,-16.0911,0.0,0.0001,2.6572,-0.003,5.5918,35.6498,15.6487,26.3279,34.912
25.0,49.0,15.6543,44.3069,72.1517,237.9039,0.8627,0.0029,92.8619,218.2111,48.9035,-16.0911,0.0,0.0001,2.6581,0.0,5.5915,35.6505,15.6466,26.3289,34.913
26.0,51.0,15.6547,44.3078,83.9503,238.1265,0.8592,0.0029,92.9231,218.2112,48.9035,-16.0911,0.0,0.0001,2.6594,0.0001,5.5922,35.6502,15.6469,26.3286,34.9127
27.0,53.0,15.6514,44.307,51.1123,236.8916,0.8465,0.0028,93.2344,218.2112,48.9035,-16.0911,0.0,0.0001,2.6532,-0.0028,5.5932,35.6515,15.6432,26.3305,34.9147
28.0,55.0,15.6326,44.29,98.6567,237.7515,0.7962,0.0025,93.9075,218.2112,48.9035,-16.0911,0.0,0.0001,2.654,0.0003,5.5927,35.6523,15.6239,26.3355,34.9204
29.0,57.0,15.6211,44.2784,98.737,238.4783,0.7307,0.0025,94.0414,218.2112,48.9035,-16.0912,0.0,0.0001,2.6573,0.001,5.5971,35.6515,15.6122,26.3374,34.9228
30.0,59.0,15.6031,44.2587,98.71,237.1303,0.6776,0.0024,94.0658,218.2113,48.9035,-16.0912,0.0,0.0001,2.6403,-0.0078,5.6708,35.6495,15.5939,26.34,34.926
31.0,61.0,15.0866,43.7206,98.6056,232.4484,0.541,0.0017,95.7588,218.2113,48.9035,-16.0912,0.0,0.0001,2.6076,-0.0135,5.6774,35.6294,15.0773,26.4401,35.0447
32.0,63.0,14.5269,43.1615,98.6578,238.9613,0.3958,0.0013,96.6904,218.2113,48.9035,-16.0912,0.0,0.0001,2.6164,0.0056,5.7077,35.6277,14.5176,26.5616,35.1863
33.0,65.0,14.255,42.9243,98.71,235.0195,0.2969,0.0011,97.2138,218.2114,48.9035,-16.0912,0.0,0.0001,2.5818,-0.0127,5.8436,35.658,14.2455,26.6435,35.2778
34.0,67.0,13.2773,41.9125,58.5973,238.0412,0.2082,0.0007,98.2458,218.2114,48.9034,-16.0912,0.0,0.0001,2.5668,0.0003,5.8839,35.6159,13.2679,26.8157,35.4869
35.0,69.0,13.1369,41.7738,94.5235,239.1253,0.178,0.0006,98.4066,218.2115,48.9034,-16.0912,0.0,0.0001,2.5676,-0.0004,5.918,35.6146,13.1274,26.8434,35.52
36.0,71.0,12.8988,41.5408,96.4872,238.8625,0.1666,0.0006,98.5136,218.2115,48.9034,-16.0912,0.0,0.0001,2.5618,-0.0019,5.9388,35.6151,12.889,26.892,35.5777
37.0,73.0,12.7032,41.3495,98.451,238.5831,0.148,0.0005,98.6526,218.2115,48.9034,-16.0912,0.0,0.0001,2.557,-0.0024,5.9502,35.6152,12.6933,26.9313,35.6245
38.0,75.0,12.5722,41.2192,98.71,239.0766,0.1295,0.0005,98.7633,218.2115,48.9034,-16.0912,0.0,0.0001,2.5547,0.0004,5.9495,35.6126,12.5621,26.9553,35.6537
39.0,77.0,12.5188,41.167,19.8993,238.0882,0.1213,0.0005,98.8,218.2116,48.9034,-16.0913,0.0,0.0001,2.5483,-0.0032,5.9713,35.612,12.5085,26.9654,35.6659
40.0,79.0,12.4417,41.094,95.1705,236.4147,0.1123,0.0004,98.9337,218.2116,48.9034,-16.0913,0.0,0.0001,2.5351,-0.0048,5.9774,35.6134,12.4312,26.9818,35.6852
41.0,81.0,12.3843,41.0406,98.6917,236.6578,0.1,0.0004,98.9919,218.2116,48.9034,-16.0913,0.0,0.0001,2.5314,-0.0008,5.9627,35.6153,12.3735,26.9946,35.7003
42.0,83.0,12.3988,41.0592,87.2108,237.2241,0.0926,0.0004,99.0634,218.2117,48.9034,-16.0913,0.0,0.0001,2.5296,-0.0015,5.9924,35.6188,12.3877,26.9946,35.6996
43.0,85.0,12.292,40.9507,98.7007,235.8539,0.0911,0.0003,99.134,218.2117,48.9034,-16.0913,0.0,0.0001,2.5177,-0.0038,6.0087,35.6142,12.2808,27.0119,35.7211
44.0,87.0,12.1651,40.8058,98.71,236.7769,0.083,0.0003,99.2033,218.2117,48.9033,-16.0913,0.0,0.0001,2.5164,-0.0004,6.0115,35.593,12.1537,27.0202,35.7347
45.0,89.0,12.1318,40.7731,98.6962,236.9718,0.0773,0.0003,99.252,218.2118,48.9033,-16.0913,0.0,0.0001,2.5165,0.0003,6.0092,35.5918,12.1201,27.0258,35.7417
46.0,91.0,12.1205,40.7633,65.24,236.8676,0.0764,0.0003,99.2221,218.2118,48.9033,-16.0913,0.0,0.0001,2.5165,-0.0006,6.0126,35.5921,12.1085,27.0283,35.7446
47.0,93.0,12.168,40.8079,96.2767,236.2014,0.068,0.0003,99.3307,218.2119,48.9033,-16.0913,0.0,0.0001,2.5108,-0.002,6.0216,35.5897,12.1558,27.0172,35.7317
48.0,95.0,12.0576,40.7011,98.7,236.9563,0.0653,0.0002,99.3683,218.2119,48.9033,-16.0913,0.0,0.0001,2.5114,0.0004,6.0205,35.5898,12.0452,27.0387,35.7575
49.0,97.0,12.0568,40.7054,98.7006,237.1473,0.0634,0.0002,99.4214,218.2119,48.9033,-16.0913,0.0,0.0001,2.5128,0.0006,6.0192,35.5938,12.0441,27.042,35.7608
50.0,99.0,12.0644,40.7122,82.5218,236.6692,0.0633,0.0002,99.4209,218.2119,48.9033,-16.0914,0.0,0.0001,2.5111,-0.0009,6.0223,35.5924,12.0515,27.0395,35.758
51.0,101.0,12.038,40.6855,82.2365,235.6916,0.0593,0.0002,99.293,218.212,48.9033,-16.0914,0.0,0.0001,2.5043,-0.0022,6.0254,35.5905,12.0248,27.0431,35.7628
52.0,103.0,12.0233,40.6761,98.7085,236.6244,0.0571,0.0002,99.4715,218.212,48.9032,-16.0914,0.0,0.0001,2.5056,0.0005,6.0241,35.5944,12.0098,27.0491,35.7692
53.0,105.0,12.0433,40.6985,98.71,236.4806,0.0595,0.0002,99.5337,218.2121,48.9032,-16.0914,0.0,0.0001,2.5056,-0.0003,6.0253,35.5963,12.0295,27.0467,35.7661
54.0,107.0,12.0094,40.6692,98.7069,236.3791,0.0579,0.0002,99.5693,218.2121,48.9032,-16.0914,0.0,0.0001,2.5034,-0.0002,6.0276,35.5991,11.9954,27.0555,35.7762
55.0,109.0,12.0023,40.6625,89.7838,235.9843,0.05,0.0001,99.6416,218.2122,48.9032,-16.0914,0.0,0.0001,2.4996,-0.0005,6.0314,35.5986,11.988,27.0566,35.7775
56.0,111.0,11.9458,40.6059,98.6949,235.8247,0.0472,0.0001,99.692,218.2123,48.9031,-16.0914,0.0,0.0001,2.4959,-0.0001,6.0329,35.596,11.9313,27.0655,35.7887
57.0,113.0,11.9323,40.5895,98.695,235.6639,0.0386,0.0001,99.695,218.2124,48.9031,-16.0915,0.0,0.0001,2.493,-0.0009,6.0436,35.5923,11.9176,27.0652,35.789
58.0,115.0,11.8655,40.5127,52.3811,235.735,0.0354,0.0001,99.7409,218.2124,48.9031,-16.0915,0.0,0.0001,2.4908,0.0,6.0445,35.5798,11.8505,27.0683,35.795
59.0,117.0,11.8672,40.5161,98.6641,235.5636,0.038,0.0001,99.7518,218.2124,48.9031,-16.0915,0.0,0.0001,2.4892,-0.0006,6.0485,35.5807,11.852,27.0687,35.7953
60.0,119.0,11.8422,40.4883,98.71,235.456,0.0382,0.0001,99.7716,218.2125,48.9031,-16.0915,0.0,0.0001,2.487,-0.0003,6.0494,35.5765,11.8268,27.0702,35.7979
61.0,121.0,11.838,40.486,85.4577,236.0362,0.031,0.0001,99.7604,218.2125,48.9031,-16.0915,0.0,0.0001,2.4886,0.0004,6.0525,35.5774,11.8223,27.0718,35.7997
62.0,123.0,11.8186,40.4653,93.7167,235.8149,0.036,0.0001,99.7824,218.2126,48.9031,-16.0915,0.0,0.0001,2.488,-0.0004,6.0527,35.5748,11.8027,27.0735,35.8021
63.0,125.0,11.8077,40.4549,98.6093,236.0268,0.0336,0.0001,99.7764,218.2126,48.9031,-16.0915,0.0,0.0001,2.4884,0.0001,6.0524,35.5739,11.7916,27.075,35.8041
64.0,127.0,11.8208,40.4745,85.5926,236.4327,0.0306,0.0001,99.7824,218.2127,48.903,-16.0915,0.0,0.0001,2.4898,0.0006,6.0527,35.5796,11.8044,27.077,35.8055
65.0,129.0,11.8157,40.4696,72.5759,236.0941,0.0327,0.0001,99.7809,218.2127,48.903,-16.0915,0.0,0.0001,2.489,-0.0004,6.0529,35.579,11.799,27.0775,35.8062
66.0,131.0,11.8159,40.4744,88.4454,236.0024,0.032,0.0001,99.79,218.2128,48.903,-16.0915,0.0,0.0001,2.4872,0.0,6.0515,35.5824,11.7989,27.0802,35.8089
67.0,133.0,11.8222,40.4839,71.8044,235.7961,0.0355,0.0001,99.7932,218.2128,48.903,-16.0915,0.0,0.0001,2.4864,-0.0004,6.049,35.5851,11.8051,27.0811,35.8095
68.0,135.0,11.844,40.5186,98.71,235.3698,0.038,0.0001,99.7824,218.2128,48.903,-16.0916,0.0,0.0001,2.484,-0.0011,6.0497,35.5973,11.8264,27.0865,35.8139
69.0,137.0,11.8401,40.5148,98.7075,235.7925,0.0353,0.0001,99.751,218.2129,48.903,-16.0916,0.0,0.0001,2.4835,-0.0005,6.0574,35.5965,11.8223,27.0867,35.8142
70.0,139.0,11.7508,40.4126,70.8575,231.7175,0.029,0.0001,99.7155,218.213,48.903,-16.0916,0.0,0.0001,2.4644,-0.0084,6.0691,35.5806,11.7329,27.0913,35.8227
71.0,141.0,11.6625,40.3112,96.33,232.5008,0.0283,0.0001,99.7053,218.213,48.903,-16.0916,0.0,0.0001,2.4549,-0.0021,6.0722,35.5644,11.6443,27.0955,35.8306
72.0,143.0,11.6744,40.3235,98.7001,232.1151,0.0268,0.0001,99.7071,218.213,48.9029,-16.0916,0.0,0.0001,2.4481,-0.0016,6.0783,35.5643,11.656,27.0933,35.8279
73.0,145.0,11.6213,40.2626,75.983,232.1907,0.0237,0.0001,99.6957,218.2131,48.9029,-16.0916,0.0,0.0001,2.4451,-0.0005,6.0786,35.5542,11.6027,27.0955,35.8323
74.0,147.0,11.6117,40.252,94.8896,232.3421,0.0259,0.0001,99.6942,218.2131,48.9029,-16.0916,0.0,0.0001,2.445,-0.0004,6.0838,35.552,11.5928,27.0956,35.8329
75.0,149.0,11.5678,40.2,98.71,233.0571,0.0273,0.0001,99.6806,218.2132,48.9029,-16.0916,0.0,0.0001,2.4451,0.0009,6.0897,35.5419,11.5487,27.096,35.8353
76.0,151.0,11.5445,40.1745,98.7025,233.4605,0.0281,0.0001,99.6782,218.2132,48.9029,-16.0916,0.0,0.0001,2.4482,0.001,6.0895,35.5382,11.5253,27.0976,35.8378
77.0,153.0,11.5332,40.1634,98.7014,232.9807,0.0264,0.0001,99.6826,218.2133,48.9029,-16.0916,0.0,0.0001,2.4461,-0.0008,6.0965,35.5373,11.5137,27.099,35.8397
78.0,155.0,11.4752,40.0945,79.3557,234.3048,0.0238,0.0001,99.6557,218.2133,48.9029,-16.0916,0.0,0.0001,2.4492,0.0019,6.0989,35.5238,11.4555,27.0994,35.8426
79.0,157.0,11.4642,40.0826,96.1763,234.0411,0.0256,0.0001,99.6638,218.2134,48.9028,-16.0917,0.0,0.0001,2.451,0.0,6.1001,35.5217,11.4442,27.1,35.8436
80.0,159.0,11.4589,40.0793,76.8106,234.4264,0.0247,0.0001,99.6669,218.2134,48.9028,-16.0917,0.0,0.0001,2.4517,0.0003,6.1027,35.5226,11.4387,27.1016,35.8456
81.0,161.0,11.4389,40.0561,98.7,235.2685,0.0251,0.0001,99.6489,218.2135,48.9028,-16.0917,0.0,0.0001,2.4574,0.0009,6.1024,35.5178,11.4183,27.1017,35.8465
82.0,163.0,11.4498,40.0687,98.7017,234.6664,0.0258,0.0001,99.6406,218.2135,48.9028,-16.0917,0.0,0.0001,2.4553,-0.0007,6.104,35.5192,11.4291,27.1008,35.8452
83.0,165.0,11.4316,40.0502,85.5633,236.0589,0.0257,0.0001,99.6398,218.2135,48.9028,-16.0917,0.0,0.0001,2.4603,0.0014,6.1049,35.5173,11.4107,27.1028,35.8479
84.0,167.0,11.4351,40.0556,98.5525,235.451,0.0248,0.0001,99.6339,218.2136,48.9028,-16.0917,0.0,0.0001,2.4598,-0.0002,6.1027,35.5185,11.4139,27.103,35.848
85.0,169.0,11.4497,40.0766,96.6142,235.2315,0.0281,0.0001,99.6233,218.2136,48.9028,-16.0917,0.0,0.0001,2.4589,-0.0007,6.1036,35.5244,11.4282,27.105,35.8493
86.0,171.0,11.4381,40.0648,81.2111,235.0772,0.0286,0.0002,99.6029,218.2137,48.9027,-16.0917,0.0,0.0001,2.4564,-0.0006,6.1037,35.523,11.4164,27.1062,35.851
87.0,173.0,11.4366,40.065,95.1926,234.7818,0.0267,0.0002,99.6113,218.2137,48.9027,-16.0917,0.0,0.0001,2.4533,-0.0008,6.1071,35.5238,11.4146,27.1071,35.8519
88.0,175.0,11.4061,40.0325,98.6936,234.8548,0.022,0.0002,99.6064,218.2138,48.9027,-16.0917,0.0,0.0001,2.4514,-0.0001,6.108,35.5197,11.3839,27.1096,35.8558
89.0,177.0,11.4094,40.0379,82.5614,234.6669,0.0265,0.0002,99.6104,218.2138,48.9027,-16.0917,0.0,0.0001,2.4509,-0.0006,6.1071,35.5212,11.387,27.1102,35.8562
90.0,179.0,11.4192,40.0541,98.6983,233.327,0.0268,0.0002,99.5997,218.2139,48.9027,-16.0918,0.0,0.0001,2.4438,-0.0025,6.1064,35.527,11.3965,27.1129,35.8585
91.0,181.0,11.4221,40.0587,91.2179,234.4914,0.0246,0.0002,99.5892,218.2139,48.9027,-16.0918,0.0,0.0001,2.4461,0.0004,6.1068,35.5278,11.3991,27.1131,35.8585
92.0,183.0,11.4159,40.0528,95.6756,233.8558,0.0267,0.0002,99.5737,218.214,48.9027,-16.0918,0.0,0.0001,2.445,-0.0015,6.1089,35.5269,11.3927,27.1136,35.8593
93.0,185.0,11.4034,40.0397,98.7041,233.9757,0.0265,0.0002,99.5715,218.214,48.9027,-16.0918,0.0,0.0001,2.4426,-0.0004,6.1079,35.525,11.3799,27.1145,35.8607
94.0,187.0,11.4042,40.0402,90.1923,234.1787,0.024,0.0002,99.5542,218.214,48.9026,-16.0918,0.0,0.0001,2.4427,-0.0004,6.1111,35.5241,11.3806,27.1137,35.8599
95.0,189.0,11.3697,40.0021,98.7008,233.7002,0.0231,0.0002,99.5514,218.2141,48.9026,-16.0918,0.0,0.0001,2.4391,-0.0008,6.1115,35.5184,11.3457,27.1157,35.8634
96.0,191.0,11.3743,40.008,96.8546,233.9171,0.0278,0.0002,99.5238,218.2141,48.9026,-16.0918,0.0,0.0001,2.4395,-0.0003,6.1125,35.5189,11.3502,27.1153,35.8628
97.0,193.0,11.3747,40.0102,89.0833,233.4239,0.0248,0.0002,99.5225,218.2142,48.9026,-16.0918,0.0,0.0001,2.4351,-0.0006,6.1123,35.5198,11.3502,27.116,35.8635
98.0,195.0,11.3767,40.0137,88.3063,233.0653,0.0265,0.0002,99.5143,218.2142,48.9026,-16.0918,0.0,0.0001,2.4328,-0.001,6.112,35.5206,11.3519,27.1163,35.8637
99.0,197.0,11.3802,40.0198,98.702,233.245,0.0253,0.0002,99.5055,218.2143,48.9026,-16.0918,0.0,0.0001,2.4316,0.0,6.1116,35.5222,11.3552,27.1169,35.8641
100.0,199.0,11.3809,40.021,98.6969,232.8761,0.0264,0.0002,99.5105,218.2143,48.9026,-16.0919,0.0,0.0001,2.4312,-0.0008,6.1077,35.522,11.3556,27.1167,35.8639
101.0,201.0,11.4126,40.0633,98.7044,233.0558,0.0261,0.0002,99.4781,218.2144,48.9026,-16.0919,0.0,0.0001,2.4299,-0.0001,6.1072,35.5326,11.387,27.119,35.8649
102.0,203.0,11.4233,40.0782,77.4817,232.8181,0.0253,0.0002,99.5017,218.2144,48.9026,-16.0919,0.0,0.0001,2.4291,-0.0004,6.1046,35.5362,11.3975,27.1199,35.8653
103.0,205.0,11.4317,40.091,98.6956,233.3542,0.0219,0.0002,99.4972,218.2144,48.9025,-16.0919,0.0,0.0001,2.4302,0.001,6.103,35.5398,11.4057,27.1212,35.8662
104.0,207.0,11.4399,40.104,96.7992,233.1877,0.024,0.0002,99.4992,218.2145,48.9025,-16.0919,0.0,0.0001,2.43,0.0001,6.1038,35.5438,11.4136,27.1229,35.8675
105.0,209.0,11.4357,40.0987,90.6535,233.0927,0.0237,0.0002,99.4881,218.2145,48.9025,-16.0919,0.0,0.0001,2.4299,-0.0004,6.1045,35.5419,11.4092,27.1222,35.867
106.0,211.0,11.4277,40.0912,98.71,233.0828,0.0261,0.0002,99.4651,218.2146,48.9025,-16.0919,0.0,0.0001,2.4287,-0.0003,6.1067,35.5412,11.4009,27.1232,35.8684
107.0,213.0,11.4126,40.0741,98.7025,233.4381,0.0213,0.0002,99.4749,218.2146,48.9025,-16.0919,0.0,0.0001,2.4291,0.0003,6.1094,35.538,11.3856,27.1236,35.8694
108.0,215.0,11.3929,40.0512,98.6987,233.355,0.0261,0.0002,99.4688,218.2146,48.9025,-16.0919,0.0,0.0001,2.4287,-0.0002,6.1107,35.5334,11.3656,27.1237,35.8704
109.0,217.0,11.3846,40.0434,87.4827,233.6163,0.027,0.0002,99.4647,218.2147,48.9025,-16.0919,0.0,0.0001,2.4293,0.0003,6.1099,35.5326,11.3571,27.1247,35.8717
110.0,219.0,11.3848,40.0444,98.6038,233.5807,0.0249,0.0002,99.4513,218.2147,48.9025,-16.0919,0.0,0.0001,2.4289,-0.0004,6.1125,35.5324,11.357,27.1245,35.8716
111.0,221.0,11.3706,40.0289,98.71,233.9129,0.0238,0.0002,99.441,218.2147,48.9025,-16.0919,0.0,0.0001,2.4288,0.0003,6.1162,35.5298,11.3425,27.1252,35.8729
112.0,223.0,11.3512,40.0073,96.5764,233.7357,0.024,0.0002,99.4511,218.2148,48.9025,-16.0919,0.0,0.0001,2.4287,0.0,6.1129,35.5261,11.323,27.1259,35.8744
113.0,225.0,11.3336,39.9876,88.861,234.0556,0.0231,0.0002,99.4368,218.2148,48.9025,-16.0919,0.0,0.0001,2.4294,0.0,6.1193,35.5227,11.3051,27.1266,35.8759
114.0,227.0,11.3101,39.9611,98.7046,234.2126,0.0247,0.0002,99.4214,218.2148,48.9024,-16.092,0.0,0.0001,2.4289,0.0,6.1222,35.518,11.2814,27.1273,35.8776
115.0,229.0,11.3053,39.9561,98.0191,234.5413,0.0241,0.0002,99.419,218.2149,48.9024,-16.092,0.0,0.0001,2.4298,0.0005,6.1231,35.5167,11.2763,27.1272,35.8778
116.0,231.0,11.2913,39.9408,98.699,234.5526,0.0236,0.0002,99.4309,218.2149,48.9024,-16.092,0.0,0.0001,2.4306,0.0003,6.1215,35.5141,11.2621,27.1279,35.879
117.0,233.0,11.2963,39.947,86.6389,234.4893,0.0232,0.0002,99.4306,218.2149,48.9024,-16.092,0.0,0.0001,2.4292,-0.0005,6.1261,35.5149,11.2669,27.1276,35.8785
118.0,235.0,11.2775,39.9248,98.7812,234.929,0.0264,0.0002,99.4333,218.215,48.9024,-16.092,0.0,0.0001,2.4298,0.0003,6.1311,35.51,11.2479,27.1273,35.8791
119.0,237.0,11.2436,39.8877,88.4984,234.565,0.029,0.0002,99.4142,218.215,48.9024,-16.092,0.0,0.0001,2.4286,-0.0006,6.1315,35.5048,11.2137,27.1296,35.8828
120.0,239.0,11.2316,39.8754,97.4343,234.9512,0.0232,0.0002,99.417,218.215,48.9024,-16.092,0.0,0.0001,2.43,0.0002,6.1291,35.5029,11.2014,27.1304,35.8841
121.0,241.0,11.2445,39.8921,98.8835,235.3142,0.0239,0.0002,99.3929,218.2151,48.9024,-16.092,0.0,0.0001,2.4311,0.0007,6.1284,35.5065,11.2142,27.1308,35.884
122.0,243.0,11.2654,39.922,83.0413,235.195,0.0238,0.0002,99.4293,218.2151,48.9024,-16.092,0.0,0.0001,2.4322,0.0003,6.1241,35.5149,11.2347,27.1336,35.8858
123.0,245.0,11.2777,39.9386,98.6912,234.5544,0.024,0.0002,99.4142,218.2151,48.9024,-16.092,0.0,0.0001,2.4298,-0.0012,6.1247,35.5188,11.2468,27.1344,35.8861
124.0,247.0,11.2931,39.9589,98.7069,234.7172,0.0183,0.0002,99.4115,218.2152,48.9024,-16.092,0.0,0.0001,2.4284,-0.0001,6.1244,35.5231,11.2618,27.1349,35.8859
125.0,249.0,11.2911,39.9574,98.7021,234.1054,0.0227,0.0002,99.3985,218.2152,48.9024,-16.092,0.0,0.0001,2.4267,-0.0012,6.1216,35.5229,11.2596,27.1352,35.8863
126.0,251.0,11.3034,39.9735,82.3796,233.9215,0.0277,0.0002,99.407,218.2153,48.9023,-16.092,0.0,0.0001,2.4231,-0.0011,6.1216,35.5261,11.2716,27.1354,35.886
127.0,253.0,11.3034,39.9758,98.6883,233.4718,0.0264,0.0002,99.4186,218.2153,48.9023,-16.092,0.0,0.0001,2.4206,-0.0016,6.1218,35.5274,11.2714,27.1365,35.8871
128.0,255.0,11.3038,39.9775,98.7055,233.8673,0.0242,0.0002,99.411,218.2153,48.9023,-16.0921,0.0,0.0001,2.4206,-0.0004,6.1223,35.5279,11.2715,27.1369,35.8874
129.0,257.0,11.3038,39.9782,66.8291,233.6069,0.0204,0.0002,99.407,218.2154,48.9023,-16.0921,0.0,0.0001,2.4182,-0.0009,6.1224,35.5275,11.2712,27.1366,35.8872
130.0,259.0,11.2965,39.9704,84.5415,234.7545,0.0243,0.0002,99.407,218.2154,48.9023,-16.0921,0.0,0.0001,2.4208,0.0019,6.122,35.5258,11.2637,27.1367,35.8876
131.0,261.0,11.2892,39.9636,94.4224,234.6347,0.0258,0.0002,99.3839,218.2154,48.9023,-16.0921,0.0,0.0001,2.4232,0.0006,6.1225,35.5251,11.2561,27.1376,35.8888
132.0,263.0,11.2916,39.9666,98.7067,235.1717,0.0207,0.0002,99.3974,218.2155,48.9023,-16.0921,0.0,0.0001,2.4246,0.0008,6.127,35.5254,11.2583,27.1374,35.8885
133.0,265.0,11.2694,39.9426,89.6497,235.5332,0.0218,0.0002,99.3898,218.2155,48.9023,-16.0921,0.0,0.0001,2.4268,0.0009,6.1283,35.5218,11.2359,27.1387,35.8908
134.0,267.0,11.2535,39.9252,94.1783,235.7925,0.0209,0.0002,99.3822,218.2155,48.9023,-16.0921,0.0,0.0001,2.4286,0.001,6.1271,35.5192,11.2198,27.1397,35.8925
135.0,269.0,11.2506,39.9234,98.7069,236.0423,0.0241,0.0002,99.3803,218.2155,48.9023,-16.0921,0.0,0.0001,2.4304,0.0008,6.1286,35.5191,11.2166,27.1402,35.8931
136.0,271.0,11.2554,39.9294,98.6843,235.4157,0.0228,0.0002,99.3833,218.2156,48.9023,-16.0921,0.0,0.0001,2.4292,-0.0011,6.1293,35.5198,11.2212,27.1399,35.8926
137.0,273.0,11.2325,39.9041,89.9879,235.155,0.0232,0.0002,99.3733,218.2156,48.9022,-16.0921,0.0,0.0001,2.4263,-0.0014,6.1355,35.5156,11.1981,27.1409,35.8946
138.0,275.0,11.1909,39.8565,98.7025,234.6835,0.0244,0.0003,99.3474,218.2156,48.9022,-16.0921,0.0,0.0001,2.4206,-0.0013,6.1362,35.5073,11.1563,27.1421,35.8976
139.0,277.0,11.2012,39.8711,85.652,235.3242,0.0197,0.0003,99.3674,218.2157,48.9022,-16.0921,0.0,0.0001,2.4218,0.0003,6.1358,35.5109,11.1663,27.1431,35.8981
140.0,279.0,11.1994,39.8692,92.8659,235.4132,0.0214,0.0002,99.3739,218.2157,48.9022,-16.0921,0.0,0.0001,2.4225,0.0002,6.1359,35.51,11.1643,27.1428,35.8979
141.0,281.0,11.1988,39.8703,98.6981,235.25,0.0233,0.0002,99.3687,218.2157,48.9022,-16.0921,0.0,0.0001,2.4217,-0.0003,6.1363,35.5109,11.1634,27.1436,35.8988
142.0,283.0,11.197,39.8692,98.6998,234.473,0.0206,0.0003,99.3419,218.2158,48.9022,-16.0921,0.0,0.0001,2.4169,-0.0017,6.1372,35.5107,11.1614,27.1439,35.8991
143.0,285.0,11.1911,39.8635,98.71,234.6274,0.0213,0.0003,99.3597,218.2158,48.9022,-16.0921,0.0,0.0001,2.4167,-0.0008,6.1366,35.5099,11.1553,27.1443,35.8999
144.0,287.0,11.1929,39.8671,98.6722,235.3477,0.0255,0.0003,99.3581,218.2158,48.9022,-16.0922,0.0,0.0001,2.4192,0.0005,6.1356,35.5108,11.1568,27.1447,35.9002
145.0,289.0,11.2065,39.886,97.2131,234.5756,0.0254,0.0003,99.3462,218.2159,48.9022,-16.0922,0.0,0.0001,2.4169,-0.0014,6.1349,35.5155,11.17,27.146,35.9009
146.0,291.0,11.2096,39.891,64.9144,235.0862,0.0271,0.0003,99.3492,218.2159,48.9022,-16.0922,0.0,0.0001,2.4173,0.0001,6.1348,35.5164,11.1729,27.1461,35.9009
147.0,293.0,11.2031,39.8842,97.0603,235.5455,0.0242,0.0003,99.3392,218.2159,48.9022,-16.0922,0.0,0.0001,2.4192,0.0005,6.1353,35.515,11.1662,27.1463,35.9013
148.0,295.0,11.2058,39.8871,98.1817,235.2858,0.0312,0.0003,99.339,218.216,48.9022,-16.0922,0.0,0.0001,2.42,0.0001,6.1266,35.5148,11.1686,27.1457,35.9006
149.0,297.0,11.251,39.9464,98.683,234.6432,0.0273,0.0003,99.3492,218.216,48.9021,-16.0922,0.0,0.0001,2.4173,-0.0011,6.1261,35.5292,11.2134,27.1486,35.9015
150.0,299.0,11.2914,39.9998,98.7028,234.0778,0.0254,0.0003,99.3245,218.216,48.9021,-16.0922,0.0,0.0001,2.4143,-0.0022,6.1305,35.5423,11.2534,27.1515,35.9026
151.0,301.0,11.3045,40.0143,98.7226,234.5664,0.0218,0.0003,99.3199,218.2161,48.9021,-16.0922,0.0,0.0001,2.415,0.0003,6.1158,35.5433,11.2664,27.1498,35.9004
152.0,303.0,11.3681,40.0947,94.0166,233.4465,0.0193,0.0003,99.2678,218.2161,48.9021,-16.0922,0.0,0.0001,2.4129,-0.0018,6.104,35.5611,11.3296,27.1519,35.8997
153.0,305.0,11.4213,40.1602,98.68,233.4941,0.0226,0.0003,99.2879,218.2161,48.9021,-16.0922,0.0,0.0001,2.4111,-0.001,6.1056,35.5739,11.3824,27.1521,35.8976
154.0,307.0,11.4261,40.1677,98.695,233.9341,0.0217,0.0003,99.2778,218.2162,48.9021,-16.0922,0.0,0.0001,2.4114,0.0002,6.1063,35.5756,11.3868,27.1526,35.8978
155.0,309.0,11.4127,40.1515,75.6785,233.7785,0.0275,0.0003,99.2832,218.2162,48.9021,-16.0922,0.0,0.0001,2.4105,-0.0006,6.1094,35.5719,11.3733,27.1522,35.898
156.0,311.0,11.3803,40.1146,88.9273,233.4523,0.022,0.0003,99.2474,218.2163,48.9021,-16.0922,0.0,0.0001,2.4072,-0.0009,6.1135,35.5654,11.3407,27.1532,35.9005
157.0,313.0,11.3594,40.089,98.68,232.9795,0.0222,0.0003,99.2626,218.2163,48.9021,-16.0923,0.0,0.0001,2.404,-0.0014,6.1133,35.5591,11.3196,27.1522,35.9004
158.0,315.0,11.3476,40.0764,98.695,233.678,0.0245,0.0003,99.2626,218.2163,48.9021,-16.0923,0.0,0.0001,2.405,0.0005,6.1133,35.5571,11.3075,27.1529,35.9016
159.0,317.0,11.3503,40.0801,93.2406,234.012,0.0255,0.0003,99.2626,218.2163,48.9021,-16.0923,0.0,0.0001,2.4074,0.0006,6.109,35.5577,11.31,27.1529,35.9015
160.0,319.0,11.3676,40.1051,95.969,233.694,0.0269,0.0003,99.2626,218.2164,48.9021,-16.0923,0.0,0.0001,2.4078,-0.0005,6.109,35.5646,11.3269,27.1552,35.903
161.0,321.0,11.4049,40.1503,98.6974,233.6684,0.0277,0.0003,99.2466,218.2164,48.902,-16.0923,0.0,0.0001,2.4066,-0.0003,6.1081,35.5725,11.3639,27.1544,35.9006
162.0,323.0,11.3808,40.122,98.6997,233.802,0.025,0.0003,99.2531,218.2165,48.902,-16.0923,0.0,0.0001,2.4056,-0.0001,6.1101,35.5669,11.3395,27.1546,35.9019
163.0,325.0,11.3778,40.1208,75.1355,233.9548,0.0262,0.0003,99.2256,218.2165,48.902,-16.0923,0.0,0.0001,2.406,0.0001,6.1101,35.5677,11.3363,27.1558,35.9032
164.0,327.0,11.3821,40.1269,97.2827,233.9431,0.0274,0.0003,99.238,218.2165,48.902,-16.0923,0.0,0.0001,2.4072,0.0001,6.1053,35.5686,11.3404,27.1558,35.903
165.0,329.0,11.4138,40.1687,98.702,234.4484,0.0245,0.0003,99.2317,218.2166,48.902,-16.0923,0.0,0.0001,2.4086,0.0009,6.104,35.5788,11.3717,27.1579,35.9037
166.0,331.0,11.4216,40.1799,98.5869,234.3132,0.0211,0.0003,99.2306,218.2166,48.902,-16.0923,0.0,0.0001,2.4103,0.0001,6.1045,35.5813,11.3792,27.1584,35.9039
167.0,333.0,11.4183,40.1763,90.8029,234.2814,0.0254,0.0003,99.2197,218.2166,48.902,-16.0923,0.0,0.0001,2.4093,-0.0002,6.1051,35.5802,11.3757,27.1582,35.9039
168.0,335.0,11.4119,40.1701,98.7,234.1231,0.0233,0.0003,99.2193,218.2167,48.902,-16.0923,0.0,0.0001,2.4078,-0.0005,6.1064,35.5794,11.369,27.1588,35.9048
169.0,337.0,11.403,40.161,98.7036,234.2835,0.0257,0.0003,99.1924,218.2167,48.902,-16.0923,0.0,0.0001,2.4071,-0.0004,6.1102,35.5779,11.3599,27.1594,35.9057
170.0,339.0,11.3734,40.1263,85.0405,233.8928,0.0235,0.0003,99.2157,218.2167,48.902,-16.0924,0.0,0.0001,2.4047,-0.0008,6.1105,35.5712,11.3301,27.1597,35.9073
171.0,341.0,11.37,40.1235,98.6588,234.3227,0.0215,0.0003,99.1937,218.2167,48.902,-16.0924,0.0,0.0001,2.4052,0.0003,6.1101,35.5707,11.3265,27.16,35.9078
172.0,343.0,11.3682,40.1218,98.6916,234.0481,0.0249,0.0003,99.2001,218.2168,48.902,-16.0924,0.0,0.0001,2.4027,-0.001,6.1216,35.5701,11.3245,27.1599,35.9077
173.0,345.0,11.3094,40.0482,98.6852,232.653,0.0255,0.0003,99.2244,218.2168,48.9019,-16.0924,0.0,0.0001,2.3949,-0.003,6.1253,35.5526,11.2655,27.1572,35.9077
174.0,347.0,11.1801,39.897,23.8533,233.8496,0.0239,0.0003,99.2337,218.2168,48.9019,-16.0924,0.0,0.0001,2.3967,0.001,6.1153,35.5258,11.1362,27.1602,35.9163
175.0,349.0,11.1981,39.9193,94.3758,234.2901,0.0249,0.0003,99.2207,218.2169,48.9019,-16.0924,0.0,0.0001,2.3977,-0.0001,6.1336,35.5302,11.1541,27.1604,35.9156
176.0,351.0,11.1817,39.9023,98.7091,233.2184,0.0194,0.0003,99.2337,218.2169,48.9019,-16.0924,0.0,0.0001,2.3915,-0.0021,6.1422,35.528,11.1374,27.1617,35.9177
177.0,353.0,11.1532,39.8687,98.6081,233.5002,0.0213,0.0003,99.2337,218.2169,48.9019,-16.0924,0.0,0.0001,2.3895,-0.0005,6.1406,35.5211,11.1087,27.1616,35.9189
178.0,355.0,11.1392,39.8529,93.4237,233.7845,0.0266,0.0003,99.2378,218.217,48.9019,-16.0924,0.0,0.0001,2.3906,0.0001,6.1378,35.5179,11.0945,27.1618,35.9196
179.0,357.0,11.1519,39.8737,77.1153,233.3628,0.0257,0.0003,99.2388,218.217,48.9019,-16.0924,0.0,0.0001,2.3895,0.0001,6.1229,35.5255,11.1069,27.1654,35.9226
180.0,359.0,11.2613,40.0104,98.7,233.7346,0.0276,0.0003,99.2131,218.2171,48.9019,-16.0924,0.0,0.0001,2.3907,0.0004,6.1279,35.5551,11.2158,27.1684,35.9208
181.0,361.0,11.2735,40.0246,96.9044,233.6594,0.0245,0.0003,99.1894,218.2171,48.9019,-16.0924,0.0,0.0001,2.391,0.0,6.1287,35.5564,11.2276,27.1672,35.9191
182.0,363.0,11.24,39.9831,98.6988,232.9371,0.0231,0.0003,99.1924,218.2171,48.9019,-16.0924,0.0,0.0001,2.3882,-0.0011,6.1253,35.5468,11.194,27.1659,35.9194
183.0,365.0,11.2684,40.0201,98.6929,232.2714,0.0241,0.0003,99.2049,218.2172,48.9018,-16.0924,0.0,0.0001,2.3858,-0.0019,6.1219,35.5553,11.2221,27.1674,35.9195
184.0,367.0,11.2527,40.0034,98.71,233.3283,0.0215,0.0003,99.2157,218.2172,48.9018,-16.0924,0.0,0.0001,2.3858,0.0004,6.1253,35.5532,11.2062,27.1687,35.9215
185.0,369.0,11.2927,40.0548,86.776,233.2584,0.0236,0.0003,99.1834,218.2172,48.9018,-16.0925,0.0,0.0001,2.3867,0.0002,6.1227,35.5645,11.2458,27.1702,35.9213
186.0,371.0,11.2857,40.0472,98.7053,233.1131,0.0234,0.0003,99.176,218.2173,48.9018,-16.0925,0.0,0.0001,2.3866,-0.0003,6.1191,35.5629,11.2385,27.1702,35.9217
187.0,373.0,11.3109,40.0799,98.71,232.5583,0.0267,0.0003,99.1664,218.2173,48.9018,-16.0925,0.0,0.0001,2.385,-0.0014,6.1195,35.5702,11.2634,27.1713,35.9216
188.0,375.0,11.3082,40.0794,97.8297,232.9332,0.0248,0.0003,99.1409,218.2173,48.9018,-16.0925,0.0,0.0001,2.3846,-0.0003,6.1203,35.5711,11.2604,27.1726,35.923
189.0,377.0,11.3067,40.0783,98.7038,233.0498,0.0222,0.0003,99.1602,218.2174,48.9018,-16.0925,0.0,0.0001,2.3846,-0.0001,6.1206,35.571,11.2587,27.1728,35.9233
190.0,379.0,11.2935,40.0649,98.7055,232.805,0.0192,0.0003,99.176,218.2174,48.9018,-16.0925,0.0,0.0001,2.3827,-0.0005,6.1216,35.5693,11.2452,27.174,35.925
191.0,381.0,11.2935,40.0646,76.0627,231.5158,0.0219,0.0003,99.184,218.2174,48.9017,-16.0925,0.0,0.0001,2.3764,-0.0027,6.1233,35.5683,11.2451,27.1732,35.9243
192.0,383.0,11.2805,40.0515,98.7025,230.6948,0.0206,0.0003,99.176,218.2175,48.9017,-16.0925,0.0,0.0001,2.3707,-0.003,6.123,35.567,11.2318,27.1747,35.9263
193.0,385.0,11.275,40.0468,98.0036,232.0745,0.0203,0.0003,99.1643,218.2175,48.9017,-16.0925,0.0,0.0001,2.3729,0.0004,6.1235,35.5666,11.226,27.1754,35.9273
194.0,387.0,11.2753,40.0475,98.4177,231.0982,0.0238,0.0003,99.1709,218.2175,48.9017,-16.0925,0.0,0.0001,2.3697,-0.0021,6.1267,35.5662,11.2262,27.1751,35.9269
195.0,389.0,11.2577,40.029,98.7062,230.5361,0.0232,0.0003,99.1708,218.2176,48.9017,-16.0925,0.0,0.0001,2.3648,-0.0023,6.1262,35.564,11.2083,27.1767,35.9293
196.0,391.0,11.252,40.0246,98.695,231.0183,0.0209,0.0003,99.1805,218.2176,48.9017,-16.0925,0.0,0.0001,2.3639,-0.0004,6.1262,35.564,11.2024,27.1778,35.9306
197.0,393.0,11.2563,40.0296,98.6889,231.019,0.0178,0.0003,99.0973,218.2176,48.9017,-16.0925,0.0,0.0001,2.3629,-0.0002,6.1268,35.564,11.2064,27.1771,35.9298
198.0,395.0,11.2518,40.0265,83.0452,231.1052,0.0244,0.0003,99.1726,218.2177,48.9017,-16.0926,0.0,0.0001,2.3621,-0.0003,6.1294,35.5644,11.2016,27.1782,35.9311
199.0,397.0,11.234,40.0081,98.7042,230.046,0.0209,0.0003,99.1832,218.2177,48.9017,-16.0926,0.0,0.0001,2.3578,-0.0021,6.13,35.5622,11.1836,27.1799,35.9335
200.0,399.0,11.225,39.9989,55.8125,230.7342,0.0239,0.0003,99.188,218.2177,48.9017,-16.0926,0.0,0.0001,2.358,0.0001,6.1295,35.5608,11.1743,27.1804,35.9345
201.0,401.0,11.2273,40.0025,93.1834,230.8482,0.0237,0.0003,99.1561,218.2178,48.9017,-16.0926,0.0,0.0001,2.3582,-0.0001,6.1316,35.5614,11.1764,27.1806,35.9345
202.0,403.0,11.2123,39.9865,98.7,229.6637,0.0227,0.0003,99.1642,218.2178,48.9016,-16.0926,0.0,0.0001,2.3525,-0.0022,6.1345,35.5591,11.1612,27.1816,35.9362
203.0,405.0,11.1987,39.9725,98.708,228.8216,0.0223,0.0003,99.1629,218.2178,48.9016,-16.0926,0.0,0.0001,2.3468,-0.003,6.1337,35.5574,11.1474,27.1828,35.938
204.0,407.0,11.1942,39.9681,98.6875,228.8691,0.021,0.0003,99.1615,218.2179,48.9016,-16.0926,0.0,0.0001,2.3448,-0.0018,6.1333,35.5564,11.1426,27.1829,35.9383
205.0,409.0,11.1958,39.9705,98.6967,229.4978,0.0211,0.0003,99.1154,218.2179,48.9016,-16.0926,0.0,0.0001,2.3445,-0.0001,6.1348,35.5567,11.144,27.1829,35.9382
206.0,411.0,11.1882,39.9637,98.7005,229.1322,0.0224,0.0003,99.147,218.2179,48.9016,-16.0926,0.0,0.0001,2.3425,-0.0008,6.1363,35.5561,11.1361,27.1839,35.9395
207.0,413.0,11.1841,39.9598,61.604,228.2641,0.0234,0.0003,99.1667,218.218,48.9016,-16.0926,0.0,0.0001,2.338,-0.002,6.1368,35.5554,11.1318,27.1841,35.94
208.0,415.0,11.1793,39.9564,95.1611,228.7545,0.0241,0.0003,99.176,218.218,48.9016,-16.0926,0.0,0.0001,2.337,-0.0003,6.1365,35.5557,11.1267,27.1853,35.9413
209.0,417.0,11.179,39.957,98.3097,229.037,0.0228,0.0003,99.1369,218.218,48.9016,-16.0927,0.0,0.0001,2.3379,0.0,6.1383,35.5556,11.1262,27.1853,35.9413
210.0,419.0,11.177,39.9553,98.6871,228.1105,0.0209,0.0003,99.1636,218.2181,48.9016,-16.0927,0.0,0.0001,2.3343,-0.0022,6.1417,35.5552,11.124,27.1853,35.9415
211.0,421.0,11.1427,39.918,98.692,228.4362,0.0247,0.0003,99.1525,218.2181,48.9016,-16.0927,0.0,0.0001,2.3336,-0.001,6.1407,35.55,11.0896,27.1877,35.9453
212.0,423.0,11.1432,39.9227,86.0258,228.8061,0.0228,0.0003,99.1401,218.2181,48.9016,-16.0927,0.0,0.0001,2.3341,0.0,6.1406,35.5532,11.0897,27.1901,35.9477
213.0,425.0,11.147,39.9259,95.2816,228.0346,0.0209,0.0003,99.146,218.2182,48.9016,-16.0927,0.0,0.0001,2.3295,-0.0014,6.1442,35.552,11.0933,27.1885,35.946
214.0,427.0,11.1279,39.9088,98.692,227.8942,0.0215,0.0003,99.176,218.2182,48.9015,-16.0927,0.0,0.0001,2.3273,-0.0011,6.1438,35.5524,11.074,27.1924,35.9506
215.0,429.0,11.1213,39.9021,98.7036,227.7676,0.0201,0.0003,99.1615,218.2182,48.9015,-16.0927,0.0,0.0001,2.3261,-0.001,6.1431,35.5513,11.0672,27.1928,35.9513
216.0,431.0,11.1205,39.9023,98.699,228.1474,0.0218,0.0003,99.134,218.2183,48.9015,-16.0927,0.0,0.0001,2.3262,-0.0001,6.1445,35.5516,11.0661,27.1932,35.9517
217.0,433.0,11.1171,39.8999,98.6967,228.3822,0.0205,0.0003,99.164,218.2183,48.9015,-16.0927,0.0,0.0001,2.326,0.0005,6.1454,35.5514,11.0625,27.1937,35.9524
218.0,435.0,11.1153,39.899,72.3618,228.1226,0.0243,0.0003,99.1113,218.2183,48.9015,-16.0927,0.0,0.0001,2.3255,-0.0004,6.1456,35.5515,11.0605,27.1941,35.9529
219.0,437.0,11.1135,39.8983,93.198,228.0501,0.0224,0.0003,99.1791,218.2184,48.9015,-16.0927,0.0,0.0001,2.3246,-0.0003,6.1455,35.5516,11.0583,27.1946,35.9535
220.0,439.0,11.1138,39.8993,98.6969,228.1959,0.0236,0.0003,99.1267,218.2184,48.9015,-16.0928,0.0,0.0001,2.3245,-0.0001,6.1463,35.5514,11.0584,27.1945,35.9533
221.0,441.0,11.108,39.8939,54.5162,227.9581,0.0228,0.0003,99.176,218.2184,48.9015,-16.0928,0.0,0.0001,2.3223,-0.0005,6.147,35.5507,11.0523,27.195,35.9542
222.0,443.0,11.0982,39.8846,93.6033,228.2291,0.0232,0.0003,99.1824,218.2185,48.9015,-16.0928,0.0,0.0001,2.3227,0.0,6.1476,35.5497,11.0423,27.1961,35.9557
223.0,445.0,11.1005,39.8879,98.6939,227.6045,0.0219,0.0003,99.1789,218.2185,48.9015,-16.0928,0.0,0.0001,2.32,-0.0011,6.1485,35.55,11.0444,27.196,35.9554
224.0,447.0,11.0894,39.8777,98.6999,227.3893,0.0222,0.0003,99.1598,218.2186,48.9014,-16.0928,0.0,0.0001,2.3162,-0.0007,6.1489,35.5495,11.0329,27.1976,35.9576
225.0,449.0,11.089,39.878,91.2538,226.7406,0.0246,0.0003,99.1806,218.2186,48.9014,-16.0928,0.0,0.0001,2.3129,-0.0016,6.1494,35.5495,11.0323,27.1977,35.9577
226.0,451.0,11.0854,39.8754,65.5652,227.1608,0.0277,0.0003,99.1686,218.2186,48.9014,-16.0928,0.0,0.0001,2.3126,-0.0003,6.1493,35.5493,11.0285,27.1983,35.9584
227.0,453.0,11.0828,39.8733,98.6874,227.0688,0.0242,0.0003,99.1567,218.2186,48.9014,-16.0928,0.0,0.0001,2.3126,-0.0003,6.1488,35.549,11.0256,27.1985,35.9588
228.0,455.0,11.085,39.8762,98.6913,226.9618,0.0234,0.0003,99.1569,218.2187,48.9014,-16.0928,0.0,0.0001,2.3113,-0.0006,6.1501,35.5492,11.0277,27.1983,35.9585
229.0,457.0,11.0782,39.8695,98.695,226.1532,0.0227,0.0003,99.1925,218.2187,48.9014,-16.0928,0.0,0.0001,2.3065,-0.0016,6.1509,35.5481,11.0207,27.1988,35.9593
230.0,459.0,11.0729,39.8657,71.665,226.4087,0.0235,0.0003,99.176,218.2187,48.9014,-16.0928,0.0,0.0001,2.3053,-0.0005,6.1504,35.5484,11.015,27.2,35.9607
231.0,461.0,11.0729,39.8667,97.8659,226.9304,0.0194,0.0003,99.1703,218.2188,48.9014,-16.0928,0.0,0.0001,2.3073,0.0003,6.1508,35.5483,11.0148,27.2001,35.9608
232.0,463.0,11.0742,39.8684,96.3544,225.9218,0.0184,0.0003,99.1839,218.2188,48.9014,-16.0928,0.0,0.0001,2.3032,-0.002,6.1519,35.5482,11.0158,27.1997,35.9604
233.0,465.0,11.0704,39.8658,74.3276,226.0952,0.019,0.0003,99.1868,218.2188,48.9013,-16.0928,0.0,0.0001,2.3017,-0.001,6.1519,35.5482,11.0119,27.2005,35.9613
234.0,467.0,11.0678,39.8639,98.694,226.1801,0.021,0.0003,99.1761,218.2189,48.9013,-16.0929,0.0,0.0001,2.3004,-0.0003,6.1526,35.5478,11.0089,27.2007,35.9616
235.0,469.0,11.0656,39.8623,98.6956,225.8252,0.0217,0.0003,99.176,218.2189,48.9013,-16.0929,0.0,0.0001,2.2995,-0.0009,6.1527,35.5478,11.0065,27.2012,35.9622
236.0,471.0,11.0617,39.8585,79.3433,225.0599,0.0223,0.0003,99.176,218.219,48.9013,-16.0929,0.0,0.0001,2.2939,-0.002,6.1558,35.5468,11.0024,27.2011,35.9623
237.0,473.0,11.04,39.8366,67.3433,225.0288,0.0218,0.0003,99.1671,218.219,48.9013,-16.0929,0.0,0.0001,2.2927,-0.0015,6.1537,35.5451,10.9805,27.2038,35.9659
238.0,475.0,11.0327,39.8288,98.6847,225.8568,0.0209,0.0003,99.1582,218.219,48.9013,-16.0929,0.0,0.0001,2.2945,0.0001,6.1555,35.5433,10.9729,27.2038,35.9663
239.0,477.0,11.0349,39.8324,98.6911,224.4375,0.0212,0.0003,99.1698,218.2191,48.9013,-16.0929,0.0,0.0001,2.289,-0.0027,6.159,35.5438,10.9749,27.2038,35.9662
240.0,479.0,11.0214,39.8178,22.5391,223.9509,0.0221,0.0003,99.176,218.2191,48.9013,-16.0929,0.0,0.0001,2.285,-0.0028,6.1582,35.541,10.961,27.2042,35.9672
241.0,481.0,11.0225,39.8208,94.9669,224.6232,0.0214,0.0003,99.1748,218.2191,48.9013,-16.0929,0.0,0.0001,2.2846,-0.001,6.1591,35.5423,10.9619,27.205,35.9679
242.0,483.0,11.0133,39.8111,96.8736,224.6221,0.0214,0.0003,99.1739,218.2191,48.9013,-16.0929,0.0,0.0001,2.2837,-0.0004,6.1587,35.541,10.9526,27.2056,35.969
243.0,485.0,11.008,39.8057,98.704,223.7921,0.0215,0.0003,99.2049,218.2192,48.9012,-16.0929,0.0,0.0001,2.2784,-0.0013,6.1595,35.5395,10.947,27.2055,35.9691
244.0,487.0,11.0057,39.805,98.6881,224.0942,0.0244,0.0003,99.1957,218.2192,48.9012,-16.0929,0.0,0.0001,2.2778,-0.0005,6.1616,35.5401,10.9445,27.2065,35.9702
245.0,489.0,11.002,39.8028,83.254,222.9265,0.0217,0.0003,99.1792,218.2193,48.9012,-16.0929,0.0,0.0001,2.271,-0.0018,6.1633,35.5407,10.9405,27.2076,35.9715
246.0,491.0,10.9865,39.7871,98.6074,222.4995,0.0224,0.0003,99.1904,218.2193,48.9012,-16.0929,0.0,0.0001,2.2667,-0.0018,6.164,35.5392,10.9248,27.2093,35.9738
247.0,493.0,10.9667,39.7646,96.4902,222.8614,0.0209,0.0003,99.1879,218.2193,48.9012,-16.0929,0.0,0.0001,2.2655,-0.0007,6.1679,35.5351,10.9049,27.2097,35.9751
248.0,495.0,10.9544,39.7527,98.6965,222.2493,0.018,0.0003,99.1784,218.2194,48.9012,-16.0929,0.0,0.0001,2.2617,-0.0014,6.1685,35.534,10.8923,27.2112,35.9771
249.0,497.0,10.9387,39.7361,75.7108,222.4768,0.0188,0.0003,99.1993,218.2194,48.9012,-16.0929,0.0,0.0001,2.2611,-0.0004,6.1674,35.5314,10.8764,27.212,35.9786
250.0,499.0,10.9462,39.7449,98.6864,222.2572,0.0198,0.0003,99.1871,218.2194,48.9012,-16.093,0.0,0.0001,2.2593,-0.0008,6.1704,35.5323,10.8836,27.2115,35.9778
251.0,501.0,10.9256,39.7235,98.68,219.1557,0.0212,0.0003,99.1891,218.2195,48.9012,-16.093,0.0,0.0001,2.2482,-0.0059,6.1719,35.53,10.8629,27.2134,35.9805
252.0,503.0,10.9168,39.7163,92.5573,217.5218,0.0174,0.0003,99.1773,218.2195,48.9011,-16.093,0.0,0.0001,2.2365,-0.0068,6.1714,35.5303,10.8539,27.2153,35.9828
253.0,505.0,10.9187,39.7191,86.7051,219.6548,0.0189,0.0003,99.1766,218.2195,48.9011,-16.093,0.0,0.0001,2.2351,-0.0002,6.1727,35.5304,10.8554,27.2151,35.9826
254.0,507.0,10.922,39.7232,98.68,216.5748,0.0247,0.0003,99.2001,218.2196,48.9011,-16.093,0.0,0.0001,2.2233,-0.0052,6.1757,35.5306,10.8585,27.2146,35.982
255.0,509.0,10.8947,39.6978,98.6844,211.9755,0.0236,0.0003,99.202,218.2196,48.9011,-16.093,0.0,0.0001,2.1984,-0.0102,6.1766,35.5306,10.831,27.2196,35.9881
256.0,511.0,10.8874,39.6921,73.4492,209.5393,0.0212,0.0003,99.1963,218.2196,48.9011,-16.093,0.0,0.0001,2.1771,-0.0091,6.1759,35.5311,10.8235,27.2214,35.9901
257.0,513.0,10.8839,39.6892,94.3491,211.1063,0.0223,0.0003,99.1796,218.2197,48.9011,-16.093,0.0,0.0001,2.1685,-0.0019,6.1781,35.5307,10.8198,27.2217,35.9906
258.0,515.0,10.8747,39.6816,98.6837,207.6397,0.0191,0.0003,99.1853,218.2197,48.9011,-16.093,0.0,0.0001,2.1527,-0.0062,6.1779,35.531,10.8104,27.2237,35.993
259.0,517.0,10.8753,39.683,85.6892,209.0632,0.0226,0.0003,99.1903,218.2197,48.9011,-16.093,0.0,0.0001,2.1496,-0.001,6.1781,35.5308,10.8107,27.2235,35.9928
260.0,519.0,10.8761,39.6845,88.2811,208.413,0.0202,0.0003,99.2049,218.2198,48.9011,-16.093,0.0,0.0001,2.1455,-0.0016,6.1782,35.5309,10.8112,27.2234,35.9927
261.0,521.0,10.8738,39.6836,74.7678,208.2106,0.0206,0.0003,99.176,218.2198,48.9011,-16.093,0.0,0.0001,2.1438,-0.0013,6.1781,35.5312,10.8087,27.2241,35.9935
262.0,523.0,10.8729,39.6832,98.6823,208.3985,0.0194,0.0003,99.1718,218.2198,48.9011,-16.093,0.0,0.0001,2.1405,-0.0005,6.1796,35.5309,10.8076,27.2241,35.9935
263.0,525.0,10.8604,39.6708,98.68,206.903,0.0226,0.0003,99.176,218.2199,48.901,-16.093,0.0,0.0001,2.1352,-0.0026,6.1817,35.5295,10.7948,27.2253,35.9953
264.0,527.0,10.8468,39.6582,84.7114,206.8799,0.0229,0.0003,99.1655,218.2199,48.901,-16.093,0.0,0.0001,2.1296,-0.0011,6.1825,35.5291,10.781,27.2275,35.998
265.0,529.0,10.8407,39.6526,98.6792,206.7008,0.0231,0.0003,99.1732,218.2199,48.901,-16.093,0.0,0.0001,2.127,-0.0009,6.1843,35.5286,10.7747,27.2282,35.999
266.0,531.0,10.8317,39.6444,98.68,206.4117,0.0242,0.0003,99.1904,218.22,48.901,-16.093,0.0,0.0001,2.1245,-0.0011,6.184,35.5281,10.7655,27.2295,36.0007
267.0,533.0,10.8239,39.6377,82.6845,207.4909,0.0216,0.0003,99.1817,218.22,48.901,-16.0931,0.0,0.0001,2.1277,0.0007,6.1845,35.528,10.7574,27.2309,36.0024
268.0,535.0,10.8214,39.6359,94.1827,207.6246,0.0246,0.0003,99.1751,218.22,48.901,-16.0931,0.0,0.0001,2.1291,0.0006,6.1846,35.5281,10.7548,27.2315,36.0031
269.0,537.0,10.8193,39.636,98.68,211.4411,0.0215,0.0003,99.1801,218.2201,48.901,-16.0931,0.0,0.0001,2.142,0.0065,6.1855,35.5291,10.7524,27.2326,36.0043
270.0,539.0,10.8168,39.6347,98.68,211.122,0.0198,0.0003,99.1875,218.2201,48.901,-16.0931,0.0,0.0001,2.1493,0.0026,6.1864,35.5292,10.7496,27.2333,36.0051
271.0,541.0,10.8143,39.6333,98.6403,211.9028,0.0193,0.0003,99.1555,218.2201,48.901,-16.0931,0.0,0.0001,2.1571,0.0018,6.1883,35.5294,10.7468,27.2339,36.0058
272.0,543.0,10.8012,39.6204,98.68,208.5308,0.0213,0.0003,99.1884,218.2202,48.901,-16.0931,0.0,0.0001,2.1479,-0.0048,6.1906,35.5284,10.7335,27.2355,36.008
273.0,545.0,10.7824,39.6019,86.0597,206.5055,0.0196,0.0003,99.1929,218.2202,48.9009,-16.0931,0.0,0.0001,2.1331,-0.0054,6.1907,35.5272,10.7145,27.238,36.0113
274.0,547.0,10.773,39.5931,87.6822,206.1233,0.0207,0.0003,99.1796,218.2202,48.9009,-16.0931,0.0,0.0001,2.1236,-0.0034,6.1936,35.5265,10.705,27.2392,36.0129
275.0,549.0,10.7571,39.5776,95.0368,203.1245,0.0226,0.0003,99.1279,218.2203,48.9009,-16.0931,0.0,0.0001,2.1102,-0.0071,6.1922,35.5255,10.6888,27.2413,36.0156
276.0,551.0,10.758,39.5796,98.5883,204.7328,0.024,0.0003,99.1755,218.2203,48.9009,-16.0931,0.0,0.0001,2.1072,-0.0016,6.1936,35.5258,10.6896,27.2414,36.0157
277.0,553.0,10.754,39.5766,98.68,202.441,0.0267,0.0003,99.176,218.2203,48.9009,-16.0931,0.0,0.0001,2.0976,-0.005,6.1954,35.5257,10.6853,27.2421,36.0166
278.0,555.0,10.7506,39.5741,98.68,202.7368,0.0212,0.0003,99.176,218.2204,48.9009,-16.0931,0.0,0.0001,2.0937,-0.0029,6.1942,35.5257,10.6816,27.2428,36.0174
279.0,557.0,10.7475,39.5721,82.779,203.4488,0.0231,0.0003,99.1845,218.2204,48.9009,-16.0931,0.0,0.0001,2.0922,-0.0005,6.1959,35.5257,10.6783,27.2433,36.0181
280.0,559.0,10.7471,39.5723,95.4158,202.1111,0.0242,0.0003,99.1963,218.2204,48.9009,-16.0931,0.0,0.0001,2.0849,-0.0022,6.1978,35.5253,10.6777,27.2432,36.018
281.0,561.0,10.7343,39.5602,98.6865,200.8529,0.0197,0.0003,99.176,218.2205,48.9009,-16.0931,0.0,0.0001,2.0769,-0.0034,6.1995,35.5246,10.6647,27.2449,36.0203
282.0,563.0,10.727,39.554,98.2189,199.9685,0.0174,0.0003,99.1669,218.2205,48.9009,-16.0931,0.0,0.0001,2.0739,-0.0044,6.1984,35.5248,10.6571,27.2464,36.0221
283.0,565.0,10.7161,39.5432,98.5711,199.9381,0.0228,0.0003,99.1634,218.2205,48.9009,-16.0931,0.0,0.0001,2.0694,-0.0029,6.1973,35.5234,10.646,27.2474,36.0235
284.0,567.0,10.7173,39.5454,98.68,202.0371,0.021,0.0003,99.1797,218.2205,48.9009,-16.0931,0.0,0.0001,2.0735,0.0012,6.1998,35.5239,10.6469,27.2476,36.0237
285.0,569.0,10.7125,39.5422,70.9382,204.074,0.0198,0.0003,99.17,218.2206,48.9008,-16.0931,0.0,0.0001,2.0823,0.0033,6.202,35.5241,10.6419,27.2486,36.0249
286.0,571.0,10.7081,39.5384,98.6829,205.1419,0.0224,0.0003,99.176,218.2206,48.9008,-16.0931,0.0,0.0001,2.0882,0.0038,6.2041,35.5238,10.6373,27.2492,36.0257
287.0,573.0,10.6962,39.5248,91.2495,205.2259,0.0219,0.0003,99.176,218.2206,48.9008,-16.0932,0.0,0.0001,2.0919,0.0029,6.2013,35.5207,10.6252,27.2489,36.026
288.0,575.0,10.6855,39.5152,98.68,204.5363,0.0228,0.0003,99.1552,218.2206,48.9008,-16.0932,0.0,0.0001,2.0927,0.0001,6.2083,35.5204,10.6142,27.2507,36.0282
289.0,577.0,10.6812,39.51,78.1629,204.4644,0.0204,0.0003,99.176,218.2207,48.9008,-16.0932,0.0,0.0001,2.0921,-0.0002,6.2098,35.5187,10.6097,27.2501,36.0279
290.0,579.0,10.6359,39.4615,98.68,204.9409,0.0201,0.0003,99.1652,218.2207,48.9008,-16.0932,0.0,0.0001,2.093,0.0007,6.209,35.5129,10.5644,27.2537,36.0334
291.0,581.0,10.6484,39.4785,98.6833,203.5377,0.0213,0.0003,99.1742,218.2207,48.9008,-16.0932,0.0,0.0001,2.0889,-0.0021,6.2094,35.5169,10.5766,27.2547,36.0338
292.0,583.0,10.6455,39.4769,98.68,203.3154,0.0232,0.0003,99.1463,218.2208,48.9008,-16.0932,0.0,0.0001,2.0859,-0.0015,6.2094,35.5171,10.5734,27.2554,36.0347
293.0,585.0,10.6416,39.474,98.68,203.3616,0.0226,0.0003,99.176,218.2208,48.9008,-16.0932,0.0,0.0001,2.0842,-0.0006,6.2045,35.5173,10.5693,27.2563,36.0357
294.0,587.0,10.6775,39.5243,84.036,201.5735,0.0215,0.0003,99.1417,218.2208,48.9008,-16.0932,0.0,0.0001,2.0769,-0.0029,6.2025,35.5321,10.6047,27.2615,36.0392
295.0,589.0,10.6909,39.5439,95.3284,201.1663,0.0217,0.0003,99.1263,218.2208,48.9008,-16.0932,0.0,0.0001,2.0705,-0.0022,6.2024,35.5379,10.6178,27.2636,36.0408
296.0,591.0,10.6918,39.5464,98.68,201.2164,0.0242,0.0003,99.1183,218.2209,48.9008,-16.0932,0.0,0.0001,2.0683,-0.0013,6.2039,35.5385,10.6185,27.264,36.0411
297.0,593.0,10.6847,39.5407,98.68,200.4879,0.0258,0.0004,99.1083,218.2209,48.9008,-16.0932,0.0,0.0001,2.0641,-0.0019,6.2037,35.5388,10.6111,27.2656,36.043
298.0,595.0,10.6743,39.5307,72.1514,200.8135,0.0282,0.0004,99.112,218.2209,48.9008,-16.0932,0.0,0.0001,2.0622,-0.0006,6.2051,35.538,10.6005,27.2669,36.0447
299.0,597.0,10.6811,39.5362,98.68,200.2534,0.0238,0.0004,99.1153,218.2209,48.9008,-16.0932,0.0,0.0001,2.0594,-0.0016,6.2074,35.5364,10.6071,27.2644,36.042
300.0,599.0,10.6627,39.5191,87.6848,200.3037,0.0218,0.0004,99.1137,218.221,48.9008,-16.0932,0.0,0.0001,2.0574,-0.0011,6.2099,35.5361,10.5885,27.2675,36.0459
301.0,601.0,10.6368,39.4915,98.68,200.9476,0.0212,0.0004,99.1183,218.221,48.9008,-16.0932,0.0,0.0001,2.0582,0.0005,6.2093,35.5322,10.5624,27.2691,36.0486
302.0,603.0,10.6325,39.4872,98.68,201.1321,0.0219,0.0003,99.1314,218.221,48.9008,-16.0932,0.0,0.0001,2.0586,0.0001,6.2146,35.5312,10.5579,27.2691,36.0488
303.0,605.0,10.6127,39.4673,98.68,197.4637,0.0223,0.0003,99.151,218.2211,48.9008,-16.0932,0.0,0.0001,2.0464,-0.0063,6.2237,35.5298,10.5379,27.2716,36.0521
304.0,607.0,10.5619,39.4151,98.68,194.4603,0.0245,0.0003,99.176,218.2211,48.9008,-16.0932,0.0,0.0001,2.0321,-0.0095,6.2204,35.5255,10.4872,27.2772,36.06
305.0,609.0,10.5334,39.3869,98.68,194.623,0.0243,0.0003,99.2049,218.2211,48.9007,-16.0932,0.0,0.0001,2.025,-0.0065,6.2243,35.5237,10.4585,27.281,36.0649
306.0,611.0,10.5363,39.3909,98.68,195.2286,0.0233,0.0003,99.1808,218.2211,48.9007,-16.0932,0.0,0.0001,2.017,-0.0027,6.2283,35.5241,10.4612,27.2808,36.0646
307.0,613.0,10.4921,39.3464,78.3644,194.2868,0.0196,0.0003,99.162,218.2212,48.9007,-16.0932,0.0,0.0001,2.0084,-0.0028,6.2344,35.5212,10.4169,27.2864,36.0721
308.0,615.0,10.4619,39.3156,93.0653,194.0175,0.0194,0.0003,99.1561,218.2212,48.9007,-16.0932,0.0,0.0001,2.0029,-0.0019,6.234,35.5185,10.3866,27.2896,36.0766
309.0,617.0,10.4522,39.3083,98.6807,194.2409,0.0224,0.0003,99.17,218.2212,48.9007,-16.0932,0.0,0.0001,2.0012,-0.0009,6.2357,35.5197,10.3766,27.2923,36.0797
310.0,619.0,10.4529,39.3089,98.68,193.934,0.0185,0.0003,99.176,218.2212,48.9007,-16.0932,0.0,0.0001,1.9987,-0.0011,6.2368,35.5188,10.3771,27.2915,36.0789
311.0,621.0,10.4364,39.2947,69.5995,193.415,0.0186,0.0003,99.176,218.2213,48.9007,-16.0932,0.0,0.0001,1.9959,-0.0015,6.2361,35.5196,10.3604,27.2951,36.0832
312.0,623.0,10.4435,39.3062,98.68,193.1479,0.0211,0.0003,99.1543,218.2213,48.9007,-16.0932,0.0,0.0001,1.9926,-0.0011,6.2369,35.5233,10.3672,27.2968,36.0845
313.0,625.0,10.4422,39.3053,98.68,192.039,0.0217,0.0003,99.176,218.2213,48.9007,-16.0932,0.0,0.0001,1.9861,-0.0025,6.2377,35.5229,10.3657,27.2967,36.0845
314.0,627.0,10.4355,39.3022,98.68,190.8111,0.0216,0.0003,99.1721,218.2214,48.9007,-16.0932,0.0,0.0001,1.9803,-0.0036,6.2381,35.5254,10.3587,27.2999,36.088
315.0,629.0,10.4321,39.3012,98.68,189.9009,0.021,0.0003,99.176,218.2214,48.9007,-16.0932,0.0,0.0001,1.9763,-0.0041,6.2378,35.5266,10.3551,27.3015,36.0897
316.0,631.0,10.4285,39.3002,88.2847,191.1003,0.0213,0.0003,99.1688,218.2214,48.9007,-16.0932,0.0,0.0001,1.9724,-0.0005,6.2386,35.5282,10.3513,27.3034,36.0917
317.0,633.0,10.4273,39.2994,98.68,189.7516,0.0205,0.0003,99.1856,218.2214,48.9007,-16.0932,0.0,0.0001,1.9676,-0.0027,6.2401,35.5278,10.3498,27.3033,36.0917
318.0,635.0,10.4104,39.2857,98.68,189.2155,0.0224,0.0003,99.2049,218.2215,48.9007,-16.0932,0.0,0.0001,1.9634,-0.0029,6.241,35.5294,10.3327,27.3076,36.0967
319.0,637.0,10.4093,39.2858,98.68,189.6409,0.0211,0.0003,99.1914,218.2215,48.9007,-16.0932,0.0,0.0001,1.9614,-0.0012,6.2414,35.5298,10.3314,27.3081,36.0973
320.0,639.0,10.4069,39.2842,73.7772,189.3155,0.0249,0.0003,99.176,218.2215,48.9007,-16.0932,0.0,0.0001,1.9597,-0.0013,6.2426,35.5296,10.3288,27.3084,36.0977
321.0,641.0,10.4016,39.2797,98.68,190.0438,0.0217,0.0003,99.1941,218.2215,48.9007,-16.0932,0.0,0.0001,1.9596,0.0003,6.2435,35.5294,10.3232,27.3093,36.0988
322.0,643.0,10.3897,39.2685,93.791,190.0326,0.0217,0.0003,99.1953,218.2216,48.9007,-16.0932,0.0,0.0001,1.9596,0.0001,6.2437,35.5285,10.3111,27.3107,36.1007
323.0,645.0,10.3812,39.2617,98.4637,189.7244,0.0205,0.0003,99.1989,218.2216,48.9007,-16.0932,0.0,0.0001,1.9579,-0.0007,6.2477,35.5291,10.3024,27.3127,36.1031
324.0,647.0,10.3645,39.2456,98.68,189.425,0.0261,0.0003,99.176,218.2216,48.9006,-16.0932,0.0,0.0001,1.956,-0.0009,6.2472,35.5281,10.2855,27.3149,36.106
325.0,649.0,10.3414,39.2245,98.68,189.4284,0.0226,0.0003,99.2049,218.2217,48.9006,-16.0932,0.0,0.0001,1.9542,-0.0007,6.251,35.5282,10.2623,27.3191,36.1111
326.0,651.0,10.3373,39.2218,98.68,188.6876,0.0185,0.0003,99.2049,218.2217,48.9006,-16.0932,0.0,0.0001,1.9512,-0.0017,6.2507,35.5287,10.258,27.3202,36.1124
327.0,653.0,10.3319,39.2185,77.2255,189.1047,0.02,0.0003,99.176,218.2217,48.9006,-16.0932,0.0,0.0001,1.9512,-0.0006,6.2499,35.5298,10.2523,27.322,36.1145
328.0,655.0,10.3278,39.2161,95.9163,189.1392,0.022,0.0003,99.1852,218.2217,48.9006,-16.0932,0.0,0.0001,1.9498,-0.0006,6.2543,35.5305,10.248,27.3233,36.1159
329.0,657.0,10.3028,39.1943,98.68,187.4846,0.0195,0.0003,99.176,218.2218,48.9006,-16.0932,0.0,0.0001,1.9434,-0.0031,6.2567,35.5318,10.2228,27.3287,36.1224
330.0,659.0,10.296,39.1881,98.68,187.8162,0.0189,0.0003,99.1724,218.2218,48.9006,-16.0932,0.0,0.0001,1.9426,-0.0018,6.2557,35.5313,10.2158,27.3296,36.1235
331.0,661.0,10.283,39.1761,81.5615,188.3365,0.0288,0.0003,99.1361,218.2218,48.9006,-16.0932,0.0,0.0001,1.9418,-0.0003,6.2557,35.5307,10.2026,27.3314,36.1259
332.0,663.0,10.2891,39.1832,91.3138,188.1429,0.0216,0.0003,99.176,218.2219,48.9006,-16.0932,0.0,0.0001,1.94,-0.0008,6.2601,35.5314,10.2085,27.3309,36.1252
333.0,665.0,10.2692,39.1646,98.68,187.3413,0.0215,0.0003,99.176,218.2219,48.9006,-16.0932,0.0,0.0001,1.9371,-0.0018,6.2612,35.5309,10.1884,27.3341,36.1292
334.0,667.0,10.2632,39.1596,98.68,187.7241,0.0214,0.0003,99.1805,218.2219,48.9006,-16.0932,0.0,0.0001,1.9353,-0.0006,6.2603,35.5309,10.1823,27.3351,36.1305
335.0,669.0,10.2626,39.1647,98.68,187.3079,0.0209,0.0003,99.176,218.2219,48.9006,-16.0932,0.0,0.0001,1.9339,-0.001,6.26,35.5357,10.1813,27.339,36.1343
336.0,671.0,10.2641,39.1685,98.68,187.293,0.0227,0.0003,99.1795,218.222,48.9006,-16.0932,0.0,0.0001,1.9323,-0.0005,6.2606,35.5371,10.1826,27.3399,36.1351
337.0,673.0,10.2679,39.1696,75.5607,186.6852,0.0223,0.0003,99.182,218.222,48.9006,-16.0932,0.0,0.0001,1.9289,-0.0013,6.2612,35.5338,10.1862,27.3367,36.1319
338.0,675.0,10.258,39.1672,98.68,185.6623,0.024,0.0003,99.176,218.222,48.9005,-16.0932,0.0,0.0001,1.9242,-0.0026,6.2612,35.5401,10.176,27.3434,36.1389
339.0,677.0,10.2571,39.1699,98.68,185.5516,0.021,0.0003,99.176,218.222,48.9005,-16.0932,0.0,0.0001,1.9214,-0.0018,6.2611,35.5427,10.1749,27.3456,36.1411
340.0,679.0,10.2557,39.17,98.68,186.1077,0.026,0.0003,99.1728,218.2221,48.9005,-16.0932,0.0,0.0001,1.9204,-0.0004,6.2618,35.5432,10.1732,27.3463,36.1418
341.0,681.0,10.2515,39.1681,83.0171,185.0606,0.0243,0.0003,99.176,218.2221,48.9005,-16.0932,0.0,0.0001,1.9164,-0.0019,6.2627,35.5444,10.1687,27.348,36.1437
342.0,683.0,10.2449,39.1654,97.8076,184.5166,0.0246,0.0003,99.176,218.2221,48.9005,-16.0932,0.0,0.0001,1.9124,-0.0021,6.2626,35.5472,10.1619,27.3514,36.1474
343.0,685.0,10.2424,39.1645,92.701,184.6963,0.0225,0.0003,99.176,218.2221,48.9005,-16.0932,0.0,0.0001,1.9109,-0.0012,6.2624,35.5481,10.1592,27.3526,36.1486
344.0,687.0,10.2452,39.1698,98.68,185.0061,0.023,0.0003,99.1706,218.2222,48.9005,-16.0932,0.0,0.0001,1.9105,-0.0003,6.2624,35.5498,10.1617,27.3534,36.1494
345.0,689.0,10.2461,39.1705,89.8198,184.9157,0.022,0.0003,99.176,218.2222,48.9005,-16.0932,0.0,0.0001,1.9094,-0.0003,6.2624,35.5487,10.1624,27.3524,36.1484
346.0,691.0,10.243,39.1708,98.68,184.5244,0.0252,0.0003,99.176,218.2222,48.9005,-16.0932,0.0,0.0001,1.9077,-0.0008,6.2611,35.5512,10.1591,27.355,36.151
347.0,693.0,10.2472,39.1785,98.68,183.9377,0.0245,0.0003,99.176,218.2223,48.9005,-16.0932,0.0,0.0001,1.9046,-0.0016,6.2614,35.554,10.163,27.3565,36.1524
348.0,695.0,10.2545,39.1902,98.68,184.1152,0.0199,0.0003,99.176,218.2223,48.9005,-16.0932,0.0,0.0001,1.9043,-0.0008,6.2616,35.5578,10.17,27.3583,36.1537
349.0,697.0,10.2531,39.1881,94.4128,184.4039,0.0227,0.0003,99.1836,218.2223,48.9005,-16.0932,0.0,0.0001,1.9039,-0.0001,6.261,35.5561,10.1683,27.3573,36.1528
350.0,699.0,10.2518,39.1878,98.68,183.638,0.0232,0.0003,99.1826,218.2224,48.9005,-16.0932,0.0,0.0001,1.9011,-0.0015,6.2601,35.5563,10.1668,27.3577,36.1533
351.0,701.0,10.2558,39.1977,98.5866,183.3593,0.0209,0.0003,99.176,218.2224,48.9005,-16.0932,0.0,0.0001,1.899,-0.0015,6.2603,35.5614,10.1705,27.361,36.1564
352.0,703.0,10.2576,39.2059,98.68,183.1673,0.0201,0.0003,99.1843,218.2224,48.9005,-16.0932,0.0,0.0001,1.8974,-0.0014,6.2606,35.5668,10.172,27.365,36.1602
353.0,705.0,10.2569,39.2062,98.68,183.5434,0.0191,0.0003,99.1803,218.2224,48.9005,-16.0932,0.0,0.0001,1.8966,-0.0003,6.2609,35.5671,10.171,27.3654,36.1607
354.0,707.0,10.2528,39.2028,80.7113,182.4054,0.0179,0.0003,99.176,218.2225,48.9005,-16.0932,0.0,0.0001,1.8923,-0.0022,6.2644,35.5668,10.1667,27.3658,36.1613
355.0,709.0,10.2429,39.1973,98.68,181.9306,0.0226,0.0003,99.2049,218.2225,48.9005,-16.0932,0.0,0.0001,1.8877,-0.0023,6.264,35.57,10.1567,27.3701,36.166
356.0,711.0,10.2241,39.1785,93.2764,182.3825,0.0225,0.0003,99.2008,218.2225,48.9004,-16.0932,0.0,0.0001,1.8877,-0.001,6.2645,35.5684,10.1377,27.3721,36.1688
357.0,713.0,10.2173,39.1727,98.68,182.4095,0.0212,0.0003,99.2008,218.2225,48.9004,-16.0932,0.0,0.0001,1.8862,-0.0006,6.2681,35.5682,10.1306,27.3732,36.1702
358.0,715.0,10.2023,39.1603,98.3629,181.6567,0.0233,0.0003,99.1904,218.2226,48.9004,-16.0932,0.0,0.0001,1.8813,-0.0017,6.2724,35.5694,10.1155,27.3768,36.1744
359.0,717.0,10.1793,39.1347,98.68,181.3936,0.0221,0.0003,99.2049,218.2226,48.9004,-16.0933,0.0,0.0001,1.8794,-0.0014,6.2709,35.5651,10.0925,27.3775,36.1761
360.0,719.0,10.1548,39.1108,98.68,181.9252,0.0204,0.0003,99.1836,218.2226,48.9004,-16.0933,0.0,0.0001,1.8791,-0.0004,6.2766,35.5637,10.0678,27.3807,36.1804
361.0,721.0,10.1463,39.104,62.7513,181.2342,0.0228,0.0003,99.2008,218.2226,48.9004,-16.0933,0.0,0.0001,1.8755,-0.0016,6.282,35.5643,10.0591,27.3826,36.1826
362.0,723.0,10.1237,39.0817,98.68,181.1433,0.0228,0.0003,99.1991,218.2227,48.9004,-16.0933,0.0,0.0001,1.8739,-0.0012,6.2813,35.5628,10.0363,27.3853,36.1864
363.0,725.0,10.092,39.0493,90.6206,181.2647,0.0217,0.0003,99.1987,218.2227,48.9004,-16.0933,0.0,0.0001,1.8718,-0.0006,6.2833,35.5597,10.0046,27.3885,36.1909
364.0,727.0,10.0886,39.0475,98.5208,180.8307,0.0212,0.0003,99.2049,218.2227,48.9004,-16.0933,0.0,0.0001,1.8696,-0.001,6.2832,35.5605,10.0009,27.3897,36.1923
365.0,729.0,10.0905,39.0524,98.68,179.579,0.0242,0.0003,99.2049,218.2228,48.9004,-16.0933,0.0,0.0001,1.8629,-0.0024,6.2834,35.5625,10.0026,27.391,36.1934
366.0,731.0,10.0928,39.0564,98.68,179.8654,0.0172,0.0003,99.2049,218.2228,48.9004,-16.0933,0.0,0.0001,1.862,-0.0012,6.284,35.5636,10.0046,27.3915,36.1938
367.0,733.0,10.0859,39.0509,98.68,179.5665,0.0196,0.0003,99.2049,218.2228,48.9004,-16.0933,0.0,0.0001,1.8608,-0.0012,6.2841,35.564,9.9975,27.393,36.1957
368.0,735.0,10.0789,39.0481,77.5116,179.5223,0.0224,0.0003,99.2049,218.2228,48.9004,-16.0933,0.0,0.0001,1.8582,-0.0006,6.2835,35.567,9.9902,27.3966,36.1995
369.0,737.0,10.0817,39.0531,94.0047,179.6156,0.0213,0.0003,99.2049,218.2229,48.9004,-16.0933,0.0,0.0001,1.8557,-0.0005,6.2879,35.5686,9.9929,27.3974,36.2002
370.0,739.0,10.0719,39.0442,98.68,178.6252,0.0215,0.0003,99.2049,218.2229,48.9004,-16.0933,0.0,0.0001,1.8523,-0.0021,6.2936,35.5682,9.9828,27.3988,36.202
371.0,741.0,10.0169,38.9827,98.68,179.5555,0.0243,0.0003,99.2049,218.2229,48.9004,-16.0933,0.0,0.0001,1.8523,0.0002,6.2894,35.5583,9.9279,27.4005,36.2062
372.0,743.0,10.0085,38.9756,82.6505,179.6326,0.022,0.0003,99.1937,218.2229,48.9004,-16.0933,0.0,0.0001,1.8531,0.0,6.2951,35.5583,9.9193,27.402,36.2081
373.0,745.0,10.0106,38.9786,98.6804,179.6804,0.0225,0.0003,99.2139,218.223,48.9004,-16.0933,0.0,0.0001,1.8523,0.0001,6.295,35.5584,9.9212,27.4018,36.2078
374.0,747.0,9.9946,38.9637,79.7464,179.3154,0.0248,0.0003,99.2049,218.223,48.9004,-16.0933,0.0,0.0001,1.8517,-0.0006,6.2951,35.558,9.905,27.4043,36.2109
375.0,749.0,10.0051,38.9799,98.68,179.2294,0.0216,0.0003,99.2273,218.223,48.9004,-16.0933,0.0,0.0001,1.851,-0.0008,6.2951,35.5636,9.9152,27.4069,36.213
376.0,751.0,10.0042,38.9805,98.68,179.4157,0.0222,0.0003,99.2173,218.223,48.9004,-16.0933,0.0,0.0001,1.8504,-0.0002,6.2937,35.564,9.914,27.4074,36.2136
377.0,753.0,10.0098,38.9888,98.68,179.2354,0.0238,0.0003,99.2049,218.223,48.9004,-16.0933,0.0,0.0001,1.8498,-0.0004,6.2908,35.5662,9.9193,27.4082,36.2141
378.0,755.0,10.0244,39.011,98.68,179.0988,0.0185,0.0003,99.1959,218.2231,48.9004,-16.0933,0.0,0.0001,1.849,-0.0005,6.29,35.5736,9.9336,27.4115,36.2167
379.0,757.0,10.0368,39.0306,98.68,178.4891,0.0193,0.0003,99.2306,218.2231,48.9003,-16.0933,0.0,0.0001,1.8472,-0.0012,6.289,35.5803,9.9456,27.4147,36.2193
380.0,759.0,10.0416,39.0376,85.1912,178.2399,0.0235,0.0003,99.1344,218.2231,48.9003,-16.0934,0.0,0.0001,1.8437,-0.0012,6.2894,35.582,9.9501,27.4152,36.2196
381.0,761.0,10.0431,39.0431,98.68,177.8808,0.024,0.0003,99.2337,218.2231,48.9003,-16.0934,0.0,0.0001,1.8415,-0.0014,6.29,35.5853,9.9514,27.4176,36.2219
382.0,763.0,10.0362,39.0386,98.68,178.3102,0.0194,0.0003,99.2337,218.2232,48.9003,-16.0934,0.0,0.0001,1.8409,-0.0002,6.2904,35.5863,9.9443,27.4196,36.2242
383.0,765.0,10.0335,39.0375,98.68,178.5693,0.0193,0.0003,99.226,218.2232,48.9003,-16.0934,0.0,0.0001,1.8413,0.0002,6.2907,35.5871,9.9413,27.4208,36.2255
384.0,767.0,10.0305,39.0355,98.68,178.2405,0.0198,0.0003,99.2193,218.2232,48.9003,-16.0934,0.0,0.0001,1.8402,-0.0004,6.291,35.5874,9.9382,27.4215,36.2263
385.0,769.0,10.0256,39.0327,88.7377,178.1361,0.0198,0.0003,99.2231,218.2232,48.9003,-16.0934,0.0,0.0001,1.8391,-0.0004,6.2923,35.5883,9.9331,27.4231,36.2281
386.0,771.0,10.0182,39.0275,98.0237,177.705,0.0186,0.0003,99.2224,218.2233,48.9003,-16.0934,0.0,0.0001,1.8368,-0.001,6.2929,35.5892,9.9254,27.4251,36.2304
387.0,773.0,10.0132,39.0241,94.2115,177.8024,0.0228,0.0003,99.2303,218.2233,48.9003,-16.0934,0.0,0.0001,1.836,-0.0007,6.2928,35.5898,9.9202,27.4265,36.232
388.0,775.0,10.0121,39.0239,98.68,177.8796,0.025,0.0003,99.2049,218.2233,48.9003,-16.0934,0.0,0.0001,1.8352,-0.0003,6.2924,35.5897,9.9188,27.4267,36.2323
389.0,777.0,10.0132,39.0254,98.68,178.2188,0.0232,0.0003,99.2214,218.2233,48.9003,-16.0934,0.0,0.0001,1.836,0.0001,6.2961,35.5893,9.9197,27.4262,36.2318
390.0,779.0,10.0034,39.0169,87.7866,177.2777,0.0246,0.0003,99.2239,218.2233,48.9003,-16.0934,0.0,0.0001,1.8325,-0.0017,6.3023,35.5894,9.9096,27.428,36.234
391.0,781.0,9.9574,38.9697,98.68,177.0601,0.0217,0.0003,99.2337,218.2234,48.9003,-16.0934,0.0,0.0001,1.8303,-0.0017,6.3029,35.5851,9.8636,27.4326,36.2405
392.0,783.0,9.946,38.9592,98.68,177.5144,0.0251,0.0003,99.2337,218.2234,48.9003,-16.0934,0.0,0.0001,1.8303,-0.0006,6.3035,35.5849,9.8521,27.4344,36.2428
393.0,785.0,9.9394,38.9521,98.68,177.3082,0.0243,0.0003,99.2337,218.2234,48.9003,-16.0934,0.0,0.0001,1.8284,-0.0006,6.3025,35.5833,9.8453,27.4342,36.243
394.0,787.0,9.9302,38.943,98.68,177.5475,0.024,0.0003,99.2337,218.2234,48.9003,-16.0934,0.0,0.0001,1.8284,-0.0001,6.3039,35.582,9.8358,27.4348,36.244
395.0,789.0,9.936,38.9539,88.0432,176.8721,0.0254,0.0003,99.2337,218.2235,48.9003,-16.0934,0.0,0.0001,1.8251,-0.0012,6.3051,35.5865,9.8413,27.4375,36.2464
396.0,791.0,9.9302,38.9483,98.68,176.7427,0.0239,0.0003,99.2337,218.2235,48.9003,-16.0935,0.0,0.0001,1.8242,-0.0012,6.3064,35.5856,9.8354,27.4377,36.2469
397.0,793.0,9.9267,38.9473,98.6526,176.8541,0.0219,0.0003,99.2337,218.2235,48.9003,-16.0935,0.0,0.0001,1.8236,-0.0007,6.3054,35.5873,9.8317,27.4397,36.249
398.0,795.0,9.9194,38.9418,98.6321,176.9205,0.024,0.0003,99.2337,218.2235,48.9003,-16.0935,0.0,0.0001,1.823,-0.0003,6.3049,35.5879,9.8241,27.4415,36.2511
399.0,797.0,9.9194,38.9423,98.68,177.4064,0.0214,0.0003,99.2337,218.2235,48.9003,-16.0935,0.0,0.0001,1.8237,0.0002,6.3111,35.5876,9.8239,27.4413,36.2509
400.0,799.0,9.9069,38.9281,98.68,176.6965,0.0211,0.0003,99.2385,218.2236,48.9003,-16.0935,0.0,0.0001,1.8218,-0.0011,6.3132,35.5845,9.8113,27.441,36.2512
401.0,801.0,9.8562,38.8727,80.8888,177.1373,0.0243,0.0003,99.2337,218.2236,48.9003,-16.0935,0.0,0.0001,1.8217,-0.0003,6.3161,35.5767,9.7607,27.4435,36.256
402.0,803.0,9.8692,38.8894,91.521,177.5119,0.0211,0.0003,99.2337,218.2236,48.9003,-16.0935,0.0,0.0001,1.8214,0.0,6.3276,35.58,9.7733,27.444,36.2558
403.0,805.0,9.7852,38.7912,95.7874,177.7963,0.0227,0.0003,99.2337,218.2236,48.9003,-16.0935,0.0,0.0001,1.8228,0.0001,6.3337,35.5609,9.6895,27.4432,36.2589
404.0,807.0,9.7345,38.7368,98.68,178.5384,0.0244,0.0003,99.2337,218.2237,48.9003,-16.0935,0.0,0.0001,1.8242,0.0008,6.3392,35.554,9.6388,27.4464,36.2644
405.0,809.0,9.6964,38.6954,98.4969,178.6582,0.0199,0.0003,99.2215,218.2237,48.9003,-16.0935,0.0,0.0001,1.8239,0.0,6.3524,35.5478,9.6006,27.4481,36.2677
406.0,811.0,9.6343,38.6248,98.68,179.0553,0.0151,0.0003,99.2337,218.2237,48.9002,-16.0935,0.0,0.0001,1.8242,0.0,6.3664,35.5353,9.5387,27.4487,36.2712
407.0,813.0,9.5822,38.569,98.68,179.3502,0.016,0.0003,99.2337,218.2237,48.9002,-16.0935,0.0,0.0001,1.8244,0.0002,6.37,35.5284,9.4867,27.4519,36.2768
408.0,815.0,9.5059,38.4831,98.68,180.0654,0.0204,0.0003,99.2337,218.2237,48.9002,-16.0935,0.0,0.0001,1.8269,0.0015,6.3623,35.514,9.4106,27.4534,36.2817
409.0,817.0,9.4822,38.4578,95.4942,180.7235,0.0225,0.0003,99.2337,218.2238,48.9002,-16.0935,0.0,0.0001,1.8303,0.0019,6.3641,35.5103,9.3869,27.4544,36.2838
410.0,819.0,9.5159,38.4973,83.914,179.7996,0.0235,0.0003,99.2092,218.2238,48.9002,-16.0936,0.0,0.0001,1.8293,-0.0001,6.3619,35.517,9.4202,27.4542,36.2821
411.0,821.0,9.5323,38.5203,98.68,179.468,0.0234,0.0003,99.2337,218.2238,48.9002,-16.0936,0.0,0.0001,1.8275,-0.0005,6.3625,35.5239,9.4362,27.4568,36.2839
412.0,823.0,9.547,38.5443,98.68,179.2908,0.0217,0.0003,99.2337,218.2238,48.9002,-16.0936,0.0,0.0001,1.8266,-0.0008,6.3625,35.5333,9.4505,27.4618,36.2881
413.0,825.0,9.5308,38.5325,98.68,179.6305,0.0227,0.0003,99.2337,218.2238,48.9002,-16.0936,0.0,0.0001,1.8266,0.0,6.3619,35.5361,9.4342,27.4667,36.2937
414.0,827.0,9.5262,38.5311,98.68,179.452,0.0212,0.0003,99.2226,218.2239,48.9002,-16.0936,0.0,0.0001,1.8254,-0.0003,6.3615,35.538,9.4293,27.4691,36.2962
415.0,829.0,9.5278,38.5329,93.3217,179.2253,0.0223,0.0003,99.2255,218.2239,48.9002,-16.0936,0.0,0.0001,1.825,-0.0004,6.3588,35.5377,9.4307,27.4686,36.2957
416.0,831.0,9.5358,38.5447,98.68,178.4509,0.0203,0.0003,99.2127,218.2239,48.9002,-16.0936,0.0,0.0001,1.8219,-0.0012,6.3525,35.5407,9.4384,27.4697,36.2964
417.0,833.0,9.574,38.5985,98.68,178.3212,0.0197,0.0003,99.2626,218.224,48.9002,-16.0936,0.0,0.0001,1.8211,-0.0011,6.3483,35.5577,9.4761,27.4766,36.3015
418.0,835.0,9.5848,38.6135,98.68,178.4284,0.0189,0.0003,99.2481,218.224,48.9002,-16.0936,0.0,0.0001,1.821,-0.0007,6.3474,35.5615,9.4866,27.4779,36.3023
419.0,837.0,9.606,38.6396,98.68,178.7012,0.0184,0.0003,99.2562,218.224,48.9002,-16.0936,0.0,0.0001,1.821,-0.0003,6.3539,35.5669,9.5074,27.4786,36.302
420.0,839.0,9.6218,38.6624,89.8018,178.9425,0.0223,0.0003,99.2288,218.224,48.9002,-16.0936,0.0,0.0001,1.8209,0.0001,6.3543,35.5739,9.5228,27.4815,36.3041
421.0,841.0,9.5823,38.6119,97.3111,179.1064,0.0183,0.0003,99.2373,218.224,48.9002,-16.0936,0.0,0.0001,1.821,0.0,6.357,35.5602,9.4834,27.4774,36.3019
422.0,843.0,9.5827,38.6182,98.68,178.2274,0.0218,0.0003,99.2337,218.2241,48.9002,-16.0936,0.0,0.0001,1.8181,-0.0016,6.3614,35.5654,9.4836,27.4814,36.3059
423.0,845.0,9.565,38.6004,98.68,178.2535,0.0201,0.0003,99.2447,218.2241,48.9002,-16.0936,0.0,0.0001,1.817,-0.0013,6.3621,35.5637,9.4657,27.4831,36.3084
424.0,847.0,9.531,38.5684,98.68,178.6198,0.0204,0.0003,99.2406,218.2241,48.9001,-16.0936,0.0,0.0001,1.8172,-0.0003,6.3582,35.5629,9.4316,27.4882,36.3149
425.0,849.0,9.5242,38.5638,87.7527,178.9894,0.0217,0.0003,99.2462,218.2241,48.9002,-16.0937,0.0,0.0001,1.8179,-0.0001,6.3645,35.5636,9.4245,27.4899,36.3169
426.0,851.0,9.527,38.5665,98.7075,178.8532,0.0224,0.0003,99.2401,218.2242,48.9002,-16.0937,0.0,0.0001,1.8168,-0.0006,6.3721,35.5633,9.4272,27.4892,36.3161
427.0,853.0,9.4328,38.4603,98.68,177.9586,0.0219,0.0003,99.2626,218.2242,48.9001,-16.0937,0.0,0.0001,1.8107,-0.0023,6.3885,35.545,9.3332,27.4905,36.3217
428.0,855.0,9.3672,38.3902,98.68,178.4296,0.022,0.0003,99.2626,218.2242,48.9001,-16.0937,0.0,0.0001,1.812,-0.0009,6.3833,35.5364,9.2678,27.4946,36.3288
429.0,857.0,9.3446,38.368,98.68,179.2906,0.0216,0.0003,99.265,218.2242,48.9001,-16.0937,0.0,0.0001,1.8132,0.0011,6.371,35.5347,9.2451,27.497,36.3322
430.0,859.0,9.3323,38.3555,98.68,179.2672,0.0246,0.0003,99.2648,218.2242,48.9001,-16.0937,0.0,0.0001,1.8144,0.0003,6.3811,35.533,9.2327,27.4977,36.3334
431.0,861.0,9.3344,38.3588,98.68,179.0182,0.0217,0.0003,99.2613,218.2243,48.9001,-16.0937,0.0,0.0001,1.8136,-0.0004,6.3853,35.534,9.2347,27.4982,36.3338
432.0,863.0,9.3531,38.3848,98.68,178.9032,0.0214,0.0003,99.2507,218.2243,48.9001,-16.0937,0.0,0.0001,1.8107,-0.0002,6.387,35.5413,9.2529,27.5009,36.3356
433.0,865.0,9.3571,38.3907,98.68,179.4631,0.0224,0.0003,99.2874,218.2243,48.9001,-16.0937,0.0,0.0001,1.8112,0.0002,6.3972,35.5427,9.2566,27.5013,36.3359
434.0,867.0,9.3462,38.3786,98.68,179.1297,0.0214,0.0003,99.2915,218.2243,48.9001,-16.0937,0.0,0.0001,1.8099,-0.0008,6.4108,35.5402,9.2456,27.5012,36.3363
435.0,869.0,9.2419,38.261,89.1595,179.4467,0.0223,0.0003,99.2674,218.2244,48.9001,-16.0937,0.0,0.0001,1.8099,-0.0001,6.409,35.5203,9.1418,27.5027,36.3425
436.0,871.0,9.1657,38.1738,98.68,180.5725,0.023,0.0003,99.2626,218.2244,48.9001,-16.0937,0.0,0.0001,1.8123,0.002,6.4063,35.5041,9.0658,27.5024,36.3457
437.0,873.0,9.1229,38.1306,97.7005,180.5876,0.023,0.0003,99.2595,218.2244,48.9001,-16.0937,0.0,0.0001,1.8138,-0.0001,6.4329,35.5004,9.023,27.5064,36.3517
438.0,875.0,9.0578,38.0506,98.6796,180.144,0.0214,0.0003,99.277,218.2244,48.9001,-16.0938,0.0,0.0001,1.8072,-0.0022,6.4874,35.4805,8.9581,27.5013,36.3497
439.0,877.0,8.7308,37.6939,76.9307,181.9006,0.0193,0.0003,99.2915,218.2245,48.9001,-16.0938,0.0,0.0001,1.8071,0.001,6.4881,35.4306,8.633,27.5143,36.3776
440.0,879.0,8.688,37.6463,98.68,183.4977,0.0227,0.0003,99.2626,218.2245,48.9001,-16.0938,0.0,0.0001,1.8144,0.0036,6.4794,35.4223,8.5901,27.5145,36.3799
441.0,881.0,8.6871,37.6419,98.68,184.1358,0.0219,0.0003,99.2832,218.2245,48.9001,-16.0938,0.0,0.0001,1.8168,0.0041,6.4726,35.4176,8.5891,27.511,36.3765
442.0,883.0,8.6918,37.6486,98.68,184.0251,0.0223,0.0003,99.2827,218.2245,48.9001,-16.0938,0.0,0.0001,1.8212,0.0021,6.4838,35.4191,8.5935,27.5115,36.3767
443.0,885.0,8.7289,37.6913,98.68,183.0107,0.0202,0.0003,99.3023,218.2245,48.9001,-16.0938,0.0,0.0001,1.8184,-0.0013,6.5133,35.4264,8.6302,27.5114,36.375
444.0,887.0,8.532,37.4802,98.5703,183.9729,0.0196,0.0003,99.2987,218.2246,48.9,-16.0938,0.0,0.0001,1.8187,0.0004,6.5184,35.399,8.4343,27.5207,36.3933
445.0,889.0,8.4976,37.4485,75.009,184.6978,0.0187,0.0003,99.3085,218.2246,48.9,-16.0938,0.0,0.0001,1.8193,0.0011,6.5228,35.399,8.3999,27.526,36.4001
446.0,891.0,8.4827,37.4342,98.6743,184.6713,0.0211,0.0003,99.3011,218.2246,48.9,-16.0938,0.0,0.0001,1.8217,0.0005,6.5287,35.3976,8.3849,27.5273,36.4021
447.0,893.0,8.4493,37.3996,98.6112,184.8868,0.0229,0.0003,99.3204,218.2246,48.9,-16.0938,0.0,0.0001,1.8222,0.0009,6.52,35.3933,8.3514,27.5291,36.4055
448.0,895.0,8.4101,37.3589,98.68,185.6141,0.0239,0.0003,99.3204,218.2246,48.9,-16.0938,0.0,0.0001,1.8249,0.0017,6.5213,35.3885,8.3123,27.5314,36.4096
449.0,897.0,8.4521,37.4048,98.68,185.0986,0.0285,0.0003,99.3231,218.2247,48.9,-16.0938,0.0,0.0001,1.8247,-0.0002,6.5329,35.3945,8.3538,27.5296,36.4059
450.0,899.0,8.4234,37.3748,70.9847,184.7327,0.0231,0.0003,99.3442,218.2247,48.9,-16.0938,0.0,0.0001,1.8238,-0.0008,6.5366,35.3905,8.325,27.531,36.4086
451.0,901.0,8.372,37.323,98.68,185.2012,0.0263,0.0003,99.3477,218.2247,48.9,-16.0938,0.0,0.0001,1.823,-0.0001,6.537,35.3857,8.2738,27.5351,36.4151
452.0,903.0,8.3669,37.3189,94.8832,185.3953,0.0222,0.0003,99.3492,218.2247,48.9,-16.0939,0.0,0.0001,1.8239,0.0004,6.5359,35.3857,8.2685,27.5359,36.4161
453.0,905.0,8.3616,37.3182,96.939,185.8714,0.021,0.0003,99.3492,218.2248,48.9,-16.0939,0.0,0.0001,1.8248,0.0009,6.5353,35.3891,8.2629,27.5394,36.4198
454.0,907.0,8.3757,37.3324,98.5686,186.0152,0.0222,0.0003,99.3628,218.2248,48.9,-16.0939,0.0,0.0001,1.826,0.0005,6.535,35.3892,8.2767,27.5374,36.4172
455.0,909.0,8.3775,37.3382,98.68,185.3312,0.0211,0.0002,99.3715,218.2248,48.9,-16.0939,0.0,0.0001,1.8258,-0.0005,6.528,35.3929,8.2783,27.5401,36.4197
456.0,911.0,8.3756,37.3417,98.68,185.3689,0.0207,0.0002,99.3781,218.2248,48.9,-16.0939,0.0,0.0001,1.8256,-0.0003,6.5267,35.3976,8.2762,27.5441,36.4238
457.0,913.0,8.4175,37.4019,98.68,185.3976,0.0208,0.0002,99.3745,218.2249,48.9,-16.0939,0.0,0.0001,1.8254,-0.0003,6.5271,35.4185,8.3176,27.5541,36.4316
458.0,915.0,8.4219,37.4089,98.68,185.1244,0.0213,0.0002,99.3726,218.2249,48.9,-16.0939,0.0,0.0001,1.8242,-0.0007,6.5277,35.4206,8.3217,27.5551,36.4324
459.0,917.0,8.4193,37.4082,70.405,185.2398,0.0194,0.0002,99.3884,218.2249,48.9,-16.0939,0.0,0.0001,1.8242,-0.0003,6.5283,35.4215,8.3189,27.5562,36.4336
460.0,919.0,8.4164,37.4041,96.3234,185.3348,0.019,0.0002,99.4116,218.2249,48.9,-16.0939,0.0,0.0001,1.8234,-0.0002,6.5286,35.4191,8.3157,27.5549,36.4325
461.0,921.0,8.4109,37.4025,98.68,184.867,0.0169,0.0002,99.407,218.225,48.9,-16.0939,0.0,0.0001,1.8217,-0.001,6.5308,35.422,8.3101,27.558,36.4358
462.0,923.0,8.4064,37.399,98.5565,184.7836,0.0178,0.0002,99.4194,218.225,48.9,-16.0939,0.0,0.0001,1.8214,-0.0009,6.5312,35.4221,8.3054,27.5588,36.4368
463.0,925.0,8.3982,37.3922,98.5786,185.3676,0.019,0.0002,99.407,218.225,48.9,-16.094,0.0,0.0001,1.821,0.0001,6.5313,35.4219,8.297,27.56,36.4384
464.0,927.0,8.391,37.3867,98.68,185.6964,0.0193,0.0002,99.4128,218.225,48.9,-16.094,0.0,0.0001,1.8217,0.0006,6.53,35.4222,8.2895,27.5614,36.4401
465.0,929.0,8.3968,37.3923,83.1256,185.4884,0.0215,0.0002,99.3889,218.225,48.9,-16.094,0.0,0.0001,1.8219,-0.0002,6.5324,35.4216,8.2951,27.56,36.4385
466.0,931.0,8.387,37.3841,96.814,185.1222,0.0222,0.0002,99.4359,218.2251,48.8999,-16.094,0.0,0.0001,1.8197,-0.0007,6.5357,35.4217,8.2851,27.5617,36.4406
467.0,933.0,8.3793,37.3776,88.7253,184.6721,0.0218,0.0002,99.4431,218.2251,48.8999,-16.094,0.0,0.0001,1.8186,-0.0014,6.5347,35.4212,8.2772,27.5625,36.4417
468.0,935.0,8.3619,37.3625,98.7352,185.3675,0.0246,0.0002,99.4359,218.2251,48.8999,-16.094,0.0,0.0001,1.8191,0.0,6.5332,35.4218,8.2596,27.5656,36.4457
469.0,937.0,8.3535,37.3549,98.68,186.0172,0.0232,0.0002,99.4359,218.2251,48.8999,-16.094,0.0,0.0001,1.8203,0.0011,6.5328,35.4213,8.2511,27.5666,36.447
470.0,939.0,8.3558,37.3579,98.68,185.979,0.0226,0.0002,99.4171,218.2251,48.8999,-16.094,0.0,0.0001,1.8211,0.0002,6.5438,35.4217,8.2534,27.5666,36.4469
471.0,941.0,8.312,37.3157,57.2747,185.6439,0.023,0.0002,99.4527,218.2252,48.8999,-16.094,0.0,0.0001,1.8191,-0.0009,6.5601,35.4197,8.2095,27.5717,36.454
472.0,943.0,8.2315,37.235,98.6778,186.4157,0.0217,0.0002,99.4419,218.2252,48.8999,-16.094,0.0,0.0001,1.8199,0.0006,6.5529,35.4134,8.1293,27.579,36.465
473.0,945.0,8.1996,37.2062,98.68,187.3898,0.0238,0.0002,99.4445,218.2252,48.8999,-16.094,0.0,0.0001,1.8213,0.0018,6.5551,35.4139,8.0975,27.5843,36.4717
474.0,947.0,8.213,37.2207,81.2897,187.575,0.0222,0.0002,99.4416,218.2252,48.8999,-16.094,0.0,0.0001,1.8251,0.001,6.5599,35.4149,8.1105,27.5831,36.4699
475.0,949.0,8.2119,37.2218,98.68,186.9582,0.0215,0.0002,99.439,218.2253,48.8999,-16.0941,0.0,0.0001,1.8243,-0.0004,6.5627,35.4162,8.1092,27.5843,36.4711
476.0,951.0,8.1922,37.2097,98.68,187.2303,0.0199,0.0002,99.4558,218.2253,48.8999,-16.0941,0.0,0.0001,1.8242,0.0002,6.5626,35.4222,8.0894,27.592,36.4797
477.0,953.0,8.1796,37.1977,98.68,187.6634,0.0209,0.0002,99.4453,218.2253,48.8999,-16.0941,0.0,0.0001,1.8254,0.0005,6.5621,35.4212,8.0767,27.5932,36.4814
478.0,955.0,8.1811,37.2029,98.68,187.6886,0.0214,0.0002,99.4463,218.2253,48.8999,-16.0941,0.0,0.0001,1.8266,0.0004,6.5609,35.4242,8.0779,27.5954,36.4835
479.0,957.0,8.1885,37.2126,86.4673,187.4314,0.0262,0.0002,99.4599,218.2254,48.8999,-16.0941,0.0,0.0001,1.826,-0.0002,6.5594,35.4263,8.085,27.5959,36.4837
480.0,959.0,8.1941,37.2221,98.68,187.542,0.0196,0.0002,99.4458,218.2254,48.8999,-16.0941,0.0,0.0001,1.8259,0.0001,6.5575,35.4299,8.0904,27.5979,36.4854
481.0,961.0,8.2088,37.2461,98.68,187.3639,0.021,0.0002,99.447,218.2254,48.8999,-16.0941,0.0,0.0001,1.8256,-0.0003,6.5584,35.4398,8.1048,27.6035,36.4902
482.0,963.0,8.2047,37.2441,60.9218,187.588,0.0209,0.0002,99.4567,218.2254,48.8999,-16.0941,0.0,0.0001,1.8255,0.0001,6.5587,35.4407,8.1004,27.6049,36.4918
483.0,965.0,8.2019,37.2422,91.3591,187.5136,0.0172,0.0002,99.4579,218.2255,48.8999,-16.0941,0.0,0.0001,1.8255,-0.0002,6.5604,35.4405,8.0974,27.6052,36.4922
484.0,967.0,8.192,37.2325,98.6867,187.7062,0.0191,0.0002,99.4522,218.2255,48.8999,-16.0941,0.0,0.0001,1.8253,-0.0001,6.5645,35.4392,8.0874,27.6057,36.4932
485.0,969.0,8.1721,37.2121,98.68,187.5088,0.0222,0.0002,99.4647,218.2255,48.8999,-16.0941,0.0,0.0001,1.8254,-0.0004,6.5669,35.4365,8.0673,27.6066,36.4951
486.0,971.0,8.1643,37.2052,98.68,187.3554,0.0229,0.0002,99.4587,218.2255,48.8999,-16.0942,0.0,0.0001,1.8242,-0.0006,6.5634,35.4364,8.0594,27.6077,36.4965
487.0,973.0,8.1476,37.1893,98.68,188.2042,0.0222,0.0002,99.4591,218.2255,48.8999,-16.0942,0.0,0.0001,1.8254,0.0005,6.5692,35.435,8.0426,27.6092,36.4988
488.0,975.0,8.1466,37.1879,98.68,187.928,0.0199,0.0002,99.468,218.2256,48.8999,-16.0942,0.0,0.0001,1.8252,-0.0004,6.574,35.4336,8.0414,27.6083,36.498
489.0,977.0,8.1111,37.1521,98.68,188.0064,0.0202,0.0002,99.4647,218.2256,48.8999,-16.0942,0.0,0.0001,1.8242,-0.0003,6.5775,35.4303,8.0059,27.611,36.5023
490.0,979.0,8.0946,37.1362,98.68,188.3509,0.0161,0.0002,99.4579,218.2256,48.8998,-16.0942,0.0,0.0001,1.8254,0.0002,6.5802,35.429,7.9893,27.6126,36.5046
491.0,981.0,8.0653,37.1057,98.68,188.8352,0.0187,0.0002,99.4604,218.2256,48.8998,-16.0942,0.0,0.0001,1.8254,0.0005,6.5835,35.4248,7.9599,27.6137,36.5071
492.0,983.0,8.0438,37.083,66.7394,189.1358,0.0216,0.0002,99.4624,218.2257,48.8998,-16.0942,0.0,0.0001,1.8266,0.0004,6.59,35.4212,7.9384,27.6141,36.5086
493.0,985.0,8.0066,37.0431,94.9336,189.6183,0.0194,0.0002,99.4418,218.2257,48.8998,-16.0942,0.0,0.0001,1.8281,0.0007,6.5927,35.4151,7.9012,27.6149,36.5111
494.0,987.0,7.9859,37.0218,98.6862,189.9837,0.0158,0.0002,99.455,218.2257,48.8998,-16.0942,0.0,0.0001,1.83,0.0007,6.5958,35.4121,7.8805,27.6157,36.5129
495.0,989.0,7.979,37.0157,98.68,189.6124,0.0165,0.0002,99.449,218.2257,48.8998,-16.0942,0.0,0.0001,1.8293,-0.0001,6.5957,35.4117,7.8735,27.6164,36.514
496.0,991.0,7.9568,36.9929,98.6814,190.1459,0.0192,0.0002,99.4492,218.2257,48.8998,-16.0942,0.0,0.0001,1.8309,0.0007,6.5936,35.4087,7.8511,27.6174,36.516
497.0,993.0,7.9583,36.9959,98.68,190.4527,0.019,0.0002,99.4461,218.2258,48.8998,-16.0943,0.0,0.0001,1.8321,0.0,6.61,35.4093,7.8524,27.6177,36.5162
498.0,995.0,7.8654,36.8921,82.3398,190.3182,0.0225,0.0002,99.451,218.2258,48.8998,-16.0943,0.0,0.0001,1.8303,-0.0005,6.6209,35.3906,7.76,27.6167,36.5197
499.0,997.0,7.7346,36.7526,93.4956,191.7935,0.0225,0.0002,99.4336,218.2259,48.8998,-16.0943,0.0,0.0001,1.8354,0.0008,6.6267,35.3714,7.6299,27.6209,36.5301
500.0,999.0,7.737,36.7538,98.5687,191.9337,0.0187,0.0002,99.444,218.2259,48.8998,-16.0943,0.0,0.0001,1.8359,0.0004,6.6354,35.3696,7.6321,27.6192,36.5283
501.0,1001.0,7.7111,36.7301,87.7246,191.9026,0.023,0.0002,99.4384,218.226,48.8998,-16.0943,0.0,0.0001,1.8377,-0.0002,6.6324,35.369,7.6061,27.6226,36.5329
502.0,1003.0,7.7101,36.7311,98.68,192.6227,0.0246,0.0002,99.4385,218.226,48.8998,-16.0943,0.0,0.0001,1.8391,0.001,6.6284,35.3703,7.605,27.6238,36.5341
503.0,1005.0,7.7445,36.772,89.3122,192.1694,0.0217,0.0002,99.438,218.2261,48.8998,-16.0944,0.0,0.0001,1.8398,-0.0001,6.6268,35.3787,7.6388,27.6254,36.534
504.0,1007.0,7.7798,36.822,94.738,192.0446,0.0206,0.0002,99.3668,218.2268,48.8997,-16.0946,0.0,0.0001,1.8386,0.0,6.6245,35.3958,7.6736,27.6337,36.5405
505.0,1009.0,7.7733,36.817,92.4017,192.0869,0.0204,0.0003,99.2993,218.2273,48.8996,-16.0947,0.0,0.0001,1.8387,0.0001,6.6245,35.3964,7.6671,27.6351,36.5422
