Datacycle,press,temp,cond,alt,oxygen,fluor,atten,trans,jday,lat,lon,PAR,UPAR,oxV,oxdVdt,oxysat,salin,potemp,sigma0,sigma2
1.0,7.0,15.2318,43.7335,96.8244,243.1183,0.3556,0.0021,94.8171,202.9648,49.4457,-16.9073,0.0,0.0001,2.7,0.0001,5.6432,35.5314,15.2308,26.3306,34.931
2.0,9.0,15.2277,43.7299,95.2118,243.41,0.3863,0.0021,94.8344,202.965,49.4457,-16.9073,0.0,0.0001,2.704,0.0,5.6435,35.5311,15.2264,26.3314,34.9319
3.0,11.0,15.2309,43.7361,91.5311,243.6256,0.3717,0.0021,94.8278,202.965,49.4457,-16.9073,0.0,0.0001,2.7044,0.0004,5.6433,35.5328,15.2292,26.3321,34.9325
4.0,13.0,15.233,43.7392,85.2639,243.1356,0.3553,0.0021,94.8075,202.9651,49.4457,-16.9073,0.0,0.0001,2.7004,-0.001,5.6432,35.533,15.231,26.3318,34.9321
5.0,15.0,15.2303,43.74,98.71,243.8002,0.3795,0.0021,94.8379,202.9651,49.4457,-16.9073,0.0,0.0001,2.704,0.0003,5.6431,35.5353,15.2281,26.3342,34.9346
6.0,17.0,15.2304,43.7425,88.8785,244.0802,0.3694,0.0021,94.8355,202.9652,49.4457,-16.9074,0.0,0.0001,2.7046,0.0007,5.6431,35.5367,15.2278,26.3354,34.9358
7.0,19.0,15.2305,43.7435,98.6922,243.9726,0.386,0.0021,94.8194,202.9653,49.4457,-16.9074,0.0,0.0001,2.7052,-0.0002,5.6431,35.5366,15.2276,26.3353,34.9357
8.0,21.0,15.2307,43.7443,82.6454,243.868,0.3816,0.0021,94.8412,202.9653,49.4457,-16.9074,0.0,0.0001,2.7038,-0.0002,5.643,35.5364,15.2275,26.3352,34.9356
9.0,23.0,15.2313,43.7463,98.71,243.4769,0.4121,0.0021,94.8231,202.9654,49.4457,-16.9074,0.0,0.0001,2.7018,-0.0015,5.643,35.5368,15.2278,26.3355,34.9358
10.0,25.0,15.2313,43.7469,98.71,243.48,0.4029,0.0021,94.8351,202.9654,49.4457,-16.9074,0.0,0.0001,2.6988,-0.0007,5.6429,35.5366,15.2276,26.3354,34.9358
11.0,27.0,15.2313,43.7496,88.2292,244.0348,0.409,0.0021,94.8102,202.9654,49.4457,-16.9074,0.0,0.0001,2.7001,0.0012,5.6429,35.5383,15.2271,26.3367,34.9371
12.0,29.0,15.2306,43.7507,88.3098,243.8604,0.3989,0.0021,94.8257,202.9655,49.4457,-16.9074,0.0,0.0001,2.7006,-0.0001,5.6431,35.5389,15.2262,26.3375,34.9379
13.0,31.0,15.2292,43.751,98.71,243.975,0.3873,0.0021,94.867,202.9655,49.4457,-16.9074,0.0,0.0001,2.701,0.0001,5.6436,35.5397,15.2245,26.3384,34.9389
14.0,33.0,15.2234,43.7479,98.71,243.9142,0.389,0.0021,94.8382,202.9655,49.4457,-16.9074,0.0,0.0001,2.6995,-0.0002,5.6452,35.5415,15.2184,26.3412,34.9418
15.0,35.0,15.2083,43.7334,74.9523,243.8767,0.3823,0.0021,94.8461,202.9656,49.4457,-16.9074,0.0,0.0001,2.6975,-0.0008,5.655,35.5411,15.2029,26.3443,34.9456
16.0,37.0,15.1454,43.6674,92.9572,244.0826,0.4092,0.0021,94.7726,202.9656,49.4457,-16.9074,0.0,0.0001,2.6974,0.0003,5.649,35.5373,15.1398,26.3554,34.9589
17.0,39.0,15.0773,43.6016,97.6069,244.6447,0.4715,0.0022,94.7243,202.9656,49.4457,-16.9074,0.0,0.0001,2.7006,-0.0003,5.6625,35.5384,15.0713,26.3714,34.9774
18.0,41.0,15.0532,43.5786,76.7543,245.0149,0.4676,0.0022,94.6776,202.9657,49.4457,-16.9074,0.0,0.0001,2.699,0.0007,5.6666,35.5385,15.0469,26.3769,34.9837
19.0,43.0,15.0254,43.5521,98.6933,243.9537,0.4652,0.0022,94.6671,202.9657,49.4457,-16.9074,0.0,0.0001,2.695,-0.0023,5.6689,35.5389,15.0189,26.3834,34.9912
20.0,45.0,15.0033,43.5324,88.967,243.9829,0.5111,0.0022,94.6874,202.9657,49.4457,-16.9074,0.0,0.0001,2.6915,-0.0013,5.6718,35.5401,14.9965,26.3893,34.9979
21.0,47.0,14.9838,43.5154,98.7037,243.0827,0.4865,0.0022,94.734,202.9658,49.4457,-16.9074,0.0,0.0001,2.6856,-0.0027,5.6732,35.5416,14.9767,26.3948,35.0041
22.0,49.0,14.9303,43.476,96.6738,243.4577,0.4481,0.0021,94.9116,202.9658,49.4457,-16.9074,0.0,0.0001,2.681,-0.0015,5.6856,35.5535,14.9229,26.4158,35.0269
23.0,51.0,14.8795,43.4333,98.425,240.3879,0.4318,0.002,95.0483,202.9658,49.4457,-16.9074,0.0,0.0001,2.6614,-0.0083,5.7068,35.56,14.8718,26.432,35.0449
24.0,53.0,14.7031,43.2944,98.71,239.4259,0.4418,0.002,94.9954,202.9659,49.4457,-16.9074,0.0,0.0001,2.6514,-0.007,5.6973,35.593,14.6952,26.4962,35.115
25.0,55.0,14.6287,43.2381,78.467,241.3762,0.4466,0.002,95.0918,202.9659,49.4457,-16.9074,0.0,0.0001,2.6538,-0.0002,5.7054,35.6084,14.6205,26.5244,35.1456
26.0,57.0,14.6413,43.2449,98.146,239.5087,0.4354,0.002,95.0932,202.9659,49.4457,-16.9074,0.0,0.0001,2.6399,-0.0059,5.7312,35.6023,14.6328,26.517,35.1379
27.0,59.0,14.4731,43.1061,90.3858,237.8845,0.4176,0.002,95.1292,202.966,49.4457,-16.9074,0.0,0.0001,2.6233,-0.0068,5.7445,35.6277,14.4643,26.5731,35.1998
28.0,61.0,14.2845,42.9244,98.71,238.9905,0.4094,0.0019,95.4125,202.966,49.4457,-16.9074,0.0,0.0001,2.621,-0.0003,5.7368,35.6323,14.2755,26.6172,35.2507
29.0,63.0,14.19,42.8264,98.5892,236.8931,0.3349,0.0018,95.7407,202.966,49.4457,-16.9074,0.0,0.0001,2.596,-0.0101,5.8355,35.6277,14.1809,26.6338,35.2709
30.0,65.0,13.3832,42.0929,93.4175,231.8622,0.2494,0.0015,96.3621,202.9661,49.4457,-16.9074,0.0,0.0001,2.555,-0.0121,5.8291,35.6888,13.374,26.8504,35.5167
31.0,67.0,13.2984,42.0226,82.5164,235.7788,0.2157,0.0015,96.43,202.9661,49.4457,-16.9074,0.0,0.0001,2.5551,-0.0014,5.8675,35.7007,13.289,26.8771,35.5464
32.0,69.0,13.3686,42.0813,96.2318,233.1277,0.2067,0.0014,96.5439,202.9661,49.4457,-16.9074,0.0,0.0001,2.5407,-0.0063,5.8758,35.69,13.359,26.8545,35.5213
33.0,71.0,13.1302,41.8775,93.887,234.4376,0.1455,0.0013,96.861,202.9662,49.4457,-16.9074,0.0,0.0001,2.5375,-0.0007,5.8807,35.719,13.1203,26.9258,35.6012
34.0,73.0,13.1601,41.9054,98.1319,233.5202,0.1373,0.0013,96.8939,202.9662,49.4457,-16.9074,0.0,0.0001,2.532,-0.0025,5.8852,35.7168,13.15,26.918,35.5924
35.0,75.0,13.0868,41.845,98.71,232.0968,0.1119,0.0012,97.1274,202.9662,49.4457,-16.9074,0.0,0.0001,2.5235,-0.0045,5.8848,35.7272,13.0765,26.941,35.618
36.0,77.0,13.1071,41.8781,83.2788,232.672,0.0886,0.0011,97.2305,202.9663,49.4457,-16.9074,0.0,0.0001,2.5214,-0.0014,5.8858,35.7388,13.0964,26.946,35.6221
37.0,79.0,13.1046,41.8766,98.6855,230.7677,0.0816,0.0011,97.3648,202.9663,49.4457,-16.9074,0.0,0.0001,2.5101,-0.0045,5.8889,35.739,13.0937,26.9466,35.6228
38.0,81.0,13.0757,41.8532,91.4617,229.509,0.0728,0.001,97.4216,202.9663,49.4457,-16.9074,0.0,0.0001,2.4983,-0.0043,5.8887,35.743,13.0644,26.9557,35.6329
39.0,83.0,13.0538,41.8301,98.71,230.566,0.0611,0.001,97.5013,202.9664,49.4457,-16.9074,0.0,0.0001,2.4964,-0.0006,5.8972,35.7406,13.0423,26.9583,35.6365
40.0,85.0,13.0314,41.8036,83.4594,231.2615,0.0445,0.001,97.5377,202.9664,49.4457,-16.9074,0.0,0.0001,2.4969,0.0012,5.9018,35.7357,13.0197,26.9591,35.6381
41.0,87.0,12.9705,41.7353,88.4188,232.9126,0.0455,0.001,97.6016,202.9664,49.4457,-16.9074,0.0,0.0001,2.5057,0.0025,5.9077,35.7269,12.9585,26.9647,35.6462
42.0,89.0,12.9411,41.7003,98.695,232.395,0.0497,0.001,97.6255,202.9665,49.4456,-16.9074,0.0,0.0001,2.5063,-0.0002,5.9098,35.7204,12.9288,26.9656,35.6484
43.0,91.0,12.8887,41.6415,98.71,233.1869,0.043,0.001,97.6619,202.9665,49.4456,-16.9074,0.0,0.0001,2.5094,0.0005,5.9155,35.7126,12.8762,26.9702,35.655
44.0,93.0,12.8691,41.6204,98.71,231.7013,0.0362,0.0009,97.6489,202.9665,49.4457,-16.9074,0.0,0.0001,2.5028,-0.0024,5.9151,35.71,12.8563,26.9722,35.6578
45.0,95.0,12.8585,41.6104,92.5772,232.2254,0.0311,0.0009,97.7137,202.9666,49.4456,-16.9074,0.0,0.0001,2.5013,-0.0007,5.921,35.7096,12.8455,26.974,35.6601
46.0,97.0,12.8353,41.5832,95.457,231.6773,0.0351,0.0009,97.7353,202.9666,49.4456,-16.9074,0.0,0.0001,2.4973,-0.0015,5.9218,35.7045,12.822,26.9748,35.6619
47.0,99.0,12.7991,41.5438,98.3369,232.2154,0.0328,0.0009,97.7363,202.9666,49.4456,-16.9074,0.0,0.0001,2.4978,0.0003,5.9221,35.6999,12.7855,26.9785,35.667
48.0,101.0,12.7971,41.5429,85.3444,232.2107,0.033,0.0009,97.7708,202.9667,49.4456,-16.9074,0.0,0.0001,2.496,-0.0007,5.9358,35.7003,12.7833,26.9793,35.6679
49.0,103.0,12.7097,41.4411,92.0272,231.6473,0.0297,0.0009,97.7829,202.9667,49.4456,-16.9074,0.0,0.0001,2.4913,-0.0016,5.9383,35.684,12.6957,26.9842,35.6764
50.0,105.0,12.6637,41.387,98.71,232.2732,0.0295,0.0009,97.8146,202.9667,49.4456,-16.9074,0.0,0.0001,2.4917,0.0005,5.9391,35.6744,12.6494,26.986,35.6801
51.0,107.0,12.6882,41.4179,98.71,232.3297,0.032,0.0009,97.8179,202.9668,49.4456,-16.9074,0.0,0.0001,2.4918,-0.0002,5.9439,35.6804,12.6737,26.9858,35.6788
52.0,109.0,12.6132,41.3327,92.0996,233.1225,0.0314,0.0009,97.8527,202.967,49.4455,-16.9074,0.0,0.0001,2.495,0.0003,5.9512,35.6682,12.5984,26.9913,35.6875
53.0,111.0,12.5916,41.3078,92.7004,233.0267,0.0328,0.0009,97.851,202.9671,49.4455,-16.9074,0.0,0.0001,2.4949,-0.0002,5.9524,35.6642,12.5766,26.9925,35.6895
54.0,113.0,12.5576,41.271,98.71,232.3179,0.0269,0.0008,97.9115,202.9673,49.4455,-16.9074,0.0,0.0001,2.4891,-0.0012,5.9563,35.6597,12.5423,26.9958,35.6943
55.0,115.0,12.5515,41.2648,58.268,231.7312,0.0279,0.0008,97.9073,202.9674,49.4455,-16.9074,0.0,0.0001,2.4839,-0.0014,5.9572,35.6588,12.536,26.9963,35.695
56.0,117.0,12.5496,41.2643,78.0442,230.9645,0.0269,0.0008,97.9024,202.9674,49.4455,-16.9074,0.0,0.0001,2.4779,-0.0018,5.9565,35.6592,12.5338,26.9971,35.6959
57.0,119.0,12.5528,41.2695,98.71,230.1605,0.0286,0.0009,97.8921,202.9674,49.4455,-16.9074,0.0,0.0001,2.4714,-0.0023,5.9569,35.6604,12.5368,26.9975,35.6961
58.0,121.0,12.5481,41.2661,98.705,227.8722,0.0273,0.0009,97.8782,202.9675,49.4455,-16.9074,0.0,0.0001,2.4575,-0.005,5.9575,35.6606,12.5317,26.9986,35.6975
59.0,123.0,12.545,41.2656,89.4939,223.0563,0.0254,0.0008,97.8826,202.9675,49.4455,-16.9074,0.0,0.0001,2.4274,-0.0101,5.9587,35.6622,12.5284,27.0005,35.6995
60.0,125.0,12.5414,41.2633,98.733,218.7448,0.0242,0.0009,97.887,202.9675,49.4455,-16.9074,0.0,0.0001,2.3966,-0.0128,5.9588,35.6626,12.5245,27.0016,35.7006
61.0,127.0,12.4873,41.2014,98.71,222.2147,0.025,0.0009,97.8671,202.9676,49.4455,-16.9074,0.0,0.0001,2.394,-0.0001,5.967,35.6529,12.4702,27.0048,35.7061
62.0,129.0,12.4836,41.2033,98.71,224.0432,0.024,0.0009,97.8547,202.9676,49.4455,-16.9073,0.0,0.0001,2.3997,0.002,5.9821,35.6576,12.4663,27.0092,35.7106
63.0,131.0,12.3686,41.0641,81.0046,227.8193,0.027,0.0009,97.8318,202.9676,49.4454,-16.9073,0.0,0.0001,2.4176,0.0079,5.981,35.6312,12.3511,27.0113,35.7176
64.0,133.0,12.3289,41.0199,97.1974,228.3163,0.0249,0.0009,97.8042,202.9677,49.4454,-16.9073,0.0,0.0001,2.4298,0.0034,5.9875,35.6248,12.3111,27.0142,35.7221
65.0,135.0,12.318,41.0072,98.71,229.5391,0.0296,0.0009,97.786,202.9677,49.4454,-16.9073,0.0,0.0001,2.4382,0.0033,5.9962,35.6221,12.3,27.0143,35.7227
66.0,137.0,12.2552,40.9345,84.4836,231.1829,0.0308,0.0009,97.7832,202.9677,49.4454,-16.9073,0.0,0.0001,2.4488,0.0043,5.9958,35.6103,12.237,27.0174,35.7284
67.0,139.0,12.2168,40.8931,70.2571,231.1738,0.0312,0.0009,97.7706,202.9678,49.4454,-16.9073,0.0,0.0001,2.454,0.0017,5.9982,35.6057,12.1983,27.0213,35.7339
68.0,141.0,12.2315,40.9103,93.7924,232.057,0.0331,0.0009,97.7628,202.9678,49.4454,-16.9073,0.0,0.0001,2.4581,0.0019,6.0074,35.6077,12.2128,27.0201,35.7321
69.0,143.0,12.1597,40.8286,96.2512,234.6722,0.036,0.0009,97.7292,202.9678,49.4454,-16.9073,0.0,0.0001,2.4726,0.0053,6.0067,35.5953,12.1408,27.0245,35.7395
70.0,145.0,12.1556,40.8278,98.71,234.4604,0.0324,0.0011,97.4813,202.9679,49.4454,-16.9073,0.0,0.0001,2.4779,0.0019,6.0085,35.5976,12.1364,27.0271,35.7422
71.0,147.0,12.1692,40.8421,98.71,234.6183,0.0345,0.0009,97.724,202.9679,49.4454,-16.9073,0.0,0.0001,2.4798,0.0007,6.0136,35.5981,12.1498,27.0249,35.7395
72.0,149.0,12.121,40.7891,98.71,235.7387,0.0286,0.0009,97.7849,202.9679,49.4454,-16.9073,0.0,0.0001,2.485,0.0023,6.0142,35.5914,12.1014,27.0291,35.7457
73.0,151.0,12.1071,40.7759,98.3897,236.1582,0.0288,0.0009,97.7496,202.968,49.4454,-16.9073,0.0,0.0001,2.4893,0.0012,6.0192,35.5908,12.0872,27.0313,35.7485
74.0,153.0,12.0668,40.7292,79.4511,236.9887,0.0275,0.0009,97.7829,202.968,49.4454,-16.9073,0.0,0.0001,2.4934,0.0016,6.0238,35.5827,12.0467,27.0329,35.7518
75.0,155.0,12.0452,40.705,94.7754,237.6773,0.0315,0.0009,97.7124,202.968,49.4454,-16.9073,0.0,0.0001,2.4978,0.0018,6.0256,35.5788,12.0248,27.034,35.7538
76.0,157.0,12.0139,40.67,98.71,238.1172,0.0288,0.0009,97.7877,202.9681,49.4454,-16.9073,0.0,0.0001,2.5016,0.0012,6.0282,35.5736,11.9933,27.0361,35.7572
77.0,159.0,12.0131,40.6698,85.7914,238.0276,0.0294,0.0009,97.736,202.9681,49.4454,-16.9073,0.0,0.0001,2.5028,0.0,6.0297,35.5734,11.9923,27.0361,35.7573
78.0,161.0,11.9983,40.653,98.71,238.8031,0.0302,0.0009,97.7572,202.9681,49.4454,-16.9073,0.0,0.0001,2.5059,0.0014,6.0286,35.57,11.9773,27.0364,35.7582
79.0,163.0,12.0011,40.6575,98.71,238.2239,0.0401,0.0009,97.7555,202.9682,49.4454,-16.9073,0.0,0.0001,2.5051,-0.0005,6.029,35.5709,11.9797,27.0367,35.7583
80.0,165.0,12.0018,40.6621,86.6129,237.6771,0.0307,0.0009,97.7901,202.9682,49.4454,-16.9073,0.0,0.0001,2.5015,-0.0015,6.0307,35.5738,11.9802,27.0388,35.7604
81.0,167.0,11.9939,40.6552,98.71,237.4481,0.0321,0.0009,97.7901,202.9683,49.4454,-16.9073,0.0,0.0001,2.4981,-0.0012,6.0319,35.5738,11.972,27.0404,35.7623
82.0,169.0,11.9792,40.639,98.5343,237.9652,0.0315,0.0009,97.7783,202.9683,49.4454,-16.9073,0.0,0.0001,2.4987,0.0003,6.0309,35.5709,11.9571,27.0409,35.7635
83.0,171.0,11.9834,40.6442,98.71,237.7488,0.0294,0.0009,97.7939,202.9683,49.4454,-16.9072,0.0,0.0001,2.4976,-0.0008,6.0369,35.5713,11.961,27.0406,35.763
84.0,173.0,11.9434,40.6017,41.1675,235.2871,0.0299,0.0009,97.7518,202.9684,49.4454,-16.9073,0.0,0.0001,2.4856,-0.0052,6.0419,35.5671,11.9208,27.0449,35.769
85.0,175.0,11.9079,40.5642,98.7079,235.1185,0.0313,0.0009,97.7612,202.9684,49.4454,-16.9072,0.0,0.0001,2.4793,-0.003,6.0387,35.5632,11.8851,27.0488,35.7743
86.0,177.0,11.9082,40.5659,94.9082,235.7572,0.0296,0.0009,97.754,202.9684,49.4454,-16.9072,0.0,0.0001,2.4776,-0.0007,6.0423,35.5637,11.8851,27.0492,35.7747
87.0,179.0,11.9008,40.5614,84.2673,234.9778,0.0277,0.0009,97.7197,202.9685,49.4454,-16.9072,0.0,0.0001,2.4721,-0.0016,6.0423,35.5654,11.8774,27.052,35.7778
88.0,181.0,11.9021,40.5654,98.71,234.5768,0.029,0.0009,97.7744,202.9685,49.4453,-16.9072,0.0,0.0001,2.4689,-0.0016,6.0428,35.5673,11.8785,27.0532,35.7789
89.0,183.0,11.8972,40.5616,98.71,234.2213,0.0281,0.0009,97.7612,202.9685,49.4453,-16.9072,0.0,0.0001,2.4641,-0.0013,6.0439,35.5673,11.8733,27.0542,35.7802
90.0,185.0,11.8636,40.5261,98.71,234.9674,0.0297,0.0009,97.7347,202.9686,49.4453,-16.9072,0.0,0.0001,2.4647,0.0003,6.049,35.5636,11.8394,27.0578,35.7852
91.0,187.0,11.8563,40.5177,75.778,235.0105,0.0311,0.0009,97.7199,202.9686,49.4453,-16.9072,0.0,0.0001,2.464,-0.0003,6.0555,35.5616,11.832,27.0577,35.7854
92.0,189.0,11.8021,40.4577,96.7592,235.7673,0.0288,0.0009,97.7323,202.9686,49.4453,-16.9072,0.0,0.0001,2.4661,0.0012,6.055,35.5537,11.7776,27.0619,35.7918
93.0,191.0,11.8063,40.4657,98.71,235.557,0.027,0.0009,97.7232,202.9687,49.4453,-16.9072,0.0,0.0001,2.4668,0.0002,6.0535,35.5566,11.7815,27.0634,35.7932
94.0,193.0,11.8167,40.4824,77.7487,233.889,0.0277,0.0009,97.7541,202.9687,49.4453,-16.9072,0.0,0.0001,2.4599,-0.0026,6.0521,35.5621,11.7917,27.0658,35.795
95.0,195.0,11.8284,40.5017,87.8291,232.7545,0.0265,0.0009,97.7534,202.9687,49.4453,-16.9072,0.0,0.0001,2.4501,-0.0025,6.0502,35.569,11.8031,27.069,35.7977
96.0,197.0,11.838,40.5159,96.4764,232.3972,0.0277,0.0009,97.7554,202.9688,49.4453,-16.9072,0.0,0.0001,2.4454,-0.002,6.0506,35.5728,11.8124,27.0701,35.7984
97.0,199.0,11.8436,40.5237,98.705,232.9501,0.0281,0.0009,97.7706,202.9688,49.4453,-16.9071,0.0,0.0001,2.445,0.0,6.0496,35.5742,11.8177,27.0702,35.7983
98.0,201.0,11.843,40.523,52.0143,232.1715,0.022,0.0009,97.7901,202.9688,49.4453,-16.9071,0.0,0.0001,2.4418,-0.0016,6.0491,35.5734,11.8168,27.0698,35.7979
99.0,203.0,11.8482,40.5316,86.4323,231.8826,0.0259,0.0009,97.7901,202.9689,49.4453,-16.9071,0.0,0.0001,2.4382,-0.0014,6.0509,35.576,11.8218,27.0708,35.7987
100.0,205.0,11.8291,40.5108,98.8171,232.6068,0.0239,0.0009,97.7867,202.9689,49.4453,-16.9071,0.0,0.0001,2.4384,0.0003,6.055,35.5729,11.8025,27.0721,35.8007
101.0,207.0,11.7935,40.4707,98.695,233.2195,0.0237,0.0009,97.757,202.9689,49.4454,-16.9071,0.0,0.0001,2.4404,0.0006,6.0621,35.5666,11.7667,27.074,35.8042
102.0,209.0,11.7463,40.4169,98.71,233.5992,0.022,0.0009,97.7205,202.969,49.4454,-16.9071,0.0,0.0001,2.4415,0.0004,6.069,35.558,11.7192,27.0763,35.8085
103.0,211.0,11.6948,40.3588,83.156,234.3432,0.0258,0.0009,97.7333,202.969,49.4454,-16.9071,0.0,0.0001,2.4447,0.0011,6.0725,35.5492,11.6675,27.0793,35.8137
104.0,213.0,11.6718,40.3327,98.71,234.2592,0.0257,0.0009,97.7323,202.969,49.4454,-16.9071,0.0,0.0001,2.4457,0.0001,6.0733,35.5447,11.6444,27.0802,35.8155
105.0,215.0,11.6688,40.3306,68.5251,234.5237,0.0252,0.0009,97.784,202.9691,49.4454,-16.907,0.0,0.0001,2.4469,0.0004,6.073,35.5446,11.641,27.0807,35.8162
106.0,217.0,11.6714,40.3349,94.8028,233.848,0.0233,0.0009,97.7901,202.9691,49.4454,-16.907,0.0,0.0001,2.4449,-0.0007,6.0668,35.5455,11.6435,27.081,35.8164
107.0,219.0,11.7053,40.3821,98.71,234.116,0.026,0.0009,97.7773,202.9691,49.4454,-16.907,0.0,0.0001,2.4444,0.0001,6.0686,35.5586,11.677,27.0848,35.8187
108.0,221.0,11.7332,40.418,98.71,234.0415,0.0245,0.0009,97.7708,202.9692,49.4454,-16.907,0.0,0.0001,2.4452,0.0002,6.061,35.5664,11.7046,27.0856,35.8183
109.0,223.0,11.7689,40.4672,98.5733,234.7939,0.0209,0.0009,97.7612,202.9692,49.4454,-16.907,0.0,0.0001,2.4476,0.001,6.0647,35.5794,11.74,27.0891,35.8201
110.0,225.0,11.7306,40.423,98.71,234.6175,0.0254,0.0009,97.714,202.9692,49.4454,-16.907,0.0,0.0001,2.4482,0.0004,6.0623,35.5718,11.7015,27.0904,35.8231
111.0,227.0,11.732,40.4259,81.4811,234.331,0.0307,0.0009,97.7393,202.9693,49.4454,-16.907,0.0,0.0001,2.4467,-0.0005,6.0632,35.5726,11.7026,27.0909,35.8235
112.0,229.0,11.7392,40.4402,92.6733,234.2056,0.0498,0.0009,97.7395,202.9693,49.4453,-16.9069,0.0,0.0001,2.4452,-0.0006,6.0629,35.5788,11.7095,27.0944,35.8267
113.0,231.0,11.7544,40.459,95.318,234.7242,0.0292,0.0009,97.7548,202.9693,49.4453,-16.9069,0.0,0.0001,2.4477,0.0008,6.0587,35.5817,11.7244,27.0938,35.8254
114.0,233.0,11.7707,40.4828,98.5976,233.2541,0.0253,0.0009,97.7612,202.9694,49.4453,-16.9069,0.0,0.0001,2.443,-0.0021,6.0541,35.5888,11.7404,27.0963,35.8272
115.0,235.0,11.8051,40.5273,98.6987,233.0096,0.0238,0.0009,97.7161,202.9694,49.4453,-16.9069,0.0,0.0001,2.4386,-0.0011,6.0519,35.5987,11.7745,27.0975,35.8269
116.0,237.0,11.8153,40.541,98.7059,233.4196,0.0248,0.0009,97.7313,202.9694,49.4453,-16.9069,0.0,0.0001,2.4389,0.0001,6.0508,35.6015,11.7844,27.0978,35.8268
117.0,239.0,11.829,40.56,40.6997,233.9594,0.0205,0.0009,97.7646,202.9695,49.4453,-16.9069,0.0,0.0001,2.4412,0.001,6.0499,35.6061,11.7979,27.0988,35.8272
118.0,241.0,11.8342,40.5667,95.6025,234.326,0.023,0.0009,97.7612,202.9695,49.4453,-16.9069,0.0,0.0001,2.444,0.0008,6.0499,35.607,11.8028,27.0986,35.8268
119.0,243.0,11.8335,40.5673,98.68,234.0922,0.0223,0.0009,97.7612,202.9695,49.4453,-16.9068,0.0,0.0001,2.4439,-0.0004,6.0517,35.6074,11.8019,27.099,35.8273
120.0,245.0,11.8198,40.552,98.71,234.7881,0.0226,0.0009,97.6955,202.9696,49.4453,-16.9068,0.0,0.0001,2.4461,0.0009,6.0522,35.6044,11.7879,27.0994,35.8282
121.0,247.0,11.8151,40.547,63.1232,234.8366,0.0205,0.0009,97.7323,202.9696,49.4453,-16.9068,0.0,0.0001,2.4475,0.0003,6.0527,35.6031,11.7829,27.0993,35.8283
122.0,249.0,11.8089,40.54,97.7807,235.0493,0.0234,0.0009,97.7291,202.9697,49.4453,-16.9068,0.0,0.0001,2.4476,-0.0002,6.0611,35.6014,11.7765,27.0992,35.8285
123.0,251.0,11.7441,40.4616,98.71,235.827,0.0229,0.0009,97.7188,202.9697,49.4453,-16.9068,0.0,0.0001,2.4482,0.0008,6.07,35.5853,11.7115,27.0991,35.8312
124.0,253.0,11.6817,40.3927,98.71,236.0837,0.0227,0.0009,97.7034,202.9697,49.4453,-16.9068,0.0,0.0001,2.4514,0.0008,6.0671,35.5764,11.649,27.104,35.8387
125.0,255.0,11.651,40.3583,79.4106,236.4015,0.0226,0.0009,97.6831,202.9698,49.4453,-16.9068,0.0,0.0001,2.4525,0.0002,6.0755,35.5711,11.6181,27.1057,35.8417
126.0,257.0,11.64,40.3455,98.71,236.6076,0.0245,0.001,97.5811,202.9698,49.4453,-16.9067,0.0,0.0001,2.4526,0.0005,6.075,35.5682,11.6068,27.1056,35.8421
127.0,259.0,11.64,40.3467,98.71,236.4151,0.0222,0.0009,97.6778,202.9698,49.4453,-16.9067,0.0,0.0001,2.4524,-0.0001,6.075,35.5684,11.6066,27.1058,35.8423
128.0,261.0,11.6411,40.3486,98.71,236.6683,0.0216,0.0009,97.695,202.9698,49.4453,-16.9067,0.0,0.0001,2.453,0.0002,6.0769,35.5685,11.6074,27.1057,35.8422
129.0,263.0,11.6252,40.331,63.3292,236.4198,0.0252,0.0009,97.6923,202.9699,49.4453,-16.9067,0.0,0.0001,2.4516,-0.0006,6.0787,35.5655,11.5913,27.1064,35.8436
130.0,265.0,11.6208,40.3267,95.4106,235.8214,0.0226,0.0009,97.7034,202.9699,49.4452,-16.9067,0.0,0.0001,2.4481,-0.0016,6.0789,35.5648,11.5867,27.1067,35.8441
131.0,267.0,11.6186,40.3253,98.7208,236.5048,0.0217,0.0009,97.7066,202.9699,49.4452,-16.9067,0.0,0.0001,2.4481,0.0003,6.0784,35.5644,11.5842,27.1069,35.8444
132.0,269.0,11.6231,40.3323,92.5538,235.9751,0.024,0.0009,97.706,202.97,49.4452,-16.9066,0.0,0.0001,2.4477,-0.0006,6.0717,35.5661,11.5884,27.1074,35.8447
133.0,271.0,11.6985,40.4315,98.71,232.4551,0.0225,0.0009,97.7034,202.97,49.4452,-16.9066,0.0,0.0001,2.4358,-0.0074,6.0718,35.5906,11.6634,27.1123,35.8463
134.0,273.0,11.6986,40.4319,98.7081,232.9291,0.023,0.0009,97.7084,202.97,49.4452,-16.9066,0.0,0.0001,2.4316,-0.004,6.0694,35.5901,11.6632,27.1119,35.8459
135.0,275.0,11.6929,40.4251,98.7062,233.9211,0.024,0.0009,97.7017,202.9701,49.4452,-16.9066,0.0,0.0001,2.4303,-0.0003,6.0685,35.5881,11.6573,27.1115,35.8457
136.0,277.0,11.6985,40.4333,77.1469,232.9384,0.0266,0.0009,97.7034,202.9701,49.4452,-16.9066,0.0,0.0001,2.4261,-0.002,6.0679,35.5899,11.6626,27.1119,35.8459
137.0,279.0,11.698,40.434,98.71,233.1959,0.0262,0.0009,97.7034,202.9702,49.4452,-16.9065,0.0,0.0001,2.4239,-0.0006,6.0681,35.59,11.6619,27.1121,35.8461
138.0,281.0,11.696,40.4323,48.4487,233.1424,0.0241,0.0009,97.6761,202.9702,49.4452,-16.9065,0.0,0.0001,2.4227,-0.0005,6.0692,35.5893,11.6596,27.112,35.8462
139.0,283.0,11.6616,40.3936,93.0987,233.0573,0.023,0.0009,97.6991,202.9702,49.4452,-16.9065,0.0,0.0001,2.4198,-0.001,6.0777,35.5834,11.625,27.114,35.8496
140.0,285.0,11.6238,40.349,98.71,232.8865,0.0215,0.0009,97.7034,202.9703,49.4452,-16.9065,0.0,0.0001,2.4176,-0.0005,6.0759,35.5749,11.587,27.1145,35.8517
141.0,287.0,11.6172,40.3424,98.71,233.0085,0.0233,0.0009,97.69,202.9703,49.4452,-16.9065,0.0,0.0001,2.4169,-0.0005,6.0823,35.5738,11.5802,27.1149,35.8524
142.0,289.0,11.5946,40.3146,98.5958,233.1142,0.0253,0.0009,97.6871,202.9703,49.4452,-16.9064,0.0,0.0001,2.4143,-0.0006,6.0948,35.5672,11.5574,27.1141,35.8526
143.0,291.0,11.5005,40.2069,98.695,234.2992,0.025,0.0009,97.7063,202.9704,49.4452,-16.9064,0.0,0.0001,2.4174,0.0015,6.0959,35.5503,11.4633,27.1186,35.8612
144.0,293.0,11.4825,40.1861,98.71,234.0022,0.0228,0.0009,97.7045,202.9704,49.4452,-16.9064,0.0,0.0001,2.4175,0.0,6.0986,35.546,11.445,27.1187,35.862
145.0,295.0,11.4713,40.1742,73.2388,234.3113,0.0257,0.0009,97.7054,202.9704,49.4452,-16.9064,0.0,0.0001,2.4176,0.0004,6.0989,35.544,11.4336,27.1193,35.8631
146.0,297.0,11.471,40.1751,95.8243,234.3034,0.0194,0.0009,97.7043,202.9705,49.4452,-16.9064,0.0,0.0001,2.4194,0.0002,6.0973,35.5442,11.433,27.1196,35.8634
147.0,299.0,11.5213,40.2387,98.71,234.0569,0.0181,0.0009,97.7034,202.9705,49.4452,-16.9064,0.0,0.0001,2.4187,0.0,6.0893,35.5578,11.4829,27.1208,35.8624
148.0,301.0,11.5278,40.2495,77.5311,232.9342,0.0216,0.0009,97.6904,202.9705,49.4452,-16.9063,0.0,0.0001,2.4134,-0.0023,6.0958,35.5616,11.4891,27.1226,35.8639
149.0,303.0,11.4988,40.2148,88.1206,233.4536,0.0194,0.0009,97.709,202.9706,49.4452,-16.9063,0.0,0.0001,2.4118,-0.0002,6.0953,35.5542,11.46,27.1222,35.8649
150.0,305.0,11.4954,40.2131,98.71,233.6319,0.0234,0.0009,97.7034,202.9706,49.4452,-16.9063,0.0,0.0001,2.4123,0.0003,6.0939,35.5548,11.4563,27.1235,35.8662
151.0,307.0,11.5043,40.2251,34.6954,233.1387,0.0219,0.0009,97.7034,202.9706,49.4452,-16.9063,0.0,0.0001,2.4109,-0.0012,6.0975,35.5574,11.465,27.1238,35.8662
152.0,309.0,11.4871,40.2059,91.5993,232.9408,0.0182,0.0009,97.6979,202.9707,49.4452,-16.9063,0.0,0.0001,2.4078,-0.0011,6.0985,35.554,11.4475,27.1244,35.8676
153.0,311.0,11.4719,40.1898,97.6057,233.5046,0.0219,0.0009,97.7026,202.9707,49.4452,-16.9063,0.0,0.0001,2.4074,0.0,6.1038,35.5517,11.4321,27.1255,35.8693
154.0,313.0,11.4248,40.1352,98.7048,233.5688,0.0183,0.0009,97.6962,202.9707,49.4452,-16.9062,0.0,0.0001,2.4059,-0.0003,6.1132,35.5421,11.3848,27.1269,35.8727
155.0,315.0,11.3434,40.0378,71.2651,233.0091,0.0194,0.0009,97.7141,202.9708,49.4452,-16.9062,0.0,0.0001,2.4021,-0.0018,6.1223,35.5228,11.3033,27.1271,35.8764
156.0,317.0,11.3012,39.9888,88.2356,232.7392,0.0228,0.0009,97.7138,202.9708,49.4452,-16.9062,0.0,0.0001,2.3985,-0.0012,6.1218,35.5139,11.2609,27.1279,35.8791
157.0,319.0,11.2665,39.9488,98.7291,233.2219,0.0203,0.0009,97.691,202.9708,49.4452,-16.9062,0.0,0.0001,2.3986,0.0002,6.1208,35.5067,11.226,27.1288,35.8815
158.0,321.0,11.2749,39.9567,98.7071,231.4982,0.0221,0.0009,97.7075,202.9709,49.4452,-16.9061,0.0,0.0001,2.3904,-0.0037,6.1339,35.5057,11.2343,27.1265,35.8789
159.0,323.0,11.218,39.8938,16.4576,230.1614,0.0188,0.0009,97.7146,202.9709,49.4452,-16.9061,0.0,0.0001,2.3797,-0.0038,6.1336,35.4969,11.1772,27.1302,35.885
160.0,325.0,11.2125,39.8886,92.4539,231.2491,0.0215,0.0009,97.7059,202.9709,49.4452,-16.9061,0.0,0.0001,2.3792,-0.0004,6.1343,35.4961,11.1714,27.1306,35.8857
161.0,327.0,11.2111,39.8873,98.6962,230.1361,0.024,0.0009,97.7034,202.971,49.4452,-16.9061,0.0,0.0001,2.3735,-0.0025,6.1385,35.4955,11.1698,27.1304,35.8856
162.0,329.0,11.1865,39.8599,98.71,228.8191,0.0241,0.0009,97.7161,202.971,49.4452,-16.9061,0.0,0.0001,2.3673,-0.0037,6.1354,35.4909,11.145,27.1314,35.8876
163.0,331.0,11.1867,39.861,94.3455,229.7702,0.0207,0.0009,97.7097,202.971,49.4452,-16.9061,0.0,0.0001,2.3655,-0.0004,6.1346,35.4909,11.145,27.1315,35.8877
164.0,333.0,11.2125,39.8943,82.5555,228.9065,0.0213,0.0009,97.723,202.9711,49.4452,-16.906,0.0,0.0001,2.3617,-0.0016,6.1326,35.4985,11.1705,27.1326,35.8877
165.0,335.0,11.2253,39.914,98.6991,228.5787,0.0225,0.0009,97.7154,202.9711,49.4452,-16.906,0.0,0.0001,2.3573,-0.0013,6.1342,35.5047,11.1829,27.1352,35.8897
166.0,337.0,11.2108,39.8981,73.0293,228.7399,0.0199,0.0009,97.7256,202.9712,49.4452,-16.906,0.0,0.0001,2.3559,-0.0005,6.1354,35.5019,11.1682,27.1358,35.8909
167.0,339.0,11.202,39.8885,87.6966,228.1291,0.0239,0.0009,97.7323,202.9712,49.4452,-16.906,0.0,0.0001,2.3529,-0.0011,6.1311,35.5,11.1592,27.1359,35.8914
168.0,341.0,11.2389,39.938,98.71,228.7424,0.0227,0.0009,97.7226,202.9712,49.4452,-16.906,0.0,0.0001,2.3532,0.0003,6.1324,35.5127,11.1958,27.1391,35.8929
169.0,343.0,11.2394,39.938,98.7,229.1371,0.0221,0.0009,97.7178,202.9712,49.4452,-16.906,0.0,0.0001,2.357,0.0011,6.1263,35.5115,11.196,27.1381,35.892
170.0,345.0,11.2713,39.9823,98.71,230.8668,0.0198,0.0009,97.7203,202.9713,49.4451,-16.906,0.0,0.0001,2.3641,0.0032,6.1234,35.5238,11.2276,27.1418,35.8942
171.0,347.0,11.2884,40.0045,98.71,230.5076,0.0203,0.0009,97.7085,202.9713,49.4451,-16.906,0.0,0.0001,2.3675,0.0009,6.124,35.5285,11.2444,27.1424,35.894
172.0,349.0,11.2904,40.0083,76.8795,229.7778,0.0208,0.0009,97.7126,202.9714,49.4451,-16.9059,0.0,0.0001,2.3643,-0.0007,6.1251,35.5292,11.2461,27.1426,35.8942
173.0,351.0,11.2861,40.0031,98.6971,229.1788,0.0232,0.001,97.6774,202.9714,49.4451,-16.9059,0.0,0.0001,2.3608,-0.0017,6.1287,35.5276,11.2416,27.1422,35.894
174.0,353.0,11.2606,39.974,92.7684,225.975,0.022,0.0009,97.7097,202.9714,49.4451,-16.9059,0.0,0.0001,2.3491,-0.0069,6.1265,35.5224,11.2159,27.1429,35.8958
175.0,355.0,11.2552,39.9688,98.5387,226.1926,0.0227,0.0009,97.6886,202.9714,49.4451,-16.9059,0.0,0.0001,2.3389,-0.003,6.1282,35.5213,11.2102,27.1431,35.8963
176.0,357.0,11.2543,39.9693,98.7037,223.834,0.0221,0.0009,97.6976,202.9715,49.4451,-16.9059,0.0,0.0001,2.3249,-0.0051,6.1291,35.522,11.2091,27.1438,35.897
177.0,359.0,11.2472,39.9634,98.692,223.39,0.0199,0.0009,97.6871,202.9715,49.4451,-16.9059,0.0,0.0001,2.3152,-0.0032,6.1304,35.5221,11.2017,27.1453,35.8987
178.0,361.0,11.2389,39.955,80.8606,226.0788,0.0203,0.0009,97.6912,202.9715,49.445,-16.9059,0.0,0.0001,2.3211,0.0029,6.1299,35.5209,11.1932,27.1459,35.8997
179.0,363.0,11.2407,39.9589,94.2534,225.9228,0.0203,0.0009,97.7047,202.9716,49.445,-16.9058,0.0,0.0001,2.3266,0.0002,6.1296,35.5221,11.1947,27.1466,35.9003
180.0,365.0,11.2445,39.9653,98.6969,223.6625,0.0221,0.0009,97.6939,202.9716,49.445,-16.9058,0.0,0.0001,2.3177,-0.0036,6.1299,35.5239,11.1983,27.1473,35.9009
181.0,367.0,11.2409,39.9628,98.403,222.554,0.021,0.0009,97.6907,202.9716,49.445,-16.9058,0.0,0.0001,2.3097,-0.0041,6.1296,35.524,11.1944,27.1481,35.9019
182.0,369.0,11.2396,39.9634,98.7071,222.9613,0.0218,0.0009,97.6644,202.9717,49.445,-16.9058,0.0,0.0001,2.3059,-0.0015,6.1302,35.525,11.1929,27.1491,35.9029
183.0,371.0,11.2375,39.9624,77.4527,222.6466,0.0191,0.0009,97.6635,202.9717,49.445,-16.9058,0.0,0.0001,2.3007,-0.001,6.1317,35.5251,11.1905,27.1497,35.9036
184.0,373.0,11.2263,39.951,93.2946,223.6432,0.0202,0.0009,97.6714,202.9718,49.445,-16.9058,0.0,0.0001,2.3033,0.0009,6.1322,35.5235,11.179,27.1506,35.9049
185.0,375.0,11.2223,39.947,98.6987,223.982,0.02,0.0009,97.6766,202.9718,49.445,-16.9058,0.0,0.0001,2.3063,0.0006,6.1343,35.5225,11.1748,27.1506,35.9051
186.0,377.0,11.2066,39.9304,98.7025,224.2036,0.022,0.0009,97.6861,202.9718,49.445,-16.9058,0.0,0.0001,2.3074,0.0006,6.135,35.5202,11.1589,27.1517,35.907
187.0,379.0,11.2033,39.9277,59.2189,222.58,0.0196,0.0009,97.6746,202.9719,49.445,-16.9057,0.0,0.0001,2.3017,-0.0028,6.1354,35.5199,11.1553,27.1521,35.9075
188.0,381.0,11.1996,39.9253,85.594,221.3805,0.021,0.0009,97.6746,202.9719,49.445,-16.9057,0.0,0.0001,2.2922,-0.0029,6.1354,35.5202,11.1514,27.1531,35.9086
189.0,383.0,11.2002,39.9271,98.6884,221.4609,0.0214,0.0009,97.6708,202.9719,49.445,-16.9057,0.0,0.0001,2.2883,-0.0011,6.1346,35.5205,11.1517,27.1533,35.9088
190.0,385.0,11.2063,39.9362,98.6974,221.9323,0.0203,0.0009,97.6746,202.9719,49.445,-16.9057,0.0,0.0001,2.2889,0.0003,6.1309,35.5229,11.1576,27.1541,35.9093
191.0,387.0,11.2351,39.9744,98.6935,223.6926,0.0224,0.001,97.5773,202.972,49.445,-16.9057,0.0,0.0001,2.2966,0.003,6.1268,35.5322,11.1861,27.156,35.91
192.0,389.0,11.2657,40.0158,83.4596,225.5074,0.0221,0.001,97.6652,202.972,49.4449,-16.9057,0.0,0.0001,2.3087,0.0041,6.1245,35.5429,11.2163,27.1588,35.9114
193.0,391.0,11.2758,40.03,98.6969,226.4098,0.0231,0.001,97.6432,202.9721,49.4449,-16.9057,0.0,0.0001,2.3182,0.003,6.1256,35.5464,11.2261,27.1597,35.9119
194.0,393.0,11.2775,40.0336,98.7006,225.9848,0.02,0.001,97.5951,202.9721,49.4449,-16.9057,0.0,0.0001,2.3206,0.0006,6.1229,35.5476,11.2275,27.1604,35.9124
195.0,395.0,11.2878,40.049,98.6969,227.6917,0.0189,0.001,97.6312,202.9721,49.4449,-16.9056,0.0,0.0001,2.3269,0.0033,6.1229,35.552,11.2375,27.162,35.9136
196.0,397.0,11.2837,40.0452,83.6079,227.4699,0.0209,0.001,97.6345,202.9722,49.4449,-16.9056,0.0,0.0001,2.3301,0.0012,6.1237,35.5511,11.2331,27.1621,35.9139
197.0,399.0,11.2818,40.0433,98.7003,227.1362,0.0207,0.001,97.6216,202.9722,49.4449,-16.9056,0.0,0.0001,2.3303,0.0,6.1242,35.5504,11.2311,27.1619,35.9138
198.0,401.0,11.2763,40.0385,85.3477,227.5272,0.0248,0.001,97.6244,202.9722,49.4449,-16.9056,0.0,0.0001,2.3312,0.0005,6.1243,35.5499,11.2252,27.1626,35.9147
199.0,403.0,11.2764,40.0397,93.1464,227.7677,0.0229,0.001,97.6168,202.9723,49.4449,-16.9056,0.0,0.0001,2.3322,0.0007,6.1246,35.55,11.225,27.1627,35.9148
200.0,405.0,11.263,40.0248,98.7025,227.6268,0.0212,0.001,97.6204,202.9723,49.4449,-16.9056,0.0,0.0001,2.3322,-0.0001,6.1264,35.5472,11.2115,27.163,35.9158
201.0,407.0,11.2599,40.0219,98.7025,226.0523,0.0211,0.001,97.6132,202.9723,49.4449,-16.9056,0.0,0.0001,2.3255,-0.0029,6.1302,35.5466,11.2082,27.1632,35.9161
202.0,409.0,11.2353,39.9949,76.9335,225.6461,0.0205,0.001,97.6201,202.9724,49.4449,-16.9056,0.0,0.0001,2.3195,-0.0021,6.132,35.5427,11.1834,27.1647,35.9186
203.0,411.0,11.221,39.9794,98.6943,225.4567,0.0213,0.001,97.624,202.9724,49.4449,-16.9055,0.0,0.0001,2.3159,-0.0016,6.1305,35.5402,11.1688,27.1654,35.92
204.0,413.0,11.2209,39.9804,83.3116,225.9064,0.0228,0.001,97.6212,202.9724,49.4449,-16.9055,0.0,0.0001,2.3157,-0.0003,6.1317,35.5403,11.1685,27.1656,35.9201
205.0,415.0,11.2227,39.9835,89.1133,225.4504,0.0205,0.001,97.6168,202.9725,49.4449,-16.9055,0.0,0.0001,2.3131,-0.001,6.1319,35.5409,11.1701,27.1657,35.9202
206.0,417.0,11.2174,39.9799,95.0121,226.1302,0.022,0.001,97.6168,202.9725,49.4449,-16.9055,0.0,0.0001,2.3144,0.0006,6.1322,35.5414,11.1645,27.1672,35.9219
207.0,419.0,11.2112,39.974,98.6957,225.851,0.0219,0.001,97.5982,202.9725,49.4449,-16.9055,0.0,0.0001,2.3136,-0.0004,6.1345,35.5408,11.1581,27.1679,35.9229
208.0,421.0,11.1976,39.9602,98.6982,225.4518,0.0222,0.001,97.6168,202.9726,49.4449,-16.9055,0.0,0.0001,2.3113,-0.0009,6.1341,35.5391,11.1442,27.1692,35.9247
209.0,423.0,11.19,39.953,98.5383,225.1553,0.0205,0.001,97.6062,202.9726,49.4449,-16.9055,0.0,0.0001,2.3085,-0.0012,6.1368,35.5385,11.1365,27.1701,35.926
210.0,425.0,11.1849,39.948,98.695,224.192,0.0215,0.001,97.5952,202.9726,49.4448,-16.9055,0.0,0.0001,2.3023,-0.0022,6.1389,35.5376,11.1311,27.1703,35.9265
211.0,427.0,11.1707,39.9329,78.4012,224.3427,0.02,0.001,97.607,202.9727,49.4448,-16.9055,0.0,0.0001,2.3001,-0.0008,6.1388,35.5352,11.1167,27.1712,35.9279
212.0,429.0,11.1613,39.9238,91.3394,224.7291,0.0215,0.001,97.6168,202.9727,49.4448,-16.9055,0.0,0.0001,2.3004,0.0,6.1393,35.5342,11.107,27.1721,35.9293
213.0,431.0,11.1671,39.9317,98.7005,224.0626,0.0182,0.001,97.601,202.9727,49.4448,-16.9055,0.0,0.0001,2.297,-0.0013,6.1404,35.5359,11.1126,27.1725,35.9294
214.0,433.0,11.1573,39.9208,98.2094,224.2327,0.0214,0.001,97.6026,202.9728,49.4448,-16.9055,0.0,0.0001,2.2962,-0.0005,6.1403,35.5336,11.1025,27.1725,35.9298
215.0,435.0,11.152,39.9158,98.6956,224.5543,0.019,0.001,97.598,202.9728,49.4448,-16.9055,0.0,0.0001,2.2967,-0.0002,6.1437,35.5328,11.097,27.1729,35.9304
216.0,437.0,11.1276,39.8884,98.6932,223.1832,0.0199,0.001,97.6129,202.9728,49.4448,-16.9055,0.0,0.0001,2.2899,-0.0022,6.1461,35.5281,11.0724,27.1737,35.9324
217.0,439.0,11.116,39.876,78.4027,222.7104,0.0219,0.001,97.6109,202.9729,49.4448,-16.9054,0.0,0.0001,2.2843,-0.0018,6.1478,35.526,11.0606,27.1743,35.9334
218.0,441.0,11.1036,39.863,94.2436,222.6107,0.0179,0.001,97.6102,202.9729,49.4448,-16.9054,0.0,0.0001,2.2806,-0.0011,6.1505,35.5239,11.0479,27.1749,35.9346
219.0,443.0,11.0776,39.8337,98.69,221.9787,0.0198,0.001,97.6008,202.9729,49.4447,-16.9054,0.0,0.0001,2.276,-0.0017,6.1539,35.5189,11.0218,27.1758,35.9367
220.0,445.0,11.0601,39.8142,74.3951,221.8302,0.0226,0.001,97.5879,202.973,49.4447,-16.9054,0.0,0.0001,2.2723,-0.001,6.1538,35.5156,11.0041,27.1765,35.9381
221.0,447.0,11.0616,39.8177,92.9132,221.9718,0.0212,0.001,97.606,202.973,49.4447,-16.9054,0.0,0.0001,2.2713,-0.0004,6.1536,35.5169,11.0054,27.1772,35.9388
222.0,449.0,11.0521,39.8091,94.1985,222.4392,0.0224,0.001,97.5962,202.973,49.4447,-16.9054,0.0,0.0001,2.2723,0.0004,6.1546,35.5163,10.9956,27.1786,35.9405
223.0,451.0,11.0459,39.8026,98.696,221.9562,0.0193,0.001,97.6017,202.9731,49.4447,-16.9054,0.0,0.0001,2.2707,-0.0009,6.1576,35.5151,10.9892,27.1788,35.941
224.0,453.0,11.0262,39.7824,98.686,222.4798,0.024,0.001,97.5844,202.9731,49.4447,-16.9054,0.0,0.0001,2.2711,0.0004,6.1578,35.5129,10.9692,27.1807,35.9438
225.0,455.0,11.0246,39.7807,89.8759,221.7693,0.0242,0.001,97.5916,202.9731,49.4447,-16.9054,0.0,0.0001,2.2679,-0.001,6.1594,35.5119,10.9675,27.1803,35.9435
226.0,457.0,11.0215,39.7812,98.6943,222.4121,0.0217,0.001,97.6134,202.9732,49.4447,-16.9054,0.0,0.0001,2.2683,0.0008,6.1582,35.5144,10.964,27.1829,35.9461
227.0,459.0,11.0263,39.7885,98.7013,222.858,0.0205,0.001,97.5997,202.9732,49.4447,-16.9054,0.0,0.0001,2.2709,0.0009,6.1596,35.5162,10.9686,27.1835,35.9465
228.0,461.0,11.0111,39.7718,86.6948,222.1219,0.0184,0.001,97.6142,202.9732,49.4447,-16.9054,0.0,0.0001,2.2687,-0.0009,6.1617,35.5135,10.9532,27.1842,35.9479
229.0,463.0,11.0031,39.7648,98.8233,223.5637,0.0215,0.001,97.5962,202.9733,49.4447,-16.9054,0.0,0.0001,2.272,0.0021,6.1615,35.5132,10.945,27.1854,35.9495
230.0,465.0,11.005,39.7685,94.9775,225.5622,0.0226,0.001,97.6102,202.9733,49.4447,-16.9053,0.0,0.0001,2.283,0.0037,6.1627,35.5142,10.9466,27.1859,35.9498
231.0,467.0,10.994,39.7579,98.6862,222.6126,0.0211,0.001,97.6058,202.9733,49.4447,-16.9053,0.0,0.0001,2.276,-0.0029,6.1641,35.5133,10.9353,27.1873,35.9517
232.0,469.0,10.9842,39.7479,88.1262,223.9151,0.0248,0.001,97.614,202.9734,49.4447,-16.9053,0.0,0.0001,2.2769,0.0007,6.1653,35.5121,10.9254,27.1881,35.953
233.0,471.0,10.9758,39.7397,98.6921,225.749,0.0229,0.001,97.6068,202.9734,49.4447,-16.9053,0.0,0.0001,2.2837,0.003,6.1663,35.5109,10.9168,27.1888,35.954
234.0,473.0,10.9684,39.7331,98.6868,227.8777,0.0232,0.001,97.6168,202.9734,49.4447,-16.9053,0.0,0.0001,2.295,0.0049,6.1667,35.5106,10.9091,27.1899,35.9555
235.0,475.0,10.9674,39.7333,88.9385,230.4891,0.0191,0.001,97.6188,202.9735,49.4447,-16.9053,0.0,0.0001,2.312,0.0062,6.1662,35.511,10.9079,27.1904,35.956
236.0,477.0,10.9695,39.7375,98.6481,233.1579,0.0216,0.001,97.6212,202.9735,49.4447,-16.9053,0.0,0.0001,2.3345,0.0055,6.1665,35.5122,10.9097,27.191,35.9565
237.0,479.0,10.9652,39.7335,98.6905,233.4127,0.0236,0.001,97.6242,202.9735,49.4447,-16.9053,0.0,0.0001,2.3439,0.0025,6.1678,35.5114,10.9051,27.1913,35.957
238.0,481.0,10.9593,39.7276,98.7054,233.8573,0.0211,0.001,97.636,202.9736,49.4446,-16.9053,0.0,0.0001,2.3486,0.0017,6.1698,35.5103,10.899,27.1915,35.9575
239.0,483.0,10.9462,39.7129,77.1836,234.5985,0.0167,0.001,97.6457,202.9736,49.4447,-16.9053,0.0,0.0001,2.3526,0.002,6.1691,35.5074,10.8857,27.1916,35.9582
240.0,485.0,10.9287,39.6935,95.1324,234.3165,0.0186,0.001,97.6082,202.9736,49.4447,-16.9053,0.0,0.0001,2.3553,0.0002,6.1714,35.504,10.868,27.1922,35.9595
241.0,487.0,10.9234,39.6882,98.4972,234.5891,0.0195,0.001,97.6312,202.9737,49.4446,-16.9052,0.0,0.0001,2.3567,0.0005,6.1735,35.503,10.8625,27.1924,35.96
242.0,489.0,10.9131,39.677,98.5364,235.5871,0.0245,0.001,97.6257,202.9737,49.4446,-16.9052,0.0,0.0001,2.3592,0.0017,6.1738,35.5005,10.8519,27.1924,35.9604
243.0,491.0,10.9105,39.6753,98.71,235.1069,0.0209,0.001,97.6185,202.9737,49.4446,-16.9052,0.0,0.0001,2.359,0.0,6.1745,35.5008,10.8492,27.1931,35.9612
244.0,493.0,10.9107,39.6763,87.8546,234.8477,0.0225,0.001,97.6202,202.9738,49.4446,-16.9052,0.0,0.0001,2.3586,-0.0004,6.1743,35.5007,10.8491,27.1931,35.9612
245.0,495.0,10.912,39.6791,95.3058,234.875,0.0217,0.001,97.6308,202.9738,49.4446,-16.9052,0.0,0.0001,2.3576,-0.0003,6.1748,35.5014,10.8501,27.1934,35.9615
246.0,497.0,10.9078,39.6757,96.308,234.583,0.0201,0.001,97.6156,202.9738,49.4446,-16.9052,0.0,0.0001,2.3555,-0.0006,6.1745,35.5012,10.8457,27.1941,35.9624
247.0,499.0,10.909,39.6788,98.4456,234.0416,0.0167,0.001,97.6283,202.9739,49.4446,-16.9052,0.0,0.0001,2.3528,-0.0013,6.1763,35.5021,10.8466,27.1946,35.9629
248.0,501.0,10.8952,39.6646,98.696,234.2797,0.0198,0.001,97.6361,202.9739,49.4446,-16.9052,0.0,0.0001,2.3511,-0.0002,6.1766,35.5003,10.8326,27.1958,35.9646
249.0,503.0,10.8953,39.6659,98.7064,234.3137,0.0214,0.001,97.6306,202.974,49.4446,-16.9051,0.0,0.0001,2.3501,0.0,6.1765,35.5008,10.8325,27.1961,35.9649
250.0,505.0,10.8955,39.6675,87.6094,234.0338,0.0232,0.001,97.6282,202.974,49.4446,-16.9051,0.0,0.0001,2.3494,-0.0007,6.1767,35.5012,10.8324,27.1965,35.9653
251.0,507.0,10.8933,39.6661,91.5162,234.474,0.0196,0.001,97.6457,202.974,49.4446,-16.9051,0.0,0.0001,2.3493,0.0004,6.1764,35.5011,10.8299,27.1968,35.9658
252.0,509.0,10.8933,39.6669,98.6987,234.0556,0.0163,0.001,97.6194,202.9741,49.4446,-16.9051,0.0,0.0001,2.3482,-0.0005,6.177,35.501,10.8297,27.1968,35.9658
253.0,511.0,10.8909,39.6656,85.7063,233.904,0.0187,0.001,97.6264,202.9741,49.4446,-16.9051,0.0,0.0001,2.3457,-0.0006,6.1787,35.5011,10.827,27.1974,35.9664
254.0,513.0,10.8802,39.6548,95.1682,232.388,0.0176,0.001,97.6457,202.9741,49.4446,-16.9051,0.0,0.0001,2.3394,-0.0029,6.1804,35.4996,10.8161,27.1982,35.9677
255.0,515.0,10.8642,39.6378,96.2651,231.1719,0.0192,0.001,97.6201,202.9742,49.4446,-16.9051,0.0,0.0001,2.3295,-0.0032,6.1824,35.4972,10.7999,27.1992,35.9694
256.0,517.0,10.8484,39.6197,98.6893,230.1875,0.0223,0.001,97.6228,202.9742,49.4446,-16.9051,0.0,0.0001,2.3194,-0.0029,6.1853,35.4935,10.7839,27.1992,35.9702
257.0,519.0,10.8332,39.6028,98.6978,228.3807,0.0216,0.001,97.6072,202.9742,49.4446,-16.905,0.0,0.0001,2.3077,-0.0041,6.1872,35.4903,10.7685,27.1995,35.9711
258.0,521.0,10.8184,39.5873,85.8109,227.795,0.0218,0.001,97.6168,202.9743,49.4446,-16.905,0.0,0.0001,2.2996,-0.0029,6.1857,35.488,10.7535,27.2004,35.9727
259.0,523.0,10.8114,39.5796,98.4556,228.3532,0.023,0.001,97.6112,202.9743,49.4446,-16.905,0.0,0.0001,2.2982,-0.0009,6.1882,35.4863,10.7463,27.2004,35.973
260.0,525.0,10.8107,39.5796,57.1717,226.8817,0.0234,0.001,97.6138,202.9743,49.4446,-16.905,0.0,0.0001,2.2908,-0.0029,6.1886,35.4863,10.7454,27.2005,35.9731
261.0,527.0,10.8033,39.5729,92.7547,228.1003,0.0186,0.001,97.6168,202.9744,49.4446,-16.905,0.0,0.0001,2.2918,0.0,6.1905,35.4857,10.7378,27.2014,35.9744
262.0,529.0,10.7833,39.5511,98.6985,226.5595,0.0175,0.001,97.6078,202.9744,49.4446,-16.905,0.0,0.0001,2.2852,-0.0026,6.1957,35.4823,10.7176,27.2024,35.9762
263.0,531.0,10.7528,39.5169,98.6875,224.2173,0.0218,0.001,97.6168,202.9744,49.4446,-16.9049,0.0,0.0001,2.272,-0.0048,6.1956,35.4766,10.6869,27.2035,35.9786
264.0,533.0,10.7485,39.5135,98.7014,224.8663,0.0246,0.001,97.6113,202.9745,49.4446,-16.9049,0.0,0.0001,2.2674,-0.0013,6.1944,35.4764,10.6823,27.2042,35.9795
265.0,535.0,10.7708,39.5424,98.6901,227.4405,0.0192,0.001,97.6168,202.9745,49.4446,-16.9049,0.0,0.0001,2.2743,0.0036,6.1929,35.4831,10.7043,27.2054,35.9798
266.0,537.0,10.7804,39.5567,98.7015,228.1672,0.0244,0.001,97.6117,202.9745,49.4446,-16.9049,0.0,0.0001,2.2823,0.0028,6.1916,35.4871,10.7137,27.2069,35.9808
267.0,539.0,10.7921,39.572,86.2458,228.3113,0.0194,0.001,97.611,202.9746,49.4446,-16.9049,0.0,0.0001,2.2864,0.0016,6.189,35.4905,10.7251,27.2075,35.9809
268.0,541.0,10.8074,39.5924,92.4309,229.4957,0.021,0.001,97.6108,202.9746,49.4446,-16.9049,0.0,0.0001,2.2936,0.0023,6.1891,35.4951,10.74,27.2084,35.9811
269.0,543.0,10.8057,39.5915,98.6152,228.4052,0.0179,0.001,97.6145,202.9746,49.4446,-16.9048,0.0,0.0001,2.2926,-0.0009,6.1921,35.4952,10.7381,27.2088,35.9816
270.0,545.0,10.7834,39.5668,98.695,225.3939,0.0194,0.001,97.6168,202.9747,49.4446,-16.9048,0.0,0.0001,2.2812,-0.0056,6.1917,35.4911,10.7156,27.2096,35.9834
271.0,547.0,10.7696,39.5522,98.6998,225.9893,0.0215,0.001,97.6085,202.9747,49.4446,-16.9048,0.0,0.0001,2.275,-0.0017,6.1941,35.4888,10.7016,27.2104,35.9847
272.0,549.0,10.7651,39.5475,78.0903,223.738,0.0216,0.001,97.6168,202.9747,49.4445,-16.9048,0.0,0.0001,2.2631,-0.0047,6.1996,35.4876,10.6969,27.2103,35.9849
273.0,551.0,10.747,39.5286,94.1559,223.7041,0.0226,0.001,97.6168,202.9748,49.4445,-16.9048,0.0,0.0001,2.2573,-0.0029,6.1997,35.4852,10.6786,27.2117,35.9871
274.0,553.0,10.6813,39.4545,98.663,221.8299,0.0259,0.001,97.6122,202.9748,49.4446,-16.9048,0.0,0.0001,2.2442,-0.0037,6.2042,35.4732,10.6128,27.2141,35.9924
275.0,555.0,10.6878,39.4597,98.6283,215.1282,0.0241,0.001,97.6018,202.9748,49.4445,-16.9047,0.0,0.0001,2.2146,-0.0133,6.2158,35.4716,10.6192,27.2117,35.9897
276.0,557.0,10.6089,39.3706,98.6907,205.4199,0.0227,0.001,97.5959,202.9749,49.4445,-16.9047,0.0,0.0001,2.1622,-0.0213,6.214,35.4573,10.5403,27.2146,35.9961
277.0,559.0,10.6016,39.3629,86.7753,208.9326,0.0224,0.001,97.594,202.9749,49.4445,-16.9047,0.0,0.0001,2.1443,-0.0059,6.219,35.4557,10.5328,27.2147,35.9965
278.0,561.0,10.5857,39.3465,94.8156,207.2836,0.021,0.001,97.5887,202.9749,49.4445,-16.9047,0.0,0.0001,2.1283,-0.0048,6.2183,35.4535,10.5167,27.2159,35.9984
279.0,563.0,10.5856,39.3474,98.6906,208.8517,0.0212,0.001,97.6028,202.975,49.4445,-16.9047,0.0,0.0001,2.127,-0.0004,6.2209,35.4537,10.5164,27.2161,35.9986
280.0,565.0,10.5769,39.3385,98.4998,207.9467,0.0196,0.001,97.6069,202.975,49.4445,-16.9046,0.0,0.0001,2.1224,-0.0017,6.2249,35.4522,10.5074,27.2165,35.9994
281.0,567.0,10.5533,39.3132,98.6836,207.3317,0.024,0.001,97.6168,202.975,49.4445,-16.9046,0.0,0.0001,2.1176,-0.0019,6.2263,35.4489,10.4836,27.2181,36.0021
282.0,569.0,10.5397,39.2992,98.5158,207.8454,0.0207,0.001,97.6168,202.9751,49.4445,-16.9046,0.0,0.0001,2.1167,-0.0003,6.2265,35.4471,10.4699,27.2191,36.0037
283.0,571.0,10.5393,39.3006,86.047,207.4405,0.0195,0.001,97.601,202.9751,49.4445,-16.9046,0.0,0.0001,2.1136,-0.0007,6.2261,35.4479,10.4692,27.2199,36.0045
284.0,573.0,10.5424,39.3056,95.3656,207.9613,0.0206,0.001,97.5983,202.9751,49.4445,-16.9046,0.0,0.0001,2.115,0.0003,6.2266,35.449,10.4721,27.2203,36.0047
285.0,575.0,10.531,39.2945,90.9113,207.3023,0.0211,0.001,97.6069,202.9752,49.4445,-16.9045,0.0,0.0001,2.1123,-0.001,6.2304,35.448,10.4605,27.2216,36.0065
286.0,577.0,10.5088,39.2709,98.6788,207.994,0.0215,0.001,97.6129,202.9752,49.4445,-16.9045,0.0,0.0001,2.1125,0.0006,6.2301,35.4448,10.438,27.223,36.0089
287.0,579.0,10.506,39.2707,98.6831,210.5752,0.0216,0.001,97.6042,202.9753,49.4445,-16.9045,0.0,0.0001,2.1248,0.0036,6.2296,35.4463,10.4349,27.2247,36.0107
288.0,581.0,10.5228,39.2921,98.68,213.416,0.0189,0.001,97.6076,202.9753,49.4445,-16.9045,0.0,0.0001,2.1398,0.0061,6.2213,35.4509,10.4515,27.2254,36.0106
289.0,583.0,10.5672,39.3502,81.7436,227.3522,0.0231,0.001,97.6146,202.9753,49.4445,-16.9045,0.0,0.0001,2.1948,0.0252,6.2218,35.4655,10.4954,27.229,36.0122
290.0,585.0,10.582,39.3694,97.2052,227.171,0.0225,0.001,97.6072,202.9754,49.4445,-16.9044,0.0,0.0001,2.2298,0.0124,6.2199,35.4695,10.5099,27.2295,36.0121
291.0,587.0,10.5742,39.36,98.6845,228.544,0.0175,0.001,97.6168,202.9754,49.4445,-16.9044,0.0,0.0001,2.2525,0.0077,6.2204,35.4668,10.502,27.2288,36.0118
292.0,589.0,10.5757,39.3647,93.3749,227.9574,0.0202,0.001,97.6168,202.9754,49.4445,-16.9044,0.0,0.0001,2.2635,0.0019,6.222,35.4692,10.5032,27.2305,36.0134
293.0,591.0,10.5652,39.3546,98.6847,226.275,0.0232,0.001,97.6202,202.9755,49.4445,-16.9044,0.0,0.0001,2.2604,-0.0019,6.2229,35.4681,10.4924,27.2316,36.0149
294.0,593.0,10.5603,39.3505,98.68,225.6496,0.0197,0.001,97.6168,202.9755,49.4445,-16.9044,0.0,0.0001,2.2564,-0.0021,6.2223,35.468,10.4873,27.2323,36.0159
295.0,595.0,10.5568,39.3481,98.556,225.835,0.023,0.001,97.6096,202.9755,49.4445,-16.9043,0.0,0.0001,2.253,-0.0008,6.2245,35.4681,10.4836,27.2331,36.0168
296.0,597.0,10.5485,39.3387,86.0722,223.7514,0.0225,0.001,97.6168,202.9756,49.4445,-16.9043,0.0,0.0001,2.2444,-0.0038,6.2257,35.4659,10.4751,27.2329,36.017
297.0,599.0,10.5312,39.3218,98.6909,223.2678,0.022,0.001,97.6168,202.9756,49.4445,-16.9043,0.0,0.0001,2.2381,-0.0031,6.2264,35.4647,10.4576,27.2351,36.0199
298.0,601.0,10.5343,39.3266,86.0572,222.8863,0.0188,0.001,97.612,202.9756,49.4445,-16.9043,0.0,0.0001,2.2323,-0.0023,6.2268,35.4657,10.4605,27.2353,36.02
299.0,603.0,10.5306,39.326,90.8887,222.5214,0.0211,0.001,97.6068,202.9757,49.4445,-16.9043,0.0,0.0001,2.2265,-0.0013,6.2268,35.4676,10.4564,27.2376,36.0224
300.0,605.0,10.5346,39.331,98.6865,222.4728,0.0193,0.001,97.6132,202.9757,49.4444,-16.9042,0.0,0.0001,2.2248,-0.0009,6.2262,35.4681,10.4603,27.2373,36.0219
301.0,607.0,10.5349,39.3345,98.7002,220.6387,0.0194,0.001,97.6168,202.9757,49.4444,-16.9042,0.0,0.0001,2.2159,-0.0033,6.2267,35.4705,10.4603,27.2391,36.0237
302.0,609.0,10.5304,39.3316,98.6858,221.4664,0.0187,0.001,97.6168,202.9758,49.4444,-16.9042,0.0,0.0001,2.2145,-0.0004,6.2266,35.4708,10.4555,27.2402,36.025
303.0,611.0,10.5306,39.3337,98.6858,223.0052,0.0201,0.001,97.6096,202.9758,49.4444,-16.9042,0.0,0.0001,2.2201,0.0016,6.2268,35.472,10.4555,27.2411,36.0259
304.0,613.0,10.5306,39.3359,98.6862,225.5723,0.0204,0.001,97.6093,202.9758,49.4444,-16.9042,0.0,0.0001,2.2301,0.0045,6.2304,35.4734,10.4552,27.2423,36.0271
305.0,615.0,10.5072,39.3103,79.1656,225.2929,0.0223,0.001,97.5973,202.9759,49.4444,-16.9042,0.0,0.0001,2.2357,0.0018,6.2314,35.4692,10.4316,27.2432,36.029
306.0,617.0,10.485,39.2869,96.6403,224.076,0.0207,0.001,97.5897,202.9759,49.4444,-16.9041,0.0,0.0001,2.233,-0.0012,6.2347,35.4662,10.4093,27.2448,36.0316
307.0,619.0,10.4727,39.2738,98.6312,223.1722,0.0203,0.001,97.5879,202.9759,49.4444,-16.9041,0.0,0.0001,2.2279,-0.0019,6.2349,35.464,10.3968,27.2453,36.0326
308.0,621.0,10.4714,39.2746,98.6244,223.3522,0.0212,0.001,97.5879,202.976,49.4444,-16.9041,0.0,0.0001,2.2254,-0.0006,6.2336,35.4652,10.3953,27.2465,36.0339
309.0,623.0,10.4712,39.2784,98.6826,223.9698,0.0183,0.001,97.5879,202.976,49.4444,-16.9041,0.0,0.0001,2.2257,-0.0001,6.2426,35.4684,10.3948,27.249,36.0364
310.0,625.0,10.416,39.2164,87.9134,220.5625,0.0179,0.001,97.5775,202.976,49.4444,-16.9041,0.0,0.0001,2.2131,-0.005,6.242,35.4585,10.3396,27.2511,36.0409
311.0,627.0,10.3836,39.1801,96.5399,221.3029,0.0188,0.001,97.5828,202.9761,49.4444,-16.904,0.0,0.0001,2.2066,-0.0014,6.2494,35.4521,10.3071,27.2517,36.043
312.0,629.0,10.3692,39.1639,98.6919,219.8076,0.0139,0.001,97.5879,202.9761,49.4444,-16.904,0.0,0.0001,2.1993,-0.0028,6.2494,35.4488,10.2925,27.2518,36.0437
313.0,631.0,10.3446,39.1369,89.5195,220.2162,0.0171,0.001,97.5879,202.9761,49.4444,-16.904,0.0,0.0001,2.1952,-0.0015,6.2586,35.4444,10.2678,27.2527,36.0457
314.0,633.0,10.309,39.0986,98.68,216.7678,0.0194,0.001,97.5879,202.9762,49.4444,-16.904,0.0,0.0001,2.1824,-0.0063,6.2572,35.4396,10.2322,27.2551,36.0497
315.0,635.0,10.2961,39.0869,98.68,217.004,0.0209,0.001,97.5735,202.9762,49.4444,-16.904,0.0,0.0001,2.1727,-0.0026,6.2614,35.4393,10.219,27.2572,36.0523
316.0,637.0,10.2822,39.0724,98.68,215.7429,0.0192,0.001,97.5667,202.9762,49.4443,-16.904,0.0,0.0001,2.1638,-0.003,6.2631,35.4371,10.2049,27.2579,36.0537
317.0,639.0,10.274,39.0634,74.6257,215.725,0.0208,0.001,97.5393,202.9763,49.4443,-16.904,0.0,0.0001,2.1596,-0.0018,6.2614,35.435,10.1965,27.2578,36.0539
318.0,641.0,10.2591,39.0475,97.6516,216.1137,0.0221,0.001,97.5801,202.9763,49.4443,-16.9039,0.0,0.0001,2.1578,-0.0007,6.2671,35.4325,10.1815,27.2585,36.0552
319.0,643.0,10.2538,39.0419,98.68,213.2874,0.0206,0.001,97.5703,202.9763,49.4443,-16.9039,0.0,0.0001,2.1459,-0.0045,6.2704,35.4313,10.176,27.2584,36.0555
320.0,645.0,10.2256,39.0151,98.68,212.8582,0.0215,0.001,97.5667,202.9764,49.4443,-16.9039,0.0,0.0001,2.1373,-0.0029,6.2706,35.4305,10.1476,27.2627,36.061
321.0,647.0,10.2037,38.9926,71.0564,213.4252,0.0185,0.001,97.5788,202.9764,49.4443,-16.9039,0.0,0.0001,2.1348,-0.0009,6.2733,35.4279,10.1255,27.2645,36.0637
322.0,649.0,10.2005,38.991,95.7607,212.3763,0.0213,0.001,97.5703,202.9764,49.4443,-16.9039,0.0,0.0001,2.1292,-0.0017,6.2724,35.4287,10.1221,27.2658,36.0651
323.0,651.0,10.2077,39.002,98.68,212.4261,0.0199,0.001,97.5605,202.9765,49.4443,-16.9039,0.0,0.0001,2.1258,-0.0009,6.274,35.4321,10.1291,27.2672,36.0662
324.0,653.0,10.209,39.0075,98.6847,212.4486,0.0199,0.001,97.4903,202.9765,49.4443,-16.9038,0.0,0.0001,2.1247,-0.0006,6.277,35.4356,10.1302,27.2697,36.0686
325.0,655.0,10.1712,38.969,72.629,210.2652,0.0211,0.001,97.568,202.9765,49.4443,-16.9038,0.0,0.0001,2.1163,-0.0036,6.277,35.4323,10.0922,27.2737,36.0743
326.0,657.0,10.1599,38.9582,94.573,209.7732,0.0198,0.001,97.5495,202.9766,49.4443,-16.9038,0.0,0.0001,2.1068,-0.0019,6.2796,35.4313,10.0807,27.275,36.076
327.0,659.0,10.1424,38.9398,98.68,206.309,0.0171,0.001,97.5646,202.9766,49.4442,-16.9038,0.0,0.0001,2.0919,-0.0063,6.2811,35.4287,10.0631,27.276,36.0778
328.0,661.0,10.1355,38.9354,98.68,207.5753,0.0183,0.001,97.5596,202.9766,49.4442,-16.9038,0.0,0.0001,2.0881,-0.0017,6.2812,35.4299,10.0559,27.2782,36.0803
329.0,663.0,10.1365,38.9377,89.1221,207.4423,0.0177,0.001,97.5649,202.9767,49.4442,-16.9038,0.0,0.0001,2.0849,-0.0014,6.2848,35.4306,10.0567,27.2786,36.0806
330.0,665.0,10.1033,38.9028,98.68,205.6034,0.0186,0.001,97.5591,202.9767,49.4442,-16.9038,0.0,0.0001,2.0758,-0.0033,6.2859,35.4263,10.0234,27.281,36.0845
331.0,667.0,10.097,38.8966,80.1499,205.5414,0.0207,0.001,97.559,202.9767,49.4442,-16.9037,0.0,0.0001,2.0704,-0.0023,6.2919,35.4255,10.0169,27.2814,36.0852
332.0,669.0,10.0597,38.855,98.68,202.9579,0.0205,0.001,97.5567,202.9768,49.4442,-16.9037,0.0,0.0001,2.0581,-0.0053,6.2924,35.4185,9.9795,27.2825,36.0879
333.0,671.0,10.0478,38.8439,95.7642,202.4926,0.0231,0.001,97.565,202.9768,49.4442,-16.9037,0.0,0.0001,2.0498,-0.0036,6.2966,35.4181,9.9674,27.2842,36.0902
334.0,673.0,10.0253,38.8224,98.68,200.8677,0.0171,0.001,97.5759,202.9769,49.4442,-16.9037,0.0,0.0001,2.0364,-0.0036,6.2981,35.4168,9.9448,27.2871,36.0941
335.0,675.0,10.0141,38.8127,98.6793,201.2146,0.0198,0.001,97.568,202.9769,49.4442,-16.9037,0.0,0.0001,2.032,-0.0016,6.3017,35.4171,9.9334,27.2893,36.0967
336.0,677.0,9.9983,38.7957,98.681,197.6643,0.0243,0.001,97.5826,202.9769,49.4442,-16.9037,0.0,0.0001,2.0168,-0.006,6.306,35.4143,9.9174,27.2898,36.098
337.0,679.0,9.9629,38.7566,98.68,194.6352,0.0232,0.001,97.59,202.9769,49.4442,-16.9037,0.0,0.0001,1.9962,-0.0072,6.3109,35.408,9.882,27.291,36.1007
338.0,681.0,9.9338,38.7254,66.5672,194.0831,0.0242,0.001,97.5922,202.977,49.4442,-16.9037,0.0,0.0001,1.9829,-0.0042,6.3095,35.4037,9.8527,27.2926,36.1036
339.0,683.0,9.9338,38.727,96.2262,195.1462,0.0226,0.001,97.593,202.977,49.4442,-16.9036,0.0,0.0001,1.9805,-0.0009,6.3105,35.4045,9.8525,27.2933,36.1043
340.0,685.0,9.9398,38.7354,98.68,193.9907,0.0235,0.001,97.6003,202.977,49.4442,-16.9036,0.0,0.0001,1.9754,-0.0023,6.3112,35.4064,9.8583,27.2937,36.1045
341.0,687.0,9.9292,38.7274,98.6018,193.897,0.0189,0.001,97.5892,202.9771,49.4442,-16.9036,0.0,0.0001,1.971,-0.0014,6.3145,35.4076,9.8474,27.2966,36.1078
342.0,689.0,9.9024,38.7003,98.68,193.7389,0.0177,0.001,97.5899,202.9771,49.4442,-16.9036,0.0,0.0001,1.9676,-0.001,6.3185,35.405,9.8205,27.2992,36.1115
343.0,691.0,9.8739,38.6701,79.0359,193.8898,0.0216,0.001,97.5842,202.9772,49.4442,-16.9036,0.0,0.0001,1.9658,-0.0007,6.3287,35.401,9.7919,27.3009,36.1145
344.0,693.0,9.8141,38.6061,97.0724,197.2345,0.0191,0.001,97.5653,202.9772,49.4442,-16.9035,0.0,0.0001,1.9716,0.0046,6.3302,35.3931,9.7322,27.3048,36.1211
345.0,695.0,9.7997,38.5907,97.5826,198.4126,0.0164,0.001,97.5678,202.9772,49.4442,-16.9035,0.0,0.0001,1.9845,0.004,6.331,35.3904,9.7176,27.3051,36.1221
346.0,697.0,9.7945,38.5858,90.2873,198.4344,0.0186,0.001,97.5709,202.9773,49.4441,-16.9035,0.0,0.0001,1.9908,0.0016,6.3312,35.3896,9.7122,27.3054,36.1227
347.0,699.0,9.7913,38.5831,98.68,198.2399,0.0239,0.001,97.5737,202.9773,49.4441,-16.9035,0.0,0.0001,1.9933,0.0002,6.3322,35.3891,9.7088,27.3057,36.123
348.0,701.0,9.7855,38.5782,98.68,198.7653,0.0209,0.001,97.5696,202.9773,49.4441,-16.9035,0.0,0.0001,1.9947,0.0009,6.332,35.3888,9.7028,27.3064,36.1241
349.0,703.0,9.7874,38.5839,98.68,198.9798,0.0208,0.001,97.5665,202.9774,49.4441,-16.9035,0.0,0.0001,1.9972,0.0005,6.3328,35.3917,9.7044,27.3084,36.1259
350.0,705.0,9.7822,38.5781,72.9862,199.0012,0.0193,0.001,97.563,202.9774,49.4441,-16.9035,0.0,0.0001,1.9972,0.0002,6.3371,35.3903,9.699,27.3082,36.126
351.0,707.0,9.7521,38.5481,97.335,199.7862,0.0217,0.001,97.5572,202.9774,49.4441,-16.9035,0.0,0.0001,2.0001,0.0012,6.3335,35.388,9.6688,27.3115,36.1306
352.0,709.0,9.7762,38.5804,98.68,198.1772,0.019,0.001,97.5742,202.9775,49.4441,-16.9035,0.0,0.0001,1.9968,-0.0019,6.3337,35.3965,9.6925,27.3142,36.1322
353.0,711.0,9.7678,38.5718,86.8986,198.6761,0.0204,0.001,97.5445,202.9775,49.4441,-16.9034,0.0,0.0001,1.9951,-0.0004,6.3388,35.395,9.6839,27.3145,36.1328
354.0,713.0,9.7481,38.5473,98.6755,197.8763,0.0252,0.001,97.5591,202.9775,49.4441,-16.9034,0.0,0.0001,1.9908,-0.0019,6.3468,35.3884,9.6641,27.3127,36.132
355.0,715.0,9.6693,38.4617,93.3717,198.5104,0.0243,0.001,97.5483,202.9776,49.4441,-16.9034,0.0,0.0001,1.9902,-0.0003,6.3484,35.3765,9.5855,27.3166,36.1394
356.0,717.0,9.675,38.4698,98.68,198.706,0.0223,0.001,97.5601,202.9776,49.4441,-16.9034,0.0,0.0001,1.9908,0.0003,6.3447,35.3784,9.5909,27.3171,36.1397
357.0,719.0,9.7001,38.504,69.2998,196.5109,0.0229,0.001,97.5662,202.9776,49.4441,-16.9034,0.0,0.0001,1.984,-0.0032,6.3433,35.3882,9.6156,27.3207,36.142
358.0,721.0,9.7067,38.5155,98.6791,196.3835,0.0209,0.001,97.5677,202.9777,49.4441,-16.9034,0.0,0.0001,1.9782,-0.0017,6.3432,35.3924,9.6219,27.3229,36.1439
359.0,723.0,9.7085,38.5181,90.5876,196.3477,0.0187,0.001,97.5305,202.9777,49.4441,-16.9033,0.0,0.0001,1.9761,-0.0009,6.3422,35.3928,9.6236,27.3229,36.1438
360.0,725.0,9.7273,38.5427,98.68,194.8033,0.017,0.001,97.5727,202.9777,49.4441,-16.9033,0.0,0.0001,1.9695,-0.0031,6.3416,35.3987,9.642,27.3245,36.1445
361.0,727.0,9.6919,38.5037,98.68,195.9079,0.0197,0.001,97.553,202.9778,49.4441,-16.9033,0.0,0.0001,1.9695,-0.0004,6.3468,35.3923,9.6065,27.3254,36.1471
362.0,729.0,9.6768,38.4861,75.9742,196.2418,0.0195,0.001,97.5591,202.9778,49.4441,-16.9033,0.0,0.0001,1.9695,0.0,6.3505,35.3883,9.5912,27.3248,36.1472
363.0,731.0,9.6461,38.4517,98.68,196.6556,0.0205,0.001,97.5591,202.9778,49.4441,-16.9033,0.0,0.0001,1.9707,0.0006,6.3504,35.382,9.5605,27.3251,36.1489
364.0,733.0,9.6583,38.4683,83.0224,195.9455,0.0204,0.001,97.5611,202.9779,49.4441,-16.9033,0.0,0.0001,1.9694,-0.0005,6.3453,35.3862,9.5724,27.3263,36.1496
365.0,735.0,9.7045,38.527,87.0797,194.2133,0.0222,0.001,97.5735,202.9779,49.4441,-16.9032,0.0,0.0001,1.9621,-0.0028,6.345,35.4002,9.618,27.3296,36.1507
366.0,737.0,9.6859,38.5088,98.6798,194.552,0.0224,0.001,97.5623,202.9779,49.4441,-16.9032,0.0,0.0001,1.9592,-0.0009,6.3472,35.3987,9.5992,27.3316,36.1535
367.0,739.0,9.6892,38.5113,98.68,193.3928,0.02,0.001,97.5776,202.978,49.444,-16.9032,0.0,0.0001,1.9533,-0.0026,6.3505,35.3974,9.6023,27.3301,36.1519
368.0,741.0,9.6587,38.4823,98.68,192.3893,0.0227,0.001,97.5695,202.978,49.444,-16.9032,0.0,0.0001,1.948,-0.003,6.3494,35.3967,9.5718,27.3347,36.1578
369.0,743.0,9.6343,38.456,98.6613,193.1193,0.0212,0.001,97.5721,202.978,49.444,-16.9032,0.0,0.0001,1.9444,-0.0009,6.3559,35.3927,9.5473,27.3356,36.1598
370.0,745.0,9.6215,38.4406,98.68,193.0955,0.0224,0.001,97.5807,202.9781,49.444,-16.9032,0.0,0.0001,1.9433,-0.0004,6.3561,35.3884,9.5343,27.3345,36.1593
371.0,747.0,9.6098,38.4296,81.7305,193.4123,0.0201,0.001,97.5658,202.9781,49.444,-16.9031,0.0,0.0001,1.9436,0.0,6.3602,35.3876,9.5224,27.3358,36.1612
372.0,749.0,9.5685,38.3874,96.3326,193.4482,0.0199,0.001,97.5699,202.9781,49.444,-16.9031,0.0,0.0001,1.943,-0.0002,6.3643,35.3836,9.481,27.3396,36.1668
373.0,751.0,9.5562,38.3744,98.6795,192.7307,0.0223,0.001,97.5591,202.9782,49.444,-16.9031,0.0,0.0001,1.9403,-0.0011,6.3636,35.3813,9.4686,27.3399,36.1676
374.0,753.0,9.5649,38.387,98.5541,192.4769,0.0226,0.001,97.5673,202.9782,49.444,-16.9031,0.0,0.0001,1.938,-0.0011,6.3636,35.3847,9.477,27.3411,36.1685
375.0,755.0,9.5639,38.3864,98.68,192.6071,0.0216,0.001,97.5591,202.9782,49.444,-16.9031,0.0,0.0001,1.9364,-0.0007,6.3678,35.3846,9.4758,27.3413,36.1687
376.0,757.0,9.5221,38.342,79.6256,192.5701,0.0222,0.001,97.5697,202.9783,49.444,-16.903,0.0,0.0001,1.9341,-0.0004,6.3727,35.3787,9.434,27.3436,36.1729
377.0,759.0,9.5022,38.3202,94.0894,192.8353,0.0163,0.001,97.5557,202.9783,49.444,-16.903,0.0,0.0001,1.9336,0.0,6.374,35.3748,9.4139,27.3439,36.1741
378.0,761.0,9.4724,38.289,98.68,193.631,0.0194,0.001,97.5546,202.9783,49.444,-16.903,0.0,0.0001,1.9353,0.001,6.3782,35.3708,9.384,27.3458,36.1773
379.0,763.0,9.4608,38.2785,89.3483,193.1039,0.023,0.001,97.5499,202.9784,49.444,-16.903,0.0,0.0001,1.9353,-0.0002,6.3792,35.3706,9.3723,27.3475,36.1796
380.0,765.0,9.4535,38.2734,98.68,193.0778,0.0207,0.001,97.5522,202.9784,49.444,-16.903,0.0,0.0001,1.9353,-0.0004,6.38,35.3715,9.3648,27.3495,36.1819
381.0,767.0,9.4548,38.2804,98.68,192.1736,0.0235,0.001,97.5334,202.9784,49.444,-16.9029,0.0,0.0001,1.9314,-0.0015,6.3805,35.3767,9.3658,27.3534,36.1856
382.0,769.0,9.4276,38.2568,98.68,192.2676,0.0214,0.001,97.5126,202.9785,49.444,-16.9029,0.0,0.0001,1.9288,-0.0007,6.383,35.378,9.3384,27.3589,36.1923
383.0,771.0,9.4279,38.2563,82.0534,191.5661,0.0204,0.001,97.5334,202.9785,49.444,-16.9029,0.0,0.0001,1.9244,-0.0016,6.3885,35.3764,9.3386,27.3577,36.1911
384.0,773.0,9.3942,38.2253,96.7642,190.8546,0.019,0.001,97.5302,202.9786,49.444,-16.9029,0.0,0.0001,1.9196,-0.002,6.3921,35.3765,9.3048,27.3633,36.1982
385.0,775.0,9.3629,38.1929,98.68,190.8483,0.0205,0.001,97.5307,202.9786,49.444,-16.9029,0.0,0.0001,1.9163,-0.0013,6.3957,35.3729,9.2734,27.3657,36.2019
386.0,777.0,9.3369,38.166,84.753,190.5219,0.0204,0.001,97.5499,202.9786,49.444,-16.9028,0.0,0.0001,1.9124,-0.0011,6.399,35.3698,9.2474,27.3675,36.205
387.0,779.0,9.3113,38.1414,96.6097,189.9076,0.0224,0.001,97.549,202.9787,49.444,-16.9028,0.0,0.0001,1.9079,-0.0014,6.3979,35.3685,9.2217,27.3708,36.2093
388.0,781.0,9.3178,38.1557,90.2855,189.4878,0.0217,0.001,97.5773,202.9787,49.444,-16.9028,0.0,0.0001,1.9055,-0.0015,6.3971,35.376,9.2279,27.3756,36.2138
389.0,783.0,9.3213,38.1605,98.68,189.7514,0.0203,0.001,97.5604,202.9787,49.444,-16.9028,0.0,0.0001,1.9035,-0.0006,6.4015,35.3767,9.2311,27.3756,36.2136
390.0,785.0,9.3049,38.1418,98.68,189.0669,0.0229,0.001,97.5769,202.9788,49.444,-16.9028,0.0,0.0001,1.8993,-0.0015,6.4081,35.3726,9.2147,27.3751,36.2139
391.0,787.0,9.2555,38.0929,98.68,188.9955,0.0224,0.001,97.5631,202.9788,49.444,-16.9028,0.0,0.0001,1.8972,-0.001,6.4075,35.3696,9.1653,27.3808,36.2218
392.0,789.0,9.2574,38.0998,98.68,188.9063,0.0189,0.001,97.5591,202.9788,49.444,-16.9027,0.0,0.0001,1.8953,-0.0006,6.4069,35.3738,9.1669,27.3839,36.2247
393.0,791.0,9.2551,38.0994,83.3074,188.5757,0.0224,0.001,97.5559,202.9789,49.4439,-16.9027,0.0,0.0001,1.893,-0.0007,6.4046,35.375,9.1644,27.3852,36.2262
394.0,793.0,9.2776,38.1296,96.8229,187.8954,0.0225,0.001,97.5703,202.9789,49.4439,-16.9027,0.0,0.0001,1.8898,-0.0015,6.4055,35.3833,9.1865,27.3881,36.2279
395.0,795.0,9.2659,38.1214,96.9267,188.1015,0.0181,0.001,97.5604,202.9789,49.4439,-16.9027,0.0,0.0001,1.888,-0.0006,6.4071,35.3851,9.1746,27.3915,36.2318
396.0,797.0,9.2513,38.1118,89.2217,187.1434,0.0189,0.001,97.5843,202.979,49.4439,-16.9027,0.0,0.0001,1.8837,-0.0016,6.4073,35.3885,9.1598,27.3965,36.2375
397.0,799.0,9.2458,38.1076,92.8887,187.5928,0.025,0.001,97.5658,202.979,49.4439,-16.9026,0.0,0.0001,1.8828,-0.0003,6.4077,35.3887,9.1541,27.3976,36.2388
398.0,801.0,9.2475,38.109,98.68,187.6115,0.022,0.001,97.5706,202.979,49.4439,-16.9026,0.0,0.0001,1.8823,-0.0004,6.4096,35.3878,9.1556,27.3967,36.2378
399.0,803.0,9.2406,38.1077,98.68,186.9558,0.0216,0.001,97.5801,202.9791,49.4439,-16.9026,0.0,0.0001,1.8791,-0.0009,6.4074,35.3923,9.1484,27.4013,36.2427
400.0,805.0,9.2445,38.1161,79.4248,186.8644,0.023,0.001,97.5849,202.9791,49.4439,-16.9026,0.0,0.0001,1.8767,-0.0005,6.4036,35.3962,9.1521,27.4038,36.245
401.0,807.0,9.2824,38.1676,97.5751,186.5806,0.0242,0.001,97.5724,202.9791,49.4439,-16.9026,0.0,0.0001,1.8757,-0.0007,6.4045,35.4113,9.1896,27.4095,36.2489
402.0,809.0,9.2797,38.1652,98.68,186.384,0.0232,0.001,97.5782,202.9792,49.4439,-16.9026,0.0,0.0001,1.874,-0.0007,6.4027,35.4108,9.1867,27.4096,36.2491
403.0,811.0,9.2793,38.1695,98.68,185.5531,0.0202,0.001,97.5793,202.9792,49.4439,-16.9025,0.0,0.0001,1.8694,-0.0014,6.401,35.4147,9.186,27.4128,36.2522
404.0,813.0,9.2878,38.1843,77.4045,185.7291,0.0189,0.001,97.5723,202.9792,49.4439,-16.9025,0.0,0.0001,1.8686,-0.0006,6.4013,35.4207,9.1941,27.4161,36.2551
405.0,815.0,9.2891,38.188,93.5437,185.718,0.0189,0.001,97.5725,202.9793,49.4439,-16.9025,0.0,0.0001,1.8665,-0.0005,6.4057,35.4223,9.1952,27.4172,36.2562
406.0,817.0,9.2124,38.1041,98.597,185.5353,0.0216,0.001,97.5764,202.9793,49.4439,-16.9025,0.0,0.0001,1.8628,-0.0013,6.4321,35.4099,9.1187,27.42,36.2624
407.0,819.0,9.0773,37.9518,98.68,186.0159,0.0231,0.001,97.5651,202.9793,49.4439,-16.9025,0.0,0.0001,1.862,0.0001,6.4297,35.3838,8.9842,27.4214,36.2701
408.0,821.0,9.0258,37.9012,98.68,186.5823,0.0225,0.001,97.5612,202.9794,49.4439,-16.9025,0.0,0.0001,1.8624,0.0005,6.4399,35.3809,8.9328,27.4274,36.2784
409.0,823.0,9.0275,37.9009,79.6121,186.4919,0.02,0.001,97.5729,202.9794,49.4439,-16.9025,0.0,0.0001,1.862,-0.0005,6.4568,35.3782,8.9343,27.4251,36.276
410.0,825.0,8.8972,37.7582,94.288,186.8926,0.0184,0.001,97.5681,202.9794,49.4439,-16.9024,0.0,0.0001,1.8612,-0.0004,6.4743,35.3571,8.8045,27.4293,36.2862
411.0,827.0,8.8054,37.6545,98.68,187.2671,0.0215,0.001,97.572,202.9795,49.4438,-16.9024,0.0,0.0001,1.8617,0.0005,6.4703,35.3385,8.7131,27.4293,36.2905
412.0,829.0,8.7862,37.6355,91.0869,187.4386,0.023,0.001,97.5751,202.9795,49.4438,-16.9024,0.0,0.0001,1.8627,0.0001,6.4718,35.3364,8.6938,27.4307,36.2928
413.0,831.0,8.8225,37.6825,98.68,187.4321,0.0215,0.001,97.581,202.9795,49.4438,-16.9024,0.0,0.0001,1.8621,0.0003,6.4658,35.3488,8.7295,27.4348,36.2951
414.0,833.0,8.9017,37.7842,98.68,186.516,0.0201,0.001,97.5849,202.9796,49.4438,-16.9024,0.0,0.0001,1.8612,-0.0011,6.4661,35.3759,8.808,27.4436,36.3
415.0,835.0,8.8833,37.761,98.68,186.9555,0.0211,0.001,97.5742,202.9796,49.4438,-16.9024,0.0,0.0001,1.8612,0.0003,6.455,35.3693,8.7895,27.4413,36.2987
416.0,837.0,8.9296,37.8205,72.8859,185.6208,0.0217,0.001,97.5828,202.9796,49.4438,-16.9023,0.0,0.0001,1.858,-0.0019,6.4565,35.3848,8.8353,27.4461,36.3013
417.0,839.0,8.9145,37.804,97.2662,186.2354,0.023,0.001,97.5856,202.9797,49.4438,-16.9023,0.0,0.0001,1.8562,-0.0004,6.4608,35.3813,8.82,27.4459,36.3017
418.0,841.0,8.8912,37.7775,98.68,186.0016,0.0211,0.001,97.5824,202.9797,49.4438,-16.9023,0.0,0.0001,1.8546,-0.0008,6.4658,35.376,8.7967,27.4454,36.3024
419.0,843.0,8.8538,37.7377,98.68,186.6551,0.0215,0.001,97.5859,202.9797,49.4438,-16.9023,0.0,0.0001,1.8552,0.0003,6.4658,35.3704,8.7593,27.447,36.3057
420.0,845.0,8.854,37.7386,79.7692,186.4434,0.0214,0.001,97.5879,202.9798,49.4438,-16.9023,0.0,0.0001,1.8554,-0.0002,6.4649,35.3702,8.7593,27.4468,36.3055
421.0,847.0,8.8885,37.7839,94.6662,186.0615,0.0233,0.001,97.5809,202.9798,49.4438,-16.9023,0.0,0.0001,1.8549,-0.0003,6.4535,35.3824,8.7933,27.451,36.308
422.0,849.0,8.9338,37.8477,98.68,184.49,0.0209,0.001,97.5873,202.9798,49.4438,-16.9022,0.0,0.0001,1.8486,-0.0025,6.4579,35.4034,8.838,27.4603,36.3151
423.0,851.0,8.9281,37.8408,98.68,184.8608,0.0195,0.001,97.5858,202.9799,49.4438,-16.9022,0.0,0.0001,1.8466,-0.0006,6.4522,35.4009,8.8321,27.4593,36.3143
424.0,853.0,8.9289,37.8435,98.68,184.5176,0.022,0.001,97.5947,202.9799,49.4438,-16.9022,0.0,0.0001,1.8437,-0.0008,6.4503,35.4021,8.8326,27.4601,36.3151
425.0,855.0,8.9843,37.9147,98.68,184.3064,0.0222,0.001,97.597,202.98,49.4438,-16.9022,0.0,0.0001,1.8426,-0.0006,6.4495,35.4206,8.8874,27.4658,36.3182
426.0,857.0,8.9695,37.8985,77.1517,183.4201,0.0221,0.001,97.5915,202.98,49.4438,-16.9022,0.0,0.0001,1.8382,-0.0021,6.4598,35.4177,8.8726,27.4659,36.319
427.0,859.0,8.8783,37.8014,95.3222,184.1307,0.0209,0.001,97.5998,202.98,49.4438,-16.9022,0.0,0.0001,1.8373,-0.0002,6.4556,35.4054,8.7817,27.4709,36.3281
428.0,861.0,8.8784,37.8035,96.6728,184.4359,0.0221,0.001,97.5697,202.98,49.4437,-16.9021,0.0,0.0001,1.8376,-0.0001,6.4637,35.4068,8.7815,27.472,36.3291
429.0,863.0,8.8603,37.787,93.2612,184.7285,0.0196,0.001,97.594,202.9801,49.4437,-16.9021,0.0,0.0001,1.8388,0.0005,6.4601,35.4063,8.7633,27.4745,36.3325
430.0,865.0,8.8753,37.8059,93.46,184.428,0.0209,0.001,97.5855,202.9801,49.4437,-16.9021,0.0,0.0001,1.84,-0.0001,6.4532,35.4105,8.7781,27.4755,36.3327
431.0,867.0,8.915,37.863,98.68,184.1039,0.0175,0.001,97.5824,202.9801,49.4437,-16.9021,0.0,0.0001,1.8373,-0.0005,6.4526,35.43,8.8173,27.4845,36.3397
432.0,869.0,8.9238,37.8773,98.68,183.8685,0.0213,0.001,97.5924,202.9802,49.4437,-16.9021,0.0,0.0001,1.8358,-0.0006,6.4553,35.4352,8.8256,27.4872,36.342
433.0,871.0,8.9148,37.8664,88.9838,183.5946,0.0229,0.001,97.5827,202.9802,49.4437,-16.902,0.0,0.0001,1.8331,-0.0007,6.458,35.4319,8.8165,27.4861,36.3413
434.0,873.0,8.9088,37.8716,98.33,182.9741,0.0204,0.001,97.5879,202.9803,49.4437,-16.902,0.0,0.0001,1.8305,-0.0013,6.4565,35.4423,8.8103,27.4952,36.3506
435.0,875.0,8.8529,37.8141,98.6742,183.6442,0.0195,0.001,97.5879,202.9803,49.4437,-16.902,0.0,0.0001,1.8305,-0.0003,6.4645,35.4366,8.7545,27.4996,36.3576
436.0,877.0,8.848,37.8079,98.68,183.4776,0.0209,0.001,97.5879,202.9803,49.4437,-16.902,0.0,0.0001,1.8288,-0.0004,6.465,35.4341,8.7494,27.4985,36.3567
437.0,879.0,8.8238,37.7878,78.2894,184.0472,0.0224,0.001,97.5879,202.9804,49.4437,-16.9019,0.0,0.0001,1.8298,0.0003,6.4703,35.4362,8.7251,27.504,36.3633
438.0,881.0,8.8063,37.7704,91.7506,183.8656,0.0222,0.001,97.5773,202.9804,49.4437,-16.9019,0.0,0.0001,1.8291,-0.0001,6.4693,35.4345,8.7075,27.5055,36.3656
439.0,883.0,8.81,37.7791,98.5975,184.0543,0.0204,0.001,97.5822,202.9804,49.4437,-16.9019,0.0,0.0001,1.8301,0.0001,6.4692,35.4388,8.711,27.5083,36.3681
440.0,885.0,8.8125,37.7852,98.68,184.0006,0.0176,0.001,97.5794,202.9805,49.4437,-16.9019,0.0,0.0001,1.8294,-0.0002,6.4735,35.4419,8.7132,27.5104,36.3701
441.0,887.0,8.787,37.7581,98.68,183.9634,0.0198,0.001,97.5676,202.9805,49.4437,-16.9018,0.0,0.0001,1.8291,-0.0002,6.4728,35.4379,8.6876,27.5113,36.3722
442.0,889.0,8.708,37.6686,89.8317,184.5692,0.0197,0.001,97.5856,202.9805,49.4437,-16.9018,0.0,0.0001,1.8291,-0.0001,6.4938,35.4214,8.6089,27.5109,36.3754
443.0,891.0,8.585,37.5281,95.1372,184.9283,0.0191,0.001,97.5848,202.9806,49.4437,-16.9018,0.0,0.0001,1.8278,-0.0002,6.5138,35.3948,8.4865,27.5092,36.3796
444.0,893.0,8.5158,37.4494,98.68,185.9815,0.0187,0.001,97.5879,202.9806,49.4436,-16.9018,0.0,0.0001,1.8306,0.0012,6.5129,35.3799,8.4175,27.5083,36.3819
445.0,895.0,8.5268,37.4635,87.1634,185.9747,0.0213,0.001,97.5792,202.9806,49.4436,-16.9017,0.0,0.0001,1.8331,0.0008,6.5042,35.383,8.4282,27.509,36.3821
446.0,897.0,8.5866,37.5385,98.68,185.7435,0.019,0.001,97.5746,202.9807,49.4436,-16.9017,0.0,0.0001,1.835,0.0007,6.4823,35.4017,8.4874,27.5145,36.3847
447.0,899.0,8.7355,37.7191,98.68,184.5479,0.0191,0.001,97.5729,202.9807,49.4436,-16.9017,0.0,0.0001,1.8332,-0.0016,6.4872,35.4426,8.635,27.5233,36.3864
448.0,901.0,8.7616,37.7501,92.058,184.4627,0.0213,0.001,97.5709,202.9807,49.4436,-16.9017,0.0,0.0001,1.8307,-0.0006,6.4787,35.4484,8.6608,27.5238,36.3857
449.0,903.0,8.7383,37.732,97.1287,184.0336,0.0195,0.001,97.581,202.9808,49.4436,-16.9016,0.0,0.0001,1.8279,-0.0008,6.4774,35.4515,8.6373,27.53,36.3928
450.0,905.0,8.7549,37.7543,97.2889,184.1576,0.0189,0.001,97.5765,202.9808,49.4436,-16.9016,0.0,0.0001,1.8273,-0.0004,6.4786,35.4575,8.6536,27.5321,36.3942
451.0,907.0,8.7366,37.7369,98.68,184.3098,0.0198,0.001,97.5823,202.9808,49.4436,-16.9016,0.0,0.0001,1.826,-0.0003,6.4861,35.4565,8.6352,27.5342,36.3971
452.0,909.0,8.6845,37.6819,85.6561,184.4022,0.0209,0.001,97.5855,202.9809,49.4436,-16.9016,0.0,0.0001,1.8254,-0.0001,6.4865,35.4498,8.5832,27.5372,36.4024
453.0,911.0,8.6875,37.6876,93.1087,184.3966,0.0207,0.001,97.5722,202.9809,49.4436,-16.9016,0.0,0.0001,1.8254,-0.0001,6.4858,35.4517,8.5859,27.5382,36.4034
454.0,913.0,8.6907,37.6932,98.68,184.2642,0.021,0.001,97.5751,202.981,49.4436,-16.9015,0.0,0.0001,1.8247,-0.0003,6.4858,35.4536,8.5889,27.5393,36.4042
455.0,915.0,8.6932,37.6994,98.68,184.4768,0.0207,0.001,97.5806,202.981,49.4436,-16.9015,0.0,0.0001,1.8248,0.0001,6.4851,35.4565,8.591,27.5412,36.406
456.0,917.0,8.6955,37.702,98.68,184.539,0.0191,0.001,97.562,202.981,49.4436,-16.9015,0.0,0.0001,1.8249,0.0001,6.4842,35.4564,8.5933,27.5407,36.4055
457.0,919.0,8.6965,37.7074,98.68,184.2063,0.02,0.001,97.5879,202.9811,49.4436,-16.9015,0.0,0.0001,1.8242,-0.0005,6.4883,35.4599,8.5939,27.5434,36.4081
458.0,921.0,8.6863,37.6963,98.68,184.4903,0.0195,0.001,97.5735,202.9811,49.4436,-16.9015,0.0,0.0001,1.8236,0.0001,6.4868,35.4576,8.5836,27.5432,36.4084
459.0,923.0,8.6716,37.6816,90.5398,184.5778,0.0194,0.001,97.5725,202.9811,49.4436,-16.9014,0.0,0.0001,1.8238,0.0,6.4898,35.4558,8.5688,27.5442,36.41
460.0,925.0,8.6599,37.6701,97.9733,184.6953,0.0191,0.001,97.5723,202.9812,49.4435,-16.9014,0.0,0.0001,1.8235,0.0001,6.4914,35.4543,8.5568,27.5449,36.4113
461.0,927.0,8.6549,37.6661,98.68,184.7526,0.022,0.001,97.5586,202.9812,49.4435,-16.9014,0.0,0.0001,1.824,0.0001,6.4906,35.4541,8.5517,27.5455,36.4121
462.0,929.0,8.6559,37.6678,92.6502,184.841,0.0219,0.001,97.562,202.9812,49.4435,-16.9014,0.0,0.0001,1.8242,0.0,6.4919,35.4542,8.5524,27.5455,36.412
463.0,931.0,8.6512,37.6641,98.68,184.1953,0.0198,0.001,97.5626,202.9813,49.4435,-16.9013,0.0,0.0001,1.8219,-0.001,6.4935,35.4539,8.5475,27.546,36.4128
464.0,933.0,8.6289,37.6415,98.68,185.0587,0.0207,0.001,97.5711,202.9813,49.4435,-16.9013,0.0,0.0001,1.823,0.0003,6.4979,35.4512,8.5251,27.5474,36.4153
465.0,935.0,8.6259,37.6386,93.0985,184.7751,0.0214,0.001,97.5491,202.9813,49.4435,-16.9013,0.0,0.0001,1.8223,-0.0002,6.4974,35.4507,8.522,27.5475,36.4155
466.0,937.0,8.577,37.5799,98.68,184.5262,0.0231,0.001,97.5654,202.9814,49.4435,-16.9013,0.0,0.0001,1.8212,-0.0007,6.5035,35.4365,8.4731,27.544,36.4144
467.0,939.0,8.5466,37.5535,98.6119,185.7457,0.0205,0.001,97.5529,202.9814,49.4435,-16.9013,0.0,0.0001,1.8234,0.0012,6.5007,35.4378,8.4427,27.5498,36.4214
468.0,941.0,8.5768,37.5894,98.68,185.2558,0.0195,0.001,97.5438,202.9814,49.4435,-16.9012,0.0,0.0001,1.8251,0.0003,6.4862,35.4448,8.4725,27.5507,36.4209
469.0,943.0,8.7084,37.7573,84.6482,184.3615,0.0177,0.001,97.5557,202.9815,49.4435,-16.9012,0.0,0.0001,1.8246,-0.0007,6.47,35.4896,8.6029,27.5652,36.4291
470.0,945.0,8.785,37.855,92.4397,183.6982,0.0197,0.001,97.5501,202.9815,49.4435,-16.9012,0.0,0.0001,1.8214,-0.001,6.4631,35.5151,8.6787,27.5733,36.4334
471.0,947.0,8.8258,37.9058,98.68,183.5081,0.0228,0.001,97.5595,202.9815,49.4435,-16.9012,0.0,0.0001,1.8195,-0.0009,6.4644,35.527,8.719,27.5762,36.4344
472.0,949.0,8.853,37.9383,98.5351,183.2391,0.02,0.001,97.5567,202.9816,49.4435,-16.9012,0.0,0.0001,1.8175,-0.0003,6.4518,35.533,8.7457,27.5766,36.4336
473.0,951.0,8.9052,38.0039,98.68,182.9923,0.0208,0.001,97.5557,202.9816,49.4435,-16.9012,0.0,0.0001,1.8164,-0.0005,6.4484,35.5488,8.7973,27.5808,36.4352
474.0,953.0,8.9475,38.0579,94.0527,182.3243,0.0194,0.001,97.5644,202.9816,49.4435,-16.9012,0.0,0.0001,1.8137,-0.0011,6.4458,35.5623,8.839,27.5847,36.437
475.0,955.0,8.9362,38.0445,91.0605,182.5923,0.0199,0.001,97.5577,202.9817,49.4434,-16.9011,0.0,0.0001,1.8129,-0.0002,6.4436,35.5588,8.8276,27.5838,36.4367
476.0,957.0,8.9535,38.0672,98.68,182.3138,0.0207,0.001,97.5591,202.9817,49.4434,-16.9011,0.0,0.0001,1.812,-0.0007,6.4443,35.5643,8.8446,27.5854,36.4375
477.0,959.0,8.9474,38.0612,94.2731,182.6517,0.0195,0.001,97.5475,202.9817,49.4434,-16.9011,0.0,0.0001,1.8115,0.0,6.4444,35.5631,8.8383,27.5854,36.4379
478.0,961.0,8.9456,38.06,98.68,182.7193,0.0217,0.001,97.555,202.9818,49.4434,-16.9011,0.0,0.0001,1.812,-0.0001,6.4447,35.5627,8.8362,27.5854,36.438
479.0,963.0,8.9446,38.0594,98.68,182.7899,0.0215,0.001,97.5474,202.9818,49.4434,-16.9011,0.0,0.0001,1.812,0.0001,6.445,35.5622,8.8349,27.5853,36.4379
480.0,965.0,8.9373,38.0516,98.68,182.8244,0.0194,0.001,97.5278,202.9819,49.4434,-16.901,0.0,0.0001,1.8107,-0.0006,6.4626,35.5605,8.8275,27.5851,36.438
481.0,967.0,8.8769,37.9841,80.9279,182.5916,0.022,0.001,97.5302,202.9819,49.4434,-16.901,0.0,0.0001,1.8071,-0.001,6.4726,35.549,8.7674,27.5857,36.4415
482.0,969.0,8.7416,37.8309,91.9402,183.5815,0.0214,0.001,97.5194,202.9819,49.4434,-16.901,0.0,0.0001,1.8097,0.0008,6.4687,35.5222,8.6328,27.5861,36.4481
483.0,971.0,8.6676,37.7563,97.4763,184.3588,0.0194,0.001,97.5057,202.9819,49.4434,-16.901,0.0,0.0001,1.8128,0.0004,6.4885,35.5166,8.5591,27.5934,36.4588
484.0,973.0,8.6338,37.726,98.68,185.7179,0.0175,0.001,97.503,202.982,49.4434,-16.901,0.0,0.0001,1.8181,0.0018,6.4915,35.5175,8.5252,27.5994,36.4662
485.0,975.0,8.6336,37.7306,93.2139,185.1517,0.0164,0.001,97.5027,202.982,49.4434,-16.901,0.0,0.0001,1.8181,0.0001,6.4922,35.5215,8.5249,27.6026,36.4694
486.0,977.0,8.6101,37.7077,96.3554,185.5435,0.0174,0.001,97.4986,202.982,49.4434,-16.901,0.0,0.0001,1.8193,0.0004,6.494,35.5196,8.5012,27.6049,36.4727
487.0,979.0,8.6076,37.7064,98.68,185.4951,0.0186,0.001,97.5082,202.9821,49.4434,-16.9009,0.0,0.0001,1.8193,0.0,6.4986,35.5201,8.4985,27.6056,36.4736
488.0,981.0,8.585,37.6822,98.68,185.8248,0.0188,0.001,97.5103,202.9821,49.4434,-16.9009,0.0,0.0001,1.82,0.0004,6.4964,35.5161,8.4758,27.6061,36.4751
489.0,983.0,8.5933,37.6945,98.68,185.7765,0.0171,0.001,97.5013,202.9821,49.4434,-16.9009,0.0,0.0001,1.8207,0.0001,6.4981,35.5198,8.4838,27.6077,36.4764
490.0,985.0,8.5934,37.6932,98.68,185.6731,0.018,0.001,97.4933,202.9822,49.4434,-16.9009,0.0,0.0001,1.8195,-0.0002,6.5019,35.5178,8.4838,27.6061,36.4748
491.0,987.0,8.5657,37.6644,98.68,186.1427,0.0192,0.001,97.5013,202.9822,49.4434,-16.9009,0.0,0.0001,1.8205,0.0004,6.5024,35.5141,8.456,27.6076,36.4775
492.0,989.0,8.5597,37.659,91.08,186.1295,0.0223,0.001,97.5013,202.9822,49.4434,-16.9009,0.0,0.0001,1.8213,0.0002,6.5029,35.5134,8.4498,27.608,36.4782
493.0,991.0,8.551,37.6501,96.7657,186.3573,0.021,0.001,97.5012,202.9823,49.4433,-16.9009,0.0,0.0001,1.8207,-0.0005,6.5252,35.5116,8.441,27.608,36.4787
494.0,993.0,8.4017,37.4803,98.68,186.9612,0.0207,0.001,97.5067,202.9823,49.4433,-16.9009,0.0,0.0001,1.8208,0.0006,6.5251,35.4805,8.2925,27.6066,36.4844
495.0,995.0,8.2366,37.3016,94.0872,187.8684,0.0167,0.001,97.4906,202.9824,49.4433,-16.9009,0.0,0.0001,1.8223,-0.0003,6.57,35.4554,8.1284,27.6121,36.4975
496.0,997.0,8.0712,37.1164,98.68,190.212,0.0182,0.001,97.4963,202.9824,49.4433,-16.9008,0.0,0.0001,1.8277,0.0022,6.5776,35.4229,7.964,27.6116,36.5049
497.0,999.0,8.0836,37.1273,93.6186,190.2238,0.018,0.001,97.4921,202.9825,49.4433,-16.9008,0.0,0.0001,1.8303,-0.0001,6.6099,35.4212,7.9761,27.6084,36.5012
498.0,1001.0,7.815,36.8242,98.6152,192.0585,0.0202,0.001,97.4975,202.9825,49.4433,-16.9008,0.0,0.0001,1.8332,0.0022,6.6153,35.3658,7.7093,27.6048,36.5104
499.0,1003.0,7.8221,36.8349,98.6745,192.1945,0.0227,0.001,97.4921,202.9825,49.4433,-16.9008,0.0,0.0001,1.8381,0.0009,6.617,35.3691,7.7161,27.6064,36.5117
500.0,1005.0,7.8348,36.8519,97.3367,191.8039,0.0207,0.001,97.504,202.9826,49.4433,-16.9008,0.0,0.0001,1.8388,-0.0001,6.6177,35.3736,7.7284,27.6081,36.5127
501.0,1007.0,7.8341,36.8524,94.9139,191.9049,0.0201,0.001,97.5349,202.9828,49.4433,-16.9007,0.0,0.0001,1.839,0.0,6.618,35.3739,7.7276,27.6085,36.5132
502.0,1009.0,7.8284,36.8474,93.3238,191.8468,0.0211,0.001,97.5548,202.9837,49.4431,-16.9005,0.0,0.0001,1.8381,0.0,6.6174,35.3733,7.7217,27.6088,36.5138
503.0,1011.0,7.8461,36.8684,93.4466,191.6436,0.0205,0.001,97.4374,202.9852,49.443,-16.9002,0.0,0.0001,1.837,0.0,6.6145,35.3773,7.7391,27.6094,36.5136
504.0,1013.0,7.8523,36.8761,67.0796,191.4682,0.0223,0.0011,97.3827,202.9859,49.4429,-16.9001,0.0,0.0001,1.8362,-0.0001,6.6138,35.3787,7.7451,27.6096,36.5135
