Datacycle,press,temp,cond,alt,oxygen,fluor,atten,trans,jday,lat,lon,PAR,UPAR,oxV,oxdVdt,oxysat,salin,potemp,sigma0,sigma2
1.0,1.0,15.0883,43.6399,32.5612,244.5944,1.3107,0.0047,88.8621,210.2639,48.98,-16.932,0.0,0.0001,2.7141,-0.0018,5.6577,35.5788,15.0881,26.3989,35.0037
2.0,3.0,15.089,43.6414,14.8205,245.8037,1.3069,0.0045,89.3405,210.264,48.98,-16.932,0.0,0.0001,2.7204,0.0006,5.6577,35.5788,15.0885,26.3988,35.0036
3.0,5.0,15.088,43.641,30.6667,245.8782,1.2874,0.0044,89.5138,210.2641,48.98,-16.932,0.0,0.0001,2.7221,0.0,5.6577,35.5788,15.0872,26.399,35.0039
4.0,7.0,15.0881,43.642,98.71,246.274,1.3001,0.0044,89.5923,210.2643,48.98,-16.9321,0.0,0.0001,2.7241,0.0001,5.6577,35.5787,15.087,26.3991,35.0039
5.0,9.0,15.0899,43.6449,98.71,246.7886,1.3184,0.0044,89.628,210.2644,48.9801,-16.9321,0.0,0.0001,2.7278,0.0006,5.6575,35.5788,15.0885,26.3988,35.0035
6.0,11.0,15.0911,43.647,98.71,246.9471,1.3499,0.0044,89.6289,210.2645,48.9801,-16.9321,0.0,0.0001,2.7295,0.0001,5.6574,35.5788,15.0894,26.3986,35.0033
7.0,13.0,15.0915,43.6482,98.71,247.0175,1.2999,0.0044,89.6583,210.2646,48.9801,-16.9321,0.0,0.0001,2.7299,0.0,5.6573,35.5788,15.0895,26.3986,35.0033
8.0,15.0,15.0917,43.6494,98.71,247.0855,1.295,0.0044,89.6671,210.2647,48.9801,-16.9321,0.0,0.0001,2.7299,-0.0001,5.6573,35.5789,15.0895,26.3986,35.0034
9.0,17.0,15.0883,43.6471,98.71,247.3846,1.2905,0.0044,89.6848,210.2648,48.9801,-16.9321,0.0,0.0001,2.7311,0.0004,5.6574,35.5788,15.0857,26.3994,35.0043
10.0,19.0,15.0902,43.6498,98.71,247.4967,1.2815,0.0043,89.7077,210.2648,48.9802,-16.9321,0.0,0.0001,2.7324,-0.0001,5.6575,35.5788,15.0873,26.3991,35.0039
11.0,21.0,15.0903,43.6505,98.71,247.3985,1.2951,0.0043,89.7117,210.2649,48.9802,-16.9321,0.0,0.0001,2.7314,-0.0002,5.6575,35.5787,15.0871,26.399,35.0039
12.0,23.0,15.0899,43.651,98.71,247.1603,1.2877,0.0043,89.6938,210.265,48.9802,-16.9321,0.0,0.0001,2.7284,-0.0003,5.6589,35.5788,15.0865,26.3992,35.0041
13.0,25.0,15.0257,43.5899,98.71,247.1433,1.2613,0.0042,89.9795,210.2651,48.9802,-16.9321,0.0,0.0001,2.7274,-0.0007,5.6632,35.5805,15.0219,26.4148,35.022
14.0,27.0,14.9689,43.5324,95.731,246.5285,1.2193,0.0041,90.3853,210.2651,48.9802,-16.9321,0.0,0.0001,2.7193,-0.0015,5.6733,35.579,14.9648,26.4263,35.0355
15.0,29.0,14.8766,43.4411,96.8535,246.2552,1.1534,0.0038,91.0457,210.2652,48.9802,-16.9321,0.0,0.0001,2.7115,-0.0015,5.6899,35.5786,14.8722,26.4464,35.0589
16.0,31.0,14.7452,43.3141,65.3275,241.9468,1.058,0.0035,91.6886,210.2653,48.9802,-16.9321,0.0,0.0001,2.6775,-0.0119,5.7421,35.5817,14.7406,26.4775,35.0947
17.0,33.0,14.2382,42.8115,80.965,241.7371,0.8208,0.0026,93.7241,210.2653,48.9802,-16.9321,0.0,0.0001,2.6512,-0.0089,5.8106,35.582,14.2334,26.5874,35.2231
18.0,35.0,12.9245,41.5247,75.0767,236.471,0.3818,0.001,97.4835,210.2654,48.9802,-16.9321,0.0,0.0001,2.5755,-0.004,5.8709,35.591,12.9196,26.8671,35.5519
19.0,37.0,13.0915,41.6675,98.71,236.1659,0.3622,0.001,97.6036,210.2655,48.9803,-16.9321,0.0,0.0001,2.5547,-0.0098,5.9781,35.5695,13.0865,26.8161,35.495
20.0,39.0,12.2601,40.8608,89.0717,235.1641,0.1589,0.0006,98.5269,210.2655,48.9803,-16.9321,0.0,0.0001,2.5225,-0.0023,6.0006,35.5772,12.2549,26.9882,35.699
21.0,41.0,12.2606,40.8563,98.71,234.6489,0.1045,0.0004,98.8662,210.2656,48.9803,-16.9321,0.0,0.0001,2.5134,-0.002,6.0132,35.5714,12.2552,26.9833,35.6942
22.0,43.0,12.0885,40.692,98.7017,235.0276,0.0851,0.0004,98.9807,210.2656,48.9803,-16.9321,0.0,0.0001,2.5114,-0.0008,6.0199,35.5745,12.0829,27.0195,35.7371
23.0,45.0,12.0646,40.6725,98.707,234.8875,0.0729,0.0004,99.1129,210.2657,48.9803,-16.9321,0.0,0.0001,2.5082,-0.0006,6.0244,35.5774,12.0587,27.0265,35.7449
24.0,47.0,12.0091,40.6155,98.7027,235.3379,0.0716,0.0003,99.2478,210.2658,48.9803,-16.9321,0.0,0.0001,2.508,0.0002,6.0295,35.5735,12.0029,27.0342,35.7549
25.0,49.0,11.9874,40.592,98.71,235.2821,0.0577,0.0003,99.338,210.2658,48.9803,-16.9321,0.0,0.0001,2.5075,-0.0001,6.0308,35.5704,11.981,27.036,35.7576
26.0,51.0,11.9791,40.586,98.6991,235.2234,0.057,0.0002,99.3629,210.2659,48.9803,-16.9321,0.0,0.0001,2.5076,-0.0007,6.0324,35.5716,11.9724,27.0386,35.7606
27.0,53.0,11.9654,40.5728,98.7079,235.0512,0.0507,0.0002,99.4672,210.2659,48.9803,-16.9321,0.0,0.0001,2.5032,0.0,6.0357,35.5709,11.9585,27.0407,35.7632
28.0,55.0,11.9283,40.5345,98.7062,235.5139,0.0482,0.0002,99.5249,210.266,48.9803,-16.9321,0.0,0.0001,2.5055,0.0002,6.0385,35.5679,11.9212,27.0455,35.7696
29.0,57.0,11.9129,40.5171,98.705,235.2795,0.0474,0.0002,99.5836,210.2661,48.9803,-16.9321,0.0,0.0001,2.5032,-0.0006,6.0432,35.5647,11.9055,27.0461,35.7708
30.0,59.0,11.8877,40.4911,98.7069,235.1539,0.042,0.0001,99.6074,210.2661,48.9803,-16.9321,0.0,0.0001,2.5006,-0.0003,6.044,35.5622,11.88,27.049,35.7747
31.0,61.0,11.8863,40.4895,98.7053,235.3217,0.039,0.0001,99.6638,210.2662,48.9803,-16.9321,0.0,0.0001,2.5007,0.0001,6.0446,35.5614,11.8784,27.0487,35.7745
32.0,63.0,11.8515,40.4548,98.695,235.0747,0.0394,0.0001,99.6807,210.2663,48.9803,-16.9321,0.0,0.0001,2.4991,-0.0007,6.0471,35.5593,11.8433,27.0538,35.781
33.0,65.0,11.8491,40.4532,98.7077,234.9628,0.0373,0.0001,99.7105,210.2663,48.9803,-16.9321,0.0,0.0001,2.4975,-0.0004,6.046,35.5595,11.8408,27.0544,35.7817
34.0,67.0,11.8401,40.4469,98.6982,234.776,0.0348,0.0001,99.7309,210.2663,48.9803,-16.9321,0.0,0.0001,2.4935,0.0,6.0478,35.5606,11.8314,27.0571,35.7847
35.0,69.0,11.8372,40.4453,98.7078,234.7284,0.0313,0.0001,99.7548,210.2664,48.9803,-16.9321,0.0,0.0001,2.4929,-0.0004,6.0508,35.5612,11.8283,27.0581,35.7859
36.0,71.0,11.8192,40.4282,98.696,234.0823,0.0305,0.0001,99.7788,210.2665,48.9803,-16.9321,0.0,0.0001,2.4876,-0.0009,6.0535,35.5606,11.81,27.0611,35.7897
37.0,73.0,11.8118,40.4211,98.68,234.1172,0.0307,0.0001,99.7635,210.2665,48.9803,-16.9321,0.0,0.0001,2.4857,-0.0003,6.054,35.5599,11.8024,27.0621,35.7909
38.0,75.0,11.7965,40.4058,98.7025,234.2385,0.0354,0.0001,99.7709,210.2666,48.9803,-16.9321,0.0,0.0001,2.4852,0.0,6.0563,35.5588,11.7868,27.0642,35.7936
39.0,77.0,11.7813,40.3898,98.6975,234.4915,0.0338,0.0001,99.7797,210.2666,48.9803,-16.9321,0.0,0.0001,2.4859,-0.0001,6.0598,35.5567,11.7714,27.0654,35.7955
40.0,79.0,11.7526,40.3595,98.7078,234.7578,0.0321,0.0001,99.7704,210.2667,48.9803,-16.9321,0.0,0.0001,2.4856,0.0,6.0658,35.5535,11.7424,27.0684,35.7997
41.0,81.0,11.7048,40.306,98.6999,234.7666,0.0385,0.0001,99.7566,210.2667,48.9803,-16.9321,0.0,0.0001,2.4865,-0.0002,6.0639,35.5458,11.6944,27.0716,35.8049
42.0,83.0,11.6876,40.2888,98.7025,236.5607,0.0341,0.0001,99.7246,210.2668,48.9803,-16.9322,0.0,0.0001,2.4911,0.004,6.0641,35.5441,11.6769,27.0735,35.8076
43.0,85.0,11.6989,40.3036,98.704,235.1157,0.0365,0.0001,99.756,210.2669,48.9803,-16.9322,0.0,0.0001,2.489,-0.0006,6.0655,35.5471,11.688,27.0738,35.8074
44.0,87.0,11.6837,40.2882,98.71,235.484,0.0346,0.0001,99.743,210.2669,48.9803,-16.9322,0.0,0.0001,2.4877,0.0007,6.0686,35.5456,11.6725,27.0756,35.8098
45.0,89.0,11.6791,40.2851,98.7014,235.8286,0.0348,0.0001,99.7189,210.267,48.9803,-16.9322,0.0,0.0001,2.4906,0.0002,6.0701,35.5462,11.6677,27.0769,35.8113
46.0,91.0,11.6588,40.2646,98.7025,236.0003,0.033,0.0001,99.7507,210.267,48.9803,-16.9322,0.0,0.0001,2.4908,0.0001,6.0729,35.5443,11.6471,27.0794,35.8147
47.0,93.0,11.6492,40.2563,98.7012,236.2037,0.0326,0.0001,99.7427,210.2671,48.9803,-16.9322,0.0,0.0001,2.4926,0.0001,6.0721,35.5447,11.6373,27.0815,35.8171
48.0,95.0,11.6497,40.2626,98.7042,236.7331,0.0308,0.0001,99.7483,210.2672,48.9803,-16.9322,0.0,0.0001,2.493,0.0014,6.0732,35.5491,11.6375,27.0849,35.8205
49.0,97.0,11.6528,40.267,98.7014,236.1406,0.034,0.0001,99.7385,210.2672,48.9803,-16.9322,0.0,0.0001,2.492,-0.0003,6.0726,35.55,11.6405,27.085,35.8205
50.0,99.0,11.6584,40.2775,98.6965,235.649,0.0331,0.0001,99.7357,210.2673,48.9803,-16.9322,0.0,0.0001,2.488,-0.0009,6.0739,35.5537,11.6456,27.0869,35.8221
51.0,101.0,11.651,40.2706,98.7025,235.9168,0.0306,0.0001,99.7182,210.2673,48.9803,-16.9322,0.0,0.0001,2.4879,0.0001,6.0733,35.5534,11.638,27.0882,35.8237
52.0,103.0,11.6551,40.2783,98.7035,236.0662,0.0311,0.0001,99.727,210.2674,48.9803,-16.9322,0.0,0.0001,2.4884,0.0002,6.0731,35.5561,11.6419,27.0895,35.8248
53.0,105.0,11.7023,40.338,98.7041,235.7876,0.0307,0.0001,99.7043,210.2675,48.9803,-16.9322,0.0,0.0001,2.4868,-0.0002,6.0724,35.5688,11.6888,27.0905,35.8238
54.0,107.0,11.6998,40.3348,98.71,235.2889,0.0311,0.0001,99.6956,210.2677,48.9803,-16.9323,0.0,0.0001,2.4846,-0.0008,6.0685,35.5673,11.6861,27.0899,35.8232
55.0,109.0,11.6955,40.3373,98.705,235.1758,0.0296,0.0001,99.6936,210.2677,48.9803,-16.9323,0.0,0.0001,2.4814,-0.0004,6.0708,35.5731,11.6815,27.0952,35.8287
56.0,111.0,11.6635,40.2998,98.71,235.3966,0.0433,0.0001,99.659,210.2678,48.9803,-16.9323,0.0,0.0001,2.4819,-0.0002,6.072,35.5657,11.6492,27.0956,35.8304
57.0,113.0,11.6595,40.2943,98.695,236.1176,0.0311,0.0001,99.6669,210.2679,48.9803,-16.9323,0.0,0.0001,2.4827,0.0015,6.074,35.5633,11.6451,27.0945,35.8296
58.0,115.0,11.6484,40.284,98.7021,235.9976,0.0283,0.0001,99.6631,210.2679,48.9803,-16.9323,0.0,0.0001,2.4842,0.0002,6.0753,35.5629,11.6336,27.0964,35.8319
59.0,117.0,11.6393,40.2738,98.705,235.8531,0.0285,0.0001,99.6532,210.268,48.9803,-16.9323,0.0,0.0001,2.4838,-0.0006,6.078,35.5609,11.6244,27.0965,35.8325
60.0,119.0,11.5772,40.2026,98.7019,236.4666,0.0312,0.0001,99.6192,210.2681,48.9803,-16.9323,0.0,0.0001,2.4866,-0.0003,6.0799,35.549,11.562,27.0991,35.8376
61.0,121.0,11.5667,40.1914,98.7032,237.307,0.0304,0.0002,99.6104,210.2681,48.9803,-16.9323,0.0,0.0001,2.489,0.0017,6.0796,35.5473,11.5513,27.0997,35.8388
62.0,123.0,11.5623,40.1877,98.7075,237.4224,0.0311,0.0002,99.6014,210.2682,48.9803,-16.9323,0.0,0.0001,2.492,0.0004,6.0818,35.5467,11.5466,27.1002,35.8394
63.0,125.0,11.5578,40.184,98.7,238.101,0.0291,0.0002,99.5989,210.2682,48.9803,-16.9324,0.0,0.0001,2.4939,0.0017,6.0825,35.5465,11.5418,27.1009,35.8403
64.0,127.0,11.558,40.1855,98.7006,237.7846,0.0289,0.0002,99.5965,210.2683,48.9803,-16.9323,0.0,0.0001,2.4938,-0.0004,6.0889,35.5472,11.5419,27.1015,35.8409
65.0,129.0,11.5224,40.1467,98.7046,239.0611,0.0299,0.0002,99.5805,210.2684,48.9803,-16.9324,0.0,0.0001,2.5014,0.0007,6.0892,35.5419,11.506,27.104,35.845
66.0,131.0,11.5157,40.1393,98.7054,240.0825,0.032,0.0002,99.5727,210.2684,48.9803,-16.9324,0.0,0.0001,2.5042,0.0025,6.0925,35.5402,11.4991,27.104,35.8452
67.0,133.0,11.5099,40.1351,98.7062,239.8119,0.0323,0.0002,99.5555,210.2685,48.9803,-16.9324,0.0,0.0001,2.5071,0.0002,6.0917,35.5406,11.4929,27.1055,35.847
68.0,135.0,11.5135,40.1402,98.7025,239.7341,0.0299,0.0002,99.5651,210.2685,48.9803,-16.9324,0.0,0.0001,2.5059,-0.0001,6.0936,35.5412,11.4963,27.1054,35.8467
69.0,137.0,11.5008,40.1283,98.7079,239.6492,0.0333,0.0002,99.5394,210.2686,48.9803,-16.9324,0.0,0.0001,2.5056,-0.0003,6.0936,35.5408,11.4834,27.1075,35.8493
70.0,139.0,11.494,40.1208,98.71,240.0503,0.0319,0.0002,99.5225,210.2687,48.9803,-16.9324,0.0,0.0001,2.505,0.0008,6.0938,35.5391,11.4763,27.1074,35.8496
71.0,141.0,11.4853,40.1132,98.7087,240.1031,0.0295,0.0002,99.526,210.2687,48.9803,-16.9324,0.0,0.0001,2.5071,0.0002,6.0944,35.5391,11.4674,27.1091,35.8517
72.0,143.0,11.485,40.1147,98.71,240.2765,0.0359,0.0002,99.5225,210.2688,48.9803,-16.9324,0.0,0.0001,2.5062,0.0006,6.0963,35.5398,11.4668,27.1098,35.8523
73.0,145.0,11.4826,40.1127,98.7091,240.3554,0.0325,0.0002,99.4974,210.2688,48.9803,-16.9324,0.0,0.0001,2.5086,-0.0002,6.0964,35.5393,11.4642,27.1099,35.8525
74.0,147.0,11.4748,40.1052,98.71,241.7114,0.035,0.0002,99.4936,210.2689,48.9803,-16.9324,0.0,0.0001,2.5115,0.0029,6.0979,35.5385,11.4561,27.1107,35.8537
75.0,149.0,11.4678,40.0989,98.7025,241.2751,0.0313,0.0002,99.4972,210.2689,48.9803,-16.9324,0.0,0.0001,2.5139,0.0002,6.0983,35.5382,11.4489,27.1119,35.8551
76.0,151.0,11.4669,40.0988,98.6977,242.1311,0.0328,0.0002,99.4885,210.269,48.9803,-16.9324,0.0,0.0001,2.5171,0.0014,6.0991,35.5379,11.4477,27.1119,35.8552
77.0,153.0,11.465,40.0975,98.7025,242.191,0.0315,0.0002,99.4875,210.2691,48.9803,-16.9324,0.0,0.0001,2.5192,0.0004,6.1001,35.5378,11.4456,27.1122,35.8556
78.0,155.0,11.4593,40.0927,98.705,242.0768,0.0302,0.0002,99.4839,210.2691,48.9803,-16.9324,0.0,0.0001,2.5199,-0.0005,6.1003,35.5375,11.4397,27.1131,35.8567
79.0,157.0,11.4514,40.0873,98.71,242.2307,0.0314,0.0002,99.4693,210.2692,48.9803,-16.9324,0.0,0.0001,2.5196,-0.0002,6.1011,35.5386,11.4314,27.1155,35.8594
80.0,159.0,11.4492,40.0863,98.71,242.555,0.0286,0.0002,99.4857,210.2692,48.9803,-16.9324,0.0,0.0001,2.52,0.0007,6.101,35.539,11.4291,27.1162,35.8603
81.0,161.0,11.446,40.085,98.705,242.6287,0.0259,0.0002,99.4721,210.2693,48.9803,-16.9324,0.0,0.0001,2.5212,0.0002,6.1011,35.5397,11.4254,27.1174,35.8616
82.0,163.0,11.4491,40.0883,98.7025,241.83,0.028,0.0002,99.4647,210.2694,48.9803,-16.9324,0.0,0.0001,2.5168,-0.0013,6.1031,35.5394,11.4285,27.1167,35.8607
83.0,165.0,11.4383,40.0798,98.71,241.7479,0.0281,0.0002,99.4671,210.2694,48.9803,-16.9324,0.0,0.0001,2.5147,-0.0009,6.1027,35.5404,11.4173,27.1195,35.864
84.0,167.0,11.4365,40.0792,98.7031,242.0333,0.0258,0.0002,99.4675,210.2695,48.9803,-16.9325,0.0,0.0001,2.5145,0.0002,6.1023,35.5407,11.4154,27.1201,35.8647
85.0,169.0,11.4341,40.0788,98.71,242.3107,0.028,0.0002,99.4367,210.2695,48.9803,-16.9325,0.0,0.0001,2.5158,0.0002,6.103,35.5415,11.4126,27.1213,35.866
86.0,171.0,11.4354,40.0813,98.7025,242.127,0.0286,0.0002,99.4543,210.2696,48.9803,-16.9325,0.0,0.0001,2.5143,0.0,6.1035,35.5417,11.4136,27.1212,35.8658
87.0,173.0,11.4363,40.083,98.7082,242.6214,0.0294,0.0002,99.4492,210.2697,48.9803,-16.9325,0.0,0.0001,2.5168,0.0003,6.1039,35.5416,11.4143,27.121,35.8656
88.0,175.0,11.433,40.0809,98.6997,241.6674,0.0298,0.0002,99.445,210.2697,48.9803,-16.9325,0.0,0.0001,2.5136,-0.0019,6.1046,35.5421,11.4108,27.122,35.8668
89.0,177.0,11.4259,40.0762,98.71,242.428,0.0313,0.0002,99.4346,210.2698,48.9803,-16.9325,0.0,0.0001,2.5148,0.0001,6.1044,35.5434,11.4035,27.1244,35.8694
90.0,179.0,11.4259,40.0774,98.71,242.2159,0.0262,0.0002,99.4359,210.2698,48.9803,-16.9325,0.0,0.0001,2.5136,-0.0004,6.1049,35.5436,11.4032,27.1246,35.8696
91.0,181.0,11.4194,40.0728,98.71,241.982,0.0253,0.0002,99.428,210.2699,48.9803,-16.9325,0.0,0.0001,2.5105,-0.0002,6.1049,35.544,11.3964,27.1262,35.8715
92.0,183.0,11.4192,40.073,98.71,242.1573,0.0236,0.0002,99.4315,210.2699,48.9803,-16.9325,0.0,0.0001,2.5108,-0.0001,6.106,35.544,11.396,27.1263,35.8716
93.0,185.0,11.4119,40.0669,98.7037,241.6487,0.025,0.0002,99.4229,210.27,48.9803,-16.9325,0.0,0.0001,2.5075,-0.0007,6.1063,35.5439,11.3884,27.1276,35.8733
94.0,187.0,11.409,40.0659,98.7014,241.6583,0.0233,0.0002,99.4263,210.2701,48.9803,-16.9325,0.0,0.0001,2.5055,-0.0002,6.1068,35.5447,11.3852,27.1289,35.8746
95.0,189.0,11.4076,40.0653,98.7008,241.5643,0.0251,0.0002,99.4242,210.2701,48.9803,-16.9325,0.0,0.0001,2.5051,-0.0004,6.1065,35.5449,11.3836,27.1293,35.8751
96.0,191.0,11.4055,40.0651,98.71,241.3181,0.0284,0.0002,99.4359,210.2702,48.9803,-16.9325,0.0,0.0001,2.5019,-0.0003,6.1067,35.5455,11.3812,27.1302,35.8761
97.0,193.0,11.4048,40.0651,98.71,241.5869,0.0236,0.0002,99.426,210.2702,48.9803,-16.9325,0.0,0.0001,2.5029,0.0001,6.1071,35.5455,11.3803,27.1304,35.8763
98.0,195.0,11.4039,40.0648,98.7025,241.1508,0.0271,0.0002,99.4291,210.2703,48.9803,-16.9325,0.0,0.0001,2.501,-0.0009,6.1079,35.5451,11.3792,27.1303,35.8762
99.0,197.0,11.3982,40.061,98.71,241.3513,0.0228,0.0002,99.4366,210.2704,48.9803,-16.9325,0.0,0.0001,2.5,-0.0001,6.1084,35.5458,11.3732,27.1319,35.8781
100.0,199.0,11.3944,40.0584,98.7053,240.9085,0.0235,0.0002,99.4359,210.2704,48.9803,-16.9325,0.0,0.0001,2.4975,-0.0009,6.109,35.546,11.3692,27.1328,35.8792
101.0,201.0,11.3934,40.0591,98.7017,240.9681,0.0216,0.0002,99.4255,210.2705,48.9803,-16.9325,0.0,0.0001,2.4962,-0.0003,6.1086,35.5467,11.3678,27.1336,35.88
102.0,203.0,11.3959,40.0634,98.7025,240.9274,0.0239,0.0002,99.4189,210.2705,48.9803,-16.9326,0.0,0.0001,2.4948,-0.0001,6.1084,35.5479,11.3701,27.1341,35.8805
103.0,205.0,11.3989,40.0694,98.71,241.2311,0.0211,0.0002,99.4174,210.2706,48.9803,-16.9326,0.0,0.0001,2.4968,0.0001,6.1082,35.55,11.3728,27.1353,35.8814
104.0,207.0,11.4001,40.0718,98.7021,241.2356,0.022,0.0002,99.4134,210.2707,48.9803,-16.9326,0.0,0.0001,2.4961,0.0002,6.1079,35.5504,11.3738,27.1354,35.8815
105.0,209.0,11.4015,40.0748,98.7025,241.279,0.0219,0.0002,99.3982,210.2707,48.9803,-16.9326,0.0,0.0001,2.4965,-0.0001,6.1078,35.551,11.375,27.1357,35.8817
106.0,211.0,11.4017,40.0759,98.7095,240.9042,0.0249,0.0002,99.3971,210.2708,48.9803,-16.9326,0.0,0.0001,2.4942,-0.0006,6.1077,35.5511,11.3749,27.1357,35.8818
107.0,213.0,11.4023,40.0779,98.71,240.9544,0.0225,0.0002,99.3992,210.2708,48.9803,-16.9326,0.0,0.0001,2.4927,-0.0001,6.1076,35.5514,11.3752,27.1359,35.8819
108.0,215.0,11.4025,40.0791,98.71,241.1873,0.0229,0.0002,99.401,210.2709,48.9803,-16.9326,0.0,0.0001,2.4931,0.0004,6.1076,35.5515,11.3751,27.136,35.8821
109.0,217.0,11.4032,40.0806,98.71,240.9812,0.0211,0.0002,99.3902,210.2709,48.9803,-16.9326,0.0,0.0001,2.4934,-0.0006,6.1074,35.5517,11.3756,27.1361,35.8821
110.0,219.0,11.4051,40.0851,98.7072,240.9909,0.0217,0.0002,99.3916,210.271,48.9803,-16.9326,0.0,0.0001,2.4917,-0.0001,6.1073,35.5531,11.3772,27.1368,35.8828
111.0,221.0,11.4052,40.0858,98.7046,241.0288,0.0234,0.0002,99.386,210.271,48.9803,-16.9326,0.0,0.0001,2.4916,-0.0001,6.1071,35.5531,11.3772,27.1369,35.8829
112.0,223.0,11.4064,40.0884,98.71,240.6946,0.0257,0.0002,99.3748,210.2711,48.9803,-16.9327,0.0,0.0001,2.4896,-0.0006,6.107,35.5537,11.3781,27.1371,35.883
113.0,225.0,11.4069,40.0899,98.71,241.187,0.0235,0.0002,99.3827,210.2711,48.9803,-16.9327,0.0,0.0001,2.4904,0.0005,6.1068,35.5538,11.3784,27.1372,35.8831
114.0,227.0,11.4081,40.0924,98.71,240.8656,0.0231,0.0002,99.3824,210.2712,48.9803,-16.9327,0.0,0.0001,2.4898,-0.0006,6.1068,35.5541,11.3792,27.1373,35.8831
115.0,229.0,11.4086,40.0941,98.6966,240.8291,0.0219,0.0002,99.3739,210.2712,48.9803,-16.9327,0.0,0.0001,2.489,-0.0004,6.1066,35.5544,11.3795,27.1375,35.8833
116.0,231.0,11.4106,40.0973,98.71,240.8331,0.0204,0.0002,99.373,210.2713,48.9803,-16.9327,0.0,0.0001,2.4871,-0.0001,6.1064,35.5548,11.3812,27.1375,35.8832
117.0,233.0,11.4146,40.1037,98.71,241.3677,0.0222,0.0003,99.3679,210.2713,48.9803,-16.9327,0.0,0.0001,2.49,0.0006,6.1063,35.5562,11.3849,27.1378,35.8834
118.0,235.0,11.4137,40.1038,98.71,241.3665,0.0209,0.0003,99.361,210.2714,48.9803,-16.9327,0.0,0.0001,2.4907,0.0001,6.1056,35.5559,11.3838,27.1378,35.8834
119.0,237.0,11.4165,40.1079,98.71,240.942,0.0267,0.0002,99.3759,210.2714,48.9803,-16.9327,0.0,0.0001,2.4889,-0.0009,6.1056,35.5569,11.3863,27.1382,35.8837
120.0,239.0,11.4168,40.1097,98.71,241.4022,0.0224,0.0002,99.3652,210.2715,48.9803,-16.9328,0.0,0.0001,2.4899,0.0002,6.1055,35.5573,11.3863,27.1385,35.884
121.0,241.0,11.4171,40.1107,98.7025,241.2265,0.0205,0.0003,99.3535,210.2715,48.9803,-16.9328,0.0,0.0001,2.4886,-0.0001,6.1055,35.5573,11.3864,27.1384,35.8839
122.0,243.0,11.4173,40.1121,98.71,241.2783,0.0215,0.0003,99.3592,210.2716,48.9803,-16.9328,0.0,0.0001,2.4883,0.0,6.1055,35.5575,11.3864,27.1386,35.8841
123.0,245.0,11.4175,40.1132,98.695,241.28,0.0232,0.0003,99.3617,210.2716,48.9803,-16.9328,0.0,0.0001,2.4882,-0.0003,6.1055,35.5575,11.3863,27.1386,35.8841
124.0,247.0,11.4169,40.1141,98.71,241.3303,0.0214,0.0003,99.3553,210.2717,48.9803,-16.9328,0.0,0.0001,2.4881,-0.0001,6.1055,35.5579,11.3853,27.1391,35.8847
125.0,249.0,11.4174,40.1151,98.71,240.9448,0.0208,0.0003,99.3599,210.2717,48.9803,-16.9328,0.0,0.0001,2.4856,-0.0008,6.1056,35.5577,11.3857,27.1389,35.8844
126.0,251.0,11.4163,40.1148,98.71,240.9385,0.0173,0.0002,99.369,210.2717,48.9803,-16.9328,0.0,0.0001,2.4848,-0.0006,6.1055,35.5577,11.3843,27.1391,35.8847
127.0,253.0,11.4158,40.1152,98.7037,241.5892,0.0225,0.0003,99.3552,210.2718,48.9803,-16.9328,0.0,0.0001,2.4873,0.0005,6.1055,35.5577,11.3836,27.1392,35.8849
128.0,255.0,11.4167,40.1168,98.71,241.3085,0.0221,0.0003,99.3606,210.2718,48.9803,-16.9328,0.0,0.0001,2.4872,-0.0006,6.1056,35.5575,11.3843,27.139,35.8846
129.0,257.0,11.4155,40.1166,98.71,241.4891,0.0236,0.0003,99.3645,210.2719,48.9803,-16.9328,0.0,0.0001,2.4862,0.0001,6.1058,35.5574,11.3828,27.1392,35.8849
130.0,259.0,11.4124,40.1138,98.695,241.138,0.0194,0.0002,99.3695,210.2719,48.9803,-16.9329,0.0,0.0001,2.4847,-0.0007,6.1063,35.5569,11.3794,27.1394,35.8852
131.0,261.0,11.4087,40.1102,98.71,241.1027,0.0228,0.0003,99.3627,210.272,48.9803,-16.9329,0.0,0.0001,2.483,-0.0004,6.1073,35.556,11.3755,27.1395,35.8854
132.0,263.0,11.3994,40.1006,98.7025,240.9789,0.0219,0.0002,99.3691,210.272,48.9803,-16.9329,0.0,0.0001,2.4811,-0.0004,6.1079,35.5544,11.3659,27.14,35.8864
133.0,265.0,11.3958,40.0973,98.6962,241.2809,0.0219,0.0002,99.3694,210.2721,48.9803,-16.9329,0.0,0.0001,2.4814,0.0002,6.1087,35.5538,11.3621,27.1402,35.8868
134.0,267.0,11.3928,40.0948,98.7031,240.6735,0.0196,0.0002,99.3781,210.2721,48.9803,-16.9329,0.0,0.0001,2.4784,-0.0009,6.1088,35.5533,11.3589,27.1404,35.8871
135.0,269.0,11.3922,40.0951,98.71,241.2543,0.0214,0.0002,99.3758,210.2722,48.9803,-16.9329,0.0,0.0001,2.4804,0.0001,6.1092,35.5532,11.3579,27.1405,35.8873
136.0,271.0,11.3917,40.0945,98.71,240.3236,0.0219,0.0002,99.3781,210.2722,48.9803,-16.9329,0.0,0.0001,2.4762,-0.0017,6.1095,35.5523,11.3572,27.14,35.8867
137.0,273.0,11.3819,40.0852,98.7083,240.8832,0.0291,0.0003,99.3588,210.2723,48.9803,-16.9329,0.0,0.0001,2.4764,0.0,6.1096,35.5515,11.3471,27.1412,35.8884
138.0,275.0,11.3838,40.0879,98.6992,240.0359,0.0245,0.0003,99.3619,210.2723,48.9803,-16.9329,0.0,0.0001,2.4734,-0.0021,6.1116,35.5518,11.3488,27.1411,35.8882
139.0,277.0,11.3699,40.0733,98.69,240.5025,0.0227,0.0002,99.3668,210.2723,48.9803,-16.933,0.0,0.0001,2.473,-0.0003,6.1106,35.5494,11.3346,27.1419,35.8896
140.0,279.0,11.3691,40.0729,98.6942,240.656,0.0189,0.0003,99.3577,210.2724,48.9803,-16.933,0.0,0.0001,2.473,-0.0001,6.1111,35.5492,11.3337,27.142,35.8897
141.0,281.0,11.3688,40.0736,98.71,240.823,0.0243,0.0002,99.3781,210.2724,48.9803,-16.933,0.0,0.0001,2.4719,0.0004,6.1117,35.5492,11.333,27.1421,35.8899
142.0,283.0,11.3648,40.0705,98.71,240.9191,0.0234,0.0002,99.3741,210.2725,48.9803,-16.933,0.0,0.0001,2.473,0.0001,6.1122,35.5489,11.3288,27.1426,35.8905
143.0,285.0,11.3665,40.0725,98.71,239.7892,0.0246,0.0002,99.3817,210.2725,48.9803,-16.933,0.0,0.0001,2.4684,-0.0021,6.1136,35.5484,11.3303,27.142,35.8899
144.0,287.0,11.3526,40.0585,98.71,240.5433,0.0194,0.0002,99.3792,210.2725,48.9803,-16.933,0.0,0.0001,2.4685,0.0003,6.1131,35.5469,11.3161,27.1434,35.8919
145.0,289.0,11.3561,40.0633,98.7,240.6787,0.0221,0.0002,99.398,210.2726,48.9803,-16.933,0.0,0.0001,2.4696,-0.0002,6.1151,35.5475,11.3194,27.1433,35.8916
146.0,291.0,11.3454,40.0514,98.71,239.6476,0.0223,0.0002,99.407,210.2726,48.9803,-16.933,0.0,0.0001,2.4642,-0.002,6.1178,35.5453,11.3084,27.1436,35.8924
147.0,293.0,11.3243,40.0301,98.7046,239.9306,0.0215,0.0002,99.4003,210.2727,48.9803,-16.933,0.0,0.0001,2.4647,-0.001,6.1169,35.5433,11.287,27.146,35.8958
148.0,295.0,11.3238,40.03,98.7,240.678,0.0214,0.0002,99.3903,210.2727,48.9803,-16.933,0.0,0.0001,2.4658,0.0006,6.1171,35.5431,11.2864,27.1459,35.8957
149.0,297.0,11.3201,40.0269,98.68,240.5347,0.0232,0.0002,99.4142,210.2728,48.9803,-16.9331,0.0,0.0001,2.4654,-0.0001,6.1185,35.5424,11.2824,27.1462,35.8961
150.0,299.0,11.3091,40.0154,98.692,239.915,0.0216,0.0002,99.4204,210.2728,48.9803,-16.9331,0.0,0.0001,2.4619,-0.0013,6.1216,35.5408,11.2712,27.147,35.8974
151.0,301.0,11.304,40.011,98.704,240.1078,0.0195,0.0002,99.4078,210.2728,48.9803,-16.9331,0.0,0.0001,2.4607,-0.0004,6.1213,35.5405,11.2658,27.1477,35.8984
152.0,303.0,11.2997,40.0057,98.71,239.1675,0.0215,0.0002,99.407,210.2729,48.9803,-16.9331,0.0,0.0001,2.4564,-0.002,6.1223,35.5385,11.2612,27.147,35.8978
153.0,305.0,11.281,39.988,98.71,240.1286,0.0205,0.0002,99.3709,210.2729,48.9803,-16.9331,0.0,0.0001,2.4574,0.0007,6.1216,35.5379,11.2424,27.1501,35.9017
154.0,307.0,11.2797,39.9873,98.7044,240.0847,0.0233,0.0002,99.3972,210.273,48.9803,-16.9331,0.0,0.0001,2.4579,-0.0002,6.125,35.5378,11.2409,27.1503,35.9019
155.0,309.0,11.2611,39.9677,98.705,239.7143,0.0221,0.0002,99.3897,210.273,48.9803,-16.9331,0.0,0.0001,2.4544,-0.0006,6.127,35.5352,11.2221,27.1517,35.9042
156.0,311.0,11.2502,39.9561,98.7045,239.8814,0.0194,0.0002,99.407,210.273,48.9803,-16.9331,0.0,0.0001,2.4538,-0.0001,6.1285,35.5332,11.2108,27.1522,35.9052
157.0,313.0,11.2494,39.9546,98.7025,239.5424,0.0219,0.0002,99.3966,210.2731,48.9803,-16.9331,0.0,0.0001,2.452,-0.0008,6.1304,35.5316,11.2098,27.1512,35.9042
158.0,315.0,11.2279,39.9324,98.7062,239.784,0.0226,0.0002,99.4177,210.2731,48.9803,-16.9331,0.0,0.0001,2.4518,-0.0002,6.1298,35.5292,11.188,27.1533,35.9072
159.0,317.0,11.2268,39.932,98.7025,239.4062,0.0216,0.0002,99.4157,210.2732,48.9803,-16.9331,0.0,0.0001,2.4496,-0.0009,6.1326,35.5293,11.1868,27.1536,35.9076
160.0,319.0,11.2101,39.9162,98.708,239.6306,0.0243,0.0002,99.4214,210.2732,48.9803,-16.9331,0.0,0.0001,2.4476,0.0001,6.1343,35.5284,11.1698,27.1561,35.9108
161.0,321.0,11.2053,39.9119,98.7,239.4821,0.0221,0.0002,99.4178,210.2733,48.9803,-16.9331,0.0,0.0001,2.4472,-0.0003,6.1338,35.528,11.1647,27.1567,35.9116
162.0,323.0,11.2041,39.9111,98.7031,239.489,0.0227,0.0002,99.4214,210.2733,48.9803,-16.9331,0.0,0.0001,2.4464,-0.0003,6.1349,35.5276,11.1634,27.1567,35.9116
163.0,325.0,11.2001,39.9081,98.7031,239.789,0.0208,0.0002,99.4186,210.2733,48.9804,-16.9331,0.0,0.0001,2.4468,0.0003,6.135,35.5275,11.1591,27.1573,35.9124
164.0,327.0,11.2001,39.9095,98.7033,239.7816,0.021,0.0002,99.4359,210.2734,48.9803,-16.9331,0.0,0.0001,2.447,0.0001,6.1349,35.5279,11.1589,27.1577,35.9129
165.0,329.0,11.2019,39.9132,98.7025,239.825,0.0207,0.0002,99.4359,210.2734,48.9803,-16.9332,0.0,0.0001,2.4472,-0.0001,6.1346,35.5291,11.1604,27.1583,35.9134
166.0,331.0,11.203,39.9167,98.7072,239.7158,0.026,0.0002,99.4528,210.2735,48.9804,-16.9332,0.0,0.0001,2.4463,-0.0002,6.1347,35.5306,11.1611,27.1593,35.9143
167.0,333.0,11.2017,39.9162,98.7,240.1775,0.0221,0.0002,99.4432,210.2735,48.9803,-16.9332,0.0,0.0001,2.4477,0.0004,6.1352,35.5305,11.1597,27.1596,35.9146
168.0,335.0,11.1973,39.9132,98.6862,239.9535,0.0199,0.0002,99.4647,210.2735,48.9803,-16.9332,0.0,0.0001,2.4472,-0.0004,6.1353,35.5308,11.155,27.1607,35.916
169.0,337.0,11.1935,39.9108,98.7044,240.4297,0.019,0.0002,99.4629,210.2736,48.9804,-16.9332,0.0,0.0001,2.4489,0.0003,6.136,35.5311,11.151,27.1617,35.9171
170.0,339.0,11.1904,39.9076,98.705,240.4339,0.0214,0.0002,99.4647,210.2736,48.9804,-16.9332,0.0,0.0001,2.4484,-0.0001,6.1374,35.5302,11.1476,27.1616,35.9171
171.0,341.0,11.1804,39.8995,98.7006,240.2609,0.0211,0.0002,99.4752,210.2737,48.9804,-16.9332,0.0,0.0001,2.4482,-0.0004,6.1369,35.5309,11.1374,27.1639,35.9199
172.0,343.0,11.1821,39.9019,98.7047,240.3424,0.0214,0.0002,99.4718,210.2737,48.9804,-16.9332,0.0,0.0001,2.4476,-0.0001,6.1374,35.5309,11.1389,27.1637,35.9196
173.0,345.0,11.1792,39.9002,98.7025,240.2459,0.0198,0.0002,99.4682,210.2738,48.9804,-16.9332,0.0,0.0001,2.4466,-0.0004,6.138,35.5309,11.1356,27.1643,35.9203
174.0,347.0,11.1744,39.8967,98.695,240.6207,0.0188,0.0002,99.4614,210.2738,48.9804,-16.9332,0.0,0.0001,2.4465,0.0006,6.138,35.5311,11.1306,27.1654,35.9216
175.0,349.0,11.173,39.8964,98.6975,240.5128,0.0174,0.0002,99.4651,210.2738,48.9804,-16.9333,0.0,0.0001,2.4464,0.0001,6.1386,35.5313,11.129,27.1658,35.9221
176.0,351.0,11.1702,39.8953,98.695,240.8752,0.0197,0.0002,99.464,210.2739,48.9804,-16.9333,0.0,0.0001,2.448,0.0003,6.139,35.5319,11.1259,27.1668,35.9233
177.0,353.0,11.1698,39.8956,98.71,240.831,0.0225,0.0002,99.4719,210.2739,48.9804,-16.9333,0.0,0.0001,2.448,-0.0001,6.1396,35.5317,11.1253,27.1668,35.9233
178.0,355.0,11.1642,39.892,98.71,241.1065,0.0236,0.0002,99.4763,210.274,48.9804,-16.9333,0.0,0.0001,2.4486,0.0005,6.1393,35.5326,11.1194,27.1686,35.9253
179.0,357.0,11.1658,39.8941,98.71,241.1069,0.0175,0.0002,99.4706,210.274,48.9804,-16.9333,0.0,0.0001,2.4496,-0.0002,6.1398,35.5324,11.1208,27.1682,35.9248
180.0,359.0,11.162,39.8928,98.71,240.4889,0.0202,0.0002,99.4829,210.274,48.9804,-16.9333,0.0,0.0001,2.4469,-0.0012,6.1395,35.5336,11.1167,27.1699,35.9267
181.0,361.0,11.1601,39.8924,98.7087,240.8846,0.0193,0.0002,99.4625,210.2741,48.9804,-16.9333,0.0,0.0001,2.4467,-0.0001,6.1399,35.5346,11.1146,27.171,35.9279
182.0,363.0,11.1601,39.8932,98.7045,241.152,0.0212,0.0002,99.4776,210.2741,48.9804,-16.9333,0.0,0.0001,2.4469,0.0003,6.1405,35.5345,11.1144,27.171,35.9279
183.0,365.0,11.1573,39.8928,98.705,241.5306,0.0226,0.0002,99.4863,210.2742,48.9804,-16.9333,0.0,0.0001,2.4494,0.0004,6.1401,35.5356,11.1113,27.1725,35.9294
184.0,367.0,11.1591,39.8948,98.695,241.3623,0.0178,0.0002,99.4936,210.2742,48.9804,-16.9334,0.0,0.0001,2.4487,-0.0002,6.1405,35.5352,11.1128,27.1719,35.9288
185.0,369.0,11.1563,39.8943,98.71,241.291,0.0235,0.0002,99.4936,210.2742,48.9804,-16.9334,0.0,0.0001,2.4481,-0.0003,6.1405,35.5365,11.1098,27.1734,35.9304
186.0,371.0,11.1555,39.8953,98.7082,241.5726,0.0217,0.0002,99.4524,210.2743,48.9804,-16.9334,0.0,0.0001,2.4491,0.0001,6.1405,35.5372,11.1086,27.1741,35.9312
187.0,373.0,11.1563,39.8965,98.71,241.6856,0.0215,0.0002,99.4873,210.2743,48.9804,-16.9334,0.0,0.0001,2.4481,0.0002,6.1407,35.5369,11.1093,27.1738,35.9308
188.0,375.0,11.1548,39.8968,98.7016,241.7277,0.0212,0.0002,99.4959,210.2744,48.9804,-16.9334,0.0,0.0001,2.4494,0.0,6.1408,35.5376,11.1075,27.1747,35.9318
189.0,377.0,11.154,39.8974,98.7058,241.6873,0.0201,0.0002,99.5042,210.2744,48.9804,-16.9334,0.0,0.0001,2.4481,-0.0001,6.1407,35.5382,11.1064,27.1753,35.9324
190.0,379.0,11.1534,39.8979,98.71,241.5009,0.0203,0.0002,99.4963,210.2745,48.9804,-16.9334,0.0,0.0001,2.4469,-0.0004,6.1408,35.5386,11.1056,27.1758,35.933
191.0,381.0,11.1525,39.8991,98.71,241.5217,0.0183,0.0002,99.4936,210.2745,48.9804,-16.9334,0.0,0.0001,2.4466,-0.0002,6.1408,35.5392,11.1044,27.1765,35.9337
192.0,383.0,11.1516,39.8994,98.6931,242.033,0.021,0.0002,99.494,210.2745,48.9804,-16.9335,0.0,0.0001,2.4481,0.0006,6.1407,35.5395,11.1032,27.177,35.9342
193.0,385.0,11.1523,39.9003,98.704,241.5451,0.0197,0.0002,99.4918,210.2746,48.9804,-16.9335,0.0,0.0001,2.4469,-0.0006,6.1409,35.5394,11.1037,27.1768,35.934
194.0,387.0,11.1521,39.9016,98.71,240.5199,0.0156,0.0002,99.4936,210.2746,48.9804,-16.9335,0.0,0.0001,2.4423,-0.0024,6.141,35.5397,11.1033,27.1771,35.9343
195.0,389.0,11.1497,39.9004,98.7039,241.6835,0.0171,0.0002,99.4945,210.2747,48.9804,-16.9335,0.0,0.0001,2.4456,-0.0001,6.1411,35.5399,11.1006,27.1777,35.935
196.0,391.0,11.1496,39.9011,98.7024,241.9185,0.019,0.0002,99.4938,210.2747,48.9804,-16.9335,0.0,0.0001,2.4459,0.0006,6.141,35.5399,11.1003,27.1778,35.9352
197.0,393.0,11.151,39.9032,98.7043,241.7687,0.021,0.0002,99.5011,210.2748,48.9805,-16.9335,0.0,0.0001,2.4454,0.0,6.141,35.5396,11.1014,27.1774,35.9347
198.0,395.0,11.1497,39.903,98.7062,242.2695,0.0207,0.0002,99.4996,210.2748,48.9804,-16.9335,0.0,0.0001,2.4475,0.0005,6.1414,35.54,11.0998,27.178,35.9353
199.0,397.0,11.1478,39.9025,98.71,241.6531,0.0179,0.0002,99.5203,210.2748,48.9805,-16.9335,0.0,0.0001,2.4458,-0.0009,6.1414,35.5403,11.0977,27.1786,35.9361
200.0,399.0,11.1475,39.9029,98.71,241.9721,0.0197,0.0002,99.5153,210.2749,48.9805,-16.9335,0.0,0.0001,2.4449,0.0002,6.1416,35.5402,11.0972,27.1786,35.9361
201.0,401.0,11.1465,39.9033,98.7053,241.6332,0.0193,0.0002,99.5173,210.2749,48.9805,-16.9335,0.0,0.0001,2.4444,-0.0007,6.1416,35.5406,11.0959,27.1792,35.9367
202.0,403.0,11.1453,39.9029,98.6991,241.6746,0.0159,0.0002,99.5117,210.275,48.9805,-16.9336,0.0,0.0001,2.4427,-0.0003,6.1418,35.5407,11.0945,27.1795,35.9371
203.0,405.0,11.1446,39.9032,98.7045,241.6111,0.0186,0.0002,99.5106,210.275,48.9805,-16.9336,0.0,0.0001,2.4418,-0.0003,6.1418,35.5408,11.0935,27.1797,35.9373
204.0,407.0,11.1429,39.9027,98.71,241.8087,0.0402,0.0002,99.512,210.275,48.9805,-16.9336,0.0,0.0001,2.442,-0.0001,6.1423,35.5408,11.0915,27.1801,35.9378
205.0,409.0,11.1395,39.9009,98.695,241.3887,0.0238,0.0002,99.5225,210.2751,48.9805,-16.9336,0.0,0.0001,2.4396,-0.0006,6.1425,35.5414,11.0878,27.1813,35.9391
206.0,411.0,11.1385,39.9012,98.71,241.0871,0.0199,0.0002,99.5254,210.2751,48.9805,-16.9336,0.0,0.0001,2.4365,-0.0008,6.1426,35.5418,11.0866,27.1818,35.9396
207.0,413.0,11.1389,39.9028,98.7053,240.8646,0.0165,0.0002,99.4936,210.2752,48.9805,-16.9336,0.0,0.0001,2.4347,-0.001,6.1427,35.5423,11.0868,27.1821,35.94
208.0,415.0,11.1375,39.9045,98.7007,241.4583,0.0172,0.0002,99.5061,210.2752,48.9805,-16.9336,0.0,0.0001,2.4367,0.0002,6.1425,35.5441,11.085,27.1839,35.9418
209.0,417.0,11.1385,39.9058,98.7025,240.6214,0.0217,0.0002,99.5225,210.2753,48.9805,-16.9336,0.0,0.0001,2.4333,-0.0014,6.1426,35.5436,11.0858,27.1833,35.9412
210.0,419.0,11.1386,39.908,98.71,241.1354,0.0178,0.0002,99.532,210.2753,48.9805,-16.9336,0.0,0.0001,2.4333,0.0001,6.1425,35.5447,11.0856,27.1843,35.9422
211.0,421.0,11.1386,39.9086,98.71,241.1978,0.0193,0.0002,99.5189,210.2753,48.9805,-16.9336,0.0,0.0001,2.4336,0.0,6.1425,35.5447,11.0854,27.1843,35.9422
212.0,423.0,11.1395,39.9112,98.7,241.2665,0.0196,0.0002,99.5254,210.2754,48.9805,-16.9337,0.0,0.0001,2.4338,-0.0001,6.1424,35.5454,11.0861,27.1847,35.9426
213.0,425.0,11.1393,39.913,98.68,240.9599,0.0209,0.0002,99.5122,210.2754,48.9805,-16.9337,0.0,0.0001,2.4318,-0.0004,6.1424,35.5464,11.0856,27.1856,35.9434
214.0,427.0,11.1391,39.9137,98.7046,240.9078,0.0204,0.0002,99.5112,210.2755,48.9805,-16.9337,0.0,0.0001,2.4301,-0.0003,6.1424,35.5467,11.0852,27.1859,35.9437
215.0,429.0,11.1394,39.9161,98.6986,240.8906,0.0196,0.0002,99.5057,210.2755,48.9805,-16.9337,0.0,0.0001,2.4297,-0.0002,6.1422,35.5477,11.0851,27.1866,35.9445
216.0,431.0,11.1407,39.9187,98.71,240.5465,0.0232,0.0002,99.5199,210.2756,48.9805,-16.9337,0.0,0.0001,2.4277,-0.0007,6.1417,35.5482,11.0862,27.1869,35.9447
217.0,433.0,11.1447,39.9257,98.71,241.0684,0.0185,0.0002,99.5328,210.2756,48.9805,-16.9337,0.0,0.0001,2.4284,0.0005,6.1418,35.5503,11.0899,27.1878,35.9455
218.0,435.0,11.1446,39.926,98.7062,240.836,0.0209,0.0002,99.5107,210.2756,48.9805,-16.9337,0.0,0.0001,2.4279,-0.0001,6.1415,35.5499,11.0897,27.1876,35.9452
219.0,437.0,11.1466,39.9305,98.695,240.5913,0.0206,0.0002,99.5048,210.2757,48.9806,-16.9337,0.0,0.0001,2.4267,-0.0007,6.1411,35.5516,11.0913,27.1886,35.9461
220.0,439.0,11.1474,39.9331,98.6896,241.2163,0.0219,0.0002,99.4936,210.2757,48.9806,-16.9337,0.0,0.0001,2.4277,0.0009,6.1412,35.5523,11.0918,27.1891,35.9466
221.0,441.0,11.1476,39.9338,98.71,240.9781,0.0183,0.0002,99.5052,210.2758,48.9806,-16.9337,0.0,0.0001,2.4279,-0.0002,6.141,35.5523,11.0918,27.189,35.9465
222.0,443.0,11.1489,39.9371,98.695,240.7102,0.0139,0.0002,99.5225,210.2758,48.9806,-16.9337,0.0,0.0001,2.4255,-0.0005,6.1409,35.5532,11.0928,27.1895,35.947
223.0,445.0,11.1494,39.9392,98.6981,241.135,0.0143,0.0002,99.4291,210.2759,48.9806,-16.9337,0.0,0.0001,2.427,0.0003,6.1408,35.5537,11.093,27.1899,35.9474
224.0,447.0,11.1495,39.9393,98.6975,240.511,0.0183,0.0002,99.4716,210.2759,48.9806,-16.9337,0.0,0.0001,2.4261,-0.0013,6.1406,35.5531,11.0929,27.1895,35.947
225.0,449.0,11.1508,39.9433,98.6929,241.3715,0.0194,0.0002,99.4859,210.2759,48.9806,-16.9337,0.0,0.0001,2.4274,0.0006,6.1406,35.555,11.094,27.1907,35.9481
226.0,451.0,11.1507,39.9442,98.6987,241.2405,0.0191,0.0002,99.4916,210.276,48.9806,-16.9337,0.0,0.0001,2.427,0.0001,6.1406,35.5552,11.0936,27.1909,35.9483
227.0,453.0,11.1511,39.9463,98.6996,240.7289,0.0196,0.0002,99.4936,210.276,48.9806,-16.9337,0.0,0.0001,2.4243,-0.0008,6.1405,35.5559,11.0937,27.1915,35.9488
228.0,455.0,11.1511,39.9481,98.7021,241.4377,0.0191,0.0002,99.4994,210.2761,48.9806,-16.9337,0.0,0.0001,2.4261,0.0006,6.1404,35.5565,11.0935,27.192,35.9494
229.0,457.0,11.1514,39.9488,98.7075,241.4731,0.0177,0.0002,99.4936,210.2761,48.9806,-16.9337,0.0,0.0001,2.4274,0.0,6.1403,35.5563,11.0936,27.1918,35.9492
230.0,459.0,11.152,39.9516,98.6903,241.4029,0.0188,0.0002,99.4823,210.2761,48.9806,-16.9337,0.0,0.0001,2.4274,-0.0001,6.1403,35.5575,11.0939,27.1927,35.9501
231.0,461.0,11.1523,39.9525,98.701,241.4137,0.0175,0.0002,99.4923,210.2762,48.9806,-16.9337,0.0,0.0001,2.4266,-0.0001,6.1402,35.5574,11.094,27.1926,35.95
232.0,463.0,11.1535,39.9555,98.6925,241.0721,0.0142,0.0002,99.4909,210.2762,48.9806,-16.9337,0.0,0.0001,2.4243,-0.0006,6.1398,35.5584,11.0948,27.1932,35.9505
233.0,465.0,11.1552,39.96,98.71,241.3033,0.0157,0.0002,99.4886,210.2763,48.9806,-16.9337,0.0,0.0001,2.4239,0.0001,6.1399,35.5601,11.0962,27.1943,35.9515
234.0,467.0,11.1556,39.9611,98.704,241.5969,0.0171,0.0002,99.4816,210.2763,48.9806,-16.9338,0.0,0.0001,2.4256,0.0003,6.1397,35.5601,11.0964,27.1943,35.9515
235.0,469.0,11.1564,39.9629,98.7069,241.1581,0.0195,0.0002,99.4965,210.2763,48.9806,-16.9338,0.0,0.0001,2.4235,-0.0007,6.1394,35.5603,11.097,27.1943,35.9515
236.0,471.0,11.1575,39.9664,98.7032,241.6876,0.0183,0.0002,99.483,210.2764,48.9806,-16.9338,0.0,0.0001,2.4237,0.0006,6.1395,35.5618,11.0978,27.1953,35.9525
237.0,473.0,11.1563,39.966,98.6942,241.696,0.0204,0.0002,99.4697,210.2764,48.9806,-16.9338,0.0,0.0001,2.4254,0.0001,6.1397,35.5617,11.0963,27.1955,35.9527
238.0,475.0,11.1539,39.9655,98.7,241.0256,0.0223,0.0002,99.4647,210.2765,48.9806,-16.9338,0.0,0.0001,2.4227,-0.0012,6.1399,35.5625,11.0937,27.1966,35.9539
239.0,477.0,11.1532,39.9668,98.7034,242.0904,0.0198,0.0002,99.4647,210.2765,48.9806,-16.9338,0.0,0.0001,2.4242,0.0011,6.1398,35.5634,11.0927,27.1975,35.9548
240.0,479.0,11.1536,39.9676,98.6964,241.5751,0.0209,0.0002,99.4642,210.2765,48.9806,-16.9338,0.0,0.0001,2.4233,-0.0002,6.1398,35.5633,11.0929,27.1974,35.9547
241.0,481.0,11.1538,39.97,98.71,242.1201,0.0212,0.0002,99.4661,210.2766,48.9806,-16.9338,0.0,0.0001,2.4243,0.0007,6.1398,35.5645,11.0928,27.1983,35.9556
242.0,483.0,11.1528,39.9704,98.6976,242.1023,0.0233,0.0002,99.4623,210.2766,48.9806,-16.9338,0.0,0.0001,2.4253,0.0003,6.1399,35.5649,11.0915,27.1989,35.9563
243.0,485.0,11.1527,39.9711,98.7071,241.6873,0.0204,0.0002,99.4634,210.2767,48.9806,-16.9338,0.0,0.0001,2.4238,-0.0006,6.14,35.5648,11.0912,27.1989,35.9562
244.0,487.0,11.1508,39.971,98.7067,242.2062,0.022,0.0002,99.4657,210.2767,48.9806,-16.9338,0.0,0.0001,2.4237,0.0004,6.1404,35.5659,11.0891,27.2001,35.9575
245.0,489.0,11.1486,39.9706,98.699,241.9588,0.0191,0.0002,99.4618,210.2768,48.9806,-16.9338,0.0,0.0001,2.4239,-0.0002,6.1403,35.5666,11.0866,27.2011,35.9587
246.0,491.0,11.1478,39.971,98.7015,242.0158,0.017,0.0002,99.4661,210.2768,48.9806,-16.9338,0.0,0.0001,2.4231,-0.0002,6.1405,35.5667,11.0855,27.2014,35.959
247.0,493.0,11.1479,39.9719,98.7006,241.8813,0.0205,0.0002,99.3992,210.2769,48.9806,-16.9338,0.0,0.0001,2.4225,-0.0003,6.1408,35.5669,11.0854,27.2016,35.9591
248.0,495.0,11.1451,39.9707,98.71,241.4442,0.0231,0.0002,99.4647,210.2769,48.9806,-16.9338,0.0,0.0001,2.4203,-0.001,6.1407,35.5674,11.0823,27.2025,35.9602
249.0,497.0,11.1447,39.9712,98.7075,242.0326,0.0209,0.0002,99.4606,210.2769,48.9806,-16.9338,0.0,0.0001,2.4218,0.0002,6.1408,35.5674,11.0817,27.2027,35.9604
250.0,499.0,11.1447,39.9722,98.6938,242.1434,0.0205,0.0002,99.4674,210.277,48.9806,-16.9338,0.0,0.0001,2.4223,0.0001,6.1412,35.5674,11.0813,27.2027,35.9605
251.0,501.0,11.142,39.9705,98.7072,241.9143,0.0176,0.0002,99.461,210.277,48.9806,-16.9338,0.0,0.0001,2.4208,-0.0004,6.1414,35.5676,11.0784,27.2034,35.9612
252.0,503.0,11.1389,39.9691,98.6998,242.2512,0.0203,0.0002,99.4523,210.2771,48.9806,-16.9338,0.0,0.0001,2.4219,0.0002,6.1416,35.5681,11.0751,27.2044,35.9623
253.0,505.0,11.1396,39.9702,98.7025,242.1591,0.0172,0.0002,99.452,210.2771,48.9806,-16.9338,0.0,0.0001,2.4219,-0.0002,6.1417,35.5678,11.0756,27.2041,35.9621
254.0,507.0,11.1346,39.9667,98.71,242.3851,0.019,0.0002,99.4504,210.2771,48.9806,-16.9338,0.0,0.0001,2.4218,0.0002,6.1422,35.5683,11.0703,27.2054,35.9636
255.0,509.0,11.1345,39.9674,98.71,242.0528,0.0187,0.0002,99.4668,210.2772,48.9806,-16.9338,0.0,0.0001,2.4201,-0.0005,6.1421,35.5681,11.07,27.2054,35.9635
256.0,511.0,11.134,39.9677,98.7019,242.2109,0.0167,0.0002,99.463,210.2772,48.9806,-16.9338,0.0,0.0001,2.4199,0.0,6.1425,35.5682,11.0692,27.2055,35.9638
257.0,513.0,11.1321,39.967,98.7003,242.3044,0.0171,0.0002,99.4543,210.2773,48.9806,-16.9338,0.0,0.0001,2.4199,0.0,6.1424,35.5683,11.067,27.206,35.9643
258.0,515.0,11.1325,39.9682,98.6927,242.1789,0.0166,0.0002,99.4634,210.2773,48.9806,-16.9338,0.0,0.0001,2.4194,-0.0004,6.1426,35.5682,11.0672,27.2059,35.9642
259.0,517.0,11.1321,39.9686,98.71,241.409,0.0178,0.0002,99.4547,210.2773,48.9806,-16.9338,0.0,0.0001,2.4164,-0.0015,6.1429,35.5683,11.0666,27.2061,35.9644
260.0,519.0,11.1265,39.9642,98.7003,242.2656,0.0202,0.0002,99.4517,210.2774,48.9806,-16.9338,0.0,0.0001,2.4167,0.0002,6.1429,35.5682,11.0607,27.2072,35.9657
261.0,521.0,11.1284,39.9665,98.6985,240.7779,0.0205,0.0002,99.4359,210.2774,48.9806,-16.9337,0.0,0.0001,2.4129,-0.0028,6.1433,35.568,11.0624,27.2067,35.9652
262.0,523.0,11.1234,39.963,98.6989,241.8843,0.0226,0.0002,99.4482,210.2775,48.9806,-16.9337,0.0,0.0001,2.4139,0.0,6.1432,35.5681,11.0571,27.2077,35.9664
263.0,525.0,11.1239,39.9642,98.7005,242.21,0.0203,0.0002,99.4526,210.2775,48.9806,-16.9337,0.0,0.0001,2.4151,0.0004,6.1437,35.5683,11.0574,27.2078,35.9665
264.0,527.0,11.1203,39.9616,98.71,242.2193,0.0198,0.0002,99.469,210.2775,48.9806,-16.9337,0.0,0.0001,2.4164,0.0,6.1439,35.568,11.0534,27.2083,35.9671
265.0,529.0,11.118,39.9601,98.71,242.2497,0.0163,0.0002,99.468,210.2776,48.9806,-16.9337,0.0,0.0001,2.4157,0.0,6.1442,35.568,11.0509,27.2087,35.9677
266.0,531.0,11.1185,39.9613,98.6985,242.0411,0.0178,0.0002,99.4686,210.2776,48.9806,-16.9337,0.0,0.0001,2.4143,-0.0004,6.1449,35.568,11.0512,27.2087,35.9676
267.0,533.0,11.1128,39.9566,98.702,242.1235,0.0206,0.0002,99.464,210.2777,48.9806,-16.9337,0.0,0.0001,2.4133,-0.0002,6.1452,35.5677,11.0452,27.2096,35.9688
268.0,535.0,11.1111,39.9561,98.6987,241.5361,0.0166,0.0002,99.4647,210.2777,48.9806,-16.9337,0.0,0.0001,2.4103,-0.001,6.1452,35.5679,11.0433,27.21,35.9693
269.0,537.0,11.1102,39.9561,98.6952,241.8893,0.0203,0.0002,99.462,210.2778,48.9806,-16.9337,0.0,0.0001,2.4104,-0.0001,6.1454,35.5678,11.042,27.2102,35.9695
270.0,539.0,11.1101,39.9564,98.6875,241.4925,0.0188,0.0002,99.456,210.2778,48.9806,-16.9337,0.0,0.0001,2.4078,-0.0009,6.146,35.5675,11.0417,27.2101,35.9694
271.0,541.0,11.103,39.9508,98.7037,242.0092,0.017,0.0002,99.3661,210.2778,48.9806,-16.9337,0.0,0.0001,2.409,0.0004,6.1454,35.5677,11.0344,27.2115,35.9712
272.0,543.0,11.1017,39.95,98.7016,242.2091,0.0179,0.0002,99.3649,210.2779,48.9806,-16.9337,0.0,0.0001,2.4111,0.0002,6.1463,35.5676,11.0328,27.2117,35.9714
273.0,545.0,11.0999,39.9486,98.695,241.574,0.0182,0.0002,99.4493,210.2779,48.9806,-16.9337,0.0,0.0001,2.4074,-0.0009,6.1479,35.567,11.0308,27.2117,35.9715
274.0,547.0,11.0916,39.9413,98.71,242.3282,0.0198,0.0002,99.473,210.2779,48.9806,-16.9337,0.0,0.0001,2.4078,0.001,6.1475,35.5668,11.0223,27.213,35.9732
275.0,549.0,11.0898,39.9401,98.7078,242.038,0.0189,0.0002,99.4533,210.278,48.9806,-16.9337,0.0,0.0001,2.4077,0.0,6.1477,35.5667,11.0203,27.2133,35.9736
276.0,551.0,11.0899,39.9407,98.695,241.9141,0.0175,0.0002,99.4613,210.278,48.9806,-16.9337,0.0,0.0001,2.4072,-0.0004,6.1481,35.5663,11.0201,27.213,35.9733
277.0,553.0,11.0862,39.9384,98.6953,241.9306,0.0175,0.0002,99.4658,210.2781,48.9806,-16.9337,0.0,0.0001,2.4064,-0.0003,6.1485,35.5664,11.0161,27.2139,35.9743
278.0,555.0,11.0885,39.9415,98.707,241.9047,0.0203,0.0002,99.4796,210.2781,48.9806,-16.9337,0.0,0.0001,2.4054,-0.0002,6.1488,35.5665,11.0181,27.2136,35.9739
279.0,557.0,11.0849,39.9385,98.7032,241.8995,0.0176,0.0002,99.476,210.2781,48.9806,-16.9337,0.0,0.0001,2.4046,-0.0002,6.1493,35.5662,11.0144,27.214,35.9745
280.0,559.0,11.0828,39.9372,98.703,241.7753,0.0159,0.0002,99.4775,210.2782,48.9806,-16.9337,0.0,0.0001,2.404,-0.0005,6.1491,35.5661,11.0121,27.2144,35.9749
281.0,561.0,11.0815,39.937,98.7005,241.9564,0.0181,0.0002,99.4734,210.2782,48.9806,-16.9337,0.0,0.0001,2.4043,-0.0002,6.1491,35.5661,11.0104,27.2147,35.9753
282.0,563.0,11.0825,39.939,98.6875,241.1188,0.0191,0.0002,99.4773,210.2783,48.9806,-16.9337,0.0,0.0001,2.4033,-0.0015,6.1492,35.5662,11.0111,27.2147,35.9753
283.0,565.0,11.0789,39.9363,98.7052,241.9908,0.0194,0.0002,99.4772,210.2783,48.9806,-16.9337,0.0,0.0001,2.4023,0.0005,6.1492,35.5659,11.0072,27.2151,35.9759
284.0,567.0,11.0804,39.9384,98.7012,241.7556,0.019,0.0002,99.4754,210.2783,48.9807,-16.9337,0.0,0.0001,2.4015,-0.0006,6.1503,35.5659,11.0086,27.2149,35.9756
285.0,569.0,11.0749,39.9334,98.7006,241.778,0.0186,0.0002,99.4808,210.2784,48.9806,-16.9336,0.0,0.0001,2.4015,-0.0003,6.1506,35.5655,11.0028,27.2156,35.9765
286.0,571.0,11.0698,39.9293,98.7071,242.029,0.0173,0.0002,99.4863,210.2784,48.9806,-16.9336,0.0,0.0001,2.4017,0.0001,6.1505,35.5652,10.9975,27.2163,35.9775
287.0,573.0,11.0716,39.9318,98.71,241.9148,0.0199,0.0002,99.468,210.2785,48.9807,-16.9336,0.0,0.0001,2.4007,-0.0002,6.1514,35.5652,10.9991,27.216,35.9772
288.0,575.0,11.0645,39.9254,98.7008,241.4842,0.0183,0.0002,99.4789,210.2785,48.9806,-16.9336,0.0,0.0001,2.3983,-0.001,6.1518,35.5649,10.9917,27.2171,35.9785
289.0,577.0,11.0618,39.9235,98.7034,241.8894,0.016,0.0002,99.4864,210.2785,48.9806,-16.9336,0.0,0.0001,2.3987,0.0001,6.1515,35.5645,10.9887,27.2174,35.979
290.0,579.0,11.0613,39.9238,98.7037,242.1691,0.0175,0.0002,99.4748,210.2786,48.9807,-16.9336,0.0,0.0001,2.4001,0.0001,6.1519,35.5646,10.988,27.2176,35.9792
291.0,581.0,11.0589,39.922,98.71,241.7991,0.018,0.0002,99.4936,210.2786,48.9807,-16.9336,0.0,0.0001,2.398,-0.0006,6.1523,35.5642,10.9853,27.2178,35.9795
292.0,583.0,11.0579,39.9221,98.7075,242.3057,0.019,0.0002,99.484,210.2786,48.9807,-16.9336,0.0,0.0001,2.3994,0.0004,6.1522,35.5643,10.9841,27.2181,35.9798
293.0,585.0,11.0577,39.9226,98.705,242.0225,0.0193,0.0002,99.4777,210.2787,48.9807,-16.9336,0.0,0.0001,2.3986,-0.0003,6.1523,35.5644,10.9836,27.2182,35.98
294.0,587.0,11.0559,39.9217,98.6975,241.597,0.0172,0.0002,99.4929,210.2787,48.9807,-16.9336,0.0,0.0001,2.3957,-0.0008,6.1525,35.5642,10.9815,27.2185,35.9803
295.0,589.0,11.055,39.9215,98.6927,242.2351,0.0178,0.0002,99.4867,210.2788,48.9807,-16.9336,0.0,0.0001,2.3977,0.0003,6.1532,35.564,10.9804,27.2186,35.9805
296.0,591.0,11.0515,39.9189,98.6981,242.1787,0.0169,0.0002,99.4878,210.2788,48.9807,-16.9336,0.0,0.0001,2.398,0.0,6.1534,35.5637,10.9766,27.219,35.981
297.0,593.0,11.0513,39.9194,98.696,242.6019,0.0198,0.0002,99.4936,210.2789,48.9807,-16.9336,0.0,0.0001,2.3986,0.0006,6.1535,35.5637,10.9762,27.219,35.9811
298.0,595.0,11.0505,39.9194,98.6992,241.9532,0.0165,0.0002,99.4975,210.2789,48.9807,-16.9335,0.0,0.0001,2.3968,-0.0008,6.1537,35.5636,10.9752,27.2192,35.9813
299.0,597.0,11.0486,39.9186,98.6893,242.1632,0.0166,0.0002,99.4987,210.2789,48.9807,-16.9335,0.0,0.0001,2.3954,0.0,6.1538,35.5637,10.973,27.2196,35.9818
300.0,599.0,11.0477,39.9185,98.7004,242.2433,0.0206,0.0002,99.498,210.279,48.9807,-16.9335,0.0,0.0001,2.3955,-0.0001,6.1541,35.5634,10.9718,27.2196,35.9819
301.0,601.0,11.0458,39.9173,98.6929,242.6244,0.019,0.0002,99.4936,210.279,48.9807,-16.9335,0.0,0.0001,2.3965,0.0005,6.1545,35.5633,10.9697,27.22,35.9823
302.0,603.0,11.0429,39.9153,98.692,241.8935,0.0187,0.0002,99.4738,210.2791,48.9807,-16.9335,0.0,0.0001,2.3947,-0.0011,6.1544,35.5632,10.9665,27.2205,35.9829
303.0,605.0,11.0424,39.9158,98.697,242.0807,0.0174,0.0002,99.489,210.2791,48.9807,-16.9335,0.0,0.0001,2.3933,-0.0002,6.1544,35.5631,10.9657,27.2205,35.983
304.0,607.0,11.043,39.917,98.71,241.7278,0.0161,0.0002,99.4982,210.2791,48.9807,-16.9335,0.0,0.0001,2.3913,-0.0009,6.1548,35.5629,10.9661,27.2203,35.9828
305.0,609.0,11.0413,39.9161,98.695,241.9284,0.0183,0.0002,99.4936,210.2792,48.9807,-16.9335,0.0,0.0001,2.3915,-0.0003,6.1547,35.5628,10.9641,27.2205,35.9831
306.0,611.0,11.0407,39.9166,98.71,242.2083,0.0191,0.0002,99.4876,210.2792,48.9807,-16.9335,0.0,0.0001,2.3917,0.0002,6.1545,35.5629,10.9632,27.2208,35.9834
307.0,613.0,11.041,39.9172,98.7016,242.3213,0.0172,0.0002,99.4864,210.2792,48.9807,-16.9335,0.0,0.0001,2.3924,0.0002,6.1546,35.5629,10.9633,27.2208,35.9833
308.0,615.0,11.0416,39.9188,98.695,242.2049,0.0184,0.0002,99.4967,210.2793,48.9807,-16.9335,0.0,0.0001,2.3919,-0.0004,6.1553,35.5628,10.9637,27.2206,35.9832
309.0,617.0,11.0388,39.9166,98.6962,242.0824,0.0153,0.0002,99.5015,210.2793,48.9807,-16.9335,0.0,0.0001,2.3901,-0.0005,6.1553,35.5625,10.9606,27.2209,35.9837
310.0,619.0,11.035,39.9139,98.71,242.4116,0.0143,0.0002,99.4936,210.2793,48.9807,-16.9335,0.0,0.0001,2.3911,0.0002,6.1551,35.5623,10.9565,27.2216,35.9845
311.0,621.0,11.0358,39.9153,98.6979,242.419,0.0187,0.0002,99.4875,210.2794,48.9807,-16.9335,0.0,0.0001,2.392,-0.0001,6.1553,35.5624,10.9572,27.2215,35.9844
312.0,623.0,11.0357,39.9162,98.71,241.9503,0.0212,0.0002,99.4885,210.2794,48.9807,-16.9335,0.0,0.0001,2.3889,-0.0008,6.1557,35.5624,10.9568,27.2216,35.9845
313.0,625.0,11.0342,39.9156,98.6843,242.0398,0.0187,0.0002,99.4936,210.2794,48.9807,-16.9335,0.0,0.0001,2.3883,-0.0004,6.1555,35.5622,10.955,27.2218,35.9847
314.0,627.0,11.0342,39.9164,98.6991,242.2045,0.0201,0.0002,99.4874,210.2795,48.9807,-16.9335,0.0,0.0001,2.3883,0.0,6.1555,35.5621,10.9548,27.2217,35.9847
315.0,629.0,11.0346,39.9176,98.705,242.088,0.0187,0.0002,99.4936,210.2795,48.9807,-16.9335,0.0,0.0001,2.3875,-0.0004,6.1558,35.5621,10.9548,27.2217,35.9847
316.0,631.0,11.0304,39.9144,98.69,242.0573,0.0188,0.0002,99.4876,210.2795,48.9807,-16.9335,0.0,0.0001,2.3871,-0.0004,6.1559,35.562,10.9503,27.2225,35.9856
317.0,633.0,11.0314,39.9159,98.7007,242.7867,0.0187,0.0002,99.4898,210.2796,48.9807,-16.9335,0.0,0.0001,2.3897,0.0006,6.1563,35.5618,10.9512,27.2221,35.9852
318.0,635.0,11.0297,39.9151,98.6907,242.3947,0.0147,0.0002,99.4952,210.2796,48.9808,-16.9335,0.0,0.0001,2.3884,-0.0003,6.1562,35.5616,10.9492,27.2223,35.9855
319.0,637.0,11.0313,39.9174,98.6917,241.9625,0.0169,0.0002,99.4936,210.2797,48.9808,-16.9335,0.0,0.0001,2.386,-0.0009,6.1567,35.5617,10.9506,27.2221,35.9853
320.0,639.0,11.0268,39.9137,98.7006,242.4364,0.0134,0.0002,99.4966,210.2797,48.9807,-16.9335,0.0,0.0001,2.3858,0.0003,6.1565,35.5613,10.9457,27.2227,35.986
321.0,641.0,11.0264,39.9142,98.7034,242.3774,0.0168,0.0002,99.4871,210.2797,48.9808,-16.9335,0.0,0.0001,2.3858,0.0,6.157,35.5613,10.9451,27.2228,35.9862
322.0,643.0,11.0249,39.9134,98.71,242.1104,0.0202,0.0002,99.4966,210.2798,48.9808,-16.9335,0.0,0.0001,2.3846,-0.0006,6.1572,35.561,10.9434,27.223,35.9864
323.0,645.0,11.0224,39.9116,98.7003,242.2742,0.0172,0.0002,99.4978,210.2798,48.9808,-16.9335,0.0,0.0001,2.3834,0.0,6.1573,35.5607,10.9406,27.2232,35.9868
324.0,647.0,11.0223,39.9118,98.6921,242.6585,0.0183,0.0002,99.4902,210.2798,48.9808,-16.9335,0.0,0.0001,2.3856,0.0004,6.1575,35.5604,10.9403,27.2231,35.9866
325.0,649.0,11.0206,39.9111,98.6992,242.5113,0.017,0.0002,99.5047,210.2799,48.9808,-16.9335,0.0,0.0001,2.385,-0.0001,6.158,35.5604,10.9383,27.2234,35.9871
326.0,651.0,11.0156,39.9066,98.7015,242.3647,0.0188,0.0002,99.4922,210.2799,48.9808,-16.9335,0.0,0.0001,2.3834,-0.0004,6.159,35.5598,10.9331,27.2239,35.9877
327.0,653.0,11.0113,39.9029,98.71,242.1914,0.02,0.0002,99.4936,210.2799,48.9808,-16.9335,0.0,0.0001,2.3834,-0.0006,6.1584,35.5595,10.9285,27.2244,35.9885
328.0,655.0,11.0098,39.9024,98.7003,242.4574,0.0172,0.0002,99.4896,210.28,48.9808,-16.9335,0.0,0.0001,2.383,-0.0001,6.159,35.5593,10.9268,27.2246,35.9888
329.0,657.0,11.0103,39.9034,98.6996,242.1914,0.0184,0.0002,99.4791,210.28,48.9808,-16.9335,0.0,0.0001,2.381,-0.0006,6.1598,35.559,10.927,27.2243,35.9885
330.0,659.0,11.0049,39.8987,98.7025,242.2269,0.0193,0.0002,99.4772,210.28,48.9808,-16.9335,0.0,0.0001,2.3805,-0.0004,6.1602,35.5587,10.9214,27.2251,35.9895
331.0,661.0,11.0016,39.8961,98.6952,242.4922,0.021,0.0002,99.4855,210.2801,48.9808,-16.9335,0.0,0.0001,2.3808,0.0002,6.1598,35.5584,10.9179,27.2256,35.9901
332.0,663.0,10.9997,39.8945,98.7,242.2308,0.0172,0.0002,99.4944,210.2801,48.9808,-16.9335,0.0,0.0001,2.3797,-0.0004,6.1611,35.5578,10.9157,27.2255,35.9901
333.0,665.0,10.994,39.8897,98.7054,242.788,0.0173,0.0002,99.4936,210.2801,48.9808,-16.9335,0.0,0.0001,2.3803,0.0006,6.1611,35.5575,10.9097,27.2264,35.9912
334.0,667.0,10.994,39.8902,98.71,242.6883,0.016,0.0002,99.4878,210.2802,48.9808,-16.9335,0.0,0.0001,2.381,-0.0002,6.1623,35.5573,10.9095,27.2262,35.9911
335.0,669.0,10.9875,39.884,98.69,241.5455,0.0167,0.0002,99.5027,210.2802,48.9808,-16.9335,0.0,0.0001,2.377,-0.0021,6.1626,35.5566,10.9028,27.2269,35.9921
336.0,671.0,10.9818,39.8792,98.695,242.4962,0.0186,0.0002,99.482,210.2802,48.9808,-16.9335,0.0,0.0001,2.3776,0.0002,6.1624,35.5564,10.8968,27.2278,35.9932
337.0,673.0,10.9815,39.8796,98.7025,242.7012,0.0186,0.0002,99.4936,210.2803,48.9808,-16.9335,0.0,0.0001,2.3791,0.0002,6.1632,35.5563,10.8963,27.2279,35.9933
338.0,675.0,10.9793,39.8774,98.7037,242.283,0.0175,0.0002,99.489,210.2803,48.9808,-16.9335,0.0,0.0001,2.3763,-0.0006,6.1635,35.5555,10.8938,27.2276,35.9932
339.0,677.0,10.9775,39.8775,98.68,241.8067,0.0155,0.0002,99.4936,210.2803,48.9808,-16.9335,0.0,0.0001,2.3737,-0.0012,6.1636,35.556,10.8918,27.2284,35.9941
340.0,679.0,10.9755,39.876,98.6936,242.2234,0.0206,0.0002,99.4936,210.2804,48.9808,-16.9335,0.0,0.0001,2.3745,-0.0003,6.1634,35.5557,10.8896,27.2286,35.9943
341.0,681.0,10.9731,39.8743,98.7014,242.6672,0.019,0.0002,99.4792,210.2804,48.9808,-16.9335,0.0,0.0001,2.3757,0.0003,6.1636,35.5554,10.8869,27.2288,35.9947
342.0,683.0,10.9746,39.8765,98.6987,241.7972,0.0172,0.0002,99.4936,210.2804,48.9808,-16.9335,0.0,0.0001,2.3739,-0.0016,6.1644,35.5554,10.8882,27.2286,35.9944
343.0,685.0,10.9725,39.8751,98.695,241.5917,0.0161,0.0002,99.4716,210.2805,48.9808,-16.9335,0.0,0.0001,2.3712,-0.0015,6.1639,35.555,10.8858,27.2288,35.9946
344.0,687.0,10.9688,39.8723,98.7003,242.5334,0.0186,0.0002,99.486,210.2805,48.9808,-16.9335,0.0,0.0001,2.3731,0.0004,6.1644,35.5548,10.8818,27.2293,35.9954
345.0,689.0,10.9704,39.8745,98.6886,242.4967,0.0161,0.0002,99.4927,210.2805,48.9808,-16.9335,0.0,0.0001,2.3736,-0.0001,6.165,35.5547,10.8831,27.229,35.995
346.0,691.0,10.9671,39.8719,98.6939,242.2895,0.0214,0.0002,99.4936,210.2806,48.9808,-16.9335,0.0,0.0001,2.3724,-0.0005,6.1652,35.5545,10.8796,27.2295,35.9956
347.0,693.0,10.966,39.8715,98.6875,242.3598,0.0219,0.0002,99.4936,210.2806,48.9808,-16.9335,0.0,0.0001,2.3712,-0.0002,6.165,35.5545,10.8782,27.2297,35.9959
348.0,695.0,10.9652,39.8716,98.7027,242.5855,0.015,0.0002,99.4927,210.2806,48.9808,-16.9335,0.0,0.0001,2.3728,0.0,6.1652,35.5542,10.8772,27.2297,35.9959
349.0,697.0,10.9658,39.8735,98.7053,242.4836,0.0206,0.0002,99.4813,210.2807,48.9808,-16.9335,0.0,0.0001,2.3712,-0.0002,6.1654,35.5546,10.8775,27.2299,35.9961
350.0,699.0,10.963,39.8712,98.6946,243.212,0.0214,0.0002,99.4872,210.2807,48.9808,-16.9335,0.0,0.0001,2.3733,0.001,6.1656,35.5541,10.8744,27.2301,35.9964
351.0,701.0,10.962,39.8705,98.687,242.6257,0.0213,0.0002,99.4936,210.2807,48.9808,-16.9335,0.0,0.0001,2.3722,-0.0005,6.1657,35.5537,10.8732,27.23,35.9964
352.0,703.0,10.9603,39.8698,98.6989,242.4731,0.018,0.0002,99.4973,210.2807,48.9808,-16.9335,0.0,0.0001,2.3712,-0.0005,6.1657,35.5536,10.8712,27.2303,35.9968
353.0,705.0,10.9619,39.8721,98.6889,242.403,0.0173,0.0002,99.4936,210.2808,48.9808,-16.9335,0.0,0.0001,2.3687,-0.0004,6.1659,35.5538,10.8727,27.2302,35.9966
354.0,707.0,10.9606,39.872,98.7003,242.5788,0.0133,0.0002,99.4846,210.2808,48.9808,-16.9335,0.0,0.0001,2.3687,0.0,6.166,35.5539,10.8711,27.2305,35.997
355.0,709.0,10.9588,39.871,98.6971,242.7853,0.0158,0.0002,99.4936,210.2808,48.9808,-16.9335,0.0,0.0001,2.3687,0.0003,6.1657,35.5538,10.869,27.2308,35.9974
356.0,711.0,10.9574,39.8702,98.6989,242.78,0.0156,0.0002,99.485,210.2809,48.9808,-16.9335,0.0,0.0001,2.3701,0.0,6.1664,35.5537,10.8674,27.2311,35.9977
357.0,713.0,10.9537,39.8678,98.68,242.6083,0.0133,0.0002,99.5032,210.2809,48.9808,-16.9335,0.0,0.0001,2.3686,-0.0004,6.1671,35.5537,10.8635,27.2318,35.9986
358.0,715.0,10.9515,39.8662,98.6967,242.6217,0.0157,0.0002,99.508,210.2809,48.9808,-16.9335,0.0,0.0001,2.3682,-0.0003,6.1669,35.5535,10.861,27.232,35.9989
359.0,717.0,10.9508,39.8665,98.6878,242.7768,0.017,0.0002,99.4905,210.281,48.9808,-16.9335,0.0,0.0001,2.3684,0.0,6.1668,35.5533,10.86,27.2321,35.9991
360.0,719.0,10.9557,39.8719,98.6912,242.3923,0.0175,0.0002,99.4967,210.281,48.9808,-16.9335,0.0,0.0001,2.3669,-0.0008,6.1674,35.5535,10.8647,27.2314,35.9981
361.0,721.0,10.9503,39.8674,98.6905,242.7851,0.0182,0.0002,99.4936,210.281,48.9808,-16.9335,0.0,0.0001,2.367,0.0001,6.1678,35.5532,10.859,27.2322,35.9992
362.0,723.0,10.9465,39.8641,98.68,243.0375,0.0196,0.0002,99.4936,210.281,48.9808,-16.9336,0.0,0.0001,2.3672,0.0005,6.1673,35.5527,10.8549,27.2325,35.9997
363.0,725.0,10.9454,39.8639,98.6943,242.9562,0.018,0.0002,99.4933,210.2811,48.9808,-16.9336,0.0,0.0001,2.3675,0.0,6.1679,35.5525,10.8536,27.2327,35.9999
364.0,727.0,10.9458,39.8649,98.6892,243.0218,0.0153,0.0002,99.493,210.2811,48.9808,-16.9336,0.0,0.0001,2.3673,-0.0001,6.1685,35.5525,10.8537,27.2326,35.9998
365.0,729.0,10.9409,39.8611,98.7018,243.0187,0.0159,0.0002,99.4979,210.2811,48.9808,-16.9336,0.0,0.0001,2.3675,0.0,6.1682,35.5523,10.8485,27.2334,36.0009
366.0,731.0,10.9396,39.8607,98.7048,243.1206,0.0171,0.0002,99.4936,210.2812,48.9808,-16.9336,0.0,0.0001,2.3672,-0.0001,6.1694,35.5524,10.847,27.2337,36.0012
367.0,733.0,10.9363,39.8576,98.695,243.005,0.0187,0.0002,99.4936,210.2812,48.9808,-16.9336,0.0,0.0001,2.3663,-0.0003,6.1695,35.5517,10.8435,27.2338,36.0015
368.0,735.0,10.9321,39.8543,98.6965,243.181,0.0173,0.0002,99.4984,210.2812,48.9808,-16.9336,0.0,0.0001,2.3675,0.0,6.1694,35.5515,10.839,27.2345,36.0023
369.0,737.0,10.9344,39.8573,98.694,243.3525,0.0173,0.0002,99.4936,210.2813,48.9808,-16.9336,0.0,0.0001,2.3675,0.0,6.1699,35.5515,10.8412,27.2341,36.0019
370.0,739.0,10.9314,39.8551,98.692,243.0922,0.0151,0.0002,99.4936,210.2813,48.9808,-16.9336,0.0,0.0001,2.3655,-0.0004,6.1697,35.5514,10.8378,27.2347,36.0025
371.0,741.0,10.928,39.8524,98.695,242.9275,0.0208,0.0002,99.495,210.2813,48.9808,-16.9336,0.0,0.0001,2.3638,-0.0005,6.1704,35.551,10.8342,27.235,36.003
372.0,743.0,10.9283,39.8533,98.7053,242.5922,0.0168,0.0002,99.4904,210.2814,48.9808,-16.9336,0.0,0.0001,2.3623,-0.0009,6.1703,35.5509,10.8343,27.2349,36.0029
373.0,745.0,10.9266,39.8528,98.7022,242.972,0.0145,0.0002,99.4884,210.2814,48.9808,-16.9336,0.0,0.0001,2.3622,0.0,6.1705,35.5508,10.8323,27.2352,36.0033
374.0,747.0,10.9269,39.8539,98.6959,242.8911,0.0173,0.0002,99.4686,210.2814,48.9808,-16.9336,0.0,0.0001,2.3614,-0.0003,6.1711,35.551,10.8323,27.2353,36.0035
375.0,749.0,10.9243,39.8519,98.6894,242.6998,0.0194,0.0002,99.4936,210.2814,48.9808,-16.9336,0.0,0.0001,2.3614,-0.0007,6.1726,35.5507,10.8294,27.2356,36.0038
376.0,751.0,10.9148,39.8423,98.71,242.9051,0.0201,0.0002,99.4984,210.2815,48.9808,-16.9337,0.0,0.0001,2.3596,-0.0002,6.1724,35.5494,10.8198,27.2363,36.005
377.0,753.0,10.9071,39.8348,98.7045,242.4489,0.0176,0.0002,99.497,210.2815,48.9808,-16.9337,0.0,0.0001,2.3578,-0.0008,6.1732,35.5483,10.8119,27.2369,36.0059
378.0,755.0,10.9043,39.8327,98.6886,242.1193,0.0157,0.0002,99.4936,210.2815,48.9808,-16.9337,0.0,0.0001,2.3548,-0.001,6.1747,35.5482,10.8088,27.2373,36.0065
379.0,757.0,10.8949,39.8228,98.6943,240.9788,0.0166,0.0002,99.4791,210.2816,48.9808,-16.9337,0.0,0.0001,2.3495,-0.0027,6.175,35.5465,10.7992,27.2378,36.0073
380.0,759.0,10.8946,39.8233,98.7008,240.9851,0.0181,0.0002,99.4936,210.2816,48.9808,-16.9337,0.0,0.0001,2.3472,-0.0018,6.1746,35.5463,10.7987,27.2378,36.0073
381.0,761.0,10.8918,39.8213,98.6996,241.8889,0.0216,0.0002,99.4824,210.2816,48.9808,-16.9337,0.0,0.0001,2.3479,0.0004,6.1749,35.5458,10.7955,27.2379,36.0076
382.0,763.0,10.8935,39.8238,98.6981,241.3433,0.0185,0.0002,99.442,210.2816,48.9808,-16.9337,0.0,0.0001,2.3465,-0.0011,6.1765,35.5463,10.797,27.2381,36.0077
383.0,765.0,10.8837,39.8138,98.6967,240.8131,0.018,0.0002,99.4936,210.2817,48.9808,-16.9337,0.0,0.0001,2.3432,-0.0014,6.177,35.5447,10.787,27.2386,36.0087
384.0,767.0,10.88,39.8105,98.7025,241.4958,0.019,0.0002,99.4878,210.2817,48.9808,-16.9337,0.0,0.0001,2.3432,0.0003,6.1762,35.5439,10.783,27.2387,36.009
385.0,769.0,10.8757,39.8066,98.6961,241.2759,0.0189,0.0002,99.4936,210.2817,48.9808,-16.9337,0.0,0.0001,2.3421,-0.0005,6.1785,35.5433,10.7784,27.2391,36.0095
386.0,771.0,10.8697,39.8006,98.71,240.1688,0.0174,0.0002,99.4936,210.2818,48.9808,-16.9337,0.0,0.0001,2.3377,-0.002,6.1796,35.5424,10.7723,27.2394,36.0102
387.0,773.0,10.8658,39.7973,98.6932,239.7344,0.015,0.0002,99.4897,210.2818,48.9808,-16.9338,0.0,0.0001,2.3334,-0.0022,6.1848,35.5421,10.7682,27.2399,36.0108
388.0,775.0,10.8285,39.7558,98.6946,238.0037,0.0177,0.0002,99.4936,210.2818,48.9808,-16.9338,0.0,0.0001,2.3238,-0.004,6.1863,35.5356,10.7308,27.2416,36.0141
389.0,777.0,10.8136,39.74,98.6952,236.5668,0.0176,0.0002,99.4936,210.2818,48.9808,-16.9338,0.0,0.0001,2.313,-0.0042,6.1878,35.5333,10.7158,27.2426,36.0157
390.0,779.0,10.8052,39.7317,98.6857,236.2617,0.017,0.0002,99.499,210.2819,48.9808,-16.9338,0.0,0.0001,2.3076,-0.0029,6.1848,35.5324,10.7072,27.2434,36.0169
391.0,781.0,10.7969,39.7236,98.7,237.6621,0.0183,0.0002,99.5052,210.2819,48.9808,-16.9338,0.0,0.0001,2.3079,0.0002,6.1899,35.5314,10.6986,27.2441,36.018
392.0,783.0,10.7891,39.715,98.6864,235.3584,0.0173,0.0002,99.4936,210.2819,48.9808,-16.9338,0.0,0.0001,2.3006,-0.0038,6.1909,35.5296,10.6906,27.2442,36.0184
393.0,785.0,10.7804,39.7069,98.68,235.0134,0.0168,0.0002,99.4936,210.2819,48.9809,-16.9338,0.0,0.0001,2.2949,-0.0029,6.1915,35.5288,10.6816,27.2451,36.0198
394.0,787.0,10.7748,39.7009,98.6984,235.2443,0.0198,0.0002,99.491,210.282,48.9809,-16.9338,0.0,0.0001,2.2912,-0.0014,6.1946,35.5274,10.6758,27.2451,36.02
395.0,789.0,10.7481,39.6724,98.6857,234.0717,0.0219,0.0002,99.4881,210.282,48.9808,-16.9338,0.0,0.0001,2.2846,-0.0026,6.1981,35.5237,10.6491,27.247,36.0231
396.0,791.0,10.7281,39.6512,98.6961,231.8594,0.0204,0.0002,99.4975,210.282,48.9808,-16.9339,0.0,0.0001,2.2733,-0.0049,6.1997,35.521,10.629,27.2485,36.0254
397.0,793.0,10.7242,39.6471,98.685,231.5736,0.0199,0.0002,99.4936,210.2821,48.9809,-16.9339,0.0,0.0001,2.2665,-0.0033,6.1982,35.5196,10.6248,27.2482,36.0253
398.0,795.0,10.7073,39.6293,98.68,232.4729,0.0205,0.0002,99.492,210.2821,48.9809,-16.9339,0.0,0.0001,2.2653,-0.0007,6.1984,35.5171,10.6076,27.2493,36.0271
399.0,797.0,10.7105,39.6337,98.6835,232.2657,0.019,0.0002,99.4751,210.2821,48.9809,-16.9339,0.0,0.0001,2.2634,-0.0011,6.2035,35.5179,10.6107,27.2493,36.027
400.0,799.0,10.6939,39.6156,98.68,230.1632,0.0192,0.0002,99.4936,210.2821,48.9809,-16.9339,0.0,0.0001,2.2545,-0.0042,6.206,35.5148,10.5939,27.2499,36.0283
401.0,801.0,10.6766,39.597,98.68,229.9464,0.0214,0.0002,99.4936,210.2822,48.9809,-16.9339,0.0,0.0001,2.2503,-0.0032,6.2057,35.5119,10.5765,27.2508,36.03
402.0,803.0,10.6694,39.5901,98.6831,229.7633,0.0192,0.0002,99.4997,210.2822,48.9809,-16.9339,0.0,0.0001,2.245,-0.002,6.2057,35.511,10.569,27.2514,36.031
403.0,805.0,10.6689,39.5904,98.6847,230.3948,0.0213,0.0002,99.4927,210.2822,48.9809,-16.9339,0.0,0.0001,2.2428,-0.0003,6.209,35.5112,10.5683,27.2517,36.0312
404.0,807.0,10.6524,39.5724,98.6864,228.9992,0.0186,0.0002,99.4936,210.2823,48.9809,-16.9339,0.0,0.0001,2.2385,-0.0025,6.2104,35.5081,10.5516,27.2523,36.0326
405.0,809.0,10.6434,39.5635,98.6875,228.6272,0.0167,0.0002,99.488,210.2823,48.9809,-16.9339,0.0,0.0001,2.2347,-0.0021,6.21,35.5069,10.5424,27.253,36.0337
406.0,811.0,10.6332,39.553,98.6847,229.1149,0.023,0.0002,99.4972,210.2823,48.9809,-16.934,0.0,0.0001,2.2327,-0.0005,6.2116,35.5052,10.5319,27.2535,36.0347
407.0,813.0,10.6282,39.5479,98.69,227.9611,0.0211,0.0002,99.4936,210.2823,48.9809,-16.934,0.0,0.0001,2.2279,-0.0022,6.2141,35.5043,10.5267,27.2537,36.0351
408.0,815.0,10.6153,39.5342,98.6862,227.2904,0.0154,0.0002,99.4819,210.2824,48.9809,-16.934,0.0,0.0001,2.2236,-0.0024,6.2129,35.502,10.5137,27.2542,36.0362
409.0,817.0,10.612,39.5314,98.6902,227.9837,0.0183,0.0002,99.4939,210.2824,48.9809,-16.934,0.0,0.0001,2.2216,-0.0007,6.2194,35.5017,10.5101,27.2546,36.0367
410.0,819.0,10.587,39.5017,98.68,224.7663,0.0198,0.0002,99.4994,210.2824,48.9809,-16.934,0.0,0.0001,2.2092,-0.0056,6.227,35.495,10.485,27.2539,36.0371
411.0,821.0,10.5219,39.433,98.6847,222.8119,0.0207,0.0002,99.4936,210.2824,48.9809,-16.934,0.0,0.0001,2.1987,-0.0071,6.2248,35.4879,10.42,27.2598,36.0459
412.0,823.0,10.5168,39.4285,98.6831,224.857,0.0196,0.0002,99.4803,210.2825,48.9809,-16.934,0.0,0.0001,2.1957,-0.0009,6.2256,35.4872,10.4146,27.2603,36.0465
413.0,825.0,10.5203,39.4335,98.6836,224.1912,0.0204,0.0002,99.4858,210.2825,48.9809,-16.934,0.0,0.0001,2.1924,-0.0018,6.2292,35.4885,10.418,27.2606,36.0467
414.0,827.0,10.5108,39.4217,98.68,221.1228,0.0179,0.0002,99.5156,210.2825,48.9809,-16.934,0.0,0.0001,2.1814,-0.0074,6.238,35.4849,10.4083,27.2596,36.0461
415.0,829.0,10.4539,39.3624,98.68,218.7971,0.0173,0.0002,99.4936,210.2826,48.9809,-16.934,0.0,0.0001,2.169,-0.0085,6.2343,35.4791,10.3514,27.265,36.0541
416.0,831.0,10.4337,39.3426,98.68,219.4747,0.0168,0.0002,99.4936,210.2826,48.9809,-16.934,0.0,0.0001,2.1625,-0.0038,6.2258,35.4776,10.331,27.2675,36.0574
417.0,833.0,10.4629,39.374,98.6815,221.6296,0.0219,0.0002,99.5017,210.2826,48.9809,-16.934,0.0,0.0001,2.1644,-0.0007,6.2459,35.4806,10.3599,27.2647,36.0533
418.0,835.0,10.3736,39.2754,98.68,214.4648,0.0214,0.0002,99.4936,210.2827,48.9809,-16.9341,0.0,0.0001,2.1403,-0.0114,6.2488,35.4664,10.2708,27.2693,36.0618
419.0,837.0,10.3317,39.2332,98.6834,214.4633,0.0178,0.0002,99.4854,210.2827,48.9809,-16.9341,0.0,0.0001,2.1288,-0.0086,6.2592,35.4636,10.2289,27.2744,36.0688
420.0,839.0,10.3086,39.2083,98.6834,214.1425,0.02,0.0002,99.4825,210.2827,48.9809,-16.9341,0.0,0.0001,2.1182,-0.0057,6.2605,35.4601,10.2057,27.2757,36.0711
421.0,841.0,10.258,39.1536,98.68,212.966,0.0204,0.0002,99.501,210.2827,48.9809,-16.9341,0.0,0.0001,2.1054,-0.0048,6.2641,35.4529,10.1551,27.2789,36.0765
422.0,843.0,10.2293,39.125,98.68,212.0144,0.022,0.0002,99.4879,210.2828,48.9809,-16.9341,0.0,0.0001,2.0946,-0.0041,6.2697,35.451,10.1264,27.2825,36.0813
423.0,845.0,10.2227,39.1185,98.68,210.1015,0.0214,0.0002,99.4936,210.2828,48.9809,-16.9341,0.0,0.0001,2.0815,-0.005,6.2738,35.4497,10.1196,27.2826,36.0817
424.0,847.0,10.1825,39.0772,98.68,210.4998,0.0188,0.0002,99.4936,210.2828,48.9809,-16.9341,0.0,0.0001,2.0751,-0.003,6.2889,35.4459,10.0793,27.2866,36.0875
425.0,849.0,10.0956,38.9815,98.68,206.7238,0.0243,0.0002,99.4902,210.2828,48.9809,-16.9341,0.0,0.0001,2.0579,-0.0074,6.2995,35.4325,9.9927,27.2911,36.0958
426.0,851.0,10.0181,38.8987,98.68,203.9872,0.0245,0.0002,99.4511,210.2829,48.9809,-16.9341,0.0,0.0001,2.0376,-0.0079,6.304,35.4228,9.9154,27.2968,36.1049
427.0,853.0,9.9821,38.862,98.68,203.5408,0.0225,0.0002,99.4566,210.2829,48.9809,-16.9341,0.0,0.0001,2.0241,-0.005,6.3051,35.4194,9.8794,27.3003,36.11
428.0,855.0,9.9741,38.8541,98.68,203.2372,0.022,0.0002,99.4459,210.2829,48.9809,-16.9341,0.0,0.0001,2.0164,-0.0032,6.3059,35.4183,9.8713,27.3009,36.1109
429.0,857.0,9.9704,38.851,98.68,203.2993,0.0228,0.0002,99.4503,210.2829,48.9809,-16.9341,0.0,0.0001,2.0137,-0.002,6.3039,35.418,9.8674,27.3013,36.1115
430.0,859.0,9.9652,38.847,98.68,204.0839,0.022,0.0002,99.4547,210.283,48.9809,-16.9341,0.0,0.0001,2.0137,-0.0002,6.3045,35.418,9.8619,27.3022,36.1126
431.0,861.0,9.9696,38.8519,98.68,203.4434,0.0245,0.0002,99.4574,210.283,48.981,-16.9342,0.0,0.0001,2.01,-0.0016,6.3142,35.418,9.866,27.3015,36.1118
432.0,863.0,9.9418,38.8225,98.68,200.8579,0.0239,0.0002,99.4647,210.283,48.9809,-16.9342,0.0,0.0001,2.0006,-0.0049,6.3173,35.4139,9.8381,27.3031,36.1146
433.0,865.0,9.877,38.7578,98.68,199.9114,0.0225,0.0002,99.4474,210.283,48.9809,-16.9342,0.0,0.0001,1.9944,-0.0053,6.3156,35.4103,9.7735,27.3113,36.1256
434.0,867.0,9.8551,38.7354,98.68,201.0051,0.0214,0.0002,99.4578,210.2831,48.9809,-16.9342,0.0,0.0001,1.9911,-0.0019,6.3184,35.4076,9.7514,27.3129,36.1282
435.0,869.0,9.8611,38.7417,98.68,200.4764,0.021,0.0002,99.4673,210.2831,48.981,-16.9342,0.0,0.0001,1.9866,-0.0022,6.3272,35.4078,9.7572,27.3121,36.1271
436.0,871.0,9.8049,38.684,98.68,197.8253,0.0209,0.0002,99.4853,210.2831,48.981,-16.9342,0.0,0.0001,1.9739,-0.0053,6.3343,35.4026,9.7011,27.3175,36.135
437.0,873.0,9.7897,38.668,98.68,197.0064,0.02,0.0002,99.4889,210.2832,48.9809,-16.9342,0.0,0.0001,1.9654,-0.0045,6.3366,35.4,9.6857,27.3181,36.1363
438.0,875.0,9.7436,38.6204,98.68,196.5408,0.0223,0.0002,99.4883,210.2832,48.9809,-16.9342,0.0,0.0001,1.9597,-0.0037,6.3341,35.3952,9.6397,27.3221,36.1423
439.0,877.0,9.6906,38.5651,98.68,196.7934,0.0223,0.0002,99.4964,210.2832,48.9809,-16.9342,0.0,0.0001,1.9543,-0.0027,6.3543,35.3895,9.5868,27.3266,36.1491
440.0,879.0,9.6527,38.5289,98.68,193.0788,0.0202,0.0002,99.5225,210.2832,48.981,-16.9342,0.0,0.0001,1.9408,-0.0065,6.3461,35.3886,9.5489,27.3322,36.1564
441.0,881.0,9.5841,38.4624,98.68,193.0009,0.0204,0.0002,99.5084,210.2833,48.981,-16.9342,0.0,0.0001,1.9301,-0.0049,6.3608,35.3864,9.4805,27.3419,36.1691
442.0,883.0,9.5745,38.4555,98.68,191.8434,0.0201,0.0002,99.499,210.2833,48.9809,-16.9342,0.0,0.0001,1.9197,-0.0049,6.3692,35.3879,9.4707,27.3447,36.1723
443.0,885.0,9.5586,38.4391,98.68,189.9506,0.0184,0.0002,99.5103,210.2833,48.9809,-16.9342,0.0,0.0001,1.9114,-0.0061,6.3643,35.3858,9.4547,27.3457,36.174
444.0,887.0,9.4964,38.3737,98.68,191.3276,0.0185,0.0002,99.5052,210.2833,48.9809,-16.9342,0.0,0.0001,1.9061,-0.0023,6.3751,35.3784,9.3925,27.3503,36.1813
445.0,889.0,9.4985,38.3764,98.68,190.9189,0.0203,0.0002,99.5266,210.2834,48.981,-16.9342,0.0,0.0001,1.901,-0.0021,6.3832,35.3782,9.3945,27.3498,36.1808
446.0,891.0,9.4241,38.2986,98.68,190.4973,0.0216,0.0002,99.5486,210.2834,48.9809,-16.9342,0.0,0.0001,1.8974,-0.0019,6.3815,35.3699,9.3203,27.3556,36.1899
447.0,893.0,9.4103,38.2848,98.68,190.7088,0.0215,0.0002,99.5466,210.2834,48.9809,-16.9343,0.0,0.0001,1.8936,-0.0014,6.394,35.3685,9.3063,27.3568,36.1917
448.0,895.0,9.3652,38.2371,98.68,189.9395,0.0258,0.0002,99.552,210.2834,48.9809,-16.9342,0.0,0.0001,1.8892,-0.0023,6.4044,35.3625,9.2613,27.3596,36.1965
449.0,897.0,9.3059,38.1778,98.68,189.8574,0.022,0.0002,99.574,210.2835,48.9809,-16.9343,0.0,0.0001,1.8859,-0.0016,6.4063,35.3585,9.2021,27.3661,36.2056
450.0,899.0,9.2708,38.1437,98.68,189.5187,0.0258,0.0002,99.5771,210.2835,48.9809,-16.9343,0.0,0.0001,1.8816,-0.0016,6.4084,35.3566,9.167,27.3704,36.2115
451.0,901.0,9.2603,38.1345,98.68,189.0465,0.024,0.0002,99.5905,210.2835,48.981,-16.9343,0.0,0.0001,1.8797,-0.0016,6.4054,35.3567,9.1564,27.3722,36.2137
452.0,903.0,9.2483,38.124,98.68,189.4242,0.0221,0.0002,99.5888,210.2835,48.9809,-16.9343,0.0,0.0001,1.8781,-0.0006,6.4102,35.3566,9.1441,27.3741,36.2162
453.0,905.0,9.2423,38.1186,98.68,188.8334,0.0188,0.0002,99.6025,210.2836,48.9809,-16.9343,0.0,0.0001,1.875,-0.0015,6.4142,35.3561,9.1379,27.3747,36.2171
454.0,907.0,9.2245,38.1016,98.68,188.8823,0.0226,0.0002,99.6043,210.2836,48.9809,-16.9343,0.0,0.0001,1.874,-0.001,6.4147,35.3551,9.12,27.3769,36.22
455.0,909.0,9.2141,38.093,98.68,189.2466,0.0186,0.0002,99.6057,210.2836,48.9809,-16.9343,0.0,0.0001,1.8734,0.0,6.4129,35.3551,9.1095,27.3786,36.2222
456.0,911.0,9.2115,38.0916,98.68,189.2643,0.0214,0.0002,99.6091,210.2836,48.9809,-16.9343,0.0,0.0001,1.8731,-0.0003,6.4194,35.3555,9.1066,27.3794,36.2231
457.0,913.0,9.1887,38.0683,98.68,188.0026,0.0236,0.0001,99.5995,210.2837,48.9809,-16.9343,0.0,0.0001,1.8687,-0.0023,6.4322,35.353,9.0837,27.3811,36.2259
458.0,915.0,9.1043,37.9864,98.68,187.3369,0.0217,0.0001,99.6235,210.2837,48.9809,-16.9343,0.0,0.0001,1.8654,-0.0023,6.4288,35.3499,8.9997,27.3923,36.2408
459.0,917.0,9.0845,37.9678,98.68,187.7851,0.0218,0.0001,99.6261,210.2837,48.9809,-16.9343,0.0,0.0001,1.862,-0.0012,6.4303,35.3493,8.9798,27.3951,36.2445
460.0,919.0,9.0906,37.9743,98.68,188.0282,0.0215,0.0001,99.6309,210.2837,48.9809,-16.9343,0.0,0.0001,1.8608,-0.0006,6.4352,35.3493,8.9856,27.3941,36.2432
461.0,921.0,9.0661,37.9508,98.68,187.555,0.024,0.0001,99.638,210.2838,48.9809,-16.9343,0.0,0.0001,1.8577,-0.001,6.4355,35.3478,8.961,27.397,36.2471
462.0,923.0,9.0635,37.9502,98.68,187.9938,0.0237,0.0001,99.6669,210.2838,48.9809,-16.9344,0.0,0.0001,1.8577,-0.0001,6.4367,35.3488,8.9582,27.3982,36.2485
463.0,925.0,9.0603,37.9468,98.68,187.7219,0.0232,0.0001,99.6669,210.2838,48.9809,-16.9343,0.0,0.0001,1.8559,-0.0007,6.4416,35.3477,8.9548,27.3979,36.2483
464.0,927.0,9.0211,37.9082,98.68,187.3214,0.0228,0.0001,99.6631,210.2838,48.9809,-16.9344,0.0,0.0001,1.8538,-0.001,6.4434,35.3452,8.9156,27.4023,36.2545
465.0,929.0,9.0071,37.8958,98.68,187.5868,0.019,0.0001,99.6669,210.2839,48.9809,-16.9344,0.0,0.0001,1.8529,-0.0004,6.4462,35.3453,8.9015,27.4046,36.2574
466.0,931.0,9.0031,37.8925,98.68,187.0087,0.0226,0.0001,99.6669,210.2839,48.9809,-16.9344,0.0,0.0001,1.8524,-0.0012,6.4447,35.3448,8.8972,27.4049,36.2579
467.0,933.0,8.9793,37.8699,98.68,187.8636,0.0223,0.0001,99.6669,210.2839,48.9809,-16.9344,0.0,0.0001,1.8519,0.0002,6.4501,35.3437,8.8733,27.4078,36.2619
468.0,935.0,8.975,37.8652,98.68,187.155,0.024,0.0001,99.6685,210.284,48.9809,-16.9344,0.0,0.0001,1.8493,-0.0012,6.458,35.3423,8.8688,27.4075,36.2618
469.0,937.0,8.9215,37.8123,98.68,186.6064,0.0258,0.0001,99.6907,210.284,48.9809,-16.9344,0.0,0.0001,1.8437,-0.0016,6.4618,35.3388,8.8154,27.4133,36.27
470.0,939.0,8.9038,37.7964,98.68,186.4564,0.0236,0.0001,99.6813,210.284,48.9809,-16.9344,0.0,0.0001,1.8437,-0.0014,6.4596,35.3387,8.7976,27.416,36.2735
471.0,941.0,8.8844,37.7759,98.68,186.9906,0.0234,0.0001,99.6821,210.284,48.9809,-16.9344,0.0,0.0001,1.8437,-0.0002,6.4585,35.3356,8.7782,27.4167,36.2751
472.0,943.0,8.8865,37.7804,98.68,187.4627,0.0245,0.0001,99.68,210.284,48.981,-16.9344,0.0,0.0001,1.8437,0.0002,6.4641,35.3375,8.7801,27.4179,36.2761
473.0,945.0,8.859,37.7518,98.68,186.6993,0.0236,0.0001,99.6902,210.2841,48.9809,-16.9344,0.0,0.0001,1.8416,-0.0015,6.4757,35.3338,8.7525,27.4194,36.2789
474.0,947.0,8.8225,37.7188,98.68,186.6415,0.0222,0.0001,99.6907,210.2841,48.9809,-16.9344,0.0,0.0001,1.84,-0.001,6.4726,35.3343,8.7159,27.4256,36.2867
475.0,949.0,8.7973,37.6937,98.68,186.3473,0.022,0.0001,99.6957,210.2841,48.9809,-16.9344,0.0,0.0001,1.8397,-0.0011,6.4682,35.3321,8.6907,27.4279,36.2902
476.0,951.0,8.7827,37.6812,98.68,186.9281,0.0214,0.0001,99.6841,210.2841,48.981,-16.9345,0.0,0.0001,1.8395,-0.0002,6.4748,35.3327,8.676,27.4306,36.2935
477.0,953.0,8.7883,37.6879,98.68,186.2714,0.023,0.0001,99.6957,210.2842,48.981,-16.9345,0.0,0.0001,1.8353,-0.0014,6.4849,35.3333,8.6813,27.4303,36.2929
478.0,955.0,8.7569,37.6607,98.68,186.1346,0.0194,0.0001,99.6957,210.2842,48.981,-16.9345,0.0,0.0001,1.8339,-0.0013,6.4844,35.3347,8.6499,27.4364,36.3004
479.0,957.0,8.7409,37.6442,98.68,186.6217,0.0242,0.0001,99.6957,210.2842,48.981,-16.9345,0.0,0.0001,1.8341,-0.0003,6.4823,35.3324,8.6338,27.4371,36.3019
480.0,959.0,8.7114,37.619,98.68,187.1532,0.0221,0.0001,99.7082,210.2842,48.981,-16.9345,0.0,0.0001,1.8357,0.0006,6.4801,35.3342,8.6042,27.4432,36.3092
481.0,961.0,8.7506,37.6566,98.68,186.4973,0.0219,0.0001,99.6993,210.2843,48.981,-16.9345,0.0,0.0001,1.8334,-0.0011,6.4941,35.3342,8.6429,27.4371,36.3014
482.0,963.0,8.6554,37.5664,98.68,185.7599,0.0203,0.0001,99.7246,210.2843,48.981,-16.9345,0.0,0.0001,1.8288,-0.0016,6.4996,35.3326,8.5482,27.4508,36.3193
483.0,965.0,8.6375,37.5504,98.68,185.8598,0.0224,0.0001,99.7182,210.2843,48.981,-16.9345,0.0,0.0001,1.8272,-0.0012,6.4981,35.3328,8.5301,27.4537,36.323
484.0,967.0,8.6344,37.5498,98.68,186.1317,0.0213,0.0001,99.7118,210.2843,48.981,-16.9345,0.0,0.0001,1.8278,-0.0005,6.496,35.3343,8.5269,27.4554,36.3249
485.0,969.0,8.6296,37.5443,98.68,186.7954,0.0206,0.0001,99.7038,210.2844,48.981,-16.9345,0.0,0.0001,1.8278,0.0002,6.5015,35.3322,8.5218,27.4546,36.3243
486.0,971.0,8.6404,37.5555,98.68,185.7639,0.0193,0.0001,99.7246,210.2844,48.981,-16.9345,0.0,0.0001,1.825,-0.002,6.516,35.3326,8.5324,27.4532,36.3225
487.0,973.0,8.588,37.5085,98.68,185.8404,0.0205,0.0001,99.7246,210.2844,48.981,-16.9345,0.0,0.0001,1.8242,-0.0016,6.5159,35.3343,8.4801,27.4627,36.3343
488.0,975.0,8.5277,37.4488,98.68,186.2256,0.0215,0.0001,99.7246,210.2844,48.981,-16.9345,0.0,0.0001,1.8252,-0.0006,6.5115,35.3304,8.42,27.469,36.3433
489.0,977.0,8.5183,37.4416,98.68,187.0206,0.0194,0.0001,99.7213,210.2845,48.981,-16.9346,0.0,0.0001,1.8261,0.0007,6.508,35.3308,8.4103,27.4709,36.3456
490.0,979.0,8.542,37.4651,98.68,186.5427,0.0197,0.0001,99.7182,210.2845,48.981,-16.9346,0.0,0.0001,1.8258,-0.0007,6.5163,35.3315,8.4337,27.4678,36.3414
491.0,981.0,8.5014,37.4273,98.68,185.6705,0.0197,0.0001,99.7191,210.2846,48.981,-16.9346,0.0,0.0001,1.8213,-0.0018,6.5201,35.3307,8.3931,27.4735,36.3489
492.0,983.0,8.4917,37.4185,98.68,186.0302,0.0199,0.0001,99.7234,210.2846,48.981,-16.9346,0.0,0.0001,1.8212,-0.0007,6.5186,35.3301,8.3833,27.4746,36.3504
493.0,985.0,8.4768,37.4055,98.68,186.4779,0.0219,0.0001,99.7246,210.2846,48.981,-16.9346,0.0,0.0001,1.8214,0.0001,6.516,35.3304,8.3682,27.4771,36.3537
494.0,987.0,8.4723,37.403,98.68,186.8141,0.0229,0.0001,99.7143,210.2846,48.981,-16.9346,0.0,0.0001,1.8222,0.0,6.5265,35.3316,8.3636,27.4787,36.3555
495.0,989.0,8.4292,37.363,98.68,186.3178,0.0236,0.0001,99.7452,210.2847,48.981,-16.9346,0.0,0.0001,1.8193,-0.0009,6.5346,35.3308,8.3205,27.4848,36.3635
496.0,991.0,8.3912,37.329,98.68,186.9409,0.0246,0.0001,99.7246,210.2847,48.981,-16.9346,0.0,0.0001,1.8193,0.0003,6.5286,35.3318,8.2825,27.4915,36.3718
497.0,993.0,8.3753,37.3154,98.68,187.3637,0.0249,0.0001,99.7246,210.2847,48.981,-16.9346,0.0,0.0001,1.8211,0.0001,6.543,35.3324,8.2665,27.4944,36.3754
498.0,995.0,8.3576,37.2984,98.68,186.8921,0.026,0.0001,99.7319,210.2847,48.981,-16.9346,0.0,0.0001,1.8195,-0.0005,6.5413,35.3313,8.2487,27.4962,36.3781
499.0,997.0,8.309,37.2551,98.68,187.6829,0.0212,0.0001,99.7392,210.2848,48.981,-16.9346,0.0,0.0001,1.8215,0.0003,6.5492,35.3327,8.2002,27.5048,36.3888
500.0,999.0,8.3053,37.251,98.68,187.5763,0.0207,0.0001,99.7487,210.2848,48.981,-16.9346,0.0,0.0001,1.8217,0.0,6.5499,35.3311,8.1963,27.5042,36.3884
501.0,1001.0,8.2803,37.2296,98.68,187.9976,0.0202,0.0001,99.7428,210.2848,48.981,-16.9346,0.0,0.0001,1.8217,0.0002,6.5529,35.3324,8.1712,27.509,36.3943
502.0,1003.0,8.2707,37.2211,98.68,187.9683,0.0192,0.0001,99.7535,210.2849,48.981,-16.9346,0.0,0.0001,1.8225,0.0001,6.5524,35.332,8.1615,27.5102,36.396
503.0,1005.0,8.2666,37.2182,98.68,187.9233,0.0217,0.0001,99.7372,210.2849,48.981,-16.9347,0.0,0.0001,1.8219,-0.0001,6.5548,35.3324,8.1572,27.5111,36.3971
504.0,1007.0,8.2609,37.2146,98.68,188.0719,0.0205,0.0001,99.7373,210.2851,48.981,-16.9347,0.0,0.0001,1.8226,-0.0001,6.5565,35.333,8.1512,27.5126,36.3988
505.0,1009.0,8.2532,37.2075,98.68,188.1441,0.0215,0.0001,99.732,210.2851,48.981,-16.9347,0.0,0.0001,1.8225,0.0001,6.5561,35.3327,8.1435,27.5135,36.4
