Datacycle,press,temp,cond,alt,oxygen,fluor,atten,trans,jday,lat,lon,PAR,UPAR,oxV,oxdVdt,oxysat,salin,potemp,sigma0,sigma2
1.0,1.0,15.6641,44.2484,55.5212,240.2255,0.6393,0.0042,90.4405,215.666,48.7277,-16.0875,0.0,0.0001,2.6914,0.0005,5.592,35.6082,15.6639,26.2924,34.8764
2.0,3.0,15.6642,44.2493,79.2568,240.2307,0.5998,0.0032,92.2504,215.666,48.7277,-16.0875,0.0,0.0001,2.6916,0.0001,5.592,35.6083,15.6637,26.2925,34.8766
3.0,5.0,15.6627,44.2496,97.7626,240.6285,0.6146,0.0032,92.2287,215.6661,48.7277,-16.0875,0.0,0.0001,2.6933,0.0007,5.5922,35.6091,15.6619,26.2935,34.8777
4.0,7.0,15.6635,44.2502,86.7168,240.6425,0.6667,0.0032,92.3773,215.6662,48.7277,-16.0875,0.0,0.0001,2.694,-0.0001,5.5922,35.608,15.6623,26.2926,34.8767
5.0,9.0,15.6628,44.2502,94.2172,241.0644,0.7195,0.0032,92.3795,215.6662,48.7277,-16.0875,0.0,0.0001,2.6969,0.0005,5.5921,35.6079,15.6614,26.2927,34.8769
6.0,11.0,15.664,44.2525,98.71,241.2951,0.7437,0.0032,92.3838,215.6663,48.7276,-16.0875,0.0,0.0001,2.6986,0.0002,5.592,35.6082,15.6624,26.2928,34.8769
7.0,13.0,15.6646,44.2546,98.71,240.9624,0.7998,0.0032,92.3524,215.6664,48.7276,-16.0875,0.0,0.0001,2.6972,-0.0009,5.592,35.6087,15.6626,26.293,34.8771
8.0,15.0,15.6643,44.2548,92.02,241.4084,0.7944,0.0032,92.3416,215.6664,48.7276,-16.0875,0.0,0.0001,2.6985,0.0003,5.592,35.6084,15.662,26.293,34.8771
9.0,17.0,15.6649,44.2569,96.71,241.5016,0.8088,0.0032,92.3603,215.6665,48.7276,-16.0875,0.0,0.0001,2.6985,0.0004,5.5919,35.6087,15.6623,26.2932,34.8773
10.0,19.0,15.6653,44.2581,93.7547,241.4397,0.8122,0.0032,92.3572,215.6665,48.7276,-16.0875,0.0,0.0001,2.6984,-0.0001,5.592,35.6088,15.6624,26.2932,34.8773
11.0,21.0,15.6647,44.2586,98.71,241.5258,0.8228,0.0032,92.3304,215.6666,48.7276,-16.0875,0.0,0.0001,2.6984,0.0,5.5923,35.6088,15.6614,26.2934,34.8775
12.0,23.0,15.6645,44.2586,98.71,241.5265,0.8131,0.0032,92.347,215.6666,48.7276,-16.0875,0.0,0.0001,2.6979,-0.0002,5.5934,35.6083,15.661,26.2931,34.8773
13.0,25.0,15.6497,44.247,65.7143,241.4095,0.8245,0.0032,92.356,215.6667,48.7276,-16.0875,0.0,0.0001,2.6972,-0.0006,5.5929,35.6104,15.6457,26.2982,34.8829
14.0,27.0,15.6559,44.2536,98.71,241.5811,0.8312,0.0032,92.3704,215.6667,48.7275,-16.0875,0.0,0.0001,2.696,0.0003,5.5927,35.6099,15.6517,26.2965,34.8809
15.0,29.0,15.6565,44.2555,31.764,241.9321,0.8443,0.0032,92.3666,215.6667,48.7275,-16.0875,0.0,0.0001,2.6984,0.0008,5.5922,35.6102,15.6519,26.2966,34.8811
16.0,31.0,15.6585,44.2576,92.8862,241.8535,0.8334,0.0032,92.3592,215.6668,48.7275,-16.0875,0.0,0.0001,2.6982,0.0001,5.5925,35.6096,15.6536,26.2958,34.8802
17.0,33.0,15.6574,44.2576,85.4169,241.9655,0.8323,0.0032,92.3586,215.6668,48.7275,-16.0875,0.0,0.0001,2.6955,-0.0011,5.6094,35.6098,15.6522,26.2963,34.8807
18.0,35.0,15.6167,44.2171,98.719,239.4567,0.8389,0.003,92.6763,215.6668,48.7275,-16.0875,0.0,0.0001,2.6839,-0.0053,5.5997,35.6092,15.6113,26.3051,34.891
19.0,37.0,15.407,44.0056,98.5786,240.8377,0.7159,0.0026,93.8057,215.6669,48.7275,-16.0875,0.0,0.0001,2.6807,-0.0022,5.629,35.6071,15.4013,26.3508,34.9441
20.0,39.0,15.2823,43.875,27.5829,240.0969,0.6408,0.0022,94.7358,215.6669,48.7275,-16.0875,0.0,0.0001,2.6642,-0.006,5.6916,35.6012,15.2763,26.3742,34.9721
21.0,41.0,14.884,43.4925,98.7065,234.3349,0.5355,0.0017,95.778,215.6669,48.7275,-16.0875,0.0,0.0001,2.6265,-0.0158,5.7035,35.6141,14.8778,26.472,35.084
22.0,43.0,14.1219,42.949,72.2821,236.665,0.4626,0.0016,96.2108,215.667,48.7275,-16.0875,0.0,0.0001,2.6114,-0.0046,5.7451,35.7342,14.2012,26.7119,35.3468
23.0,45.0,13.9615,42.7661,98.71,227.0434,0.4266,0.0012,97.0329,215.667,48.7275,-16.0875,0.0,0.0001,2.561,-0.0248,5.7743,35.7912,13.955,26.8084,35.4515
24.0,47.0,13.7586,42.5403,93.2427,230.3369,0.3533,0.0009,97.6627,215.667,48.7274,-16.0875,0.0,0.0001,2.5618,-0.0074,5.7348,35.7679,13.7519,26.8331,35.4842
25.0,49.0,13.6964,42.4811,87.7753,232.7497,0.31,0.0012,97.1186,215.6671,48.7274,-16.0875,0.0,0.0001,2.5579,-0.0037,5.8031,35.7695,13.6894,26.8474,35.5008
26.0,51.0,13.6356,42.4333,98.7162,229.6339,0.2543,0.0008,98.0527,215.6671,48.7274,-16.0875,0.0,0.0001,2.5288,-0.0075,5.8339,35.7803,13.6283,26.8686,35.5241
27.0,53.0,13.5733,42.3744,98.7006,230.2816,0.2172,0.0007,98.2087,215.6671,48.7274,-16.0875,0.0,0.0001,2.5294,-0.0015,5.8028,35.7824,13.5658,26.8832,35.5409
28.0,55.0,13.486,42.2856,72.0843,230.7056,0.1689,0.0006,98.4486,215.6672,48.7274,-16.0875,0.0,0.0001,2.5239,-0.0025,5.8448,35.7796,13.4783,26.8991,35.5603
29.0,57.0,13.3745,42.1629,98.71,230.1513,0.1263,0.0005,98.7375,215.6672,48.7274,-16.0875,0.0,0.0001,2.5125,-0.0018,5.8593,35.7669,13.3665,26.9124,35.5779
30.0,59.0,13.314,42.0954,60.2754,229.3905,0.1006,0.0005,98.8626,215.6672,48.7274,-16.0875,0.0,0.0001,2.5073,-0.0024,5.8591,35.7587,13.3057,26.9186,35.5865
31.0,61.0,13.2953,42.0789,77.9097,229.5519,0.0842,0.0004,98.9418,215.6673,48.7274,-16.0875,0.0,0.0001,2.5027,-0.0007,5.8628,35.7598,13.2867,26.9233,35.5919
32.0,63.0,13.2847,42.0693,78.8079,229.3327,0.0809,0.0004,98.998,215.6673,48.7274,-16.0875,0.0,0.0001,2.5006,-0.0007,5.8618,35.7596,13.2758,26.9254,35.5944
33.0,65.0,13.2557,42.0381,98.71,230.0583,0.071,0.0004,99.0793,215.6673,48.7274,-16.0875,0.0,0.0001,2.5026,0.0008,5.8644,35.7565,13.2465,26.929,35.5992
34.0,67.0,13.2629,42.0477,98.695,229.3953,0.0638,0.0004,99.1192,215.6674,48.7274,-16.0875,0.0,0.0001,2.4985,-0.001,5.8706,35.7581,13.2536,26.9288,35.5987
35.0,69.0,13.2183,42.0003,98.6936,230.3043,0.0616,0.0003,99.1664,215.6674,48.7274,-16.0875,0.0,0.0001,2.4999,0.0008,5.8764,35.7541,13.2087,26.9349,35.6065
36.0,71.0,13.1812,41.9579,89.0892,230.472,0.0592,0.0003,99.1957,215.6674,48.7274,-16.0875,0.0,0.0001,2.5021,0.0009,5.8726,35.7477,13.1713,26.9376,35.6107
37.0,73.0,13.1732,41.95,98.695,229.9379,0.0548,0.0003,99.238,215.6675,48.7274,-16.0875,0.0,0.0001,2.4996,-0.0014,5.8817,35.7469,13.163,26.9387,35.6121
38.0,75.0,13.1421,41.918,36.8912,230.2241,0.0461,0.0003,99.2626,215.6675,48.7274,-16.0875,0.0,0.0001,2.4983,0.0003,5.8801,35.7449,13.1317,26.9435,35.6182
39.0,77.0,13.12,41.8932,96.0493,230.5456,0.0463,0.0003,99.3276,215.6675,48.7273,-16.0876,0.0,0.0001,2.4994,0.0003,5.8852,35.7411,13.1093,26.9451,35.6207
40.0,79.0,13.1254,41.8991,98.71,230.0496,0.0418,0.0002,99.3685,215.6676,48.7273,-16.0876,0.0,0.0001,2.4959,-0.0014,5.8921,35.7409,13.1145,26.9439,35.6193
41.0,81.0,13.0628,41.8297,98.71,230.4057,0.0407,0.0002,99.4036,215.6676,48.7273,-16.0876,0.0,0.0001,2.4957,-0.0002,5.8928,35.7328,13.0517,26.9504,35.6283
42.0,83.0,13.042,41.8079,98.71,230.8079,0.0368,0.0002,99.4372,215.6676,48.7273,-16.0876,0.0,0.0001,2.497,0.0006,5.8943,35.7307,13.0306,26.953,35.6317
43.0,85.0,13.0386,41.8065,98.7,230.4209,0.0368,0.0002,99.4591,215.6677,48.7273,-16.0876,0.0,0.0001,2.4958,-0.0004,5.8915,35.7316,13.0269,26.9545,35.6333
44.0,87.0,13.0552,41.8287,98.695,230.1735,0.0306,0.0002,99.496,215.6677,48.7273,-16.0876,0.0,0.0001,2.4938,-0.0009,5.8922,35.7363,13.0432,26.9548,35.633
45.0,89.0,13.0449,41.8209,47.0157,230.2283,0.0377,0.0002,99.5225,215.6677,48.7273,-16.0876,0.0,0.0001,2.4928,-0.0002,5.8921,35.7377,13.0325,26.958,35.6366
46.0,91.0,13.0425,41.8176,96.936,230.0764,0.0312,0.0002,99.524,215.6678,48.7273,-16.0876,0.0,0.0001,2.4907,-0.0009,5.8985,35.736,13.03,26.9573,35.636
47.0,93.0,12.9919,41.7615,98.71,230.1392,0.0302,0.0002,99.5387,215.6678,48.7273,-16.0876,0.0,0.0001,2.488,-0.0004,5.9033,35.7292,12.9791,26.9623,35.643
48.0,95.0,12.9605,41.7259,85.5411,230.2192,0.0287,0.0002,99.5353,215.6678,48.7273,-16.0876,0.0,0.0001,2.4871,-0.0005,5.9078,35.7238,12.9474,26.9645,35.6465
49.0,97.0,12.9229,41.684,98.695,230.4906,0.0303,0.0002,99.561,215.6679,48.7273,-16.0876,0.0,0.0001,2.4873,0.0003,5.9074,35.7183,12.9095,26.9679,35.6514
50.0,99.0,12.9104,41.6708,98.705,230.3323,0.0319,0.0002,99.5514,215.6679,48.7273,-16.0876,0.0,0.0001,2.486,-0.0007,5.9135,35.7167,12.8968,26.9692,35.6532
51.0,101.0,12.8891,41.6457,98.71,230.6263,0.0323,0.0002,99.5514,215.6679,48.7273,-16.0876,0.0,0.0001,2.486,0.0,5.9153,35.712,12.8753,26.9699,35.6548
52.0,103.0,12.8718,41.6279,85.5012,230.6283,0.0308,0.0002,99.5656,215.668,48.7273,-16.0876,0.0,0.0001,2.4859,-0.0001,5.9153,35.7104,12.8577,26.9722,35.6578
53.0,105.0,12.8698,41.6274,98.5807,230.2196,0.0334,0.0002,99.5774,215.668,48.7273,-16.0876,0.0,0.0001,2.4836,-0.0009,5.9149,35.7109,12.8555,26.973,35.6587
54.0,107.0,12.8726,41.6323,78.9287,230.5617,0.0312,0.0002,99.5802,215.668,48.7272,-16.0877,0.0,0.0001,2.4836,0.0002,5.9147,35.712,12.8579,26.9734,35.659
55.0,109.0,12.8823,41.6449,59.2767,230.4126,0.0276,0.0002,99.5835,215.6681,48.7272,-16.0877,0.0,0.0001,2.4834,-0.0003,5.9147,35.7139,12.8673,26.973,35.6582
56.0,111.0,12.8845,41.6476,93.1487,230.5025,0.0275,0.0002,99.5953,215.6682,48.7272,-16.0877,0.0,0.0001,2.4828,0.0,5.9156,35.7138,12.8693,26.9725,35.6576
57.0,113.0,12.852,41.6123,98.71,230.5104,0.0273,0.0002,99.596,215.6683,48.7272,-16.0877,0.0,0.0001,2.4813,-0.0003,5.9211,35.7099,12.8365,26.976,35.6625
58.0,115.0,12.8196,41.5755,53.453,230.0446,0.0262,0.0002,99.5853,215.6683,48.7272,-16.0877,0.0,0.0001,2.4785,-0.0015,5.9242,35.7042,12.8039,26.9782,35.6659
59.0,117.0,12.7974,41.5504,97.9305,230.7397,0.0248,0.0002,99.5914,215.6683,48.7272,-16.0877,0.0,0.0001,2.4795,0.0005,5.9243,35.7001,12.7814,26.9796,35.6682
60.0,119.0,12.8108,41.5659,98.71,230.1262,0.0248,0.0002,99.5905,215.6684,48.7272,-16.0877,0.0,0.0001,2.4773,-0.0019,5.9312,35.7018,12.7946,26.9782,35.6663
61.0,121.0,12.748,41.4941,80.39,230.3788,0.0229,0.0002,99.5905,215.6684,48.7272,-16.0877,0.0,0.0001,2.4754,-0.0008,5.9345,35.691,12.7315,26.9824,35.6731
62.0,123.0,12.7168,41.46,83.8255,230.9594,0.0232,0.0002,99.5825,215.6685,48.7272,-16.0877,0.0,0.0001,2.4764,0.0009,5.9334,35.6868,12.7001,26.9855,35.6775
63.0,125.0,12.7067,41.4488,94.2052,230.4987,0.0217,0.0002,99.5813,215.6685,48.7272,-16.0877,0.0,0.0001,2.4746,-0.001,5.9398,35.6847,12.6897,26.9859,35.6783
64.0,127.0,12.6792,41.4181,98.7055,230.8494,0.026,0.0002,99.5832,215.6685,48.7271,-16.0877,0.0,0.0001,2.4727,0.0001,5.9425,35.6804,12.6619,26.9881,35.6816
65.0,129.0,12.665,41.4014,57.4651,230.2717,0.0273,0.0002,99.5848,215.6686,48.7271,-16.0877,0.0,0.0001,2.4705,-0.0012,5.944,35.6769,12.6475,26.9882,35.6824
66.0,131.0,12.6453,41.3799,98.7025,231.0254,0.0245,0.0002,99.5802,215.6686,48.7271,-16.0877,0.0,0.0001,2.472,0.0011,5.9432,35.6739,12.6275,26.9899,35.6849
67.0,133.0,12.6421,41.3773,88.2302,230.4278,0.0261,0.0002,99.5756,215.6686,48.7271,-16.0877,0.0,0.0001,2.4702,-0.0011,5.9453,35.6738,12.6242,26.9905,35.6856
68.0,135.0,12.6242,41.3575,93.4701,229.975,0.0266,0.0002,99.5706,215.6687,48.7271,-16.0877,0.0,0.0001,2.4644,-0.0008,5.9481,35.6706,12.6059,26.9916,35.6875
69.0,137.0,12.5993,41.3305,98.71,230.6298,0.022,0.0002,99.5706,215.6687,48.7271,-16.0877,0.0,0.0001,2.4662,0.0008,5.9474,35.6671,12.5807,26.9939,35.6908
70.0,139.0,12.6221,41.3567,78.007,230.5545,0.0263,0.0002,99.558,215.6687,48.7271,-16.0878,0.0,0.0001,2.4668,-0.0005,5.9535,35.6699,12.6033,26.9916,35.6876
71.0,141.0,12.5917,41.3222,98.71,229.107,0.0277,0.0002,99.5648,215.6688,48.7271,-16.0878,0.0,0.0001,2.4589,-0.0038,5.9607,35.6648,12.5727,26.9938,35.691
72.0,143.0,12.5372,41.2606,78.0129,229.7651,0.0256,0.0002,99.5568,215.6688,48.7271,-16.0878,0.0,0.0001,2.4588,-0.0007,5.9565,35.6561,12.5179,26.9978,35.6973
73.0,145.0,12.5228,41.2452,85.9001,230.2514,0.0263,0.0002,99.5381,215.6688,48.7271,-16.0878,0.0,0.0001,2.4602,-0.0002,5.9602,35.6539,12.5033,26.999,35.699
74.0,147.0,12.5085,41.2259,92.3018,228.7659,0.0193,0.0002,99.5514,215.6689,48.7271,-16.0878,0.0,0.0001,2.4525,-0.0034,5.9647,35.648,12.4886,26.9973,35.698
75.0,149.0,12.4868,41.2063,98.7036,228.9727,0.0214,0.0002,99.5297,215.6689,48.7271,-16.0878,0.0,0.0001,2.4518,-0.0021,5.9632,35.6488,12.4668,27.0023,35.7038
76.0,151.0,12.4782,41.1981,98.7018,229.7106,0.0234,0.0002,99.5424,215.6689,48.7271,-16.0878,0.0,0.0001,2.4526,-0.0002,5.9656,35.6482,12.4579,27.0035,35.7054
77.0,153.0,12.4731,41.1865,98.6936,230.1879,0.0228,0.0002,99.5266,215.669,48.7271,-16.0878,0.0,0.0001,2.453,0.0008,5.967,35.6409,12.4526,26.9989,35.7011
78.0,155.0,12.4564,41.1766,81.4062,230.087,0.0206,0.0002,99.5362,215.669,48.727,-16.0878,0.0,0.0001,2.4529,0.0001,5.9693,35.6461,12.4355,27.0063,35.7091
79.0,157.0,12.4554,41.1754,84.3352,230.5575,0.0232,0.0002,99.5285,215.669,48.727,-16.0877,0.0,0.0001,2.4536,0.0006,5.9741,35.645,12.4343,27.0057,35.7085
80.0,159.0,12.4258,41.1435,92.9426,230.6763,0.0248,0.0002,99.5225,215.6691,48.727,-16.0877,0.0,0.0001,2.4552,0.0007,5.9707,35.6412,12.4044,27.0087,35.7127
81.0,161.0,12.4219,41.1405,98.5344,230.7015,0.0252,0.0002,99.518,215.6691,48.727,-16.0877,0.0,0.0001,2.4559,0.0,5.9743,35.6413,12.4003,27.0095,35.7137
82.0,163.0,12.4224,41.1414,98.6966,230.8806,0.0272,0.0002,99.4968,215.6691,48.727,-16.0877,0.0,0.0001,2.4548,0.0001,5.977,35.6409,12.4006,27.0092,35.7134
83.0,165.0,12.3965,41.1137,82.1857,230.6749,0.0266,0.0002,99.5199,215.6692,48.727,-16.0877,0.0,0.0001,2.4549,-0.0005,5.9755,35.6378,12.3744,27.0119,35.7172
84.0,167.0,12.3898,41.1073,65.6747,231.2855,0.0243,0.0002,99.5166,215.6692,48.727,-16.0877,0.0,0.0001,2.4569,0.0005,5.9791,35.6371,12.3674,27.0127,35.7183
85.0,169.0,12.3849,41.1019,95.7214,230.491,0.0235,0.0002,99.5072,215.6692,48.727,-16.0877,0.0,0.0001,2.4523,-0.0017,5.9875,35.6358,12.3623,27.0127,35.7185
86.0,171.0,12.3221,41.0312,98.695,230.9068,0.0254,0.0002,99.4949,215.6693,48.727,-16.0877,0.0,0.0001,2.4514,-0.0001,5.9873,35.6259,12.2993,27.0174,35.7257
87.0,173.0,12.2944,41.0018,98.4784,231.1953,0.0259,0.0002,99.4962,215.6693,48.727,-16.0877,0.0,0.0001,2.4522,0.0,5.9911,35.6227,12.2713,27.0204,35.7299
88.0,175.0,12.2857,40.9928,78.5813,231.5015,0.0262,0.0002,99.494,215.6693,48.727,-16.0878,0.0,0.0001,2.4524,0.0007,5.9912,35.6213,12.2624,27.021,35.7309
89.0,177.0,12.2795,40.9867,58.6843,230.6958,0.0275,0.0002,99.4851,215.6694,48.727,-16.0878,0.0,0.0001,2.45,-0.0016,5.9939,35.6204,12.256,27.0216,35.7317
90.0,179.0,12.2696,40.9771,98.6853,229.4563,0.0231,0.0002,99.4936,215.6694,48.727,-16.0878,0.0,0.0001,2.4428,-0.0031,5.9934,35.6196,12.2458,27.0229,35.7335
91.0,181.0,12.2645,40.9759,91.0673,229.4035,0.0245,0.0002,99.5019,215.6694,48.727,-16.0878,0.0,0.0001,2.4383,-0.0015,5.9935,35.6224,12.2404,27.0262,35.7369
92.0,183.0,12.2689,40.9803,98.71,228.7424,0.0243,0.0002,99.4892,215.6695,48.727,-16.0878,0.0,0.0001,2.4329,-0.0022,5.9962,35.6217,12.2446,27.0248,35.7354
93.0,185.0,12.2473,40.9609,59.785,227.9732,0.0242,0.0002,99.4893,215.6695,48.727,-16.0878,0.0,0.0001,2.4258,-0.0018,5.9953,35.6223,12.2227,27.0295,35.741
94.0,187.0,12.2377,40.9513,88.5316,228.9304,0.0258,0.0002,99.494,215.6695,48.7269,-16.0878,0.0,0.0001,2.4269,0.0006,5.9973,35.6212,12.2128,27.0306,35.7425
95.0,189.0,12.2417,40.9568,98.7182,228.1221,0.0265,0.0002,99.49,215.6696,48.727,-16.0877,0.0,0.0001,2.4224,-0.0013,6.0017,35.6221,12.2166,27.0306,35.7422
96.0,191.0,12.2071,40.9191,98.68,228.0025,0.0236,0.0002,99.487,215.6696,48.7269,-16.0878,0.0,0.0001,2.4198,-0.0011,6.003,35.6173,12.1818,27.0336,35.7467
97.0,193.0,12.1933,40.9037,94.2189,228.6932,0.0208,0.0002,99.4875,215.6696,48.7269,-16.0878,0.0,0.0001,2.421,0.001,6.0014,35.6146,12.1677,27.0342,35.7479
98.0,195.0,12.1884,40.8995,89.7578,228.4707,0.0232,0.0002,99.4728,215.6697,48.7269,-16.0878,0.0,0.0001,2.4201,-0.0001,6.0053,35.6145,12.1626,27.0352,35.749
99.0,197.0,12.1579,40.8671,98.6854,227.8809,0.0233,0.0002,99.4899,215.6697,48.7269,-16.0878,0.0,0.0001,2.4171,-0.0016,6.0082,35.6109,12.1317,27.0384,35.7535
100.0,199.0,12.1454,40.855,62.4493,228.9374,0.0227,0.0002,99.4895,215.6697,48.7269,-16.0878,0.0,0.0001,2.4188,0.0013,6.0073,35.61,12.1189,27.0401,35.7558
101.0,201.0,12.1557,40.8674,91.0987,228.19,0.0241,0.0002,99.4775,215.6698,48.7269,-16.0878,0.0,0.0001,2.4172,-0.001,6.0111,35.6117,12.1291,27.0395,35.7547
102.0,203.0,12.1478,40.8594,98.695,227.3831,0.0224,0.0002,99.4672,215.6698,48.7269,-16.0878,0.0,0.0001,2.4118,-0.002,6.0144,35.6107,12.121,27.0403,35.7558
103.0,205.0,12.1054,40.8119,98.7014,227.3504,0.0222,0.0002,99.4647,215.6698,48.7269,-16.0878,0.0,0.0001,2.4093,-0.0011,6.0132,35.6038,12.0783,27.0431,35.7605
104.0,207.0,12.101,40.8075,98.6912,227.7918,0.0217,0.0002,99.4606,215.6699,48.7269,-16.0878,0.0,0.0001,2.4093,-0.0006,6.0182,35.6029,12.0737,27.0434,35.7609
105.0,209.0,12.0668,40.7696,98.6962,225.6891,0.022,0.0002,99.4647,215.6699,48.7268,-16.0878,0.0,0.0001,2.3978,-0.0039,6.0216,35.5974,12.0392,27.0458,35.7647
106.0,211.0,12.0503,40.7518,98.6971,225.9962,0.0213,0.0002,99.4647,215.6699,48.7268,-16.0878,0.0,0.0001,2.3956,-0.0014,6.0186,35.5949,12.0225,27.047,35.7667
107.0,213.0,12.0531,40.7548,84.1309,226.5144,0.0226,0.0002,99.4616,215.67,48.7268,-16.0878,0.0,0.0001,2.3949,-0.0004,6.0261,35.5944,12.0251,27.0461,35.7657
108.0,215.0,12.0153,40.7121,94.7203,227.6592,0.0227,0.0002,99.4359,215.67,48.7268,-16.0878,0.0,0.0001,2.3969,0.0019,6.0316,35.5875,11.987,27.0481,35.7693
109.0,217.0,11.9763,40.6688,98.7025,228.645,0.0242,0.0002,99.4302,215.67,48.7268,-16.0878,0.0,0.0001,2.403,0.0033,6.0252,35.5817,11.9478,27.0511,35.7739
110.0,219.0,11.9688,40.6599,98.6693,227.8913,0.0244,0.0002,99.4267,215.6701,48.7268,-16.0877,0.0,0.0001,2.4022,-0.0005,6.0369,35.5795,11.9401,27.0509,35.774
111.0,221.0,11.9406,40.6289,98.705,229.9245,0.0229,0.0002,99.4158,215.6701,48.7268,-16.0878,0.0,0.0001,2.4084,0.0036,6.038,35.5751,11.9117,27.053,35.7773
112.0,223.0,11.9358,40.6239,80.2183,229.5412,0.0241,0.0002,99.407,215.6701,48.7268,-16.0878,0.0,0.0001,2.4111,0.0012,6.037,35.5737,11.9066,27.0529,35.7774
113.0,225.0,11.9372,40.6262,88.4443,229.153,0.0244,0.0002,99.4157,215.6702,48.7268,-16.0878,0.0,0.0001,2.4109,-0.0004,6.0375,35.5739,11.9077,27.0528,35.7772
114.0,227.0,11.94,40.6306,98.695,229.1433,0.0219,0.0002,99.407,215.6702,48.7268,-16.0877,0.0,0.0001,2.4095,-0.0003,6.0386,35.5747,11.9104,27.0529,35.7772
115.0,229.0,11.931,40.6217,98.6745,229.0186,0.0248,0.0002,99.407,215.6702,48.7268,-16.0877,0.0,0.0001,2.409,-0.0003,6.0376,35.5736,11.901,27.0539,35.7786
116.0,231.0,11.926,40.6173,98.7087,229.0229,0.0261,0.0002,99.4051,215.6703,48.7268,-16.0877,0.0,0.0001,2.4083,-0.0008,6.0411,35.5733,11.8958,27.0546,35.7796
117.0,233.0,11.9098,40.5995,98.68,227.7497,0.0245,0.0002,99.407,215.6703,48.7268,-16.0877,0.0,0.0001,2.4017,-0.0028,6.0419,35.5703,11.8793,27.0554,35.7811
118.0,235.0,11.8867,40.5756,81.5016,228.901,0.0255,0.0002,99.4022,215.6703,48.7268,-16.0877,0.0,0.0001,2.4037,0.0002,6.0431,35.5679,11.8559,27.058,35.7846
119.0,237.0,11.8879,40.5772,98.71,228.5274,0.0255,0.0002,99.407,215.6704,48.7268,-16.0877,0.0,0.0001,2.4017,-0.0008,6.044,35.5677,11.8569,27.0577,35.7842
120.0,239.0,11.8823,40.5745,98.7025,229.1257,0.0225,0.0002,99.407,215.6704,48.7268,-16.0877,0.0,0.0001,2.4023,0.0008,6.0421,35.5693,11.8511,27.06,35.7868
121.0,241.0,11.9063,40.6048,73.0154,228.9096,0.0206,0.0002,99.4017,215.6704,48.7268,-16.0877,0.0,0.0001,2.4029,0.0,6.042,35.5752,11.8747,27.0601,35.7859
122.0,243.0,11.9076,40.6066,98.6994,227.9157,0.0248,0.0002,99.3972,215.6705,48.7268,-16.0877,0.0,0.0001,2.3996,-0.0016,6.0351,35.5749,11.8758,27.0597,35.7854
123.0,245.0,11.9507,40.6638,98.6897,227.141,0.0259,0.0002,99.407,215.6705,48.7267,-16.0877,0.0,0.0001,2.393,-0.0019,6.036,35.5888,11.9186,27.0623,35.7861
124.0,247.0,11.9646,40.682,98.68,227.495,0.0233,0.0002,99.3734,215.6705,48.7267,-16.0877,0.0,0.0001,2.3926,-0.0001,6.0336,35.5925,11.9321,27.0626,35.7858
125.0,249.0,11.9596,40.677,80.0799,226.7168,0.0221,0.0002,99.4032,215.6706,48.7267,-16.0877,0.0,0.0001,2.3896,-0.0017,6.0299,35.5918,11.9269,27.063,35.7865
126.0,251.0,11.988,40.7142,95.3868,225.2401,0.0225,0.0002,99.3998,215.6706,48.7267,-16.0877,0.0,0.0001,2.381,-0.0034,6.0294,35.6001,11.955,27.064,35.7863
127.0,253.0,11.9931,40.7215,98.7077,225.6621,0.02,0.0002,99.4042,215.6706,48.7267,-16.0877,0.0,0.0001,2.3789,-0.001,6.0297,35.6015,11.9598,27.0642,35.7863
128.0,255.0,11.9902,40.7193,83.3499,225.9154,0.0202,0.0002,99.3781,215.6707,48.7267,-16.0877,0.0,0.0001,2.3764,0.0001,6.0305,35.6011,11.9566,27.0645,35.7867
129.0,257.0,11.9841,40.7118,91.6678,225.4291,0.0211,0.0002,99.3803,215.6707,48.7267,-16.0877,0.0,0.0001,2.3738,-0.0015,6.0374,35.5987,11.9503,27.0639,35.7863
130.0,259.0,11.9352,40.6561,98.695,225.6417,0.0254,0.0002,99.3667,215.6707,48.7267,-16.0877,0.0,0.0001,2.3733,-0.0004,6.0397,35.59,11.9012,27.0665,35.791
131.0,261.0,11.9182,40.637,98.7071,226.0776,0.021,0.0002,99.3781,215.6708,48.7267,-16.0877,0.0,0.0001,2.3742,0.0006,6.0372,35.5865,11.884,27.0671,35.7924
132.0,263.0,11.9092,40.6274,98.7,226.1101,0.0214,0.0002,99.3653,215.6708,48.7267,-16.0877,0.0,0.0001,2.3743,-0.0002,6.0434,35.585,11.8748,27.0677,35.7933
133.0,265.0,11.8954,40.6121,98.7053,225.9728,0.0245,0.0003,99.3492,215.6708,48.7267,-16.0877,0.0,0.0001,2.3726,-0.0007,6.0474,35.5824,11.8608,27.0684,35.7946
134.0,267.0,11.8538,40.5659,98.7056,227.1472,0.02,0.0003,99.338,215.6709,48.7267,-16.0877,0.0,0.0001,2.3763,0.0018,6.0472,35.5758,11.8189,27.0712,35.7992
135.0,269.0,11.8589,40.5717,80.9204,228.3359,0.0254,0.0003,99.3204,215.6709,48.7267,-16.0877,0.0,0.0001,2.384,0.0019,6.0526,35.5759,11.8238,27.0704,35.7982
136.0,271.0,11.8184,40.5271,97.2192,229.871,0.0268,0.0003,99.3138,215.6709,48.7267,-16.0876,0.0,0.0001,2.3926,0.0035,6.0511,35.5698,11.7831,27.0734,35.8029
137.0,273.0,11.8189,40.53,96.7205,229.1441,0.0273,0.0003,99.3065,215.671,48.7267,-16.0876,0.0,0.0001,2.3941,0.0,6.0521,35.5714,11.7833,27.0746,35.8041
138.0,275.0,11.8264,40.5421,98.6862,228.1035,0.0248,0.0003,99.3204,215.671,48.7267,-16.0876,0.0,0.0001,2.3904,-0.0017,6.052,35.5751,11.7904,27.0761,35.8052
139.0,277.0,11.8323,40.5506,89.1762,227.9322,0.0208,0.0003,99.3087,215.671,48.7267,-16.0876,0.0,0.0001,2.3856,-0.0013,6.054,35.577,11.7962,27.0765,35.8054
140.0,279.0,11.807,40.5228,98.71,228.7055,0.0229,0.0003,99.3059,215.6711,48.7267,-16.0876,0.0,0.0001,2.3873,0.0011,6.054,35.573,11.7706,27.0783,35.8082
141.0,281.0,11.7838,40.4986,98.71,230.2203,0.0266,0.0003,99.317,215.6711,48.7267,-16.0876,0.0,0.0001,2.3939,0.0025,6.0572,35.5704,11.7472,27.0807,35.8116
142.0,283.0,11.78,40.4949,83.5342,230.9704,0.0256,0.0003,99.297,215.6711,48.7267,-16.0876,0.0,0.0001,2.3993,0.0023,6.0625,35.5697,11.7432,27.0809,35.812
143.0,285.0,11.7398,40.4501,98.705,231.7199,0.026,0.0003,99.3004,215.6712,48.7267,-16.0876,0.0,0.0001,2.4055,0.0015,6.0667,35.5632,11.7028,27.0835,35.8163
144.0,287.0,11.7212,40.4288,98.6914,231.4858,0.0247,0.0003,99.3035,215.6712,48.7267,-16.0875,0.0,0.0001,2.4054,0.0001,6.0687,35.5593,11.6839,27.0841,35.8176
145.0,289.0,11.6844,40.3895,69.2607,231.0456,0.0245,0.0003,99.2958,215.6712,48.7267,-16.0875,0.0,0.0001,2.4044,-0.0005,6.0673,35.5548,11.647,27.0875,35.8226
146.0,291.0,11.7083,40.4154,98.7054,229.3224,0.0242,0.0003,99.3027,215.6713,48.7267,-16.0875,0.0,0.0001,2.3951,-0.0038,6.0767,35.5567,11.6706,27.0845,35.8187
147.0,293.0,11.6459,40.3473,98.71,225.218,0.0252,0.0003,99.3101,215.6713,48.7267,-16.0875,0.0,0.0001,2.3734,-0.009,6.0751,35.5483,11.6081,27.0899,35.8266
148.0,295.0,11.625,40.3254,98.4517,227.1232,0.0255,0.0003,99.3084,215.6713,48.7267,-16.0875,0.0,0.0001,2.3678,-0.0008,6.0778,35.5457,11.5869,27.0918,35.8294
149.0,297.0,11.6221,40.3212,98.5659,225.5815,0.0262,0.0003,99.3204,215.6714,48.7267,-16.0875,0.0,0.0001,2.3626,-0.004,6.0816,35.5436,11.5837,27.0907,35.8285
150.0,299.0,11.6011,40.3018,98.68,226.3978,0.0249,0.0003,99.2915,215.6714,48.7267,-16.0875,0.0,0.0001,2.3622,-0.001,6.082,35.5437,11.5626,27.0948,35.8335
151.0,301.0,11.6011,40.3026,73.1653,226.8942,0.0264,0.0003,99.3024,215.6714,48.7267,-16.0875,0.0,0.0001,2.3617,0.0004,6.0796,35.5437,11.5622,27.0949,35.8335
152.0,303.0,11.6086,40.3115,94.2956,227.2223,0.0255,0.0003,99.3014,215.6715,48.7267,-16.0875,0.0,0.0001,2.3632,-0.0001,6.0856,35.5445,11.5696,27.0941,35.8325
153.0,305.0,11.5843,40.2853,98.71,227.4257,0.0275,0.0003,99.3059,215.6715,48.7266,-16.0875,0.0,0.0001,2.3623,0.0005,6.0857,35.541,11.545,27.096,35.8354
154.0,307.0,11.5508,40.2497,98.6985,227.8456,0.0255,0.0003,99.2915,215.6715,48.7266,-16.0875,0.0,0.0001,2.3647,0.0013,6.0825,35.537,11.5113,27.0993,35.84
155.0,309.0,11.5511,40.2506,85.3296,227.4324,0.0236,0.0003,99.2915,215.6716,48.7266,-16.0875,0.0,0.0001,2.3643,-0.0006,6.0879,35.537,11.5114,27.0993,35.84
156.0,311.0,11.5475,40.2469,85.6528,225.5011,0.0251,0.0003,99.2862,215.6716,48.7266,-16.0875,0.0,0.0001,2.354,-0.0037,6.0923,35.5358,11.5076,27.099,35.84
157.0,313.0,11.5273,40.2261,98.7033,225.7634,0.0264,0.0003,99.2915,215.6716,48.7266,-16.0875,0.0,0.0001,2.3514,-0.0016,6.0897,35.5337,11.4871,27.1012,35.843
158.0,315.0,11.5243,40.224,98.6886,226.4268,0.0249,0.0003,99.2901,215.6717,48.7266,-16.0875,0.0,0.0001,2.3519,0.0001,6.0908,35.5337,11.4838,27.1019,35.8438
159.0,317.0,11.5376,40.2441,98.6989,230.3146,0.0248,0.0003,99.2725,215.6717,48.7266,-16.0875,0.0,0.0001,2.3658,0.007,6.0906,35.5399,11.4969,27.1042,35.8455
160.0,319.0,11.5408,40.2536,86.0683,231.2388,0.0276,0.0003,99.266,215.6717,48.7266,-16.0875,0.0,0.0001,2.3787,0.0045,6.0902,35.5447,11.4997,27.1074,35.8486
161.0,321.0,11.5373,40.2493,98.71,232.1535,0.0264,0.0003,99.2702,215.6718,48.7266,-16.0875,0.0,0.0001,2.3878,0.0039,6.0901,35.5433,11.496,27.107,35.8483
162.0,323.0,11.5345,40.2486,98.6987,231.2812,0.028,0.0003,99.2716,215.6718,48.7266,-16.0875,0.0,0.0001,2.3905,-0.0007,6.0973,35.5445,11.493,27.1086,35.85
163.0,325.0,11.4851,40.1923,98.71,229.6673,0.0232,0.0003,99.277,215.6718,48.7266,-16.0875,0.0,0.0001,2.3813,-0.0036,6.0996,35.5355,11.4435,27.1108,35.8543
164.0,327.0,11.4693,40.1746,82.1916,228.8751,0.0233,0.0003,99.2829,215.6719,48.7266,-16.0875,0.0,0.0001,2.3756,-0.0034,6.1006,35.5322,11.4274,27.1112,35.8555
165.0,329.0,11.4595,40.1638,95.8441,228.3776,0.0258,0.0003,99.2844,215.6719,48.7266,-16.0875,0.0,0.0001,2.3688,-0.0023,6.1,35.5302,11.4173,27.1115,35.8562
166.0,331.0,11.4501,40.1539,90.1515,228.4556,0.0231,0.0003,99.2836,215.6719,48.7266,-16.0875,0.0,0.0001,2.3649,-0.0013,6.1051,35.5284,11.4078,27.112,35.857
167.0,333.0,11.4202,40.1199,98.6997,225.2938,0.0214,0.0003,99.2915,215.672,48.7265,-16.0874,0.0,0.0001,2.3493,-0.0058,6.1071,35.5225,11.3776,27.113,35.8593
168.0,335.0,11.4054,40.1034,98.693,225.4583,0.0197,0.0003,99.2857,215.672,48.7265,-16.0874,0.0,0.0001,2.3448,-0.0034,6.1051,35.5194,11.3626,27.1134,35.8604
169.0,337.0,11.3952,40.0924,98.6938,226.3878,0.0222,0.0003,99.2644,215.672,48.7265,-16.0874,0.0,0.0001,2.3441,-0.0007,6.1084,35.5175,11.3522,27.1138,35.8613
170.0,339.0,11.3961,40.0945,67.4753,224.7771,0.0204,0.0003,99.2626,215.6721,48.7265,-16.0874,0.0,0.0001,2.3371,-0.003,6.1046,35.5181,11.3528,27.1141,35.8616
171.0,341.0,11.4173,40.1257,92.4482,227.5913,0.0199,0.0003,99.2695,215.6721,48.7265,-16.0874,0.0,0.0001,2.3432,0.0033,6.1056,35.5276,11.3738,27.1176,35.8641
172.0,343.0,11.4393,40.1554,90.7572,228.2572,0.0221,0.0003,99.2674,215.6721,48.7265,-16.0874,0.0,0.0001,2.3523,0.0017,6.1049,35.5348,11.3954,27.1193,35.8647
173.0,345.0,11.4354,40.1508,88.9623,228.9621,0.0258,0.0003,99.2605,215.6722,48.7265,-16.0874,0.0,0.0001,2.3561,0.0022,6.104,35.5332,11.3913,27.1188,35.8644
174.0,347.0,11.445,40.1662,98.7025,229.9411,0.022,0.0003,99.2626,215.6722,48.7265,-16.0874,0.0,0.0001,2.3623,0.0028,6.1046,35.5384,11.4006,27.1211,35.8663
175.0,349.0,11.4277,40.1499,98.6982,230.3851,0.0277,0.0003,99.2626,215.6722,48.7265,-16.0874,0.0,0.0001,2.3673,0.0024,6.1041,35.5379,11.383,27.124,35.8699
176.0,351.0,11.4326,40.1549,98.6684,229.926,0.0271,0.0003,99.2565,215.6723,48.7265,-16.0874,0.0,0.0001,2.3683,0.0001,6.1058,35.5373,11.3877,27.1226,35.8683
177.0,353.0,11.4219,40.1462,98.685,230.4742,0.0256,0.0003,99.2626,215.6723,48.7264,-16.0874,0.0,0.0001,2.3706,0.0007,6.107,35.5382,11.3767,27.1254,35.8715
178.0,355.0,11.4101,40.1357,98.7079,230.3741,0.0222,0.0003,99.2626,215.6723,48.7264,-16.0874,0.0,0.0001,2.3712,0.0002,6.1066,35.538,11.3647,27.1275,35.8741
179.0,357.0,11.4093,40.1354,89.9564,230.5339,0.024,0.0003,99.2524,215.6724,48.7264,-16.0874,0.0,0.0001,2.3717,0.0,6.1078,35.5376,11.3637,27.1273,35.8741
180.0,359.0,11.4059,40.1334,93.8994,230.9656,0.0249,0.0003,99.2484,215.6724,48.7264,-16.0874,0.0,0.0001,2.3724,0.0009,6.1075,35.5381,11.36,27.1284,35.8753
181.0,361.0,11.4052,40.1344,96.6885,231.3407,0.0231,0.0003,99.2587,215.6725,48.7264,-16.0873,0.0,0.0001,2.3748,0.0008,6.1082,35.5389,11.3591,27.1292,35.876
182.0,363.0,11.403,40.1321,98.1327,230.8676,0.0221,0.0003,99.2362,215.6725,48.7264,-16.0873,0.0,0.0001,2.3741,-0.0007,6.1099,35.5381,11.3566,27.129,35.876
183.0,365.0,11.3865,40.115,98.7033,230.3584,0.0256,0.0003,99.243,215.6725,48.7264,-16.0873,0.0,0.0001,2.3705,-0.0013,6.1114,35.5359,11.3399,27.1304,35.8781
184.0,367.0,11.375,40.1033,83.6246,229.69,0.0232,0.0003,99.2395,215.6726,48.7264,-16.0873,0.0,0.0001,2.3658,-0.0016,6.1114,35.5344,11.3281,27.1314,35.8796
185.0,369.0,11.3811,40.1131,98.6875,231.3971,0.0292,0.0003,99.2337,215.6726,48.7264,-16.0873,0.0,0.0001,2.3686,0.0023,6.1129,35.5375,11.3339,27.1328,35.8807
186.0,371.0,11.3695,40.1021,93.6793,231.7649,0.0244,0.0003,99.2337,215.6726,48.7264,-16.0873,0.0,0.0001,2.373,0.0016,6.1125,35.5368,11.3221,27.1344,35.8828
187.0,373.0,11.3665,40.1004,89.9189,231.954,0.0243,0.0003,99.237,215.6727,48.7264,-16.0873,0.0,0.0001,2.3758,0.0008,6.1136,35.5371,11.3188,27.1352,35.8838
188.0,375.0,11.36,40.0943,98.7021,231.4858,0.0237,0.0003,99.2406,215.6727,48.7264,-16.0873,0.0,0.0001,2.375,-0.0007,6.1138,35.5365,11.3122,27.136,35.8848
189.0,377.0,11.3601,40.0956,98.71,232.0939,0.0218,0.0003,99.2367,215.6727,48.7264,-16.0873,0.0,0.0001,2.3765,0.0005,6.1139,35.5369,11.312,27.1363,35.8851
190.0,379.0,11.3587,40.0954,98.709,232.6107,0.0214,0.0003,99.2337,215.6727,48.7264,-16.0872,0.0,0.0001,2.3789,0.0011,6.1135,35.5371,11.3103,27.1368,35.8857
191.0,381.0,11.3593,40.0966,91.0781,231.7184,0.0234,0.0003,99.2291,215.6728,48.7264,-16.0873,0.0,0.0001,2.3768,-0.0011,6.1147,35.5369,11.3108,27.1366,35.8855
192.0,383.0,11.3512,40.0892,98.71,232.1307,0.0246,0.0003,99.2247,215.6728,48.7264,-16.0872,0.0,0.0001,2.3748,0.0005,6.1151,35.5363,11.3024,27.1377,35.8869
193.0,385.0,11.3453,40.0844,96.9796,232.2142,0.0226,0.0003,99.2173,215.6729,48.7263,-16.0872,0.0,0.0001,2.3759,0.0003,6.1151,35.5362,11.2961,27.1388,35.8882
194.0,387.0,11.3482,40.0886,98.7008,231.8983,0.0195,0.0003,99.2217,215.6729,48.7264,-16.0872,0.0,0.0001,2.3745,-0.0004,6.1156,35.537,11.2989,27.1389,35.8882
195.0,389.0,11.3432,40.0854,88.6906,232.2971,0.0238,0.0003,99.1653,215.6729,48.7263,-16.0872,0.0,0.0001,2.3745,0.0002,6.1166,35.5375,11.2936,27.1403,35.8898
196.0,391.0,11.3396,40.0822,89.1042,231.5959,0.0226,0.0003,99.2193,215.673,48.7263,-16.0872,0.0,0.0001,2.3734,-0.0014,6.1168,35.537,11.2898,27.1406,35.8903
197.0,393.0,11.331,40.0743,98.6975,231.8408,0.0223,0.0003,99.188,215.673,48.7263,-16.0872,0.0,0.0001,2.3722,-0.0005,6.1188,35.5366,11.2809,27.1419,35.892
198.0,395.0,11.3182,40.0614,98.694,231.6207,0.0216,0.0003,99.2069,215.673,48.7263,-16.0872,0.0,0.0001,2.3716,-0.0005,6.1185,35.535,11.2679,27.1431,35.8937
199.0,397.0,11.3172,40.064,98.697,232.0684,0.0221,0.0003,99.2049,215.6731,48.7263,-16.0872,0.0,0.0001,2.3709,0.0003,6.1196,35.5377,11.2665,27.1455,35.8961
200.0,399.0,11.3116,40.0585,98.7,231.9847,0.0202,0.0003,99.2077,215.6731,48.7263,-16.0872,0.0,0.0001,2.3704,-0.0004,6.122,35.5368,11.2608,27.1458,35.8967
201.0,401.0,11.2947,40.0425,98.7039,231.2828,0.0239,0.0003,99.2049,215.6731,48.7263,-16.0872,0.0,0.0001,2.3675,-0.0013,6.1219,35.5363,11.2436,27.1486,35.9001
202.0,403.0,11.2973,40.0481,87.1374,231.6701,0.0237,0.0003,99.2049,215.6732,48.7263,-16.0872,0.0,0.0001,2.3675,-0.0001,6.122,35.5384,11.2459,27.1498,35.9013
203.0,405.0,11.2888,40.0397,96.2076,231.9155,0.0229,0.0003,99.1961,215.6732,48.7262,-16.0873,0.0,0.0001,2.3669,0.0,6.1244,35.5373,11.2373,27.1505,35.9024
204.0,407.0,11.28,40.0308,98.7044,230.9522,0.0234,0.0003,99.186,215.6732,48.7262,-16.0873,0.0,0.0001,2.3642,-0.002,6.1239,35.5363,11.2282,27.1514,35.9036
205.0,409.0,11.2796,40.0339,93.2598,231.1321,0.0238,0.0003,99.176,215.6733,48.7262,-16.0873,0.0,0.0001,2.3619,-0.0007,6.1241,35.5387,11.2275,27.1535,35.9057
206.0,411.0,11.2804,40.0351,98.6956,230.6036,0.0202,0.0003,99.18,215.6733,48.7262,-16.0873,0.0,0.0001,2.3588,-0.0015,6.1264,35.5384,11.2282,27.1531,35.9053
207.0,413.0,11.2626,40.0158,98.68,231.3412,0.022,0.0003,99.2049,215.6733,48.7262,-16.0873,0.0,0.0001,2.3585,0.0006,6.1259,35.5353,11.2101,27.154,35.907
208.0,415.0,11.2585,40.0115,98.6994,231.8147,0.0206,0.0003,99.2049,215.6734,48.7262,-16.0873,0.0,0.0001,2.3609,0.0007,6.1276,35.5342,11.2057,27.154,35.9071
209.0,417.0,11.2551,40.0095,84.4912,231.8338,0.0202,0.0003,99.1414,215.6734,48.7262,-16.0873,0.0,0.0001,2.3619,0.0003,6.1275,35.5343,11.202,27.1548,35.908
210.0,419.0,11.2546,40.0094,98.605,231.8886,0.0188,0.0003,99.2042,215.6734,48.7262,-16.0873,0.0,0.0001,2.3624,0.0001,6.128,35.5341,11.2013,27.1547,35.9081
211.0,421.0,11.2532,40.0086,98.6936,231.8576,0.0225,0.0003,99.2049,215.6735,48.7262,-16.0873,0.0,0.0001,2.362,0.0,6.1279,35.5338,11.1997,27.1548,35.9082
212.0,423.0,11.2526,40.0093,88.5825,231.7912,0.0219,0.0003,99.1956,215.6735,48.7262,-16.0872,0.0,0.0001,2.3617,-0.0004,6.1285,35.5343,11.1989,27.1553,35.9087
213.0,425.0,11.25,40.0089,87.0636,231.2561,0.0232,0.0003,99.2049,215.6735,48.7262,-16.0873,0.0,0.0001,2.3591,-0.0012,6.1289,35.5354,11.196,27.1567,35.9102
214.0,427.0,11.2435,40.0023,94.7456,232.1758,0.0231,0.0003,99.1999,215.6736,48.7262,-16.0872,0.0,0.0001,2.3608,0.0008,6.1289,35.5341,11.1893,27.157,35.9108
215.0,429.0,11.2402,39.9995,98.3407,231.9854,0.0212,0.0003,99.2049,215.6736,48.7262,-16.0872,0.0,0.0001,2.3616,-0.0003,6.1298,35.5338,11.1858,27.1573,35.9113
216.0,431.0,11.2389,39.9993,98.6987,231.7775,0.0237,0.0003,99.2049,215.6736,48.7262,-16.0872,0.0,0.0001,2.359,-0.0006,6.1299,35.5338,11.1841,27.1576,35.9116
217.0,433.0,11.2368,39.9982,98.7054,232.2374,0.0233,0.0003,99.1882,215.6737,48.7262,-16.0872,0.0,0.0001,2.3612,0.0004,6.1304,35.5338,11.1818,27.1581,35.9122
218.0,435.0,11.232,39.9947,88.0473,231.5891,0.0199,0.0003,99.1851,215.6737,48.7262,-16.0872,0.0,0.0001,2.3573,-0.001,6.1317,35.5341,11.1768,27.1592,35.9135
219.0,437.0,11.2233,39.9861,93.5276,231.5024,0.0217,0.0003,99.1832,215.6737,48.7262,-16.0872,0.0,0.0001,2.3556,-0.0006,6.1322,35.533,11.1679,27.16,35.9147
220.0,439.0,11.2153,39.9787,98.7025,232.0085,0.0225,0.0003,99.1873,215.6738,48.7262,-16.0872,0.0,0.0001,2.3564,0.0004,6.1325,35.5325,11.1595,27.1611,35.9162
221.0,441.0,11.2174,39.9814,89.7527,232.0317,0.0185,0.0003,99.176,215.6738,48.7262,-16.0872,0.0,0.0001,2.3569,-0.0001,6.134,35.5323,11.1614,27.1607,35.9156
222.0,443.0,11.2076,39.9722,98.702,232.1003,0.0195,0.0003,99.1664,215.6738,48.7261,-16.0872,0.0,0.0001,2.3567,0.0002,6.134,35.5316,11.1514,27.162,35.9173
223.0,445.0,11.2041,39.9694,98.6886,231.9703,0.0235,0.0003,99.1837,215.6739,48.7261,-16.0872,0.0,0.0001,2.3558,-0.0002,6.1353,35.5314,11.1477,27.1625,35.918
224.0,447.0,11.1963,39.9619,98.7067,231.2617,0.0229,0.0003,99.176,215.6739,48.7261,-16.0872,0.0,0.0001,2.3526,-0.0015,6.1365,35.5306,11.1396,27.1633,35.9192
225.0,449.0,11.1899,39.956,79.2276,230.1879,0.0217,0.0003,99.1904,215.6739,48.7261,-16.0872,0.0,0.0001,2.3472,-0.0027,6.1368,35.5301,11.133,27.1642,35.9203
226.0,451.0,11.1846,39.9516,97.6462,230.6816,0.0209,0.0003,99.1775,215.674,48.7261,-16.0872,0.0,0.0001,2.3448,-0.0005,6.137,35.5296,11.1274,27.1648,35.9212
227.0,453.0,11.1865,39.9538,98.692,230.8145,0.0196,0.0003,99.1681,215.674,48.7261,-16.0872,0.0,0.0001,2.3444,-0.0003,6.1389,35.5296,11.1291,27.1645,35.9208
228.0,455.0,11.1709,39.9376,97.4365,229.7891,0.0248,0.0003,99.1805,215.674,48.7261,-16.0872,0.0,0.0001,2.3397,-0.0019,6.1384,35.5273,11.1133,27.1656,35.9226
229.0,457.0,11.1581,39.925,75.3733,230.5857,0.0284,0.0003,99.18,215.6741,48.7261,-16.0872,0.0,0.0001,2.3403,0.0002,6.1383,35.5261,11.1002,27.1671,35.9246
230.0,459.0,11.1701,39.9389,95.8496,230.3593,0.0253,0.0003,99.176,215.6741,48.7261,-16.0872,0.0,0.0001,2.3389,-0.0007,6.1434,35.5278,11.112,27.1662,35.9233
231.0,461.0,11.1349,39.8991,98.7053,228.6257,0.0228,0.0003,99.1773,215.6741,48.7261,-16.0872,0.0,0.0001,2.3303,-0.0031,6.1453,35.5211,11.0766,27.1675,35.9261
232.0,463.0,11.0944,39.856,98.6961,228.8282,0.0184,0.0003,99.1904,215.6742,48.7261,-16.0872,0.0,0.0001,2.3275,-0.0013,6.1437,35.516,11.036,27.171,35.9313
233.0,465.0,11.1118,39.8759,98.695,229.2961,0.0207,0.0003,99.176,215.6742,48.7261,-16.0872,0.0,0.0001,2.3271,-0.0007,6.1511,35.5185,11.0531,27.1698,35.9294
234.0,467.0,11.0736,39.8346,98.68,227.0368,0.0186,0.0003,99.176,215.6742,48.7261,-16.0872,0.0,0.0001,2.3164,-0.0039,6.1532,35.5132,11.0148,27.1726,35.9338
235.0,469.0,11.0645,39.8251,98.7023,227.2634,0.0182,0.0003,99.1832,215.6743,48.726,-16.0873,0.0,0.0001,2.3128,-0.0017,6.152,35.5114,11.0054,27.173,35.9346
236.0,471.0,11.0733,39.8356,89.9423,228.214,0.0218,0.0003,99.1736,215.6743,48.726,-16.0872,0.0,0.0001,2.3139,0.0003,6.1541,35.5127,11.0139,27.1724,35.9337
237.0,473.0,11.0638,39.8251,98.7062,227.0813,0.0174,0.0003,99.176,215.6744,48.726,-16.0872,0.0,0.0001,2.3096,-0.0021,6.1552,35.5105,11.0042,27.1725,35.9341
238.0,475.0,11.0479,39.8094,98.698,227.5192,0.0209,0.0003,99.1688,215.6744,48.726,-16.0872,0.0,0.0001,2.309,-0.0005,6.1553,35.5091,10.9881,27.1743,35.9367
239.0,477.0,11.0502,39.8126,92.6982,227.6742,0.0181,0.0003,99.1688,215.6744,48.726,-16.0872,0.0,0.0001,2.3088,-0.0003,6.1578,35.5095,10.9901,27.1743,35.9365
240.0,479.0,11.0312,39.7946,98.6933,227.3481,0.0222,0.0003,99.1622,215.6744,48.726,-16.0872,0.0,0.0001,2.3066,-0.0006,6.1578,35.5087,10.971,27.1772,35.9402
241.0,481.0,11.0336,39.7992,98.6996,228.0204,0.0217,0.0003,99.18,215.6745,48.726,-16.0872,0.0,0.0001,2.3079,0.0008,6.1568,35.5101,10.9731,27.1779,35.9408
242.0,483.0,11.0392,39.8083,83.8009,229.5479,0.0208,0.0003,99.172,215.6745,48.726,-16.0872,0.0,0.0001,2.3141,0.0029,6.1569,35.5129,10.9784,27.1791,35.9417
243.0,485.0,11.043,39.8143,98.6472,230.0757,0.0205,0.0003,99.1768,215.6745,48.726,-16.0872,0.0,0.0001,2.3196,0.0023,6.1562,35.5144,10.9819,27.1796,35.9421
244.0,487.0,11.0417,39.8151,98.6817,231.5767,0.02,0.0003,99.1812,215.6746,48.726,-16.0872,0.0,0.0001,2.3299,0.0025,6.1577,35.5156,10.9804,27.1808,35.9434
245.0,489.0,11.0348,39.8083,98.701,231.4875,0.022,0.0003,99.2049,215.6746,48.7259,-16.0872,0.0,0.0001,2.3326,0.001,6.1583,35.5148,10.9732,27.1815,35.9444
246.0,491.0,11.0234,39.7965,82.0386,231.0924,0.0211,0.0003,99.177,215.6747,48.7259,-16.0872,0.0,0.0001,2.332,-0.0002,6.1592,35.5128,10.9615,27.1821,35.9455
247.0,493.0,11.0253,39.799,95.3751,230.7099,0.0194,0.0003,99.1667,215.6747,48.7259,-16.0872,0.0,0.0001,2.3303,-0.0009,6.1601,35.5127,10.9633,27.1817,35.945
248.0,495.0,11.0051,39.7779,98.5975,231.0666,0.0216,0.0003,99.1783,215.6747,48.7259,-16.0872,0.0,0.0001,2.3303,-0.0003,6.1631,35.5102,10.9428,27.1834,35.9476
249.0,497.0,10.9972,39.7693,98.6931,229.7216,0.0205,0.0003,99.1772,215.6748,48.7259,-16.0872,0.0,0.0001,2.3253,-0.0025,6.1626,35.5084,10.9348,27.1835,35.948
250.0,499.0,10.9782,39.7495,98.6943,229.9416,0.0173,0.0003,99.176,215.6748,48.7259,-16.0872,0.0,0.0001,2.3223,-0.0013,6.1651,35.5059,10.9156,27.1851,35.9504
251.0,501.0,10.981,39.7535,78.1244,229.9677,0.0199,0.0003,99.176,215.6748,48.7259,-16.0872,0.0,0.0001,2.3207,-0.0007,6.1658,35.5065,10.9181,27.185,35.9503
252.0,503.0,10.9717,39.7439,96.0479,229.6122,0.0223,0.0003,99.176,215.6749,48.7259,-16.0872,0.0,0.0001,2.3177,-0.001,6.1678,35.505,10.9085,27.1856,35.9513
253.0,505.0,10.9632,39.7346,98.71,228.9867,0.024,0.0003,99.1727,215.6749,48.7259,-16.0872,0.0,0.0001,2.3133,-0.0016,6.1688,35.503,10.8999,27.1857,35.9517
254.0,507.0,10.9451,39.7161,66.7504,229.6531,0.0213,0.0003,99.176,215.6749,48.7259,-16.0872,0.0,0.0001,2.3137,0.0002,6.1692,35.5009,10.8816,27.1874,35.9542
255.0,509.0,10.9494,39.7215,79.3112,229.9671,0.0232,0.0003,99.176,215.675,48.7258,-16.0872,0.0,0.0001,2.3146,0.0003,6.1719,35.5015,10.8856,27.1871,35.9537
256.0,511.0,10.9276,39.6984,98.6903,231.3327,0.025,0.0003,99.1673,215.675,48.7258,-16.0872,0.0,0.0001,2.3193,0.0023,6.1717,35.4982,10.8636,27.1885,35.9561
257.0,513.0,10.9298,39.7014,98.6957,230.9972,0.022,0.0003,99.1832,215.675,48.7258,-16.0872,0.0,0.0001,2.3212,0.0004,6.1727,35.4984,10.8655,27.1883,35.9558
258.0,515.0,10.9265,39.6986,98.69,230.8994,0.022,0.0003,99.1762,215.6751,48.7258,-16.0872,0.0,0.0001,2.3208,-0.0001,6.1742,35.498,10.862,27.1886,35.9562
259.0,517.0,10.9146,39.6869,82.8082,230.6803,0.0212,0.0003,99.176,215.6751,48.7258,-16.0872,0.0,0.0001,2.3196,-0.0005,6.1755,35.4969,10.8498,27.1899,35.9581
260.0,519.0,10.9049,39.6776,98.7053,230.6698,0.0188,0.0003,99.1688,215.6751,48.7258,-16.0872,0.0,0.0001,2.3187,-0.0003,6.1758,35.496,10.8399,27.1911,35.9597
261.0,521.0,10.9022,39.6757,98.6952,230.5328,0.0228,0.0003,99.176,215.6752,48.7258,-16.0872,0.0,0.0001,2.3179,-0.0004,6.1744,35.4959,10.837,27.1915,35.9602
262.0,523.0,10.9148,39.6953,91.9717,230.3792,0.0206,0.0003,99.1664,215.6752,48.7258,-16.0872,0.0,0.0001,2.3156,-0.0002,6.1736,35.5024,10.8493,27.1943,35.9624
263.0,525.0,10.918,39.6996,98.7879,228.7087,0.0211,0.0003,99.176,215.6752,48.7258,-16.0872,0.0,0.0001,2.3104,-0.0032,6.173,35.5029,10.8523,27.1942,35.9622
264.0,527.0,10.9211,39.7056,95.2269,228.4771,0.0231,0.0003,99.176,215.6753,48.7258,-16.0872,0.0,0.0001,2.3059,-0.0022,6.1731,35.505,10.855,27.1953,35.9632
265.0,529.0,10.9213,39.7067,97.5677,229.4667,0.024,0.0003,99.176,215.6753,48.7258,-16.0872,0.0,0.0001,2.3064,0.0001,6.173,35.505,10.855,27.1953,35.9632
266.0,531.0,10.9211,39.7075,87.7587,229.3117,0.0213,0.0003,99.1639,215.6753,48.7257,-16.0872,0.0,0.0001,2.3062,-0.0004,6.1736,35.5051,10.8546,27.1955,35.9634
267.0,533.0,10.9164,39.7041,98.6984,229.7517,0.0202,0.0003,99.176,215.6754,48.7257,-16.0872,0.0,0.0001,2.3064,0.0006,6.1732,35.5052,10.8496,27.1965,35.9646
268.0,535.0,10.9129,39.7007,98.6951,229.3442,0.0208,0.0003,99.1657,215.6754,48.7257,-16.0873,0.0,0.0001,2.3054,-0.0006,6.1759,35.5046,10.8459,27.1967,35.9649
269.0,537.0,10.8959,39.6823,78.7677,228.326,0.0213,0.0003,99.1519,215.6755,48.7257,-16.0873,0.0,0.0001,2.2992,-0.002,6.18,35.5016,10.8288,27.1975,35.9664
270.0,539.0,10.8737,39.6587,93.5966,227.8893,0.022,0.0003,99.176,215.6755,48.7257,-16.0873,0.0,0.0001,2.296,-0.0018,6.1763,35.4985,10.8063,27.1991,35.969
271.0,541.0,10.8767,39.6636,98.656,228.2328,0.0216,0.0003,99.1651,215.6755,48.7257,-16.0873,0.0,0.0001,2.2944,-0.0008,6.1809,35.4995,10.8091,27.1994,35.9692
272.0,543.0,10.8594,39.646,98.6976,226.1284,0.0212,0.0003,99.167,215.6756,48.7257,-16.0873,0.0,0.0001,2.2837,-0.0033,6.1844,35.4977,10.7915,27.2012,35.9717
273.0,545.0,10.8379,39.6234,69.1716,226.2171,0.018,0.0003,99.176,215.6756,48.7256,-16.0873,0.0,0.0001,2.2787,-0.0015,6.1838,35.4949,10.7699,27.2028,35.9743
274.0,547.0,10.8357,39.624,96.8993,227.2465,0.0186,0.0003,99.176,215.6756,48.7256,-16.0873,0.0,0.0001,2.2809,0.0004,6.1846,35.4967,10.7674,27.2047,35.9763
275.0,549.0,10.8354,39.6253,98.5962,227.3018,0.0213,0.0003,99.1579,215.6757,48.7256,-16.0873,0.0,0.0001,2.2814,0.0002,6.1853,35.4975,10.7669,27.2055,35.977
276.0,551.0,10.8285,39.6216,98.6933,228.0485,0.018,0.0003,99.1471,215.6757,48.7256,-16.0873,0.0,0.0001,2.2832,0.0015,6.1849,35.4996,10.7597,27.2083,35.9802
277.0,553.0,10.8274,39.6217,93.8617,227.7067,0.021,0.0003,99.1409,215.6757,48.7256,-16.0873,0.0,0.0001,2.2841,0.0,6.1861,35.5,10.7584,27.2089,35.9808
278.0,555.0,10.8218,39.6163,83.0851,226.0998,0.0214,0.0003,99.1397,215.6758,48.7256,-16.0873,0.0,0.0001,2.2772,-0.0028,6.19,35.499,10.7526,27.2092,35.9813
279.0,557.0,10.7981,39.5931,93.7265,226.4953,0.0207,0.0003,99.1291,215.6758,48.7256,-16.0873,0.0,0.0001,2.2754,-0.0009,6.188,35.4976,10.7287,27.2124,35.9855
280.0,559.0,10.8012,39.5975,98.5754,227.0488,0.0236,0.0003,99.1445,215.6758,48.7256,-16.0873,0.0,0.0001,2.2763,0.0001,6.1904,35.4982,10.7314,27.2124,35.9854
281.0,561.0,10.8022,39.5981,98.6946,226.253,0.0192,0.0003,99.1327,215.6759,48.7256,-16.0873,0.0,0.0001,2.2727,-0.0014,6.1935,35.497,10.7323,27.2113,35.9843
282.0,563.0,10.7707,39.5671,98.6993,225.9892,0.0226,0.0003,99.139,215.6759,48.7255,-16.0873,0.0,0.0001,2.2704,-0.0013,6.1924,35.4954,10.7006,27.2157,35.99
283.0,565.0,10.7674,39.5647,81.8717,226.3212,0.0232,0.0003,99.1255,215.6759,48.7255,-16.0873,0.0,0.0001,2.2694,-0.0004,6.1946,35.4954,10.6971,27.2163,35.9908
284.0,567.0,10.7663,39.5639,93.6523,225.5174,0.018,0.0003,99.1337,215.676,48.7255,-16.0873,0.0,0.0001,2.266,-0.0015,6.1943,35.495,10.6958,27.2162,35.9907
285.0,569.0,10.7546,39.5526,98.6945,225.5381,0.0223,0.0003,99.1293,215.676,48.7255,-16.0873,0.0,0.0001,2.2632,-0.001,6.1985,35.4939,10.6838,27.2176,35.9926
286.0,571.0,10.7333,39.5308,77.0526,224.6476,0.0204,0.0003,99.1261,215.676,48.7255,-16.0873,0.0,0.0001,2.2584,-0.0019,6.1981,35.4918,10.6624,27.2198,35.9957
287.0,573.0,10.7245,39.522,98.7374,225.0308,0.0181,0.0003,99.1254,215.6761,48.7255,-16.0874,0.0,0.0001,2.2565,-0.0005,6.2012,35.4904,10.6534,27.2203,35.9966
288.0,575.0,10.7164,39.5141,98.6868,223.898,0.0193,0.0003,99.1327,215.6761,48.7255,-16.0873,0.0,0.0001,2.2499,-0.0022,6.2059,35.4895,10.6451,27.2211,35.9977
289.0,577.0,10.6836,39.478,98.6837,224.4466,0.0195,0.0003,99.1183,215.6761,48.7255,-16.0874,0.0,0.0001,2.2491,-0.0004,6.2067,35.4841,10.6121,27.2228,36.0009
290.0,579.0,10.6682,39.4632,84.673,224.457,0.0206,0.0004,99.1251,215.6762,48.7255,-16.0874,0.0,0.0001,2.2486,-0.0003,6.2065,35.4831,10.5965,27.2247,36.0035
291.0,581.0,10.6779,39.4745,97.2746,224.5112,0.0166,0.0003,99.1282,215.6762,48.7255,-16.0874,0.0,0.0001,2.2476,-0.0002,6.2104,35.4844,10.6059,27.224,36.0024
292.0,583.0,10.6503,39.4458,98.6923,223.6077,0.0183,0.0003,99.1351,215.6762,48.7254,-16.0874,0.0,0.0001,2.2439,-0.0017,6.2089,35.4812,10.5781,27.2265,36.0061
293.0,585.0,10.6449,39.4412,93.029,224.2481,0.0191,0.0004,99.1188,215.6763,48.7254,-16.0874,0.0,0.0001,2.2435,0.0001,6.2114,35.4808,10.5726,27.2272,36.007
294.0,587.0,10.6386,39.4346,98.68,222.5001,0.022,0.0003,99.1183,215.6763,48.7254,-16.0874,0.0,0.0001,2.2369,-0.0033,6.2189,35.4796,10.5661,27.2274,36.0075
295.0,589.0,10.5836,39.3714,98.6854,219.2185,0.0254,0.0004,99.1245,215.6764,48.7254,-16.0874,0.0,0.0001,2.221,-0.0068,6.2174,35.4682,10.511,27.2284,36.0109
296.0,591.0,10.5233,39.3075,87.1648,220.8842,0.0244,0.0004,99.1219,215.6764,48.7254,-16.0874,0.0,0.0001,2.2153,-0.0017,6.2362,35.4612,10.4507,27.2335,36.0187
297.0,593.0,10.5052,39.2792,98.6835,210.8395,0.0237,0.0003,99.1247,215.6764,48.7254,-16.0874,0.0,0.0001,2.1741,-0.0166,6.2558,35.4494,10.4325,27.2275,36.0136
298.0,595.0,10.3326,39.08,98.68,207.9214,0.0204,0.0003,99.1394,215.6765,48.7254,-16.0874,0.0,0.0001,2.1397,-0.0124,6.2551,35.4146,10.2603,27.2307,36.0244
299.0,597.0,10.3331,39.0816,66.2155,208.7415,0.0242,0.0003,99.1234,215.6765,48.7254,-16.0874,0.0,0.0001,2.1274,-0.0059,6.2533,35.4151,10.2606,27.231,36.0248
300.0,599.0,10.3437,39.0958,96.1098,210.3745,0.0248,0.0003,99.1324,215.6765,48.7254,-16.0874,0.0,0.0001,2.1243,-0.0009,6.2612,35.4182,10.271,27.2317,36.0249
301.0,601.0,10.2913,39.034,98.68,206.9135,0.0264,0.0003,99.1471,215.6766,48.7253,-16.0874,0.0,0.0001,2.1097,-0.0064,6.272,35.4055,10.2185,27.2309,36.0265
302.0,603.0,10.1435,38.859,98.6834,202.5203,0.0262,0.0003,99.1575,215.6766,48.7253,-16.0874,0.0,0.0001,2.0897,-0.0106,6.2668,35.3704,10.0711,27.229,36.0313
303.0,605.0,10.1725,38.8955,98.6675,203.6942,0.0205,0.0003,99.1489,215.6766,48.7253,-16.0874,0.0,0.0001,2.0764,-0.0052,6.2962,35.3787,10.0998,27.2306,36.0316
304.0,607.0,10.0124,38.7123,98.68,195.2549,0.0194,0.0003,99.1615,215.6767,48.7253,-16.0874,0.0,0.0001,2.0403,-0.0156,6.2962,35.3469,9.9401,27.2332,36.0414
305.0,609.0,10.0029,38.7018,84.3764,198.4304,0.0225,0.0003,99.1661,215.6767,48.7253,-16.0874,0.0,0.0001,2.031,-0.0042,6.3032,35.3445,9.9304,27.233,36.0416
306.0,611.0,10.0106,38.7141,97.0398,196.7614,0.0247,0.0003,99.176,215.6767,48.7253,-16.0874,0.0,0.0001,2.0171,-0.0046,6.3122,35.3488,9.9378,27.2351,36.0434
307.0,613.0,9.9429,38.6364,98.68,195.0411,0.0229,0.0003,99.176,215.6768,48.7253,-16.0874,0.0,0.0001,2.0045,-0.005,6.3109,35.3342,9.8702,27.2353,36.0466
308.0,615.0,9.9156,38.6088,98.5622,196.2277,0.0229,0.0003,99.1361,215.6768,48.7253,-16.0874,0.0,0.0001,2.0017,-0.0014,6.3168,35.3318,9.8427,27.2381,36.0506
309.0,617.0,9.9349,38.6318,98.68,194.767,0.0249,0.0003,99.2049,215.6768,48.7253,-16.0874,0.0,0.0001,1.9941,-0.0029,6.318,35.3358,9.8618,27.238,36.0497
310.0,619.0,9.9046,38.6017,98.68,194.6316,0.0249,0.0003,99.1818,215.6769,48.7253,-16.0874,0.0,0.0001,1.989,-0.0016,6.3175,35.3337,9.8314,27.2415,36.0545
311.0,621.0,9.8963,38.5952,83.3399,194.4903,0.0243,0.0003,99.1904,215.6769,48.7253,-16.0874,0.0,0.0001,1.9857,-0.0013,6.3245,35.334,9.8229,27.2432,36.0565
312.0,623.0,9.8541,38.5476,98.7283,193.6497,0.0228,0.0003,99.2049,215.6769,48.7253,-16.0874,0.0,0.0001,1.9812,-0.002,6.3276,35.3257,9.7806,27.2439,36.0591
313.0,625.0,9.8384,38.5313,98.5627,193.837,0.0222,0.0003,99.2145,215.677,48.7252,-16.0874,0.0,0.0001,1.9772,-0.0008,6.3301,35.3234,9.7647,27.2448,36.0607
314.0,627.0,9.8169,38.5101,98.68,193.6008,0.0249,0.0003,99.2337,215.677,48.7252,-16.0874,0.0,0.0001,1.9756,-0.0009,6.3333,35.3216,9.7431,27.2471,36.064
315.0,629.0,9.7981,38.4923,98.68,193.0832,0.0265,0.0003,99.2337,215.677,48.7252,-16.0874,0.0,0.0001,1.9719,-0.0012,6.3313,35.3208,9.7242,27.2497,36.0673
316.0,631.0,9.7835,38.4788,82.1368,193.2543,0.0234,0.0003,99.218,215.6771,48.7252,-16.0874,0.0,0.0001,1.97,-0.0008,6.3378,35.3204,9.7093,27.2519,36.0702
317.0,633.0,9.7617,38.457,98.6795,191.4528,0.0216,0.0003,99.2323,215.6771,48.7252,-16.0874,0.0,0.0001,1.9628,-0.003,6.3397,35.3183,9.6874,27.2539,36.0732
318.0,635.0,9.7462,38.4423,98.68,192.0995,0.0201,0.0003,99.2461,215.6771,48.7252,-16.0874,0.0,0.0001,1.9611,-0.0009,6.3385,35.3174,9.6717,27.2559,36.0758
319.0,637.0,9.7467,38.4438,83.1621,192.47,0.025,0.0003,99.2343,215.6772,48.7252,-16.0874,0.0,0.0001,1.9594,-0.0002,6.3413,35.3178,9.672,27.2561,36.0761
320.0,639.0,9.7358,38.4351,98.68,191.0904,0.0235,0.0003,99.2464,215.6772,48.7252,-16.0874,0.0,0.0001,1.9556,-0.0024,6.345,35.3186,9.6609,27.2586,36.079
321.0,641.0,9.7135,38.4132,91.4711,191.2794,0.0225,0.0003,99.2526,215.6772,48.7252,-16.0874,0.0,0.0001,1.9519,-0.0009,6.3475,35.3169,9.6385,27.261,36.0824
322.0,643.0,9.6966,38.3973,98.68,190.8641,0.0249,0.0003,99.2597,215.6773,48.7251,-16.0874,0.0,0.0001,1.9491,-0.0013,6.3482,35.3162,9.6214,27.2634,36.0855
323.0,645.0,9.6925,38.394,98.68,190.6832,0.0228,0.0003,99.2525,215.6773,48.7252,-16.0874,0.0,0.0001,1.9457,-0.0008,6.3472,35.3158,9.6171,27.2638,36.0861
324.0,647.0,9.702,38.4064,84.5586,190.2178,0.0209,0.0003,99.2596,215.6774,48.7252,-16.0873,0.0,0.0001,1.9438,-0.0012,6.3445,35.3185,9.6263,27.2644,36.0863
325.0,649.0,9.7127,38.4252,98.68,188.6859,0.0223,0.0003,99.2381,215.6774,48.7252,-16.0873,0.0,0.0001,1.9374,-0.0033,6.3451,35.3264,9.6367,27.2688,36.0901
326.0,651.0,9.747,38.469,84.6589,188.5174,0.0247,0.0003,99.2596,215.6774,48.7251,-16.0873,0.0,0.0001,1.9341,-0.0016,6.3318,35.3369,9.6706,27.2713,36.091
327.0,653.0,9.8231,38.5675,88.8294,185.9148,0.0196,0.0003,99.2915,215.6775,48.7251,-16.0873,0.0,0.0001,1.9228,-0.0045,6.33,35.3627,9.746,27.2787,36.0948
328.0,655.0,9.8114,38.5589,98.68,185.538,0.0229,0.0003,99.2746,215.6775,48.7251,-16.0873,0.0,0.0001,1.9143,-0.003,6.3321,35.3644,9.7342,27.2821,36.0987
329.0,657.0,9.7932,38.5416,98.68,186.0474,0.0198,0.0003,99.2772,215.6775,48.7251,-16.0873,0.0,0.0001,1.9111,-0.0007,6.3324,35.3635,9.7158,27.2844,36.1019
330.0,659.0,9.7937,38.5413,98.68,185.8243,0.0207,0.0003,99.2805,215.6776,48.7251,-16.0873,0.0,0.0001,1.9094,-0.0009,6.3346,35.362,9.7161,27.2832,36.1007
331.0,661.0,9.776,38.5295,98.68,184.7682,0.0249,0.0003,99.2901,215.6776,48.7251,-16.0873,0.0,0.0001,1.9038,-0.002,6.3363,35.3661,9.6982,27.2895,36.1076
332.0,663.0,9.7657,38.5207,98.68,184.3729,0.026,0.0003,99.2812,215.6776,48.725,-16.0874,0.0,0.0001,1.8995,-0.0016,6.3361,35.3664,9.6878,27.2915,36.1101
333.0,665.0,9.7559,38.5112,83.9389,184.7546,0.0254,0.0003,99.2803,215.6776,48.725,-16.0874,0.0,0.0001,1.8983,-0.0004,6.3386,35.3653,9.6778,27.2923,36.1113
334.0,667.0,9.7454,38.5032,95.4282,184.4931,0.0196,0.0003,99.2846,215.6777,48.725,-16.0874,0.0,0.0001,1.8964,-0.0006,6.3396,35.3664,9.667,27.2949,36.1144
335.0,669.0,9.74,38.4989,98.6632,184.2004,0.018,0.0003,99.2349,215.6777,48.725,-16.0874,0.0,0.0001,1.8938,-0.0008,6.3398,35.3664,9.6614,27.2959,36.1156
336.0,671.0,9.7396,38.5001,98.6659,184.5015,0.0199,0.0003,99.2879,215.6778,48.725,-16.0874,0.0,0.0001,1.8937,0.0,6.3393,35.3671,9.6607,27.2966,36.1163
337.0,673.0,9.7422,38.5043,98.68,184.3143,0.025,0.0003,99.2756,215.6778,48.725,-16.0874,0.0,0.0001,1.8931,-0.0003,6.3396,35.3678,9.6631,27.2968,36.1164
338.0,675.0,9.7438,38.5069,72.5739,183.6706,0.0237,0.0003,99.2813,215.6778,48.725,-16.0874,0.0,0.0001,1.8901,-0.0011,6.3408,35.3681,9.6645,27.2967,36.1162
339.0,677.0,9.7229,38.4844,98.68,183.7789,0.0211,0.0003,99.2915,215.6779,48.725,-16.0874,0.0,0.0001,1.8889,-0.0006,6.3405,35.3645,9.6434,27.2975,36.118
340.0,679.0,9.7169,38.4795,96.4383,183.9549,0.0227,0.0003,99.2681,215.6779,48.725,-16.0874,0.0,0.0001,1.8877,-0.0004,6.3496,35.3647,9.6372,27.2986,36.1194
341.0,681.0,9.6551,38.4126,98.4505,183.9901,0.0237,0.0003,99.259,215.6779,48.725,-16.0874,0.0,0.0001,1.8862,-0.0003,6.3544,35.3553,9.5754,27.3017,36.1252
342.0,683.0,9.6405,38.3974,98.68,184.1488,0.0206,0.0003,99.2614,215.678,48.725,-16.0874,0.0,0.0001,1.8864,0.0,6.354,35.3531,9.5608,27.3024,36.1266
343.0,685.0,9.6418,38.4015,93.611,183.9005,0.0236,0.0003,99.2604,215.678,48.7249,-16.0874,0.0,0.0001,1.8852,-0.0004,6.3538,35.3552,9.5617,27.3039,36.1281
344.0,687.0,9.6404,38.4037,82.7201,183.3034,0.0231,0.0003,99.2318,215.678,48.7249,-16.0874,0.0,0.0001,1.8831,-0.0011,6.3537,35.358,9.5601,27.3064,36.1305
345.0,689.0,9.6395,38.405,96.2099,183.502,0.02,0.0003,99.2595,215.6781,48.7249,-16.0874,0.0,0.0001,1.8807,-0.0004,6.3585,35.3591,9.559,27.3074,36.1316
346.0,691.0,9.6228,38.3881,98.028,182.6353,0.0198,0.0003,99.245,215.6781,48.7249,-16.0874,0.0,0.0001,1.8795,-0.0017,6.3578,35.3574,9.5421,27.3089,36.1338
347.0,693.0,9.5743,38.3399,98.6549,183.4419,0.0212,0.0003,99.2503,215.6781,48.7249,-16.0874,0.0,0.0001,1.8783,0.0,6.36,35.3542,9.4937,27.3145,36.1416
348.0,695.0,9.5753,38.3403,98.68,183.3761,0.0207,0.0003,99.2503,215.6782,48.7249,-16.0874,0.0,0.0001,1.8773,-0.0006,6.3683,35.353,9.4944,27.3135,36.1405
349.0,697.0,9.526,38.2918,65.8334,183.2436,0.0196,0.0003,99.2626,215.6782,48.7249,-16.0874,0.0,0.0001,1.8755,-0.0004,6.3686,35.3502,9.4451,27.3195,36.1487
350.0,699.0,9.521,38.2883,93.7633,183.2273,0.0204,0.0003,99.2573,215.6782,48.7249,-16.0874,0.0,0.0001,1.8743,-0.0003,6.3704,35.3506,9.4399,27.3207,36.1501
351.0,701.0,9.5265,38.298,98.68,183.1069,0.0209,0.0003,99.2591,215.6783,48.7249,-16.0874,0.0,0.0001,1.8735,-0.0004,6.3727,35.3542,9.445,27.3226,36.1517
352.0,703.0,9.5106,38.2817,98.68,182.6434,0.0199,0.0003,99.2517,215.6783,48.7249,-16.0874,0.0,0.0001,1.8711,-0.001,6.3744,35.3521,9.4291,27.3236,36.1535
353.0,705.0,9.4963,38.2673,71.8833,182.6464,0.0209,0.0003,99.2621,215.6783,48.7248,-16.0874,0.0,0.0001,1.8687,-0.0007,6.3773,35.3504,9.4146,27.3247,36.1552
354.0,707.0,9.4581,38.2261,91.3893,182.9869,0.0204,0.0003,99.2462,215.6784,48.7248,-16.0874,0.0,0.0001,1.8673,-0.0004,6.3923,35.3445,9.3764,27.3264,36.1586
355.0,709.0,9.3674,38.1315,98.68,183.3776,0.023,0.0003,99.2337,215.6784,48.7248,-16.0874,0.0,0.0001,1.868,0.0004,6.3893,35.3347,9.2859,27.3337,36.17
356.0,711.0,9.3638,38.1303,98.68,183.8572,0.0221,0.0003,99.2337,215.6784,48.7248,-16.0874,0.0,0.0001,1.8703,0.0005,6.393,35.336,9.282,27.3353,36.1718
357.0,713.0,9.3787,38.1472,78.2128,183.3136,0.0214,0.0003,99.238,215.6785,48.7248,-16.0874,0.0,0.0001,1.869,-0.0006,6.394,35.3381,9.2967,27.3346,36.1703
358.0,715.0,9.3578,38.1293,98.68,183.8874,0.022,0.0003,99.2337,215.6785,48.7248,-16.0874,0.0,0.0001,1.8695,0.0005,6.3948,35.3391,9.2756,27.3388,36.1755
359.0,717.0,9.3599,38.1312,74.3218,183.7763,0.0219,0.0003,99.2337,215.6785,48.7248,-16.0874,0.0,0.0001,1.8698,-0.0001,6.3955,35.3383,9.2775,27.3379,36.1745
360.0,719.0,9.3535,38.1282,91.692,183.6869,0.0217,0.0003,99.2337,215.6786,48.7248,-16.0874,0.0,0.0001,1.8694,-0.0002,6.3937,35.3405,9.2708,27.3407,36.1775
361.0,721.0,9.3635,38.1435,98.68,183.6429,0.0203,0.0003,99.2337,215.6786,48.7248,-16.0874,0.0,0.0001,1.8687,-0.0002,6.3949,35.3457,9.2806,27.3432,36.1795
362.0,723.0,9.3509,38.1347,98.68,183.3402,0.0223,0.0003,99.2359,215.6786,48.7248,-16.0874,0.0,0.0001,1.867,-0.0007,6.399,35.3479,9.2678,27.347,36.1839
363.0,725.0,9.3276,38.1111,98.68,183.5094,0.0191,0.0003,99.2337,215.6787,48.7247,-16.0874,0.0,0.0001,1.866,-0.0003,6.4028,35.3455,9.2444,27.349,36.1869
364.0,727.0,9.2956,38.0791,98.68,184.2604,0.024,0.0003,99.1932,215.6787,48.7247,-16.0874,0.0,0.0001,1.8683,0.0005,6.4055,35.3428,9.2123,27.3522,36.1915
365.0,729.0,9.2742,38.0564,98.68,184.0794,0.0223,0.0003,99.2271,215.6787,48.7247,-16.0874,0.0,0.0001,1.8681,-0.0002,6.4086,35.3395,9.1908,27.353,36.1934
366.0,731.0,9.2627,38.0461,69.2448,184.2572,0.0263,0.0003,99.1904,215.6788,48.7247,-16.0874,0.0,0.0001,1.8681,0.0002,6.4067,35.3392,9.1791,27.3548,36.1956
367.0,733.0,9.2572,38.0419,95.766,184.1203,0.0236,0.0003,99.2103,215.6788,48.7247,-16.0874,0.0,0.0001,1.8678,-0.0002,6.4092,35.3392,9.1734,27.3557,36.1968
368.0,735.0,9.2543,38.0411,98.6546,184.2068,0.0246,0.0003,99.2241,215.6788,48.7247,-16.0874,0.0,0.0001,1.8673,0.0001,6.4103,35.3404,9.1703,27.3571,36.1983
369.0,737.0,9.2439,38.0347,98.661,184.3126,0.0229,0.0003,99.2137,215.6789,48.7247,-16.0874,0.0,0.0001,1.8673,-0.0001,6.4122,35.3432,9.1597,27.3611,36.2027
370.0,739.0,9.2336,38.0258,98.68,184.1719,0.0199,0.0003,99.2136,215.6789,48.7247,-16.0874,0.0,0.0001,1.8669,-0.0003,6.4118,35.343,9.1492,27.3627,36.2047
371.0,741.0,9.2316,38.0253,88.3948,184.1615,0.0205,0.0003,99.188,215.679,48.7247,-16.0874,0.0,0.0001,1.8656,-0.0004,6.4187,35.3436,9.1469,27.3635,36.2056
372.0,743.0,9.1846,37.9754,93.1251,184.2916,0.0246,0.0003,99.2049,215.679,48.7246,-16.0874,0.0,0.0001,1.8649,-0.0001,6.4227,35.3371,9.1,27.366,36.2103
373.0,745.0,9.1467,37.9372,98.68,184.7248,0.0228,0.0003,99.2107,215.679,48.7246,-16.0874,0.0,0.0001,1.8653,0.0005,6.4225,35.3336,9.0621,27.3694,36.2154
374.0,747.0,9.1577,37.949,98.4953,184.7071,0.0208,0.0004,98.7811,215.679,48.7246,-16.0874,0.0,0.0001,1.8654,-0.0001,6.4321,35.3344,9.0727,27.3684,36.2139
375.0,749.0,9.0859,37.8732,98.68,184.3397,0.0255,0.0003,99.1991,215.6791,48.7246,-16.0874,0.0,0.0001,1.8624,-0.001,6.4449,35.3253,9.0011,27.3728,36.2216
376.0,751.0,9.0198,37.8044,96.6416,184.0652,0.0225,0.0003,99.1904,215.6791,48.7246,-16.0874,0.0,0.0001,1.8608,-0.0009,6.4433,35.3178,8.9352,27.3776,36.2294
377.0,753.0,9.0008,37.7859,82.6338,184.6584,0.0234,0.0003,99.2124,215.6792,48.7246,-16.0874,0.0,0.0001,1.8606,0.0001,6.4462,35.3162,8.916,27.3795,36.2321
378.0,755.0,9.0034,37.7899,98.68,184.0457,0.0213,0.0003,99.2069,215.6792,48.7246,-16.0874,0.0,0.0001,1.8595,-0.0006,6.4383,35.3172,8.9185,27.3798,36.2323
379.0,757.0,8.9932,37.7894,98.68,184.7222,0.024,0.0003,99.2337,215.6792,48.7246,-16.0874,0.0,0.0001,1.8604,0.0013,6.4223,35.3256,8.908,27.3881,36.2409
380.0,759.0,9.2293,38.0724,83.0933,183.3728,0.0267,0.0003,99.1871,215.6793,48.7246,-16.0874,0.0,0.0001,1.8596,-0.0014,6.4255,35.3865,9.1425,27.3978,36.2395
381.0,761.0,9.1297,37.9484,98.68,183.6936,0.0224,0.0003,99.1732,215.6793,48.7246,-16.0874,0.0,0.0001,1.8574,-0.0001,6.42,35.355,9.0433,27.3893,36.2358
382.0,763.0,9.1556,37.9953,98.68,182.8295,0.0206,0.0003,99.2028,215.6793,48.7245,-16.0874,0.0,0.0001,1.8535,-0.0012,6.423,35.3775,9.0687,27.4028,36.2478
383.0,765.0,9.1252,37.9639,96.9263,182.9531,0.0187,0.0003,99.2049,215.6794,48.7245,-16.0874,0.0,0.0001,1.8528,-0.0006,6.4211,35.3739,9.0382,27.4049,36.2513
384.0,767.0,9.1567,38.0017,89.5784,182.9619,0.0184,0.0003,99.1933,215.6794,48.7245,-16.0874,0.0,0.0001,1.8514,-0.0003,6.4229,35.3811,9.0693,27.4055,36.2505
385.0,769.0,9.1462,37.9946,98.68,182.914,0.0203,0.0003,99.1796,215.6794,48.7245,-16.0874,0.0,0.0001,1.8498,-0.0002,6.4198,35.3831,9.0587,27.4088,36.2542
386.0,771.0,9.1637,38.0205,98.68,182.833,0.0234,0.0003,99.1863,215.6795,48.7245,-16.0874,0.0,0.0001,1.8494,-0.0002,6.4182,35.3919,9.0759,27.4129,36.2574
387.0,773.0,9.1767,38.0389,79.0824,182.2853,0.0265,0.0003,99.1862,215.6795,48.7245,-16.0874,0.0,0.0001,1.8484,-0.001,6.4189,35.3973,9.0886,27.415,36.2589
388.0,775.0,9.1912,38.0576,95.4723,182.7729,0.0225,0.0003,99.1892,215.6795,48.7245,-16.0874,0.0,0.0001,1.8486,0.0001,6.4156,35.4017,9.1027,27.4162,36.2594
389.0,777.0,9.2034,38.0795,98.68,181.6919,0.0194,0.0003,99.176,215.6796,48.7245,-16.0874,0.0,0.0001,1.844,-0.0018,6.4207,35.4115,9.1146,27.4219,36.2645
390.0,779.0,9.1673,38.0446,98.68,181.9548,0.0237,0.0003,99.1847,215.6796,48.7244,-16.0874,0.0,0.0001,1.8438,-0.0006,6.4161,35.4097,9.0784,27.4264,36.2706
391.0,781.0,9.1662,38.0434,98.68,182.3669,0.0202,0.0003,99.1867,215.6796,48.7244,-16.0874,0.0,0.0001,1.8432,-0.0002,6.4235,35.4087,9.0771,27.4258,36.2701
392.0,783.0,9.114,37.9903,98.68,182.2638,0.0227,0.0003,99.176,215.6797,48.7244,-16.0874,0.0,0.0001,1.8434,0.0001,6.4169,35.4041,9.025,27.4307,36.2773
393.0,785.0,9.1697,38.0579,98.68,181.7368,0.0248,0.0003,99.1657,215.6797,48.7244,-16.0874,0.0,0.0001,1.8416,-0.0008,6.4193,35.4188,9.0801,27.4333,36.2772
394.0,787.0,9.1607,38.0505,90.0525,182.3027,0.0201,0.0003,99.1702,215.6797,48.7244,-16.0874,0.0,0.0001,1.8418,-0.0001,6.4261,35.4188,9.0709,27.4347,36.2791
395.0,789.0,9.1213,38.0054,98.68,181.9018,0.0192,0.0003,99.176,215.6798,48.7244,-16.0874,0.0,0.0001,1.8391,-0.0011,6.4385,35.4099,9.0315,27.4342,36.2804
396.0,791.0,9.0264,37.9037,98.68,182.5496,0.0216,0.0003,99.176,215.6798,48.7244,-16.0874,0.0,0.0001,1.84,0.0004,6.4359,35.3967,8.9369,27.4392,36.2897
397.0,793.0,9.0119,37.8886,88.8872,182.4203,0.0252,0.0003,99.1644,215.6798,48.7244,-16.0874,0.0,0.0001,1.839,-0.0004,6.4467,35.3945,8.9223,27.4398,36.291
398.0,795.0,8.9415,37.8127,98.68,182.7013,0.0239,0.0003,99.1694,215.6799,48.7244,-16.0874,0.0,0.0001,1.8378,0.0002,6.4502,35.3836,8.852,27.4425,36.2969
399.0,797.0,8.9502,37.8239,98.68,182.5373,0.0247,0.0003,99.1607,215.6799,48.7243,-16.0874,0.0,0.0001,1.8367,-0.0005,6.4614,35.3861,8.8604,27.4431,36.2971
400.0,799.0,8.8843,37.7531,86.8895,182.9647,0.0215,0.0003,99.1702,215.6799,48.7243,-16.0874,0.0,0.0001,1.8369,0.0003,6.4626,35.3763,8.7948,27.446,36.303
401.0,801.0,8.8593,37.726,98.6387,183.4979,0.0207,0.0003,99.1573,215.68,48.7243,-16.0874,0.0,0.0001,1.8392,0.0007,6.4619,35.3717,8.7696,27.4464,36.3046
402.0,803.0,8.88,37.7534,98.68,182.7517,0.019,0.0003,99.1627,215.68,48.7243,-16.0874,0.0,0.0001,1.8374,-0.0007,6.4624,35.379,8.79,27.4489,36.3061
403.0,805.0,8.8741,37.7472,98.68,182.8067,0.0234,0.0003,99.1471,215.6801,48.7243,-16.0874,0.0,0.0001,1.8356,-0.0007,6.4724,35.3775,8.7839,27.4486,36.3061
404.0,807.0,8.7677,37.6329,86.7528,183.2089,0.0239,0.0003,99.1726,215.6801,48.7243,-16.0874,0.0,0.0001,1.8363,0.0001,6.4744,35.362,8.6779,27.4533,36.3157
405.0,809.0,8.7856,37.6562,92.9157,183.6154,0.025,0.0003,99.167,215.6801,48.7243,-16.0874,0.0,0.0001,1.837,0.0007,6.4705,35.368,8.6955,27.4553,36.3168
406.0,811.0,8.8412,37.7264,98.5857,183.2018,0.021,0.0003,99.1688,215.6801,48.7243,-16.0874,0.0,0.0001,1.8369,0.0,6.4665,35.3856,8.7505,27.4603,36.3192
407.0,813.0,8.8519,37.7421,98.68,182.3924,0.0221,0.0003,99.1615,215.6802,48.7242,-16.0874,0.0,0.0001,1.8339,-0.0014,6.4693,35.3906,8.7609,27.4626,36.3209
408.0,815.0,8.816,37.7098,97.7529,183.017,0.019,0.0003,99.1602,215.6802,48.7242,-16.0874,0.0,0.0001,1.8338,0.0,6.4703,35.3911,8.7249,27.4687,36.3286
409.0,817.0,8.8259,37.7183,81.7805,182.5183,0.021,0.0003,99.17,215.6803,48.7242,-16.0874,0.0,0.0001,1.8315,-0.0011,6.4767,35.3896,8.7346,27.466,36.3255
410.0,819.0,8.7763,37.6686,91.0649,182.8714,0.023,0.0003,99.1471,215.6803,48.7242,-16.0874,0.0,0.0001,1.8317,-0.0002,6.4738,35.3858,8.6851,27.4709,36.3326
411.0,821.0,8.7935,37.6943,91.6454,183.0317,0.024,0.0003,99.1438,215.6803,48.7242,-16.0874,0.0,0.0001,1.8322,-0.0002,6.476,35.3943,8.7018,27.4749,36.3357
412.0,823.0,8.7949,37.6962,98.68,183.0736,0.0242,0.0003,99.1615,215.6803,48.7242,-16.0874,0.0,0.0001,1.8326,-0.0001,6.477,35.3946,8.7031,27.4749,36.3357
413.0,825.0,8.7564,37.6542,98.68,182.5123,0.0215,0.0003,99.1615,215.6804,48.7242,-16.0874,0.0,0.0001,1.8293,-0.0009,6.4812,35.3876,8.6646,27.4755,36.3381
414.0,827.0,8.7257,37.6231,98.68,183.7077,0.0213,0.0003,99.1688,215.6804,48.7242,-16.0874,0.0,0.0001,1.8314,0.0012,6.4801,35.3842,8.6337,27.4778,36.3418
415.0,829.0,8.7441,37.6426,98.68,183.3418,0.0244,0.0003,98.9771,215.6804,48.7242,-16.0874,0.0,0.0001,1.8316,0.0001,6.481,35.3858,8.6518,27.4762,36.3393
416.0,831.0,8.7357,37.637,96.986,183.4549,0.022,0.0003,99.1183,215.6805,48.7242,-16.0874,0.0,0.0001,1.8327,0.0003,6.474,35.3874,8.6433,27.4787,36.3423
417.0,833.0,8.7731,37.6877,84.1074,183.1949,0.0222,0.0003,99.1471,215.6805,48.7242,-16.0874,0.0,0.0001,1.8319,-0.0002,6.4725,35.4026,8.6802,27.4848,36.3465
418.0,835.0,8.7981,37.7179,95.7699,182.7805,0.0246,0.0003,99.1582,215.6805,48.7241,-16.0874,0.0,0.0001,1.8304,-0.0009,6.4753,35.4083,8.7048,27.4854,36.3459
419.0,837.0,8.7759,37.695,98.68,182.893,0.0237,0.0003,99.1693,215.6805,48.7241,-16.0874,0.0,0.0001,1.8291,-0.0007,6.483,35.4054,8.6825,27.4866,36.3482
420.0,839.0,8.7303,37.645,98.68,183.2115,0.0275,0.0003,99.1636,215.6806,48.7241,-16.0874,0.0,0.0001,1.8281,-0.0002,6.4873,35.3973,8.637,27.4875,36.3512
421.0,841.0,8.6622,37.5721,98.68,184.0854,0.0234,0.0003,99.176,215.6806,48.7241,-16.0874,0.0,0.0001,1.8303,0.0011,6.4851,35.3873,8.5691,27.4904,36.3572
422.0,843.0,8.7191,37.643,79.522,183.7215,0.0225,0.0003,99.1503,215.6806,48.7241,-16.0874,0.0,0.0001,1.8301,0.0002,6.487,35.4045,8.6254,27.495,36.3591
423.0,845.0,8.7022,37.6256,95.1171,183.7097,0.023,0.0003,99.167,215.6806,48.7241,-16.0874,0.0,0.0001,1.8302,0.0,6.4907,35.4019,8.6083,27.4957,36.3605
424.0,847.0,8.677,37.5975,93.5829,183.8525,0.0239,0.0003,99.164,215.6807,48.7241,-16.0874,0.0,0.0001,1.8291,-0.0003,6.5031,35.3966,8.583,27.4954,36.3615
425.0,849.0,8.5571,37.4676,98.68,183.5199,0.025,0.0003,99.1615,215.6807,48.7241,-16.0874,0.0,0.0001,1.8278,-0.0002,6.4934,35.378,8.4637,27.4996,36.3712
426.0,851.0,8.6279,37.5565,98.68,183.8843,0.0237,0.0003,99.176,215.6807,48.7241,-16.0874,0.0,0.0001,1.8297,0.0004,6.4865,35.4004,8.5338,27.5062,36.3744
427.0,853.0,8.6963,37.6396,98.68,183.0089,0.0261,0.0003,99.176,215.6807,48.7241,-16.0874,0.0,0.0001,1.8279,-0.0013,6.4894,35.419,8.6015,27.5102,36.3751
428.0,855.0,8.6971,37.6418,98.68,182.8297,0.0219,0.0003,99.176,215.6808,48.7241,-16.0874,0.0,0.0001,1.8254,-0.0013,6.4913,35.4195,8.602,27.5105,36.3753
429.0,857.0,8.6768,37.6198,98.68,183.1583,0.0274,0.0003,99.1688,215.6808,48.7241,-16.0874,0.0,0.0001,1.8258,-0.0004,6.4892,35.4156,8.5816,27.5106,36.3765
430.0,859.0,8.6536,37.5935,98.68,183.6089,0.0225,0.0003,99.1581,215.6808,48.7241,-16.0874,0.0,0.0001,1.8248,-0.0006,6.5142,35.4101,8.5584,27.51,36.3769
431.0,861.0,8.5082,37.4279,85.9812,184.2402,0.0174,0.0003,99.176,215.6808,48.724,-16.0874,0.0,0.0001,1.8245,-0.0001,6.5358,35.3794,8.4137,27.5085,36.3823
432.0,863.0,8.4319,37.349,84.3015,185.115,0.0185,0.0003,99.176,215.6809,48.724,-16.0874,0.0,0.0001,1.8242,0.0015,6.5338,35.3712,8.3377,27.5139,36.3912
433.0,865.0,8.4291,37.3455,98.68,184.8641,0.0225,0.0003,99.1634,215.6809,48.724,-16.0874,0.0,0.0001,1.8256,0.001,6.5267,35.3695,8.3347,27.513,36.3904
434.0,867.0,8.3037,37.206,96.743,186.1695,0.0213,0.0003,99.1507,215.6809,48.724,-16.0874,0.0,0.0001,1.8302,0.0015,6.5421,35.3454,8.2097,27.5133,36.3967
435.0,869.0,8.341,37.2483,98.68,185.0251,0.0226,0.0003,99.1523,215.6809,48.724,-16.0874,0.0,0.0001,1.8288,-0.0019,6.5766,35.3526,8.2467,27.5133,36.3949
436.0,871.0,8.1642,37.0607,98.6789,186.6056,0.0207,0.0003,99.176,215.6809,48.724,-16.0874,0.0,0.0001,1.8275,0.0005,6.5853,35.3288,8.0709,27.5215,36.4113
437.0,873.0,8.1122,37.0013,89.0467,187.3476,0.0214,0.0003,99.176,215.681,48.724,-16.0874,0.0,0.0001,1.8295,0.0015,6.5825,35.3164,8.0189,27.5196,36.412
438.0,875.0,8.0592,36.9446,98.68,188.0712,0.0205,0.0003,99.176,215.681,48.724,-16.0874,0.0,0.0001,1.8347,0.0027,6.5664,35.3078,7.9659,27.5209,36.4158
439.0,877.0,8.0878,36.9779,98.68,188.0014,0.0206,0.0003,99.1764,215.681,48.724,-16.0874,0.0,0.0001,1.8379,0.0007,6.5756,35.3138,7.9942,27.5213,36.4148
440.0,879.0,8.1452,37.0374,98.68,186.1016,0.025,0.0003,99.176,215.681,48.724,-16.0874,0.0,0.0001,1.8339,-0.0024,6.5759,35.3192,8.0511,27.517,36.4079
441.0,881.0,8.0811,36.9682,98.68,187.5738,0.0234,0.0003,99.1904,215.6811,48.724,-16.0874,0.0,0.0001,1.8359,0.0005,6.5737,35.3088,7.9872,27.5185,36.4124
442.0,883.0,8.066,36.9634,86.1642,188.5918,0.0213,0.0003,99.1941,215.6811,48.724,-16.0874,0.0,0.0001,1.8376,0.0018,6.5771,35.318,7.972,27.528,36.4224
443.0,885.0,8.1262,37.0401,92.814,188.1288,0.0232,0.0003,99.1904,215.6811,48.724,-16.0874,0.0,0.0001,1.8376,0.0008,6.5768,35.3382,8.0314,27.5349,36.4264
444.0,887.0,8.1081,37.0198,98.5719,188.0674,0.0234,0.0003,99.1872,215.6811,48.724,-16.0874,0.0,0.0001,1.8378,0.0,6.582,35.3337,8.0132,27.5341,36.4265
445.0,889.0,8.0914,37.0049,98.68,187.6085,0.0259,0.0003,99.2013,215.6811,48.724,-16.0874,0.0,0.0001,1.8376,-0.0011,6.5943,35.3336,7.9964,27.5365,36.4297
446.0,891.0,8.0153,36.9222,98.68,188.6696,0.0276,0.0003,99.1982,215.6812,48.724,-16.0874,0.0,0.0001,1.8364,0.0003,6.6055,35.3206,7.9206,27.5378,36.4345
447.0,893.0,7.9594,36.8611,82.4915,188.9334,0.0207,0.0003,99.2221,215.6812,48.7239,-16.0874,0.0,0.0001,1.8376,0.0006,6.6024,35.3104,7.8648,27.5381,36.4375
448.0,895.0,7.9235,36.8259,98.4176,190.0146,0.0215,0.0003,99.2049,215.6812,48.7239,-16.0874,0.0,0.0001,1.8404,0.0019,6.6036,35.3077,7.829,27.5414,36.4424
449.0,897.0,7.931,36.8361,95.9511,189.5636,0.0165,0.0003,99.2337,215.6812,48.7239,-16.0874,0.0,0.0001,1.8418,0.0007,6.6011,35.3103,7.8363,27.5423,36.443
450.0,899.0,7.9483,36.8598,98.68,189.4025,0.0205,0.0003,99.2193,215.6813,48.7239,-16.0874,0.0,0.0001,1.8418,0.0001,6.6004,35.3174,7.8532,27.5453,36.4452
451.0,901.0,7.9573,36.8741,98.68,189.085,0.0236,0.0003,99.2337,215.6813,48.7239,-16.0874,0.0,0.0001,1.8413,-0.0005,6.6012,35.3228,7.8619,27.5483,36.4477
452.0,903.0,7.9549,36.8723,98.4097,189.3272,0.0241,0.0003,99.2283,215.6813,48.7239,-16.0874,0.0,0.0001,1.8413,-0.0001,6.6027,35.3224,7.8593,27.5483,36.4478
453.0,905.0,7.9395,36.8572,98.68,189.5164,0.0224,0.0003,99.228,215.6813,48.7239,-16.0873,0.0,0.0001,1.8413,0.0001,6.6044,35.3206,7.8437,27.5493,36.4495
454.0,907.0,7.9297,36.8501,98.68,189.7709,0.0234,0.0003,99.2337,215.6814,48.7239,-16.0874,0.0,0.0001,1.8425,0.0003,6.6058,35.3219,7.8337,27.5518,36.4524
455.0,909.0,7.9274,36.849,79.4947,189.9218,0.0229,0.0003,99.2337,215.6814,48.7239,-16.0874,0.0,0.0001,1.842,0.0,6.6146,35.322,7.8313,27.5522,36.453
456.0,911.0,7.892,36.8081,98.68,189.8855,0.0223,0.0003,99.2286,215.6814,48.7239,-16.0873,0.0,0.0001,1.8413,-0.0004,6.621,35.3128,7.7958,27.5502,36.4528
457.0,913.0,7.8356,36.7528,94.5309,190.2648,0.0221,0.0003,99.2304,215.6814,48.7239,-16.0873,0.0,0.0001,1.8406,-0.0002,6.6318,35.3091,7.7397,27.5557,36.4608
458.0,915.0,7.8155,36.7319,98.68,189.8976,0.0224,0.0003,99.2337,215.6814,48.7239,-16.0873,0.0,0.0001,1.8404,-0.0004,6.6232,35.3061,7.7195,27.5563,36.4624
459.0,917.0,7.7528,36.6701,98.68,191.6788,0.0233,0.0003,99.2316,215.6815,48.7239,-16.0873,0.0,0.0001,1.8446,0.002,6.6276,35.3018,7.657,27.5622,36.4711
460.0,919.0,7.7633,36.6874,89.708,191.4957,0.0246,0.0003,99.2532,215.6815,48.7239,-16.0873,0.0,0.0001,1.8455,0.0003,6.641,35.3089,7.6672,27.5663,36.4747
461.0,921.0,7.7123,36.6366,98.68,191.3336,0.0244,0.0003,99.2626,215.6815,48.7238,-16.0873,0.0,0.0001,1.8437,-0.0001,6.6424,35.3046,7.6162,27.5704,36.4812
462.0,923.0,7.6598,36.5844,98.68,192.6126,0.0258,0.0003,99.2434,215.6815,48.7238,-16.0873,0.0,0.0001,1.8467,0.0018,6.6411,35.3002,7.564,27.5746,36.4878
463.0,925.0,7.6863,36.6169,98.68,192.6092,0.0251,0.0003,99.2551,215.6816,48.7238,-16.0873,0.0,0.0001,1.8498,0.0011,6.6379,35.3076,7.5901,27.5766,36.4886
464.0,927.0,7.7084,36.6447,98.68,191.7463,0.022,0.0003,99.2626,215.6816,48.7238,-16.0873,0.0,0.0001,1.8494,-0.0005,6.6363,35.3143,7.6118,27.5787,36.4896
465.0,929.0,7.7062,36.6465,97.9135,191.8934,0.0211,0.0003,99.2626,215.6816,48.7238,-16.0873,0.0,0.0001,1.8491,-0.0001,6.6357,35.3176,7.6094,27.5816,36.4925
466.0,931.0,7.7209,36.6658,98.6218,191.8699,0.0245,0.0003,99.2567,215.6816,48.7238,-16.0873,0.0,0.0001,1.8489,-0.0002,6.6364,35.3228,7.6237,27.5836,36.4938
467.0,933.0,7.7178,36.6664,96.7954,191.7148,0.0228,0.0003,99.2626,215.6816,48.7238,-16.0873,0.0,0.0001,1.8478,-0.0004,6.6369,35.3256,7.6204,27.5863,36.4966
468.0,935.0,7.7156,36.6665,98.68,192.1334,0.0214,0.0003,99.2584,215.6817,48.7238,-16.0873,0.0,0.0001,1.848,-0.0001,6.645,35.327,7.6181,27.5877,36.4981
469.0,937.0,7.6701,36.6174,98.68,192.3792,0.0205,0.0003,99.2626,215.6817,48.7238,-16.0873,0.0,0.0001,1.8474,-0.0001,6.6541,35.3189,7.5726,27.5881,36.5006
470.0,939.0,7.639,36.5867,98.68,193.1018,0.0204,0.0003,99.2626,215.6817,48.7238,-16.0873,0.0,0.0001,1.8486,0.0008,6.657,35.3162,7.5415,27.5904,36.5045
471.0,941.0,7.603,36.5485,69.6417,193.8546,0.0188,0.0003,99.2688,215.6817,48.7238,-16.0873,0.0,0.0001,1.8506,0.0014,6.6627,35.3103,7.5056,27.5911,36.5069
472.0,943.0,7.5511,36.4941,95.1988,194.1638,0.0202,0.0003,99.2722,215.6818,48.7238,-16.0873,0.0,0.0001,1.8523,0.0005,6.6797,35.3029,7.4538,27.5928,36.511
473.0,945.0,7.4575,36.395,98.68,195.0163,0.022,0.0003,99.2731,215.6818,48.7238,-16.0873,0.0,0.0001,1.8548,0.0012,6.684,35.2891,7.3606,27.5954,36.5181
474.0,947.0,7.4146,36.351,98.68,195.9955,0.0235,0.0003,99.271,215.6818,48.7237,-16.0873,0.0,0.0001,1.859,0.0019,6.6874,35.2838,7.3177,27.5974,36.5222
475.0,949.0,7.4072,36.3425,98.68,195.7928,0.0232,0.0003,99.2667,215.6818,48.7237,-16.0873,0.0,0.0001,1.8601,0.0007,6.6908,35.2813,7.3102,27.5965,36.5217
476.0,951.0,7.3863,36.3212,33.4265,196.1775,0.0254,0.0003,99.2655,215.6819,48.7237,-16.0873,0.0,0.0001,1.8616,0.0011,6.6872,35.2782,7.2893,27.5971,36.5233
477.0,953.0,7.3676,36.3052,90.1521,196.4194,0.0236,0.0003,99.2729,215.6819,48.7237,-16.0873,0.0,0.0001,1.8632,0.0007,6.693,35.2788,7.2705,27.6003,36.5273
478.0,955.0,7.3549,36.2926,98.7255,196.5275,0.0234,0.0003,99.2863,215.6819,48.7237,-16.0873,0.0,0.0001,1.8642,0.0005,6.6927,35.277,7.2577,27.6007,36.5283
479.0,957.0,7.3621,36.3037,98.68,196.6038,0.0195,0.0003,99.2915,215.6819,48.7237,-16.0873,0.0,0.0001,1.8649,0.0004,6.693,35.2808,7.2646,27.6027,36.53
480.0,959.0,7.3612,36.3035,98.68,196.7739,0.0242,0.0003,99.2843,215.6819,48.7237,-16.0873,0.0,0.0001,1.8657,0.0004,6.6938,35.2808,7.2635,27.6028,36.5301
481.0,961.0,7.3598,36.3028,98.68,196.4526,0.0258,0.0003,99.283,215.682,48.7237,-16.0873,0.0,0.0001,1.8653,-0.0001,6.6928,35.2806,7.2619,27.6029,36.5303
482.0,963.0,7.3489,36.2918,98.68,196.662,0.0234,0.0003,99.2915,215.682,48.7237,-16.0873,0.0,0.0001,1.8651,-0.0001,6.6976,35.2785,7.2509,27.6028,36.5307
483.0,965.0,7.3334,36.2756,83.6222,196.3368,0.0215,0.0003,99.2857,215.682,48.7237,-16.0873,0.0,0.0001,1.8645,-0.0005,6.6976,35.2757,7.2353,27.6028,36.5315
484.0,967.0,7.3254,36.2703,98.68,196.8425,0.0205,0.0003,99.277,215.682,48.7237,-16.0873,0.0,0.0001,1.8654,0.0003,6.6974,35.2772,7.2271,27.6052,36.5343
485.0,969.0,7.3342,36.2853,98.68,197.0846,0.0223,0.0003,99.2915,215.6821,48.7237,-16.0873,0.0,0.0001,1.8655,0.0006,6.6952,35.2837,7.2356,27.6091,36.5376
486.0,971.0,7.3728,36.3295,78.0882,196.715,0.0217,0.0003,99.296,215.6821,48.7237,-16.0873,0.0,0.0001,1.8665,0.0004,6.6763,35.2917,7.2737,27.6099,36.5366
487.0,973.0,7.433,36.4086,92.0242,195.681,0.0235,0.0003,99.2998,215.6821,48.7236,-16.0873,0.0,0.0001,1.8651,-0.0007,6.662,35.3156,7.3332,27.6202,36.5438
488.0,975.0,7.5161,36.5138,98.751,194.9104,0.0213,0.0003,99.2961,215.6821,48.7236,-16.0873,0.0,0.0001,1.8625,-0.0016,6.6613,35.3445,7.4154,27.6311,36.5505
489.0,977.0,7.545,36.5417,98.68,194.2992,0.025,0.0003,99.3204,215.6822,48.7236,-16.0873,0.0,0.0001,1.8588,-0.002,6.6633,35.3445,7.444,27.627,36.5451
490.0,979.0,7.5759,36.5803,98.68,194.0142,0.0205,0.0003,99.2496,215.6822,48.7236,-16.0873,0.0,0.0001,1.8556,-0.0017,6.6665,35.3541,7.4743,27.6301,36.5467
491.0,981.0,7.5536,36.5556,98.6535,194.8932,0.0212,0.0003,99.3092,215.6822,48.7236,-16.0873,0.0,0.0001,1.8534,-0.0007,6.6894,35.349,7.452,27.6293,36.547
492.0,983.0,7.4085,36.3978,98.6195,195.4561,0.0183,0.0003,99.3096,215.6822,48.7236,-16.0873,0.0,0.0001,1.8538,0.0006,6.6846,35.3238,7.3077,27.6303,36.5549
493.0,985.0,7.3745,36.361,98.68,197.1887,0.0213,0.0003,99.3146,215.6823,48.7236,-16.0873,0.0,0.0001,1.8578,0.0029,6.6787,35.3174,7.2738,27.6302,36.5565
494.0,987.0,7.3338,36.3182,90.8386,196.9285,0.0238,0.0003,99.2684,215.6823,48.7236,-16.0873,0.0,0.0001,1.8611,0.0003,6.703,35.3112,7.2332,27.6311,36.5593
495.0,989.0,7.2235,36.1909,95.2081,197.5843,0.0224,0.0003,99.3175,215.6823,48.7236,-16.0873,0.0,0.0001,1.8616,0.0008,6.7209,35.2836,7.1235,27.6249,36.5587
496.0,991.0,7.1339,36.0991,97.835,199.326,0.0202,0.0003,99.2991,215.6824,48.7235,-16.0873,0.0,0.0001,1.8691,0.0011,6.7274,35.2732,7.0343,27.6293,36.5674
497.0,993.0,7.0191,35.9756,98.68,199.9727,0.0223,0.0003,99.2915,215.6825,48.7235,-16.0873,0.0,0.0001,1.8699,0.0008,6.7549,35.2539,6.9203,27.63,36.5737
498.0,995.0,6.9256,35.873,93.2961,201.9348,0.0239,0.0003,99.2891,215.6825,48.7235,-16.0873,0.0,0.0001,1.8795,0.0015,6.7594,35.2357,6.8273,27.6286,36.5768
499.0,997.0,6.8154,35.7581,94.5243,203.394,0.0223,0.0003,99.2865,215.6829,48.7234,-16.0873,0.0,0.0001,1.8904,0.0,6.7836,35.2202,6.7176,27.6314,36.5851
500.0,999.0,6.7559,35.6942,94.2622,204.1724,0.0216,0.0003,99.2358,215.6837,48.7232,-16.0872,0.0,0.0001,1.8936,0.0001,6.7911,35.2098,6.6585,27.6314,36.5879
