Datacycle,press,temp,cond,alt,oxygen,fluor,atten,trans,jday,lat,lon,PAR,UPAR,oxV,oxdVdt,oxysat,salin,potemp,sigma0,sigma2
1.0,3.0,15.9781,44.6457,98.6349,242.7436,0.2305,0.0027,93.4634,205.5215,48.549,-16.0927,0.0,0.0001,2.7273,-0.0002,5.5549,35.6809,15.9776,26.2767,34.8489
2.0,5.0,15.9779,44.6469,79.4908,243.2915,0.2465,0.0027,93.5762,205.5216,48.549,-16.0927,0.0,0.0001,2.7299,0.0006,5.555,35.6816,15.9771,26.2774,34.8496
3.0,7.0,15.9816,44.6513,96.8516,243.6519,0.2418,0.0027,93.5317,205.5216,48.549,-16.0927,0.0,0.0001,2.7325,0.0006,5.5549,35.6813,15.9805,26.2764,34.8484
4.0,9.0,15.9814,44.6516,82.9961,244.0058,0.248,0.0027,93.4663,205.5217,48.549,-16.0927,0.0,0.0001,2.7348,0.0004,5.5575,35.681,15.98,26.2762,34.8483
5.0,11.0,15.9528,44.6242,92.796,244.0987,0.3128,0.0027,93.39,205.5217,48.5489,-16.0928,0.0,0.0001,2.7353,0.0002,5.5577,35.6814,15.9511,26.2832,34.8563
6.0,13.0,15.9657,44.637,98.7087,244.1492,0.3314,0.0027,93.4218,205.5218,48.5489,-16.0928,0.0,0.0001,2.7358,-0.0002,5.5579,35.6804,15.9636,26.2796,34.8523
7.0,15.0,15.9551,44.6286,98.71,244.1793,0.3231,0.0027,93.3956,205.5218,48.5489,-16.0928,0.0,0.0001,2.7346,0.0002,5.5594,35.6815,15.9527,26.2829,34.856
8.0,17.0,15.9302,44.6023,92.1662,244.4453,0.3311,0.0028,93.373,205.5219,48.5489,-16.0928,0.0,0.0001,2.7358,0.0003,5.5611,35.6797,15.9275,26.2873,34.8612
9.0,19.0,15.9013,44.5754,81.2881,244.2207,0.3613,0.0028,93.3169,205.5219,48.5489,-16.0928,0.0,0.0001,2.7331,-0.001,5.5696,35.681,15.8983,26.295,34.8699
10.0,21.0,15.844,44.5175,93.6011,244.4908,0.4398,0.0028,93.2003,205.522,48.5489,-16.0928,0.0,0.0001,2.7325,0.0003,5.5695,35.6797,15.8406,26.3072,34.8842
11.0,23.0,15.8424,44.5163,98.71,244.683,0.487,0.0028,93.2009,205.522,48.5489,-16.0929,0.0,0.0001,2.7335,0.0003,5.5702,35.6793,15.8387,26.3073,34.8844
12.0,25.0,15.8381,44.5124,85.4983,244.0356,0.4995,0.0028,93.2153,205.522,48.5488,-16.0929,0.0,0.0001,2.73,-0.0016,5.5705,35.679,15.8342,26.3081,34.8853
13.0,27.0,15.8352,44.511,86.4218,244.5465,0.5186,0.0028,93.2769,205.5221,48.5488,-16.0929,0.0,0.0001,2.7308,0.0,5.5709,35.6794,15.8309,26.3092,34.8865
14.0,29.0,15.8321,44.5084,90.994,243.4221,0.5405,0.0028,93.3489,205.5221,48.5488,-16.0929,0.0,0.0001,2.7247,-0.0024,5.572,35.6791,15.8275,26.3097,34.8871
15.0,31.0,15.8026,44.4806,98.71,244.345,0.5836,0.0027,93.4935,205.5222,48.5488,-16.0929,0.0,0.0001,2.7263,0.0005,5.5732,35.6798,15.7977,26.3171,34.8955
16.0,33.0,15.7967,44.4765,98.7068,243.2576,0.6019,0.0026,93.555,205.5222,48.5488,-16.0929,0.0,0.0001,2.7208,-0.0027,5.5775,35.6809,15.7915,26.3193,34.898
17.0,35.0,15.7579,44.4387,98.691,244.1909,0.678,0.0026,93.8128,205.5223,48.5488,-16.093,0.0,0.0001,2.721,0.0007,5.5825,35.681,15.7524,26.3283,34.9084
18.0,37.0,15.7208,44.4035,98.71,243.0996,0.733,0.0025,93.8584,205.5223,48.5488,-16.093,0.0,0.0001,2.7148,-0.0027,5.5888,35.6822,15.715,26.3378,34.9191
19.0,39.0,15.6548,44.3401,89.5267,242.788,0.7912,0.0024,94.0637,205.5223,48.5488,-16.093,0.0,0.0001,2.7072,-0.0025,5.6002,35.684,15.6487,26.3542,34.9378
20.0,41.0,15.5567,44.2423,96.5191,242.0148,0.8516,0.0024,94.1438,205.5224,48.5487,-16.093,0.0,0.0001,2.6965,-0.0033,5.6129,35.684,15.5503,26.3765,34.9635
21.0,43.0,15.4205,44.1078,98.71,241.3806,0.8495,0.0021,94.7858,205.5224,48.5487,-16.093,0.0,0.0001,2.6823,-0.0058,5.659,35.685,15.4139,26.4081,34.9999
22.0,45.0,15.0932,43.7859,98.6406,238.2934,0.8022,0.0017,95.8544,205.5224,48.5487,-16.093,0.0,0.0001,2.6646,-0.0078,5.6385,35.6898,15.0863,26.4848,35.0882
23.0,47.0,14.8582,43.5702,98.71,240.4793,0.6731,0.0014,96.4588,205.5225,48.5487,-16.093,0.0,0.0001,2.6556,-0.0046,5.7127,35.7066,14.8511,26.5497,35.1613
24.0,49.0,14.5716,43.2942,79.3553,236.5711,0.563,0.0011,97.2922,205.5225,48.5487,-16.093,0.0,0.0001,2.6137,-0.0112,5.7773,35.715,14.5644,26.6184,35.2404
25.0,51.0,14.051,42.7965,98.7041,233.1746,0.4382,0.0008,97.9599,205.5225,48.5487,-16.093,0.0,0.0001,2.589,-0.011,5.7585,35.7336,14.0436,26.7451,35.3857
26.0,53.0,13.8198,42.5901,95.1396,237.0942,0.3113,0.0006,98.5332,205.5226,48.5487,-16.0931,0.0,0.0001,2.5878,-0.001,5.807,35.7546,13.8121,26.8101,35.4591
27.0,55.0,13.8325,42.5918,98.557,231.3088,0.2823,0.0005,98.8794,205.5226,48.5487,-16.0931,0.0,0.0001,2.5498,-0.0134,5.8537,35.7435,13.8246,26.7986,35.4473
28.0,57.0,13.2989,42.0508,98.71,233.2821,0.155,0.0002,99.5427,205.5226,48.5487,-16.0931,0.0,0.0001,2.5453,-0.0009,5.8346,35.7313,13.2909,26.9004,35.5692
29.0,59.0,13.3006,42.0562,98.71,235.1801,0.1152,0.0001,99.6028,205.5227,48.5486,-16.0931,0.0,0.0001,2.5485,0.0009,5.8669,35.7341,13.2924,26.9022,35.571
30.0,61.0,13.2589,42.0172,80.0483,234.7647,0.0901,0.0001,99.7599,205.5227,48.5486,-16.0931,0.0,0.0001,2.5438,-0.0001,5.8736,35.7354,13.2504,26.9118,35.5821
31.0,63.0,13.1987,41.9608,94.7846,234.8883,0.0718,0.0001,99.8383,205.5227,48.5486,-16.0931,0.0,0.0001,2.5443,-0.0004,5.876,35.7375,13.1899,26.9259,35.5984
32.0,65.0,13.1808,41.9452,98.71,234.3444,0.0657,0.0,99.9065,205.5228,48.5486,-16.0931,0.0,0.0001,2.5418,-0.0009,5.8719,35.7385,13.1717,26.9304,35.6036
33.0,67.0,13.182,41.946,84.868,234.9855,0.0574,0.0,99.9546,205.5228,48.5486,-16.0931,0.0,0.0001,2.5424,0.0,5.8803,35.7374,13.1727,26.9293,35.6026
34.0,69.0,13.1506,41.9154,98.71,234.2929,0.0493,0.0,99.9769,205.5228,48.5486,-16.0931,0.0,0.0001,2.5389,-0.0015,5.8816,35.737,13.141,26.9355,35.6099
35.0,71.0,13.1333,41.9039,98.7058,233.5765,0.0514,0.0,100.0332,205.5229,48.5486,-16.0931,0.0,0.0001,2.5335,-0.002,5.8801,35.7414,13.1234,26.9424,35.6175
36.0,73.0,13.1364,41.9105,98.705,233.6891,0.0473,0.0,100.0655,205.5229,48.5486,-16.0931,0.0,0.0001,2.531,-0.0011,5.8836,35.7439,13.1263,26.9439,35.6188
37.0,75.0,13.1179,41.8913,75.9097,232.9745,0.0401,0.0,100.1023,205.5229,48.5486,-16.0932,0.0,0.0001,2.5246,-0.0015,5.886,35.7422,13.1075,26.9464,35.622
38.0,77.0,13.0978,41.873,96.1784,233.6016,0.0413,-0.0001,100.1548,205.523,48.5486,-16.0932,0.0,0.0001,2.525,0.0004,5.8871,35.7428,13.0871,26.9509,35.6273
39.0,79.0,13.0896,41.8671,98.71,232.9828,0.0357,-0.0001,100.1879,205.523,48.5485,-16.0932,0.0,0.0001,2.5216,-0.0011,5.8905,35.7441,13.0787,26.9536,35.6303
40.0,81.0,13.0557,41.8298,80.7882,232.6102,0.0351,-0.0001,100.2255,205.523,48.5485,-16.0932,0.0,0.0001,2.517,-0.0012,5.8933,35.7394,13.0445,26.9569,35.635
41.0,83.0,13.0224,41.7933,98.71,233.3165,0.0346,-0.0001,100.2329,205.5231,48.5485,-16.0932,0.0,0.0001,2.5182,0.0007,5.8951,35.735,13.0109,26.9604,35.6398
42.0,85.0,13.0322,41.8035,98.71,232.6309,0.0299,-0.0001,100.1989,205.5231,48.5485,-16.0932,0.0,0.0001,2.5148,-0.0013,5.8991,35.7348,13.0205,26.9583,35.6373
43.0,87.0,12.9895,41.759,98.71,233.0297,0.0296,-0.0001,100.2741,205.5231,48.5485,-16.0932,0.0,0.0001,2.5137,0.0004,5.8994,35.7315,12.9774,26.9645,35.6452
44.0,89.0,12.9935,41.7635,69.0679,232.9782,0.0287,-0.0001,100.2569,205.5232,48.5485,-16.0932,0.0,0.0001,2.5131,-0.0004,5.9052,35.7314,12.9812,26.9636,35.6441
45.0,91.0,12.9524,41.7142,98.7025,232.558,0.0279,-0.0001,100.2511,205.5232,48.5485,-16.0932,0.0,0.0001,2.5099,-0.0011,5.9076,35.7221,12.9399,26.9647,35.647
46.0,93.0,12.9244,41.6812,63.8572,232.7533,0.0336,-0.0001,100.2398,205.5232,48.5485,-16.0932,0.0,0.0001,2.5084,-0.0005,5.9123,35.716,12.9115,26.9657,35.6492
47.0,95.0,12.8943,41.6465,90.2316,232.9012,0.0317,-0.0001,100.2307,205.5233,48.5485,-16.0932,0.0,0.0001,2.5072,-0.0004,5.917,35.7104,12.8812,26.9675,35.6522
48.0,97.0,12.8532,41.5985,94.4675,233.1982,0.0338,-0.0001,100.2309,205.5233,48.5485,-16.0932,0.0,0.0001,2.5079,0.0005,5.9157,35.7022,12.8399,26.9695,35.6559
49.0,99.0,12.8561,41.6046,98.7033,232.9486,0.0284,-0.0001,100.2403,205.5233,48.5484,-16.0932,0.0,0.0001,2.5074,-0.0003,5.9144,35.7045,12.8426,26.9707,35.6569
50.0,101.0,12.8778,41.6342,98.695,232.8789,0.0268,-0.0001,100.2813,205.5234,48.5484,-16.0933,0.0,0.0001,2.5061,-0.0004,5.917,35.7114,12.8639,26.9717,35.6571
51.0,103.0,12.8557,41.609,98.7025,232.9503,0.0277,-0.0001,100.2751,205.5234,48.5484,-16.0933,0.0,0.0001,2.5055,-0.0002,5.9173,35.7074,12.8415,26.9732,35.6594
52.0,105.0,12.8513,41.6072,98.71,233.054,0.0244,-0.0001,100.2907,205.5234,48.5484,-16.0933,0.0,0.0001,2.5055,0.0,5.9166,35.709,12.8369,26.9753,35.6617
53.0,107.0,12.8551,41.614,79.8125,232.9523,0.0235,-0.0001,100.3161,205.5235,48.5484,-16.0933,0.0,0.0001,2.5049,-0.0005,5.9184,35.7109,12.8404,26.9761,35.6623
54.0,109.0,12.8426,41.6001,98.5541,232.8751,0.0288,-0.0001,100.3294,205.5235,48.5484,-16.0933,0.0,0.0001,2.5023,-0.0001,5.92,35.7086,12.8277,26.9769,35.6636
55.0,111.0,12.831,41.5897,93.5896,232.7742,0.0239,-0.0001,100.3544,205.5237,48.5483,-16.0933,0.0,0.0001,2.5015,-0.0002,5.9203,35.7087,12.8159,26.9793,35.6665
56.0,113.0,12.8252,41.5852,83.84,232.891,0.0239,-0.0001,100.3528,205.5238,48.5483,-16.0933,0.0,0.0001,2.5007,0.0002,5.9218,35.709,12.8097,26.9807,35.6682
57.0,115.0,12.8055,41.5625,87.9067,232.9896,0.0232,-0.0001,100.354,205.5238,48.5483,-16.0934,0.0,0.0001,2.4986,-0.0005,5.9344,35.705,12.7898,26.9817,35.6699
58.0,117.0,12.7236,41.4687,98.71,232.0508,0.0263,-0.0001,100.3529,205.5239,48.5483,-16.0934,0.0,0.0001,2.4938,-0.0024,5.937,35.6915,12.7077,26.9876,35.6792
59.0,119.0,12.7027,41.4467,91.4339,232.4628,0.0259,-0.0001,100.3569,205.5239,48.5483,-16.0934,0.0,0.0001,2.4923,-0.0005,5.9371,35.6892,12.6866,26.99,35.6825
60.0,121.0,12.6998,41.4448,89.1503,232.805,0.0259,-0.0001,100.3598,205.5239,48.5483,-16.0934,0.0,0.0001,2.493,0.0005,5.9364,35.6891,12.6833,26.9906,35.6832
61.0,123.0,12.6972,41.4428,98.71,232.4595,0.0251,-0.0001,100.3566,205.524,48.5482,-16.0934,0.0,0.0001,2.4917,-0.001,5.9392,35.689,12.6805,26.9911,35.6838
62.0,125.0,12.689,41.4342,98.695,231.9242,0.0255,-0.0001,100.3385,205.524,48.5482,-16.0934,0.0,0.0001,2.4874,-0.0017,5.9418,35.6875,12.6721,26.9916,35.6846
63.0,127.0,12.6702,41.4148,86.7537,231.8932,0.0237,-0.0001,100.3506,205.524,48.5482,-16.0934,0.0,0.0001,2.486,-0.0011,5.9393,35.6856,12.6529,26.994,35.6878
64.0,129.0,12.6614,41.4048,74.8123,232.6555,0.0198,-0.0001,100.3478,205.5241,48.5482,-16.0934,0.0,0.0001,2.4879,0.0005,5.9426,35.6835,12.6439,26.9941,35.6883
65.0,131.0,12.6673,41.4122,96.4564,232.2896,0.0214,-0.0001,100.3598,205.5241,48.5482,-16.0934,0.0,0.0001,2.4863,-0.0007,5.9442,35.6843,12.6495,26.9936,35.6876
66.0,133.0,12.6468,41.3901,98.71,232.6019,0.0232,-0.0001,100.3572,205.5241,48.5482,-16.0934,0.0,0.0001,2.4863,0.0001,5.9451,35.6815,12.6287,26.9956,35.6904
67.0,135.0,12.6378,41.3808,80.3513,232.7455,0.0249,-0.0001,100.331,205.5241,48.5482,-16.0934,0.0,0.0001,2.4867,0.0,5.9478,35.6802,12.6195,26.9964,35.6916
68.0,137.0,12.6183,41.3587,98.71,232.1943,0.0233,-0.0001,100.3393,205.5242,48.5482,-16.0934,0.0,0.0001,2.4836,-0.001,5.9484,35.6765,12.5997,26.9975,35.6935
69.0,139.0,12.6055,41.345,98.71,232.294,0.0215,-0.0001,100.325,205.5242,48.5482,-16.0935,0.0,0.0001,2.4822,-0.0005,5.9508,35.6745,12.5867,26.9985,35.695
70.0,141.0,12.5965,41.3358,88.4541,231.6515,0.0212,-0.0001,100.31,205.5242,48.5482,-16.0935,0.0,0.0001,2.4788,-0.0016,5.9502,35.6733,12.5774,26.9994,35.6963
71.0,143.0,12.5923,41.3323,78.1982,232.2015,0.0204,-0.0001,100.331,205.5243,48.5481,-16.0935,0.0,0.0001,2.4788,0.0001,5.9518,35.6729,12.5729,27.0,35.697
72.0,145.0,12.5909,41.3313,98.71,231.3807,0.0245,-0.0001,100.3107,205.5243,48.5481,-16.0935,0.0,0.0001,2.4755,-0.0016,5.9528,35.6724,12.5713,26.9999,35.6971
73.0,147.0,12.5788,41.3186,57.6573,231.6643,0.0205,-0.0001,100.2961,205.5243,48.5481,-16.0935,0.0,0.0001,2.473,-0.0002,5.9539,35.6707,12.5589,27.0011,35.6987
74.0,149.0,12.5736,41.3138,85.0888,230.7178,0.0563,-0.0001,100.288,205.5244,48.5481,-16.0935,0.0,0.0001,2.4688,-0.0021,5.9552,35.6702,12.5535,27.0018,35.6996
75.0,151.0,12.5487,41.288,91.9308,230.7918,0.0217,-0.0001,100.2646,205.5244,48.5481,-16.0935,0.0,0.0001,2.4654,-0.0008,5.9568,35.6679,12.5282,27.005,35.7038
76.0,153.0,12.5539,41.295,98.7032,230.1652,0.0226,-0.0001,100.278,205.5244,48.5481,-16.0935,0.0,0.0001,2.4628,-0.0017,5.957,35.669,12.5333,27.0048,35.7035
77.0,155.0,12.5462,41.2884,98.71,231.1464,0.0191,-0.0001,100.278,205.5245,48.5481,-16.0935,0.0,0.0001,2.4637,0.0008,5.9574,35.669,12.5253,27.0064,35.7054
78.0,157.0,12.5425,41.2859,98.525,230.5672,0.0193,-0.0001,100.2709,205.5245,48.5481,-16.0935,0.0,0.0001,2.463,-0.0009,5.9576,35.6691,12.5213,27.0073,35.7064
79.0,159.0,12.5388,41.2828,98.68,229.9302,0.0242,-0.0001,100.2651,205.5245,48.5481,-16.0935,0.0,0.0001,2.4577,-0.0017,5.9585,35.6689,12.5173,27.0079,35.7072
80.0,161.0,12.5322,41.277,98.695,229.7336,0.0223,-0.0001,100.2565,205.5246,48.5481,-16.0935,0.0,0.0001,2.4542,-0.0012,5.9583,35.6686,12.5105,27.009,35.7086
81.0,163.0,12.531,41.2785,76.8946,230.1156,0.0201,-0.0001,100.2579,205.5246,48.5481,-16.0935,0.0,0.0001,2.4542,0.0,5.9587,35.6703,12.509,27.0106,35.7102
82.0,165.0,12.5307,41.2781,87.5937,229.3603,0.0216,-0.0001,100.2448,205.5246,48.5481,-16.0935,0.0,0.0001,2.4499,-0.0021,5.9679,35.6696,12.5085,27.0102,35.7098
83.0,167.0,12.4668,41.2027,98.71,227.3478,0.0233,-0.0001,100.22,205.5247,48.548,-16.0935,0.0,0.0001,2.4365,-0.0052,5.9773,35.6562,12.4443,27.0124,35.7147
84.0,169.0,12.4177,41.1444,98.3958,227.0001,0.0237,-0.0001,100.2004,205.5247,48.548,-16.0936,0.0,0.0001,2.4322,-0.004,5.9723,35.6456,12.3951,27.0139,35.7182
85.0,171.0,12.3922,41.1173,98.695,228.1945,0.0232,-0.0001,100.1996,205.5247,48.548,-16.0936,0.0,0.0001,2.4323,-0.0001,5.975,35.6426,12.3693,27.0167,35.7221
86.0,173.0,12.423,41.154,98.69,227.8032,0.0211,-0.0001,100.2191,205.5247,48.548,-16.0936,0.0,0.0001,2.4288,-0.0015,5.9844,35.6483,12.3998,27.0151,35.7192
87.0,175.0,12.378,41.1071,62.0888,227.1603,0.024,-0.0001,100.2155,205.5248,48.548,-16.0936,0.0,0.0001,2.4255,-0.0019,5.9787,35.6445,12.3545,27.021,35.727
88.0,177.0,12.324,41.0444,93.7341,227.924,0.0221,-0.0001,100.1958,205.5248,48.548,-16.0936,0.0,0.0001,2.4243,-0.0005,5.9928,35.6341,12.3003,27.0235,35.7317
89.0,179.0,12.3106,41.0281,98.71,228.9874,0.0251,-0.0001,100.1854,205.5248,48.548,-16.0936,0.0,0.0001,2.427,0.0016,5.9974,35.6302,12.2867,27.0232,35.732
90.0,181.0,12.2402,40.9456,73.5679,229.5385,0.0257,-0.0001,100.1704,205.5249,48.548,-16.0936,0.0,0.0001,2.4303,0.0006,6.0062,35.6161,12.2162,27.026,35.7377
91.0,183.0,12.1909,40.886,86.1389,230.4693,0.026,-0.0001,100.1709,205.5249,48.548,-16.0936,0.0,0.0001,2.4344,0.0021,6.0072,35.6042,12.1666,27.0264,35.7402
92.0,185.0,12.1659,40.8619,98.71,231.0761,0.0243,-0.0001,100.1526,205.5249,48.548,-16.0936,0.0,0.0001,2.4396,0.0018,6.0091,35.6036,12.1414,27.0308,35.7457
93.0,187.0,12.136,40.8289,98.71,231.2298,0.0232,-0.0001,100.1598,205.525,48.5479,-16.0936,0.0,0.0001,2.4414,0.0007,6.0138,35.599,12.1112,27.0331,35.7492
94.0,189.0,12.1196,40.8105,67.959,231.3129,0.0247,-0.0001,100.1577,205.525,48.5479,-16.0936,0.0,0.0001,2.4419,0.0004,6.015,35.5958,12.0947,27.0338,35.7506
95.0,191.0,12.1067,40.7961,98.7,231.3723,0.0261,-0.0001,100.1577,205.525,48.5479,-16.0936,0.0,0.0001,2.4425,0.0001,6.0143,35.5932,12.0815,27.0343,35.7516
96.0,193.0,12.0912,40.7795,60.6787,231.8175,0.025,-0.0001,100.154,205.525,48.5479,-16.0936,0.0,0.0001,2.4433,0.0005,6.0202,35.5908,12.0658,27.0355,35.7535
97.0,195.0,12.0684,40.7556,98.695,232.6223,0.0227,-0.0001,100.1538,205.5251,48.5479,-16.0937,0.0,0.0001,2.4479,0.0016,6.0169,35.5883,12.0428,27.038,35.757
98.0,197.0,12.0822,40.7734,83.6967,231.1107,0.0209,-0.0001,100.1482,205.5251,48.5479,-16.0937,0.0,0.0001,2.4436,-0.0021,6.0164,35.5919,12.0563,27.0382,35.7566
99.0,199.0,12.1217,40.8237,98.7,230.6213,0.0235,-0.0001,100.1569,205.5251,48.5479,-16.0937,0.0,0.0001,2.4391,-0.0017,6.0143,35.6023,12.0954,27.0387,35.7554
100.0,201.0,12.1265,40.8301,98.6945,229.2977,0.0197,-0.0001,100.1546,205.5252,48.5479,-16.0937,0.0,0.0001,2.4323,-0.0031,6.0056,35.6031,12.1,27.0384,35.7549
101.0,203.0,12.1766,40.895,98.7,228.2253,0.0214,-0.0001,100.1802,205.5252,48.5479,-16.0937,0.0,0.0001,2.4225,-0.0032,6.0088,35.6178,12.1497,27.0402,35.7545
102.0,205.0,12.1623,40.8804,82.036,228.8675,0.0206,-0.0001,100.1673,205.5252,48.5479,-16.0937,0.0,0.0001,2.4219,-0.0006,6.0078,35.6163,12.1351,27.0419,35.7568
103.0,207.0,12.1564,40.8729,98.695,229.2275,0.0186,-0.0001,100.1716,205.5253,48.5479,-16.0937,0.0,0.0001,2.421,0.0001,6.0126,35.6137,12.129,27.0411,35.7563
104.0,209.0,12.1398,40.8566,98.695,229.469,0.0221,-0.0001,100.168,205.5253,48.5478,-16.0937,0.0,0.0001,2.4205,0.0002,6.0174,35.6128,12.1122,27.0436,35.7595
105.0,211.0,12.104,40.8145,98.71,228.117,0.0232,-0.0001,100.1688,205.5253,48.5478,-16.0937,0.0,0.0001,2.4174,-0.0025,6.0136,35.605,12.0762,27.0445,35.7619
106.0,213.0,12.0994,40.8115,83.9924,227.5676,0.0227,-0.0001,100.1699,205.5254,48.5478,-16.0937,0.0,0.0001,2.4096,-0.0022,6.0208,35.6055,12.0713,27.0459,35.7635
107.0,215.0,12.0504,40.7539,95.1078,226.7842,0.0208,-0.0001,100.1448,205.5254,48.5478,-16.0937,0.0,0.0001,2.4011,-0.0024,6.024,35.595,12.022,27.0472,35.7669
108.0,217.0,12.0236,40.724,98.7025,228.209,0.022,-0.0001,100.1501,205.5254,48.5478,-16.0937,0.0,0.0001,2.4042,0.0017,6.0247,35.5905,11.9951,27.0489,35.7697
109.0,219.0,12.0316,40.735,89.7346,228.3915,0.0241,-0.0001,100.1516,205.5254,48.5478,-16.0937,0.0,0.0001,2.4061,0.0009,6.0252,35.5928,12.0027,27.0492,35.7697
110.0,221.0,12.0307,40.7386,98.71,228.7417,0.0225,-0.0001,100.1642,205.5255,48.5478,-16.0937,0.0,0.0001,2.4073,0.0007,6.0273,35.5963,12.0016,27.0522,35.7726
111.0,223.0,12.0177,40.7253,98.71,227.5931,0.024,-0.0001,100.1577,205.5255,48.5478,-16.0938,0.0,0.0001,2.4048,-0.002,6.027,35.5948,11.9883,27.0535,35.7745
112.0,225.0,12.0076,40.7151,98.695,228.6505,0.0224,-0.0001,100.1543,205.5255,48.5478,-16.0938,0.0,0.0001,2.4066,0.0009,6.0269,35.5935,11.978,27.0545,35.776
113.0,227.0,12.0135,40.7226,86.2764,228.2855,0.0214,-0.0001,100.1481,205.5256,48.5478,-16.0938,0.0,0.0001,2.4056,-0.0005,6.0303,35.5946,11.9837,27.0543,35.7755
114.0,229.0,11.99,40.6982,98.6912,226.8468,0.0193,-0.0001,100.1577,205.5256,48.5477,-16.0938,0.0,0.0001,2.3986,-0.003,6.032,35.5922,11.9599,27.057,35.7792
115.0,231.0,11.9801,40.6879,98.6173,225.9106,0.0224,-0.0001,100.1653,205.5256,48.5477,-16.0938,0.0,0.0001,2.3911,-0.0035,6.0312,35.5909,11.9498,27.0579,35.7805
116.0,233.0,11.9715,40.6795,98.697,225.5828,0.0219,-0.0001,100.1538,205.5257,48.5477,-16.0938,0.0,0.0001,2.3839,-0.002,6.0338,35.5897,11.941,27.0587,35.7816
117.0,235.0,11.9649,40.673,83.01,223.6724,0.0216,-0.0001,100.1476,205.5257,48.5477,-16.0938,0.0,0.0001,2.3727,-0.005,6.0363,35.5888,11.9341,27.0593,35.7825
118.0,237.0,11.9432,40.65,85.9902,224.911,0.0184,-0.0001,100.146,205.5257,48.5477,-16.0938,0.0,0.0001,2.3715,-0.0004,6.0397,35.5861,11.9122,27.0614,35.7856
119.0,239.0,11.9182,40.6228,95.1131,228.489,0.0198,-0.0001,100.1288,205.5258,48.5477,-16.0938,0.0,0.0001,2.3855,0.0064,6.0397,35.5826,11.8869,27.0635,35.7887
120.0,241.0,11.9195,40.6253,98.5083,227.8687,0.0229,0.0,100.1158,205.5258,48.5477,-16.0938,0.0,0.0001,2.3903,0.0018,6.0397,35.5828,11.888,27.0635,35.7886
121.0,243.0,11.9183,40.625,98.7003,227.8553,0.0271,0.0,100.1228,205.5258,48.5477,-16.0938,0.0,0.0001,2.3927,0.0006,6.0405,35.5828,11.8866,27.0638,35.789
122.0,245.0,11.9127,40.6183,98.7081,229.1793,0.0237,0.0,100.0911,205.5258,48.5477,-16.0938,0.0,0.0001,2.3976,0.0023,6.0446,35.5808,11.8806,27.0633,35.7888
123.0,247.0,11.8785,40.5797,59.8808,234.0607,0.022,0.0,100.0636,205.5259,48.5477,-16.0939,0.0,0.0001,2.4193,0.0099,6.0444,35.5745,11.8461,27.065,35.7919
124.0,249.0,11.8689,40.57,98.6875,234.3994,0.0232,0.0,100.0368,205.5259,48.5477,-16.0939,0.0,0.0001,2.4313,0.0063,6.0435,35.5734,11.8363,27.066,35.7933
125.0,251.0,11.8802,40.5838,93.3523,232.1557,0.0261,0.0,100.0504,205.5259,48.5477,-16.0939,0.0,0.0001,2.4269,-0.0009,6.0528,35.5754,11.8475,27.0655,35.7923
126.0,253.0,11.8222,40.5172,98.7004,232.8349,0.026,0.0,100.0657,205.526,48.5476,-16.0939,0.0,0.0001,2.4286,0.0001,6.0536,35.5646,11.7892,27.0682,35.7975
127.0,255.0,11.7996,40.4939,80.2545,232.9793,0.0225,0.0,100.0502,205.526,48.5476,-16.0939,0.0,0.0001,2.4293,0.0003,6.055,35.5621,11.7664,27.0706,35.8009
128.0,257.0,11.8067,40.5021,98.695,233.059,0.0217,0.0,100.0511,205.526,48.5476,-16.0939,0.0,0.0001,2.4294,0.0,6.057,35.5627,11.7733,27.0697,35.7997
129.0,259.0,11.7875,40.4832,98.71,233.0709,0.0215,0.0,100.0422,205.5261,48.5476,-16.0939,0.0,0.0001,2.429,0.0,6.0577,35.5615,11.7538,27.0725,35.8033
130.0,261.0,11.785,40.4834,98.6937,232.9182,0.0221,0.0,100.0371,205.5261,48.5476,-16.0939,0.0,0.0001,2.4283,-0.0005,6.0599,35.5634,11.7511,27.0745,35.8053
131.0,263.0,11.7665,40.4658,68.4225,232.4654,0.023,0.0,100.0422,205.5261,48.5476,-16.0939,0.0,0.0001,2.4249,-0.0012,6.0618,35.5629,11.7323,27.0777,35.8093
132.0,265.0,11.7588,40.4599,96.7385,232.5067,0.0226,0.0,100.0539,205.5262,48.5476,-16.0939,0.0,0.0001,2.4238,-0.0007,6.0613,35.5635,11.7244,27.0796,35.8116
133.0,267.0,11.7439,40.443,98.71,232.1571,0.0253,0.0,100.0691,205.5262,48.5476,-16.0939,0.0,0.0001,2.4204,-0.0011,6.0645,35.5603,11.7092,27.0801,35.8126
134.0,269.0,11.7461,40.4465,98.7002,231.8742,0.0208,0.0,100.0545,205.5262,48.5476,-16.0939,0.0,0.0001,2.4172,-0.0012,6.0647,35.561,11.7112,27.0802,35.8126
135.0,271.0,11.7291,40.4343,84.8021,233.2948,0.0231,0.0,100.0399,205.5262,48.5476,-16.094,0.0,0.0001,2.4218,0.0018,6.0644,35.564,11.694,27.0858,35.8189
136.0,273.0,11.732,40.4393,91.4415,233.4012,0.021,0.0,100.0348,205.5263,48.5476,-16.094,0.0,0.0001,2.4242,0.0009,6.0632,35.5653,11.6966,27.0863,35.8193
137.0,275.0,11.7388,40.4496,98.695,234.1201,0.02,0.0,100.0177,205.5263,48.5476,-16.094,0.0,0.0001,2.4289,0.0014,6.0632,35.5679,11.703,27.0871,35.8198
138.0,277.0,11.7397,40.4521,98.7025,233.9964,0.021,0.0,100.0018,205.5263,48.5475,-16.094,0.0,0.0001,2.4298,0.0002,6.0644,35.5688,11.7037,27.0877,35.8203
139.0,279.0,11.7339,40.4466,98.71,234.5065,0.0209,0.0,100.0133,205.5264,48.5475,-16.094,0.0,0.0001,2.4321,0.001,6.0647,35.5681,11.6977,27.0883,35.8212
140.0,281.0,11.7289,40.4417,98.7006,234.7595,0.0285,0.0,100.0133,205.5264,48.5475,-16.094,0.0,0.0001,2.4338,0.0008,6.0644,35.5672,11.6924,27.0886,35.8218
141.0,283.0,11.7303,40.4457,98.7025,235.1668,0.0286,0.0,100.0133,205.5264,48.5475,-16.094,0.0,0.0001,2.4361,0.001,6.0647,35.5688,11.6936,27.0897,35.8227
142.0,285.0,11.7284,40.445,98.7086,235.449,0.0256,0.0,99.9989,205.5265,48.5475,-16.094,0.0,0.0001,2.4384,0.0008,6.0656,35.5691,11.6914,27.0903,35.8234
143.0,287.0,11.7234,40.4394,82.7009,235.264,0.0237,0.0,100.0133,205.5265,48.5475,-16.094,0.0,0.0001,2.4382,-0.0002,6.0667,35.5675,11.6862,27.09,35.8234
144.0,289.0,11.7149,40.4314,91.8228,235.5203,0.0215,0.0,99.9845,205.5265,48.5475,-16.094,0.0,0.0001,2.4386,0.0003,6.0669,35.5668,11.6775,27.0911,35.8249
145.0,291.0,11.711,40.4287,98.71,236.1172,0.024,0.0,99.9791,205.5265,48.5475,-16.0941,0.0,0.0001,2.4413,0.001,6.0667,35.5671,11.6732,27.0922,35.8261
146.0,293.0,11.7122,40.4328,98.6987,236.3752,0.0231,0.0,99.9989,205.5266,48.5475,-16.0941,0.0,0.0001,2.4432,0.0009,6.0666,35.5689,11.6742,27.0934,35.8272
147.0,295.0,11.7128,40.4342,86.1608,236.0545,0.0217,0.0,99.9776,205.5266,48.5475,-16.0941,0.0,0.0001,2.4432,-0.0002,6.0666,35.569,11.6745,27.0933,35.8272
148.0,297.0,11.7147,40.4378,98.71,235.3198,0.0226,0.0,99.9725,205.5266,48.5474,-16.0941,0.0,0.0001,2.4401,-0.0017,6.068,35.5699,11.6761,27.0938,35.8275
149.0,299.0,11.7062,40.4327,98.71,235.1584,0.024,0.0,99.9812,205.5266,48.5474,-16.0941,0.0,0.0001,2.4365,-0.0013,6.0684,35.572,11.6674,27.0971,35.8311
150.0,301.0,11.6961,40.4225,98.695,235.6992,0.0218,0.0,99.9742,205.5267,48.5474,-16.0941,0.0,0.0001,2.437,0.0003,6.0677,35.5707,11.657,27.098,35.8325
151.0,303.0,11.7037,40.4337,89.1546,234.6752,0.0214,0.0,99.9831,205.5267,48.5474,-16.0941,0.0,0.0001,2.4334,-0.0018,6.0667,35.5737,11.6643,27.099,35.8331
152.0,305.0,11.7116,40.4473,98.507,233.0029,0.019,0.0,99.9556,205.5267,48.5474,-16.0941,0.0,0.0001,2.4245,-0.004,6.0678,35.5785,11.6719,27.1013,35.8351
153.0,307.0,11.7042,40.4412,98.708,232.7281,0.0178,0.0,99.9845,205.5268,48.5474,-16.0941,0.0,0.0001,2.4197,-0.0032,6.0673,35.5787,11.6644,27.1029,35.837
154.0,309.0,11.6991,40.4362,98.695,233.4829,0.0251,0.0,99.9611,205.5268,48.5474,-16.0941,0.0,0.0001,2.4197,-0.0005,6.0682,35.578,11.659,27.1033,35.8376
155.0,311.0,11.7016,40.4382,86.8659,233.5944,0.0244,0.0,99.9416,205.5268,48.5474,-16.0941,0.0,0.0001,2.4178,-0.0005,6.0718,35.5768,11.6613,27.102,35.8362
156.0,313.0,11.6698,40.4034,88.9547,233.4251,0.0233,0.0,99.9496,205.5268,48.5474,-16.0941,0.0,0.0001,2.4165,-0.0006,6.0709,35.5721,11.6293,27.1043,35.8399
157.0,315.0,11.6771,40.415,84.2893,233.0662,0.0253,0.0,99.9556,205.5269,48.5474,-16.0941,0.0,0.0001,2.4151,-0.0012,6.0711,35.5755,11.6363,27.1057,35.8409
158.0,317.0,11.6753,40.415,98.695,233.0068,0.0219,0.0,99.9475,205.5269,48.5474,-16.0941,0.0,0.0001,2.4139,-0.0007,6.0709,35.5763,11.6342,27.1067,35.842
159.0,319.0,11.6761,40.4161,98.3605,233.2732,0.0227,0.0,99.9535,205.5269,48.5474,-16.0942,0.0,0.0001,2.4126,-0.0001,6.072,35.5759,11.6348,27.1062,35.8415
160.0,321.0,11.6692,40.4127,98.707,232.2157,0.0228,0.0,99.9479,205.527,48.5473,-16.0942,0.0,0.0001,2.4081,-0.0022,6.0724,35.5781,11.6276,27.1094,35.8449
161.0,323.0,11.6643,40.4095,98.71,232.6414,0.0228,0.0,99.9473,205.527,48.5473,-16.0942,0.0,0.0001,2.4078,-0.0006,6.072,35.5788,11.6225,27.1108,35.8466
162.0,325.0,11.6591,40.404,84.5909,232.7885,0.0218,0.0,99.9397,205.527,48.5473,-16.0942,0.0,0.0001,2.4068,-0.0003,6.0757,35.5775,11.617,27.1109,35.8469
163.0,327.0,11.6419,40.3887,90.8156,232.7879,0.0191,0.0,99.9332,205.527,48.5473,-16.0942,0.0,0.0001,2.4056,-0.0003,6.0777,35.5779,11.5995,27.1145,35.8512
164.0,329.0,11.6274,40.3728,98.6982,233.4833,0.0204,0.0,99.9251,205.5271,48.5473,-16.0942,0.0,0.0001,2.4072,0.0008,6.0814,35.5752,11.5849,27.1151,35.8524
165.0,331.0,11.6042,40.3465,98.6955,233.2603,0.0206,0.0,99.9326,205.5271,48.5473,-16.0942,0.0,0.0001,2.4069,-0.0005,6.0853,35.5708,11.5614,27.1162,35.8545
166.0,333.0,11.5826,40.3222,98.629,232.4024,0.0184,0.0,99.9365,205.5271,48.5473,-16.0942,0.0,0.0001,2.4033,-0.0019,6.0846,35.5666,11.5397,27.117,35.8562
167.0,335.0,11.5537,40.2906,76.4415,231.9695,0.0212,0.0,99.9556,205.5271,48.5473,-16.0942,0.0,0.0001,2.3991,-0.0019,6.0859,35.5622,11.5105,27.119,35.8595
168.0,337.0,11.5675,40.3064,93.7438,231.8858,0.0218,0.0,99.947,205.5272,48.5473,-16.0942,0.0,0.0001,2.3962,-0.0016,6.0891,35.5639,11.5241,27.1178,35.8577
169.0,339.0,11.5416,40.2783,98.71,230.5923,0.0234,0.0,99.9556,205.5272,48.5473,-16.0942,0.0,0.0001,2.3935,-0.0033,6.0907,35.56,11.498,27.1197,35.8607
170.0,341.0,11.5377,40.2789,98.6975,232.05,0.0228,0.0,99.9508,205.5272,48.5472,-16.0942,0.0,0.0001,2.3908,0.0006,6.0901,35.5635,11.4939,27.1232,35.8643
171.0,343.0,11.5255,40.2684,98.7047,233.065,0.0202,0.0,99.9353,205.5273,48.5472,-16.0942,0.0,0.0001,2.3948,0.0018,6.0897,35.5638,11.4813,27.1257,35.8674
172.0,345.0,11.5385,40.2806,87.2627,232.4456,0.0235,0.0,99.9375,205.5273,48.5472,-16.0943,0.0,0.0001,2.3956,-0.0006,6.0916,35.5628,11.4941,27.1226,35.8637
173.0,347.0,11.5206,40.2649,98.695,232.2273,0.0209,0.0,99.928,205.5273,48.5472,-16.0943,0.0,0.0001,2.3932,-0.0007,6.0919,35.5635,11.476,27.1265,35.8683
174.0,349.0,11.52,40.2654,98.6935,232.4039,0.0188,0.0,99.9329,205.5273,48.5472,-16.0943,0.0,0.0001,2.3932,-0.0001,6.0916,35.5635,11.4751,27.1267,35.8686
175.0,351.0,11.5208,40.2668,98.7067,232.366,0.0216,0.0,99.9272,205.5274,48.5472,-16.0943,0.0,0.0001,2.3926,-0.0002,6.0928,35.563,11.4756,27.1262,35.8681
176.0,353.0,11.5226,40.2694,80.1592,231.4534,0.0218,0.0,99.9247,205.5274,48.5472,-16.0943,0.0,0.0001,2.3871,-0.0022,6.0982,35.5633,11.4772,27.1261,35.8679
177.0,355.0,11.4868,40.2284,98.7482,228.4733,0.0218,0.0,99.9281,205.5274,48.5472,-16.0943,0.0,0.0001,2.3725,-0.0067,6.0994,35.5563,11.4412,27.1274,35.8707
178.0,357.0,11.4586,40.1973,93.7825,226.0804,0.0208,0.0,99.925,205.5274,48.5472,-16.0943,0.0,0.0001,2.3605,-0.0091,6.097,35.5517,11.4128,27.1291,35.8736
179.0,359.0,11.4614,40.2022,98.236,227.6544,0.02,0.0,99.8789,205.5275,48.5472,-16.0943,0.0,0.0001,2.3555,-0.0027,6.1035,35.5529,11.4154,27.1296,35.874
180.0,361.0,11.4478,40.1874,98.7025,226.3084,0.0212,0.0,99.9301,205.5275,48.5472,-16.0943,0.0,0.0001,2.3443,-0.0034,6.1067,35.5505,11.4015,27.1303,35.8753
181.0,363.0,11.4131,40.148,74.0358,228.2478,0.0196,0.0,99.9233,205.5275,48.5471,-16.0943,0.0,0.0001,2.3471,0.0016,6.1085,35.5437,11.3666,27.1315,35.8781
182.0,365.0,11.402,40.1367,91.8979,231.3462,0.0249,0.0,99.9085,205.5276,48.5471,-16.0943,0.0,0.0001,2.3597,0.0063,6.1074,35.5422,11.3553,27.1325,35.8795
183.0,367.0,11.3934,40.1279,98.7503,231.3069,0.0199,0.0,99.8777,205.5276,48.5471,-16.0943,0.0,0.0001,2.3662,0.0033,6.1091,35.541,11.3464,27.1332,35.8805
184.0,369.0,11.3974,40.133,98.705,231.416,0.0198,0.0001,99.8605,205.5276,48.5471,-16.0943,0.0,0.0001,2.3705,0.002,6.1102,35.5416,11.3502,27.1329,35.8801
185.0,371.0,11.3888,40.124,98.6987,233.5205,0.0229,0.0,99.8945,205.5276,48.5471,-16.0943,0.0,0.0001,2.381,0.0042,6.1107,35.54,11.3414,27.1334,35.8809
186.0,373.0,11.3826,40.1187,98.705,233.7937,0.0218,0.0,99.8978,205.5277,48.5471,-16.0943,0.0,0.0001,2.3874,0.0027,6.1076,35.5397,11.3349,27.1343,35.8822
187.0,375.0,11.4001,40.1451,98.7091,234.3755,0.022,0.0001,99.8607,205.5277,48.5471,-16.0944,0.0,0.0001,2.3925,0.0023,6.1063,35.548,11.3521,27.1376,35.8846
188.0,377.0,11.4127,40.162,98.6932,234.5358,0.021,0.0001,99.8744,205.5277,48.5471,-16.0943,0.0,0.0001,2.3959,0.0013,6.1076,35.5519,11.3644,27.1383,35.8848
189.0,379.0,11.4055,40.1539,84.7623,234.6243,0.023,0.0,99.9037,205.5278,48.5471,-16.0944,0.0,0.0001,2.398,0.0006,6.1089,35.55,11.357,27.1383,35.8851
190.0,381.0,11.3935,40.1412,98.9196,233.9872,0.0213,0.0,99.9114,205.5278,48.5471,-16.0944,0.0,0.0001,2.3956,-0.0011,6.1105,35.548,11.3448,27.1389,35.8863
191.0,383.0,11.3855,40.1323,96.1494,233.6418,0.0231,0.0,99.8934,205.5278,48.5471,-16.0944,0.0,0.0001,2.3928,-0.0015,6.113,35.5461,11.3366,27.139,35.8866
192.0,385.0,11.3636,40.1098,98.6925,233.6321,0.0181,0.0,99.9076,205.5278,48.5471,-16.0944,0.0,0.0001,2.3897,-0.0006,6.1124,35.5438,11.3144,27.1413,35.8899
193.0,387.0,11.3652,40.1126,98.5757,234.0938,0.0197,0.0,99.9065,205.5279,48.5471,-16.0944,0.0,0.0001,2.3909,0.0004,6.1122,35.5443,11.3158,27.1414,35.89
194.0,389.0,11.367,40.1158,98.695,234.6794,0.0275,0.0,99.91,205.5279,48.547,-16.0944,0.0,0.0001,2.3933,0.0012,6.1122,35.5449,11.3173,27.1416,35.8901
195.0,391.0,11.3713,40.1212,89.0246,234.4364,0.0268,0.0,99.8643,205.5279,48.547,-16.0944,0.0,0.0001,2.3934,0.0002,6.112,35.5452,11.3214,27.1411,35.8894
196.0,393.0,11.3703,40.1217,80.8685,234.0574,0.0234,0.0,99.9073,205.528,48.547,-16.0944,0.0,0.0001,2.3924,-0.0009,6.1114,35.5456,11.32,27.1417,35.89
197.0,395.0,11.3707,40.1236,96.213,234.7474,0.0228,0.0,99.9086,205.528,48.547,-16.0944,0.0,0.0001,2.3935,0.0009,6.1118,35.5463,11.3202,27.1422,35.8905
198.0,397.0,11.3732,40.1268,97.6138,234.391,0.0206,0.0,99.9018,205.528,48.547,-16.0944,0.0,0.0001,2.3933,0.0002,6.1064,35.5462,11.3224,27.1417,35.89
199.0,399.0,11.4147,40.1844,98.4435,235.1101,0.022,0.0,99.8978,205.528,48.547,-16.0944,0.0,0.0001,2.3981,0.0022,6.0882,35.5625,11.3636,27.1467,35.8931
200.0,401.0,11.536,40.3343,98.695,235.5392,0.0269,0.0001,99.8401,205.5281,48.547,-16.0944,0.0,0.0001,2.4017,0.0015,6.0941,35.5932,11.4843,27.1481,35.8892
201.0,403.0,11.5397,40.3393,98.6894,234.9733,0.0237,0.0001,99.8401,205.5281,48.547,-16.0944,0.0,0.0001,2.4009,0.0,6.0928,35.5937,11.4876,27.1478,35.8887
202.0,405.0,11.5097,40.3022,86.862,234.9853,0.0234,0.0001,99.8283,205.5281,48.547,-16.0944,0.0,0.0001,2.4009,-0.0002,6.0893,35.5852,11.4575,27.1469,35.8891
203.0,407.0,11.5336,40.3343,98.71,233.9847,0.0228,0.0001,99.8401,205.5282,48.547,-16.0944,0.0,0.0001,2.3973,-0.0021,6.0901,35.593,11.4811,27.1485,35.8897
204.0,409.0,11.5266,40.3277,94.1514,234.0972,0.0242,0.0001,99.8256,205.5282,48.547,-16.0944,0.0,0.0001,2.3957,-0.0012,6.0901,35.5924,11.4738,27.1494,35.8909
205.0,411.0,11.5251,40.327,98.6883,234.2938,0.0246,0.0001,99.8202,205.5282,48.547,-16.0944,0.0,0.0001,2.3948,-0.0004,6.0904,35.5922,11.472,27.1496,35.8912
206.0,413.0,11.5226,40.3255,85.1391,234.4507,0.024,0.0001,99.8223,205.5282,48.547,-16.0944,0.0,0.0001,2.3949,0.0,6.091,35.5922,11.4693,27.1501,35.8918
207.0,415.0,11.52,40.3243,89.4403,234.7273,0.0203,0.0001,99.8234,205.5283,48.5469,-16.0944,0.0,0.0001,2.3951,0.0002,6.0937,35.5925,11.4665,27.1508,35.8927
208.0,417.0,11.5044,40.3078,88.0255,235.0896,0.0241,0.0001,99.8236,205.5283,48.5469,-16.0944,0.0,0.0001,2.3953,0.0006,6.0947,35.5903,11.4506,27.1521,35.8946
209.0,419.0,11.4907,40.292,98.71,235.5017,0.0206,0.0001,99.7965,205.5283,48.5469,-16.0944,0.0,0.0001,2.3984,0.0009,6.0946,35.5871,11.4367,27.1522,35.8953
210.0,421.0,11.4822,40.2828,98.71,235.5317,0.0245,0.0001,99.7878,205.5283,48.5469,-16.0944,0.0,0.0001,2.3991,0.0002,6.0973,35.5853,11.428,27.1525,35.8959
211.0,423.0,11.4823,40.2839,98.71,235.2716,0.0263,0.0001,99.7989,205.5284,48.5469,-16.0944,0.0,0.0001,2.398,-0.0008,6.0999,35.5854,11.4278,27.1525,35.896
212.0,425.0,11.4638,40.2624,98.71,235.9202,0.024,0.0001,99.8069,205.5284,48.5469,-16.0944,0.0,0.0001,2.3989,0.0008,6.0982,35.581,11.4092,27.1527,35.8969
213.0,427.0,11.4619,40.2622,92.3649,235.8141,0.025,0.0001,99.7783,205.5284,48.5469,-16.0944,0.0,0.0001,2.3992,0.0001,6.0978,35.5817,11.407,27.1535,35.8979
214.0,429.0,11.4673,40.2725,98.6986,235.6685,0.0228,0.0001,99.7824,205.5285,48.5469,-16.0944,0.0,0.0001,2.3992,-0.0003,6.098,35.5857,11.412,27.1558,35.8999
215.0,431.0,11.4686,40.2759,98.71,235.9415,0.0209,0.0001,99.7884,205.5285,48.5469,-16.0944,0.0,0.0001,2.3993,0.0004,6.0978,35.5871,11.4131,27.1566,35.9007
216.0,433.0,11.4642,40.2729,98.7006,235.9694,0.0236,0.0001,99.7761,205.5285,48.5469,-16.0944,0.0,0.0001,2.3993,0.0002,6.0979,35.5876,11.4085,27.1579,35.9021
217.0,435.0,11.4658,40.276,82.9586,235.6921,0.0269,0.0001,99.7705,205.5285,48.5469,-16.0944,0.0,0.0001,2.3986,-0.0004,6.0975,35.5882,11.4098,27.1581,35.9023
218.0,437.0,11.4686,40.283,96.028,236.0323,0.0255,0.0001,99.7554,205.5286,48.5469,-16.0944,0.0,0.0001,2.3993,0.0002,6.0973,35.5914,11.4123,27.1601,35.9041
219.0,439.0,11.4687,40.2838,98.6691,235.9671,0.0245,0.0001,99.7824,205.5286,48.5468,-16.0944,0.0,0.0001,2.3989,0.0,6.0969,35.5915,11.4121,27.1602,35.9042
220.0,441.0,11.4703,40.2875,98.6941,235.9734,0.0259,0.0001,99.7824,205.5286,48.5468,-16.0944,0.0,0.0001,2.3988,-0.0001,6.0971,35.5926,11.4136,27.1609,35.9048
221.0,443.0,11.4734,40.2913,91.9247,236.1678,0.0238,0.0001,99.7484,205.5286,48.5468,-16.0944,0.0,0.0001,2.3993,0.0002,6.0961,35.5924,11.4163,27.1601,35.9039
222.0,445.0,11.4769,40.2977,98.6943,235.7893,0.0207,0.0001,99.7586,205.5287,48.5468,-16.0944,0.0,0.0001,2.3981,-0.0009,6.0966,35.5945,11.4195,27.1612,35.9049
223.0,447.0,11.4783,40.3012,98.71,236.1399,0.0198,0.0001,99.8002,205.5287,48.5468,-16.0944,0.0,0.0001,2.398,0.0001,6.0964,35.5959,11.4207,27.162,35.9056
224.0,449.0,11.4724,40.2958,98.6847,236.5912,0.0204,0.0001,99.7969,205.5287,48.5468,-16.0944,0.0,0.0001,2.3996,0.0008,6.0966,35.5952,11.4145,27.1627,35.9066
225.0,451.0,11.476,40.3,88.1803,236.3005,0.0239,0.0001,99.7774,205.5288,48.5468,-16.0944,0.0,0.0001,2.3993,-0.0004,6.0982,35.5951,11.4179,27.162,35.9057
226.0,453.0,11.4657,40.2901,92.6537,235.704,0.0244,0.0001,99.7899,205.5288,48.5468,-16.0944,0.0,0.0001,2.3956,-0.0015,6.1005,35.5944,11.4073,27.1634,35.9075
227.0,455.0,11.4519,40.2756,98.7006,235.5979,0.0261,0.0001,99.7913,205.5288,48.5468,-16.0944,0.0,0.0001,2.3939,-0.0011,6.0997,35.5923,11.3933,27.1644,35.9091
228.0,457.0,11.4337,40.2557,64.375,235.6023,0.0222,0.0001,99.798,205.5288,48.5468,-16.0944,0.0,0.0001,2.392,-0.0007,6.1027,35.5891,11.3749,27.1653,35.9108
229.0,459.0,11.433,40.2556,93.5943,235.2358,0.0223,0.0001,99.7824,205.5289,48.5468,-16.0944,0.0,0.0001,2.3892,-0.0011,6.103,35.5889,11.3739,27.1654,35.9109
230.0,461.0,11.4276,40.2506,98.7037,235.2185,0.0231,0.0001,99.7733,205.5289,48.5468,-16.0944,0.0,0.0001,2.3868,-0.0007,6.1058,35.5881,11.3683,27.1658,35.9116
231.0,463.0,11.4236,40.2465,98.71,235.1246,0.0224,0.0001,99.7535,205.5289,48.5468,-16.0944,0.0,0.0001,2.3855,-0.001,6.1091,35.5872,11.3641,27.1659,35.9119
232.0,465.0,11.3916,40.2094,98.7035,235.1736,0.0217,0.0001,99.7716,205.5289,48.5467,-16.0944,0.0,0.0001,2.384,-0.0005,6.1086,35.5804,11.3319,27.1665,35.9139
233.0,467.0,11.3732,40.1894,98.6176,234.5673,0.021,0.0001,99.737,205.529,48.5467,-16.0944,0.0,0.0001,2.3804,-0.0018,6.117,35.5774,11.3133,27.1677,35.9159
234.0,469.0,11.3287,40.1385,98.7006,233.8198,0.0202,0.0001,99.7669,205.529,48.5467,-16.0944,0.0,0.0001,2.3745,-0.0022,6.118,35.5688,11.2686,27.1693,35.9194
235.0,471.0,11.3176,40.1267,98.71,234.2371,0.0208,0.0001,99.7708,205.529,48.5467,-16.0944,0.0,0.0001,2.3733,-0.0007,6.1191,35.5668,11.2574,27.1698,35.9204
236.0,473.0,11.3129,40.122,86.3444,234.0058,0.023,0.0001,99.7631,205.5291,48.5467,-16.0944,0.0,0.0001,2.3709,-0.0008,6.1203,35.566,11.2524,27.1701,35.9209
237.0,475.0,11.3058,40.1144,98.7943,233.7835,0.019,0.0001,99.7641,205.5291,48.5467,-16.0944,0.0,0.0001,2.3684,-0.0011,6.1219,35.5643,11.2451,27.1701,35.9213
238.0,477.0,11.2936,40.1015,93.4323,233.3821,0.0185,0.0001,99.7244,205.5291,48.5467,-16.0944,0.0,0.0001,2.3658,-0.0014,6.123,35.5623,11.2327,27.1709,35.9225
239.0,479.0,11.2851,40.0925,98.71,233.4557,0.0261,0.0001,99.7496,205.5291,48.5467,-16.0944,0.0,0.0001,2.3642,-0.0007,6.1228,35.5607,11.224,27.1712,35.9233
240.0,481.0,11.2786,40.0864,98.5782,233.4354,0.0231,0.0001,99.7787,205.5292,48.5467,-16.0944,0.0,0.0001,2.3626,-0.0006,6.1245,35.5601,11.2172,27.172,35.9243
241.0,483.0,11.2725,40.0803,98.705,233.1389,0.0201,0.0001,99.7434,205.5292,48.5467,-16.0944,0.0,0.0001,2.3605,-0.001,6.1266,35.559,11.2109,27.1723,35.9249
242.0,485.0,11.2623,40.07,98.71,232.8188,0.0199,0.0001,99.7761,205.5292,48.5467,-16.0944,0.0,0.0001,2.3597,-0.0012,6.1264,35.5576,11.2004,27.1732,35.9262
243.0,487.0,11.2526,40.0592,88.0715,233.4026,0.0222,0.0001,99.7824,205.5292,48.5467,-16.0944,0.0,0.0001,2.359,0.0002,6.1264,35.5553,11.1905,27.1732,35.9267
244.0,489.0,11.2529,40.0611,77.4331,232.9324,0.0249,0.0001,99.7593,205.5293,48.5467,-16.0944,0.0,0.0001,2.357,-0.0009,6.1296,35.5562,11.1905,27.1739,35.9273
245.0,491.0,11.2449,40.052,93.4137,232.4701,0.0238,0.0001,99.7824,205.5293,48.5467,-16.0944,0.0,0.0001,2.3527,-0.0015,6.1321,35.554,11.1823,27.1737,35.9275
246.0,493.0,11.2202,40.0251,98.6871,232.4924,0.0236,0.0001,99.7824,205.5293,48.5467,-16.0944,0.0,0.0001,2.3511,-0.0009,6.1327,35.5502,11.1575,27.1753,35.9302
247.0,495.0,11.213,40.0183,98.6978,232.2948,0.0252,0.0001,99.7591,205.5293,48.5466,-16.0944,0.0,0.0001,2.3494,-0.0009,6.1328,35.5495,11.15,27.1761,35.9313
248.0,497.0,11.2096,40.0151,75.7892,232.2965,0.0213,0.0001,99.7673,205.5294,48.5466,-16.0944,0.0,0.0001,2.3472,-0.0006,6.1341,35.5486,11.1464,27.1761,35.9315
249.0,499.0,11.2019,40.0073,92.9671,232.3981,0.0231,0.0001,99.7781,205.5294,48.5466,-16.0944,0.0,0.0001,2.3468,-0.0002,6.1342,35.5473,11.1385,27.1766,35.9322
250.0,501.0,11.197,40.0031,98.6967,232.3785,0.0243,0.0001,99.7824,205.5294,48.5466,-16.0944,0.0,0.0001,2.3468,-0.0001,6.1306,35.547,11.1333,27.1773,35.9332
251.0,503.0,11.2129,40.0257,98.6911,231.9021,0.0232,0.0001,99.7867,205.5294,48.5466,-16.0944,0.0,0.0001,2.3448,-0.0008,6.1294,35.5532,11.1489,27.1792,35.9344
252.0,505.0,11.234,40.0549,98.6939,231.6901,0.0217,0.0001,99.7883,205.5295,48.5466,-16.0944,0.0,0.0001,2.3431,-0.0008,6.1296,35.5611,11.1696,27.1815,35.9358
253.0,507.0,11.2337,40.0557,98.6865,231.5113,0.0196,0.0001,99.7895,205.5295,48.5466,-16.0944,0.0,0.0001,2.3408,-0.0009,6.1301,35.5614,11.1691,27.1819,35.9361
254.0,509.0,11.2285,40.0509,82.4987,231.7582,0.0221,0.0001,99.7953,205.5295,48.5466,-16.0944,0.0,0.0001,2.3404,-0.0003,6.1311,35.5607,11.1636,27.1823,35.9368
255.0,511.0,11.2225,40.0457,98.6917,231.6207,0.0202,0.0001,99.7768,205.5296,48.5466,-16.0944,0.0,0.0001,2.3392,-0.0006,6.1322,35.5604,11.1573,27.1833,35.938
256.0,513.0,11.2148,40.038,98.7008,231.2198,0.0196,0.0001,99.7992,205.5296,48.5466,-16.0944,0.0,0.0001,2.3374,-0.0011,6.1321,35.5593,11.1494,27.1839,35.9389
257.0,515.0,11.2132,40.0374,72.4778,230.8071,0.0193,0.0001,99.8039,205.5296,48.5466,-16.0944,0.0,0.0001,2.3338,-0.0013,6.1324,35.5593,11.1476,27.1842,35.9394
258.0,517.0,11.2116,40.0368,92.2307,230.8313,0.0221,0.0001,99.7787,205.5296,48.5466,-16.0944,0.0,0.0001,2.3317,-0.0007,6.1326,35.5592,11.1457,27.1845,35.9397
259.0,519.0,11.209,40.0349,98.68,231.3955,0.0227,0.0001,99.791,205.5297,48.5466,-16.0944,0.0,0.0001,2.3321,0.0007,6.1324,35.5591,11.1429,27.185,35.9403
260.0,521.0,11.21,40.0365,98.6965,231.2846,0.0252,0.0001,99.7819,205.5297,48.5466,-16.0944,0.0,0.0001,2.3326,0.0001,6.1327,35.559,11.1436,27.1847,35.94
261.0,523.0,11.2094,40.0366,98.7025,231.0674,0.0202,0.0001,99.7897,205.5297,48.5465,-16.0944,0.0,0.0001,2.3316,-0.0005,6.1333,35.5589,11.1428,27.1848,35.9401
262.0,525.0,11.205,40.0326,98.6875,230.6982,0.0178,0.0001,99.7925,205.5297,48.5465,-16.0944,0.0,0.0001,2.329,-0.001,6.1333,35.558,11.1381,27.1849,35.9405
263.0,527.0,11.2026,40.0305,98.68,231.2709,0.0247,0.0001,99.7842,205.5298,48.5465,-16.0944,0.0,0.0001,2.3309,0.0003,6.1342,35.5573,11.1355,27.1849,35.9406
264.0,529.0,11.2005,40.029,98.7011,231.5272,0.0225,0.0001,99.8083,205.5298,48.5465,-16.0944,0.0,0.0001,2.3309,0.0003,6.1366,35.5572,11.1331,27.1853,35.941
265.0,531.0,11.1893,40.0163,98.698,230.7002,0.0203,0.0001,99.8112,205.5298,48.5465,-16.0944,0.0,0.0001,2.3278,-0.0013,6.1376,35.5546,11.1217,27.1853,35.9416
266.0,533.0,11.175,40.0004,87.4989,231.161,0.0221,0.0001,99.7978,205.5298,48.5465,-16.0944,0.0,0.0001,2.327,-0.0003,6.1435,35.5516,11.1072,27.1856,35.9425
267.0,535.0,11.1392,39.9596,95.1118,230.852,0.0202,0.0001,99.8016,205.5299,48.5465,-16.0944,0.0,0.0001,2.3254,-0.0007,6.1415,35.5443,11.0712,27.1866,35.9451
268.0,537.0,11.1136,39.9326,98.7014,231.1734,0.0211,0.0001,99.8014,205.5299,48.5465,-16.0943,0.0,0.0001,2.3253,0.0,6.1457,35.5411,11.0455,27.1888,35.9483
269.0,539.0,11.135,39.9574,98.676,230.1518,0.0219,0.0001,99.787,205.5299,48.5465,-16.0943,0.0,0.0001,2.3209,-0.0018,6.1459,35.5447,11.0666,27.1877,35.9464
270.0,541.0,11.114,39.9358,98.704,230.5134,0.0224,0.0001,99.799,205.53,48.5465,-16.0943,0.0,0.0001,2.3194,-0.0003,6.146,35.5423,11.0453,27.1898,35.9493
271.0,543.0,11.1138,39.9368,98.6875,230.4589,0.0226,0.0001,99.7984,205.53,48.5465,-16.0943,0.0,0.0001,2.3187,-0.0004,6.1462,35.5426,11.045,27.1901,35.9496
272.0,545.0,11.1114,39.9359,98.695,230.115,0.0213,0.0001,99.8023,205.53,48.5465,-16.0943,0.0,0.0001,2.316,-0.0008,6.1462,35.5433,11.0423,27.1911,35.9508
273.0,547.0,11.1118,39.9381,78.0794,229.751,0.0205,0.0001,99.7622,205.53,48.5465,-16.0943,0.0,0.0001,2.3137,-0.0011,6.1475,35.5442,11.0424,27.1918,35.9514
274.0,549.0,11.1012,39.9276,98.7312,229.465,0.0211,0.0001,99.8073,205.5301,48.5464,-16.0943,0.0,0.0001,2.3101,-0.0012,6.15,35.5429,11.0315,27.1928,35.9529
275.0,551.0,11.0858,39.9117,98.6997,229.829,0.0175,0.0001,99.7874,205.5301,48.5464,-16.0943,0.0,0.0001,2.3101,-0.0001,6.1505,35.5409,11.016,27.1941,35.9548
276.0,553.0,11.0816,39.9083,98.6573,229.7982,0.0213,0.0001,99.7942,205.5301,48.5464,-16.0943,0.0,0.0001,2.3093,-0.0004,6.1537,35.5408,11.0115,27.1948,35.9557
277.0,555.0,11.0591,39.8847,98.7006,229.0648,0.0201,0.0001,99.7887,205.5301,48.5464,-16.0943,0.0,0.0001,2.307,-0.0016,6.155,35.5381,10.9889,27.1968,35.9587
278.0,557.0,11.0491,39.8752,98.6929,228.7095,0.0198,0.0001,99.7943,205.5302,48.5464,-16.0943,0.0,0.0001,2.3025,-0.0016,6.1555,35.5375,10.9786,27.1982,35.9605
279.0,559.0,11.0434,39.8695,76.9009,228.1735,0.0217,0.0001,99.7754,205.5302,48.5464,-16.0943,0.0,0.0001,2.2981,-0.0017,6.1558,35.5364,10.9727,27.1984,35.961
280.0,561.0,11.0422,39.8692,95.2155,228.8397,0.021,0.0001,99.7973,205.5302,48.5464,-16.0943,0.0,0.0001,2.2978,0.0001,6.1573,35.5364,10.9713,27.1987,35.9613
281.0,563.0,11.0344,39.8607,98.6965,228.404,0.0159,0.0001,99.7967,205.5303,48.5464,-16.0943,0.0,0.0001,2.2963,-0.0007,6.1569,35.5346,10.9633,27.1987,35.9617
282.0,565.0,11.0271,39.8536,98.5271,227.9881,0.0234,0.0001,99.8057,205.5303,48.5464,-16.0943,0.0,0.0001,2.2933,-0.0013,6.1607,35.5337,10.9558,27.1994,35.9627
283.0,567.0,11.0091,39.8331,98.6984,227.0242,0.0197,0.0001,99.8078,205.5303,48.5464,-16.0943,0.0,0.0001,2.2888,-0.0024,6.1606,35.5297,10.9376,27.1996,35.9637
284.0,569.0,10.9909,39.8125,98.6875,227.9433,0.0181,0.0001,99.8039,205.5303,48.5464,-16.0943,0.0,0.0001,2.2882,0.0001,6.1635,35.5257,10.9192,27.1998,35.9648
285.0,571.0,10.9893,39.8118,73.7956,227.5052,0.0207,0.0001,99.7994,205.5304,48.5464,-16.0943,0.0,0.0001,2.2861,-0.0009,6.1651,35.5259,10.9174,27.2003,35.9653
286.0,573.0,10.9751,39.7972,98.6856,227.3958,0.022,0.0001,99.8026,205.5304,48.5464,-16.0943,0.0,0.0001,2.2837,-0.0006,6.1649,35.5243,10.9029,27.2017,35.9673
287.0,575.0,10.9744,39.7975,93.2618,227.1436,0.0229,0.0001,99.8079,205.5304,48.5463,-16.0943,0.0,0.0001,2.2826,-0.0009,6.1648,35.5243,10.902,27.2019,35.9675
288.0,577.0,10.9765,39.8011,98.691,227.1734,0.0215,0.0001,99.8112,205.5304,48.5463,-16.0943,0.0,0.0001,2.2808,-0.0004,6.1644,35.5248,10.9039,27.2019,35.9675
289.0,579.0,10.9789,39.8051,85.2082,227.1614,0.0209,0.0001,99.7958,205.5305,48.5463,-16.0942,0.0,0.0001,2.2798,-0.0004,6.1643,35.5256,10.9059,27.2022,35.9676
290.0,581.0,10.9806,39.8091,98.6862,226.672,0.0181,0.0001,99.8112,205.5305,48.5463,-16.0942,0.0,0.0001,2.2776,-0.0011,6.1645,35.5269,10.9074,27.2029,35.9683
291.0,583.0,10.9788,39.8073,98.6932,226.6289,0.0202,0.0001,99.8112,205.5305,48.5463,-16.0942,0.0,0.0001,2.276,-0.0007,6.1643,35.5263,10.9053,27.2028,35.9683
292.0,585.0,10.9785,39.808,98.71,227.5647,0.0224,0.0001,99.8112,205.5306,48.5463,-16.0942,0.0,0.0001,2.2781,0.0011,6.1641,35.5265,10.9048,27.2031,35.9686
293.0,587.0,10.9833,39.8159,83.0799,226.6845,0.0229,0.0001,99.7996,205.5306,48.5463,-16.0942,0.0,0.0001,2.2763,-0.0009,6.163,35.5286,10.9093,27.2039,35.9692
294.0,589.0,10.9905,39.8262,98.6753,225.4711,0.0229,0.0001,99.8112,205.5306,48.5463,-16.0942,0.0,0.0001,2.2706,-0.0026,6.1636,35.5311,10.9162,27.2046,35.9695
295.0,591.0,10.985,39.8229,98.7013,224.6771,0.024,0.0001,99.7811,205.5306,48.5463,-16.0942,0.0,0.0001,2.2644,-0.0029,6.1656,35.5323,10.9104,27.2066,35.9718
296.0,593.0,10.979,39.8173,98.685,223.6661,0.0219,0.0001,99.7877,205.5307,48.5463,-16.0942,0.0,0.0001,2.2567,-0.0033,6.1691,35.5317,10.9042,27.2072,35.9727
297.0,595.0,10.9458,39.782,87.7733,224.7456,0.0216,0.0001,99.7824,205.5307,48.5463,-16.0942,0.0,0.0001,2.2549,-0.0002,6.1699,35.5275,10.8709,27.21,35.9768
298.0,597.0,10.9394,39.7757,98.7435,224.2512,0.0214,0.0001,99.7927,205.5307,48.5463,-16.0942,0.0,0.0001,2.2537,-0.0012,6.1714,35.5265,10.8643,27.2104,35.9776
299.0,599.0,10.9292,39.7649,98.6886,224.371,0.0217,0.0001,99.7957,205.5308,48.5463,-16.0942,0.0,0.0001,2.2519,-0.0006,6.1734,35.5247,10.8538,27.2109,35.9785
300.0,601.0,10.9133,39.7479,98.6924,224.009,0.0201,0.0001,99.8076,205.5308,48.5462,-16.0942,0.0,0.0001,2.2493,-0.001,6.173,35.5221,10.8378,27.2118,35.9801
301.0,603.0,10.9109,39.7464,98.6926,224.7821,0.0169,0.0001,99.7723,205.5308,48.5462,-16.0942,0.0,0.0001,2.2515,0.0007,6.173,35.522,10.8351,27.2122,35.9806
302.0,605.0,10.9157,39.7526,87.4038,224.4794,0.0164,0.0001,99.7907,205.5308,48.5462,-16.0942,0.0,0.0001,2.2503,-0.0005,6.1786,35.5227,10.8396,27.2119,35.9802
303.0,607.0,10.889,39.722,98.68,222.9765,0.0174,0.0001,99.8014,205.5309,48.5462,-16.0942,0.0,0.0001,2.2423,-0.0033,6.1875,35.5168,10.8128,27.2122,35.9816
304.0,609.0,10.8157,39.6386,98.68,222.7262,0.0163,0.0001,99.8112,205.5309,48.5462,-16.0942,0.0,0.0001,2.2393,-0.0025,6.1842,35.5034,10.7396,27.215,35.9876
305.0,611.0,10.8095,39.6321,77.1389,223.3977,0.0213,0.0001,99.809,205.5309,48.5462,-16.0942,0.0,0.0001,2.2389,-0.0006,6.1878,35.502,10.7331,27.215,35.9879
306.0,613.0,10.8195,39.6461,91.8527,222.2419,0.0226,0.0001,99.7854,205.531,48.5462,-16.0942,0.0,0.0001,2.2317,-0.0029,6.202,35.5056,10.7429,27.216,35.9884
307.0,615.0,10.7134,39.5227,98.6885,220.8685,0.022,0.0001,99.8112,205.531,48.5462,-16.0942,0.0,0.0001,2.2226,-0.0039,6.2058,35.4835,10.637,27.2178,35.9949
308.0,617.0,10.6905,39.4966,98.6825,220.5914,0.0195,0.0001,99.8112,205.531,48.5462,-16.0942,0.0,0.0001,2.2167,-0.0028,6.2073,35.4784,10.6139,27.2179,35.9961
309.0,619.0,10.6714,39.4761,98.68,220.5402,0.0214,0.0001,99.8238,205.531,48.5462,-16.0942,0.0,0.0001,2.2125,-0.0017,6.2085,35.4753,10.5946,27.219,35.998
310.0,621.0,10.6628,39.4671,98.6939,220.2594,0.0231,0.0001,99.7775,205.5311,48.5462,-16.0942,0.0,0.0001,2.2085,-0.0013,6.2099,35.4738,10.5858,27.2194,35.9988
311.0,623.0,10.6553,39.4593,98.68,219.7267,0.0199,0.0001,99.8112,205.5311,48.5462,-16.0942,0.0,0.0001,2.2045,-0.0016,6.2106,35.4724,10.5781,27.2196,35.9993
312.0,625.0,10.6509,39.4559,98.6839,219.9206,0.0203,0.0001,99.8256,205.5311,48.5462,-16.0942,0.0,0.0001,2.2029,-0.0007,6.2106,35.4723,10.5735,27.2204,36.0003
313.0,627.0,10.6491,39.4555,67.8002,219.7911,0.0201,0.0001,99.8096,205.5311,48.5461,-16.0942,0.0,0.0001,2.202,-0.0008,6.2108,35.4726,10.5715,27.221,36.001
314.0,629.0,10.6483,39.4565,96.1521,220.0023,0.0197,0.0001,99.8308,205.5312,48.5461,-16.0942,0.0,0.0001,2.2013,-0.0002,6.2122,35.4737,10.5704,27.222,36.002
315.0,631.0,10.6382,39.4475,98.6821,219.4323,0.0209,0.0001,99.8187,205.5312,48.5461,-16.0942,0.0,0.0001,2.1984,-0.0013,6.217,35.4736,10.5601,27.2238,36.0042
316.0,633.0,10.6053,39.413,98.5468,219.0406,0.0194,0.0001,99.8401,205.5312,48.5461,-16.0941,0.0,0.0001,2.1948,-0.0013,6.2168,35.4696,10.527,27.2266,36.0085
317.0,635.0,10.5958,39.4041,98.6875,219.4199,0.0169,0.0001,99.8401,205.5313,48.5461,-16.0941,0.0,0.0001,2.1944,-0.0001,6.2171,35.469,10.5173,27.2279,36.0101
318.0,637.0,10.5992,39.4088,98.6847,219.6788,0.0199,0.0001,99.8289,205.5313,48.5461,-16.0941,0.0,0.0001,2.1949,0.0001,6.2183,35.4698,10.5206,27.2279,36.01
319.0,639.0,10.595,39.4051,67.7438,218.8568,0.0177,0.0001,99.8367,205.5313,48.5461,-16.0941,0.0,0.0001,2.1916,-0.0015,6.2202,35.4691,10.5161,27.2282,36.0105
320.0,641.0,10.5818,39.3932,96.3758,218.7152,0.0208,0.0001,99.8401,205.5313,48.5461,-16.0941,0.0,0.0001,2.1896,-0.0011,6.2191,35.4688,10.5027,27.2303,36.0132
321.0,643.0,10.5808,39.3934,96.8184,219.049,0.0196,0.0001,99.8344,205.5314,48.5461,-16.0941,0.0,0.0001,2.1891,-0.0002,6.2211,35.469,10.5014,27.2307,36.0136
322.0,645.0,10.5875,39.4015,97.1806,219.234,0.0192,0.0001,99.8401,205.5314,48.5461,-16.0941,0.0,0.0001,2.1883,-0.0002,6.2263,35.4702,10.5078,27.2305,36.0131
323.0,647.0,10.5555,39.3654,80.4203,219.2673,0.0226,0.0001,99.8401,205.5314,48.5461,-16.0941,0.0,0.0001,2.188,-0.0003,6.2281,35.4637,10.4757,27.2311,36.0152
324.0,649.0,10.5237,39.3294,98.68,219.4643,0.0202,0.0001,99.8473,205.5315,48.5461,-16.0941,0.0,0.0001,2.1887,0.0003,6.2244,35.4573,10.4438,27.2318,36.0172
325.0,651.0,10.5183,39.3237,98.68,219.5976,0.0222,0.0001,99.8313,205.5315,48.5461,-16.0941,0.0,0.0001,2.1883,0.0,6.2333,35.4561,10.4381,27.2318,36.0175
326.0,653.0,10.5121,39.3167,98.6892,219.601,0.0193,0.0001,99.8221,205.5315,48.5461,-16.0941,0.0,0.0001,2.187,-0.0005,6.2409,35.4543,10.4317,27.2315,36.0176
327.0,655.0,10.4472,39.2427,88.275,218.4042,0.0167,0.0001,99.8401,205.5315,48.546,-16.0941,0.0,0.0001,2.1829,-0.0022,6.2368,35.4414,10.367,27.2329,36.0218
328.0,657.0,10.4289,39.2224,88.3186,218.9189,0.0217,0.0001,99.8422,205.5316,48.546,-16.0941,0.0,0.0001,2.1811,-0.0007,6.2444,35.4377,10.3485,27.2333,36.023
329.0,659.0,10.438,39.2339,98.6955,217.7639,0.0189,0.0001,99.8508,205.5316,48.546,-16.0941,0.0,0.0001,2.1759,-0.0023,6.2454,35.4398,10.3574,27.2334,36.0227
330.0,661.0,10.4036,39.198,59.8572,217.608,0.0195,0.0001,99.8437,205.5316,48.546,-16.0941,0.0,0.0001,2.1725,-0.0017,6.2451,35.4361,10.3228,27.2365,36.0273
331.0,663.0,10.4065,39.2037,89.7028,217.1783,0.0188,0.0001,99.8401,205.5316,48.546,-16.0941,0.0,0.0001,2.1689,-0.0015,6.2429,35.438,10.3254,27.2375,36.0282
332.0,665.0,10.4175,39.2203,98.68,214.6659,0.0193,0.0001,99.8401,205.5317,48.546,-16.0941,0.0,0.0001,2.1571,-0.0048,6.2495,35.443,10.3361,27.2395,36.0297
333.0,667.0,10.3784,39.1777,98.68,210.6749,0.0179,0.0001,99.8205,205.5317,48.546,-16.0941,0.0,0.0001,2.1354,-0.0088,6.2543,35.4372,10.2969,27.2419,36.0338
334.0,669.0,10.3547,39.1538,98.68,208.2835,0.0183,0.0001,99.8394,205.5317,48.546,-16.0941,0.0,0.0001,2.1172,-0.0097,6.2672,35.4352,10.2731,27.2445,36.0374
335.0,671.0,10.304,39.0952,98.68,205.4491,0.0233,0.0001,99.8401,205.5318,48.546,-16.0941,0.0,0.0001,2.097,-0.0098,6.2601,35.424,10.2224,27.2446,36.0398
336.0,673.0,10.2451,39.0286,84.6774,206.5524,0.0217,0.0001,99.836,205.5318,48.546,-16.0941,0.0,0.0001,2.0858,-0.0038,6.2727,35.4128,10.1636,27.2462,36.044
337.0,675.0,10.2172,39.0007,98.68,202.6896,0.0245,0.0001,99.8389,205.5318,48.546,-16.0941,0.0,0.0001,2.0664,-0.0078,6.273,35.4108,10.1356,27.2494,36.0484
338.0,677.0,10.2122,38.9971,98.68,201.8561,0.0255,0.0001,99.8532,205.5318,48.546,-16.0941,0.0,0.0001,2.0541,-0.0059,6.2734,35.4111,10.1303,27.2506,36.0498
339.0,679.0,10.2036,38.9889,77.1535,202.6847,0.0232,0.0001,99.8585,205.5319,48.546,-16.0941,0.0,0.0001,2.0501,-0.0023,6.2743,35.4102,10.1215,27.2515,36.0511
340.0,681.0,10.2029,38.9887,92.1967,202.064,0.0201,0.0001,99.8368,205.5319,48.546,-16.0941,0.0,0.0001,2.0441,-0.0026,6.2822,35.4099,10.1206,27.2513,36.051
341.0,683.0,10.1583,38.9418,98.68,199.3636,0.023,0.0001,99.8618,205.5319,48.5459,-16.0941,0.0,0.0001,2.0331,-0.0058,6.2787,35.4047,10.076,27.255,36.0566
342.0,685.0,10.132,38.916,98.68,200.3301,0.0219,0.0001,99.8752,205.5319,48.5459,-16.0941,0.0,0.0001,2.0285,-0.0023,6.2844,35.403,10.0495,27.2583,36.061
343.0,687.0,10.148,38.9331,98.68,199.9217,0.0224,0.0001,99.8385,205.532,48.5459,-16.0941,0.0,0.0001,2.0242,-0.0022,6.2867,35.4042,10.0652,27.2565,36.0585
344.0,689.0,10.1111,38.8989,98.68,198.3187,0.0229,0.0001,99.8647,205.532,48.5459,-16.0941,0.0,0.0001,2.0166,-0.0038,6.2865,35.4045,10.0282,27.2631,36.0667
345.0,691.0,10.1117,38.9019,98.68,198.3915,0.0212,0.0001,99.8738,205.532,48.5459,-16.0941,0.0,0.0001,2.0112,-0.0019,6.2863,35.4059,10.0285,27.2641,36.0677
346.0,693.0,10.1138,38.9059,98.68,198.5792,0.0219,0.0001,99.8733,205.5321,48.5459,-16.0941,0.0,0.0001,2.0091,-0.0008,6.2855,35.4069,10.0304,27.2646,36.0681
347.0,695.0,10.1171,38.9106,70.96,197.8416,0.021,0.0001,99.881,205.5321,48.5459,-16.0941,0.0,0.0001,2.0056,-0.0017,6.2864,35.4076,10.0334,27.2647,36.068
348.0,697.0,10.1108,38.9047,98.68,196.509,0.0217,0.0001,99.8978,205.5321,48.5459,-16.0941,0.0,0.0001,1.9987,-0.0033,6.2903,35.4068,10.0269,27.2651,36.0688
349.0,699.0,10.0792,38.87,95.2207,194.607,0.0247,0.0001,99.8366,205.5321,48.5459,-16.0941,0.0,0.0001,1.9867,-0.0051,6.3028,35.4014,9.9952,27.2664,36.0714
350.0,701.0,10.01,38.7916,98.6667,189.9048,0.0248,0.0,99.8978,205.5322,48.5459,-16.0941,0.0,0.0001,1.9635,-0.0103,6.3148,35.3879,9.9262,27.2677,36.0759
351.0,703.0,9.9572,38.7337,98.67,188.2929,0.0252,0.0,99.8978,205.5322,48.5459,-16.0941,0.0,0.0001,1.9456,-0.0087,6.3205,35.3795,9.8733,27.2701,36.0807
352.0,705.0,9.888,38.6542,98.68,186.8245,0.0223,0.0,99.9097,205.5322,48.5459,-16.0941,0.0,0.0001,1.9334,-0.0082,6.3162,35.3648,9.8043,27.2705,36.0841
353.0,707.0,9.8644,38.6322,98.68,187.7251,0.0203,0.0,99.9084,205.5322,48.5459,-16.0941,0.0,0.0001,1.9253,-0.0035,6.3234,35.3643,9.7805,27.2741,36.0888
354.0,709.0,9.9331,38.7162,73.7112,185.3829,0.0194,0.0,99.9027,205.5323,48.5459,-16.0941,0.0,0.0001,1.9117,-0.0058,6.3297,35.3826,9.8487,27.2768,36.0883
355.0,711.0,9.7992,38.5712,92.9395,184.5876,0.0239,0.0,99.8978,205.5323,48.5458,-16.0941,0.0,0.0001,1.9023,-0.0044,6.3229,35.3639,9.7152,27.2849,36.1023
356.0,713.0,9.8649,38.6611,98.6789,184.3148,0.0206,0.0,99.9137,205.5323,48.5458,-16.0941,0.0,0.0001,1.8979,-0.0033,6.3249,35.3907,9.7803,27.2948,36.1091
357.0,715.0,9.8506,38.6454,98.68,183.7351,0.0192,0.0,99.9236,205.5323,48.5458,-16.0941,0.0,0.0001,1.8926,-0.0033,6.3241,35.3878,9.7658,27.295,36.1099
358.0,717.0,9.833,38.6188,98.6046,184.7913,0.0235,0.0,99.9041,205.5324,48.5458,-16.0941,0.0,0.0001,1.8885,-0.0019,6.3687,35.3771,9.7481,27.2896,36.1055
359.0,719.0,9.5863,38.3241,98.68,186.6969,0.0207,0.0,99.915,205.5324,48.5458,-16.0941,0.0,0.0001,1.8844,-0.0003,6.4328,35.3145,9.5025,27.2819,36.1091
360.0,721.0,9.3508,38.0644,98.68,188.0776,0.0229,0.0,99.9191,205.5324,48.5458,-16.0941,0.0,0.0001,1.8894,0.0021,6.4265,35.2763,9.268,27.291,36.1288
361.0,723.0,9.0936,37.7717,92.5647,192.1386,0.0216,0.0,99.9034,205.5324,48.5458,-16.0941,0.0,0.0001,1.9028,0.0082,6.4128,35.2239,9.012,27.2916,36.1414
362.0,725.0,9.1313,37.8255,71.6772,191.2533,0.0231,0.0,99.8748,205.5325,48.5458,-16.0941,0.0,0.0001,1.9087,0.0009,6.4591,35.2418,9.0492,27.2995,36.1474
363.0,727.0,9.0011,37.6834,95.5923,191.5002,0.024,0.0,99.9237,205.5325,48.5458,-16.0941,0.0,0.0001,1.9108,0.0013,6.458,35.2209,8.9195,27.3041,36.158
364.0,729.0,8.9408,37.6244,98.68,190.371,0.0218,0.0,99.9221,205.5325,48.5458,-16.0942,0.0,0.0001,1.9082,-0.0008,6.451,35.2176,8.8592,27.3113,36.1678
365.0,731.0,8.9697,37.6607,98.68,188.9682,0.0201,0.0,99.9267,205.5325,48.5458,-16.0942,0.0,0.0001,1.9042,-0.0028,6.4506,35.2263,8.8878,27.3136,36.1687
366.0,733.0,8.9939,37.6937,79.7186,188.0742,0.0211,0.0,99.9262,205.5326,48.5458,-16.0941,0.0,0.0001,1.8986,-0.0033,6.4504,35.2362,8.9116,27.3175,36.1714
367.0,735.0,8.9928,37.7013,98.68,186.9858,0.0247,0.0,99.9137,205.5326,48.5458,-16.0942,0.0,0.0001,1.8903,-0.0035,6.4526,35.2442,8.9102,27.3239,36.1778
368.0,737.0,8.9746,37.6871,98.68,187.7236,0.022,0.0,99.9247,205.5326,48.5458,-16.0942,0.0,0.0001,1.8858,-0.001,6.4634,35.2463,8.8919,27.3286,36.1832
369.0,739.0,8.923,37.6326,98.68,187.3328,0.0221,0.0,99.9535,205.5326,48.5458,-16.0941,0.0,0.0001,1.8856,-0.0015,6.4684,35.2392,8.8404,27.3312,36.1882
370.0,741.0,8.8737,37.5832,85.951,187.8986,0.0227,0.0,99.9635,205.5327,48.5458,-16.0942,0.0,0.0001,1.8854,0.0,6.4656,35.2352,8.7911,27.336,36.1952
371.0,743.0,8.8607,37.571,59.7218,188.8331,0.0226,0.0,99.9645,205.5327,48.5458,-16.0942,0.0,0.0001,1.8852,0.0015,6.467,35.2345,8.778,27.3375,36.1973
372.0,745.0,8.8737,37.5849,97.334,188.3897,0.021,0.0,99.9502,205.5327,48.5458,-16.0942,0.0,0.0001,1.8845,0.0,6.4734,35.2356,8.7906,27.3363,36.1956
373.0,747.0,8.855,37.5647,98.68,188.6274,0.022,0.0,99.9546,205.5327,48.5458,-16.0942,0.0,0.0001,1.884,0.0,6.4835,35.232,8.7718,27.3365,36.1966
374.0,749.0,8.8003,37.5103,98.68,188.1817,0.0213,0.0,99.9556,205.5328,48.5457,-16.0942,0.0,0.0001,1.8831,-0.0008,6.4838,35.2277,8.7172,27.3418,36.2044
375.0,751.0,8.7072,37.4106,82.0177,188.126,0.0223,0.0,100.0133,205.5328,48.5457,-16.0942,0.0,0.0001,1.8799,-0.0012,6.5007,35.2141,8.6243,27.3458,36.2127
376.0,753.0,8.6926,37.3987,85.8644,187.5334,0.0236,0.0,99.9979,205.5328,48.5457,-16.0942,0.0,0.0001,1.8763,-0.0017,6.5029,35.2155,8.6096,27.3492,36.2167
377.0,755.0,8.6491,37.3527,90.6899,187.4511,0.0211,0.0,99.9516,205.5328,48.5457,-16.0942,0.0,0.0001,1.8742,-0.0014,6.5077,35.2092,8.5662,27.3511,36.2207
378.0,757.0,8.6219,37.3261,98.68,187.2781,0.0222,0.0,100.0133,205.5329,48.5457,-16.0942,0.0,0.0001,1.8718,-0.0012,6.5088,35.207,8.5389,27.3537,36.2245
379.0,759.0,8.6006,37.3107,98.68,186.6797,0.0231,0.0,100.0108,205.5329,48.5457,-16.0942,0.0,0.0001,1.8679,-0.0016,6.5094,35.2111,8.5174,27.3602,36.2319
380.0,761.0,8.598,37.3125,73.753,186.42,0.0228,0.0,100.0241,205.5329,48.5457,-16.0942,0.0,0.0001,1.8632,-0.0011,6.5079,35.2145,8.5146,27.3633,36.2351
381.0,763.0,8.606,37.3253,96.9402,186.0409,0.0259,0.0,100.0347,205.5329,48.5457,-16.0942,0.0,0.0001,1.862,-0.0014,6.5097,35.219,8.5223,27.3657,36.237
382.0,765.0,8.5977,37.3218,86.336,186.1678,0.0237,0.0,100.0422,205.533,48.5457,-16.0942,0.0,0.0001,1.8608,-0.0008,6.5131,35.2226,8.5139,27.3698,36.2415
383.0,767.0,8.5878,37.3136,98.68,186.1392,0.0258,0.0,100.0456,205.533,48.5457,-16.0942,0.0,0.0001,1.8584,-0.0008,6.5162,35.2232,8.5038,27.3718,36.2439
384.0,769.0,8.5581,37.2847,98.68,186.5779,0.0226,0.0,100.0494,205.533,48.5457,-16.0942,0.0,0.0001,1.8594,0.0001,6.5157,35.2212,8.4741,27.3749,36.2484
385.0,771.0,8.5452,37.2753,98.68,187.1867,0.024,0.0,100.0539,205.533,48.5457,-16.0942,0.0,0.0001,1.8608,0.0006,6.5198,35.2229,8.461,27.3783,36.2523
386.0,773.0,8.5303,37.2615,98.68,186.7411,0.0203,0.0,100.0679,205.5331,48.5457,-16.0942,0.0,0.0001,1.8608,-0.0004,6.5206,35.2222,8.4459,27.3801,36.2548
387.0,775.0,8.5128,37.2474,51.6183,187.6376,0.0235,0.0,100.0544,205.5331,48.5457,-16.0942,0.0,0.0001,1.8615,0.0011,6.52,35.2237,8.4282,27.384,36.2595
388.0,777.0,8.5072,37.2425,98.68,187.5685,0.0237,0.0,100.0715,205.5331,48.5457,-16.0942,0.0,0.0001,1.8621,0.0004,6.5245,35.2233,8.4225,27.3846,36.2603
389.0,779.0,8.5079,37.244,98.68,187.386,0.0212,0.0,100.0766,205.5331,48.5457,-16.0942,0.0,0.0001,1.862,-0.0001,6.526,35.2235,8.423,27.3847,36.2604
390.0,781.0,8.4829,37.2288,69.6026,187.5951,0.0232,0.0,100.0867,205.5332,48.5457,-16.0942,0.0,0.0001,1.862,0.0002,6.5258,35.2311,8.3979,27.3945,36.2712
391.0,783.0,8.481,37.2326,89.7905,187.456,0.0228,0.0,100.0711,205.5332,48.5457,-16.0942,0.0,0.0001,1.8619,-0.0001,6.5257,35.236,8.3957,27.3987,36.2754
392.0,785.0,8.4802,37.2376,98.6789,186.659,0.0232,0.0,100.0787,205.5332,48.5457,-16.0942,0.0,0.0001,1.8608,-0.0014,6.5265,35.2413,8.3948,27.4031,36.2797
393.0,787.0,8.4774,37.2377,98.68,186.4394,0.0239,0.0,100.0783,205.5332,48.5457,-16.0942,0.0,0.0001,1.8559,-0.0012,6.5276,35.2434,8.3917,27.4052,36.282
394.0,789.0,8.4706,37.2321,98.68,186.6724,0.0222,0.0,100.0711,205.5333,48.5457,-16.0942,0.0,0.0001,1.8556,-0.0005,6.5288,35.2431,8.3848,27.406,36.2831
395.0,791.0,8.459,37.2215,98.68,186.8196,0.0196,0.0,100.0987,205.5333,48.5457,-16.0942,0.0,0.0001,1.8554,-0.0002,6.5306,35.2426,8.3729,27.4074,36.285
396.0,793.0,8.4498,37.2148,98.68,186.538,0.0187,0.0,100.0711,205.5333,48.5457,-16.0942,0.0,0.0001,1.8547,-0.0007,6.5319,35.2436,8.3635,27.4097,36.2877
397.0,795.0,8.4406,37.2063,98.68,186.8834,0.0164,0.0,100.0855,205.5333,48.5457,-16.0942,0.0,0.0001,1.8541,0.0001,6.5303,35.2428,8.3543,27.4105,36.289
398.0,797.0,8.4423,37.2112,98.68,187.112,0.0237,0.0,100.1,205.5333,48.5457,-16.0942,0.0,0.0001,1.8559,0.0005,6.5266,35.2453,8.3557,27.4123,36.2906
399.0,799.0,8.4781,37.2607,81.9051,186.1003,0.0207,0.0,100.086,205.5334,48.5457,-16.0942,0.0,0.0001,1.8538,-0.0011,6.5213,35.2611,8.391,27.4192,36.2957
400.0,801.0,8.4816,37.277,98.68,185.182,0.0169,0.0,100.1,205.5334,48.5457,-16.0942,0.0,0.0001,1.8494,-0.0019,6.5184,35.274,8.3943,27.4288,36.305
401.0,803.0,8.5106,37.3146,93.195,185.199,0.0191,0.0,100.1,205.5334,48.5457,-16.0942,0.0,0.0001,1.8473,-0.0014,6.5199,35.284,8.4228,27.4322,36.307
402.0,805.0,8.5302,37.3388,98.68,185.635,0.0198,0.0,100.0988,205.5334,48.5457,-16.0942,0.0,0.0001,1.8474,-0.0001,6.5131,35.2892,8.4421,27.4332,36.3071
403.0,807.0,8.5414,37.3532,98.4863,185.2698,0.019,0.0,100.0904,205.5335,48.5457,-16.0942,0.0,0.0001,1.8459,-0.0006,6.5115,35.2924,8.453,27.4341,36.3074
404.0,809.0,8.5589,37.3784,98.68,184.9924,0.0193,0.0,100.1,205.5335,48.5456,-16.0942,0.0,0.0001,1.8437,-0.0009,6.5135,35.3006,8.4701,27.4379,36.3103
405.0,811.0,8.5556,37.3811,98.68,185.0399,0.0216,0.0,100.1118,205.5335,48.5456,-16.0942,0.0,0.0001,1.8431,-0.0007,6.5166,35.3059,8.4666,27.4426,36.3151
406.0,813.0,8.4998,37.3206,95.7872,184.9407,0.0227,0.0,100.1019,205.5335,48.5456,-16.0942,0.0,0.0001,1.8419,-0.0012,6.5344,35.2965,8.411,27.4438,36.319
407.0,815.0,8.4184,37.2305,84.7329,185.691,0.0204,0.0,100.1072,205.5336,48.5456,-16.0942,0.0,0.0001,1.8406,-0.0002,6.5538,35.2813,8.3298,27.4445,36.3234
408.0,817.0,8.3631,37.1556,95.6915,185.9228,0.0229,0.0,100.0844,205.5336,48.5456,-16.0942,0.0,0.0001,1.8394,-0.0002,6.5602,35.2561,8.2746,27.4332,36.3151
409.0,819.0,8.2299,37.0199,95.2565,187.247,0.0258,0.0,100.0946,205.5336,48.5456,-16.0942,0.0,0.0001,1.8419,0.0011,6.5743,35.2437,8.142,27.4438,36.3317
410.0,821.0,8.1558,36.9449,98.3126,187.5318,0.0223,0.0,100.0976,205.5336,48.5456,-16.0942,0.0,0.0001,1.8435,0.0008,6.5786,35.2368,8.0682,27.4496,36.3409
411.0,823.0,8.1304,36.9175,98.6532,188.2266,0.0221,0.0,100.0815,205.5337,48.5456,-16.0942,0.0,0.0001,1.8462,0.0012,6.5804,35.2322,8.0427,27.4499,36.3424
412.0,825.0,8.1208,36.9093,98.68,188.5696,0.0237,0.0,100.0711,205.5337,48.5456,-16.0942,0.0,0.0001,1.849,0.0011,6.5823,35.232,8.0329,27.4512,36.3442
413.0,827.0,8.0995,36.8901,98.68,188.7578,0.0229,0.0,100.0928,205.5337,48.5456,-16.0942,0.0,0.0001,1.8504,0.0011,6.5769,35.2317,8.0114,27.4542,36.3482
414.0,829.0,8.1299,36.9326,75.7118,188.3586,0.019,0.0,100.0928,205.5337,48.5456,-16.0942,0.0,0.0001,1.8507,0.0002,6.5723,35.2458,8.0415,27.4607,36.3532
415.0,831.0,8.1467,36.9546,98.68,188.0757,0.0227,0.0,100.0912,205.5338,48.5456,-16.0942,0.0,0.0001,1.851,0.0,6.5641,35.2519,8.058,27.463,36.3546
416.0,833.0,8.1951,37.0158,90.0264,187.4209,0.0223,0.0,100.0849,205.5338,48.5456,-16.0942,0.0,0.0001,1.8486,-0.0011,6.5689,35.2678,8.1059,27.4682,36.3574
417.0,835.0,8.2032,37.0291,98.68,186.8897,0.0182,0.0,100.0935,205.5338,48.5456,-16.0943,0.0,0.0001,1.8462,-0.0017,6.5748,35.2726,8.1137,27.4708,36.3596
418.0,837.0,8.1483,36.9685,98.68,187.6591,0.0192,0.0,100.0951,205.5338,48.5456,-16.0942,0.0,0.0001,1.8461,0.0,6.5757,35.262,8.0589,27.4709,36.3622
419.0,839.0,8.1363,36.9573,98.5641,188.0558,0.0193,0.0,100.1,205.5339,48.5456,-16.0943,0.0,0.0001,1.846,0.0004,6.5764,35.2614,8.0467,27.4722,36.3641
420.0,841.0,8.1317,36.9533,75.1579,187.8649,0.0193,0.0,100.0783,205.5339,48.5456,-16.0943,0.0,0.0001,1.8455,-0.0002,6.578,35.2608,8.042,27.4724,36.3646
421.0,843.0,8.1302,36.9514,82.4669,187.7223,0.0204,0.0,100.0959,205.5339,48.5456,-16.0943,0.0,0.0001,1.8456,-0.0001,6.5711,35.2594,8.0402,27.4716,36.3639
422.0,845.0,8.1287,36.9524,98.68,187.6836,0.0202,0.0,100.1,205.5339,48.5456,-16.0943,0.0,0.0001,1.8486,0.001,6.5382,35.2609,8.0386,27.4731,36.3654
423.0,847.0,8.2928,37.1501,98.68,187.5485,0.0211,0.0,100.0948,205.5339,48.5456,-16.0943,0.0,0.0001,1.8478,0.0004,6.5338,35.3065,8.2014,27.484,36.3683
424.0,849.0,8.3944,37.2687,98.68,185.3956,0.0179,0.0,100.0831,205.534,48.5456,-16.0943,0.0,0.0001,1.844,-0.0024,6.5228,35.33,8.3021,27.487,36.3665
425.0,851.0,8.4381,37.3235,98.68,185.6861,0.0219,0.0,100.0724,205.534,48.5456,-16.0943,0.0,0.0001,1.8411,-0.0011,6.5259,35.3436,8.3452,27.491,36.3684
426.0,853.0,8.4594,37.3553,91.3758,185.1859,0.0214,0.0,100.0615,205.534,48.5456,-16.0943,0.0,0.0001,1.8369,-0.0016,6.5319,35.355,8.3662,27.4967,36.373
427.0,855.0,8.4106,37.305,98.68,186.1212,0.0245,0.0,100.0783,205.534,48.5456,-16.0943,0.0,0.0001,1.837,0.0002,6.5356,35.3493,8.3174,27.4998,36.3783
428.0,857.0,8.3961,37.289,98.68,185.8908,0.0243,0.0,100.0711,205.5341,48.5456,-16.0943,0.0,0.0001,1.8364,-0.0002,6.5368,35.3459,8.3027,27.4994,36.3786
429.0,859.0,8.3724,37.2639,98.68,186.0136,0.0209,0.0,100.0756,205.5341,48.5456,-16.0943,0.0,0.0001,1.8365,0.0,6.5336,35.342,8.279,27.5,36.3804
430.0,861.0,8.3899,37.2859,98.68,186.5191,0.0198,0.0,100.0711,205.5341,48.5456,-16.0943,0.0,0.0001,1.8372,0.0003,6.5445,35.347,8.2961,27.5013,36.3808
431.0,863.0,8.3601,37.2547,87.6661,186.4561,0.0205,0.0,100.0711,205.5341,48.5456,-16.0943,0.0,0.0001,1.8378,0.0002,6.5389,35.3427,8.2663,27.5025,36.3834
432.0,865.0,8.338,37.2353,94.5579,187.4021,0.0205,0.0,100.0668,205.5342,48.5456,-16.0943,0.0,0.0001,1.8402,0.0013,6.5414,35.3433,8.2442,27.5064,36.3883
433.0,867.0,8.3704,37.2774,94.4618,186.8766,0.0212,0.0,100.0463,205.5342,48.5456,-16.0943,0.0,0.0001,1.8385,-0.0009,6.5657,35.3548,8.2761,27.5105,36.3908
434.0,869.0,8.2864,37.1791,98.68,186.6845,0.0193,0.0,100.066,205.5342,48.5456,-16.0943,0.0,0.0001,1.8358,-0.0016,6.5872,35.3334,8.1924,27.5065,36.3909
435.0,871.0,8.0625,36.9343,98.68,188.1047,0.0233,0.0,100.066,205.5342,48.5456,-16.0943,0.0,0.0001,1.8373,0.0012,6.5789,35.2956,7.9697,27.5107,36.4056
436.0,873.0,8.0899,36.9786,86.3766,189.4293,0.0219,0.0,100.0583,205.5343,48.5456,-16.0943,0.0,0.0001,1.8422,0.0021,6.5886,35.3146,7.9967,27.5215,36.4149
437.0,875.0,8.0694,36.9596,98.68,189.1041,0.0224,0.0,100.0422,205.5343,48.5456,-16.0943,0.0,0.0001,1.8437,0.0007,6.5935,35.3139,7.9762,27.5241,36.4184
438.0,877.0,8.0181,36.9059,98.68,189.6305,0.0228,0.0,100.0422,205.5343,48.5456,-16.0943,0.0,0.0001,1.8436,0.0003,6.6179,35.307,7.925,27.5264,36.4231
439.0,879.0,7.9271,36.8028,98.68,189.5783,0.0222,0.0,100.0366,205.5343,48.5456,-16.0943,0.0,0.0001,1.8432,-0.0005,6.6303,35.2869,7.8344,27.5241,36.4253
440.0,881.0,7.7948,36.6668,98.68,191.3223,0.0238,0.0,100.0308,205.5344,48.5456,-16.0943,0.0,0.0001,1.8463,0.0016,6.6429,35.2729,7.7027,27.5327,36.44
441.0,883.0,7.7061,36.5693,90.4808,191.8845,0.0224,0.0,100.039,205.5344,48.5456,-16.0943,0.0,0.0001,1.8488,0.0011,6.6542,35.2561,7.6144,27.5325,36.4441
442.0,885.0,7.6373,36.4975,98.68,192.7588,0.0201,0.0,100.0422,205.5344,48.5456,-16.0943,0.0,0.0001,1.8523,0.0018,6.6568,35.247,7.5458,27.5354,36.4503
443.0,887.0,7.6125,36.469,98.68,193.2097,0.0217,0.0,100.0267,205.5344,48.5456,-16.0943,0.0,0.0001,1.8561,0.0019,6.6515,35.2403,7.521,27.5338,36.4499
444.0,889.0,7.5835,36.4421,87.1235,193.255,0.0228,0.0,100.0219,205.5344,48.5456,-16.0943,0.0,0.0001,1.8581,0.0007,6.6633,35.2394,7.492,27.5373,36.4547
445.0,891.0,7.5743,36.4283,97.8595,192.8536,0.0243,0.0,100.0422,205.5345,48.5456,-16.0943,0.0,0.0001,1.8586,-0.0003,6.6652,35.233,7.4826,27.5336,36.4515
446.0,893.0,7.5556,36.413,79.9011,193.3655,0.0232,0.0,100.024,205.5345,48.5456,-16.0943,0.0,0.0001,1.8591,0.0005,6.6662,35.2343,7.4638,27.5374,36.4562
447.0,895.0,7.5483,36.4064,98.68,193.7034,0.0204,0.0,100.0422,205.5345,48.5456,-16.0943,0.0,0.0001,1.8596,0.0007,6.6675,35.2335,7.4563,27.5378,36.457
448.0,897.0,7.5377,36.3959,98.68,193.4158,0.0204,0.0,100.0271,205.5345,48.5456,-16.0943,0.0,0.0001,1.859,-0.0001,6.6691,35.2319,7.4456,27.5381,36.4577
449.0,899.0,7.53,36.3885,98.68,193.8027,0.0227,0.0,100.0382,205.5346,48.5456,-16.0943,0.0,0.0001,1.8589,-0.0003,6.6905,35.2307,7.4378,27.5383,36.4584
450.0,901.0,7.4182,36.2711,98.3788,193.837,0.0224,0.0,100.0422,205.5346,48.5456,-16.0943,0.0,0.0001,1.8577,-0.0004,6.694,35.2154,7.3265,27.5423,36.4677
451.0,903.0,7.3757,36.2251,98.68,195.3822,0.0234,0.0,100.0393,205.5346,48.5456,-16.0943,0.0,0.0001,1.8602,0.0018,6.6951,35.2074,7.2841,27.5421,36.4695
452.0,905.0,7.3691,36.2179,98.68,195.5771,0.0214,0.0,100.0249,205.5346,48.5456,-16.0943,0.0,0.0001,1.8629,0.0012,6.6974,35.2053,7.2773,27.5414,36.4692
453.0,907.0,7.3529,36.2039,98.68,195.8188,0.0234,0.0,100.0379,205.5347,48.5456,-16.0943,0.0,0.0001,1.8655,0.001,6.6982,35.2055,7.261,27.5439,36.4724
454.0,909.0,7.3497,36.205,87.7526,196.1055,0.0232,0.0,100.0364,205.5347,48.5456,-16.0943,0.0,0.0001,1.8681,0.0011,6.6908,35.209,7.2576,27.5471,36.4758
455.0,911.0,7.3833,36.2545,96.9567,196.7764,0.0222,0.0,100.0422,205.5347,48.5456,-16.0943,0.0,0.0001,1.8718,0.0015,6.6898,35.2278,7.2907,27.5572,36.484
456.0,913.0,7.3894,36.2644,92.8894,196.952,0.0214,0.0,100.0438,205.5347,48.5456,-16.0943,0.0,0.0001,1.8727,0.0013,6.689,35.2316,7.2965,27.5593,36.4859
457.0,915.0,7.3966,36.2758,98.68,196.8417,0.023,0.0,100.0476,205.5348,48.5456,-16.0943,0.0,0.0001,1.8741,0.0006,6.6893,35.2357,7.3035,27.5616,36.4877
458.0,917.0,7.3947,36.2778,98.4602,196.6953,0.0219,0.0,100.0481,205.5348,48.5456,-16.0943,0.0,0.0001,1.8742,0.0,6.6923,35.2387,7.3014,27.5643,36.4905
459.0,919.0,7.3755,36.2592,98.68,196.469,0.019,0.0,100.0471,205.5348,48.5456,-16.0943,0.0,0.0001,1.8731,-0.0004,6.6935,35.237,7.2821,27.5657,36.4928
460.0,921.0,7.371,36.2559,98.68,196.7764,0.0197,0.0,100.0532,205.5348,48.5456,-16.0943,0.0,0.0001,1.8737,0.0001,6.6943,35.2371,7.2774,27.5664,36.4937
461.0,923.0,7.3654,36.2517,98.68,196.8317,0.0224,0.0,100.0452,205.5349,48.5456,-16.0943,0.0,0.0001,1.8734,0.0,6.6952,35.2374,7.2716,27.5674,36.495
462.0,925.0,7.3622,36.2509,84.6024,196.6729,0.0205,0.0,100.0576,205.5349,48.5456,-16.0943,0.0,0.0001,1.8729,-0.0003,6.6954,35.2387,7.2682,27.569,36.4967
463.0,927.0,7.3565,36.2467,93.0416,196.8303,0.0201,0.0,100.0527,205.5349,48.5456,-16.0943,0.0,0.0001,1.873,0.0,6.6926,35.2389,7.2624,27.57,36.498
464.0,929.0,7.3604,36.253,98.68,196.7299,0.0215,0.0,100.0635,205.5349,48.5456,-16.0943,0.0,0.0001,1.873,0.0,6.6885,35.241,7.266,27.5711,36.4989
465.0,931.0,7.3892,36.2886,98.68,196.2534,0.0194,0.0,100.0651,205.535,48.5456,-16.0943,0.0,0.0001,1.8718,-0.0005,6.6839,35.2495,7.2944,27.5738,36.5001
466.0,933.0,7.4173,36.3224,95.5239,196.1551,0.0186,0.0,100.0563,205.535,48.5456,-16.0944,0.0,0.0001,1.8709,-0.0004,6.6809,35.2569,7.322,27.5756,36.5006
467.0,935.0,7.4507,36.3635,81.5277,195.7149,0.0211,0.0,100.0645,205.535,48.5456,-16.0943,0.0,0.0001,1.8693,-0.0009,6.6817,35.2667,7.355,27.5786,36.5019
468.0,937.0,7.4574,36.373,91.9762,195.6937,0.0191,0.0,100.0553,205.535,48.5456,-16.0943,0.0,0.0001,1.8668,-0.0008,6.6869,35.2694,7.3614,27.5798,36.5028
469.0,939.0,7.4123,36.326,98.68,196.0787,0.0253,0.0,100.0484,205.5351,48.5456,-16.0944,0.0,0.0001,1.8671,0.0,6.687,35.2629,7.3164,27.5811,36.5063
470.0,941.0,7.3982,36.3129,98.68,196.7648,0.0263,0.0,100.056,205.5351,48.5456,-16.0944,0.0,0.0001,1.8685,0.0009,6.6867,35.2619,7.3022,27.5824,36.5082
471.0,943.0,7.4006,36.3157,98.68,196.5507,0.0226,0.0,100.0634,205.5351,48.5456,-16.0944,0.0,0.0001,1.8683,0.0002,6.6896,35.2615,7.3044,27.5818,36.5075
472.0,945.0,7.3968,36.3107,98.68,196.4941,0.02,0.0,100.0546,205.5351,48.5456,-16.0944,0.0,0.0001,1.8674,-0.0005,6.7039,35.2592,7.3004,27.5805,36.5065
473.0,947.0,7.3428,36.2493,87.3023,196.5537,0.0241,0.0,100.0525,205.5351,48.5456,-16.0944,0.0,0.0001,1.8658,-0.0009,6.7204,35.2461,7.2465,27.5779,36.5065
474.0,949.0,7.214,36.1144,98.68,198.5419,0.0216,0.0,100.0321,205.5352,48.5456,-16.0944,0.0,0.0001,1.8678,0.0011,6.7454,35.2286,7.1185,27.5824,36.5172
475.0,951.0,7.1047,35.9991,98.68,199.9814,0.0234,0.0,100.0182,205.5352,48.5456,-16.0944,0.0,0.0001,1.8706,0.0019,6.7666,35.2127,7.0098,27.5851,36.5252
476.0,953.0,6.9913,35.8704,98.68,201.0905,0.0244,0.0,100.0475,205.5352,48.5456,-16.0944,0.0,0.0001,1.8748,0.0017,6.7851,35.1859,6.897,27.5797,36.5254
477.0,955.0,6.8215,35.6906,98.68,202.9952,0.0253,0.0,100.0307,205.5352,48.5456,-16.0944,0.0,0.0001,1.8822,0.0034,6.7858,35.16,6.7282,27.5825,36.5366
478.0,957.0,6.7995,35.6688,90.0853,204.1621,0.023,0.0,100.0176,205.5353,48.5456,-16.0944,0.0,0.0001,1.8888,0.0036,6.7876,35.1575,6.7061,27.5836,36.5387
479.0,959.0,6.7882,35.6579,92.5955,203.7092,0.0228,0.0,100.0168,205.5353,48.5456,-16.0944,0.0,0.0001,1.8923,0.0011,6.7986,35.1561,6.6948,27.584,36.5397
480.0,961.0,6.7316,35.6001,97.3105,203.539,0.0255,0.0,100.0133,205.5353,48.5456,-16.0944,0.0,0.0001,1.8926,0.0004,6.797,35.1492,6.6383,27.5863,36.5447
481.0,963.0,6.7122,35.58,98.68,204.4408,0.023,0.0,100.0296,205.5353,48.5456,-16.0944,0.0,0.0001,1.8957,0.0015,6.7944,35.1458,6.6189,27.5862,36.5456
482.0,965.0,6.7344,35.6067,98.68,205.0381,0.0219,0.0,100.0209,205.5354,48.5456,-16.0944,0.0,0.0001,1.8989,0.0012,6.8013,35.1514,6.6407,27.5877,36.546
483.0,967.0,6.7393,35.6112,90.091,204.4152,0.0199,0.0,100.0318,205.5354,48.5456,-16.0944,0.0,0.0001,1.8984,-0.0006,6.8151,35.1507,6.6454,27.5865,36.5446
484.0,969.0,6.6466,35.515,98.68,204.6738,0.0224,0.0,100.0232,205.5354,48.5456,-16.0944,0.0,0.0001,1.8985,0.0,6.8111,35.1379,6.5532,27.5889,36.5515
485.0,971.0,6.6226,35.4945,98.68,206.2129,0.0206,0.0,100.0321,205.5354,48.5456,-16.0944,0.0,0.0001,1.902,0.0019,6.8115,35.1385,6.5291,27.5926,36.5564
486.0,973.0,6.6512,35.5272,98.68,206.0533,0.021,0.0,100.0301,205.5355,48.5456,-16.0944,0.0,0.0001,1.9043,0.0014,6.803,35.1446,6.5572,27.5936,36.556
487.0,975.0,6.6779,35.5575,95.1539,205.6502,0.0225,0.0,100.0014,205.5355,48.5456,-16.0944,0.0,0.0001,1.9059,0.0006,6.7901,35.1501,6.5836,27.5944,36.5554
488.0,977.0,6.7715,35.6693,87.0876,203.6756,0.0256,0.0,100.0359,205.5355,48.5456,-16.0944,0.0,0.0001,1.9033,-0.0024,6.788,35.1771,6.6763,27.6031,36.5593
489.0,979.0,6.7584,35.6582,98.6357,204.2569,0.0206,0.0,100.0473,205.5355,48.5456,-16.0944,0.0,0.0001,1.9023,-0.0011,6.7904,35.1772,6.6631,27.605,36.5619
490.0,981.0,6.7783,35.6819,98.64,204.2562,0.0206,0.0,100.0536,205.5356,48.5456,-16.0944,0.0,0.0001,1.8999,-0.0007,6.7903,35.1818,6.6825,27.606,36.5619
491.0,983.0,6.7657,35.6677,98.68,204.7697,0.0184,0.0,100.0338,205.5356,48.5456,-16.0944,0.0,0.0001,1.8999,0.0001,6.79,35.1784,6.6699,27.605,36.5615
492.0,985.0,6.7676,35.6727,98.68,205.057,0.0212,0.0,100.0532,205.5356,48.5456,-16.0944,0.0,0.0001,1.898,-0.0008,6.825,35.1809,6.6715,27.6068,36.5632
493.0,987.0,6.766,35.6704,64.8356,203.1934,0.0206,0.0,100.0585,205.5356,48.5456,-16.0944,0.0,0.0001,1.8936,-0.0035,6.8388,35.179,6.6698,27.6055,36.5621
494.0,989.0,6.5318,35.4198,98.7536,205.7957,0.0209,0.0,100.0456,205.5356,48.5456,-16.0944,0.0,0.0001,1.8977,0.0011,6.8136,35.1401,6.4371,27.6061,36.5742
495.0,991.0,6.4522,35.3429,96.9024,207.7703,0.0199,0.0,100.046,205.5357,48.5456,-16.0944,0.0,0.0001,1.9034,0.0015,6.8503,35.135,6.3579,27.6127,36.5846
496.0,993.0,6.409,35.2943,98.5084,208.5441,0.0219,0.0,100.0285,205.5357,48.5456,-16.0944,0.0,0.0001,1.9074,0.0018,6.8514,35.1241,6.3148,27.6098,36.5839
497.0,995.0,6.349,35.231,98.68,209.9309,0.0241,0.0,100.0538,205.5357,48.5456,-16.0944,0.0,0.0001,1.9115,0.0028,6.8551,35.1142,6.2551,27.6098,36.587
498.0,997.0,6.3651,35.2515,90.7289,209.446,0.0225,0.0,100.0241,205.5358,48.5456,-16.0944,0.0,0.0001,1.9152,0.0007,6.8569,35.1197,6.2708,27.6121,36.5884
499.0,999.0,6.3294,35.2151,98.68,210.0095,0.0209,0.0,100.0401,205.5358,48.5456,-16.0944,0.0,0.0001,1.917,0.001,6.8613,35.1148,6.2352,27.6129,36.591
500.0,1001.0,6.325,35.2123,97.5992,210.2079,0.0218,0.0,100.0474,205.5359,48.5456,-16.0944,0.0,0.0001,1.9198,0.0003,6.8644,35.1151,6.2307,27.6138,36.5921
501.0,1003.0,6.2964,35.1849,86.9987,210.1492,0.0232,0.0,100.0324,205.536,48.5456,-16.0944,0.0,0.0001,1.92,-0.0001,6.8682,35.1127,6.202,27.6156,36.5954
502.0,1005.0,6.2787,35.1685,92.1274,210.6947,0.0211,0.0,100.0232,205.5361,48.5456,-16.0944,0.0,0.0001,1.921,0.0003,6.8716,35.1116,6.1843,27.6171,36.5976
503.0,1007.0,6.2554,35.1473,95.9528,211.261,0.0227,0.0,99.9867,205.5365,48.5456,-16.0944,0.0,0.0001,1.9248,0.0,6.8764,35.1108,6.161,27.6195,36.6012
504.0,1009.0,6.2277,35.121,93.8176,211.6443,0.0216,0.0001,99.8322,205.5373,48.5456,-16.0943,0.0,0.0001,1.9264,0.0,6.8801,35.1089,6.1333,27.6216,36.6047
505.0,1011.0,6.2061,35.1013,91.8786,212.1351,0.0218,0.0001,99.6945,205.5381,48.5456,-16.0943,0.0,0.0001,1.9288,0.0001,6.8835,35.1084,6.1117,27.624,36.6081
