Datacycle,press,temp,cond,alt,oxygen,fluor,atten,trans,jday,lat,lon,PAR,UPAR,oxV,oxdVdt,oxysat,salin,potemp,sigma0,sigma2
1.0,1.0,15.4963,43.9919,98.71,241.8966,0.4259,0.0016,96.1589,204.1202,49.0873,-16.6362,0.0,0.0001,2.7,-0.0003,5.6139,35.5281,15.496,26.2686,34.8596
2.0,3.0,15.497,43.9929,88.7751,241.784,0.4342,0.0016,96.153,204.1203,49.0872,-16.6362,0.0,0.0001,2.6987,0.0,5.6134,35.528,15.4966,26.2685,34.8594
3.0,5.0,15.4984,43.9954,83.2471,242.4213,0.4386,0.0016,96.1822,204.1204,49.0872,-16.6362,0.0,0.0001,2.7032,0.0005,5.6134,35.5281,15.4976,26.2683,34.8593
4.0,7.0,15.4975,43.9952,84.7449,242.5185,0.4279,0.0015,96.1965,204.1205,49.0872,-16.6362,0.0,0.0001,2.7047,-0.0003,5.6135,35.528,15.4964,26.2685,34.8595
5.0,9.0,15.4974,43.9959,98.6405,242.8454,0.4353,0.0015,96.2128,204.1206,49.0872,-16.6363,0.0,0.0001,2.7056,0.0003,5.6135,35.528,15.496,26.2686,34.8596
6.0,11.0,15.4965,43.996,98.71,243.2548,0.4409,0.0015,96.1983,204.1206,49.0872,-16.6363,0.0,0.0001,2.7085,0.0007,5.6136,35.5279,15.4948,26.2688,34.8598
7.0,13.0,15.4947,43.9951,73.8718,242.7776,0.4378,0.0015,96.2261,204.1207,49.0872,-16.6363,0.0,0.0001,2.7057,-0.0007,5.6142,35.5279,15.4927,26.2693,34.8604
8.0,15.0,15.4848,43.9853,93.2178,243.5101,0.4515,0.0015,96.2369,204.1207,49.0872,-16.6363,0.0,0.0001,2.708,0.0013,5.6144,35.5271,15.4825,26.2709,34.8624
9.0,17.0,15.4483,43.9465,98.6644,243.4489,0.439,0.0015,96.3608,204.1207,49.0871,-16.6363,0.0,0.0001,2.704,-0.0012,5.6365,35.5243,15.4457,26.2771,34.8699
10.0,19.0,15.2666,43.7632,98.1973,244.5459,0.4492,0.0015,96.441,204.1208,49.0871,-16.6363,0.0,0.0001,2.7063,0.0023,5.6348,35.5219,15.2637,26.3159,34.9152
11.0,21.0,15.222,43.7263,95.8696,244.5705,0.4271,0.0014,96.5974,204.1208,49.0871,-16.6363,0.0,0.0001,2.7091,-0.0002,5.6459,35.528,15.2188,26.3306,34.9314
12.0,23.0,15.1714,43.6846,47.165,245.113,0.4091,0.0013,96.8883,204.1209,49.0871,-16.6363,0.0,0.0001,2.7089,0.001,5.6514,35.5351,15.1679,26.3474,34.95
13.0,25.0,15.1537,43.6714,85.1369,245.4399,0.392,0.0012,97.0417,204.1209,49.0871,-16.6363,0.0,0.0001,2.7116,0.0007,5.6518,35.5383,15.1498,26.354,34.9571
14.0,27.0,15.1508,43.6695,98.71,245.0372,0.3933,0.0012,97.0871,204.1209,49.0871,-16.6363,0.0,0.0001,2.7113,-0.0006,5.6525,35.5385,15.1467,26.3548,34.958
15.0,29.0,15.1419,43.6622,71.889,244.8307,0.3908,0.0012,97.1483,204.121,49.0871,-16.6363,0.0,0.0001,2.7082,-0.0006,5.6537,35.5391,15.1374,26.3574,34.9609
16.0,31.0,15.1294,43.652,89.4214,244.656,0.3821,0.0011,97.2969,204.121,49.0871,-16.6363,0.0,0.0001,2.7057,-0.0009,5.6551,35.5403,15.1247,26.3611,34.9651
17.0,33.0,15.1065,43.6308,97.57,244.696,0.3807,0.0011,97.3184,204.121,49.0871,-16.6363,0.0,0.0001,2.7052,-0.0002,5.6552,35.5408,15.1014,26.3666,34.9715
18.0,35.0,15.0994,43.6255,96.4587,244.367,0.4065,0.0011,97.4028,204.1211,49.0871,-16.6363,0.0,0.0001,2.7015,-0.0012,5.659,35.5419,15.0941,26.3691,34.9742
19.0,37.0,15.0406,43.5713,98.71,244.3231,0.4155,0.001,97.59,204.1211,49.0871,-16.6363,0.0,0.0001,2.6941,-0.0016,5.6809,35.5449,15.0349,26.3845,34.9917
20.0,39.0,14.8976,43.437,82.7006,242.5438,0.3872,0.0009,97.7102,204.1212,49.0871,-16.6363,0.0,0.0001,2.6844,-0.0043,5.6787,35.5518,14.8918,26.4214,35.0336
21.0,41.0,14.6374,43.1833,74.3125,242.1602,0.3717,0.0009,97.8155,204.1212,49.0871,-16.6363,0.0,0.0001,2.6698,-0.0058,5.7241,35.5559,14.6313,26.4814,35.103
22.0,43.0,14.2621,42.8161,86.1122,241.8627,0.3713,0.0009,97.8631,204.1212,49.087,-16.6363,0.0,0.0001,2.6466,-0.0056,5.7897,35.5599,14.2559,26.5654,35.2006
23.0,45.0,13.7048,42.2555,97.0436,239.8354,0.3513,0.0008,97.9421,204.1213,49.087,-16.6363,0.0,0.0001,2.6209,-0.0048,5.8064,35.5507,13.6984,26.6762,35.3322
24.0,47.0,13.5992,42.1662,91.9365,240.1978,0.3536,0.0008,97.9858,204.1213,49.087,-16.6363,0.0,0.0001,2.6119,-0.0048,5.8513,35.564,13.5925,26.7086,35.3683
25.0,49.0,13.0419,41.6448,96.0154,240.7231,0.389,0.0008,97.9648,204.1214,49.087,-16.6363,0.0,0.0001,2.5935,-0.0017,5.9072,35.5893,13.0351,26.8424,35.5229
26.0,51.0,12.7684,41.3756,93.4522,238.265,0.3528,0.0008,98.0574,204.1214,49.087,-16.6363,0.0,0.0001,2.5762,-0.0059,5.9213,35.5883,12.7615,26.8968,35.5878
27.0,53.0,12.7692,41.3773,82.2649,239.9623,0.3386,0.0008,98.1272,204.1215,49.087,-16.6363,0.0,0.0001,2.5726,-0.001,5.9379,35.5884,12.762,26.8968,35.5877
28.0,55.0,12.6512,41.2547,95.6743,240.1769,0.3303,0.0007,98.236,204.1215,49.087,-16.6363,0.0,0.0001,2.5716,0.0008,5.938,35.5807,12.6437,26.9144,35.61
29.0,57.0,12.5434,41.1374,95.0949,240.4533,0.3187,0.0007,98.3364,204.1216,49.0869,-16.6363,0.0,0.0001,2.5705,-0.001,5.964,35.5686,12.5357,26.9264,35.6263
30.0,59.0,12.4193,41.0042,84.6917,241.7773,0.298,0.0006,98.525,204.1216,49.0869,-16.6363,0.0,0.0001,2.568,0.0011,5.9917,35.5564,12.4113,26.9414,35.6463
31.0,61.0,12.2802,40.848,83.674,241.7247,0.2651,0.0005,98.7141,204.1216,49.0869,-16.6363,0.0,0.0001,2.5662,-0.0012,6.0154,35.5361,12.2721,26.9529,35.6636
32.0,63.0,12.0367,40.5932,96.3506,241.8987,0.1967,0.0004,99.048,204.1217,49.0869,-16.6363,0.0,0.0001,2.5652,-0.001,6.0206,35.5183,12.0284,26.9863,35.7068
33.0,65.0,11.9953,40.5563,98.71,241.4971,0.1666,0.0003,99.1893,204.1217,49.0869,-16.6363,0.0,0.0001,2.5581,-0.001,6.0346,35.5207,11.9869,26.9963,35.7184
34.0,67.0,11.9633,40.5277,64.0941,241.0675,0.1506,0.0003,99.267,204.1218,49.0869,-16.6363,0.0,0.0001,2.5533,-0.0013,6.0375,35.5225,11.9546,27.0038,35.7272
35.0,69.0,11.9441,40.5086,92.9488,240.8725,0.1442,0.0003,99.3128,204.1218,49.0868,-16.6363,0.0,0.0001,2.5486,-0.0008,6.0399,35.5212,11.9351,27.0065,35.7307
36.0,71.0,11.8848,40.4461,98.7034,241.4385,0.1403,0.0002,99.3763,204.1219,49.0868,-16.6363,0.0,0.0001,2.5492,0.0002,6.0443,35.5155,11.8756,27.0135,35.7401
37.0,73.0,11.8859,40.4473,85.162,240.5634,0.1342,0.0002,99.45,204.1219,49.0869,-16.6363,0.0,0.0001,2.5448,-0.0014,6.0467,35.5148,11.8764,27.0129,35.7394
38.0,75.0,11.8285,40.3894,98.71,240.8582,0.122,0.0002,99.5051,204.122,49.0868,-16.6363,0.0,0.0001,2.5433,-0.0012,6.0575,35.5119,11.8188,27.0216,35.7505
39.0,77.0,11.7904,40.3517,98.7044,239.9513,0.0977,0.0002,99.5924,204.122,49.0868,-16.6363,0.0,0.0001,2.5351,-0.0013,6.059,35.5105,11.7805,27.0278,35.7582
40.0,79.0,11.7791,40.3419,82.5891,240.4789,0.0899,0.0001,99.6657,204.1221,49.0868,-16.6363,0.0,0.0001,2.5358,-0.0001,6.0605,35.5106,11.7689,27.0301,35.7609
41.0,81.0,11.7678,40.3328,98.695,240.023,0.0835,0.0001,99.6992,204.1221,49.0868,-16.6363,0.0,0.0001,2.5333,-0.0007,6.0609,35.5116,11.7573,27.033,35.7643
42.0,83.0,11.7633,40.3294,86.6616,240.3138,0.0834,0.0001,99.6654,204.1221,49.0868,-16.6363,0.0,0.0001,2.5331,-0.0003,6.0625,35.5117,11.7525,27.034,35.7655
43.0,85.0,11.7555,40.3213,90.2021,239.4543,0.0764,0.0001,99.7409,204.1222,49.0867,-16.6363,0.0,0.0001,2.528,-0.0014,6.0622,35.5103,11.7446,27.0344,35.7663
44.0,87.0,11.7513,40.3178,98.71,240.0083,0.0753,0.0001,99.7882,204.1222,49.0867,-16.6363,0.0,0.0001,2.5282,-0.0001,6.0648,35.51,11.74,27.0351,35.7671
45.0,89.0,11.7343,40.3002,64.1417,239.7308,0.0749,0.0001,99.8052,204.1223,49.0867,-16.6363,0.0,0.0001,2.5269,-0.0007,6.0661,35.5082,11.7229,27.0369,35.7696
46.0,91.0,11.7261,40.2948,88.3945,240.2428,0.0719,0.0001,99.826,204.1223,49.0867,-16.6363,0.0,0.0001,2.5288,0.0001,6.0662,35.5097,11.7144,27.0397,35.7728
47.0,93.0,11.727,40.2978,98.7008,239.7155,0.0677,0.0001,99.8318,204.1224,49.0867,-16.6363,0.0,0.0001,2.5256,-0.0007,6.0663,35.5108,11.715,27.0404,35.7734
48.0,95.0,11.7216,40.2943,88.9479,239.9913,0.0642,0.0001,99.8593,204.1224,49.0867,-16.6363,0.0,0.0001,2.526,-0.0001,6.067,35.5119,11.7094,27.0424,35.7756
49.0,97.0,11.7189,40.2944,75.8785,240.0939,0.0591,0.0,99.8935,204.1225,49.0867,-16.6364,0.0,0.0001,2.525,0.0001,6.0679,35.5133,11.7064,27.044,35.7774
50.0,99.0,11.716,40.2926,96.3147,240.0881,0.0617,0.0,99.9016,204.1226,49.0866,-16.6364,0.0,0.0001,2.5252,-0.0003,6.07,35.5136,11.7033,27.0449,35.7783
51.0,101.0,11.6888,40.265,98.6764,240.1499,0.0599,0.0,99.9068,204.1227,49.0866,-16.6364,0.0,0.0001,2.5242,0.0,6.0707,35.5116,11.6758,27.0485,35.7831
52.0,103.0,11.6769,40.2539,85.1608,239.966,0.0572,0.0,99.9226,204.1228,49.0866,-16.6364,0.0,0.0001,2.5228,-0.0003,6.0717,35.511,11.6637,27.0503,35.7854
53.0,105.0,11.6739,40.2508,94.6045,240.1214,0.0544,0.0,99.9324,204.123,49.0865,-16.6364,0.0,0.0001,2.5225,0.0001,6.0729,35.5102,11.6604,27.0503,35.7855
54.0,107.0,11.6613,40.2392,89.302,239.8481,0.0513,0.0,99.9464,204.1231,49.0865,-16.6364,0.0,0.0001,2.5196,-0.0004,6.0768,35.5099,11.6476,27.0525,35.7882
55.0,109.0,11.6446,40.229,95.8243,239.8024,0.0498,0.0,99.9569,204.1232,49.0865,-16.6364,0.0,0.0001,2.5179,-0.0001,6.0769,35.5148,11.6306,27.0595,35.7958
56.0,111.0,11.658,40.2492,87.6461,239.7049,0.0533,0.0,99.9504,204.1233,49.0865,-16.6364,0.0,0.0001,2.5174,-0.0002,6.0746,35.5211,11.6438,27.0619,35.7976
57.0,113.0,11.6662,40.2621,92.1836,239.7342,0.0495,0.0,99.9556,204.1233,49.0864,-16.6364,0.0,0.0001,2.5168,-0.0001,6.0747,35.525,11.6516,27.0635,35.7988
58.0,115.0,11.6654,40.2629,98.7022,239.7825,0.0487,0.0,99.9378,204.1233,49.0864,-16.6364,0.0,0.0001,2.5172,-0.0001,6.0733,35.5257,11.6506,27.0642,35.7996
59.0,117.0,11.6765,40.2796,98.695,239.0959,0.0478,0.0,99.9379,204.1234,49.0864,-16.6364,0.0,0.0001,2.5133,-0.0011,6.0729,35.5305,11.6615,27.0659,35.8008
60.0,119.0,11.6769,40.2842,98.7055,239.6795,0.0497,0.0,99.9304,204.1234,49.0864,-16.6364,0.0,0.0001,2.5145,0.0005,6.0703,35.5337,11.6616,27.0683,35.8032
61.0,121.0,11.7158,40.3349,86.5596,238.2672,0.0475,0.0,99.9521,204.1235,49.0864,-16.6364,0.0,0.0001,2.5106,-0.0024,6.0639,35.5456,11.7002,27.0703,35.8034
62.0,123.0,11.7408,40.3673,98.705,237.7459,0.0457,0.0,99.9587,204.1235,49.0864,-16.6364,0.0,0.0001,2.5048,-0.0023,6.0669,35.5527,11.725,27.0711,35.8032
63.0,125.0,11.7275,40.353,96.813,238.571,0.0446,0.0,99.9532,204.1236,49.0864,-16.6364,0.0,0.0001,2.5058,0.0003,6.0651,35.5505,11.7114,27.072,35.8046
64.0,127.0,11.7379,40.3695,81.3267,237.7368,0.0439,0.0,99.9588,204.1236,49.0863,-16.6364,0.0,0.0001,2.5027,-0.0014,6.0634,35.5559,11.7215,27.0743,35.8064
65.0,129.0,11.7423,40.3764,98.71,237.366,0.0407,0.0,99.9845,204.1237,49.0863,-16.6364,0.0,0.0001,2.4983,-0.0012,6.0634,35.5575,11.7257,27.0747,35.8067
66.0,131.0,11.7356,40.3681,98.7057,237.9315,0.0416,0.0,99.9686,204.1237,49.0863,-16.6364,0.0,0.0001,2.4992,-0.0001,6.0673,35.5551,11.7188,27.0742,35.8064
67.0,133.0,11.6686,40.2915,88.6464,238.262,0.0418,0.0,99.9556,204.1238,49.0863,-16.6364,0.0,0.0001,2.4984,-0.0005,6.0811,35.5427,11.6515,27.0773,35.8124
68.0,135.0,11.5837,40.1921,98.71,239.2723,0.0411,0.0,99.9301,204.1238,49.0863,-16.6364,0.0,0.0001,2.5002,0.002,6.082,35.5252,11.5665,27.0797,35.8184
69.0,137.0,11.5613,40.1682,95.2398,239.0905,0.0382,0.0,99.9216,204.1238,49.0863,-16.6364,0.0,0.0001,2.5027,0.0001,6.0831,35.5222,11.5438,27.0816,35.8213
70.0,139.0,11.5741,40.1846,84.2138,239.2339,0.0408,0.0,99.9127,204.1239,49.0863,-16.6364,0.0,0.0001,2.5018,0.0005,6.0845,35.5252,11.5564,27.0816,35.8207
71.0,141.0,11.5841,40.201,92.7673,239.5123,0.0414,0.0,99.9047,204.1239,49.0863,-16.6364,0.0,0.0001,2.5048,0.0005,6.0805,35.5307,11.566,27.0841,35.8228
72.0,143.0,11.6149,40.2413,97.8062,240.0472,0.0386,0.0,99.9201,204.124,49.0863,-16.6364,0.0,0.0001,2.5071,0.0014,6.0783,35.5402,11.5965,27.0857,35.823
73.0,145.0,11.6291,40.2627,98.71,240.2754,0.0711,0.0,99.9418,204.124,49.0863,-16.6364,0.0,0.0001,2.5096,0.0009,6.0794,35.547,11.6105,27.0884,35.825
74.0,147.0,11.6151,40.2468,98.707,240.4964,0.0435,0.0,99.9317,204.124,49.0862,-16.6364,0.0,0.0001,2.5113,0.0005,6.0814,35.5438,11.5962,27.0886,35.8259
75.0,149.0,11.5957,40.2257,77.9031,240.3229,0.0397,0.0,99.9241,204.1241,49.0862,-16.6364,0.0,0.0001,2.5104,-0.0002,6.0845,35.5406,11.5767,27.0898,35.8279
76.0,151.0,11.5815,40.211,98.7067,240.2296,0.0366,0.0,99.9353,204.1241,49.0862,-16.6364,0.0,0.0001,2.5092,-0.0005,6.0861,35.5389,11.5622,27.0912,35.8299
77.0,153.0,11.5705,40.1996,98.704,240.5663,0.0382,0.0,99.9369,204.1241,49.0862,-16.6364,0.0,0.0001,2.5095,0.0002,6.0871,35.5372,11.5509,27.092,35.8312
78.0,155.0,11.5629,40.1922,65.2534,240.5065,0.0377,0.0,99.939,204.1242,49.0862,-16.6364,0.0,0.0001,2.5091,-0.0001,6.0878,35.5362,11.5431,27.0927,35.8322
79.0,157.0,11.5584,40.1883,93.438,240.3269,0.037,0.0,99.9348,204.1242,49.0862,-16.6364,0.0,0.0001,2.5076,-0.0005,6.0884,35.5358,11.5384,27.0933,35.833
80.0,159.0,11.5546,40.1851,98.71,240.0625,0.035,0.0,99.9364,204.1242,49.0862,-16.6364,0.0,0.0001,2.5057,-0.0007,6.088,35.5353,11.5342,27.0936,35.8335
81.0,161.0,11.5518,40.1832,98.7025,240.4795,0.0363,0.0,99.9201,204.1243,49.0862,-16.6364,0.0,0.0001,2.5065,0.0001,6.0888,35.5352,11.5312,27.0941,35.8341
82.0,163.0,11.5564,40.1883,87.13,240.1563,0.0367,0.0,99.9164,204.1243,49.0862,-16.6364,0.0,0.0001,2.5049,-0.0007,6.0896,35.5352,11.5356,27.0933,35.8331
83.0,165.0,11.5473,40.1796,84.5795,240.2956,0.0372,0.0,99.9077,204.1243,49.0862,-16.6364,0.0,0.0001,2.5043,-0.0002,6.0902,35.5346,11.5262,27.0946,35.8348
84.0,167.0,11.5394,40.1728,98.7025,240.7355,0.0385,0.0,99.9027,204.1244,49.0862,-16.6364,0.0,0.0001,2.5059,0.0005,6.0896,35.5343,11.5181,27.0959,35.8364
85.0,169.0,11.5361,40.171,98.71,240.0034,0.0382,0.0,99.9057,204.1244,49.0862,-16.6364,0.0,0.0001,2.5026,-0.0013,6.0933,35.5348,11.5146,27.0969,35.8376
86.0,171.0,11.5124,40.147,82.2412,240.372,0.0365,0.0,99.9009,204.1245,49.0862,-16.6364,0.0,0.0001,2.5014,0.0,6.0945,35.5329,11.4905,27.1,35.8417
87.0,173.0,11.5079,40.1429,93.6844,240.5087,0.0319,0.0,99.9032,204.1245,49.0862,-16.6364,0.0,0.0001,2.5019,0.0002,6.0945,35.5322,11.4858,27.1003,35.8422
88.0,175.0,11.5015,40.1375,97.7993,240.5792,0.0337,0.0,99.8775,204.1245,49.0862,-16.6364,0.0,0.0001,2.5022,-0.0001,6.0959,35.5322,11.4792,27.1016,35.8437
89.0,177.0,11.4961,40.1335,86.0617,239.9968,0.0349,0.0,99.8978,204.1246,49.0861,-16.6364,0.0,0.0001,2.4994,-0.0011,6.0965,35.5324,11.4736,27.1028,35.8451
90.0,179.0,11.4931,40.1329,92.3758,239.9902,0.0361,0.0,99.8954,204.1246,49.0861,-16.6364,0.0,0.0001,2.4977,-0.0007,6.0964,35.5338,11.4703,27.1045,35.847
91.0,181.0,11.4935,40.1354,98.69,240.0856,0.0355,0.0,99.8933,204.1246,49.0861,-16.6364,0.0,0.0001,2.497,-0.0002,6.0963,35.5352,11.4704,27.1055,35.848
92.0,183.0,11.4936,40.1376,98.7044,239.4327,0.0329,0.0,99.8815,204.1247,49.0861,-16.6364,0.0,0.0001,2.4938,-0.0014,6.096,35.5363,11.4703,27.1064,35.8489
93.0,185.0,11.4968,40.1431,81.2743,239.3872,0.0325,0.0,99.8938,204.1247,49.0861,-16.6364,0.0,0.0001,2.4908,-0.0005,6.0955,35.5377,11.4732,27.1069,35.8492
94.0,187.0,11.4998,40.1479,79.2526,239.1163,0.0325,0.0,99.8927,204.1247,49.0861,-16.6364,0.0,0.0001,2.489,-0.0008,6.0949,35.5388,11.4759,27.1073,35.8494
95.0,189.0,11.5095,40.1622,77.2309,239.4047,0.0324,0.0,99.8978,204.1248,49.0861,-16.6364,0.0,0.0001,2.4889,0.0001,6.0943,35.5426,11.4854,27.1085,35.8503
96.0,191.0,11.5138,40.1695,94.415,238.1673,0.0463,0.0,99.8944,204.1248,49.0861,-16.6364,0.0,0.0001,2.484,-0.0024,6.0956,35.5451,11.4894,27.1097,35.8512
97.0,193.0,11.493,40.1469,98.6857,238.1627,0.0367,0.0,99.8828,204.1248,49.0861,-16.6364,0.0,0.0001,2.4792,-0.0011,6.0992,35.5415,11.4684,27.1108,35.8533
98.0,195.0,11.4681,40.1183,98.7072,238.9199,0.0321,0.0001,99.8793,204.1249,49.0861,-16.6364,0.0,0.0001,2.4803,0.0007,6.0988,35.5364,11.4433,27.1116,35.8551
99.0,197.0,11.4638,40.1147,98.488,239.1226,0.0327,0.0001,99.873,204.1249,49.0861,-16.6364,0.0,0.0001,2.4826,0.0003,6.1,35.5361,11.4387,27.1122,35.8559
100.0,199.0,11.4652,40.117,98.7005,238.48,0.0343,0.0001,99.8453,204.1249,49.086,-16.6364,0.0,0.0001,2.4799,-0.001,6.1002,35.536,11.4399,27.1118,35.8555
101.0,201.0,11.4707,40.128,95.7442,239.0526,0.0342,0.0001,99.8468,204.125,49.086,-16.6364,0.0,0.0001,2.4811,0.0006,6.0971,35.5405,11.445,27.1144,35.8578
102.0,203.0,11.479,40.1394,77.5736,238.3617,0.031,0.0001,99.8434,204.125,49.086,-16.6364,0.0,0.0001,2.4796,-0.0011,6.0949,35.5432,11.4532,27.115,35.858
103.0,205.0,11.5024,40.1724,96.8463,236.8703,0.0292,0.0,99.8978,204.125,49.086,-16.6364,0.0,0.0001,2.4713,-0.0029,6.0945,35.5524,11.4763,27.1178,35.8598
104.0,207.0,11.5074,40.1807,98.4248,236.7709,0.0293,0.0,99.8911,204.1251,49.086,-16.6364,0.0,0.0001,2.4658,-0.0011,6.094,35.5548,11.4809,27.1188,35.8606
105.0,209.0,11.5064,40.1791,98.71,236.1789,0.0315,0.0,99.8978,204.1251,49.086,-16.6364,0.0,0.0001,2.4621,-0.0018,6.0942,35.5536,11.4797,27.1181,35.8599
106.0,211.0,11.504,40.1806,98.71,236.6552,0.0299,0.0001,99.8809,204.1251,49.086,-16.6364,0.0,0.0001,2.4615,-0.0002,6.0941,35.5562,11.477,27.1206,35.8625
107.0,213.0,11.502,40.1788,86.9185,236.7911,0.0283,0.0001,99.8455,204.1252,49.086,-16.6364,0.0,0.0001,2.4612,0.0,6.0955,35.5558,11.4748,27.1207,35.8627
108.0,215.0,11.4956,40.172,93.0571,236.0556,0.0285,0.0001,99.8401,204.1252,49.086,-16.6364,0.0,0.0001,2.458,-0.0016,6.0979,35.5542,11.4681,27.1207,35.863
109.0,217.0,11.4754,40.1514,98.7085,236.3735,0.0302,0.0001,99.8271,204.1252,49.086,-16.6364,0.0,0.0001,2.4568,-0.0004,6.0993,35.5523,11.4477,27.1231,35.8662
110.0,219.0,11.4677,40.1432,83.2821,237.0386,0.0291,0.0001,99.8401,204.1253,49.086,-16.6364,0.0,0.0001,2.4584,0.001,6.0985,35.5506,11.4398,27.1233,35.8667
111.0,221.0,11.4646,40.1405,98.7065,236.7115,0.0309,0.0001,99.8241,204.1253,49.086,-16.6364,0.0,0.0001,2.4585,-0.0004,6.0998,35.55,11.4364,27.1234,35.867
112.0,223.0,11.4635,40.1403,94.3068,236.7443,0.029,0.0001,99.8271,204.1254,49.0859,-16.6364,0.0,0.0001,2.4573,0.0,6.0997,35.55,11.4351,27.1236,35.8673
113.0,225.0,11.4513,40.1272,89.9071,237.2114,0.0286,0.0001,99.8331,204.1254,49.0859,-16.6364,0.0,0.0001,2.4589,0.0005,6.1008,35.5479,11.4226,27.1244,35.8686
114.0,227.0,11.4548,40.1327,97.2112,237.0348,0.0309,0.0001,99.8357,204.1254,49.0859,-16.6364,0.0,0.0001,2.4585,-0.0002,6.1011,35.5492,11.4258,27.1247,35.8688
115.0,229.0,11.4524,40.1321,98.6969,236.9398,0.0314,0.0001,99.8257,204.1255,49.0859,-16.6364,0.0,0.0001,2.4574,-0.0002,6.1026,35.5497,11.4232,27.1256,35.8698
116.0,231.0,11.4414,40.119,98.7011,236.8441,0.0286,0.0001,99.8236,204.1255,49.0859,-16.6364,0.0,0.0001,2.4549,-0.0012,6.1146,35.5467,11.412,27.1254,35.87
117.0,233.0,11.363,40.0286,31.9926,237.6208,0.0272,0.0001,99.826,204.1255,49.0859,-16.6364,0.0,0.0001,2.4555,0.0007,6.117,35.5315,11.3334,27.1282,35.8762
118.0,235.0,11.3215,39.981,94.0476,237.7887,0.03,0.0001,99.8176,204.1256,49.0859,-16.6364,0.0,0.0001,2.4567,0.0001,6.1228,35.5234,11.2917,27.1296,35.8794
119.0,237.0,11.2893,39.9445,98.71,237.8081,0.0304,0.0001,99.8112,204.1256,49.0859,-16.6364,0.0,0.0001,2.4563,0.0001,6.1238,35.517,11.2594,27.1306,35.8818
120.0,239.0,11.2875,39.9435,98.7006,237.8081,0.0282,0.0001,99.7952,204.1256,49.0859,-16.6364,0.0,0.0001,2.4565,0.0,6.1221,35.517,11.2573,27.1311,35.8824
121.0,241.0,11.2848,39.9414,98.71,237.6833,0.0296,0.0001,99.7893,204.1257,49.0859,-16.6364,0.0,0.0001,2.4546,-0.0003,6.1241,35.5165,11.2544,27.1312,35.8826
122.0,243.0,11.2829,39.9403,98.7025,237.4553,0.0296,0.0001,99.7963,204.1257,49.0859,-16.6364,0.0,0.0001,2.4528,-0.0007,6.1257,35.5165,11.2522,27.1316,35.8831
123.0,245.0,11.2727,39.93,98.703,238.0339,0.0276,0.0001,99.7974,204.1257,49.0859,-16.6364,0.0,0.0001,2.4538,0.0006,6.1253,35.5149,11.2418,27.1323,35.8842
124.0,247.0,11.2706,39.9292,85.1928,237.5833,0.0282,0.0001,99.7982,204.1258,49.0859,-16.6364,0.0,0.0001,2.4525,-0.0005,6.1263,35.5155,11.2394,27.1332,35.8852
125.0,249.0,11.2716,39.9332,96.4874,237.2826,0.0275,0.0001,99.7923,204.1258,49.0859,-16.6364,0.0,0.0001,2.4503,-0.0007,6.1254,35.5176,11.2401,27.1347,35.8867
126.0,251.0,11.2763,39.9425,98.7054,237.3267,0.0286,0.0001,99.809,204.1258,49.0858,-16.6364,0.0,0.0001,2.4483,-0.0003,6.1255,35.5213,11.2446,27.1367,35.8885
127.0,253.0,11.2745,39.942,93.1916,237.4302,0.0242,0.0001,99.8187,204.1259,49.0858,-16.6364,0.0,0.0001,2.4489,-0.0002,6.1253,35.5217,11.2425,27.1374,35.8893
128.0,255.0,11.276,39.9449,98.6947,237.0542,0.0224,0.0001,99.8323,204.1259,49.0858,-16.6364,0.0,0.0001,2.4469,-0.0007,6.1253,35.5223,11.2438,27.1376,35.8894
129.0,257.0,11.2778,39.9487,98.71,237.3258,0.0249,0.0001,99.8203,204.1259,49.0858,-16.6364,0.0,0.0001,2.447,-0.0002,6.125,35.5234,11.2453,27.1383,35.89
130.0,259.0,11.278,39.9504,98.6767,236.9381,0.0238,0.0001,99.8098,204.126,49.0858,-16.6364,0.0,0.0001,2.4448,-0.0007,6.125,35.5241,11.2453,27.1388,35.8904
131.0,261.0,11.2787,39.9523,88.1176,237.3872,0.0253,0.0001,99.7929,204.126,49.0858,-16.6364,0.0,0.0001,2.4458,0.0003,6.1248,35.5244,11.2457,27.139,35.8906
132.0,263.0,11.2795,39.954,98.6344,237.6288,0.0296,0.0001,99.7984,204.126,49.0858,-16.6364,0.0,0.0001,2.4466,0.0006,6.1252,35.5245,11.2463,27.1389,35.8906
133.0,265.0,11.2756,39.9509,98.6962,237.5148,0.0332,0.0001,99.8055,204.1261,49.0858,-16.6364,0.0,0.0001,2.447,-0.0002,6.1243,35.5244,11.2421,27.1396,35.8914
134.0,267.0,11.2823,39.9612,67.6063,237.4082,0.024,0.0001,99.789,204.1261,49.0858,-16.6364,0.0,0.0001,2.4461,-0.0003,6.1246,35.5271,11.2485,27.1405,35.892
135.0,269.0,11.2808,39.9607,95.3157,237.6462,0.0274,0.0001,99.7909,204.1261,49.0858,-16.6364,0.0,0.0001,2.4464,0.0001,6.1247,35.5271,11.2468,27.1408,35.8924
136.0,271.0,11.2792,39.9603,98.6897,237.3402,0.0292,0.0001,99.8112,204.1262,49.0858,-16.6364,0.0,0.0001,2.4447,-0.0006,6.125,35.5273,11.245,27.1413,35.893
137.0,273.0,11.2771,39.9593,98.5593,237.333,0.0315,0.0001,99.8048,204.1262,49.0858,-16.6364,0.0,0.0001,2.4444,-0.0004,6.1251,35.5274,11.2426,27.1419,35.8936
138.0,275.0,11.2743,39.957,98.71,237.2956,0.0232,0.0001,99.8025,204.1262,49.0858,-16.6364,0.0,0.0001,2.4426,-0.0004,6.1261,35.527,11.2395,27.1421,35.894
139.0,277.0,11.266,39.9484,63.571,236.9565,0.0248,0.0001,99.749,204.1263,49.0858,-16.6364,0.0,0.0001,2.4403,-0.0009,6.1289,35.5255,11.231,27.1425,35.8947
140.0,279.0,11.2497,39.9314,93.4841,236.5192,0.0295,0.0001,99.8079,204.1263,49.0858,-16.6364,0.0,0.0001,2.4367,-0.0013,6.1287,35.5234,11.2144,27.1439,35.8969
141.0,281.0,11.2426,39.9244,98.7005,237.0088,0.0245,0.0001,99.7963,204.1264,49.0858,-16.6364,0.0,0.0001,2.4371,-0.0001,6.1299,35.5222,11.207,27.1444,35.8977
142.0,283.0,11.2422,39.924,94.4133,236.672,0.0259,0.0001,99.7979,204.1264,49.0858,-16.6364,0.0,0.0001,2.4355,-0.001,6.1325,35.5218,11.2065,27.1441,35.8974
143.0,285.0,11.2131,39.8915,66.7201,236.7656,0.0274,0.0001,99.8024,204.1264,49.0858,-16.6364,0.0,0.0001,2.4331,-0.0002,6.136,35.5162,11.1772,27.1452,35.8997
144.0,287.0,11.2013,39.8787,88.9473,236.6102,0.0306,0.0001,99.8145,204.1264,49.0857,-16.6364,0.0,0.0001,2.4322,-0.0004,6.1345,35.5141,11.1651,27.1458,35.9009
145.0,289.0,11.1778,39.8524,98.7025,236.8622,0.0256,0.0001,99.8055,204.1265,49.0858,-16.6364,0.0,0.0001,2.4314,-0.0005,6.1432,35.5098,11.1415,27.1468,35.9029
146.0,291.0,11.1343,39.804,98.6897,236.6838,0.022,0.0001,99.7774,204.1265,49.0857,-16.6364,0.0,0.0001,2.4292,-0.0003,6.1433,35.5024,11.0978,27.1491,35.9071
147.0,293.0,11.1357,39.8065,94.1948,235.9242,0.026,0.0001,99.8043,204.1266,49.0857,-16.6364,0.0,0.0001,2.425,-0.0016,6.1451,35.5029,11.099,27.1492,35.9071
148.0,295.0,11.1321,39.8038,85.9808,237.0385,0.0265,0.0001,99.8265,204.1266,49.0857,-16.6364,0.0,0.0001,2.4272,0.0013,6.1442,35.5027,11.0951,27.1497,35.9078
149.0,297.0,11.1359,39.8099,98.706,236.5597,0.0236,0.0001,99.8151,204.1266,49.0857,-16.6364,0.0,0.0001,2.4271,-0.0003,6.1436,35.5041,11.0986,27.1503,35.9082
150.0,299.0,11.1449,39.8228,98.7025,236.4182,0.0242,0.0001,99.8401,204.1267,49.0857,-16.6364,0.0,0.0001,2.4269,-0.0003,6.142,35.5073,11.1074,27.1512,35.9087
151.0,301.0,11.1559,39.8378,85.4884,236.9455,0.0245,0.0001,99.8339,204.1267,49.0857,-16.6363,0.0,0.0001,2.4267,0.0007,6.1426,35.5107,11.1181,27.1518,35.9089
152.0,303.0,11.1577,39.8407,97.2118,236.8275,0.0264,0.0001,99.8262,204.1267,49.0857,-16.6364,0.0,0.0001,2.4271,0.0001,6.1406,35.5112,11.1196,27.1519,35.9089
153.0,305.0,11.1631,39.8488,98.6983,236.3551,0.0263,0.0001,99.8317,204.1268,49.0857,-16.6363,0.0,0.0001,2.4256,-0.0009,6.1392,35.513,11.1247,27.1524,35.9091
154.0,307.0,11.1808,39.8722,98.697,237.0342,0.0229,0.0002,99.65,204.1268,49.0857,-16.6363,0.0,0.0001,2.4267,0.0007,6.1394,35.5183,11.1421,27.1533,35.9093
155.0,309.0,11.1859,39.8794,93.3681,236.9768,0.0233,0.0001,99.7976,204.1268,49.0857,-16.6363,0.0,0.0001,2.4279,0.0005,6.1334,35.5199,11.147,27.1536,35.9093
156.0,311.0,11.2242,39.9301,98.7031,236.5511,0.0252,0.0001,99.7981,204.1269,49.0857,-16.6363,0.0,0.0001,2.4277,-0.0006,6.1299,35.5325,11.1849,27.1564,35.9105
157.0,313.0,11.2387,39.9495,98.7017,235.9295,0.0264,0.0001,99.7824,204.1269,49.0857,-16.6363,0.0,0.0001,2.4235,-0.0012,6.1292,35.537,11.1991,27.1574,35.9107
158.0,315.0,11.2418,39.954,56.4689,236.1337,0.0247,0.0001,99.7756,204.1269,49.0857,-16.6363,0.0,0.0001,2.4223,-0.0004,6.1306,35.5376,11.202,27.1573,35.9105
159.0,317.0,11.2422,39.9563,98.695,236.4881,0.0248,0.0001,99.7824,204.127,49.0856,-16.6363,0.0,0.0001,2.4233,0.0003,6.1293,35.5385,11.2021,27.158,35.9112
160.0,319.0,11.2426,39.9575,52.745,235.7803,0.0674,0.0001,99.7824,204.127,49.0856,-16.6363,0.0,0.0001,2.421,-0.0012,6.1289,35.5385,11.2022,27.158,35.9112
161.0,321.0,11.2438,39.9607,94.3741,235.9794,0.0346,0.0001,99.7743,204.127,49.0856,-16.6363,0.0,0.0001,2.42,-0.0003,6.1293,35.5395,11.2032,27.1586,35.9117
162.0,323.0,11.2406,39.9581,98.6962,236.1918,0.026,0.0001,99.7631,204.1271,49.0856,-16.6363,0.0,0.0001,2.42,0.0,6.1307,35.5392,11.1997,27.1589,35.9123
163.0,325.0,11.2329,39.9502,98.6869,235.6325,0.0239,0.0001,99.7343,204.1271,49.0856,-16.6363,0.0,0.0001,2.4169,-0.001,6.1322,35.5378,11.1918,27.1593,35.913
164.0,327.0,11.2208,39.9374,98.6405,235.945,0.0279,0.0001,99.7246,204.1271,49.0856,-16.6363,0.0,0.0001,2.4164,0.0,6.1332,35.5358,11.1794,27.1601,35.9142
165.0,329.0,11.2128,39.9288,98.6952,236.0382,0.026,0.0001,99.7397,204.1272,49.0856,-16.6363,0.0,0.0001,2.4165,0.0001,6.1332,35.5341,11.1712,27.1602,35.9148
166.0,331.0,11.2136,39.9304,81.1543,235.8969,0.0275,0.0001,99.7439,204.1272,49.0856,-16.6363,0.0,0.0001,2.4168,-0.0005,6.1353,35.5341,11.1718,27.1601,35.9146
167.0,333.0,11.2009,39.9167,78.378,235.7026,0.0271,0.0001,99.7487,204.1272,49.0856,-16.6363,0.0,0.0001,2.4139,-0.0007,6.1358,35.5318,11.1588,27.1608,35.9158
168.0,335.0,11.1861,39.9006,96.5171,235.6701,0.0265,0.0001,99.7503,204.1273,49.0856,-16.6363,0.0,0.0001,2.4124,-0.0005,6.1371,35.5291,11.1438,27.1614,35.9171
169.0,337.0,11.1838,39.8994,98.7025,235.626,0.025,0.0001,99.7501,204.1273,49.0856,-16.6363,0.0,0.0001,2.4108,-0.0003,6.137,35.5292,11.1413,27.162,35.9178
170.0,339.0,11.1842,39.901,98.695,235.6883,0.0243,0.0001,99.7535,204.1273,49.0856,-16.6363,0.0,0.0001,2.4105,-0.0002,6.1383,35.5294,11.1415,27.1621,35.9179
171.0,341.0,11.1777,39.8944,98.695,235.7303,0.0283,0.0001,99.7511,204.1274,49.0856,-16.6362,0.0,0.0001,2.4104,-0.0003,6.1396,35.5285,11.1348,27.1626,35.9187
172.0,343.0,11.1667,39.8835,73.9824,235.4875,0.0236,0.0001,99.7651,204.1274,49.0856,-16.6362,0.0,0.0001,2.4078,-0.0005,6.1388,35.5273,11.1234,27.1637,35.9203
173.0,345.0,11.1704,39.8887,94.8297,235.4627,0.0219,0.0001,99.7441,204.1274,49.0856,-16.6362,0.0,0.0001,2.407,-0.0005,6.142,35.528,11.1269,27.1637,35.9201
174.0,347.0,11.1537,39.8704,98.71,235.3573,0.0252,0.0001,99.7277,204.1275,49.0856,-16.6362,0.0,0.0001,2.4051,-0.0008,6.1461,35.525,11.11,27.1645,35.9216
175.0,349.0,11.131,39.845,98.7025,235.273,0.0223,0.0001,99.7768,204.1275,49.0856,-16.6362,0.0,0.0001,2.4042,-0.0005,6.1436,35.5206,11.0871,27.1652,35.9233
176.0,351.0,11.1056,39.8168,81.838,235.7429,0.0213,0.0001,99.7808,204.1275,49.0856,-16.6362,0.0,0.0001,2.4049,0.0002,6.1467,35.516,11.0615,27.1663,35.9256
177.0,353.0,11.1092,39.8218,98.6947,235.2339,0.0243,0.0001,99.7705,204.1276,49.0856,-16.6362,0.0,0.0001,2.4025,-0.0009,6.1469,35.5168,11.0649,27.1663,35.9254
178.0,355.0,11.1153,39.8314,98.71,234.9304,0.0217,0.0001,99.773,204.1276,49.0855,-16.6362,0.0,0.0001,2.3993,-0.0011,6.1482,35.5194,11.0706,27.1673,35.9261
179.0,357.0,11.1049,39.8196,98.6916,235.464,0.0233,0.0001,99.779,204.1276,49.0855,-16.6362,0.0,0.0001,2.4004,0.0003,6.1471,35.5166,11.06,27.1671,35.9264
180.0,359.0,11.1061,39.8219,80.6278,235.6938,0.0232,0.0001,99.7808,204.1277,49.0856,-16.6362,0.0,0.0001,2.4017,0.0002,6.1498,35.517,11.0609,27.1672,35.9265
181.0,361.0,11.0896,39.8034,98.7067,235.3205,0.025,0.0001,99.7824,204.1277,49.0855,-16.6362,0.0,0.0001,2.3992,-0.0009,6.1546,35.5135,11.0443,27.1675,35.9275
182.0,363.0,11.0606,39.7704,98.71,234.5062,0.0277,0.0001,99.7824,204.1277,49.0855,-16.6362,0.0,0.0001,2.3961,-0.0021,6.1545,35.5079,11.0151,27.1684,35.9297
183.0,365.0,11.0573,39.768,98.6982,234.9821,0.0276,0.0001,99.8,204.1277,49.0855,-16.6362,0.0,0.0001,2.3953,-0.0004,6.1558,35.5078,11.0115,27.1691,35.9305
184.0,367.0,11.0476,39.757,74.9124,235.5736,0.0215,0.0001,99.7828,204.1278,49.0855,-16.6362,0.0,0.0001,2.3955,0.0004,6.1585,35.5054,11.0017,27.169,35.9308
185.0,369.0,11.0203,39.7273,95.278,235.4367,0.0232,0.0001,99.791,204.1278,49.0855,-16.6362,0.0,0.0001,2.3954,-0.0001,6.1601,35.5009,10.9741,27.1705,35.9336
186.0,371.0,11.011,39.7168,98.6983,234.3759,0.0234,0.0001,99.7055,204.1278,49.0855,-16.6362,0.0,0.0001,2.3907,-0.0024,6.1641,35.4987,10.9646,27.1705,35.934
187.0,373.0,10.9905,39.6955,98.6996,234.9317,0.0196,0.0001,99.8082,204.1279,49.0855,-16.6362,0.0,0.0001,2.3895,-0.0004,6.163,35.4961,10.9439,27.1722,35.9366
188.0,375.0,10.9875,39.6931,98.6979,235.5864,0.0194,0.0001,99.7932,204.1279,49.0855,-16.6362,0.0,0.0001,2.3919,0.0008,6.1629,35.4956,10.9406,27.1725,35.9369
189.0,377.0,10.9944,39.7019,98.6996,234.54,0.0232,0.0001,99.7671,204.1279,49.0855,-16.6362,0.0,0.0001,2.3889,-0.0015,6.1628,35.4972,10.9473,27.1725,35.9366
190.0,379.0,10.9999,39.7113,98.695,235.1204,0.0208,0.0001,99.8078,204.128,49.0855,-16.6361,0.0,0.0001,2.3883,0.0001,6.1645,35.5002,10.9524,27.1739,35.9378
191.0,381.0,10.9897,39.7005,98.695,235.1573,0.0245,0.0001,99.8047,204.128,49.0855,-16.6361,0.0,0.0001,2.389,0.0001,6.164,35.4984,10.9421,27.1744,35.9388
192.0,383.0,10.9866,39.699,81.9551,235.1636,0.0237,0.0001,99.8056,204.128,49.0855,-16.6361,0.0,0.0001,2.3882,-0.0001,6.166,35.4989,10.9387,27.1754,35.9399
193.0,385.0,10.9807,39.6917,98.7089,234.2848,0.0229,0.0001,99.8025,204.1281,49.0855,-16.6361,0.0,0.0001,2.3846,-0.0018,6.1672,35.4967,10.9327,27.1748,35.9395
194.0,387.0,10.9573,39.6677,98.6875,235.1497,0.0229,0.0001,99.8074,204.1281,49.0855,-16.6361,0.0,0.0001,2.3853,0.0004,6.1675,35.4941,10.909,27.1771,35.9429
195.0,389.0,10.9647,39.6774,89.1657,235.1762,0.0247,0.0001,99.7913,204.1281,49.0855,-16.6361,0.0,0.0001,2.3862,0.0001,6.1667,35.4958,10.9162,27.1771,35.9425
196.0,391.0,10.9712,39.6875,98.695,234.959,0.0237,0.0001,99.7631,204.1281,49.0855,-16.6361,0.0,0.0001,2.3846,-0.0004,6.1669,35.4986,10.9223,27.1782,35.9433
197.0,393.0,10.9692,39.6865,98.6917,235.2404,0.0218,0.0001,99.6547,204.1282,49.0855,-16.6361,0.0,0.0001,2.3854,0.0003,6.1666,35.4987,10.92,27.1787,35.9439
198.0,395.0,10.9644,39.682,98.6928,235.0638,0.0255,0.0001,99.8139,204.1282,49.0855,-16.6361,0.0,0.0001,2.3845,-0.0004,6.1673,35.4981,10.9151,27.1791,35.9445
199.0,397.0,10.9646,39.6836,46.9472,234.3435,0.0262,0.0001,99.7935,204.1282,49.0855,-16.6361,0.0,0.0001,2.3814,-0.0016,6.1673,35.4987,10.915,27.1795,35.945
200.0,399.0,10.9649,39.6852,98.6976,235.3525,0.0235,0.0001,99.8094,204.1283,49.0855,-16.6361,0.0,0.0001,2.3829,0.0008,6.1674,35.499,10.9151,27.1798,35.9452
201.0,401.0,10.9616,39.6823,98.6758,234.8441,0.023,0.0001,99.8077,204.1283,49.0855,-16.6361,0.0,0.0001,2.3814,-0.0007,6.169,35.4985,10.9116,27.18,35.9457
202.0,403.0,10.9528,39.6748,98.6967,234.4624,0.0213,0.0001,99.8141,204.1283,49.0855,-16.6361,0.0,0.0001,2.3797,-0.0006,6.1659,35.4984,10.9024,27.1816,35.9476
203.0,405.0,10.9641,39.6911,67.9345,234.7297,0.0218,0.0001,99.7985,204.1284,49.0854,-16.6361,0.0,0.0001,2.3801,0.0003,6.162,35.503,10.9135,27.1832,35.9487
204.0,407.0,10.9981,39.734,96.4974,235.4374,0.021,0.0001,99.8064,204.1284,49.0854,-16.6361,0.0,0.0001,2.381,0.0012,6.1645,35.5122,10.9471,27.1842,35.9482
205.0,409.0,10.9926,39.7295,96.2622,235.1227,0.0231,0.0001,99.7976,204.1284,49.0854,-16.6361,0.0,0.0001,2.3817,0.0,6.164,35.512,10.9414,27.1851,35.9493
206.0,411.0,10.9863,39.7222,98.4393,234.306,0.0229,0.0001,99.7968,204.1284,49.0854,-16.6361,0.0,0.0001,2.3784,-0.0016,6.1641,35.5101,10.9349,27.1848,35.9493
207.0,413.0,10.984,39.7209,98.7025,234.637,0.0225,0.0001,99.7992,204.1285,49.0854,-16.6361,0.0,0.0001,2.3773,-0.0004,6.1633,35.5102,10.9323,27.1853,35.9499
208.0,415.0,10.9897,39.729,98.6922,234.6768,0.0252,0.0001,99.8001,204.1285,49.0854,-16.636,0.0,0.0001,2.377,-0.0002,6.1636,35.5119,10.9378,27.1857,35.9501
209.0,417.0,10.9819,39.7209,81.8744,233.9182,0.0279,0.0001,99.8126,204.1285,49.0854,-16.636,0.0,0.0001,2.3731,-0.0015,6.1681,35.5103,10.9297,27.1859,35.9507
210.0,419.0,10.9543,39.6893,89.6813,233.8431,0.0298,0.0001,99.8112,204.1286,49.0854,-16.636,0.0,0.0001,2.3694,-0.0008,6.1706,35.5044,10.902,27.1863,35.9523
211.0,421.0,10.9387,39.6729,98.6969,233.744,0.0219,0.0001,99.8195,204.1286,49.0854,-16.636,0.0,0.0001,2.3685,-0.0005,6.1665,35.5023,10.8861,27.1876,35.9542
212.0,423.0,10.9689,39.7118,98.6894,233.5384,0.0204,0.0001,99.8027,204.1286,49.0854,-16.636,0.0,0.0001,2.3675,-0.0008,6.1681,35.5111,10.916,27.189,35.9543
213.0,425.0,10.9564,39.6983,84.2762,233.8242,0.0231,0.0001,99.8173,204.1287,49.0854,-16.636,0.0,0.0001,2.3667,0.0,6.1684,35.5088,10.9032,27.1895,35.9554
214.0,427.0,10.954,39.696,98.6967,232.9759,0.0238,0.0001,99.8108,204.1287,49.0854,-16.636,0.0,0.0001,2.3624,-0.0016,6.1714,35.5079,10.9006,27.1893,35.9552
215.0,429.0,10.9275,39.666,98.6934,233.3381,0.0229,0.0001,99.8174,204.1287,49.0854,-16.636,0.0,0.0001,2.3614,-0.0003,6.1724,35.5024,10.8739,27.1899,35.957
216.0,431.0,10.9247,39.6638,98.6967,233.4238,0.0243,0.0001,99.8155,204.1287,49.0854,-16.636,0.0,0.0001,2.3614,-0.0001,6.1717,35.5022,10.8709,27.1903,35.9575
217.0,433.0,10.9292,39.6698,72.3107,233.213,0.0322,0.0001,99.8312,204.1288,49.0854,-16.636,0.0,0.0001,2.3602,-0.0005,6.1714,35.5032,10.8752,27.1903,35.9573
218.0,435.0,10.9317,39.6745,95.8353,233.3112,0.0222,0.0001,99.8206,204.1288,49.0854,-16.636,0.0,0.0001,2.3593,-0.0002,6.1712,35.5044,10.8775,27.1908,35.9578
219.0,437.0,10.9332,39.677,98.6974,233.0972,0.0221,0.0003,99.3131,204.1288,49.0854,-16.636,0.0,0.0001,2.3588,-0.0004,6.1705,35.5046,10.8786,27.1908,35.9576
220.0,439.0,10.9392,39.6855,86.4586,233.2562,0.0223,0.0007,98.1408,204.1289,49.0854,-16.636,0.0,0.0001,2.3584,0.0002,6.1679,35.5064,10.8843,27.1911,35.9577
221.0,441.0,10.9573,39.7088,97.0353,232.9179,0.0243,0.0005,98.7579,204.1289,49.0854,-16.636,0.0,0.0001,2.3569,-0.0004,6.1655,35.5111,10.9021,27.1916,35.9574
222.0,443.0,10.9755,39.7325,98.7074,232.211,0.019,0.0003,99.164,204.1289,49.0854,-16.636,0.0,0.0001,2.3544,-0.0013,6.1627,35.5164,10.92,27.1924,35.9574
223.0,445.0,10.9886,39.751,98.6843,231.6043,0.02,0.0004,98.9871,204.129,49.0854,-16.636,0.0,0.0001,2.3501,-0.0016,6.161,35.5214,10.9328,27.194,35.9584
224.0,447.0,11.0024,39.7694,98.7044,231.6801,0.0201,0.0003,99.2431,204.129,49.0854,-16.636,0.0,0.0001,2.3489,-0.0009,6.1613,35.5257,10.9464,27.1949,35.9587
225.0,449.0,11.0022,39.7705,83.7468,231.9102,0.0237,0.0003,99.3017,204.129,49.0854,-16.636,0.0,0.0001,2.3474,-0.0001,6.1615,35.5261,10.9459,27.1953,35.9591
226.0,451.0,11.0016,39.7712,98.6912,231.9284,0.0246,0.0003,99.3384,204.129,49.0854,-16.636,0.0,0.0001,2.3468,-0.0002,6.1605,35.5263,10.945,27.1956,35.9595
227.0,453.0,11.0071,39.7798,63.9222,232.0362,0.0214,0.0002,99.4137,204.1291,49.0854,-16.636,0.0,0.0001,2.3468,0.0,6.1612,35.5288,10.9503,27.1966,35.9602
228.0,455.0,11.0043,39.7781,90.1704,232.8153,0.0215,0.0002,99.4339,204.1291,49.0854,-16.636,0.0,0.0001,2.3501,0.001,6.1622,35.5289,10.9472,27.1973,35.961
229.0,457.0,10.9947,39.7678,98.6903,231.8573,0.0237,0.0002,99.4478,204.1291,49.0854,-16.636,0.0,0.0001,2.3475,-0.0011,6.1626,35.527,10.9374,27.1976,35.9617
230.0,459.0,10.9921,39.7658,98.6842,232.1292,0.0206,0.0002,99.4404,204.1292,49.0853,-16.636,0.0,0.0001,2.3468,-0.0001,6.1622,35.5264,10.9345,27.1976,35.9619
231.0,461.0,11.0111,39.7905,98.6901,231.8235,0.0234,0.0002,99.442,204.1292,49.0853,-16.636,0.0,0.0001,2.3462,-0.0002,6.1538,35.5321,10.9531,27.1986,35.9621
232.0,463.0,11.0525,39.8435,98.6943,231.6913,0.0213,0.0003,99.3141,204.1292,49.0853,-16.636,0.0,0.0001,2.3457,-0.0004,6.1528,35.5442,10.9942,27.2006,35.9622
233.0,465.0,11.0622,39.8568,98.6997,231.8026,0.0188,0.0002,99.4517,204.1293,49.0853,-16.636,0.0,0.0001,2.3451,-0.0001,6.1526,35.5471,11.0036,27.2011,35.9623
234.0,467.0,11.0623,39.8578,98.6875,231.7071,0.016,0.0002,99.4936,204.1293,49.0853,-16.636,0.0,0.0001,2.3444,-0.0002,6.1527,35.5472,11.0035,27.2012,35.9624
235.0,469.0,11.0614,39.8578,82.7633,231.3364,0.0183,0.0002,99.5406,204.1293,49.0853,-16.636,0.0,0.0001,2.3424,-0.0008,6.1529,35.5471,11.0023,27.2014,35.9626
236.0,471.0,11.0606,39.858,96.582,231.2422,0.0218,0.0002,99.5514,204.1293,49.0853,-16.6359,0.0,0.0001,2.3408,-0.0006,6.1531,35.5472,11.0012,27.2016,35.9629
237.0,473.0,11.0575,39.8554,98.6925,231.6999,0.0206,0.0001,99.6069,204.1294,49.0853,-16.6359,0.0,0.0001,2.3411,0.0003,6.1535,35.5468,10.9979,27.2019,35.9634
238.0,475.0,11.0551,39.854,98.4748,231.8516,0.0203,0.0001,99.6799,204.1294,49.0853,-16.6359,0.0,0.0001,2.3417,0.0002,6.1558,35.5469,10.9953,27.2025,35.964
239.0,477.0,11.0435,39.8402,98.697,232.343,0.0227,0.0002,99.572,204.1294,49.0853,-16.6359,0.0,0.0001,2.3435,0.0006,6.1572,35.5435,10.9835,27.202,35.964
240.0,479.0,11.0053,39.7983,90.924,232.8701,0.0207,0.0002,99.5695,204.1295,49.0853,-16.6359,0.0,0.0001,2.3455,0.0009,6.1614,35.5374,10.9451,27.2043,35.968
241.0,481.0,10.9866,39.7753,79.6937,232.6583,0.0198,0.0001,99.6886,204.1295,49.0853,-16.6359,0.0,0.0001,2.3451,-0.0004,6.1686,35.5317,10.9263,27.2032,35.9678
242.0,483.0,10.9458,39.7297,93.2707,232.4336,0.0206,0.0001,99.7331,204.1295,49.0853,-16.6359,0.0,0.0001,2.3434,-0.0007,6.1692,35.5245,10.8853,27.205,35.9713
243.0,485.0,10.9419,39.7257,98.687,232.3506,0.0216,0.0001,99.7471,204.1296,49.0853,-16.6359,0.0,0.0001,2.3424,-0.0006,6.1695,35.5236,10.8811,27.2051,35.9716
244.0,487.0,10.9417,39.7264,77.3691,232.0091,0.0208,0.0001,99.6819,204.1296,49.0853,-16.6359,0.0,0.0001,2.3394,-0.0009,6.1696,35.5235,10.8807,27.2051,35.9717
245.0,489.0,10.9387,39.7237,98.6961,232.5877,0.0216,0.0001,99.7013,204.1296,49.0853,-16.6359,0.0,0.0001,2.3402,0.0001,6.1725,35.5228,10.8775,27.2051,35.9718
246.0,491.0,10.9169,39.6993,98.6984,231.7059,0.0194,0.0001,99.7067,204.1296,49.0853,-16.6359,0.0,0.0001,2.3366,-0.0016,6.1758,35.5186,10.8555,27.2059,35.9735
247.0,493.0,10.8844,39.6625,98.7014,231.8109,0.0202,0.0001,99.7056,204.1297,49.0852,-16.6359,0.0,0.0001,2.3333,-0.001,6.183,35.5122,10.8229,27.2068,35.9758
248.0,495.0,10.8437,39.6147,80.4641,230.7412,0.021,0.0001,99.7246,204.1297,49.0852,-16.6359,0.0,0.0001,2.3274,-0.0027,6.1895,35.5029,10.7821,27.2069,35.9778
249.0,497.0,10.8009,39.5666,98.3112,229.4206,0.0179,0.0001,99.7899,204.1297,49.0852,-16.6359,0.0,0.0001,2.3194,-0.0032,6.1868,35.495,10.7391,27.2085,35.9812
250.0,499.0,10.7914,39.5585,97.7577,229.8206,0.0173,0.0001,99.7322,204.1298,49.0852,-16.6359,0.0,0.0001,2.3153,-0.0013,6.1904,35.4951,10.7294,27.2103,35.9834
251.0,501.0,10.7963,39.5643,98.7025,228.7515,0.0185,0.0001,99.7924,204.1298,49.0852,-16.6359,0.0,0.0001,2.3088,-0.0024,6.1921,35.4955,10.734,27.2098,35.9827
252.0,503.0,10.7812,39.5486,82.8946,228.9619,0.0226,0.0001,99.7958,204.1298,49.0852,-16.6359,0.0,0.0001,2.3069,-0.001,6.191,35.4933,10.7187,27.2108,35.9844
253.0,505.0,10.7795,39.5488,66.839,229.6563,0.0244,0.0001,99.7729,204.1299,49.0852,-16.6359,0.0,0.0001,2.3078,0.0004,6.1921,35.4943,10.7167,27.212,35.9856
254.0,507.0,10.7808,39.5519,95.6586,228.7207,0.0214,0.0001,99.7735,204.1299,49.0852,-16.6359,0.0,0.0001,2.3046,-0.0014,6.1923,35.4953,10.7178,27.2125,35.9861
255.0,509.0,10.7762,39.5482,98.6864,228.9699,0.022,0.0001,99.7824,204.1299,49.0852,-16.6359,0.0,0.0001,2.3035,-0.0004,6.1922,35.4952,10.713,27.2133,35.9871
256.0,511.0,10.7845,39.5599,98.6856,228.9154,0.0223,0.0001,99.7742,204.1299,49.0852,-16.6359,0.0,0.0001,2.303,-0.0004,6.1908,35.498,10.721,27.214,35.9875
257.0,513.0,10.7945,39.5737,98.6909,227.8029,0.0238,0.0001,99.7535,204.13,49.0852,-16.6359,0.0,0.0001,2.2979,-0.0022,6.1905,35.5013,10.7307,27.2149,35.9879
258.0,515.0,10.7911,39.5725,98.695,227.7676,0.0213,0.0001,99.7824,204.13,49.0852,-16.6359,0.0,0.0001,2.2963,-0.0016,6.1902,35.5025,10.7271,27.2164,35.9896
259.0,517.0,10.7926,39.5754,98.6888,227.2321,0.0196,0.0001,99.7663,204.13,49.0852,-16.6359,0.0,0.0001,2.2922,-0.0017,6.1899,35.5031,10.7284,27.2168,35.9898
260.0,519.0,10.795,39.5792,72.0655,226.6378,0.0206,0.0001,99.7858,204.1301,49.0852,-16.6359,0.0,0.0001,2.2868,-0.0017,6.1898,35.5036,10.7305,27.2168,35.9897
261.0,521.0,10.7965,39.582,93.8806,226.6803,0.0184,0.0001,99.7858,204.1301,49.0852,-16.6359,0.0,0.0001,2.2844,-0.0009,6.1901,35.504,10.7317,27.2168,35.9897
262.0,523.0,10.7945,39.5813,96.3476,226.1384,0.0206,0.0001,99.7824,204.1301,49.0852,-16.6359,0.0,0.0001,2.2822,-0.0015,6.1898,35.5043,10.7294,27.2175,35.9905
263.0,525.0,10.7974,39.5864,98.6852,226.2785,0.0242,0.0001,99.7564,204.1301,49.0852,-16.6359,0.0,0.0001,2.2805,-0.0006,6.1891,35.5058,10.7321,27.2182,35.991
264.0,527.0,10.8001,39.5912,81.3712,222.5027,0.024,0.0001,99.7675,204.1302,49.0852,-16.6359,0.0,0.0001,2.266,-0.0069,6.1936,35.5074,10.7345,27.219,35.9917
265.0,529.0,10.7928,39.5835,98.6883,220.6362,0.0251,0.0001,99.7391,204.1302,49.0851,-16.6359,0.0,0.0001,2.2513,-0.0073,6.195,35.5056,10.727,27.2189,35.992
266.0,531.0,10.7404,39.5263,98.6817,222.453,0.0221,0.0001,99.7611,204.1302,49.0851,-16.6359,0.0,0.0001,2.2487,-0.0014,6.197,35.4979,10.6745,27.2224,35.9977
267.0,533.0,10.7324,39.5175,98.6825,222.6541,0.0201,0.0001,99.7736,204.1302,49.0851,-16.6359,0.0,0.0001,2.2475,-0.0007,6.2002,35.4963,10.6663,27.2225,35.9982
268.0,535.0,10.7208,39.5054,98.68,221.8907,0.019,0.0001,99.7559,204.1303,49.0851,-16.6359,0.0,0.0001,2.2433,-0.0016,6.2006,35.4944,10.6546,27.2232,35.9994
269.0,537.0,10.7177,39.5029,68.2617,221.71,0.0169,0.0001,99.7861,204.1303,49.0851,-16.6359,0.0,0.0001,2.2415,-0.0013,6.1995,35.4939,10.6512,27.2234,35.9998
270.0,539.0,10.7145,39.5003,98.6179,222.2059,0.0208,0.0001,99.7463,204.1303,49.0851,-16.6359,0.0,0.0001,2.2407,-0.0003,6.2033,35.4933,10.6477,27.2236,36.0001
271.0,541.0,10.697,39.4832,98.6843,221.7575,0.0207,0.0001,99.7856,204.1304,49.0851,-16.6359,0.0,0.0001,2.2393,-0.0012,6.2027,35.4924,10.63,27.226,36.0033
272.0,543.0,10.6875,39.4727,98.68,222.9946,0.0212,0.0001,99.7909,204.1304,49.0851,-16.6359,0.0,0.0001,2.2407,0.0013,6.2045,35.49,10.6204,27.2259,36.0036
273.0,545.0,10.6813,39.4673,84.6948,222.9144,0.0217,0.0001,99.7829,204.1304,49.0851,-16.6359,0.0,0.0001,2.242,0.0003,6.2079,35.4899,10.6139,27.2269,36.0049
274.0,547.0,10.6639,39.4488,90.3725,222.9021,0.022,0.0001,99.7968,204.1304,49.0851,-16.6359,0.0,0.0001,2.242,0.0,6.2095,35.4871,10.5964,27.2279,36.0066
275.0,549.0,10.6548,39.4394,96.2547,222.4188,0.0234,0.0001,99.7976,204.1305,49.0851,-16.6359,0.0,0.0001,2.2409,-0.0011,6.2084,35.4856,10.587,27.2284,36.0075
276.0,551.0,10.6531,39.4387,98.68,222.712,0.0234,0.0001,99.8157,204.1305,49.0851,-16.6359,0.0,0.0001,2.2399,-0.0002,6.2088,35.4857,10.5851,27.2288,36.0081
277.0,553.0,10.653,39.4395,98.6312,222.8639,0.0214,0.0001,99.7376,204.1305,49.085,-16.6359,0.0,0.0001,2.2406,0.0,6.21,35.4857,10.5847,27.2289,36.0081
278.0,555.0,10.6448,39.4316,98.6837,223.0705,0.0202,0.0001,99.8112,204.1306,49.085,-16.6359,0.0,0.0001,2.2408,0.0003,6.207,35.4848,10.5763,27.2297,36.0093
279.0,557.0,10.6578,39.4506,98.68,225.1123,0.0242,0.0001,99.8184,204.1306,49.085,-16.6359,0.0,0.0001,2.2475,0.0035,6.2084,35.4905,10.589,27.2318,36.0108
280.0,559.0,10.6631,39.4587,89.288,225.7587,0.0227,0.0001,99.8032,204.1306,49.085,-16.6359,0.0,0.0001,2.2544,0.0027,6.2086,35.4924,10.594,27.2324,36.0112
281.0,561.0,10.6592,39.4538,91.0531,224.1404,0.0183,0.0001,99.7968,204.1306,49.085,-16.6359,0.0,0.0001,2.2523,-0.0015,6.2109,35.4906,10.5899,27.2317,36.0107
282.0,563.0,10.6474,39.4425,98.6867,223.9492,0.0222,0.0001,99.818,204.1307,49.085,-16.6359,0.0,0.0001,2.2496,-0.0013,6.2114,35.4898,10.5779,27.2333,36.0127
283.0,565.0,10.6389,39.434,98.351,223.6649,0.0264,0.0001,99.7751,204.1307,49.085,-16.6359,0.0,0.0001,2.247,-0.0013,6.2118,35.4883,10.5691,27.2337,36.0135
284.0,567.0,10.6342,39.4297,98.6295,223.6537,0.0223,0.0001,99.7337,204.1307,49.085,-16.6359,0.0,0.0001,2.2447,-0.0008,6.2136,35.4878,10.5641,27.2341,36.0142
285.0,569.0,10.6255,39.4202,98.68,222.93,0.0208,0.0001,99.7794,204.1307,49.085,-16.6359,0.0,0.0001,2.241,-0.0018,6.2153,35.4858,10.5553,27.2342,36.0147
286.0,571.0,10.6125,39.4082,98.6808,221.6158,0.0206,0.0001,99.76,204.1308,49.085,-16.6359,0.0,0.0001,2.2342,-0.0034,6.2172,35.4855,10.5421,27.2363,36.0173
287.0,573.0,10.5985,39.3936,83.6227,221.8062,0.0186,0.0001,99.7679,204.1308,49.085,-16.6359,0.0,0.0001,2.23,-0.0016,6.2189,35.4834,10.5279,27.2372,36.0188
288.0,575.0,10.5859,39.3813,91.0905,222.1761,0.0202,0.0001,99.7607,204.1308,49.085,-16.6359,0.0,0.0001,2.2291,-0.0004,6.2204,35.4823,10.5151,27.2386,36.0207
289.0,577.0,10.5747,39.3699,98.687,221.6665,0.0208,0.0001,99.7607,204.1308,49.085,-16.6359,0.0,0.0001,2.2259,-0.0012,6.2216,35.4808,10.5037,27.2395,36.0221
290.0,579.0,10.5659,39.3617,98.68,221.5465,0.0193,0.0001,99.7776,204.1309,49.085,-16.6359,0.0,0.0001,2.2236,-0.0007,6.2202,35.48,10.4946,27.2404,36.0235
291.0,581.0,10.5657,39.3621,80.6428,222.0392,0.0217,0.0001,99.7443,204.1309,49.085,-16.6359,0.0,0.0001,2.2243,0.0001,6.2223,35.4797,10.4942,27.2403,36.0234
292.0,583.0,10.5656,39.3629,81.7339,221.4208,0.0198,0.0001,99.7757,204.1309,49.0849,-16.6359,0.0,0.0001,2.2222,-0.0012,6.2265,35.4799,10.4938,27.2405,36.0236
293.0,585.0,10.5396,39.3349,98.68,221.3082,0.019,0.0001,99.7489,204.131,49.0849,-16.6359,0.0,0.0001,2.2194,-0.0011,6.229,35.4759,10.4677,27.242,36.0262
294.0,587.0,10.5163,39.3091,98.68,221.2228,0.0232,0.0001,99.7824,204.131,49.0849,-16.6359,0.0,0.0001,2.2177,-0.001,6.2315,35.4716,10.4443,27.2428,36.0281
295.0,589.0,10.498,39.29,98.68,221.4354,0.0209,0.0001,99.7549,204.131,49.0849,-16.6359,0.0,0.0001,2.2167,-0.0004,6.2336,35.4692,10.4258,27.2442,36.0303
296.0,591.0,10.4821,39.2731,98.68,221.1241,0.0204,0.0001,99.7824,204.131,49.0849,-16.6359,0.0,0.0001,2.2147,-0.0009,6.2357,35.4668,10.4097,27.2452,36.032
297.0,593.0,10.4687,39.2584,88.4315,221.6259,0.019,0.0001,99.7903,204.1311,49.0849,-16.6359,0.0,0.0001,2.2149,0.0001,6.2369,35.4639,10.3961,27.2454,36.0327
298.0,595.0,10.4589,39.2484,98.68,221.9061,0.0217,0.0001,99.7824,204.1311,49.0849,-16.6359,0.0,0.0001,2.2161,0.0004,6.2378,35.4622,10.3861,27.2458,36.0336
299.0,597.0,10.4375,39.2252,82.5601,222.1212,0.0229,0.0001,99.7787,204.1311,49.0849,-16.6359,0.0,0.0001,2.2165,0.0001,6.2433,35.4588,10.3645,27.2469,36.0357
300.0,599.0,10.4182,39.204,98.68,221.2685,0.0179,0.0001,99.8033,204.1312,49.0849,-16.6359,0.0,0.0001,2.2136,-0.0014,6.2436,35.4553,10.3451,27.2476,36.0372
301.0,601.0,10.3961,39.1813,86.444,221.5558,0.0224,0.0001,99.7728,204.1312,49.0849,-16.6359,0.0,0.0001,2.2125,-0.0004,6.2448,35.4528,10.3228,27.2495,36.0401
302.0,603.0,10.396,39.1819,98.6822,221.2786,0.0186,0.0001,99.7244,204.1312,49.0849,-16.6359,0.0,0.0001,2.2106,-0.0009,6.2474,35.4528,10.3225,27.2496,36.0402
303.0,605.0,10.3829,39.1688,98.68,220.7464,0.0254,0.0001,99.7801,204.1312,49.0849,-16.6359,0.0,0.0001,2.2074,-0.0013,6.2469,35.4511,10.3092,27.2506,36.0418
304.0,607.0,10.3725,39.1591,98.6828,220.7053,0.0215,0.0001,99.7972,204.1313,49.0849,-16.6359,0.0,0.0001,2.2049,-0.001,6.25,35.4504,10.2985,27.252,36.0436
305.0,609.0,10.3704,39.1566,98.68,220.1017,0.0205,0.0001,99.8233,204.1313,49.0849,-16.6359,0.0,0.0001,2.2007,-0.0016,6.253,35.4492,10.2963,27.2514,36.0431
306.0,611.0,10.3457,39.1317,98.68,219.6737,0.0194,0.0001,99.8401,204.1313,49.0849,-16.6359,0.0,0.0001,2.1974,-0.0019,6.2566,35.447,10.2713,27.2541,36.0469
307.0,613.0,10.3206,39.1052,98.681,218.9086,0.0217,0.0001,99.8082,204.1313,49.0849,-16.6359,0.0,0.0001,2.1911,-0.0022,6.2579,35.4439,10.2461,27.256,36.0499
308.0,615.0,10.3116,39.0963,78.983,218.5535,0.0189,0.0001,99.7808,204.1314,49.0848,-16.6359,0.0,0.0001,2.1869,-0.0018,6.2584,35.4426,10.2369,27.2566,36.0509
309.0,617.0,10.307,39.0923,92.8262,218.6516,0.0214,0.0001,99.7854,204.1314,49.0848,-16.6359,0.0,0.0001,2.1847,-0.001,6.2595,35.4421,10.2321,27.257,36.0516
310.0,619.0,10.2996,39.0854,98.68,218.47,0.0182,0.0001,99.8285,204.1314,49.0848,-16.6359,0.0,0.0001,2.1828,-0.0009,6.2586,35.4415,10.2245,27.2579,36.0528
311.0,621.0,10.3036,39.0926,98.621,218.561,0.0188,0.0001,99.8449,204.1315,49.0848,-16.6359,0.0,0.0001,2.1814,-0.0003,6.2576,35.4439,10.2282,27.2592,36.0538
312.0,623.0,10.3113,39.1035,98.68,218.0092,0.0187,0.0001,99.8401,204.1315,49.0848,-16.6359,0.0,0.0001,2.1792,-0.0012,6.2583,35.4467,10.2357,27.2601,36.0544
313.0,625.0,10.3074,39.0994,98.68,218.0983,0.0222,0.0001,99.8153,204.1315,49.0848,-16.6359,0.0,0.0001,2.1781,-0.0006,6.2579,35.4457,10.2316,27.26,36.0545
314.0,627.0,10.3041,39.0978,86.2319,217.5932,0.0206,0.0001,99.8362,204.1315,49.0848,-16.6359,0.0,0.0001,2.1753,-0.0012,6.2597,35.4462,10.228,27.261,36.0557
315.0,629.0,10.2947,39.0899,96.0305,216.9176,0.0239,0.0001,99.8351,204.1316,49.0848,-16.6359,0.0,0.0001,2.1704,-0.0017,6.2605,35.4462,10.2184,27.2627,36.0577
316.0,631.0,10.2884,39.0838,95.7755,216.451,0.0183,0.0001,99.8308,204.1316,49.0848,-16.6359,0.0,0.0001,2.167,-0.0016,6.2602,35.4455,10.2119,27.2633,36.0586
317.0,633.0,10.2896,39.0884,98.68,215.855,0.0152,0.0001,99.8401,204.1316,49.0848,-16.6359,0.0,0.0001,2.1628,-0.002,6.2599,35.4479,10.2128,27.265,36.0602
318.0,635.0,10.2937,39.0958,98.4945,216.0548,0.0173,0.0001,99.8137,204.1316,49.0848,-16.6359,0.0,0.0001,2.1606,-0.0009,6.2604,35.4506,10.2166,27.2665,36.0615
319.0,637.0,10.2892,39.0928,98.68,214.7193,0.0202,0.0001,99.8121,204.1317,49.0848,-16.6359,0.0,0.0001,2.1547,-0.0027,6.2614,35.451,10.2119,27.2676,36.0628
320.0,639.0,10.2826,39.0871,98.68,213.8019,0.0236,0.0001,99.8143,204.1317,49.0848,-16.6359,0.0,0.0001,2.1481,-0.003,6.262,35.4507,10.2051,27.2685,36.0641
321.0,641.0,10.2788,39.0834,87.4352,213.2114,0.0208,0.0001,99.828,204.1317,49.0848,-16.6359,0.0,0.0001,2.1418,-0.0026,6.2626,35.45,10.201,27.2687,36.0644
322.0,643.0,10.2734,39.0784,91.0991,213.0891,0.0214,0.0001,99.8256,204.1318,49.0848,-16.6359,0.0,0.0001,2.1374,-0.0018,6.2661,35.4491,10.1954,27.2689,36.0649
323.0,645.0,10.2431,39.0462,98.68,212.9969,0.0226,0.0001,99.8249,204.1318,49.0848,-16.6359,0.0,0.0001,2.1342,-0.0013,6.2691,35.445,10.165,27.2711,36.0683
324.0,647.0,10.2319,39.035,98.3606,212.4802,0.0214,0.0001,99.8314,204.1318,49.0848,-16.6359,0.0,0.0001,2.1297,-0.0016,6.2725,35.4436,10.1536,27.272,36.0697
325.0,649.0,10.2078,39.0079,98.68,212.1576,0.0217,0.0001,99.8127,204.1318,49.0848,-16.6359,0.0,0.0001,2.1268,-0.0017,6.276,35.4388,10.1293,27.2724,36.0713
326.0,651.0,10.1784,38.9761,98.68,211.5502,0.0226,0.0001,99.833,204.1319,49.0848,-16.6359,0.0,0.0001,2.1215,-0.0022,6.2823,35.4341,10.0999,27.2738,36.074
327.0,653.0,10.1417,38.936,76.9619,210.0181,0.0201,0.0001,99.827,204.1319,49.0848,-16.6359,0.0,0.0001,2.1122,-0.0037,6.2875,35.4281,10.0631,27.2755,36.0773
328.0,655.0,10.1051,38.8978,98.7911,208.8732,0.0209,0.0001,99.8395,204.1319,49.0848,-16.6359,0.0,0.0001,2.1049,-0.0039,6.2856,35.4241,10.0264,27.2787,36.0821
329.0,657.0,10.0931,38.8857,93.7062,209.5053,0.0242,0.0001,99.828,204.1319,49.0847,-16.6359,0.0,0.0001,2.1007,-0.0013,6.2891,35.4226,10.0142,27.2797,36.0836
330.0,659.0,10.0875,38.88,98.68,208.5046,0.0219,0.0001,99.8314,204.132,49.0847,-16.6359,0.0,0.0001,2.0961,-0.0025,6.2898,35.4216,10.0084,27.2799,36.0841
331.0,661.0,10.085,38.8785,98.68,208.2176,0.022,0.0001,99.8371,204.132,49.0847,-16.6359,0.0,0.0001,2.0918,-0.002,6.2902,35.4215,10.0057,27.2803,36.0846
332.0,663.0,10.0726,38.8664,65.4372,208.5116,0.0189,0.0001,99.8348,204.132,49.0847,-16.6359,0.0,0.0001,2.0904,-0.0008,6.2896,35.4203,9.9931,27.2815,36.0864
333.0,665.0,10.0515,38.8456,93.9103,208.3805,0.0219,0.0001,99.8373,204.1321,49.0847,-16.6359,0.0,0.0001,2.087,-0.0012,6.3002,35.4188,9.9719,27.284,36.0897
334.0,667.0,10.019,38.8088,98.68,206.1888,0.0187,0.0001,99.8257,204.1321,49.0847,-16.6359,0.0,0.0001,2.0779,-0.0039,6.3036,35.4119,9.9392,27.2842,36.0914
335.0,669.0,9.9643,38.7493,98.68,206.1307,0.0193,0.0001,99.813,204.1321,49.0847,-16.6359,0.0,0.0001,2.0738,-0.0027,6.3022,35.4036,9.8846,27.2871,36.0968
336.0,671.0,9.9598,38.7442,98.68,206.4389,0.0246,0.0001,99.8268,204.1321,49.0847,-16.6359,0.0,0.0001,2.0696,-0.0017,6.3183,35.4019,9.8799,27.2866,36.0965
337.0,673.0,9.8779,38.6537,98.6569,204.2886,0.0199,0.0001,99.8318,204.1322,49.0847,-16.6359,0.0,0.0001,2.0587,-0.0045,6.3276,35.3885,9.7981,27.29,36.1036
338.0,675.0,9.8264,38.5963,86.4297,204.5719,0.0233,0.0001,99.8259,204.1322,49.0847,-16.6359,0.0,0.0001,2.0531,-0.0026,6.3339,35.379,9.7466,27.2913,36.1072
339.0,677.0,9.7938,38.5596,98.68,204.3925,0.0214,0.0001,99.8435,204.1322,49.0847,-16.6359,0.0,0.0001,2.0488,-0.0024,6.3468,35.3725,9.714,27.2918,36.1092
340.0,679.0,9.7,38.4551,82.4955,204.1409,0.0213,0.0001,99.846,204.1323,49.0847,-16.6359,0.0,0.0001,2.043,-0.0023,6.3612,35.356,9.6204,27.2947,36.1163
341.0,681.0,9.5919,38.3322,98.6796,204.2187,0.0201,0.0001,99.8545,204.1323,49.0847,-16.6359,0.0,0.0001,2.0396,-0.0013,6.3652,35.3345,9.5126,27.296,36.1225
342.0,683.0,9.5586,38.2976,92.0983,204.6151,0.0197,0.0001,99.8545,204.1323,49.0847,-16.6359,0.0,0.0001,2.0393,-0.0002,6.3649,35.3306,9.4792,27.2985,36.1265
343.0,685.0,9.5486,38.2888,98.68,204.1758,0.0283,0.0001,99.8532,204.1323,49.0847,-16.6359,0.0,0.0001,2.0372,-0.0009,6.3659,35.3306,9.4691,27.3002,36.1286
344.0,687.0,9.5622,38.3075,98.68,201.6328,0.0191,0.0001,99.7795,204.1324,49.0846,-16.6359,0.0,0.0001,2.0282,-0.0044,6.3662,35.3356,9.4824,27.3019,36.1297
345.0,689.0,9.5463,38.2921,98.68,201.6152,0.0232,0.0,99.8835,204.1324,49.0846,-16.6359,0.0,0.0001,2.0223,-0.0027,6.368,35.3341,9.4663,27.3034,36.1319
346.0,691.0,9.5119,38.254,98.68,202.0489,0.0199,0.0001,99.848,204.1324,49.0846,-16.6359,0.0,0.0001,2.0186,-0.0014,6.3803,35.3278,9.4318,27.3042,36.1343
347.0,693.0,9.4641,38.2054,98.68,201.3242,0.0192,0.0,99.8486,204.1324,49.0846,-16.6359,0.0,0.0001,2.014,-0.0019,6.3816,35.3235,9.384,27.3087,36.1409
348.0,695.0,9.446,38.1867,98.68,201.2543,0.0225,0.0,99.9055,204.1325,49.0846,-16.6359,0.0,0.0001,2.0112,-0.0014,6.3854,35.3209,9.3658,27.3097,36.1427
349.0,697.0,9.424,38.1638,85.2672,200.6174,0.0228,0.0,99.9041,204.1325,49.0846,-16.6359,0.0,0.0001,2.0058,-0.002,6.3938,35.3179,9.3436,27.3111,36.1451
350.0,699.0,9.3804,38.1186,92.5773,198.7145,0.022,0.0,99.9096,204.1325,49.0846,-16.6359,0.0,0.0001,1.9976,-0.0044,6.3964,35.3132,9.3,27.3145,36.1505
351.0,701.0,9.3565,38.0958,98.68,197.6599,0.0243,0.0,99.903,204.1326,49.0846,-16.6359,0.0,0.0001,1.9892,-0.0045,6.3994,35.3122,9.276,27.3177,36.1547
352.0,703.0,9.3336,38.0756,98.68,196.6397,0.0228,0.0,99.8973,204.1326,49.0846,-16.6359,0.0,0.0001,1.9791,-0.004,6.4037,35.3128,9.253,27.322,36.16
353.0,705.0,9.3042,38.0462,90.5178,195.5088,0.0232,0.0,99.9115,204.1326,49.0846,-16.6359,0.0,0.0001,1.9691,-0.0039,6.4073,35.3103,9.2236,27.3248,36.1642
354.0,707.0,9.2785,38.0226,98.68,194.6651,0.0263,0.0,99.9198,204.1326,49.0846,-16.6359,0.0,0.0001,1.9614,-0.0033,6.4068,35.3102,9.1977,27.329,36.1694
355.0,709.0,9.2675,38.0139,98.68,194.5439,0.0227,0.0,99.9107,204.1327,49.0846,-16.6359,0.0,0.0001,1.9561,-0.0022,6.4087,35.311,9.1865,27.3315,36.1724
356.0,711.0,9.2459,37.9928,98.68,194.729,0.0195,0.0,99.9332,204.1327,49.0846,-16.6359,0.0,0.0001,1.9521,-0.0014,6.4157,35.3097,9.1648,27.334,36.1759
357.0,713.0,9.2207,37.9692,84.4365,193.2297,0.0218,0.0,99.9298,204.1327,49.0846,-16.6359,0.0,0.0001,1.9465,-0.003,6.4145,35.3088,9.1395,27.3374,36.1804
358.0,715.0,9.2113,37.9609,98.6152,194.2,0.02,0.0,99.9232,204.1327,49.0846,-16.6359,0.0,0.0001,1.9451,-0.0004,6.4174,35.3083,9.1298,27.3386,36.182
359.0,717.0,9.2147,37.9639,98.68,193.7771,0.0189,0.0,99.9036,204.1328,49.0846,-16.6359,0.0,0.0001,1.9426,-0.001,6.4212,35.3076,9.1331,27.3375,36.1808
360.0,719.0,9.1826,37.9328,98.68,193.4224,0.0217,0.0,99.9556,204.1328,49.0845,-16.6359,0.0,0.0001,1.9401,-0.0013,6.4216,35.306,9.1009,27.3415,36.1862
361.0,721.0,9.1785,37.9298,94.4807,193.5931,0.0226,0.0,99.9448,204.1328,49.0845,-16.6359,0.0,0.0001,1.9388,-0.0007,6.4249,35.3058,9.0965,27.3421,36.1869
362.0,723.0,9.1635,37.9145,77.9445,193.8438,0.0221,0.0,99.9424,204.1329,49.0845,-16.6359,0.0,0.0001,1.9381,-0.0003,6.4296,35.3036,9.0814,27.3428,36.1884
363.0,725.0,9.128,37.8776,94.5388,193.9854,0.0245,0.0,99.9518,204.1329,49.0845,-16.6359,0.0,0.0001,1.9378,-0.0001,6.4316,35.2994,9.0459,27.3453,36.1925
364.0,727.0,9.1141,37.8653,98.68,194.0847,0.0244,0.0,99.9442,204.1329,49.0845,-16.6359,0.0,0.0001,1.9379,0.0,6.4318,35.2994,9.0318,27.3476,36.1954
365.0,729.0,9.1074,37.8609,98.4562,194.3953,0.0217,0.0,99.9729,204.1329,49.0845,-16.6359,0.0,0.0001,1.9387,0.0004,6.4304,35.3005,9.0249,27.3496,36.1976
366.0,731.0,9.1135,37.87,98.68,194.643,0.0156,0.0,99.9845,204.133,49.0845,-16.6359,0.0,0.0001,1.9396,0.0006,6.4292,35.3031,9.0307,27.3507,36.1984
367.0,733.0,9.1226,37.8827,98.68,195.3231,0.0198,0.0,99.9572,204.133,49.0845,-16.6359,0.0,0.0001,1.943,0.0013,6.4276,35.3064,9.0396,27.3518,36.1992
368.0,735.0,9.1388,37.9052,75.7035,196.0384,0.0234,0.0,99.9687,204.133,49.0845,-16.6359,0.0,0.0001,1.9463,0.0015,6.426,35.3129,9.0554,27.3543,36.2009
369.0,737.0,9.1521,37.9247,98.68,195.8178,0.0236,0.0,99.97,204.133,49.0845,-16.6359,0.0,0.0001,1.9476,0.0005,6.4272,35.3191,9.0684,27.3571,36.203
370.0,739.0,9.138,37.9134,94.7824,195.7036,0.0254,0.0,99.985,204.1331,49.0845,-16.6359,0.0,0.0001,1.949,0.0003,6.4205,35.3205,9.0541,27.3605,36.207
371.0,741.0,9.1829,37.9732,98.68,192.8587,0.0229,0.0,99.9632,204.1331,49.0845,-16.6359,0.0,0.0001,1.9405,-0.0038,6.4149,35.3374,9.0986,27.3665,36.2109
372.0,743.0,9.2147,38.0138,98.68,189.8711,0.0221,0.0,99.9504,204.1331,49.0845,-16.6359,0.0,0.0001,1.927,-0.0063,6.4167,35.3473,9.1299,27.3691,36.212
373.0,745.0,9.2069,38.0061,61.2349,190.4594,0.0208,0.0,99.97,204.1332,49.0845,-16.6359,0.0,0.0001,1.9193,-0.0031,6.4201,35.3462,9.1219,27.3696,36.2128
374.0,747.0,9.1877,37.9847,88.3083,191.104,0.0201,0.0,99.9539,204.1332,49.0844,-16.6359,0.0,0.0001,1.9172,-0.0011,6.4223,35.3421,9.1026,27.3695,36.2136
375.0,749.0,9.1661,37.9623,98.6797,191.9009,0.0197,0.0,99.9408,204.1332,49.0844,-16.6359,0.0,0.0001,1.9182,0.0004,6.4226,35.3391,9.0809,27.3707,36.2158
376.0,751.0,9.1609,37.959,98.68,191.2648,0.0177,0.0,99.9688,204.1332,49.0844,-16.6359,0.0,0.0001,1.9172,-0.0008,6.4219,35.3399,9.0755,27.3722,36.2175
377.0,753.0,9.165,37.9666,98.68,190.1291,0.0194,0.0,99.9556,204.1333,49.0844,-16.6359,0.0,0.0001,1.9122,-0.002,6.4222,35.3428,9.0793,27.3739,36.219
378.0,755.0,9.1633,37.9681,98.3166,189.1156,0.0213,0.0,99.9556,204.1333,49.0844,-16.6359,0.0,0.0001,1.9059,-0.0026,6.4228,35.3449,9.0774,27.3759,36.221
379.0,757.0,9.1587,37.9642,90.731,189.0059,0.0225,0.0,99.9496,204.1333,49.0844,-16.6359,0.0,0.0001,1.9014,-0.0016,6.4215,35.3447,9.0725,27.3764,36.2218
380.0,759.0,9.1521,37.9589,98.68,189.1104,0.0237,0.0,99.9556,204.1334,49.0844,-16.6359,0.0,0.0001,1.8999,-0.0005,6.4141,35.3446,9.0657,27.3775,36.2232
381.0,761.0,9.2266,38.0535,64.46,187.9688,0.0238,0.0,99.9414,204.1334,49.0844,-16.6359,0.0,0.0001,1.8955,-0.0022,6.4195,35.3687,9.1395,27.3844,36.2265
382.0,763.0,9.1776,38.0019,93.9732,187.4376,0.0224,0.0,99.9502,204.1334,49.0844,-16.6359,0.0,0.0001,1.8905,-0.002,6.4224,35.3624,9.0906,27.3874,36.2317
383.0,765.0,9.1554,37.9797,98.6797,186.7793,0.02,0.0,99.9578,204.1334,49.0844,-16.6359,0.0,0.0001,1.8856,-0.002,6.4224,35.3604,9.0683,27.3895,36.2348
384.0,767.0,9.1447,37.9702,98.68,186.6712,0.0241,0.0,99.9539,204.1335,49.0844,-16.6359,0.0,0.0001,1.8822,-0.0013,6.4219,35.3602,9.0574,27.391,36.2368
385.0,769.0,9.1684,38.002,98.68,187.0715,0.0252,0.0,99.9566,204.1335,49.0844,-16.6359,0.0,0.0001,1.8816,-0.0003,6.4193,35.3689,9.0808,27.394,36.2387
386.0,771.0,9.1973,38.0387,98.68,187.0812,0.024,0.0,99.9014,204.1335,49.0844,-16.6359,0.0,0.0001,1.882,0.0,6.4103,35.3778,9.1093,27.3964,36.2397
387.0,773.0,9.2315,38.087,98.68,185.6338,0.0255,0.0,99.9541,204.1335,49.0844,-16.6359,0.0,0.0001,1.8779,-0.0023,6.4138,35.3934,9.143,27.4031,36.2447
388.0,775.0,9.1667,38.0181,98.68,185.97,0.0233,0.0,99.938,204.1336,49.0844,-16.6359,0.0,0.0001,1.8744,-0.0011,6.4234,35.3846,9.0783,27.4068,36.2513
389.0,777.0,9.121,37.9699,98.68,185.8932,0.0254,0.0,99.9556,204.1336,49.0844,-16.6359,0.0,0.0001,1.8718,-0.0012,6.4358,35.3789,9.0327,27.4097,36.2563
390.0,779.0,9.1174,37.9652,78.4892,185.1087,0.0247,0.0,99.952,204.1336,49.0844,-16.6359,0.0,0.0001,1.8681,-0.0017,6.4263,35.3765,9.0289,27.4085,36.2553
391.0,781.0,9.004,37.8416,96.939,186.3885,0.024,0.0,99.9075,204.1337,49.0844,-16.6359,0.0,0.0001,1.8694,0.0002,6.4384,35.3586,8.9158,27.4127,36.2647
392.0,783.0,9.0183,37.8579,98.6529,185.4012,0.0246,0.0,99.9411,204.1337,49.0844,-16.6359,0.0,0.0001,1.866,-0.0016,6.4461,35.3607,8.9299,27.4121,36.2634
393.0,785.0,8.9858,37.8288,98.56,185.938,0.0248,0.0,99.9556,204.1337,49.0844,-16.6359,0.0,0.0001,1.8657,-0.0003,6.4453,35.3613,8.8972,27.4178,36.2706
394.0,787.0,8.9768,37.8204,98.68,186.2158,0.0213,0.0,99.9627,204.1337,49.0844,-16.6359,0.0,0.0001,1.8662,0.0003,6.4439,35.3604,8.8881,27.4186,36.2717
395.0,789.0,9.0007,37.8474,98.68,185.9795,0.0213,0.0,99.9338,204.1338,49.0844,-16.6359,0.0,0.0001,1.8648,-0.0006,6.4563,35.3644,8.9117,27.4179,36.27
396.0,791.0,8.9343,37.7751,68.9054,185.2901,0.0192,0.0,99.9556,204.1338,49.0843,-16.6359,0.0,0.0001,1.862,-0.0015,6.4557,35.3534,8.8454,27.4199,36.2751
397.0,793.0,8.8859,37.7235,96.1295,186.4781,0.0221,0.0,99.9556,204.1338,49.0843,-16.6359,0.0,0.0001,1.862,0.0007,6.4597,35.3462,8.797,27.422,36.2794
398.0,795.0,8.901,37.7397,98.1644,185.4174,0.0243,0.0,99.9112,204.1338,49.0843,-16.6359,0.0,0.0001,1.8615,-0.0007,6.4478,35.3477,8.8118,27.4208,36.2775
399.0,797.0,8.936,37.7885,98.5603,186.0577,0.023,0.0,99.9526,204.1339,49.0843,-16.6359,0.0,0.0001,1.8628,0.0011,6.4316,35.363,8.8464,27.4273,36.2823
400.0,799.0,9.0834,37.9699,98.68,184.6427,0.022,0.0,99.9267,204.1339,49.0843,-16.6359,0.0,0.0001,1.8604,-0.0016,6.4329,35.4058,8.9926,27.4373,36.2852
401.0,801.0,9.0761,37.9627,98.68,184.3983,0.0232,0.0,99.9332,204.1339,49.0843,-16.6359,0.0,0.0001,1.8562,-0.0015,6.4418,35.4046,8.9851,27.4376,36.2859
402.0,803.0,9.0163,37.8955,94.7422,184.409,0.0194,0.0,99.8956,204.134,49.0843,-16.6359,0.0,0.0001,1.8535,-0.0011,6.4474,35.3928,8.9255,27.4379,36.289
403.0,805.0,8.9177,37.7826,82.5511,185.5168,0.0207,0.0,99.9522,204.134,49.0843,-16.6359,0.0,0.0001,1.8527,0.0002,6.4647,35.3712,8.8272,27.4368,36.2925
404.0,807.0,8.8342,37.6884,93.6708,185.2421,0.0234,0.0,99.9556,204.134,49.0843,-16.6359,0.0,0.0001,1.8518,-0.001,6.484,35.3545,8.7441,27.437,36.2966
405.0,809.0,8.7718,37.618,98.68,185.9863,0.0254,0.0,99.9556,204.134,49.0843,-16.6359,0.0,0.0001,1.8521,0.0,6.4954,35.3417,8.6818,27.4368,36.2993
406.0,811.0,8.6823,37.5189,98.68,186.4999,0.0255,0.0,99.9639,204.1341,49.0843,-16.6359,0.0,0.0001,1.8541,0.0006,6.4955,35.3253,8.5926,27.438,36.3047
407.0,813.0,8.6628,37.5022,89.8825,187.0763,0.0226,0.0,99.9535,204.1341,49.0843,-16.6359,0.0,0.0001,1.8555,0.0011,6.4924,35.326,8.573,27.4417,36.3092
408.0,815.0,8.6914,37.5374,98.68,186.9337,0.0248,0.0,99.9545,204.1341,49.0843,-16.6359,0.0,0.0001,1.8584,0.0006,6.4825,35.3338,8.6011,27.4433,36.3095
409.0,817.0,8.7355,37.5913,98.68,185.8698,0.0232,0.0,99.9556,204.1342,49.0842,-16.6359,0.0,0.0001,1.8584,-0.0003,6.4521,35.346,8.6448,27.446,36.3101
410.0,819.0,8.8543,37.7392,98.68,185.7267,0.0198,0.0,99.9454,204.1342,49.0842,-16.6359,0.0,0.0001,1.8568,-0.0004,6.4515,35.3824,8.7626,27.4558,36.3142
411.0,821.0,8.9728,37.8788,92.32,184.3709,0.02,0.0,99.9267,204.1342,49.0842,-16.6359,0.0,0.0001,1.8551,-0.0024,6.454,35.4102,8.8801,27.4589,36.3117
412.0,823.0,8.9658,37.8711,88.2248,184.6999,0.0207,0.0,99.9038,204.1342,49.0842,-16.6359,0.0,0.0001,1.8511,-0.0011,6.4556,35.4082,8.8729,27.4585,36.3116
413.0,825.0,8.9193,37.8192,98.68,184.5383,0.019,0.0,99.9178,204.1343,49.0842,-16.6359,0.0,0.0001,1.8492,-0.0009,6.4558,35.3991,8.8265,27.4588,36.3141
414.0,827.0,8.8343,37.7294,98.68,185.2396,0.0194,0.0,99.8958,204.1343,49.0842,-16.6359,0.0,0.0001,1.8477,-0.0007,6.4879,35.3882,8.7417,27.4638,36.323
415.0,829.0,8.7663,37.6469,69.7695,184.7872,0.0195,0.0,99.9267,204.1343,49.0842,-16.6359,0.0,0.0001,1.844,-0.0014,6.4921,35.3682,8.674,27.4588,36.3213
416.0,831.0,8.657,37.5257,64.9927,186.1971,0.0184,0.0,99.9203,204.1343,49.0842,-16.6359,0.0,0.0001,1.8485,0.0013,6.4852,35.3486,8.5651,27.4606,36.3282
417.0,833.0,8.5321,37.3903,97.0698,187.3414,0.0234,0.0,99.9031,204.1344,49.0842,-16.6359,0.0,0.0001,1.8526,0.0011,6.5044,35.3287,8.4408,27.4645,36.3378
418.0,835.0,8.5347,37.3906,98.68,187.5938,0.0249,0.0,99.9303,204.1344,49.0842,-16.6359,0.0,0.0001,1.8516,0.0004,6.5248,35.3255,8.443,27.4616,36.3349
419.0,837.0,8.4704,37.3247,98.68,188.9671,0.0244,0.0,99.9267,204.1344,49.0842,-16.6359,0.0,0.0001,1.8547,0.0024,6.5253,35.319,8.3789,27.4665,36.3427
420.0,839.0,8.4633,37.3181,98.68,188.5112,0.024,0.0,99.9411,204.1344,49.0842,-16.6359,0.0,0.0001,1.8559,0.0013,6.5195,35.3184,8.3717,27.4672,36.3437
421.0,841.0,8.456,37.3126,98.68,188.5801,0.0203,0.0,99.9124,204.1345,49.0842,-16.6359,0.0,0.0001,1.8584,0.0004,6.5258,35.3187,8.3642,27.4685,36.3454
422.0,843.0,8.4682,37.3269,98.68,188.5215,0.0217,0.0,99.9243,204.1345,49.0841,-16.6359,0.0,0.0001,1.8587,0.0,6.5281,35.3209,8.3761,27.4684,36.3448
423.0,845.0,8.4406,37.3006,98.68,188.8903,0.0448,0.0,99.9518,204.1345,49.0841,-16.6359,0.0,0.0001,1.8596,0.0006,6.5247,35.3195,8.3484,27.4716,36.3492
424.0,847.0,8.4509,37.315,88.2294,188.6283,0.0437,0.0,99.9297,204.1346,49.0841,-16.6359,0.0,0.0001,1.8596,0.0,6.5239,35.3238,8.3584,27.4734,36.3505
425.0,849.0,8.4812,37.3527,98.3426,187.5515,0.0236,0.0,99.9297,204.1346,49.0841,-16.6359,0.0,0.0001,1.8559,-0.0017,6.529,35.3325,8.3883,27.4757,36.3513
426.0,851.0,8.4082,37.2802,97.5681,188.444,0.0217,0.0,99.9094,204.1346,49.0841,-16.6359,0.0,0.0001,1.8558,-0.0001,6.5341,35.3274,8.3155,27.4829,36.3619
427.0,853.0,8.3951,37.2633,97.2739,187.9348,0.0205,0.0,99.927,204.1347,49.0841,-16.6359,0.0,0.0001,1.8534,-0.0012,6.5459,35.3219,8.3023,27.4806,36.3602
428.0,855.0,8.3301,37.1968,85.111,188.6463,0.019,0.0,99.9471,204.1347,49.0841,-16.6359,0.0,0.0001,1.8537,0.0002,6.5437,35.315,8.2374,27.4852,36.3678
429.0,857.0,8.3244,37.1942,98.68,189.3679,0.02,0.0,99.9542,204.1347,49.0841,-16.6359,0.0,0.0001,1.8559,0.0013,6.5419,35.3169,8.2316,27.4876,36.3704
430.0,859.0,8.3549,37.2305,98.68,189.0585,0.0204,0.0,99.9253,204.1347,49.0841,-16.6359,0.0,0.0001,1.8555,0.0001,6.5433,35.3242,8.2617,27.4887,36.37
431.0,861.0,8.338,37.2161,98.68,188.0476,0.02,0.0,99.9386,204.1348,49.0841,-16.6359,0.0,0.0001,1.8535,-0.0017,6.5526,35.3249,8.2447,27.4919,36.374
432.0,863.0,8.3115,37.1912,89.9475,188.062,0.0235,0.0,99.948,204.1348,49.0841,-16.6359,0.0,0.0001,1.8516,-0.0012,6.5493,35.324,8.2181,27.4953,36.3786
433.0,865.0,8.2456,37.1228,90.7759,189.0554,0.0202,0.0,99.9465,204.1348,49.0841,-16.6359,0.0,0.0001,1.8527,0.0004,6.5559,35.316,8.1523,27.499,36.3854
434.0,867.0,8.2347,37.1122,98.6472,188.5987,0.0201,0.0,99.9597,204.1348,49.0841,-16.6359,0.0,0.0001,1.8512,-0.0006,6.5595,35.3148,8.1413,27.4997,36.3867
435.0,869.0,8.228,37.1068,98.68,188.7242,0.0218,0.0,99.9678,204.1349,49.0841,-16.6359,0.0,0.0001,1.8498,-0.0002,6.558,35.3147,8.1344,27.5008,36.388
436.0,871.0,8.2371,37.1223,98.68,188.6603,0.0223,0.0,99.9438,204.1349,49.0841,-16.6359,0.0,0.0001,1.8498,-0.0003,6.5607,35.3212,8.1431,27.5045,36.3913
437.0,873.0,8.2277,37.1143,69.7846,188.67,0.0231,0.0,99.97,204.1349,49.084,-16.6359,0.0,0.0001,1.8494,-0.0004,6.5643,35.3213,8.1337,27.506,36.3932
438.0,875.0,8.1955,37.0808,96.256,189.4417,0.0227,0.0,99.9797,204.1349,49.084,-16.6359,0.0,0.0001,1.8499,0.0005,6.5721,35.3169,8.1015,27.5075,36.3962
439.0,877.0,8.1497,37.0335,98.68,189.3677,0.0208,0.0,99.9845,204.135,49.084,-16.6359,0.0,0.0001,1.8502,-0.0001,6.5761,35.3114,8.0558,27.5101,36.4009
440.0,879.0,8.129,37.0112,98.5517,189.7922,0.0238,0.0,99.9917,204.135,49.084,-16.6359,0.0,0.0001,1.8508,0.0004,6.5789,35.3075,8.035,27.5102,36.402
441.0,881.0,8.1037,36.9859,98.68,189.8625,0.0242,0.0,99.9816,204.135,49.084,-16.6359,0.0,0.0001,1.8516,0.0001,6.582,35.3048,8.0096,27.512,36.4049
442.0,883.0,8.0834,36.9646,98.68,190.1337,0.0249,0.0,99.9767,204.1351,49.084,-16.6359,0.0,0.0001,1.8523,0.0003,6.5826,35.3015,7.9892,27.5124,36.4063
443.0,885.0,8.0804,36.9638,96.7655,190.082,0.0254,0.0,99.9845,204.1351,49.084,-16.6359,0.0,0.0001,1.8525,0.0001,6.5818,35.3028,7.986,27.5139,36.408
444.0,887.0,8.0712,36.9564,79.4083,190.053,0.0214,0.0,99.9845,204.1351,49.084,-16.6359,0.0,0.0001,1.8525,-0.0002,6.5856,35.3032,7.9766,27.5156,36.4101
445.0,889.0,8.0646,36.9504,94.6725,189.9728,0.0252,0.0,100.0001,204.1351,49.084,-16.6359,0.0,0.0001,1.8524,-0.0003,6.5892,35.3026,7.9699,27.5162,36.411
446.0,891.0,8.0395,36.925,98.5861,190.3814,0.0201,0.0,99.9609,204.1352,49.084,-16.6359,0.0,0.0001,1.8522,0.0002,6.591,35.2994,7.9447,27.5175,36.4134
447.0,893.0,8.0289,36.9141,98.4905,190.0889,0.0181,0.0,99.9989,204.1352,49.084,-16.6359,0.0,0.0001,1.8521,-0.0002,6.5885,35.2975,7.9339,27.5176,36.4141
448.0,895.0,8.0165,36.9018,98.68,190.4842,0.0187,0.0,99.9858,204.1352,49.084,-16.6359,0.0,0.0001,1.852,0.0,6.5938,35.2958,7.9213,27.5181,36.4152
449.0,897.0,8.0177,36.904,98.68,190.4156,0.0193,0.0,99.9061,204.1353,49.084,-16.6359,0.0,0.0001,1.8504,-0.0004,6.6023,35.2963,7.9224,27.5184,36.4154
450.0,899.0,7.9612,36.8472,69.4246,190.6963,0.0192,0.0,99.9915,204.1353,49.084,-16.6359,0.0,0.0001,1.8507,0.0,6.6023,35.2912,7.866,27.5228,36.4224
451.0,901.0,7.9513,36.8401,93.3497,190.7882,0.0186,0.0,99.9845,204.1353,49.084,-16.6359,0.0,0.0001,1.851,0.0002,6.6011,35.2924,7.856,27.5253,36.4254
452.0,903.0,7.9528,36.8454,98.6915,190.7837,0.0191,0.0,99.9989,204.1353,49.084,-16.6359,0.0,0.0001,1.8513,0.0,6.6,35.2956,7.8572,27.5276,36.4276
453.0,905.0,7.9611,36.8569,98.68,190.9367,0.019,0.0,99.9643,204.1354,49.084,-16.6359,0.0,0.0001,1.8518,0.0004,6.5935,35.2988,7.8653,27.5289,36.4285
454.0,907.0,8.0106,36.9178,54.8325,190.4641,0.0212,0.0,99.9925,204.1354,49.0839,-16.6359,0.0,0.0001,1.8523,-0.0002,6.5837,35.3131,7.9141,27.5328,36.43
455.0,909.0,8.0589,36.9746,98.6765,189.9123,0.0185,0.0,99.9845,204.1354,49.0839,-16.6359,0.0,0.0001,1.8502,-0.0008,6.5799,35.3246,7.9618,27.5347,36.4295
456.0,911.0,8.0862,37.0092,90.6316,189.434,0.0221,0.0,99.9648,204.1354,49.0839,-16.6359,0.0,0.0001,1.8476,-0.0011,6.5777,35.3333,7.9888,27.5374,36.4309
457.0,913.0,8.0972,37.0255,98.68,189.3739,0.0236,0.0,99.9845,204.1355,49.0839,-16.6359,0.0,0.0001,1.8462,-0.0009,6.5809,35.3387,7.9994,27.5401,36.433
458.0,915.0,8.1042,37.036,98.68,189.701,0.0195,0.0,99.9556,204.1355,49.0839,-16.6359,0.0,0.0001,1.8462,-0.0003,6.5847,35.3421,8.0062,27.5417,36.4343
459.0,917.0,8.0423,36.9701,98.68,189.5478,0.0173,0.0,99.9694,204.1355,49.0839,-16.6359,0.0,0.0001,1.8432,-0.0012,6.6097,35.3328,7.9446,27.5438,36.4392
460.0,919.0,7.9056,36.8217,77.068,190.6889,0.0185,0.0,99.9845,204.1356,49.0839,-16.6359,0.0,0.0001,1.8433,0.0006,6.6148,35.31,7.8085,27.5462,36.4482
461.0,921.0,7.8437,36.7556,98.68,191.4848,0.0235,0.0,99.9721,204.1356,49.0839,-16.6359,0.0,0.0001,1.8461,0.0009,6.6244,35.3003,7.7467,27.5477,36.4527
462.0,923.0,7.8031,36.7115,98.68,191.1037,0.0222,0.0,99.9989,204.1356,49.0839,-16.6359,0.0,0.0001,1.8459,-0.0001,6.6252,35.2927,7.7063,27.5478,36.4547
463.0,925.0,7.7767,36.6851,23.9635,191.8406,0.0212,0.0,100.0133,204.1356,49.0839,-16.6359,0.0,0.0001,1.8478,0.001,6.6252,35.2901,7.6798,27.5496,36.4578
464.0,927.0,7.7841,36.6932,94.4862,191.9202,0.0215,0.0,99.9572,204.1357,49.0839,-16.6359,0.0,0.0001,1.849,0.0004,6.6295,35.2905,7.687,27.5489,36.4567
465.0,929.0,7.7757,36.686,98.68,191.6775,0.0225,0.0,100.0133,204.1357,49.0839,-16.6359,0.0,0.0001,1.8486,-0.0003,6.63,35.2901,7.6784,27.5499,36.458
466.0,931.0,7.761,36.6698,98.68,192.0493,0.0204,0.0,100.0061,204.1357,49.0839,-16.6359,0.0,0.0001,1.8495,0.0003,6.6298,35.2867,7.6636,27.5494,36.4583
467.0,933.0,7.7489,36.6587,98.68,192.4033,0.021,0.0,99.999,204.1357,49.0839,-16.6359,0.0,0.0001,1.8503,0.0003,6.6347,35.286,7.6513,27.5506,36.4601
468.0,935.0,7.7335,36.6428,98.68,192.4841,0.0198,0.0,100.0024,204.1358,49.0839,-16.6359,0.0,0.0001,1.8496,-0.0003,6.6503,35.2834,7.6359,27.5508,36.4611
469.0,937.0,7.6859,36.5884,98.68,192.1479,0.0222,0.0,100.0043,204.1358,49.0839,-16.6359,0.0,0.0001,1.8486,-0.0008,6.6513,35.2717,7.5884,27.5486,36.4612
470.0,939.0,7.6085,36.509,98.68,193.6136,0.024,0.0,99.9971,204.1358,49.0839,-16.6359,0.0,0.0001,1.8516,0.0015,6.6478,35.2632,7.5113,27.5531,36.4693
471.0,941.0,7.5849,36.4864,82.5733,193.7042,0.0228,0.0,99.9621,204.1359,49.0839,-16.6359,0.0,0.0001,1.8537,0.0,6.6681,35.2616,7.4877,27.5554,36.4727
472.0,943.0,7.5374,36.4402,93.6843,193.2631,0.0253,0.0,99.9845,204.1359,49.0839,-16.6359,0.0,0.0001,1.8505,-0.0006,6.6722,35.2585,7.4402,27.5598,36.4793
473.0,945.0,7.4569,36.3588,98.6792,194.909,0.0257,0.0,100.0085,204.1359,49.0838,-16.6359,0.0,0.0001,1.8554,0.0026,6.6574,35.2504,7.3601,27.565,36.4883
474.0,947.0,7.4537,36.3559,98.679,194.698,0.0221,0.0,99.9645,204.1359,49.0838,-16.6359,0.0,0.0001,1.8561,0.0001,6.6804,35.2499,7.3567,27.5651,36.4886
475.0,949.0,7.3869,36.2923,98.68,194.3707,0.0188,0.0,99.9723,204.136,49.0838,-16.6359,0.0,0.0001,1.8544,-0.0004,6.6868,35.2472,7.2901,27.5725,36.4992
476.0,951.0,7.381,36.2892,98.68,195.7695,0.0219,0.0,99.9925,204.136,49.0838,-16.6359,0.0,0.0001,1.8559,0.0021,6.6784,35.2489,7.284,27.5748,36.5016
477.0,953.0,7.3789,36.2878,89.9509,196.0491,0.0228,0.0,99.9645,204.136,49.0838,-16.6359,0.0,0.0001,1.8609,0.0011,6.6855,35.2486,7.2818,27.5748,36.5018
478.0,955.0,7.4005,36.3083,88.6287,195.0618,0.0224,0.0,99.9612,204.1361,49.0838,-16.6359,0.0,0.0001,1.8585,-0.0009,6.694,35.2483,7.303,27.5716,36.4976
479.0,957.0,7.3665,36.2788,92.9093,196.0474,0.021,0.0,100.0043,204.1361,49.0838,-16.6359,0.0,0.0001,1.8599,0.0006,6.694,35.2496,7.2691,27.5775,36.505
480.0,959.0,7.3529,36.2655,98.68,196.3358,0.0163,0.0,100.0133,204.1361,49.0838,-16.6359,0.0,0.0001,1.8615,0.0008,6.6932,35.2479,7.2553,27.5781,36.5063
481.0,961.0,7.3441,36.2602,98.6819,196.2471,0.0246,0.0,99.9887,204.1361,49.0838,-16.6359,0.0,0.0001,1.8619,0.0,6.6991,35.2501,7.2464,27.5811,36.5097
482.0,963.0,7.3293,36.2472,98.68,196.0575,0.0243,0.0,100.0133,204.1362,49.0838,-16.6359,0.0,0.0001,1.8614,-0.0003,6.6985,35.25,7.2314,27.5832,36.5124
483.0,965.0,7.3416,36.2641,98.68,196.5434,0.0218,0.0,99.9927,204.1362,49.0837,-16.6359,0.0,0.0001,1.862,0.0006,6.6929,35.255,7.2434,27.5854,36.514
484.0,967.0,7.4395,36.3786,82.7053,196.4489,0.0172,0.0,99.9991,204.1362,49.0837,-16.6359,0.0,0.0001,1.8638,0.0005,6.6795,35.2795,7.3403,27.5907,36.5145
485.0,969.0,7.4545,36.3985,91.9124,194.8758,0.0223,0.0,100.0045,204.1362,49.0837,-16.6359,0.0,0.0001,1.861,-0.0017,6.6777,35.2847,7.3551,27.5927,36.5158
486.0,971.0,7.4535,36.3981,98.68,195.1841,0.0232,0.0,99.9882,204.1363,49.0837,-16.6359,0.0,0.0001,1.8595,-0.0006,6.6739,35.2842,7.3538,27.5925,36.5156
487.0,973.0,7.4688,36.4174,98.5644,194.9762,0.0198,0.0,99.998,204.1363,49.0837,-16.6359,0.0,0.0001,1.8585,-0.0007,6.6742,35.289,7.3687,27.5941,36.5165
488.0,975.0,7.4822,36.4348,98.553,195.253,0.0223,0.0,100.0133,204.1363,49.0837,-16.6359,0.0,0.0001,1.8576,-0.0002,6.6753,35.2935,7.3819,27.5958,36.5175
489.0,977.0,7.4694,36.4227,98.68,195.4514,0.0199,0.0,100.0133,204.1364,49.0837,-16.6359,0.0,0.0001,1.8584,0.0,6.6766,35.2922,7.369,27.5967,36.519
490.0,979.0,7.4653,36.4191,98.68,195.2705,0.0224,0.0,100.0133,204.1364,49.0837,-16.6359,0.0,0.0001,1.8571,-0.0004,6.6773,35.2917,7.3647,27.5968,36.5193
491.0,981.0,7.4599,36.4137,70.8344,195.7104,0.0233,0.0,100.0133,204.1364,49.0837,-16.6359,0.0,0.0001,1.858,0.0003,6.6769,35.2903,7.3592,27.5966,36.5193
492.0,983.0,7.4559,36.4103,94.9408,195.7084,0.0191,0.0,100.001,204.1364,49.0837,-16.6359,0.0,0.0001,1.8573,-0.0001,6.6821,35.2897,7.3549,27.5967,36.5196
493.0,985.0,7.4234,36.3769,98.68,196.1409,0.023,0.0,100.0133,204.1365,49.0837,-16.6359,0.0,0.0001,1.8584,0.0005,6.6827,35.2852,7.3224,27.5979,36.5224
494.0,987.0,7.4232,36.3784,98.68,195.9721,0.023,0.0,100.0133,204.1365,49.0837,-16.6359,0.0,0.0001,1.8584,0.0,6.6852,35.286,7.322,27.5985,36.5231
495.0,989.0,7.4176,36.3751,58.5557,196.3289,0.0183,0.0,99.9781,204.1365,49.0837,-16.6359,0.0,0.0001,1.8582,0.0,6.6982,35.2874,7.3162,27.6005,36.5253
496.0,991.0,7.3358,36.286,87.1694,196.9413,0.0184,0.0,99.9758,204.1365,49.0836,-16.6359,0.0,0.0001,1.8559,-0.0007,6.7428,35.2725,7.2348,27.6003,36.5291
497.0,993.0,7.0047,35.9243,98.6787,200.9041,0.0207,0.0,100.0133,204.1366,49.0836,-16.6359,0.0,0.0001,1.8644,0.0038,6.7562,35.2123,6.906,27.5993,36.5442
498.0,995.0,6.9532,35.8674,98.68,202.8689,0.0224,0.0,100.0048,204.1366,49.0836,-16.6359,0.0,0.0001,1.8751,0.0054,6.7389,35.2015,6.8547,27.5978,36.5453
499.0,997.0,6.9795,35.8984,98.68,202.4926,0.0183,0.0,100.011,204.1366,49.0836,-16.6359,0.0,0.0001,1.8805,0.0027,6.7495,35.2076,6.8806,27.5991,36.5453
500.0,999.0,6.9816,35.9027,87.7966,201.3777,0.0172,0.0,99.9881,204.1367,49.0836,-16.6359,0.0,0.0001,1.8802,-0.0004,6.7673,35.2096,6.8825,27.6004,36.5465
501.0,1001.0,6.8896,35.8059,98.68,203.6363,0.0213,0.0,100.0201,204.1367,49.0836,-16.6359,0.0,0.0001,1.8852,0.0029,6.7601,35.1957,6.791,27.6021,36.5527
502.0,1003.0,6.9,35.8181,83.7688,203.1394,0.0185,0.0,100.0106,204.1367,49.0836,-16.6359,0.0,0.0001,1.8876,0.0004,6.7708,35.1976,6.801,27.6022,36.5523
503.0,1005.0,6.8608,35.7776,92.706,204.3232,0.0196,0.0,100.0267,204.1368,49.0836,-16.6359,0.0,0.0001,1.8929,0.0016,6.774,35.1919,6.7619,27.6031,36.5551
504.0,1007.0,6.847,35.7627,98.68,204.37,0.0208,0.0,100.0028,204.1368,49.0836,-16.6359,0.0,0.0001,1.8942,0.0003,6.7823,35.1889,6.7481,27.6026,36.5553
505.0,1009.0,6.8025,35.7178,98.68,204.8237,0.0204,0.0,99.9937,204.1369,49.0836,-16.6359,0.0,0.0001,1.8969,0.0004,6.7813,35.1835,6.7036,27.6044,36.5593
506.0,1011.0,6.8143,35.732,91.1224,204.8023,0.0208,0.0,99.9845,204.1373,49.0835,-16.6359,0.0,0.0001,1.8977,-0.0001,6.784,35.186,6.7151,27.6048,36.5591
507.0,1013.0,6.8086,35.7267,96.4732,205.0138,0.0203,0.0,99.987,204.1374,49.0835,-16.6359,0.0,0.0001,1.8979,0.0003,6.7833,35.1857,6.7094,27.6053,36.5599
