Datacycle,press,temp,cond,alt,oxygen,fluor,atten,trans,jday,lat,lon,PAR,UPAR,oxV,oxdVdt,oxysat,salin,potemp,sigma0,sigma2
1.0,7.0,15.8949,44.553,90.0835,243.2194,0.5833,0.0029,92.9912,205.0,49.0907,-16.3599,0.0,0.0001,2.7279,-0.0003,5.5648,35.6715,15.8938,26.2887,34.8639
2.0,9.0,15.8844,44.544,82.9556,243.0049,0.5783,0.0029,93.0094,205.0001,49.0907,-16.3599,0.0,0.0001,2.7244,-0.0005,5.5649,35.6719,15.883,26.2915,34.8671
3.0,11.0,15.889,44.5495,90.8165,243.1514,0.578,0.0029,92.9446,205.0002,49.0907,-16.3599,0.0,0.0001,2.7237,0.0002,5.5642,35.6719,15.8873,26.2905,34.8659
4.0,13.0,15.8951,44.5557,98.7082,242.585,0.5724,0.0029,92.9512,205.0002,49.0907,-16.3599,0.0,0.0001,2.7223,-0.0014,5.5644,35.6711,15.8931,26.2886,34.8639
5.0,15.0,15.8928,44.5541,98.71,242.9917,0.5813,0.0029,92.9719,205.0002,49.0908,-16.3599,0.0,0.0001,2.7218,-0.0005,5.5681,35.6711,15.8904,26.2892,34.8646
6.0,17.0,15.8398,44.5052,98.71,243.2891,0.603,0.0028,93.1331,205.0003,49.0908,-16.3599,0.0,0.0001,2.7216,0.0009,5.5682,35.6742,15.8371,26.3038,34.8809
7.0,19.0,15.8161,44.4812,98.71,242.7232,0.6228,0.0028,93.3311,205.0003,49.0908,-16.3598,0.0,0.0001,2.7164,-0.0015,5.5757,35.6734,15.8131,26.3086,34.8866
8.0,21.0,15.7805,44.4454,96.5519,242.9891,0.7002,0.0026,93.6168,205.0003,49.0908,-16.3598,0.0,0.0001,2.7149,0.0003,5.579,35.6723,15.7772,26.316,34.8952
9.0,23.0,15.7587,44.425,76.1404,242.3425,0.7432,0.0025,93.962,205.0004,49.0908,-16.3598,0.0,0.0001,2.7097,-0.0018,5.5823,35.6729,15.7551,26.3215,34.9015
10.0,25.0,15.7054,44.3763,92.3587,241.7181,0.8011,0.0023,94.2945,205.0004,49.0908,-16.3598,0.0,0.0001,2.706,-0.0021,5.5829,35.6764,15.7014,26.3364,34.9182
11.0,27.0,15.649,44.3217,97.9158,241.076,0.8235,0.0022,94.6085,205.0004,49.0908,-16.3598,0.0,0.0001,2.6973,-0.0039,5.6016,35.6776,15.6448,26.3502,34.934
12.0,29.0,15.4893,44.1721,83.2215,239.8298,0.7868,0.0018,95.5386,205.0005,49.0908,-16.3598,0.0,0.0001,2.6835,-0.0032,5.6008,35.6863,15.4847,26.3931,34.9824
13.0,31.0,15.2948,43.979,95.2874,239.8283,0.7376,0.0017,95.8231,205.0005,49.0908,-16.3598,0.0,0.0001,2.6726,-0.0063,5.6601,35.6874,15.2901,26.4376,35.0338
14.0,33.0,14.989,43.689,98.71,235.9954,0.6558,0.0014,96.533,205.0005,49.0908,-16.3598,0.0,0.0001,2.6402,-0.0092,5.6693,35.7014,14.984,26.5165,35.1234
15.0,35.0,14.9416,43.646,94.7459,237.5023,0.5743,0.0013,96.8067,205.0006,49.0908,-16.3598,0.0,0.0001,2.6328,-0.0024,5.6895,35.7045,14.9363,26.5294,35.138
16.0,37.0,14.735,43.4521,81.7864,235.9766,0.5418,0.0012,97.1438,205.0006,49.0908,-16.3598,0.0,0.0001,2.6198,-0.004,5.6987,35.7153,14.7294,26.5831,35.199
17.0,39.0,14.6855,43.402,98.0697,236.2836,0.4896,0.0011,97.3172,205.0006,49.0908,-16.3598,0.0,0.0001,2.614,-0.0023,5.7137,35.7139,14.6797,26.593,35.2107
18.0,41.0,14.562,43.2836,93.5575,235.4872,0.4651,0.001,97.5599,205.0007,49.0908,-16.3598,0.0,0.0001,2.6052,-0.0041,5.7322,35.7176,14.5559,26.6227,35.2448
19.0,43.0,14.3678,43.1053,97.4413,234.4222,0.4035,0.0009,97.7865,205.0007,49.0908,-16.3598,0.0,0.0001,2.5902,-0.0044,5.7511,35.7311,14.3615,26.6751,35.3042
20.0,45.0,14.2145,42.9681,77.3529,233.9309,0.3782,0.0008,97.9271,205.0007,49.0908,-16.3598,0.0,0.0001,2.5788,-0.0037,5.7687,35.7446,14.2079,26.7186,35.353
21.0,47.0,14.0437,42.8148,91.286,232.2106,0.3366,0.0007,98.212,205.0008,49.0908,-16.3598,0.0,0.0001,2.5592,-0.0074,5.8087,35.7593,14.0369,26.7664,35.4069
22.0,49.0,13.7517,42.5168,90.1651,231.5242,0.2813,0.0005,98.6478,205.0008,49.0908,-16.3598,0.0,0.0001,2.5454,-0.0047,5.8167,35.7513,13.7447,26.8218,35.4733
23.0,51.0,13.6621,42.4451,91.7612,231.5232,0.2096,0.0004,98.8878,205.0008,49.0908,-16.3598,0.0,0.0001,2.5397,-0.0024,5.8156,35.7668,13.6548,26.8526,35.5073
24.0,53.0,13.6676,42.4677,98.71,230.5447,0.1508,0.0004,99.1106,205.0009,49.0909,-16.3597,0.0,0.0001,2.5309,-0.0029,5.8199,35.782,13.6601,26.8633,35.5175
25.0,55.0,13.6169,42.4331,83.0935,229.3996,0.1158,0.0003,99.3107,205.0009,49.0909,-16.3597,0.0,0.0001,2.5193,-0.0035,5.8262,35.7959,13.6091,26.8847,35.5406
26.0,57.0,13.5857,42.4068,98.71,228.9202,0.0974,0.0002,99.4936,205.0009,49.0909,-16.3597,0.0,0.0001,2.5128,-0.0024,5.8246,35.7996,13.5776,26.894,35.5511
27.0,59.0,13.542,42.3599,77.7091,230.4322,0.0831,0.0003,99.3622,205.001,49.0909,-16.3597,0.0,0.0001,2.5168,0.001,5.8304,35.7954,13.5336,26.9,35.5588
28.0,61.0,13.4982,42.3113,96.8047,229.5112,0.0822,0.0002,99.5481,205.001,49.0909,-16.3597,0.0,0.0001,2.5115,-0.0019,5.8409,35.7897,13.4896,26.9047,35.5652
29.0,63.0,13.4555,42.2655,89.9233,229.273,0.0699,0.0001,99.6388,205.001,49.0909,-16.3597,0.0,0.0001,2.5083,-0.0015,5.8396,35.7854,13.4466,26.9102,35.5724
30.0,65.0,13.4646,42.2841,92.4932,229.9465,0.0638,0.0001,99.6899,205.0011,49.0909,-16.3597,0.0,0.0001,2.5093,0.0004,5.8407,35.7937,13.4554,26.9148,35.5766
31.0,67.0,13.4564,42.2773,76.7283,230.25,0.0602,0.0001,99.7246,205.0011,49.0909,-16.3597,0.0,0.0001,2.5112,0.0006,5.8402,35.794,13.4469,26.9168,35.5789
32.0,69.0,13.4287,42.2475,92.5022,230.4046,0.0556,0.0001,99.7532,205.0011,49.0909,-16.3597,0.0,0.0001,2.5121,-0.0002,5.8453,35.7908,13.4189,26.9202,35.5833
33.0,71.0,13.4202,42.2373,95.6061,230.7966,0.0526,0.0001,99.7963,205.0012,49.0909,-16.3597,0.0,0.0001,2.5116,0.0008,5.8497,35.7885,13.4103,26.9201,35.5836
34.0,73.0,13.3872,42.2034,98.71,230.2068,0.0488,0.0001,99.8365,205.0012,49.0909,-16.3597,0.0,0.0001,2.5103,-0.001,5.8489,35.7867,13.377,26.9256,35.5904
35.0,75.0,13.3799,42.1986,74.1373,230.3126,0.0424,0.0001,99.8439,205.0012,49.0909,-16.3596,0.0,0.0001,2.509,-0.0003,5.85,35.7878,13.3694,26.928,35.5931
36.0,77.0,13.3848,42.2033,95.5584,229.5273,0.0396,0.0001,99.8709,205.0013,49.0909,-16.3596,0.0,0.0001,2.5044,-0.002,5.8536,35.787,13.374,26.9265,35.5914
37.0,79.0,13.3519,42.1691,98.71,229.931,0.0447,0.0,99.9018,205.0013,49.0909,-16.3596,0.0,0.0001,2.5028,-0.0002,5.8545,35.7844,13.3408,26.9313,35.5975
38.0,81.0,13.3492,42.1669,98.71,229.8099,0.0383,0.0,99.9062,205.0013,49.0909,-16.3596,0.0,0.0001,2.502,-0.0003,5.8529,35.784,13.3378,26.9316,35.5979
39.0,83.0,13.3274,42.1438,90.9133,229.9003,0.0392,0.0,99.9248,205.0014,49.0909,-16.3596,0.0,0.0001,2.5012,-0.0004,5.8581,35.7817,13.3157,26.9343,35.6015
40.0,85.0,13.3184,42.1394,98.71,228.768,0.0422,0.0,99.9556,205.0014,49.0909,-16.3596,0.0,0.0001,2.4957,-0.0032,5.862,35.7853,13.3065,26.939,35.6065
41.0,87.0,13.2931,42.1073,98.7,230.1499,0.0379,0.0,99.9556,205.0014,49.0909,-16.3596,0.0,0.0001,2.4986,0.0011,5.8599,35.7778,13.2809,26.9385,35.607
42.0,89.0,13.2859,42.1005,79.9267,230.4454,0.042,0.0,99.9793,205.0015,49.091,-16.3596,0.0,0.0001,2.5017,0.0004,5.8618,35.7769,13.2734,26.9394,35.6082
43.0,91.0,13.285,42.0987,98.71,230.7904,0.0392,0.0,99.9832,205.0015,49.091,-16.3596,0.0,0.0001,2.5021,0.0005,5.867,35.7755,13.2722,26.9385,35.6074
44.0,93.0,13.2489,42.0604,98.7089,231.3974,0.0324,0.0,100.0422,205.0015,49.091,-16.3596,0.0,0.0001,2.5048,0.0014,5.8682,35.7721,13.2359,26.9433,35.6137
45.0,95.0,13.2306,42.041,98.7025,231.1062,0.0302,0.0,100.0404,205.0016,49.091,-16.3596,0.0,0.0001,2.5047,0.0,5.8702,35.7698,13.2173,26.9453,35.6164
46.0,97.0,13.2103,42.0191,98.5611,230.5121,0.0333,0.0,100.0319,205.0016,49.091,-16.3596,0.0,0.0001,2.5008,-0.0014,5.8733,35.7675,13.1967,26.9477,35.6196
47.0,99.0,13.1958,42.0032,98.71,230.217,0.0354,0.0,100.047,205.0016,49.091,-16.3596,0.0,0.0001,2.497,-0.0012,5.8739,35.7651,13.1819,26.9489,35.6214
48.0,101.0,13.1844,41.9916,98.71,230.9411,0.0348,0.0,100.0639,205.0017,49.091,-16.3595,0.0,0.0001,2.4986,0.001,5.8732,35.7638,13.1703,26.9503,35.6233
49.0,103.0,13.1834,41.9915,83.0737,230.5095,0.0325,0.0,100.0661,205.0017,49.091,-16.3595,0.0,0.0001,2.4969,-0.0008,5.8778,35.7639,13.169,26.9506,35.6236
50.0,105.0,13.1491,41.9543,98.71,229.7083,0.0316,0.0,100.0711,205.0017,49.091,-16.3595,0.0,0.0001,2.4916,-0.0016,5.876,35.7598,13.1345,26.9544,35.6288
51.0,107.0,13.1583,41.966,93.9938,230.4969,0.0311,0.0,100.0679,205.002,49.091,-16.3595,0.0,0.0001,2.4942,0.0,5.8786,35.7614,13.1434,26.9539,35.6279
52.0,109.0,13.1405,41.9476,91.9326,230.3934,0.0307,0.0,100.0612,205.0022,49.091,-16.3594,0.0,0.0001,2.4921,0.0,5.8812,35.7599,13.1254,26.9564,35.6311
53.0,111.0,13.1187,41.9246,98.7075,230.8407,0.0266,0.0,100.0653,205.0023,49.091,-16.3594,0.0,0.0001,2.4929,0.0007,5.8831,35.7576,13.1032,26.9591,35.6347
54.0,113.0,13.1097,41.9152,91.6523,230.4484,0.0294,0.0,100.0648,205.0023,49.091,-16.3594,0.0,0.0001,2.4917,-0.0005,5.8843,35.7564,13.0941,26.96,35.636
55.0,115.0,13.1029,41.9078,75.8516,230.0351,0.0259,0.0,100.0711,205.0024,49.091,-16.3594,0.0,0.0001,2.4881,-0.001,5.8851,35.7549,13.0869,26.9604,35.6366
56.0,117.0,13.0902,41.8956,93.6943,230.7117,0.0279,0.0,100.0662,205.0024,49.0911,-16.3594,0.0,0.0001,2.4902,0.0003,5.8863,35.7541,13.074,26.9624,35.6391
57.0,119.0,13.0931,41.8985,98.7025,229.2315,0.0266,0.0,100.067,205.0025,49.091,-16.3594,0.0,0.0001,2.4834,-0.0033,5.8906,35.7535,13.0767,26.9614,35.638
58.0,121.0,13.0634,41.8662,98.7025,228.3515,0.0257,0.0,100.0636,205.0025,49.091,-16.3594,0.0,0.0001,2.4769,-0.0035,5.8889,35.7498,13.0467,26.9646,35.6424
59.0,123.0,13.0575,41.861,98.71,229.3068,0.027,0.0,100.0682,205.0025,49.091,-16.3594,0.0,0.0001,2.4762,-0.0001,5.8912,35.7495,13.0405,26.9656,35.6437
60.0,125.0,13.0536,41.8567,98.71,230.2495,0.0291,0.0,100.0584,205.0026,49.091,-16.3594,0.0,0.0001,2.4793,0.0017,5.893,35.7482,13.0363,26.9654,35.6437
61.0,127.0,13.0413,41.8451,77.3548,230.3809,0.0285,0.0,100.0668,205.0026,49.0911,-16.3594,0.0,0.0001,2.4823,0.0005,5.8935,35.7478,13.0237,26.9677,35.6464
62.0,129.0,13.0336,41.8377,95.0145,230.3955,0.0249,0.0,100.0569,205.0026,49.091,-16.3594,0.0,0.0001,2.4826,0.0003,5.8935,35.747,13.0158,26.9687,35.6477
63.0,131.0,13.0237,41.8272,98.62,229.8908,0.0259,0.0,100.0427,205.0027,49.0911,-16.3594,0.0,0.0001,2.4795,-0.0011,5.8985,35.7457,13.0056,26.9697,35.6492
64.0,133.0,12.9934,41.7929,98.5425,229.0175,0.0257,0.0,100.0553,205.0027,49.0911,-16.3594,0.0,0.0001,2.4737,-0.0025,5.9015,35.7404,12.975,26.9719,35.6526
65.0,135.0,12.9751,41.7731,98.71,228.9997,0.0251,0.0,100.0299,205.0027,49.0911,-16.3594,0.0,0.0001,2.4704,-0.0012,5.9004,35.7379,12.9564,26.9736,35.6551
66.0,137.0,12.9698,41.7681,86.976,229.3219,0.0226,0.0,100.0204,205.0028,49.0911,-16.3594,0.0,0.0001,2.4697,-0.0001,5.9022,35.7372,12.9508,26.9742,35.6559
67.0,139.0,12.977,41.7763,94.0504,228.8455,0.0261,0.0,100.0256,205.0028,49.0911,-16.3594,0.0,0.0001,2.4674,-0.0013,5.9046,35.7376,12.9578,26.9731,35.6545
68.0,141.0,12.953,41.7494,93.0625,228.9895,0.0254,0.0,100.0278,205.0028,49.0911,-16.3594,0.0,0.0001,2.4661,-0.0004,5.9043,35.7335,12.9335,26.9748,35.6572
69.0,143.0,12.9368,41.7312,98.5573,229.1575,0.0251,0.0,100.0207,205.0029,49.0911,-16.3594,0.0,0.0001,2.4656,-0.0002,5.9075,35.7305,12.9171,26.9758,35.6589
70.0,145.0,12.9239,41.7176,98.705,228.5125,0.0264,0.0,100.0137,205.0029,49.0911,-16.3594,0.0,0.0001,2.462,-0.0014,5.9092,35.7288,12.904,26.9772,35.6607
71.0,147.0,12.9139,41.7068,98.71,227.6482,0.0236,0.0,100.0093,205.003,49.0911,-16.3593,0.0,0.0001,2.4556,-0.0023,5.9106,35.7271,12.8937,26.9779,35.6619
72.0,149.0,12.9081,41.7007,76.6081,227.4035,0.026,0.0,100.0133,205.003,49.0911,-16.3593,0.0,0.0001,2.4521,-0.0017,5.9096,35.7258,12.8876,26.9782,35.6624
73.0,151.0,12.9031,41.6958,92.4011,228.0509,0.0224,0.0,100.0095,205.003,49.0911,-16.3593,0.0,0.0001,2.4526,-0.0002,5.9129,35.7249,12.8823,26.9785,35.663
74.0,153.0,12.8819,41.6717,98.0121,227.0641,0.0205,0.0,99.9992,205.0031,49.0911,-16.3593,0.0,0.0001,2.4465,-0.0022,5.9185,35.7209,12.8609,26.9797,35.6651
75.0,155.0,12.8505,41.6352,98.4947,227.7788,0.0214,0.0,100.0079,205.0031,49.0911,-16.3593,0.0,0.0001,2.4463,0.0,5.9216,35.7148,12.8293,26.9813,35.668
76.0,157.0,12.8302,41.6115,98.71,226.8123,0.0248,0.0,99.9996,205.0031,49.0911,-16.3593,0.0,0.0001,2.4428,-0.0018,5.9189,35.7105,12.8087,26.9821,35.6696
77.0,159.0,12.809,41.5878,89.2803,226.8916,0.0248,0.0,99.9997,205.0031,49.0911,-16.3593,0.0,0.0001,2.4396,-0.0011,5.9251,35.707,12.7872,26.9837,35.6721
78.0,161.0,12.7789,41.5567,92.7778,226.9065,0.0249,0.0,99.9851,205.0032,49.0911,-16.3593,0.0,0.0001,2.4372,-0.0001,5.9254,35.7044,12.7568,26.9878,35.6774
79.0,163.0,12.725,41.4907,98.3794,228.01,0.0284,0.0,99.9866,205.0032,49.0911,-16.3593,0.0,0.0001,2.4401,0.0006,5.939,35.6911,12.7027,26.9882,35.6801
80.0,165.0,12.7301,41.4905,98.71,230.1682,0.0258,0.0,99.97,205.0032,49.0912,-16.3593,0.0,0.0001,2.4479,0.0053,5.9352,35.6854,12.7076,26.9829,35.6746
81.0,167.0,12.6511,41.4028,86.6319,230.9696,0.0236,0.0,100.0087,205.0033,49.0912,-16.3593,0.0,0.0001,2.4561,0.0039,5.9419,35.6748,12.6284,26.9904,35.6853
82.0,169.0,12.6553,41.4094,98.7053,230.8276,0.0257,0.0,99.9772,205.0033,49.0912,-16.3593,0.0,0.0001,2.4595,0.0011,5.9474,35.6764,12.6324,26.9909,35.6856
83.0,171.0,12.6202,41.37,98.695,231.1775,0.0239,0.0,99.992,205.0033,49.0912,-16.3593,0.0,0.0001,2.4628,0.0006,5.9513,35.6707,12.5969,26.9935,35.6897
84.0,173.0,12.6,41.347,86.5313,231.365,0.0263,0.0,99.9995,205.0034,49.0912,-16.3593,0.0,0.0001,2.4633,0.0005,5.9538,35.6667,12.5766,26.9945,35.6915
85.0,175.0,12.5739,41.3169,96.2004,231.8459,0.0235,0.0,100.0084,205.0034,49.0912,-16.3593,0.0,0.0001,2.4655,0.0008,5.9545,35.6616,12.5502,26.9957,35.6938
86.0,177.0,12.568,41.3107,98.4775,231.5984,0.0283,0.0,99.9773,205.0034,49.0912,-16.3593,0.0,0.0001,2.4649,-0.0003,5.9559,35.6604,12.544,26.996,35.6944
87.0,179.0,12.5588,41.3015,98.68,231.3535,0.0289,0.0,99.97,205.0035,49.0912,-16.3593,0.0,0.0001,2.4634,-0.0008,5.9573,35.6593,12.5347,26.997,35.6958
88.0,181.0,12.5492,41.291,91.1765,231.2537,0.0273,0.0,99.9769,205.0035,49.0912,-16.3593,0.0,0.0001,2.4609,-0.0006,5.9572,35.6573,12.5248,26.9974,35.6966
89.0,183.0,12.5417,41.2828,98.7025,230.9018,0.026,0.0,99.9618,205.0035,49.0912,-16.3593,0.0,0.0001,2.4578,-0.0013,5.9618,35.6558,12.517,26.9978,35.6973
90.0,185.0,12.5067,41.2437,98.71,230.1231,0.0245,0.0,99.9459,205.0036,49.0912,-16.3593,0.0,0.0001,2.452,-0.0021,5.9653,35.6503,12.4817,27.0005,35.7014
91.0,187.0,12.4854,41.2191,65.214,230.5758,0.0278,0.0,99.945,205.0036,49.0912,-16.3593,0.0,0.0001,2.4509,-0.0002,5.9663,35.6457,12.4602,27.0012,35.703
92.0,189.0,12.4776,41.2108,98.9133,230.9327,0.0332,0.0,99.9152,205.0036,49.0912,-16.3593,0.0,0.0001,2.4517,0.0002,5.9691,35.6442,12.4521,27.0016,35.7038
93.0,191.0,12.4536,41.1838,70.857,230.3648,0.0283,0.0,99.9326,205.0037,49.0913,-16.3593,0.0,0.0001,2.4488,-0.0014,5.9739,35.64,12.4279,27.0031,35.7063
94.0,193.0,12.4258,41.1527,66.7436,230.2773,0.0235,0.0,99.9341,205.0037,49.0913,-16.3593,0.0,0.0001,2.4458,-0.001,5.9761,35.6355,12.3999,27.0051,35.7094
95.0,195.0,12.3999,41.1238,92.554,230.7253,0.0258,0.0,99.9429,205.0037,49.0913,-16.3593,0.0,0.0001,2.4458,0.0002,5.9789,35.6312,12.3737,27.0069,35.7123
96.0,197.0,12.3792,41.1004,98.6971,231.5761,0.0252,0.0,99.9416,205.0038,49.0913,-16.3593,0.0,0.0001,2.4493,0.0013,5.9809,35.6274,12.3529,27.008,35.7143
97.0,199.0,12.3682,41.0881,98.71,230.9862,0.0277,0.0,99.9287,205.0038,49.0913,-16.3593,0.0,0.0001,2.448,-0.0008,5.9834,35.625,12.3415,27.0084,35.7151
98.0,201.0,12.3527,41.0712,98.3895,231.3378,0.0245,0.0,99.9221,205.0038,49.0913,-16.3593,0.0,0.0001,2.4478,0.0,5.9858,35.6223,12.3258,27.0094,35.7168
99.0,203.0,12.3322,41.0492,98.705,231.0452,0.0282,0.0,99.9267,205.0039,49.0913,-16.3593,0.0,0.0001,2.4464,-0.0007,5.9868,35.6197,12.3051,27.0114,35.7196
100.0,205.0,12.3217,41.0378,98.71,230.9076,0.026,0.0,99.9359,205.0039,49.0913,-16.3593,0.0,0.0001,2.4438,-0.0008,5.9905,35.6177,12.2943,27.012,35.7206
101.0,207.0,12.3001,41.0136,67.9663,230.307,0.0263,0.0,99.9267,205.0039,49.0913,-16.3593,0.0,0.0001,2.44,-0.0016,5.9916,35.6137,12.2724,27.0132,35.7227
102.0,209.0,12.283,40.9978,94.9257,230.671,0.0237,0.0,99.9359,205.0039,49.0913,-16.3593,0.0,0.0001,2.4394,-0.0002,5.9909,35.6137,12.2551,27.0166,35.7268
103.0,211.0,12.2842,41.0029,97.9796,229.8057,0.023,0.0,99.9556,205.004,49.0913,-16.3593,0.0,0.0001,2.4355,-0.0018,5.9892,35.6169,12.256,27.0188,35.729
104.0,213.0,12.2832,41.0046,98.4372,228.9068,0.0242,0.0,99.9639,205.004,49.0913,-16.3593,0.0,0.0001,2.4304,-0.0019,5.9807,35.6186,12.2548,27.0204,35.7306
105.0,215.0,12.3574,41.104,98.68,227.7631,0.0228,0.0,100.0106,205.004,49.0913,-16.3593,0.0,0.0001,2.4233,-0.0035,5.9831,35.6436,12.3286,27.0254,35.7324
106.0,217.0,12.3576,41.1047,98.71,227.5037,0.0217,0.0,100.0186,205.0041,49.0913,-16.3593,0.0,0.0001,2.4172,-0.0022,5.985,35.6432,12.3285,27.0251,35.7321
107.0,219.0,12.3374,41.081,96.0788,227.8292,0.0215,0.0,100.0384,205.0041,49.0913,-16.3593,0.0,0.0001,2.4159,-0.0008,5.9882,35.6386,12.3081,27.0255,35.7333
108.0,221.0,12.3077,41.0478,81.9624,228.0,0.0226,0.0,100.0229,205.0041,49.0913,-16.3593,0.0,0.0001,2.4146,-0.0004,5.9902,35.6338,12.2781,27.0277,35.7367
109.0,223.0,12.3023,41.0435,93.972,226.5242,0.0214,0.0,100.0422,205.0041,49.0913,-16.3593,0.0,0.0001,2.409,-0.0033,5.9953,35.6337,12.2725,27.0286,35.738
110.0,225.0,12.2548,40.9892,98.5433,227.3069,0.024,0.0,100.0308,205.0042,49.0913,-16.3593,0.0,0.0001,2.4057,-0.0004,5.9967,35.6251,12.2248,27.0313,35.7426
111.0,227.0,12.2456,40.9783,98.6143,226.7847,0.0254,0.0,100.0293,205.0042,49.0913,-16.3593,0.0,0.0001,2.4036,-0.0015,5.9985,35.6225,12.2154,27.0311,35.7428
112.0,229.0,12.2335,40.9646,98.7025,228.4239,0.0252,0.0,100.0271,205.0042,49.0913,-16.3593,0.0,0.0001,2.4069,0.0022,5.9999,35.6199,12.203,27.0315,35.7437
113.0,231.0,12.2196,40.9488,98.7006,228.2722,0.0287,0.0,100.0129,205.0043,49.0913,-16.3593,0.0,0.0001,2.4103,0.0004,6.0025,35.6169,12.1888,27.0319,35.7447
114.0,233.0,12.2048,40.9333,58.2947,229.4135,0.024,0.0,100.0133,205.0043,49.0913,-16.3593,0.0,0.0001,2.4129,0.0021,6.0056,35.615,12.1738,27.0334,35.7468
115.0,235.0,12.1807,40.9061,95.0418,229.989,0.0214,0.0,100.0133,205.0043,49.0913,-16.3593,0.0,0.0001,2.4177,0.0017,6.0092,35.6105,12.1495,27.0346,35.749
116.0,237.0,12.1547,40.8765,98.6899,230.4597,0.0225,0.0,100.0133,205.0043,49.0914,-16.3593,0.0,0.0001,2.4214,0.0015,6.0104,35.6056,12.1233,27.0358,35.7514
117.0,239.0,12.1439,40.8653,98.707,230.9534,0.0236,0.0,100.01,205.0044,49.0914,-16.3593,0.0,0.0001,2.4247,0.0017,6.01,35.6041,12.1122,27.0368,35.7528
118.0,241.0,12.1358,40.8572,71.1729,230.9308,0.0268,0.0,100.0133,205.0044,49.0914,-16.3593,0.0,0.0001,2.4261,0.0004,6.0133,35.6031,12.1038,27.0377,35.754
119.0,243.0,12.1264,40.8461,98.7133,230.9307,0.0274,0.0,100.0103,205.0044,49.0914,-16.3592,0.0,0.0001,2.4263,-0.0001,6.0154,35.6005,12.0942,27.0375,35.7543
120.0,245.0,12.1035,40.8219,87.6946,231.642,0.0271,0.0,100.0053,205.0044,49.0914,-16.3593,0.0,0.0001,2.4289,0.001,6.0166,35.5976,12.0711,27.0398,35.7575
121.0,247.0,12.0985,40.8174,98.7058,231.3437,0.0241,0.0,100.0133,205.0045,49.0914,-16.3592,0.0,0.0001,2.4287,-0.0004,6.019,35.5971,12.0658,27.0404,35.7583
122.0,249.0,12.0805,40.7965,98.6962,232.0763,0.0269,0.0,100.0043,205.0045,49.0914,-16.3592,0.0,0.0001,2.4305,0.0012,6.0198,35.593,12.0476,27.0407,35.7594
123.0,251.0,12.0652,40.7797,98.7025,232.1289,0.0234,0.0,100.0133,205.0045,49.0914,-16.3592,0.0,0.0001,2.4319,0.0002,6.0224,35.5904,12.0321,27.0417,35.761
124.0,253.0,12.0569,40.7704,97.8677,232.5228,0.0244,0.0,100.0133,205.0046,49.0914,-16.3592,0.0,0.0001,2.4327,0.0006,6.0256,35.5884,12.0235,27.0418,35.7615
125.0,255.0,12.0349,40.7457,98.68,233.1487,0.0225,0.0,100.0133,205.0046,49.0914,-16.3592,0.0,0.0001,2.4359,0.0017,6.0219,35.5843,12.0013,27.0429,35.7635
126.0,257.0,12.0259,40.7368,73.3905,233.1149,0.0267,0.0,99.9951,205.0046,49.0914,-16.3592,0.0,0.0001,2.4374,0.0002,6.0267,35.5832,11.9921,27.0438,35.7648
127.0,259.0,12.0188,40.7302,98.7091,232.6593,0.0183,0.0,100.0133,205.0047,49.0914,-16.3592,0.0,0.0001,2.4354,-0.0008,6.0265,35.5826,11.9846,27.0448,35.7661
128.0,261.0,12.0174,40.7303,85.0506,232.6427,0.0227,0.0,99.9845,205.0047,49.0914,-16.3592,0.0,0.0001,2.4347,-0.0005,6.0264,35.5832,11.983,27.0456,35.7669
129.0,263.0,12.0168,40.7303,98.6979,232.7822,0.0235,0.0,100.011,205.0047,49.0914,-16.3592,0.0,0.0001,2.4342,-0.0003,6.0281,35.583,11.9821,27.0456,35.767
130.0,265.0,12.0132,40.7264,98.695,232.4729,0.0192,0.0,100.0037,205.0047,49.0914,-16.3592,0.0,0.0001,2.4322,-0.0009,6.0302,35.582,11.9783,27.0455,35.7671
131.0,267.0,11.994,40.7049,98.71,232.5042,0.0228,0.0,100.0133,205.0048,49.0914,-16.3592,0.0,0.0001,2.4298,-0.0005,6.0301,35.5784,11.9589,27.0464,35.7688
132.0,269.0,11.9859,40.6975,98.695,231.7296,0.024,0.0,100.0133,205.0048,49.0914,-16.3592,0.0,0.0001,2.427,-0.0017,6.0291,35.578,11.9506,27.0477,35.7705
133.0,271.0,11.9976,40.7165,98.71,230.7506,0.0217,0.0,100.0133,205.0048,49.0914,-16.3592,0.0,0.0001,2.4218,-0.0027,6.0269,35.5845,11.962,27.0506,35.7728
134.0,273.0,12.0149,40.7421,98.7034,230.3984,0.0228,0.0,100.0079,205.0048,49.0915,-16.3592,0.0,0.0001,2.4157,-0.0019,6.0285,35.5919,11.9789,27.0531,35.7745
135.0,275.0,12.0045,40.7328,71.7562,229.9076,0.0193,0.0,100.0133,205.0049,49.0915,-16.3592,0.0,0.0001,2.4094,-0.0022,6.0362,35.5919,11.9683,27.0551,35.7769
136.0,277.0,11.9675,40.6902,94.9928,228.9374,0.028,0.0,100.0133,205.0049,49.0915,-16.3592,0.0,0.0001,2.4035,-0.0031,6.0364,35.5846,11.9311,27.0566,35.78
137.0,279.0,11.9391,40.6565,98.7015,229.5309,0.024,0.0,100.0133,205.0049,49.0915,-16.3592,0.0,0.0001,2.4026,-0.0007,6.0361,35.578,11.9025,27.057,35.7816
138.0,281.0,11.9299,40.6471,98.6688,229.8938,0.0239,0.0,100.0106,205.0049,49.0915,-16.3592,0.0,0.0001,2.4026,-0.0002,6.039,35.5766,11.8931,27.0577,35.7827
139.0,283.0,11.9215,40.6331,98.71,229.095,0.024,0.0,100.0133,205.005,49.0915,-16.3592,0.0,0.0001,2.399,-0.0019,6.0414,35.5702,11.8844,27.0544,35.7798
140.0,285.0,11.913,40.6322,98.6925,228.7215,0.0232,0.0,100.0133,205.005,49.0915,-16.3592,0.0,0.0001,2.3961,-0.0019,6.0405,35.5765,11.8756,27.061,35.7867
141.0,287.0,11.8883,40.6057,21.9133,229.2723,0.0222,0.0,100.0178,205.005,49.0915,-16.3592,0.0,0.0001,2.3954,-0.0002,6.0436,35.5731,11.8507,27.063,35.7898
142.0,289.0,11.8978,40.6163,96.6218,227.5597,0.0215,0.0,100.0133,205.0051,49.0915,-16.3592,0.0,0.0001,2.3879,-0.0032,6.0431,35.5736,11.8599,27.0617,35.7881
143.0,291.0,11.8937,40.6189,92.3373,226.096,0.0186,0.0,100.0133,205.0051,49.0915,-16.3592,0.0,0.0001,2.3791,-0.0046,6.0432,35.5791,11.8556,27.0668,35.7933
144.0,293.0,11.886,40.6128,98.5799,226.7062,0.0219,0.0,100.0324,205.0051,49.0915,-16.3592,0.0,0.0001,2.3757,-0.0016,6.0445,35.5796,11.8476,27.0687,35.7955
145.0,295.0,11.8814,40.6088,98.7007,224.5883,0.0237,0.0,100.0385,205.0051,49.0915,-16.3592,0.0,0.0001,2.3651,-0.0048,6.0448,35.5791,11.8428,27.0693,35.7963
146.0,297.0,11.8768,40.6057,98.6909,225.5214,0.0272,0.0,100.0331,205.0052,49.0915,-16.3592,0.0,0.0001,2.3639,-0.0012,6.0447,35.5797,11.8379,27.0706,35.7978
147.0,299.0,11.8775,40.607,98.695,225.9073,0.023,0.0,100.0307,205.0052,49.0915,-16.3592,0.0,0.0001,2.3634,-0.0001,6.0455,35.5795,11.8383,27.0704,35.7976
148.0,301.0,11.8759,40.6059,70.8844,224.9046,0.0237,0.0,100.0189,205.0052,49.0916,-16.3592,0.0,0.0001,2.3589,-0.0021,6.0483,35.5792,11.8365,27.0705,35.7977
149.0,303.0,11.8609,40.5912,93.7458,224.3302,0.0213,0.0,100.0339,205.0053,49.0916,-16.3592,0.0,0.0001,2.3547,-0.0023,6.0475,35.578,11.8212,27.0725,35.8003
150.0,305.0,11.8443,40.5736,98.6875,224.6651,0.0208,0.0,100.0328,205.0053,49.0916,-16.3592,0.0,0.0001,2.353,-0.0006,6.0465,35.5755,11.8044,27.0737,35.8023
151.0,307.0,11.8495,40.5796,90.2425,224.583,0.0213,0.0,100.0314,205.0053,49.0916,-16.3592,0.0,0.0001,2.3509,-0.0011,6.0516,35.5759,11.8094,27.0732,35.8015
152.0,309.0,11.8288,40.5574,98.6978,222.7716,0.0225,0.0,100.033,205.0053,49.0916,-16.3592,0.0,0.0001,2.3441,-0.0038,6.0504,35.5728,11.7884,27.0747,35.8039
153.0,311.0,11.7995,40.5257,98.6973,222.9561,0.0189,0.0,100.028,205.0054,49.0916,-16.3592,0.0,0.0001,2.3387,-0.0023,6.0574,35.5688,11.7589,27.0772,35.8077
154.0,313.0,11.7992,40.527,98.7037,221.753,0.0219,0.0,100.0343,205.0054,49.0916,-16.3592,0.0,0.0001,2.331,-0.0036,6.0591,35.5696,11.7584,27.078,35.8084
155.0,315.0,11.7697,40.4939,98.7058,222.729,0.0151,0.0,100.0408,205.0054,49.0916,-16.3592,0.0,0.0001,2.3306,-0.0001,6.0568,35.5646,11.7287,27.0797,35.8114
156.0,317.0,11.7868,40.5185,82.9765,225.4613,0.0176,0.0,100.0374,205.0054,49.0916,-16.3592,0.0,0.0001,2.3413,0.0042,6.0582,35.5713,11.7454,27.0817,35.8127
157.0,319.0,11.775,40.5072,97.4065,225.2404,0.0227,0.0,100.0376,205.0055,49.0916,-16.3592,0.0,0.0001,2.3466,0.0012,6.0578,35.5706,11.7335,27.0834,35.8149
158.0,321.0,11.778,40.5138,98.6925,224.6868,0.0252,0.0,100.0223,205.0055,49.0916,-16.3592,0.0,0.0001,2.3459,-0.0006,6.0575,35.5733,11.7361,27.085,35.8163
159.0,323.0,11.7851,40.5242,98.6929,224.2371,0.0252,0.0,100.0229,205.0055,49.0916,-16.3592,0.0,0.0001,2.3443,-0.0015,6.0577,35.576,11.743,27.0858,35.8168
160.0,325.0,11.7799,40.5201,89.1852,224.6805,0.0223,0.0,100.0165,205.0056,49.0916,-16.3592,0.0,0.0001,2.3442,-0.0002,6.0577,35.5759,11.7375,27.0868,35.818
161.0,327.0,11.7803,40.5214,76.8845,224.8391,0.0193,0.0,100.021,205.0056,49.0916,-16.3592,0.0,0.0001,2.3443,0.0001,6.0578,35.576,11.7376,27.0868,35.818
162.0,329.0,11.7797,40.5225,94.4267,224.3895,0.0195,0.0,100.0264,205.0056,49.0916,-16.3592,0.0,0.0001,2.3428,-0.0008,6.0576,35.5767,11.7367,27.0876,35.8188
163.0,331.0,11.7788,40.5245,98.6875,222.7278,0.0173,0.0,100.0235,205.0056,49.0916,-16.3592,0.0,0.0001,2.3351,-0.0035,6.0574,35.5786,11.7356,27.0893,35.8205
164.0,333.0,11.7802,40.5284,98.71,222.7185,0.0172,0.0,100.0133,205.0057,49.0916,-16.3592,0.0,0.0001,2.3318,-0.0023,6.0575,35.5804,11.7367,27.0904,35.8216
165.0,335.0,11.7815,40.5304,98.695,222.9811,0.0184,0.0,100.0133,205.0057,49.0916,-16.3592,0.0,0.0001,2.3301,-0.0009,6.0568,35.5802,11.7378,27.0901,35.8212
166.0,337.0,11.7865,40.5391,98.6997,222.4856,0.0223,0.0,100.0133,205.0057,49.0917,-16.3592,0.0,0.0001,2.3266,-0.0013,6.0564,35.583,11.7425,27.0914,35.8223
167.0,339.0,11.7887,40.5427,98.6929,222.2794,0.0228,0.0,100.0146,205.0058,49.0917,-16.3592,0.0,0.0001,2.3246,-0.0012,6.056,35.5836,11.7445,27.0914,35.8223
168.0,341.0,11.7904,40.546,98.7031,222.312,0.0192,0.0,100.0156,205.0058,49.0917,-16.3592,0.0,0.0001,2.3223,-0.0006,6.0562,35.5845,11.7459,27.0919,35.8226
169.0,343.0,11.7887,40.5461,66.6622,222.5823,0.0199,0.0,100.0133,205.0058,49.0917,-16.3592,0.0,0.0001,2.3223,0.0002,6.0563,35.5852,11.7439,27.0929,35.8237
170.0,345.0,11.788,40.5459,87.9318,222.5456,0.0197,0.0,99.9984,205.0058,49.0917,-16.3592,0.0,0.0001,2.3224,-0.0003,6.0574,35.5849,11.743,27.0927,35.8236
171.0,347.0,11.7794,40.5363,98.6929,222.6422,0.0231,0.0,100.0043,205.0059,49.0917,-16.3592,0.0,0.0001,2.3212,-0.0001,6.0604,35.5827,11.7341,27.0928,35.824
172.0,349.0,11.7617,40.5171,98.6947,222.4813,0.0231,0.0,99.9989,205.0059,49.0917,-16.3592,0.0,0.0001,2.3205,-0.0004,6.0608,35.5798,11.7162,27.0939,35.8259
173.0,351.0,11.755,40.5111,88.847,222.382,0.0224,0.0,100.0017,205.0059,49.0917,-16.3592,0.0,0.0001,2.3194,-0.0004,6.0611,35.5795,11.7092,27.095,35.8273
174.0,353.0,11.754,40.5122,98.6907,222.0529,0.0181,0.0,99.8818,205.0059,49.0917,-16.3592,0.0,0.0001,2.3185,-0.001,6.0606,35.5807,11.708,27.0961,35.8284
175.0,355.0,11.7249,40.4798,98.6967,222.6026,0.0224,0.0,99.9839,205.006,49.0917,-16.3592,0.0,0.0001,2.3177,0.0,6.0668,35.5757,11.6786,27.0978,35.8314
176.0,357.0,11.7227,40.4761,98.7007,221.955,0.0209,0.0,99.5361,205.006,49.0917,-16.3592,0.0,0.0001,2.3147,-0.0013,6.0673,35.5735,11.6762,27.0966,35.8302
177.0,359.0,11.703,40.4557,89.9993,221.9307,0.0196,0.0,99.9773,205.006,49.0917,-16.3592,0.0,0.0001,2.3131,-0.0008,6.0666,35.5713,11.6563,27.0986,35.8331
178.0,361.0,11.7032,40.4574,88.1389,221.9386,0.0205,0.0,99.9845,205.0061,49.0917,-16.3592,0.0,0.0001,2.3118,-0.0006,6.0686,35.5719,11.6562,27.0991,35.8336
179.0,363.0,11.7012,40.4554,98.685,221.7676,0.0218,0.0,99.9845,205.0061,49.0917,-16.3592,0.0,0.0001,2.3096,-0.0009,6.0711,35.5711,11.654,27.0989,35.8335
180.0,365.0,11.6802,40.4315,60.8266,221.6261,0.0229,0.0,99.9845,205.0061,49.0917,-16.3592,0.0,0.0001,2.3082,-0.0007,6.0703,35.5667,11.6328,27.0995,35.835
181.0,367.0,11.679,40.4326,93.4611,221.7697,0.0223,0.0,99.9881,205.0061,49.0917,-16.3592,0.0,0.0001,2.3078,-0.0002,6.0704,35.5681,11.6313,27.1009,35.8364
182.0,369.0,11.6846,40.4409,98.6939,221.4151,0.0238,0.0,99.969,205.0062,49.0918,-16.3592,0.0,0.0001,2.3065,-0.0008,6.0707,35.5703,11.6367,27.1015,35.8368
183.0,371.0,11.6805,40.4398,98.6944,221.5393,0.0185,0.0,99.97,205.0062,49.0918,-16.3592,0.0,0.0001,2.3053,-0.0004,6.0705,35.5721,11.6323,27.1038,35.8392
184.0,373.0,11.6797,40.4408,98.6989,221.6356,0.0206,0.0,99.952,205.0062,49.0918,-16.3592,0.0,0.0001,2.3047,-0.0001,6.0716,35.5727,11.6312,27.1045,35.84
185.0,375.0,11.6809,40.4422,98.5158,221.1541,0.0225,0.0,99.9375,205.0063,49.0918,-16.3592,0.0,0.0001,2.3023,-0.0012,6.0729,35.5726,11.6322,27.1042,35.8396
186.0,377.0,11.6593,40.4191,98.6905,220.8577,0.0203,0.0,99.9468,205.0063,49.0918,-16.3592,0.0,0.0001,2.2985,-0.0012,6.0739,35.5693,11.6104,27.1057,35.8421
187.0,379.0,11.6571,40.4175,98.6925,221.3657,0.0186,0.0,99.9556,205.0063,49.0918,-16.3592,0.0,0.0001,2.2976,0.0005,6.0739,35.5688,11.6079,27.1058,35.8423
188.0,381.0,11.6567,40.4178,82.3154,221.3157,0.02,0.0,99.9462,205.0063,49.0918,-16.3592,0.0,0.0001,2.2967,-0.0001,6.0762,35.5687,11.6072,27.1059,35.8424
189.0,383.0,11.6344,40.3923,98.4292,220.7502,0.0224,0.0,99.9572,205.0064,49.0918,-16.3592,0.0,0.0001,2.2958,-0.0013,6.0814,35.5641,11.5847,27.1065,35.844
190.0,385.0,11.6036,40.3582,98.6937,220.3691,0.0222,0.0,99.9569,205.0064,49.0918,-16.3592,0.0,0.0001,2.2916,-0.0015,6.0841,35.5589,11.5537,27.1084,35.8471
191.0,387.0,11.5877,40.3416,98.6978,220.272,0.0233,0.0,99.9556,205.0064,49.0918,-16.3592,0.0,0.0001,2.2897,-0.0012,6.0841,35.5569,11.5376,27.1098,35.8492
192.0,389.0,11.5798,40.333,48.6667,220.2731,0.0237,0.0,99.9556,205.0064,49.0918,-16.3592,0.0,0.0001,2.2886,-0.0006,6.0825,35.5552,11.5294,27.11,35.8498
193.0,391.0,11.5883,40.3444,98.6888,220.6328,0.0206,0.0,99.9556,205.0065,49.0918,-16.3592,0.0,0.0001,2.2891,0.0,6.0836,35.5574,11.5377,27.1102,35.8496
194.0,393.0,11.5874,40.3439,98.6849,219.4385,0.0182,0.0,99.9523,205.0065,49.0918,-16.3592,0.0,0.0001,2.2842,-0.0022,6.0838,35.557,11.5365,27.1101,35.8496
195.0,395.0,11.5832,40.3424,98.692,220.1352,0.0188,0.0,99.9075,205.0065,49.0918,-16.3592,0.0,0.0001,2.2845,0.0,6.0833,35.5584,11.532,27.112,35.8517
196.0,397.0,11.5829,40.3434,84.6997,220.2566,0.0191,0.0,99.9401,205.0066,49.0918,-16.3592,0.0,0.0001,2.2848,0.0,6.084,35.5588,11.5315,27.1124,35.8521
197.0,399.0,11.584,40.3442,98.6927,219.7451,0.0208,0.0,99.9354,205.0066,49.0918,-16.3592,0.0,0.0001,2.2822,-0.0012,6.0879,35.5581,11.5324,27.1117,35.8514
198.0,401.0,11.5699,40.3286,98.6687,219.3931,0.0183,0.0,99.946,205.0066,49.0918,-16.3592,0.0,0.0001,2.2796,-0.0015,6.0865,35.5553,11.518,27.1122,35.8525
199.0,403.0,11.5521,40.3115,98.685,220.0919,0.0205,0.0,99.943,205.0066,49.0918,-16.3592,0.0,0.0001,2.2807,0.0002,6.0866,35.5546,11.5001,27.115,35.856
200.0,405.0,11.5596,40.3206,98.6876,220.3164,0.0191,0.0,99.9364,205.0067,49.0918,-16.3592,0.0,0.0001,2.2819,0.0001,6.0891,35.5555,11.5073,27.1144,35.8551
201.0,407.0,11.551,40.3121,61.8948,219.9041,0.0193,0.0,99.9344,205.0067,49.0918,-16.3592,0.0,0.0001,2.2796,-0.0011,6.0946,35.5544,11.4985,27.1152,35.8563
202.0,409.0,11.5105,40.2695,96.5681,220.372,0.0184,0.0,99.9428,205.0067,49.0918,-16.3592,0.0,0.0001,2.2794,0.0001,6.0967,35.5503,11.4578,27.1196,35.8624
203.0,411.0,11.49,40.2452,94.6924,219.606,0.0197,0.0,99.9473,205.0068,49.0918,-16.3592,0.0,0.0001,2.2766,-0.0014,6.0982,35.5451,11.437,27.1195,35.8631
204.0,413.0,11.4757,40.2302,98.695,219.6765,0.0184,0.0,99.9407,205.0068,49.0919,-16.3592,0.0,0.0001,2.2735,-0.0006,6.098,35.5431,11.4225,27.1206,35.8649
205.0,415.0,11.4762,40.2331,98.6888,219.9726,0.0213,0.0,99.9363,205.0068,49.0919,-16.3592,0.0,0.0001,2.2735,0.0001,6.0987,35.5446,11.4228,27.1218,35.866
206.0,417.0,11.4701,40.2275,98.6946,220.153,0.0237,0.0,99.9356,205.0068,49.0919,-16.3592,0.0,0.0001,2.2738,0.0,6.1042,35.5438,11.4164,27.1223,35.8668
207.0,419.0,11.4315,40.1838,98.6954,219.0542,0.0216,0.0,99.937,205.0069,49.0919,-16.3592,0.0,0.0001,2.2697,-0.002,6.1075,35.5369,11.3777,27.1242,35.8703
208.0,421.0,11.4148,40.164,98.696,218.6667,0.0192,0.0,99.932,205.0069,49.0919,-16.3592,0.0,0.0001,2.2648,-0.0018,6.1088,35.5326,11.3608,27.1239,35.8708
209.0,423.0,11.3984,40.1462,98.68,218.7812,0.0202,0.0,99.9391,205.0069,49.0919,-16.3592,0.0,0.0001,2.2637,-0.0012,6.1082,35.5298,11.3442,27.1249,35.8725
210.0,425.0,11.4007,40.152,81.9412,219.1504,0.0211,0.0,99.9341,205.0069,49.0919,-16.3592,0.0,0.0001,2.2638,-0.0001,6.1078,35.5323,11.3462,27.1265,35.874
211.0,427.0,11.405,40.1597,98.6987,218.7427,0.0231,0.0,99.9267,205.007,49.0919,-16.3592,0.0,0.0001,2.2614,-0.0009,6.1089,35.5349,11.3502,27.1277,35.875
212.0,429.0,11.4027,40.1594,98.68,218.7745,0.0254,0.0,99.9267,205.007,49.0919,-16.3592,0.0,0.0001,2.2609,-0.0006,6.1081,35.5358,11.3477,27.1289,35.8763
213.0,431.0,11.3965,40.154,98.6928,219.0614,0.0256,0.0,99.9368,205.007,49.0919,-16.3592,0.0,0.0001,2.2613,0.0,6.1087,35.5357,11.3412,27.1301,35.8777
214.0,433.0,11.3968,40.1548,86.8959,219.4276,0.0247,0.0,99.8944,205.0071,49.0919,-16.3592,0.0,0.0001,2.2619,0.0004,6.1116,35.5356,11.3413,27.1299,35.8775
215.0,435.0,11.3818,40.1388,98.6901,217.9626,0.0247,0.0,99.9275,205.0071,49.0919,-16.3592,0.0,0.0001,2.2564,-0.0025,6.1145,35.5332,11.3261,27.1309,35.8792
216.0,437.0,11.3571,40.1108,98.7007,217.3245,0.0214,0.0,99.9294,205.0071,49.0919,-16.3592,0.0,0.0001,2.2501,-0.0027,6.1203,35.5283,11.3013,27.1317,35.881
217.0,439.0,11.3211,40.069,98.6972,217.1519,0.021,0.0,99.927,205.0071,49.0919,-16.3591,0.0,0.0001,2.2442,-0.0019,6.1255,35.5205,11.2651,27.1323,35.8832
218.0,441.0,11.2814,40.0232,75.1429,217.0854,0.021,0.0,99.9299,205.0072,49.0919,-16.3592,0.0,0.0001,2.2424,-0.0013,6.1266,35.5123,11.2252,27.1333,35.886
219.0,443.0,11.2683,40.0089,98.6808,217.4035,0.021,0.0,99.915,205.0072,49.0919,-16.3591,0.0,0.0001,2.2415,-0.0004,6.1291,35.5099,11.212,27.1339,35.8871
220.0,445.0,11.249,39.9873,98.6875,216.3716,0.0208,0.0,99.9331,205.0072,49.0919,-16.3591,0.0,0.0001,2.2365,-0.0022,6.1344,35.5061,11.1924,27.1345,35.8886
221.0,447.0,11.2188,39.9534,98.68,215.5669,0.0185,0.0,99.9404,205.0073,49.0919,-16.3592,0.0,0.0001,2.2308,-0.0026,6.1298,35.5006,11.1621,27.1358,35.8912
222.0,449.0,11.2085,39.9436,98.6858,216.5174,0.0187,0.0,99.9454,205.0073,49.0919,-16.3591,0.0,0.0001,2.2308,-0.0003,6.1333,35.4999,11.1515,27.1372,35.893
223.0,451.0,11.2196,39.9573,74.9696,216.1971,0.0221,0.0,99.9354,205.0073,49.0919,-16.3591,0.0,0.0001,2.2296,-0.0011,6.1389,35.502,11.1623,27.1369,35.8922
224.0,453.0,11.1729,39.9048,95.0681,215.0174,0.0203,0.0,99.9439,205.0073,49.0919,-16.3591,0.0,0.0001,2.2226,-0.0024,6.1416,35.4936,11.1155,27.1389,35.8963
225.0,455.0,11.1604,39.8937,98.6906,214.8233,0.0219,0.0,99.9488,205.0074,49.0919,-16.3591,0.0,0.0001,2.2186,-0.0018,6.1425,35.4936,11.1028,27.1413,35.8992
226.0,457.0,11.1535,39.8882,98.572,214.2237,0.0255,0.0,99.9472,205.0074,49.0919,-16.3591,0.0,0.0001,2.2136,-0.0019,6.1414,35.494,11.0957,27.1429,35.9011
227.0,459.0,11.1594,39.8978,98.6921,214.4285,0.0231,0.0,99.9405,205.0074,49.092,-16.3591,0.0,0.0001,2.2113,-0.0006,6.1418,35.497,11.1013,27.1442,35.9021
228.0,461.0,11.1627,39.9041,98.6849,214.3547,0.0195,0.0,99.9368,205.0074,49.092,-16.3591,0.0,0.0001,2.2103,-0.0006,6.1427,35.4992,11.1043,27.1454,35.9031
229.0,463.0,11.1513,39.892,64.4236,213.8681,0.0226,0.0,99.939,205.0075,49.092,-16.3591,0.0,0.0001,2.208,-0.0012,6.1415,35.4973,11.0927,27.146,35.9043
230.0,465.0,11.1496,39.8906,95.1905,213.9479,0.0202,0.0,99.9246,205.0075,49.092,-16.3591,0.0,0.0001,2.2058,-0.0009,6.1472,35.4966,11.0908,27.1458,35.9042
231.0,467.0,11.1241,39.8616,98.68,212.6876,0.016,0.0,99.9434,205.0075,49.092,-16.3591,0.0,0.0001,2.2002,-0.0029,6.1493,35.4915,11.0652,27.1465,35.906
232.0,469.0,11.0984,39.8333,98.6912,212.7898,0.0188,0.0,99.9467,205.0075,49.092,-16.3591,0.0,0.0001,2.1984,-0.0018,6.1487,35.4872,11.0392,27.148,35.9085
233.0,471.0,11.0945,39.8297,88.6109,213.3644,0.0198,0.0,99.9292,205.0076,49.092,-16.3591,0.0,0.0001,2.1967,-0.0004,6.1537,35.4863,11.035,27.1481,35.9088
234.0,473.0,11.0678,39.799,98.68,212.2149,0.0218,0.0,99.9513,205.0076,49.092,-16.3591,0.0,0.0001,2.1914,-0.0024,6.1587,35.4805,11.0082,27.1484,35.9103
235.0,475.0,11.0545,39.7845,98.68,212.1321,0.021,0.0,99.9363,205.0076,49.092,-16.3591,0.0,0.0001,2.1889,-0.0017,6.1581,35.478,10.9947,27.1489,35.9115
236.0,477.0,11.0151,39.7409,98.6818,212.0835,0.0226,0.0,99.9373,205.0077,49.092,-16.3591,0.0,0.0001,2.1854,-0.0014,6.1651,35.4716,10.9551,27.1511,35.9153
237.0,479.0,10.9941,39.7186,69.1818,210.5623,0.0178,0.0,99.9498,205.0077,49.092,-16.3591,0.0,0.0001,2.1779,-0.0034,6.1676,35.4686,10.9339,27.1527,35.9178
238.0,481.0,10.9583,39.6779,98.6815,209.7386,0.0177,0.0,99.9556,205.0077,49.092,-16.3591,0.0,0.0001,2.1723,-0.0038,6.1659,35.4616,10.8981,27.1537,35.9204
239.0,483.0,10.9673,39.689,97.07,210.861,0.0186,0.0,99.9506,205.0077,49.092,-16.3591,0.0,0.0001,2.1719,-0.0005,6.1677,35.4631,10.9068,27.1533,35.9196
240.0,485.0,10.9734,39.6976,98.6853,209.8961,0.0211,0.0,99.9556,205.0078,49.092,-16.3591,0.0,0.0001,2.1679,-0.0021,6.1657,35.4651,10.9126,27.1538,35.9199
241.0,487.0,10.9805,39.711,98.68,210.0107,0.0227,0.0,99.9526,205.0078,49.092,-16.3591,0.0,0.0001,2.1659,-0.001,6.166,35.4707,10.9194,27.1569,35.9226
242.0,489.0,10.986,39.7199,93.7082,210.0678,0.0198,0.0,99.953,205.0078,49.092,-16.3591,0.0,0.0001,2.1648,-0.0006,6.166,35.4734,10.9246,27.1581,35.9235
243.0,491.0,10.9855,39.7193,79.2303,210.2575,0.0186,0.0,99.9459,205.0078,49.092,-16.3591,0.0,0.0001,2.1648,-0.0001,6.1652,35.4725,10.9239,27.1575,35.923
244.0,493.0,10.9883,39.724,98.6838,209.695,0.0207,0.0,99.9556,205.0079,49.092,-16.3591,0.0,0.0001,2.1627,-0.0012,6.1648,35.4735,10.9265,27.1579,35.9232
245.0,495.0,10.9907,39.7294,98.6834,209.848,0.0165,0.0,99.9556,205.0079,49.092,-16.3591,0.0,0.0001,2.1624,-0.0005,6.1674,35.4757,10.9285,27.1591,35.9244
246.0,497.0,10.9737,39.7109,98.68,209.865,0.0176,0.0,99.9637,205.0079,49.092,-16.3591,0.0,0.0001,2.1595,-0.001,6.1795,35.4727,10.9114,27.16,35.9259
247.0,499.0,10.8994,39.6252,98.68,208.7578,0.02,0.0,99.958,205.008,49.092,-16.3591,0.0,0.0001,2.1538,-0.0025,6.1827,35.4579,10.8371,27.1618,35.9311
248.0,501.0,10.869,39.5927,98.6837,208.0843,0.0179,0.0,99.9682,205.008,49.092,-16.3591,0.0,0.0001,2.1484,-0.0026,6.1811,35.4537,10.8065,27.1641,35.9347
249.0,503.0,10.8645,39.5904,98.68,208.3916,0.0193,0.0,99.9757,205.008,49.092,-16.3591,0.0,0.0001,2.146,-0.0009,6.1808,35.4546,10.8018,27.1657,35.9364
250.0,505.0,10.8675,39.5957,74.8805,207.77,0.0201,0.0,99.9639,205.008,49.092,-16.3591,0.0,0.0001,2.1422,-0.0018,6.1853,35.4564,10.8045,27.1666,35.9372
251.0,507.0,10.8547,39.5834,98.68,206.7959,0.0205,0.0,99.9845,205.0081,49.092,-16.3591,0.0,0.0001,2.1367,-0.0029,6.1861,35.4556,10.7915,27.1683,35.9394
252.0,509.0,10.8395,39.5689,93.5173,207.1604,0.0242,0.0,99.9637,205.0081,49.092,-16.3591,0.0,0.0001,2.1351,-0.0011,6.1849,35.4548,10.7761,27.1705,35.9423
253.0,511.0,10.8356,39.5654,98.68,207.6588,0.0235,0.0,99.9741,205.0081,49.092,-16.3591,0.0,0.0001,2.1349,-0.0001,6.1883,35.4542,10.7719,27.1708,35.9427
254.0,513.0,10.8237,39.5532,85.5617,206.7745,0.0216,0.0,99.9733,205.0082,49.092,-16.3591,0.0,0.0001,2.1308,-0.0015,6.1898,35.4525,10.7598,27.1716,35.9441
255.0,515.0,10.8102,39.5395,98.68,206.332,0.0213,0.0,99.9839,205.0082,49.092,-16.3591,0.0,0.0001,2.1271,-0.0015,6.1889,35.4508,10.7462,27.1728,35.9458
256.0,517.0,10.8097,39.543,98.68,204.114,0.0175,0.0,99.9646,205.0082,49.092,-16.3591,0.0,0.0001,2.1173,-0.0047,6.1904,35.454,10.7454,27.1754,35.9484
257.0,519.0,10.8091,39.5446,98.6837,203.5004,0.0202,0.0,99.978,205.0082,49.092,-16.3591,0.0,0.0001,2.1092,-0.0041,6.1964,35.4554,10.7445,27.1766,35.9497
258.0,521.0,10.7663,39.4966,98.68,204.1023,0.017,0.0,99.9845,205.0083,49.092,-16.3591,0.0,0.0001,2.1056,-0.0014,6.1996,35.4477,10.7017,27.1783,35.9532
259.0,523.0,10.7402,39.4664,74.1362,204.3298,0.019,0.0,99.97,205.0083,49.092,-16.3591,0.0,0.0001,2.1046,-0.0004,6.1991,35.4417,10.6754,27.1784,35.9545
260.0,525.0,10.7479,39.4782,98.563,204.4056,0.0219,0.0,99.9592,205.0083,49.092,-16.3591,0.0,0.0001,2.1033,-0.0007,6.2094,35.4451,10.6828,27.1797,35.9554
261.0,527.0,10.6808,39.4032,98.68,201.9629,0.0217,0.0,99.9745,205.0083,49.092,-16.3591,0.0,0.0001,2.0937,-0.0046,6.214,35.4338,10.6157,27.1829,35.9615
262.0,529.0,10.6272,39.3428,98.68,201.4698,0.0213,0.0,99.9845,205.0084,49.092,-16.3591,0.0,0.0001,2.0877,-0.0039,6.2124,35.424,10.5621,27.1848,35.9658
263.0,531.0,10.5799,39.2901,93.5641,201.4357,0.0235,0.0,99.9773,205.0084,49.092,-16.3591,0.0,0.0001,2.0813,-0.0029,6.2277,35.4159,10.5148,27.1868,35.97
264.0,533.0,10.5356,39.243,68.4815,199.4856,0.0234,0.0,99.9845,205.0084,49.092,-16.3591,0.0,0.0001,2.0689,-0.0045,6.2314,35.4104,10.4703,27.1905,35.9755
265.0,535.0,10.5113,39.2182,91.7386,199.4709,0.0192,0.0,99.9752,205.0084,49.092,-16.3591,0.0,0.0001,2.0636,-0.0026,6.2286,35.408,10.4458,27.1929,35.979
266.0,537.0,10.5232,39.2364,98.68,200.8307,0.0227,0.0,99.9657,205.0085,49.092,-16.3591,0.0,0.0001,2.0646,0.0006,6.23,35.4138,10.4574,27.1954,35.9809
267.0,539.0,10.5243,39.2389,98.3053,200.5921,0.0192,0.0,99.9556,205.0085,49.092,-16.3591,0.0,0.0001,2.0642,-0.0005,6.2359,35.4146,10.4583,27.1959,35.9814
268.0,541.0,10.4979,39.2091,98.68,199.2705,0.0188,0.0,99.97,205.0085,49.092,-16.3591,0.0,0.0001,2.0593,-0.0026,6.2363,35.4092,10.4318,27.1963,35.983
269.0,543.0,10.4739,39.1835,98.68,198.4595,0.0201,0.0,99.97,205.0086,49.092,-16.3591,0.0,0.0001,2.0532,-0.003,6.239,35.4056,10.4076,27.1978,35.9855
270.0,545.0,10.4626,39.1713,73.2445,197.6452,0.0221,0.0,99.9845,205.0086,49.092,-16.3591,0.0,0.0001,2.0461,-0.003,6.2417,35.4033,10.3961,27.1981,35.9863
271.0,547.0,10.4369,39.1443,92.8644,197.9574,0.0188,0.0,99.9793,205.0086,49.092,-16.3591,0.0,0.0001,2.0416,-0.001,6.2457,35.4,10.3702,27.2,35.9893
272.0,549.0,10.4007,39.1083,98.68,196.7562,0.0195,0.0,99.9845,205.0086,49.092,-16.3591,0.0,0.0001,2.0353,-0.0023,6.241,35.3977,10.3339,27.2046,35.9955
273.0,551.0,10.4411,39.1599,98.68,195.753,0.019,0.0,99.9773,205.0087,49.092,-16.3591,0.0,0.0001,2.0302,-0.0031,6.2407,35.4097,10.3739,27.2069,35.996
274.0,553.0,10.4485,39.1696,86.9915,196.142,0.0215,0.0,99.9853,205.0087,49.092,-16.3591,0.0,0.0001,2.0282,-0.0011,6.2403,35.4115,10.3811,27.2071,35.9958
275.0,555.0,10.447,39.1698,98.68,195.7573,0.0182,0.0,99.9845,205.0087,49.092,-16.3591,0.0,0.0001,2.0246,-0.0013,6.2402,35.4125,10.3793,27.2081,35.9969
276.0,557.0,10.4508,39.1756,98.68,195.8097,0.0179,0.0,99.9498,205.0087,49.092,-16.3591,0.0,0.0001,2.0229,-0.001,6.2442,35.4138,10.3829,27.2085,35.9972
277.0,559.0,10.4293,39.152,98.68,194.9362,0.0235,0.0,99.9803,205.0088,49.092,-16.3591,0.0,0.0001,2.0183,-0.0019,6.2424,35.4098,10.3612,27.2092,35.9988
278.0,561.0,10.3757,39.0895,82.4631,195.6152,0.024,0.0,99.9894,205.0088,49.092,-16.3591,0.0,0.0001,2.0149,-0.0009,6.2603,35.3975,10.3075,27.2091,36.0011
279.0,563.0,10.2965,38.9941,98.68,194.3403,0.0241,0.0,100.002,205.0088,49.092,-16.3591,0.0,0.0001,2.01,-0.0026,6.2687,35.3769,10.2284,27.2068,36.0024
280.0,565.0,10.2397,38.9366,92.1187,196.6568,0.0235,0.0,100.0133,205.0089,49.092,-16.3591,0.0,0.0001,2.0137,0.0022,6.2625,35.3728,10.1716,27.2135,36.0116
281.0,567.0,10.2435,38.9418,98.6806,197.6271,0.0234,0.0,100.005,205.0089,49.092,-16.3591,0.0,0.0001,2.0204,0.0027,6.2675,35.3736,10.1751,27.2135,36.0114
282.0,569.0,10.2612,38.9623,98.68,198.2203,0.0236,0.0,99.9725,205.0089,49.092,-16.3591,0.0,0.0001,2.0245,0.002,6.2748,35.3764,10.1925,27.2127,36.0098
283.0,571.0,10.2265,38.9258,98.6816,199.9855,0.0278,0.0,100.0133,205.0089,49.092,-16.3591,0.0,0.0001,2.0333,0.0041,6.2715,35.3721,10.1578,27.2154,36.014
284.0,573.0,10.1888,38.8858,80.7785,200.1441,0.0226,0.0,99.9989,205.009,49.092,-16.3591,0.0,0.0001,2.0374,0.0025,6.2755,35.3672,10.1199,27.2181,36.0184
285.0,575.0,10.1999,38.8979,93.1832,198.525,0.0224,0.0,100.0021,205.009,49.092,-16.3591,0.0,0.0001,2.0345,-0.0015,6.2835,35.3679,10.1308,27.2168,36.0166
286.0,577.0,10.1543,38.8497,98.68,198.1639,0.0202,0.0,100.0133,205.009,49.092,-16.3591,0.0,0.0001,2.0301,-0.0014,6.2847,35.3622,10.0851,27.2203,36.0221
287.0,579.0,10.1367,38.8303,98.68,197.3882,0.0175,0.0,100.0133,205.009,49.092,-16.3591,0.0,0.0001,2.0271,-0.0023,6.2831,35.3586,10.0673,27.2205,36.0231
288.0,581.0,10.127,38.8222,98.68,197.9709,0.0208,0.0,100.0009,205.0091,49.092,-16.3591,0.0,0.0001,2.026,-0.0009,6.2892,35.359,10.0575,27.2225,36.0256
289.0,583.0,10.1053,38.7975,98.68,195.5012,0.0218,0.0,100.0133,205.0091,49.092,-16.3591,0.0,0.0001,2.0168,-0.0049,6.2923,35.3542,10.0356,27.2226,36.0266
290.0,585.0,10.0613,38.7489,98.68,195.7976,0.0177,0.0,100.0133,205.0091,49.092,-16.3591,0.0,0.0001,2.0136,-0.0028,6.292,35.3464,9.9915,27.2241,36.0301
291.0,587.0,10.0325,38.7176,98.6806,196.4864,0.0194,0.0,99.9591,205.0092,49.092,-16.3591,0.0,0.0001,2.0109,-0.0009,6.3011,35.3416,9.9626,27.2253,36.0325
292.0,589.0,10.0348,38.7215,72.2689,195.3447,0.0188,0.0,100.0044,205.0092,49.092,-16.359,0.0,0.0001,2.0057,-0.0022,6.298,35.3427,9.9647,27.2258,36.0329
293.0,591.0,10.0366,38.7284,93.5893,194.2233,0.0184,0.0,100.0133,205.0092,49.092,-16.359,0.0,0.0001,1.9998,-0.0032,6.2977,35.347,9.9662,27.2289,36.0359
294.0,593.0,10.0443,38.7399,98.68,194.5173,0.0178,0.0,100.011,205.0092,49.092,-16.359,0.0,0.0001,1.9961,-0.0014,6.3006,35.3503,9.9736,27.2301,36.0368
295.0,595.0,10.0259,38.72,98.68,195.1977,0.0204,0.0,100.0103,205.0093,49.092,-16.359,0.0,0.0001,1.9958,0.0002,6.3046,35.3471,9.9551,27.2309,36.0384
296.0,597.0,9.9929,38.6862,85.2489,195.0814,0.0235,0.0,100.0133,205.0093,49.092,-16.359,0.0,0.0001,1.9957,-0.0001,6.3025,35.3438,9.9219,27.234,36.0429
297.0,599.0,10.0005,38.7021,98.68,195.4304,0.0232,0.0,100.0073,205.0093,49.0921,-16.359,0.0,0.0001,1.996,0.0006,6.2993,35.3517,9.9293,27.2389,36.0474
298.0,601.0,10.0395,38.7519,98.68,194.4354,0.0255,0.0,100.0133,205.0094,49.0921,-16.359,0.0,0.0001,1.9942,-0.0015,6.3028,35.3636,9.9679,27.2416,36.0483
299.0,603.0,10.012,38.7219,98.68,194.2795,0.0261,0.0,100.0085,205.0094,49.0921,-16.359,0.0,0.0001,1.9907,-0.0011,6.3033,35.3589,9.9402,27.2426,36.0506
300.0,605.0,9.9968,38.7039,83.4862,193.2883,0.0202,0.0,100.0133,205.0094,49.0921,-16.359,0.0,0.0001,1.9849,-0.0029,6.3213,35.3544,9.9249,27.2417,36.0504
301.0,607.0,9.8771,38.5698,98.6647,192.7769,0.0204,0.0,100.0081,205.0094,49.0921,-16.359,0.0,0.0001,1.9831,-0.0022,6.3161,35.3331,9.8054,27.2455,36.0595
302.0,609.0,9.8621,38.552,98.6108,194.3237,0.0209,0.0,100.0085,205.0095,49.0921,-16.359,0.0,0.0001,1.9813,0.0006,6.3235,35.3287,9.7903,27.2446,36.0594
303.0,611.0,9.8542,38.5433,98.68,194.143,0.021,0.0,100.0133,205.0095,49.0921,-16.359,0.0,0.0001,1.9808,-0.0003,6.3289,35.3266,9.7822,27.2444,36.0595
304.0,613.0,9.8284,38.5122,90.4858,194.2467,0.0206,0.0,100.0059,205.0095,49.0921,-16.359,0.0,0.0001,1.9805,-0.0001,6.3281,35.3188,9.7563,27.2427,36.059
305.0,615.0,9.8159,38.502,90.0331,194.7603,0.0245,0.0,100.0093,205.0095,49.0921,-16.359,0.0,0.0001,1.9819,0.0007,6.3288,35.3195,9.7435,27.2454,36.0622
306.0,617.0,9.8146,38.5003,94.1025,194.571,0.0238,0.0,100.0099,205.0096,49.0921,-16.359,0.0,0.0001,1.9812,-0.0003,6.3382,35.3182,9.742,27.2446,36.0616
307.0,619.0,9.7676,38.4468,98.68,194.0786,0.0236,0.0,100.0133,205.0096,49.0921,-16.359,0.0,0.0001,1.9788,-0.0012,6.3403,35.3085,9.695,27.245,36.0641
308.0,621.0,9.7555,38.4358,98.3211,194.1611,0.0238,0.0,100.0133,205.0096,49.0921,-16.359,0.0,0.0001,1.978,-0.0007,6.3399,35.3082,9.6827,27.2468,36.0664
309.0,623.0,9.7489,38.43,98.68,195.0508,0.021,0.0,100.0133,205.0097,49.0921,-16.359,0.0,0.0001,1.9795,0.001,6.339,35.3077,9.6759,27.2476,36.0675
310.0,625.0,9.7477,38.4288,98.6803,194.1975,0.0231,0.0,100.009,205.0097,49.0921,-16.359,0.0,0.0001,1.9764,-0.0012,6.3494,35.3069,9.6745,27.2472,36.0672
311.0,627.0,9.6857,38.3634,55.526,191.835,0.025,0.0,99.9845,205.0097,49.0921,-16.359,0.0,0.0001,1.9686,-0.0044,6.3507,35.2994,9.6125,27.2518,36.0745
312.0,629.0,9.6725,38.3527,98.68,191.428,0.0235,0.0,99.9845,205.0097,49.0921,-16.359,0.0,0.0001,1.964,-0.0038,6.3487,35.3003,9.5991,27.2547,36.078
313.0,631.0,9.6646,38.3457,94.155,192.4545,0.0237,0.0,99.9888,205.0098,49.0921,-16.359,0.0,0.0001,1.96,-0.0008,6.3543,35.3,9.5911,27.2558,36.0795
314.0,633.0,9.6501,38.3311,98.68,191.4149,0.0238,0.0,99.9989,205.0098,49.0921,-16.359,0.0,0.0001,1.9559,-0.0023,6.3581,35.2981,9.5764,27.2568,36.0811
315.0,635.0,9.6196,38.3013,71.9667,191.7122,0.0232,0.0,100.0037,205.0098,49.0921,-16.359,0.0,0.0001,1.9538,-0.0013,6.3627,35.2962,9.5458,27.2604,36.0861
316.0,637.0,9.5923,38.2738,98.7058,191.7737,0.0215,0.0,100.014,205.0098,49.0921,-16.359,0.0,0.0001,1.9515,-0.0008,6.3686,35.2938,9.5183,27.2632,36.0901
317.0,639.0,9.5522,38.2303,98.68,191.9314,0.0237,0.0,99.9981,205.0099,49.0921,-16.359,0.0,0.0001,1.9502,-0.0005,6.3751,35.2873,9.4782,27.2648,36.0934
318.0,641.0,9.5122,38.1892,98.68,191.9152,0.0226,0.0,100.0062,205.0099,49.0921,-16.359,0.0,0.0001,1.9485,-0.0005,6.3814,35.2833,9.4381,27.2683,36.0987
319.0,643.0,9.4727,38.1482,79.2004,191.4511,0.0219,0.0,100.0133,205.0099,49.0921,-16.359,0.0,0.0001,1.9461,-0.0012,6.3828,35.2788,9.3985,27.2713,36.1035
320.0,645.0,9.4558,38.1323,98.68,191.3323,0.0206,0.0,100.0133,205.01,49.0921,-16.359,0.0,0.0001,1.9451,-0.0011,6.3821,35.2778,9.3816,27.2734,36.1064
321.0,647.0,9.4404,38.1193,97.4687,191.6493,0.0224,0.0,99.9611,205.01,49.0921,-16.359,0.0,0.0001,1.9448,-0.0003,6.3847,35.2785,9.3659,27.2765,36.1101
322.0,649.0,9.4415,38.1214,98.68,191.2182,0.0242,0.0,100.0133,205.01,49.0921,-16.359,0.0,0.0001,1.9417,-0.001,6.3888,35.2788,9.3668,27.2766,36.1102
323.0,651.0,9.4217,38.1038,98.68,190.9464,0.0225,0.0,100.0232,205.01,49.0921,-16.359,0.0,0.0001,1.9401,-0.0012,6.3899,35.2793,9.3469,27.2803,36.1147
324.0,653.0,9.4121,38.0965,81.4919,190.3723,0.021,0.0,100.0212,205.0101,49.0921,-16.359,0.0,0.0001,1.9377,-0.0017,6.3892,35.2802,9.3371,27.2826,36.1174
325.0,655.0,9.403,38.0884,93.9731,191.0585,0.0198,0.0,100.0178,205.0101,49.0921,-16.359,0.0,0.0001,1.9359,-0.0001,6.3924,35.2794,9.3277,27.2835,36.1188
326.0,657.0,9.3987,38.0823,98.68,190.0429,0.0206,0.0,100.0133,205.0101,49.0921,-16.359,0.0,0.0001,1.9335,-0.0016,6.3892,35.2768,9.3233,27.2822,36.1177
327.0,659.0,9.3669,38.0552,98.68,189.8481,0.0225,0.0,100.0255,205.0102,49.0921,-16.359,0.0,0.0001,1.9306,-0.0015,6.3913,35.279,9.2914,27.2892,36.1261
328.0,661.0,9.4042,38.1048,98.68,189.6661,0.0223,0.0,100.0184,205.0102,49.0921,-16.359,0.0,0.0001,1.9269,-0.0014,6.4006,35.2927,9.3282,27.2939,36.1289
329.0,663.0,9.3451,38.0354,98.68,188.7989,0.0232,0.0,100.0284,205.0102,49.0921,-16.359,0.0,0.0001,1.9216,-0.0024,6.4104,35.2779,9.2692,27.292,36.1298
330.0,665.0,9.2558,37.937,98.68,189.8359,0.027,0.0,100.0243,205.0102,49.0921,-16.359,0.0,0.0001,1.922,-0.0003,6.4116,35.2627,9.1801,27.2947,36.1366
331.0,667.0,9.231,37.914,98.68,190.0913,0.0248,0.0,100.0148,205.0103,49.0921,-16.359,0.0,0.0001,1.9231,0.0006,6.4022,35.2622,9.1552,27.2984,36.1414
332.0,669.0,9.3188,38.0227,83.5224,189.1469,0.0208,0.0,100.0246,205.0103,49.0921,-16.359,0.0,0.0001,1.9212,-0.0009,6.3916,35.2879,9.2423,27.3042,36.143
333.0,671.0,9.4002,38.1204,98.68,186.9291,0.0191,0.0,100.0184,205.0103,49.0921,-16.359,0.0,0.0001,1.9128,-0.0042,6.4017,35.3082,9.323,27.3069,36.1419
334.0,673.0,9.3555,38.0704,93.9277,187.1711,0.0199,0.0,100.0235,205.0103,49.0921,-16.359,0.0,0.0001,1.908,-0.0024,6.4057,35.2995,9.2784,27.3074,36.1445
335.0,675.0,9.3021,38.0127,98.68,187.8083,0.0216,0.0,100.0296,205.0104,49.0921,-16.359,0.0,0.0001,1.9076,-0.0004,6.4022,35.2913,9.2249,27.3097,36.1493
336.0,677.0,9.3161,38.0331,91.2401,187.2934,0.0232,0.0,100.0291,205.0104,49.0921,-16.359,0.0,0.0001,1.9051,-0.0009,6.3997,35.2977,9.2386,27.3125,36.1513
337.0,679.0,9.3119,38.0288,98.68,187.1052,0.0236,0.0,100.0422,205.0104,49.0921,-16.359,0.0,0.0001,1.9031,-0.0007,6.3949,35.2964,9.2343,27.3122,36.1513
338.0,681.0,9.3525,38.0838,98.68,186.6153,0.0202,0.0,100.027,205.0105,49.0921,-16.359,0.0,0.0001,1.9011,-0.0011,6.3932,35.3127,9.2744,27.3184,36.1554
339.0,683.0,9.3884,38.1299,98.68,185.6344,0.0208,0.0,100.0325,205.0105,49.0922,-16.3589,0.0,0.0001,1.8958,-0.0019,6.3947,35.3242,9.3099,27.3215,36.1569
340.0,685.0,9.3871,38.1345,98.6472,184.1643,0.0214,0.0,100.0513,205.0105,49.0922,-16.3589,0.0,0.0001,1.8886,-0.0037,6.4052,35.3293,9.3084,27.3258,36.1612
341.0,687.0,9.3056,38.0448,70.6718,184.759,0.0242,0.0,100.0257,205.0105,49.0922,-16.3589,0.0,0.0001,1.8862,-0.0016,6.4027,35.3157,9.2271,27.3285,36.1676
342.0,689.0,9.2684,38.0064,98.6481,185.8655,0.022,0.0,100.026,205.0106,49.0922,-16.3589,0.0,0.0001,1.8867,0.0002,6.4117,35.3115,9.1898,27.3314,36.1721
343.0,691.0,9.2661,38.005,98.68,184.5648,0.0181,0.0,100.0376,205.0106,49.0922,-16.3589,0.0,0.0001,1.8825,-0.0021,6.416,35.3114,9.1873,27.3317,36.1725
344.0,693.0,9.1994,37.938,98.68,185.0516,0.0187,0.0,99.9845,205.0106,49.0922,-16.3589,0.0,0.0001,1.8816,-0.0006,6.4158,35.3066,9.1207,27.3388,36.1826
345.0,695.0,9.2028,37.9422,91.5576,185.7388,0.0186,0.0,100.0345,205.0106,49.0922,-16.3589,0.0,0.0001,1.882,0.0,6.4276,35.3068,9.1238,27.3384,36.1821
346.0,697.0,9.1452,37.8793,96.3885,184.6198,0.0162,0.0,100.0237,205.0107,49.0922,-16.3589,0.0,0.0001,1.8791,-0.0017,6.4291,35.297,9.0663,27.3401,36.1864
347.0,699.0,9.0525,37.7819,96.3766,185.6961,0.0194,0.0,100.0108,205.0107,49.0922,-16.3589,0.0,0.0001,1.8755,-0.0002,6.4515,35.2857,8.9738,27.3463,36.1968
348.0,701.0,9.0122,37.7376,98.68,185.6846,0.0217,0.0,100.0273,205.0107,49.0922,-16.3589,0.0,0.0001,1.8748,-0.0007,6.4693,35.2784,8.9335,27.347,36.1994
349.0,703.0,8.8634,37.5726,87.8725,187.8239,0.0215,0.0,100.0201,205.0108,49.0922,-16.3589,0.0,0.0001,1.88,0.0023,6.4777,35.2519,8.7853,27.35,36.2093
350.0,705.0,8.8084,37.514,98.68,187.0304,0.0241,0.0,100.0176,205.0108,49.0922,-16.3589,0.0,0.0001,1.8808,0.0002,6.4748,35.244,8.7303,27.3525,36.2143
351.0,707.0,8.8322,37.5474,98.68,187.1599,0.0251,0.0,100.015,205.0108,49.0922,-16.3589,0.0,0.0001,1.8816,0.0004,6.4701,35.2543,8.7537,27.3569,36.2175
352.0,709.0,8.8649,37.5852,98.68,186.7222,0.0192,0.0,100.0231,205.0108,49.0922,-16.3589,0.0,0.0001,1.8804,-0.0008,6.4792,35.2607,8.786,27.3568,36.2159
353.0,711.0,8.836,37.5557,97.392,186.48,0.0218,0.0,100.0244,205.0109,49.0922,-16.3589,0.0,0.0001,1.8776,-0.0007,6.4779,35.2575,8.7571,27.3588,36.2193
354.0,713.0,8.8033,37.5229,92.1588,186.7693,0.0202,0.0,100.0259,205.0109,49.0922,-16.3589,0.0,0.0001,1.8775,-0.0003,6.4827,35.2545,8.7243,27.3617,36.2236
355.0,715.0,8.7726,37.4865,98.68,185.9509,0.0207,0.0,100.0263,205.0109,49.0922,-16.3589,0.0,0.0001,1.874,-0.002,6.4945,35.2458,8.6935,27.3598,36.2232
356.0,717.0,8.7236,37.4326,90.8208,186.5307,0.0198,0.0,100.0244,205.0109,49.0922,-16.3589,0.0,0.0001,1.8748,0.0,6.4803,35.2369,8.6446,27.3605,36.2262
357.0,719.0,8.8201,37.5553,82.3393,187.3636,0.0238,0.0,100.0035,205.011,49.0922,-16.3589,0.0,0.0001,1.8784,0.0012,6.4714,35.2691,8.7403,27.3706,36.2316
358.0,721.0,8.8567,37.5997,92.8578,184.4046,0.0245,0.0,100.0313,205.011,49.0922,-16.3589,0.0,0.0001,1.8689,-0.0037,6.487,35.2786,8.7764,27.3723,36.2316
359.0,723.0,8.7181,37.441,98.68,186.3294,0.0229,0.0,100.0287,205.011,49.0922,-16.3589,0.0,0.0001,1.8684,0.0004,6.4915,35.2482,8.6383,27.3703,36.2361
360.0,725.0,8.7017,37.4263,98.68,186.5761,0.0212,0.0,100.0332,205.0111,49.0922,-16.3589,0.0,0.0001,1.87,0.0006,6.4871,35.248,8.6218,27.3728,36.2394
361.0,727.0,8.7284,37.4608,98.68,185.129,0.0233,0.0,100.0359,205.0111,49.0922,-16.3589,0.0,0.0001,1.8681,-0.0018,6.4829,35.2571,8.6482,27.3758,36.241
362.0,729.0,8.7312,37.4663,94.3178,185.2258,0.024,0.0,100.0364,205.0111,49.0922,-16.3589,0.0,0.0001,1.8661,-0.0011,6.4812,35.2593,8.6507,27.3771,36.2422
363.0,731.0,8.831,37.5824,94.7815,184.837,0.0214,0.0,100.049,205.0111,49.0922,-16.3589,0.0,0.0001,1.8638,-0.0006,6.4631,35.2814,8.7498,27.3787,36.2391
364.0,733.0,8.9002,37.6683,98.68,183.0934,0.0187,0.0,100.0542,205.0112,49.0922,-16.3589,0.0,0.0001,1.8575,-0.0028,6.465,35.302,8.8183,27.384,36.2411
365.0,735.0,8.8843,37.653,98.68,182.8625,0.0215,0.0,100.0711,205.0112,49.0922,-16.3589,0.0,0.0001,1.8538,-0.0023,6.4696,35.3008,8.8023,27.3856,36.2434
366.0,737.0,8.8622,37.6312,98.68,183.3834,0.0182,0.0,100.0375,205.0112,49.0922,-16.3589,0.0,0.0001,1.8521,-0.0008,6.471,35.2988,8.78,27.3876,36.2464
367.0,739.0,8.8393,37.607,82.9506,184.0982,0.0181,0.0,100.0554,205.0112,49.0922,-16.3589,0.0,0.0001,1.8523,0.0005,6.47,35.2952,8.7571,27.3884,36.2482
368.0,741.0,8.8336,37.6003,97.6194,183.8718,0.0245,0.0,100.0537,205.0113,49.0922,-16.3589,0.0,0.0001,1.8516,-0.0005,6.482,35.293,8.7512,27.3876,36.2478
369.0,743.0,8.7517,37.5112,98.68,184.0937,0.0258,0.0,100.0448,205.0113,49.0922,-16.3589,0.0,0.0001,1.8516,0.0002,6.4795,35.2795,8.6695,27.39,36.2539
370.0,745.0,8.7729,37.538,98.68,184.0181,0.022,0.0,100.0472,205.0113,49.0922,-16.3589,0.0,0.0001,1.8519,0.0002,6.4742,35.2857,8.6903,27.3916,36.2545
371.0,747.0,8.8066,37.5795,92.9453,184.0765,0.0212,0.0,100.0503,205.0114,49.0922,-16.3589,0.0,0.0001,1.8521,0.0,6.4774,35.295,8.7237,27.3936,36.2549
372.0,749.0,8.7866,37.5608,98.68,183.3544,0.0201,0.0,100.0553,205.0114,49.0922,-16.3589,0.0,0.0001,1.8492,-0.0012,6.4838,35.2944,8.7035,27.3963,36.2585
373.0,751.0,8.7641,37.5359,98.68,183.6193,0.0212,0.0,100.0606,205.0114,49.0922,-16.3589,0.0,0.0001,1.8474,-0.0006,6.491,35.2897,8.6809,27.3961,36.2594
374.0,753.0,8.7196,37.4886,98.68,184.0122,0.0187,0.0,100.0422,205.0114,49.0922,-16.3589,0.0,0.0001,1.8474,0.0001,6.4917,35.2831,8.6364,27.398,36.2634
375.0,755.0,8.7001,37.4695,88.6476,184.3871,0.0199,0.0,100.0398,205.0115,49.0922,-16.3589,0.0,0.0001,1.8484,0.0004,6.494,35.2813,8.6168,27.3997,36.2659
376.0,757.0,8.6834,37.4524,98.68,184.2761,0.0176,0.0,100.0422,205.0115,49.0922,-16.3589,0.0,0.0001,1.8485,0.0,6.4948,35.279,8.5999,27.4006,36.2676
377.0,759.0,8.6808,37.4533,98.68,184.4405,0.0206,0.0,100.0422,205.0115,49.0922,-16.3589,0.0,0.0001,1.8486,0.0001,6.4975,35.2816,8.5971,27.4031,36.2702
378.0,761.0,8.66,37.4316,77.104,184.2642,0.0258,0.0,100.0164,205.0116,49.0922,-16.3589,0.0,0.0001,1.8475,-0.0007,6.5073,35.2786,8.5762,27.404,36.2721
379.0,763.0,8.5982,37.3646,92.6144,184.6541,0.0227,0.0,100.0422,205.0116,49.0922,-16.3589,0.0,0.0001,1.8467,0.0001,6.5104,35.2682,8.5145,27.4055,36.2764
380.0,765.0,8.5737,37.3396,98.68,185.3428,0.0176,0.0,100.0331,205.0116,49.0922,-16.3589,0.0,0.0001,1.8492,0.0008,6.5129,35.2651,8.4899,27.4069,36.279
381.0,767.0,8.5656,37.3317,98.68,185.4309,0.0201,0.0,100.025,205.0116,49.0922,-16.3589,0.0,0.0001,1.8498,0.0003,6.5195,35.264,8.4817,27.4074,36.2798
382.0,769.0,8.5366,37.3004,98.68,185.1378,0.0201,0.0,100.0209,205.0117,49.0922,-16.3589,0.0,0.0001,1.8489,-0.0005,6.5251,35.259,8.4526,27.4079,36.2818
383.0,771.0,8.4924,37.2548,98.5806,185.7477,0.0202,0.0,100.0254,205.0117,49.0922,-16.3589,0.0,0.0001,1.8494,0.0002,6.5336,35.2539,8.4085,27.4109,36.2867
384.0,773.0,8.4499,37.2105,98.68,186.1328,0.0205,0.0,100.0169,205.0117,49.0922,-16.3589,0.0,0.0001,1.8498,0.0005,6.5352,35.2483,8.366,27.413,36.2909
385.0,775.0,8.4094,37.1705,98.68,186.7213,0.0228,0.0,100.0207,205.0117,49.0922,-16.3589,0.0,0.0001,1.8537,0.0009,6.5358,35.2452,8.3255,27.4168,36.2965
386.0,777.0,8.409,37.1725,73.9184,186.7317,0.0196,0.0,100.0169,205.0118,49.0922,-16.3589,0.0,0.0001,1.8547,0.0003,6.535,35.2468,8.3248,27.4182,36.2979
387.0,779.0,8.4134,37.1815,97.6532,185.9893,0.0212,0.0,100.0133,205.0118,49.0922,-16.3589,0.0,0.0001,1.8528,-0.0009,6.5356,35.2511,8.3289,27.4209,36.3004
388.0,781.0,8.4118,37.1871,92.8585,186.1727,0.0169,0.0,100.0133,205.0118,49.0922,-16.3589,0.0,0.0001,1.8523,-0.0004,6.5346,35.2575,8.3272,27.4262,36.3056
389.0,783.0,8.3926,37.1685,98.5814,186.1009,0.0212,0.0,99.9387,205.0119,49.0922,-16.3589,0.0,0.0001,1.851,-0.0006,6.5417,35.2561,8.3079,27.4281,36.3084
390.0,785.0,8.3529,37.1291,98.68,185.7751,0.0234,0.0,100.0133,205.0119,49.0922,-16.3589,0.0,0.0001,1.8486,-0.0009,6.5459,35.2529,8.2682,27.4317,36.3139
391.0,787.0,8.3314,37.1089,98.68,186.9904,0.0211,0.0,100.0133,205.0119,49.0922,-16.3589,0.0,0.0001,1.8523,0.0011,6.5448,35.2518,8.2465,27.4342,36.3173
392.0,789.0,8.3651,37.1494,98.68,186.9018,0.0206,0.0,100.0064,205.0119,49.0922,-16.3589,0.0,0.0001,1.8523,0.0006,6.5401,35.2604,8.2798,27.4358,36.3173
393.0,791.0,8.374,37.1629,75.9075,185.6839,0.0207,0.0,100.0052,205.012,49.0922,-16.3589,0.0,0.0001,1.849,-0.0016,6.5424,35.2651,8.2884,27.4382,36.3192
394.0,793.0,8.3653,37.1582,93.367,186.0556,0.017,0.0,100.0133,205.012,49.0922,-16.3589,0.0,0.0001,1.8486,-0.0005,6.5437,35.2677,8.2796,27.4416,36.323
395.0,795.0,8.3513,37.1456,98.6797,185.9078,0.0191,0.0,99.9888,205.012,49.0922,-16.3589,0.0,0.0001,1.8466,-0.0007,6.5469,35.2674,8.2654,27.4435,36.3256
396.0,797.0,8.3325,37.1272,98.68,186.0296,0.0247,0.0,100.0167,205.012,49.0922,-16.3589,0.0,0.0001,1.8455,-0.0003,6.5496,35.2656,8.2465,27.445,36.328
397.0,799.0,8.3152,37.1111,85.9252,186.0589,0.0217,0.0,100.0133,205.0121,49.0922,-16.3589,0.0,0.0001,1.8451,-0.0002,6.5502,35.2649,8.2291,27.4471,36.3308
398.0,801.0,8.3055,37.1024,98.68,186.2136,0.0212,0.0,100.008,205.0121,49.0922,-16.3589,0.0,0.0001,1.8449,0.0,6.552,35.2644,8.2192,27.4482,36.3324
399.0,803.0,8.2936,37.0918,98.68,186.4044,0.0224,0.0,100.0086,205.0121,49.0922,-16.3589,0.0,0.0001,1.8449,-0.0001,6.557,35.2641,8.2071,27.4499,36.3346
400.0,805.0,8.2688,37.0681,98.68,186.3935,0.0215,0.0,100.0133,205.0122,49.0922,-16.3589,0.0,0.0001,1.8447,-0.0001,6.5547,35.2626,8.1823,27.4525,36.3383
401.0,807.0,8.2564,37.057,98.68,186.4344,0.0226,0.0,100.0133,205.0122,49.0922,-16.3589,0.0,0.0001,1.8445,0.0001,6.555,35.2624,8.1697,27.4543,36.3407
402.0,809.0,8.2569,37.0592,87.9939,186.5234,0.0221,0.0,100.0133,205.0122,49.0922,-16.3589,0.0,0.0001,1.8442,-0.0002,6.5629,35.2634,8.17,27.455,36.3414
403.0,811.0,8.2191,37.0223,98.68,186.6856,0.0207,0.0,100.0133,205.0122,49.0922,-16.359,0.0,0.0001,1.8437,0.0,6.5622,35.2609,8.1323,27.4588,36.3469
404.0,813.0,8.2105,37.0143,98.68,187.5061,0.0225,0.0,100.0133,205.0123,49.0922,-16.3589,0.0,0.0001,1.8446,0.0012,6.5617,35.26,8.1234,27.4595,36.348
405.0,815.0,8.2074,37.0112,96.4314,187.0788,0.0192,0.0,100.0022,205.0123,49.0922,-16.3589,0.0,0.0001,1.8455,-0.0003,6.5729,35.2589,8.1201,27.4591,36.3478
406.0,817.0,8.145,36.9488,72.6545,186.9282,0.0207,0.0,100.0133,205.0123,49.0922,-16.359,0.0,0.0001,1.8437,-0.0005,6.5793,35.2537,8.0578,27.4645,36.356
407.0,819.0,8.119,36.9231,92.4892,187.9537,0.0209,0.0,99.9972,205.0123,49.0922,-16.3589,0.0,0.0001,1.8462,0.0009,6.582,35.2511,8.0317,27.4664,36.3592
408.0,821.0,8.0981,36.9025,98.68,188.2995,0.0185,0.0,100.0133,205.0124,49.0922,-16.359,0.0,0.0001,1.8486,0.0011,6.5808,35.2493,8.0108,27.4682,36.3619
409.0,823.0,8.0984,36.9075,98.68,188.2435,0.0258,0.0,100.0069,205.0124,49.0922,-16.359,0.0,0.0001,1.8491,0.0003,6.5828,35.2535,8.0108,27.4714,36.3651
410.0,825.0,8.0929,36.903,98.68,187.9335,0.0212,0.0,100.0133,205.0124,49.0922,-16.359,0.0,0.0001,1.849,-0.0002,6.5785,35.2532,8.0052,27.4721,36.366
411.0,827.0,8.103,36.9171,98.68,188.0672,0.0198,0.0,99.9824,205.0125,49.0922,-16.359,0.0,0.0001,1.8486,0.0001,6.5782,35.2572,8.015,27.4737,36.3671
412.0,829.0,8.1225,36.9409,98.68,188.0841,0.0182,0.0,99.9845,205.0125,49.0922,-16.359,0.0,0.0001,1.8488,0.0001,6.5783,35.2622,8.0341,27.4747,36.3672
413.0,831.0,8.1048,36.9234,98.68,188.2129,0.0207,0.0,99.9851,205.0125,49.0922,-16.359,0.0,0.0001,1.8495,0.0002,6.5762,35.2602,8.0164,27.4758,36.3692
414.0,833.0,8.1435,36.973,73.1877,187.9211,0.0174,0.0,99.9845,205.0125,49.0922,-16.359,0.0,0.0001,1.8488,-0.0004,6.5767,35.2735,8.0545,27.4805,36.3719
415.0,835.0,8.1401,36.9712,98.68,187.9368,0.0179,0.0,99.9971,205.0126,49.0922,-16.359,0.0,0.0001,1.8474,-0.0004,6.5815,35.2739,8.0509,27.4814,36.373
416.0,837.0,8.1018,36.9309,95.6968,188.285,0.0225,0.0,99.9907,205.0126,49.0922,-16.359,0.0,0.0001,1.8481,-0.0002,6.5897,35.2685,8.0126,27.4829,36.3763
417.0,839.0,8.0699,36.8985,98.68,188.6467,0.0188,0.0,99.9844,205.0126,49.0922,-16.359,0.0,0.0001,1.8488,0.0004,6.5866,35.265,7.9808,27.485,36.3799
418.0,841.0,7.9989,36.8241,98.6641,189.2082,0.0208,0.0,99.9901,205.0126,49.0922,-16.359,0.0,0.0001,1.8494,0.0005,6.6001,35.2554,7.91,27.4881,36.3863
419.0,843.0,7.9544,36.774,98.68,189.1233,0.0211,0.0,99.9927,205.0127,49.0922,-16.359,0.0,0.0001,1.8487,-0.0001,6.6089,35.2456,7.8655,27.487,36.3874
420.0,845.0,7.9256,36.7434,98.68,189.7428,0.0241,0.0,99.9691,205.0127,49.0922,-16.359,0.0,0.0001,1.8498,0.0004,6.6148,35.2405,7.8366,27.4873,36.3891
421.0,847.0,7.9083,36.7241,68.6363,189.7947,0.0204,0.0,99.9804,205.0127,49.0922,-16.359,0.0,0.0001,1.8498,0.0,6.6213,35.2363,7.8193,27.4867,36.3893
422.0,849.0,7.8623,36.674,95.0268,189.7887,0.0239,0.0,99.9816,205.0128,49.0922,-16.359,0.0,0.0001,1.8501,0.0001,6.6168,35.2279,7.7734,27.4869,36.3917
423.0,851.0,7.7882,36.6,98.6891,190.5543,0.0213,0.0,99.9802,205.0128,49.0922,-16.359,0.0,0.0001,1.8531,0.0004,6.6285,35.2215,7.6995,27.4928,36.401
424.0,853.0,7.7943,36.6089,98.5286,190.416,0.0195,0.0,99.9649,205.0128,49.0922,-16.359,0.0,0.0001,1.8516,-0.0002,6.6354,35.2242,7.7053,27.4941,36.402
425.0,855.0,7.7574,36.5734,98.68,190.9803,0.0194,0.0,99.9845,205.0128,49.0921,-16.359,0.0,0.0001,1.8547,0.0005,6.6323,35.2221,7.6685,27.4978,36.4075
426.0,857.0,7.7479,36.5655,98.68,191.543,0.0206,0.0,99.9717,205.0129,49.0921,-16.359,0.0,0.0001,1.8547,0.0013,6.6318,35.2223,7.6588,27.4994,36.4095
427.0,859.0,7.7512,36.5697,84.1837,191.0257,0.0209,0.0,99.9797,205.0129,49.0922,-16.359,0.0,0.0001,1.8543,-0.0004,6.6437,35.2226,7.6619,27.4992,36.4091
428.0,861.0,7.695,36.5095,98.2005,191.0513,0.0223,0.0,99.9773,205.0129,49.0921,-16.359,0.0,0.0001,1.8539,-0.0003,6.6482,35.2133,7.6059,27.5001,36.4127
429.0,863.0,7.6473,36.4637,91.7843,192.3591,0.022,0.0,99.9797,205.0129,49.0921,-16.359,0.0,0.0001,1.8556,0.0015,6.6486,35.2109,7.5582,27.5052,36.42
430.0,865.0,7.6843,36.5089,98.5353,192.2915,0.0206,0.0,99.9842,205.013,49.0921,-16.359,0.0,0.0001,1.8571,0.001,6.6445,35.2212,7.5947,27.508,36.421
431.0,867.0,7.6929,36.5207,98.6812,191.5055,0.0194,0.0,99.979,205.013,49.0921,-16.359,0.0,0.0001,1.857,-0.0007,6.6451,35.2246,7.6031,27.5094,36.422
432.0,869.0,7.6857,36.5204,98.68,191.7874,0.023,0.0,99.9845,205.013,49.0921,-16.359,0.0,0.0001,1.8569,0.0,6.6443,35.2303,7.5956,27.515,36.4278
433.0,871.0,7.6824,36.5188,98.68,192.3952,0.0227,0.0,99.9845,205.0131,49.0921,-16.359,0.0,0.0001,1.8576,0.0008,6.6452,35.231,7.5921,27.5161,36.4291
434.0,873.0,7.6889,36.526,73.2482,192.249,0.022,0.0,99.9855,205.0131,49.0921,-16.359,0.0,0.0001,1.8584,0.0006,6.6356,35.2315,7.5984,27.5155,36.4282
435.0,875.0,7.7525,36.6049,95.534,191.3594,0.0218,0.0,100.0061,205.0131,49.0921,-16.359,0.0,0.0001,1.8573,-0.0006,6.6233,35.2516,7.6613,27.522,36.4316
436.0,877.0,7.8096,36.6726,98.68,190.9443,0.021,0.0,99.9845,205.0131,49.0921,-16.359,0.0,0.0001,1.8557,-0.0012,6.6291,35.2661,7.7178,27.5251,36.4319
437.0,879.0,7.8389,36.7075,98.68,191.0618,0.0201,0.0,99.9628,205.0132,49.0921,-16.359,0.0,0.0001,1.8547,-0.0005,6.6258,35.2731,7.7467,27.5263,36.4317
438.0,881.0,7.8161,36.684,72.8342,191.0103,0.0214,0.0,100.0133,205.0132,49.0921,-16.359,0.0,0.0001,1.8525,-0.001,6.6443,35.2698,7.7239,27.5272,36.4336
439.0,883.0,7.6887,36.5479,98.6083,191.9258,0.0203,0.0,100.0025,205.0132,49.0921,-16.359,0.0,0.0001,1.8536,0.0009,6.6367,35.2505,7.597,27.5307,36.4432
440.0,885.0,7.7158,36.5815,89.2837,192.4726,0.0179,0.0,99.9955,205.0133,49.0921,-16.359,0.0,0.0001,1.8563,0.0016,6.6251,35.2585,7.6238,27.533,36.4442
441.0,887.0,7.8045,36.6847,98.68,192.2362,0.021,0.0,99.974,205.0133,49.0921,-16.359,0.0,0.0001,1.8584,0.0006,6.6256,35.2795,7.7116,27.5366,36.4434
442.0,889.0,7.7923,36.6732,98.68,191.406,0.0179,0.0,99.9899,205.0133,49.0921,-16.359,0.0,0.0001,1.8563,-0.0005,6.6194,35.2785,7.6994,27.5376,36.445
443.0,891.0,7.788,36.6692,98.68,191.8551,0.0169,0.0,99.9845,205.0133,49.0921,-16.359,0.0,0.0001,1.8608,0.0015,6.5838,35.2777,7.6948,27.5377,36.4453
444.0,893.0,8.0,36.9192,90.684,190.397,0.017,0.0,99.9661,205.0134,49.0921,-16.359,0.0,0.0001,1.8579,-0.001,6.5797,35.3319,7.9051,27.5489,36.4462
445.0,895.0,8.0846,37.0154,91.4685,188.851,0.0187,0.0,99.9845,205.0134,49.0921,-16.359,0.0,0.0001,1.8492,-0.0028,6.587,35.3489,7.989,27.5497,36.443
446.0,897.0,8.0572,36.9848,98.68,189.8401,0.0199,0.0,99.9686,205.0134,49.0921,-16.359,0.0,0.0001,1.8453,-0.0022,6.6469,35.3428,7.9615,27.5491,36.4436
447.0,899.0,7.7399,36.6277,98.68,191.1471,0.0193,0.0,99.9762,205.0134,49.0921,-16.359,0.0,0.0001,1.8421,0.0,6.6676,35.2772,7.6462,27.5443,36.4542
448.0,901.0,7.5347,36.4045,98.68,195.5127,0.0214,0.0,99.9599,205.0135,49.0921,-16.359,0.0,0.0001,1.8547,0.0052,6.6704,35.2422,7.4421,27.5467,36.4664
449.0,903.0,7.5225,36.3914,72.9681,195.1554,0.0204,0.0,99.9508,205.0135,49.0921,-16.359,0.0,0.0001,1.8611,0.0028,6.6683,35.2396,7.4298,27.5464,36.4667
450.0,905.0,7.5154,36.3844,97.1202,194.8572,0.0195,0.0,99.9578,205.0135,49.0921,-16.359,0.0,0.0001,1.8632,0.0009,6.6763,35.2382,7.4225,27.5464,36.467
451.0,907.0,7.4864,36.3534,98.68,194.8426,0.0225,0.0,99.9583,205.0136,49.0921,-16.359,0.0,0.0001,1.8632,0.0,6.6898,35.233,7.3936,27.5465,36.4685
452.0,909.0,7.4222,36.284,98.68,195.3042,0.0222,0.0,99.9631,205.0136,49.0921,-16.359,0.0,0.0001,1.8644,0.0006,6.6865,35.2216,7.3296,27.5467,36.4719
453.0,911.0,7.4271,36.2957,89.4925,196.1996,0.0226,0.0,99.9519,205.0136,49.0921,-16.359,0.0,0.0001,1.8682,0.0015,6.683,35.2284,7.3342,27.5514,36.4762
454.0,913.0,7.4443,36.3186,98.68,195.0801,0.0209,0.0,99.9407,205.0136,49.0921,-16.359,0.0,0.0001,1.8675,-0.0009,6.6867,35.2348,7.3511,27.5541,36.478
455.0,915.0,7.4043,36.2783,98.68,195.5973,0.0163,0.0,99.9383,205.0137,49.0921,-16.359,0.0,0.0001,1.8675,0.0,6.6886,35.2305,7.3111,27.5564,36.4823
456.0,917.0,7.3876,36.2618,98.68,196.085,0.0211,0.0,99.9521,205.0137,49.0921,-16.359,0.0,0.0001,1.8676,0.0,6.7056,35.2288,7.2943,27.5575,36.4842
457.0,919.0,7.3143,36.1835,83.912,196.3459,0.0208,0.0,99.9536,205.0137,49.0921,-16.359,0.0,0.0001,1.8671,-0.0002,6.7206,35.2169,7.2214,27.5585,36.4887
458.0,921.0,7.2191,36.0832,92.4942,197.8514,0.0215,0.0,99.9441,205.0137,49.0921,-16.359,0.0,0.0001,1.869,0.0017,6.7206,35.203,7.1266,27.561,36.4958
459.0,923.0,7.1974,36.0616,98.6722,198.6363,0.0184,0.0,99.9498,205.0138,49.0921,-16.3591,0.0,0.0001,1.8749,0.0017,6.7263,35.2002,7.1048,27.5618,36.4977
460.0,925.0,7.1549,36.0175,98.68,198.4769,0.0214,0.0,99.9457,205.0138,49.0921,-16.3591,0.0,0.0001,1.8761,0.0002,6.7396,35.1943,7.0623,27.5632,36.5011
461.0,927.0,7.0973,35.9554,98.68,199.1111,0.0229,0.0,99.9332,205.0138,49.0921,-16.3591,0.0,0.0001,1.8779,0.0008,6.7407,35.1837,7.005,27.5629,36.5037
462.0,929.0,7.0637,35.9219,45.3876,200.2822,0.0217,0.0,99.9444,205.0138,49.0921,-16.3591,0.0,0.0001,1.8803,0.0023,6.739,35.1802,6.9714,27.5648,36.5072
463.0,931.0,7.0345,35.892,96.5668,199.9764,0.0211,0.0,99.9348,205.0139,49.0921,-16.3591,0.0,0.0001,1.8816,0.0003,6.7596,35.1762,6.9423,27.5658,36.5095
464.0,933.0,6.9558,35.8079,98.68,201.3168,0.0234,0.0,99.9451,205.0139,49.0921,-16.3591,0.0,0.0001,1.884,0.0016,6.7685,35.1629,6.8639,27.5661,36.5138
465.0,935.0,6.91,35.7607,98.4497,201.5644,0.0216,0.0,99.9459,205.0139,49.0921,-16.3591,0.0,0.0001,1.8873,0.0018,6.752,35.1568,6.8182,27.5677,36.5175
466.0,937.0,6.9663,35.8254,98.68,201.5559,0.02,0.0,99.9383,205.014,49.0921,-16.3591,0.0,0.0001,1.8901,0.0011,6.7511,35.1697,6.8738,27.5701,36.5172
467.0,939.0,7.0149,35.8832,98.68,200.1846,0.0203,0.0,99.9513,205.014,49.0921,-16.3591,0.0,0.0001,1.8871,-0.0011,6.7538,35.1826,6.9219,27.5736,36.5183
468.0,941.0,7.0001,35.8695,79.3365,200.1566,0.0234,0.0,99.9556,205.014,49.0921,-16.3591,0.0,0.0001,1.885,-0.0006,6.7551,35.1817,6.907,27.575,36.5204
469.0,943.0,6.9884,35.8594,98.6671,200.6633,0.0167,0.0,99.9556,205.0141,49.0921,-16.3591,0.0,0.0001,1.8859,0.0004,6.75,35.1814,6.8951,27.5764,36.5223
470.0,945.0,7.018,35.8942,94.5493,200.1542,0.0225,0.0,99.9514,205.0141,49.0921,-16.3591,0.0,0.0001,1.8846,-0.0006,6.7503,35.1888,6.9244,27.5781,36.5226
471.0,947.0,7.0201,35.8983,98.68,199.9203,0.0193,0.0,99.9624,205.0141,49.0921,-16.3591,0.0,0.0001,1.883,-0.0007,6.7507,35.1901,6.9262,27.5789,36.5233
472.0,949.0,6.993,35.87,98.5553,200.3393,0.0188,0.0,99.9447,205.0141,49.0921,-16.3591,0.0,0.0001,1.8822,-0.0002,6.7594,35.1855,6.899,27.5791,36.5248
473.0,951.0,6.9708,35.8447,98.68,200.2599,0.0216,0.0,99.9502,205.0142,49.092,-16.3591,0.0,0.0001,1.8805,-0.0008,6.7739,35.1794,6.8768,27.5774,36.5242
474.0,953.0,6.9033,35.7739,98.68,201.4488,0.0198,0.0,99.9819,205.0142,49.092,-16.3591,0.0,0.0001,1.8816,0.001,6.7702,35.1694,6.8096,27.5788,36.5289
475.0,955.0,6.856,35.7252,81.0628,202.4245,0.0244,0.0,99.9488,205.0142,49.092,-16.3591,0.0,0.0001,1.8875,0.0016,6.7709,35.1627,6.7624,27.58,36.5324
476.0,957.0,6.87,35.7399,92.5177,201.1366,0.0235,0.0,99.9523,205.0142,49.092,-16.3591,0.0,0.0001,1.8862,-0.0009,6.7738,35.1639,6.7762,27.579,36.5308
477.0,959.0,6.8698,35.7506,98.68,202.4,0.0208,0.0,99.9588,205.0143,49.092,-16.3591,0.0,0.0001,1.8877,0.0009,6.7724,35.1748,6.7757,27.5877,36.5393
478.0,961.0,6.8576,35.7368,98.68,202.5448,0.021,0.0,99.9551,205.0143,49.092,-16.3591,0.0,0.0001,1.8888,0.0003,6.784,35.1712,6.7633,27.5865,36.5388
479.0,963.0,6.8201,35.6984,61.8932,203.3425,0.0186,0.0,99.9671,205.0143,49.092,-16.3591,0.0,0.0001,1.8917,0.0011,6.7901,35.1661,6.7259,27.5877,36.5417
480.0,965.0,6.7741,35.6531,98.68,204.184,0.0177,0.0,99.9806,205.0144,49.092,-16.3591,0.0,0.0001,1.8932,0.0016,6.792,35.1621,6.6801,27.5908,36.5471
481.0,967.0,6.7663,35.6458,71.4211,203.6455,0.0197,0.0,99.8954,205.0144,49.092,-16.3591,0.0,0.0001,1.8938,0.0004,6.789,35.1612,6.6722,27.5912,36.5478
482.0,969.0,6.7551,35.6356,98.68,203.9202,0.021,0.0,99.97,205.0144,49.092,-16.3591,0.0,0.0001,1.896,0.0004,6.7907,35.1603,6.6608,27.592,36.5492
483.0,971.0,6.7539,35.6347,98.68,203.626,0.0197,0.0,99.9685,205.0144,49.092,-16.3591,0.0,0.0001,1.8948,-0.0004,6.7953,35.1599,6.6595,27.5918,36.5491
484.0,973.0,6.7367,35.6164,98.68,203.1427,0.0195,0.0,99.9646,205.0145,49.092,-16.3591,0.0,0.0001,1.8926,-0.001,6.8018,35.1561,6.6422,27.5912,36.5494
485.0,975.0,6.7151,35.5952,98.68,203.8058,0.0202,0.0,99.9845,205.0145,49.092,-16.3591,0.0,0.0001,1.8934,0.0001,6.7978,35.154,6.6205,27.5924,36.5517
486.0,977.0,6.6477,35.5292,91.07,204.9149,0.0231,0.0,99.9654,205.0145,49.092,-16.3591,0.0,0.0001,1.897,0.0007,6.8077,35.1484,6.5533,27.5971,36.5596
487.0,979.0,6.6288,35.5093,96.6869,204.8174,0.0184,0.0,99.9686,205.0145,49.092,-16.3591,0.0,0.0001,1.895,-0.0003,6.8271,35.1447,6.5344,27.5967,36.5602
488.0,981.0,6.5477,35.4278,67.8784,206.8776,0.0176,0.0,99.9711,205.0146,49.092,-16.3591,0.0,0.0001,1.9002,0.0021,6.8299,35.1362,6.4537,27.6009,36.5683
489.0,983.0,6.5394,35.4209,89.0142,207.105,0.02,0.0,99.9735,205.0146,49.092,-16.3591,0.0,0.0001,1.9029,0.0015,6.8331,35.1362,6.4453,27.602,36.5698
490.0,985.0,6.5146,35.396,98.68,207.3748,0.0229,0.0,99.9847,205.0146,49.092,-16.3591,0.0,0.0001,1.9048,0.0015,6.8271,35.1329,6.4204,27.6027,36.5717
491.0,987.0,6.4956,35.3786,98.68,207.22,0.022,0.0,99.9566,205.0147,49.092,-16.3591,0.0,0.0001,1.9072,0.0002,6.8382,35.132,6.4014,27.6046,36.5745
492.0,989.0,6.4719,35.3531,98.68,207.1972,0.0214,0.0,99.9781,205.0147,49.092,-16.3591,0.0,0.0001,1.9063,-0.0001,6.8444,35.127,6.3777,27.6038,36.5749
493.0,991.0,6.4444,35.3267,98.68,207.8826,0.0204,0.0,99.9498,205.0147,49.092,-16.3591,0.0,0.0001,1.9076,0.0008,6.842,35.1249,6.3502,27.6058,36.5782
494.0,993.0,6.4404,35.3244,98.68,208.4331,0.0227,0.0,99.9845,205.0147,49.092,-16.3591,0.0,0.0001,1.9097,0.0013,6.8419,35.1257,6.346,27.6069,36.5796
495.0,995.0,6.437,35.322,98.68,208.2948,0.0202,0.0,99.97,205.0148,49.092,-16.3591,0.0,0.0001,1.9111,0.0003,6.8472,35.1254,6.3425,27.6072,36.58
496.0,997.0,6.4197,35.3047,70.1824,208.3685,0.0203,0.0,99.9845,205.0148,49.092,-16.3591,0.0,0.0001,1.9109,0.0001,6.8491,35.1228,6.325,27.6074,36.5811
497.0,999.0,6.3972,35.2824,95.1827,208.8284,0.0231,0.0,99.9761,205.0148,49.092,-16.3591,0.0,0.0001,1.9121,0.0003,6.8583,35.12,6.3024,27.6082,36.583
498.0,1001.0,6.3564,35.2405,98.68,209.5563,0.0237,0.0,99.9845,205.0148,49.092,-16.3591,0.0,0.0001,1.9147,0.0011,6.8549,35.1143,6.2618,27.609,36.5859
499.0,1003.0,6.354,35.2393,98.6467,209.8056,0.0219,0.0,99.9669,205.0149,49.092,-16.3591,0.0,0.0001,1.917,0.0005,6.86,35.1147,6.2593,27.6097,36.5866
500.0,1005.0,6.3302,35.2174,96.7903,209.8157,0.0187,0.0,99.975,205.015,49.092,-16.3591,0.0,0.0001,1.919,0.0,6.859,35.1133,6.2354,27.6117,36.5898
501.0,1007.0,6.3259,35.2142,94.1142,209.9552,0.0209,0.0,99.9748,205.015,49.092,-16.3591,0.0,0.0001,1.9193,0.0001,6.8556,35.1134,6.2309,27.6124,36.5907
502.0,1009.0,6.3261,35.215,91.1669,210.0251,0.0212,0.0,99.969,205.0152,49.092,-16.3592,0.0,0.0001,1.9192,0.0001,6.8572,35.1132,6.2309,27.6122,36.5906
503.0,1011.0,6.2975,35.1878,92.9549,211.1991,0.0212,0.0001,99.8511,205.0162,49.0919,-16.3592,0.0,0.0001,1.9254,-0.0001,6.8703,35.1109,6.2023,27.6141,36.5939
504.0,1013.0,6.2732,35.1633,94.4799,211.5225,0.0203,0.0001,99.8361,205.0163,49.0919,-16.3592,0.0,0.0001,1.9259,0.0003,6.8699,35.108,6.1781,27.6151,36.596
