Datacycle,press,temp,cond,alt,oxygen,fluor,atten,trans,jday,lat,lon,PAR,UPAR,oxV,oxdVdt,oxysat,salin,potemp,sigma0,sigma2
1.0,1.0,15.8446,44.4894,3.867,242.9343,0.6037,0.0036,91.2815,205.1185,48.9111,-16.3603,0.0,0.0001,2.7259,-0.0009,5.5705,35.6618,15.8443,26.2926,34.8696
2.0,3.0,15.8436,44.4889,4.2727,243.1403,0.6144,0.0031,92.4909,205.1186,48.9112,-16.3603,0.0,0.0001,2.7254,0.0,5.5705,35.6618,15.8431,26.2929,34.87
3.0,5.0,15.872,44.5192,4.5401,243.7363,0.614,0.0031,92.571,205.1187,48.9112,-16.3603,0.0,0.0001,2.7294,0.0005,5.5689,35.6626,15.8713,26.287,34.8632
4.0,7.0,15.8663,44.5134,45.5233,243.9983,0.6261,0.0031,92.5766,205.1188,48.9112,-16.3603,0.0,0.0001,2.7324,0.0002,5.5683,35.6617,15.8652,26.2877,34.8641
5.0,9.0,15.8608,44.5093,47.2245,244.0755,0.615,0.0031,92.5536,205.1189,48.9112,-16.3603,0.0,0.0001,2.7326,0.0001,5.5685,35.6621,15.8594,26.2894,34.8659
6.0,11.0,15.8522,44.5018,77.6543,244.0611,0.6221,0.0031,92.5675,205.119,48.9112,-16.3603,0.0,0.0001,2.7322,-0.0003,5.57,35.6625,15.8505,26.2917,34.8685
7.0,13.0,15.8396,44.4894,98.71,244.1577,0.634,0.0031,92.5691,205.119,48.9112,-16.3602,0.0,0.0001,2.7317,0.0,5.5706,35.6617,15.8376,26.2941,34.8714
8.0,15.0,15.8411,44.4917,98.7019,243.972,0.6448,0.0031,92.5715,205.1191,48.9112,-16.3602,0.0,0.0001,2.7297,-0.0002,5.5707,35.6616,15.8387,26.2937,34.8709
9.0,17.0,15.8412,44.4927,98.71,244.3726,0.6531,0.0031,92.5639,205.1191,48.9112,-16.3602,0.0,0.0001,2.7311,0.0006,5.5707,35.6616,15.8386,26.2938,34.871
10.0,19.0,15.8415,44.4941,75.9743,244.465,0.6578,0.0031,92.5605,205.1192,48.9112,-16.3602,0.0,0.0001,2.7323,0.0,5.5715,35.6618,15.8385,26.2939,34.8712
11.0,21.0,15.8261,44.4795,91.795,244.1457,0.6614,0.0031,92.6443,205.1192,48.9111,-16.3602,0.0,0.0001,2.7291,-0.001,5.5763,35.6619,15.8228,26.2975,34.8754
12.0,23.0,15.7222,44.3894,98.5974,244.3036,0.7696,0.0031,92.6681,205.1193,48.9111,-16.3602,0.0,0.0001,2.7268,-0.0011,5.5861,35.6737,15.7186,26.3304,34.9117
13.0,25.0,15.6947,44.3667,82.4689,244.0869,0.8977,0.003,92.7669,205.1193,48.9111,-16.3602,0.0,0.0001,2.723,-0.0008,5.5891,35.6776,15.6908,26.3397,34.922
14.0,27.0,15.6672,44.3392,76.5963,242.7872,0.9553,0.0028,93.2718,205.1193,48.9111,-16.3602,0.0,0.0001,2.7144,-0.0028,5.5893,35.6769,15.663,26.3455,34.9287
15.0,29.0,15.6616,44.3349,84.2883,242.4909,0.923,0.0024,94.1572,205.1194,48.9111,-16.3602,0.0,0.0001,2.7086,-0.0013,5.5898,35.6772,15.657,26.3471,34.9305
16.0,31.0,15.6712,44.3447,76.1791,241.5566,0.8958,0.0023,94.3925,205.1194,48.9111,-16.3602,0.0,0.0001,2.7004,-0.0023,5.5911,35.6766,15.6664,26.3445,34.9276
17.0,33.0,15.6451,44.321,80.9608,241.4281,0.8686,0.0021,94.7739,205.1195,48.9111,-16.3602,0.0,0.0001,2.6974,-0.0014,5.5909,35.6779,15.6398,26.3515,34.9355
18.0,35.0,15.6216,44.2989,92.055,241.1307,0.8098,0.002,95.0356,205.1195,48.9111,-16.3602,0.0,0.0001,2.6913,-0.0029,5.6103,35.6786,15.6162,26.3574,34.9422
19.0,37.0,15.4437,44.1218,55.9971,238.3554,0.7415,0.0017,95.7111,205.1195,48.9111,-16.3602,0.0,0.0001,2.6645,-0.0093,5.6556,35.679,15.4379,26.398,34.9891
20.0,39.0,15.0922,43.7803,60.4018,235.2919,0.6175,0.0014,96.5575,205.1196,48.9111,-16.3602,0.0,0.0001,2.6357,-0.012,5.6791,35.6879,15.0862,26.4834,35.0868
21.0,41.0,14.866,43.5643,75.5897,233.3571,0.488,0.0011,97.2884,205.1196,48.9111,-16.3602,0.0,0.0001,2.6149,-0.0071,5.6557,35.6965,14.8598,26.54,35.1515
22.0,43.0,14.8795,43.568,98.664,235.3426,0.4342,0.001,97.5647,205.1196,48.9111,-16.3602,0.0,0.0001,2.6092,-0.0036,5.7077,35.6866,14.873,26.5295,35.1406
23.0,45.0,14.5917,43.313,60.0123,232.3603,0.3822,0.0009,97.8589,205.1197,48.9111,-16.3602,0.0,0.0001,2.5885,-0.0063,5.7067,35.7157,14.585,26.6149,35.236
24.0,47.0,14.3956,43.1164,58.58,235.129,0.3385,0.0008,98.0898,205.1197,48.9111,-16.3602,0.0,0.0001,2.593,0.0021,5.7117,35.7139,14.3887,26.656,35.2843
25.0,49.0,14.4802,43.1943,83.3463,234.1944,0.3294,0.0008,98.0553,205.1197,48.9111,-16.3602,0.0,0.0001,2.5822,-0.0052,5.7716,35.7071,14.4729,26.6326,35.2579
26.0,51.0,13.9793,42.7272,92.2895,232.3733,0.2327,0.0005,98.6817,205.1198,48.9111,-16.3602,0.0,0.0001,2.5605,-0.0046,5.7872,35.7356,13.9719,26.7618,35.4051
27.0,53.0,13.9131,42.6673,98.71,232.7084,0.1792,0.0005,98.8046,205.1198,48.9111,-16.3602,0.0,0.0001,2.5548,-0.0016,5.791,35.7403,13.9055,26.7795,35.4252
28.0,55.0,13.8764,42.6392,54.742,232.7043,0.1621,0.0004,98.9279,205.1198,48.9111,-16.3602,0.0,0.0001,2.5528,-0.0005,5.7891,35.7473,13.8684,26.7927,35.4397
29.0,57.0,13.8675,42.6444,98.6283,232.2295,0.1443,0.0004,98.9867,205.1199,48.9111,-16.3601,0.0,0.0001,2.5477,-0.0023,5.8041,35.7597,13.8593,26.8042,35.4514
30.0,59.0,13.7607,42.5371,48.8089,231.2796,0.1254,0.0003,99.1206,205.1199,48.9111,-16.3601,0.0,0.0001,2.5381,-0.0026,5.8077,35.7577,13.7523,26.8251,35.4763
31.0,61.0,13.7412,42.5262,74.4079,231.2169,0.1148,0.0003,99.1657,205.1199,48.9111,-16.3601,0.0,0.0001,2.5344,-0.0013,5.8077,35.7648,13.7324,26.8348,35.4866
32.0,63.0,13.7388,42.5264,94.472,231.1618,0.1124,0.0003,99.2241,205.12,48.9111,-16.3601,0.0,0.0001,2.5319,-0.001,5.8095,35.7665,13.7298,26.8366,35.4885
33.0,65.0,13.7227,42.5239,98.695,230.2914,0.1011,0.0003,99.3035,205.12,48.9111,-16.3601,0.0,0.0001,2.5264,-0.002,5.8087,35.7781,13.7134,26.8491,35.5014
34.0,67.0,13.7197,42.5413,87.4511,229.8229,0.0858,0.0002,99.4382,205.12,48.9111,-16.3601,0.0,0.0001,2.5203,-0.0021,5.8149,35.7966,13.7101,26.8641,35.5163
35.0,69.0,13.6771,42.5012,98.695,229.7299,0.0848,0.0002,99.4913,205.1201,48.9111,-16.3601,0.0,0.0001,2.5175,-0.001,5.8115,35.7978,13.6672,26.874,35.5278
36.0,71.0,13.6508,42.4768,98.699,230.1016,0.0704,0.0002,99.5579,205.1201,48.9111,-16.3601,0.0,0.0001,2.5169,-0.0002,5.8182,35.7985,13.6406,26.8801,35.5348
37.0,73.0,13.6449,42.4739,98.71,229.6357,0.0645,0.0002,99.5813,205.1201,48.9111,-16.3601,0.0,0.0001,2.5121,-0.0019,5.8306,35.8006,13.6346,26.8829,35.5379
38.0,75.0,13.5519,42.3767,82.0725,229.0003,0.067,0.0001,99.6171,205.1202,48.9111,-16.3601,0.0,0.0001,2.5058,-0.0025,5.8363,35.7951,13.5412,26.8981,35.5566
39.0,77.0,13.4763,42.2913,98.6086,230.0087,0.0688,0.0002,99.6069,205.1202,48.9111,-16.3601,0.0,0.0001,2.5051,-0.0001,5.8497,35.7844,13.4655,26.9055,35.567
40.0,79.0,13.4012,42.2013,98.695,230.2848,0.0732,0.0002,99.591,205.1202,48.9111,-16.3601,0.0,0.0001,2.5054,0.0002,5.8515,35.7688,13.3901,26.9091,35.5736
41.0,81.0,13.3379,42.1325,84.7039,230.7669,0.0696,0.0002,99.6356,205.1203,48.9111,-16.3601,0.0,0.0001,2.5079,0.0005,5.8567,35.762,13.3266,26.9169,35.5839
42.0,83.0,13.285,42.0671,81.412,231.5038,0.0689,0.0001,99.6513,205.1203,48.9111,-16.3601,0.0,0.0001,2.5081,0.0005,5.8749,35.7488,13.2734,26.9175,35.5868
43.0,85.0,13.189,41.9593,93.9291,232.7123,0.0663,0.0001,99.7222,205.1203,48.9111,-16.3601,0.0,0.0001,2.5131,0.0021,5.8797,35.7355,13.1772,26.927,35.6
44.0,87.0,13.1477,41.9156,98.3881,232.1127,0.0597,0.0001,99.7546,205.1204,48.9111,-16.3601,0.0,0.0001,2.5127,-0.0005,5.8815,35.7321,13.1356,26.9328,35.6075
45.0,89.0,13.1182,41.8847,98.6961,232.413,0.0611,0.0001,99.7966,205.1204,48.9111,-16.3601,0.0,0.0001,2.5137,0.0002,5.8812,35.7294,13.1058,26.9367,35.6126
46.0,91.0,13.1358,41.9063,98.7072,232.0484,0.052,0.0001,99.8075,205.1204,48.9111,-16.3601,0.0,0.0001,2.5108,-0.0007,5.8856,35.7328,13.1232,26.9358,35.611
47.0,93.0,13.0956,41.8631,71.3871,232.7341,0.0533,0.0001,99.8235,205.1205,48.9111,-16.3601,0.0,0.0001,2.5127,0.001,5.8851,35.7284,13.0827,26.9407,35.6174
48.0,95.0,13.1035,41.8724,92.2877,232.4279,0.0554,0.0001,99.8393,205.1205,48.9111,-16.3601,0.0,0.0001,2.5118,-0.0002,5.8869,35.729,13.0904,26.9396,35.616
49.0,97.0,13.0918,41.8627,87.451,232.1614,0.0526,0.0001,99.8712,205.1206,48.9111,-16.3601,0.0,0.0001,2.5093,-0.0006,5.8886,35.7297,13.0784,26.9426,35.6195
50.0,99.0,13.0751,41.8444,98.71,232.2613,0.0529,0.0001,99.8689,205.1206,48.9111,-16.3601,0.0,0.0001,2.5083,-0.0002,5.8901,35.7273,13.0614,26.9442,35.6217
51.0,101.0,13.0421,41.8082,91.3826,232.5487,0.0513,0.0,99.9132,205.1207,48.9111,-16.36,0.0,0.0001,2.5093,-0.0002,5.8939,35.723,13.0282,26.9476,35.6265
52.0,103.0,13.0107,41.7753,97.7345,232.7507,0.0473,0.0,99.9298,205.1208,48.9111,-16.36,0.0,0.0001,2.5091,0.0003,5.8947,35.7201,12.9964,26.9518,35.6319
53.0,105.0,13.0151,41.7812,86.2192,232.3567,0.0451,0.0,99.946,205.1209,48.9111,-16.36,0.0,0.0001,2.5071,-0.0006,5.8951,35.7209,13.0006,26.9515,35.6315
54.0,107.0,13.0072,41.7734,93.1414,232.2152,0.0422,0.0,99.9876,205.121,48.9111,-16.36,0.0,0.0001,2.5047,-0.0003,5.896,35.7202,12.9924,26.9526,35.6329
55.0,109.0,12.989,41.7545,87.6776,231.9958,0.0427,0.0,100.0195,205.1211,48.9111,-16.36,0.0,0.0001,2.5011,-0.0002,5.8999,35.7185,12.974,26.9551,35.6361
56.0,111.0,12.966,41.7313,98.6987,232.2618,0.0411,0.0,100.0122,205.1212,48.9111,-16.36,0.0,0.0001,2.5005,0.0004,5.9022,35.7168,12.9507,26.9584,35.6404
57.0,113.0,12.964,41.7296,87.1093,231.9706,0.0406,0.0,100.0257,205.1213,48.9111,-16.36,0.0,0.0001,2.4992,-0.0007,5.9049,35.7162,12.9484,26.9584,35.6405
58.0,115.0,12.9507,41.7166,98.5494,231.9526,0.0374,0.0,100.0306,205.1213,48.9111,-16.36,0.0,0.0001,2.4978,-0.0003,5.9038,35.7154,12.9349,26.9606,35.6432
59.0,117.0,12.9502,41.7169,98.71,232.0195,0.0361,0.0,100.0311,205.1214,48.9111,-16.36,0.0,0.0001,2.4974,-0.0003,5.9057,35.7156,12.9341,26.9608,35.6434
60.0,119.0,12.9276,41.6923,90.7829,232.0527,0.0328,0.0,100.0353,205.1214,48.9111,-16.36,0.0,0.0001,2.4954,-0.0003,5.9116,35.7124,12.9112,26.963,35.6465
61.0,121.0,12.8941,41.655,90.339,232.8454,0.0358,0.0,100.0162,205.1214,48.9111,-16.36,0.0,0.0001,2.4982,0.0015,5.9108,35.7073,12.8775,26.9658,35.6507
62.0,123.0,12.8861,41.6467,96.1129,232.6116,0.0365,0.0,100.0166,205.1215,48.9111,-16.3599,0.0,0.0001,2.4983,-0.0003,5.9156,35.7062,12.8692,26.9666,35.6518
63.0,125.0,12.8899,41.6487,98.71,232.5081,0.034,0.0,100.0109,205.1215,48.9111,-16.3599,0.0,0.0001,2.4965,-0.0006,5.9186,35.7039,12.8728,26.9641,35.6492
64.0,127.0,12.828,41.5831,98.695,233.7776,0.0329,0.0,100.0068,205.1215,48.9111,-16.3599,0.0,0.0001,2.5014,0.0026,5.9149,35.6984,12.8107,26.9723,35.6599
65.0,129.0,12.8163,41.5701,91.0737,233.3869,0.0381,0.0,99.9948,205.1216,48.9111,-16.3599,0.0,0.0001,2.5018,-0.0001,5.9207,35.6961,12.7988,26.973,35.661
66.0,131.0,12.8073,41.5585,98.695,232.7401,0.0398,0.0,100.0109,205.1216,48.9111,-16.3599,0.0,0.0001,2.4974,-0.0017,5.926,35.6927,12.7895,26.9722,35.6606
67.0,133.0,12.7881,41.54,94.1264,233.4458,0.0354,0.0,100.0171,205.1216,48.9111,-16.3599,0.0,0.0001,2.4987,0.0006,5.9237,35.692,12.77,26.9755,35.6647
68.0,135.0,12.7913,41.5448,93.3377,233.2833,0.0315,0.0,100.0133,205.1217,48.9111,-16.3599,0.0,0.0001,2.4982,-0.0004,5.927,35.6925,12.7728,26.9754,35.6645
69.0,137.0,12.7759,41.5285,98.6982,233.2312,0.0323,0.0,100.0133,205.1217,48.9111,-16.3599,0.0,0.0001,2.4961,-0.0004,5.9292,35.6906,12.7571,26.977,35.6668
70.0,139.0,12.7589,41.5102,98.7022,233.1595,0.0327,0.0,100.0133,205.1217,48.9111,-16.3599,0.0,0.0001,2.4957,-0.0004,5.9286,35.6883,12.7399,26.9787,35.6691
71.0,141.0,12.756,41.5078,98.7062,233.4601,0.0338,0.0,100.012,205.1218,48.9111,-16.3599,0.0,0.0001,2.4966,-0.0002,5.9307,35.6879,12.7368,26.979,35.6696
72.0,143.0,12.7519,41.503,79.0825,232.6564,0.0356,0.0,100.0082,205.1218,48.9111,-16.3599,0.0,0.0001,2.4914,-0.0016,5.9341,35.6864,12.7325,26.9787,35.6695
73.0,145.0,12.721,41.4678,95.9629,232.8949,0.033,0.0,100.0133,205.1218,48.9111,-16.3599,0.0,0.0001,2.4902,-0.0006,5.9366,35.6808,12.7012,26.9806,35.6726
74.0,147.0,12.7059,41.4512,98.6935,232.8937,0.0259,0.0,100.0181,205.1219,48.9111,-16.3599,0.0,0.0001,2.4887,-0.0003,5.9368,35.6782,12.6859,26.9817,35.6743
75.0,149.0,12.7054,41.4512,98.7062,232.7349,0.0279,0.0,100.0133,205.1219,48.9111,-16.3599,0.0,0.0001,2.4876,-0.0005,5.9351,35.678,12.6852,26.9816,35.6743
76.0,151.0,12.7192,41.4708,66.6069,233.0324,0.0282,0.0,100.0112,205.1219,48.9111,-16.3599,0.0,0.0001,2.4877,0.0004,5.9348,35.6829,12.6987,26.9827,35.6748
77.0,153.0,12.6979,41.4475,94.0403,232.8305,0.0319,0.0,100.0043,205.122,48.9111,-16.3599,0.0,0.0001,2.4871,-0.0005,5.9374,35.6797,12.6771,26.9845,35.6775
78.0,155.0,12.7,41.4501,98.685,232.4856,0.0291,0.0,100.0094,205.122,48.9111,-16.3599,0.0,0.0001,2.4841,-0.001,5.9387,35.6794,12.679,26.984,35.6769
79.0,157.0,12.6859,41.4361,98.6962,232.7537,0.0303,0.0,100.0022,205.122,48.9111,-16.3599,0.0,0.0001,2.4834,0.0001,5.9384,35.6783,12.6645,26.986,35.6795
80.0,159.0,12.6913,41.4441,98.7021,232.115,0.0349,0.0,99.9628,205.1221,48.9111,-16.3599,0.0,0.0001,2.4811,-0.0015,5.9396,35.6801,12.6696,26.9863,35.6796
81.0,161.0,12.6823,41.4358,98.71,232.3639,0.0339,0.0,100.0078,205.1221,48.9111,-16.3599,0.0,0.0001,2.4798,-0.0002,5.9403,35.6796,12.6604,26.9878,35.6814
82.0,163.0,12.6772,41.4306,98.71,232.2951,0.0289,0.0,99.9845,205.1221,48.9111,-16.3599,0.0,0.0001,2.4789,-0.0005,5.9411,35.6787,12.6551,26.9882,35.682
83.0,165.0,12.67,41.4231,85.7077,232.5501,0.0266,0.0,99.9783,205.1222,48.9111,-16.3599,0.0,0.0001,2.4791,0.0,5.9426,35.6774,12.6476,26.9887,35.6828
84.0,167.0,12.661,41.4134,95.6454,231.7307,0.0293,0.0,99.9577,205.1222,48.9111,-16.3599,0.0,0.0001,2.4753,-0.0017,5.9424,35.6756,12.6383,26.9891,35.6836
85.0,169.0,12.645,41.3963,98.7037,232.185,0.0322,0.0,99.9603,205.1223,48.9111,-16.3599,0.0,0.0001,2.4748,-0.0004,5.9466,35.6733,12.622,26.9905,35.6857
86.0,171.0,12.6266,41.3757,87.5166,231.3528,0.033,0.0,99.9845,205.1223,48.9111,-16.3599,0.0,0.0001,2.4699,-0.0019,5.9498,35.6702,12.6034,26.9918,35.6878
87.0,173.0,12.6031,41.3504,98.7062,231.2474,0.029,0.0,99.9725,205.1223,48.9111,-16.3599,0.0,0.0001,2.467,-0.0015,5.951,35.6671,12.5797,26.9941,35.691
88.0,175.0,12.5954,41.3424,98.71,229.7593,0.0305,0.0,99.9687,205.1224,48.9111,-16.3599,0.0,0.0001,2.4572,-0.0031,5.9529,35.6658,12.5716,26.9947,35.692
89.0,177.0,12.5811,41.327,94.1081,230.2493,0.0268,0.0,99.9532,205.1224,48.9111,-16.3599,0.0,0.0001,2.4549,-0.0008,5.9549,35.6637,12.5571,26.996,35.6938
90.0,179.0,12.5632,41.3079,91.4486,232.6611,0.0288,0.0,99.964,205.1224,48.9111,-16.3599,0.0,0.0001,2.4647,0.0038,5.9533,35.6612,12.539,26.9976,35.6962
91.0,181.0,12.5583,41.303,98.4977,231.8485,0.024,0.0,99.9658,205.1225,48.9111,-16.3599,0.0,0.0001,2.4655,-0.0001,5.9562,35.6604,12.5339,26.998,35.6968
92.0,183.0,12.5544,41.2996,98.68,231.0136,0.0282,0.0,99.9556,205.1225,48.9111,-16.3599,0.0,0.0001,2.4619,-0.0018,5.9559,35.6599,12.5297,26.9984,35.6974
93.0,185.0,12.5543,41.3019,86.6565,229.3438,0.0245,0.0,99.94,205.1225,48.9111,-16.3599,0.0,0.0001,2.4528,-0.0041,5.9557,35.6613,12.5293,26.9997,35.6986
94.0,187.0,12.5493,41.2963,93.2406,229.8057,0.0258,0.0,99.9407,205.1226,48.9111,-16.3599,0.0,0.0001,2.4496,-0.0022,5.9641,35.6599,12.524,26.9996,35.6987
95.0,189.0,12.4826,41.2207,98.71,229.7748,0.0253,0.0,99.9543,205.1226,48.9111,-16.3599,0.0,0.0001,2.4428,0.0002,5.9673,35.6492,12.4571,27.0045,35.7064
96.0,191.0,12.4444,41.1723,98.2385,232.0965,0.0232,0.0,99.9615,205.1226,48.9111,-16.3599,0.0,0.0001,2.4504,0.0051,5.9663,35.6377,12.4188,27.0031,35.7067
97.0,193.0,12.4445,41.1738,98.704,230.8348,0.0273,0.0,99.9509,205.1227,48.9111,-16.3599,0.0,0.0001,2.4504,-0.0004,5.9716,35.6383,12.4186,27.0036,35.7072
98.0,195.0,12.4271,41.155,95.3862,230.9131,0.0273,0.0,99.9556,205.1227,48.9111,-16.3599,0.0,0.0001,2.4483,-0.0002,5.9772,35.6356,12.4009,27.005,35.7093
99.0,197.0,12.3917,41.1158,86.1625,231.7673,0.0261,0.0,99.9556,205.1227,48.9111,-16.3599,0.0,0.0001,2.4519,0.0012,5.9782,35.6303,12.3653,27.0079,35.7136
100.0,199.0,12.3875,41.1121,95.1643,232.0609,0.0273,0.0,99.9517,205.1228,48.9111,-16.3599,0.0,0.0001,2.4539,0.0008,5.9793,35.6298,12.3608,27.0084,35.7143
101.0,201.0,12.379,41.1027,98.695,231.4172,0.0274,0.0,99.9492,205.1228,48.9111,-16.3599,0.0,0.0001,2.4525,-0.0014,5.9827,35.628,12.3521,27.0087,35.7149
102.0,203.0,12.3588,41.0803,53.4961,231.6771,0.0248,0.0,99.9556,205.1228,48.9111,-16.3599,0.0,0.0001,2.452,-0.0002,5.9809,35.6245,12.3316,27.01,35.7171
103.0,205.0,12.3435,41.0642,94.0439,231.5052,0.0271,0.0,99.9436,205.1229,48.9111,-16.3599,0.0,0.0001,2.4508,-0.0008,5.9851,35.6225,12.316,27.0115,35.7193
104.0,207.0,12.3305,41.05,98.71,230.7284,0.0256,0.0,99.9492,205.1229,48.9111,-16.3599,0.0,0.0001,2.4451,-0.0019,5.9876,35.6203,12.3028,27.0124,35.7207
105.0,209.0,12.3176,41.036,98.695,231.225,0.0219,0.0,99.9439,205.1229,48.9111,-16.3599,0.0,0.0001,2.4446,-0.0002,5.9888,35.6181,12.2897,27.0132,35.722
106.0,211.0,12.3002,41.017,98.71,230.6241,0.0238,0.0,99.9131,205.123,48.9111,-16.3599,0.0,0.0001,2.4414,-0.0012,5.9901,35.6153,12.272,27.0145,35.7241
107.0,213.0,12.2793,40.9946,87.4628,230.651,0.0286,0.0,99.9316,205.123,48.9111,-16.3599,0.0,0.0001,2.4387,-0.0006,5.9927,35.6124,12.2509,27.0164,35.7268
108.0,215.0,12.2763,40.9915,98.71,230.3375,0.0267,0.0,99.9236,205.123,48.9111,-16.3599,0.0,0.0001,2.4354,-0.001,5.9964,35.6115,12.2476,27.0163,35.7269
109.0,217.0,12.2553,40.9678,98.7006,229.8873,0.0285,0.0,99.9239,205.1231,48.9111,-16.3599,0.0,0.0001,2.4328,-0.0013,5.9938,35.6075,12.2263,27.0173,35.7288
110.0,219.0,12.2483,40.9617,97.4537,230.4704,0.0271,0.0,99.9208,205.1231,48.9111,-16.3599,0.0,0.0001,2.4334,0.0,5.9956,35.6073,12.2191,27.0185,35.7303
111.0,221.0,12.2569,40.9717,96.1953,229.2983,0.0264,0.0,99.9237,205.1231,48.9111,-16.3599,0.0,0.0001,2.4279,-0.0025,5.9981,35.608,12.2275,27.0175,35.7289
112.0,223.0,12.227,40.9398,98.7204,230.0857,0.0241,0.0,99.9214,205.1232,48.9111,-16.3599,0.0,0.0001,2.4283,0.0002,5.9978,35.6044,12.1973,27.0206,35.7333
113.0,225.0,12.2237,40.9376,95.1232,230.0838,0.0256,0.0,99.9243,205.1232,48.9111,-16.3599,0.0,0.0001,2.4276,-0.0002,6.0019,35.6047,12.1938,27.0215,35.7343
114.0,227.0,12.2125,40.9244,94.5006,229.8863,0.0264,0.0,99.9224,205.1232,48.9111,-16.3599,0.0,0.0001,2.4262,-0.0008,6.0043,35.6018,12.1823,27.0214,35.7347
115.0,229.0,12.1872,40.8971,98.6978,230.382,0.027,0.0,99.9113,205.1233,48.9111,-16.3599,0.0,0.0001,2.4275,0.0006,6.0024,35.5984,12.1568,27.0237,35.7381
116.0,231.0,12.183,40.8932,98.7069,230.2514,0.0269,0.0,99.9161,205.1233,48.9111,-16.3599,0.0,0.0001,2.4272,-0.0004,6.006,35.5977,12.1524,27.0241,35.7386
117.0,233.0,12.1718,40.8832,81.3737,230.7964,0.0279,0.0,99.9267,205.1233,48.9111,-16.3599,0.0,0.0001,2.4274,0.0011,6.0064,35.5976,12.1409,27.0263,35.7412
118.0,235.0,12.1644,40.8778,98.7098,230.6554,0.0273,0.0,99.9267,205.1234,48.9111,-16.3599,0.0,0.0001,2.428,0.0002,6.0069,35.5984,12.1332,27.0284,35.7436
119.0,237.0,12.1613,40.8742,98.695,230.3642,0.0267,0.0,99.9168,205.1234,48.9111,-16.3599,0.0,0.0001,2.4267,-0.0007,6.012,35.5971,12.1299,27.028,35.7434
120.0,239.0,12.1324,40.8427,98.695,231.3031,0.0309,0.0,99.9267,205.1234,48.9111,-16.3599,0.0,0.0001,2.4286,0.0014,6.0109,35.593,12.1007,27.0305,35.7471
121.0,241.0,12.1226,40.8326,87.0022,231.7788,0.0262,0.0,99.923,205.1235,48.9111,-16.3599,0.0,0.0001,2.4319,0.0011,6.0132,35.5917,12.0906,27.0314,35.7484
122.0,243.0,12.1199,40.8302,94.8541,231.2556,0.0269,0.0,99.9267,205.1235,48.9111,-16.3599,0.0,0.0001,2.43,-0.001,6.0186,35.591,12.0878,27.0314,35.7486
123.0,245.0,12.0839,40.7903,98.695,232.4074,0.0255,0.0,99.9267,205.1235,48.9111,-16.3599,0.0,0.0001,2.4333,0.0017,6.0185,35.5855,12.0515,27.0341,35.7527
124.0,247.0,12.072,40.7777,98.6666,232.2203,0.0271,0.0,99.9267,205.1236,48.9111,-16.3599,0.0,0.0001,2.4343,0.0001,6.0214,35.5836,12.0394,27.035,35.7541
125.0,249.0,12.0509,40.7542,98.7005,232.455,0.0244,0.0,99.9208,205.1236,48.9111,-16.3599,0.0,0.0001,2.4344,0.0003,6.0235,35.58,12.018,27.0363,35.7563
126.0,251.0,12.0299,40.7314,68.4685,233.5676,0.0233,0.0,99.9206,205.1237,48.9111,-16.36,0.0,0.0001,2.4398,0.0015,6.0254,35.5766,11.9968,27.0378,35.7587
127.0,253.0,12.0254,40.7268,95.0506,233.2756,0.0229,0.0,99.9232,205.1237,48.9111,-16.3599,0.0,0.0001,2.4398,0.0002,6.0269,35.5758,11.9921,27.038,35.7592
128.0,255.0,12.0187,40.7209,98.695,233.4337,0.0241,0.0,99.9318,205.1237,48.9111,-16.36,0.0,0.0001,2.4405,0.0004,6.0261,35.5754,11.9851,27.0391,35.7605
129.0,257.0,12.0108,40.7124,98.589,233.0546,0.0264,0.0,99.9244,205.1237,48.9111,-16.36,0.0,0.0001,2.4389,-0.0008,6.0298,35.5739,11.977,27.0395,35.7612
130.0,259.0,11.9949,40.6947,98.6933,233.8016,0.0267,0.0,99.9267,205.1238,48.9111,-16.36,0.0,0.0001,2.4397,0.0011,6.0298,35.5708,11.9608,27.0402,35.7626
131.0,261.0,11.9908,40.6911,68.7245,233.3992,0.0262,0.0,99.9199,205.1238,48.9111,-16.36,0.0,0.0001,2.4391,-0.0003,6.0309,35.5701,11.9565,27.0405,35.7631
132.0,263.0,11.9935,40.6946,98.7057,230.4315,0.027,0.0,99.9267,205.1239,48.9111,-16.36,0.0,0.0001,2.4266,-0.0054,6.0315,35.5703,11.959,27.0402,35.7627
133.0,265.0,11.9852,40.6886,94.6709,223.7822,0.0232,0.0,99.9527,205.1239,48.9111,-16.36,0.0,0.0001,2.3918,-0.0141,6.0351,35.5715,11.9504,27.0427,35.7656
134.0,267.0,11.9591,40.659,98.689,224.845,0.0234,0.0,99.9664,205.1239,48.9111,-16.36,0.0,0.0001,2.3773,-0.0044,6.0341,35.5666,11.9241,27.044,35.7679
135.0,269.0,11.9506,40.6511,79.3145,226.8045,0.023,0.0,99.9624,205.124,48.9111,-16.36,0.0,0.0001,2.3793,0.0006,6.0363,35.5659,11.9153,27.0451,35.7694
136.0,271.0,11.9426,40.6427,91.294,225.139,0.0242,0.0,99.9716,205.124,48.9111,-16.36,0.0,0.0001,2.3725,-0.0027,6.0356,35.5647,11.907,27.0458,35.7704
137.0,273.0,11.9541,40.6586,98.7025,224.0404,0.0259,0.0,99.9845,205.124,48.9111,-16.36,0.0,0.0001,2.3648,-0.0038,6.0368,35.5684,11.9183,27.0464,35.7706
138.0,275.0,11.9444,40.6488,98.6943,224.8996,0.0264,0.0,99.9638,205.124,48.9111,-16.36,0.0,0.0001,2.3637,-0.0003,6.036,35.567,11.9083,27.0473,35.7719
139.0,277.0,11.9412,40.6458,98.7049,225.1385,0.0246,0.0,99.961,205.1241,48.9111,-16.36,0.0,0.0001,2.364,-0.0002,6.0407,35.5666,11.9049,27.0476,35.7723
140.0,279.0,11.9147,40.615,82.8095,224.3176,0.0235,0.0,99.9659,205.1241,48.9111,-16.36,0.0,0.0001,2.3602,-0.0019,6.0446,35.5608,11.8781,27.0482,35.7741
141.0,281.0,11.8834,40.581,98.7,225.214,0.0219,0.0,99.9749,205.1241,48.9111,-16.36,0.0,0.0001,2.3614,0.0004,6.0458,35.5563,11.8466,27.0508,35.7779
142.0,283.0,11.8678,40.563,98.6909,224.6742,0.0198,0.0,99.9823,205.1242,48.9111,-16.36,0.0,0.0001,2.3579,-0.001,6.0484,35.5527,11.8308,27.051,35.7788
143.0,285.0,11.8574,40.5518,98.6987,224.5045,0.019,0.0,99.9875,205.1242,48.9111,-16.36,0.0,0.0001,2.3554,-0.0008,6.0505,35.5508,11.8201,27.0515,35.7798
144.0,287.0,11.8433,40.5365,79.7265,224.7244,0.0202,0.0,99.9793,205.1243,48.9111,-16.36,0.0,0.0001,2.3548,0.0,6.0501,35.5483,11.8058,27.0524,35.7812
145.0,289.0,11.8223,40.5141,96.435,225.4492,0.027,0.0,99.9643,205.1243,48.9111,-16.36,0.0,0.0001,2.3585,0.0005,6.0522,35.5454,11.7846,27.0541,35.7839
146.0,291.0,11.8225,40.5147,98.6945,225.6921,0.0264,0.0,99.9609,205.1243,48.9111,-16.36,0.0,0.0001,2.3592,0.0009,6.0512,35.5452,11.7846,27.054,35.7837
147.0,293.0,11.8263,40.5201,87.6786,226.0337,0.023,0.0,99.9556,205.1244,48.9111,-16.36,0.0,0.0001,2.3614,0.001,6.0526,35.546,11.7881,27.0539,35.7835
148.0,295.0,11.8859,40.5967,98.6934,225.684,0.0253,0.0,99.9535,205.1244,48.9111,-16.36,0.0,0.0001,2.362,-0.0001,6.048,35.563,11.8473,27.0559,35.7829
149.0,297.0,11.8766,40.5884,98.689,224.2382,0.03,0.0,99.9508,205.1244,48.9111,-16.36,0.0,0.0001,2.3553,-0.0029,6.0513,35.5631,11.8378,27.0577,35.7851
150.0,299.0,11.8556,40.5633,98.6973,224.2254,0.0264,0.0,99.9661,205.1245,48.9111,-16.36,0.0,0.0001,2.3522,-0.0017,6.0479,35.5576,11.8165,27.0575,35.7859
151.0,301.0,11.8274,40.5342,88.3357,224.7075,0.0242,0.0,99.9556,205.1245,48.9111,-16.36,0.0,0.0001,2.3517,-0.0003,6.0519,35.5551,11.7881,27.061,35.7905
152.0,303.0,11.8252,40.5323,98.68,224.2745,0.0208,0.0,99.9556,205.1245,48.9111,-16.36,0.0,0.0001,2.3492,-0.0012,6.0578,35.5544,11.7856,27.0609,35.7905
153.0,305.0,11.7902,40.4929,98.7025,224.6546,0.0203,0.0,99.9556,205.1246,48.9111,-16.36,0.0,0.0001,2.3492,-0.0002,6.0607,35.5482,11.7504,27.0628,35.7939
154.0,307.0,11.7553,40.4533,83.5184,224.9827,0.0199,0.0,99.9588,205.1246,48.9111,-16.36,0.0,0.0001,2.3492,0.0002,6.0639,35.5419,11.7154,27.0645,35.7971
155.0,309.0,11.7301,40.4243,95.7937,224.7847,0.0238,0.0,99.9556,205.1246,48.9111,-16.36,0.0,0.0001,2.3472,-0.0006,6.0677,35.5366,11.69,27.0653,35.7989
156.0,311.0,11.7149,40.4074,98.6974,225.2535,0.0229,0.0,99.9594,205.1247,48.9111,-16.36,0.0,0.0001,2.3486,0.0006,6.0652,35.5336,11.6746,27.0658,35.8001
157.0,313.0,11.7196,40.4152,98.5871,225.0868,0.0245,0.0,99.954,205.1247,48.9111,-16.36,0.0,0.0001,2.3483,-0.0001,6.0659,35.5358,11.6789,27.0667,35.8008
158.0,315.0,11.7285,40.4263,98.6921,223.5239,0.0228,0.0,99.9476,205.1247,48.9111,-16.36,0.0,0.0001,2.3416,-0.0027,6.0608,35.5376,11.6876,27.0665,35.8002
159.0,317.0,11.7575,40.4675,82.4887,221.3298,0.0222,0.0,99.959,205.1248,48.9111,-16.36,0.0,0.0001,2.3299,-0.0049,6.0596,35.5493,11.7163,27.0701,35.8025
160.0,319.0,11.7817,40.5006,89.3668,221.8794,0.0215,0.0,99.9556,205.1248,48.9111,-16.36,0.0,0.0001,2.325,-0.0011,6.0574,35.5579,11.7402,27.0723,35.8036
161.0,321.0,11.7892,40.5108,96.3693,223.0083,0.0227,0.0,99.9556,205.1248,48.9111,-16.36,0.0,0.0001,2.3278,0.0013,6.0575,35.5599,11.7473,27.0725,35.8036
162.0,323.0,11.7825,40.5045,98.5336,223.1989,0.0191,0.0,99.9543,205.1249,48.9111,-16.3601,0.0,0.0001,2.3302,0.0007,6.0589,35.5592,11.7404,27.0732,35.8046
163.0,325.0,11.7777,40.4999,98.6936,223.9654,0.0232,0.0,99.9556,205.1249,48.9111,-16.36,0.0,0.0001,2.3339,0.0014,6.0596,35.5582,11.7353,27.0734,35.805
164.0,327.0,11.7689,40.4902,96.3576,223.9883,0.0194,0.0,99.9556,205.1249,48.9111,-16.3601,0.0,0.0001,2.3353,0.0005,6.0621,35.5563,11.7263,27.0737,35.8057
165.0,329.0,11.7459,40.4643,78.4432,224.0014,0.021,0.0,99.9556,205.125,48.9111,-16.3601,0.0,0.0001,2.3354,-0.0003,6.0683,35.5519,11.7031,27.0747,35.8076
166.0,331.0,11.7126,40.4261,94.0453,223.8099,0.0229,0.0,99.9556,205.125,48.9111,-16.3601,0.0,0.0001,2.3336,-0.0006,6.0704,35.5454,11.6697,27.0759,35.8103
167.0,333.0,11.6771,40.3871,98.7027,223.9662,0.0229,0.0,99.9425,205.125,48.9111,-16.3601,0.0,0.0001,2.3327,-0.0003,6.0748,35.5402,11.634,27.0786,35.8145
168.0,335.0,11.6563,40.3639,76.4744,224.0662,0.0234,0.0,99.935,205.1251,48.9111,-16.3601,0.0,0.0001,2.3321,-0.0002,6.0764,35.5364,11.6129,27.0797,35.8164
169.0,337.0,11.6453,40.3521,98.685,223.9256,0.0226,0.0,99.9489,205.1251,48.9111,-16.3601,0.0,0.0001,2.3311,-0.0004,6.0771,35.5343,11.6016,27.0802,35.8174
170.0,339.0,11.6406,40.3477,98.695,223.6931,0.0222,0.0,99.9425,205.1251,48.9111,-16.3601,0.0,0.0001,2.3293,-0.0006,6.0771,35.5336,11.5967,27.0806,35.818
171.0,341.0,11.6417,40.3504,98.68,223.7541,0.0228,0.0,99.9419,205.1252,48.9111,-16.3601,0.0,0.0001,2.3282,-0.0002,6.0764,35.5343,11.5975,27.0809,35.8183
172.0,343.0,11.6455,40.3568,87.2013,223.7259,0.0226,0.0,99.9268,205.1252,48.9111,-16.3601,0.0,0.0001,2.3277,-0.0002,6.0763,35.5361,11.6011,27.0816,35.8188
173.0,345.0,11.647,40.3604,97.2673,223.6724,0.0242,0.0,99.9332,205.1252,48.9111,-16.3601,0.0,0.0001,2.3268,-0.0002,6.0766,35.5374,11.6023,27.0825,35.8196
174.0,347.0,11.6443,40.3582,98.68,223.7994,0.0246,0.0,99.9375,205.1253,48.9111,-16.3601,0.0,0.0001,2.3271,0.0001,6.0734,35.5369,11.5994,27.0826,35.8199
175.0,349.0,11.66,40.3793,82.509,223.8831,0.0261,0.0,99.9354,205.1253,48.9111,-16.3601,0.0,0.0001,2.3272,0.0001,6.075,35.5418,11.6147,27.0836,35.8201
176.0,351.0,11.6718,40.3953,98.692,223.4905,0.0221,0.0,99.9334,205.1253,48.9111,-16.3601,0.0,0.0001,2.3258,-0.0006,6.0737,35.5454,11.6262,27.0842,35.8202
177.0,353.0,11.6673,40.3919,98.6934,222.6686,0.0188,0.0,99.9409,205.1254,48.9111,-16.3601,0.0,0.0001,2.3211,-0.0014,6.0702,35.5454,11.6216,27.0851,35.8213
178.0,355.0,11.6861,40.4178,98.689,222.64,0.0191,0.0,99.9379,205.1254,48.9111,-16.3601,0.0,0.0001,2.3192,-0.0009,6.0713,35.552,11.64,27.0867,35.8222
179.0,357.0,11.6922,40.427,91.0886,222.8236,0.0221,0.0,99.941,205.1254,48.9111,-16.3601,0.0,0.0001,2.3187,-0.0001,6.0704,35.5542,11.6458,27.0873,35.8225
180.0,359.0,11.6864,40.4205,55.0297,222.5158,0.0233,0.0,99.9362,205.1255,48.9111,-16.3601,0.0,0.0001,2.317,-0.0008,6.0704,35.5526,11.6398,27.0872,35.8226
181.0,361.0,11.693,40.4295,98.6838,222.6694,0.0245,0.0,99.9335,205.1255,48.9111,-16.3601,0.0,0.0001,2.3162,-0.0004,6.0734,35.5544,11.6461,27.0874,35.8225
182.0,363.0,11.6576,40.3881,93.6322,222.3829,0.0256,0.0,99.9474,205.1255,48.9111,-16.3601,0.0,0.0001,2.3137,-0.001,6.0791,35.5466,11.6105,27.088,35.8247
183.0,365.0,11.6012,40.3242,98.6862,222.1516,0.0256,0.0,99.9329,205.1256,48.9111,-16.3601,0.0,0.0001,2.3097,-0.0009,6.0828,35.5368,11.554,27.0911,35.8301
184.0,367.0,11.5954,40.3183,98.6874,221.9796,0.0243,0.0,99.931,205.1256,48.9111,-16.3601,0.0,0.0001,2.3078,-0.0009,6.0835,35.5355,11.5479,27.0912,35.8305
185.0,369.0,11.5923,40.3155,98.6968,221.9304,0.0269,0.0,99.9368,205.1256,48.9111,-16.36,0.0,0.0001,2.3061,-0.0005,6.0841,35.535,11.5446,27.0914,35.8309
186.0,371.0,11.5895,40.3129,98.6908,221.5161,0.0216,0.0,99.936,205.1257,48.9111,-16.3601,0.0,0.0001,2.3027,-0.0013,6.0892,35.5343,11.5416,27.0914,35.831
187.0,373.0,11.5423,40.2584,76.2382,221.3465,0.0224,0.0,99.9339,205.1257,48.9111,-16.36,0.0,0.0001,2.2998,-0.0008,6.0899,35.5246,11.4942,27.0928,35.8345
188.0,375.0,11.5105,40.2214,96.597,220.6229,0.0194,0.0,99.9315,205.1258,48.9111,-16.36,0.0,0.0001,2.2932,-0.0024,6.1053,35.5177,11.4623,27.0935,35.8365
189.0,377.0,11.4305,40.1262,98.684,218.0743,0.0229,0.0,99.9158,205.1258,48.9111,-16.36,0.0,0.0001,2.2784,-0.0058,6.1167,35.4994,11.3822,27.0941,35.8406
190.0,379.0,11.3555,40.0419,98.5661,217.0352,0.0273,0.0,99.914,205.1258,48.9111,-16.36,0.0,0.0001,2.2665,-0.0047,6.1174,35.4869,11.3071,27.0984,35.8481
191.0,381.0,11.3429,40.0279,98.6854,216.8107,0.0281,0.0,99.9036,205.1258,48.9111,-16.36,0.0,0.0001,2.2574,-0.0026,6.1233,35.4844,11.2943,27.0988,35.849
192.0,383.0,11.2972,39.9754,84.5171,214.6523,0.0264,0.0,99.9073,205.1259,48.9111,-16.36,0.0,0.0001,2.2442,-0.0049,6.1289,35.4753,11.2486,27.1002,35.8524
193.0,385.0,11.2615,39.9349,89.7877,213.5315,0.0231,0.0,99.9102,205.1259,48.9111,-16.36,0.0,0.0001,2.2314,-0.004,6.1321,35.4685,11.2127,27.1015,35.8553
194.0,387.0,11.2408,39.9134,94.8488,213.1654,0.0223,0.0,99.8964,205.1259,48.9111,-16.36,0.0,0.0001,2.225,-0.0024,6.1275,35.466,11.1918,27.1035,35.8581
195.0,389.0,11.2382,39.9132,98.5881,213.9816,0.0216,0.0,99.8942,205.126,48.9111,-16.36,0.0,0.0001,2.2252,-0.0003,6.1307,35.4675,11.1889,27.1051,35.8599
196.0,391.0,11.2549,39.9373,98.68,209.8496,0.0199,0.0001,99.868,205.126,48.9111,-16.36,0.0,0.0001,2.209,-0.0074,6.1333,35.4746,11.2053,27.1077,35.8617
197.0,393.0,11.2293,39.9106,98.68,209.9144,0.0198,0.0,99.9066,205.1261,48.9111,-16.36,0.0,0.0001,2.2008,-0.004,6.1315,35.4716,11.1795,27.1101,35.8652
198.0,395.0,11.2217,39.9027,83.0322,210.9262,0.0221,0.0,99.891,205.1261,48.9111,-16.36,0.0,0.0001,2.1986,-0.0005,6.1347,35.4702,11.1716,27.1104,35.8658
199.0,397.0,11.218,39.8997,94.5356,209.7513,0.0242,0.0,99.8978,205.1261,48.9111,-16.36,0.0,0.0001,2.193,-0.0022,6.1355,35.4699,11.1677,27.1109,35.8665
200.0,399.0,11.2138,39.896,98.685,210.003,0.0244,0.0,99.8978,205.1262,48.9111,-16.36,0.0,0.0001,2.1905,-0.0007,6.1358,35.4695,11.1633,27.1114,35.8671
201.0,401.0,11.2116,39.8948,83.7174,210.0728,0.0221,0.0,99.9148,205.1262,48.9111,-16.36,0.0,0.0001,2.1898,-0.0004,6.1369,35.4696,11.1608,27.1119,35.8678
202.0,403.0,11.1996,39.8826,98.686,209.3475,0.0236,0.0,99.9016,205.1262,48.9111,-16.36,0.0,0.0001,2.1862,-0.0014,6.1371,35.468,11.1486,27.1129,35.8693
203.0,405.0,11.1891,39.8718,98.68,209.4173,0.0248,0.0,99.9029,205.1263,48.9111,-16.3599,0.0,0.0001,2.1835,-0.0007,6.1398,35.4666,11.1379,27.1138,35.8706
204.0,407.0,11.1817,39.864,98.68,208.6223,0.0205,0.0,99.9057,205.1263,48.9111,-16.3599,0.0,0.0001,2.1796,-0.0017,6.14,35.4651,11.1302,27.114,35.8712
205.0,409.0,11.1731,39.8553,80.5426,209.5109,0.0209,0.0,99.9057,205.1263,48.9111,-16.3599,0.0,0.0001,2.1806,0.0005,6.1407,35.4635,11.1213,27.1144,35.872
206.0,411.0,11.1627,39.8437,97.3138,209.831,0.0229,0.0,99.8993,205.1264,48.9111,-16.3599,0.0,0.0001,2.1812,0.0003,6.149,35.4613,11.1108,27.1147,35.8727
207.0,413.0,11.1124,39.7881,98.68,210.424,0.0238,0.0,99.909,205.1264,48.9111,-16.3599,0.0,0.0001,2.1834,0.001,6.1475,35.4533,11.0604,27.1177,35.8779
208.0,415.0,11.1035,39.7797,80.7776,211.8089,0.0229,0.0,99.9108,205.1264,48.9111,-16.3599,0.0,0.0001,2.1903,0.003,6.1443,35.4528,11.0513,27.1189,35.8795
209.0,417.0,11.1585,39.8511,98.6813,214.5155,0.0219,0.0,99.8956,205.1265,48.9111,-16.3599,0.0,0.0001,2.2086,0.0042,6.1436,35.47,11.1058,27.1223,35.8804
210.0,419.0,11.1514,39.8404,98.6837,216.3637,0.0225,0.0,99.9144,205.1265,48.9111,-16.3599,0.0,0.0001,2.2204,0.0051,6.1425,35.4655,11.0985,27.1202,35.8787
211.0,421.0,11.1632,39.86,98.6847,217.9822,0.0216,0.0,99.9255,205.1265,48.9111,-16.3599,0.0,0.0001,2.2315,0.0059,6.1423,35.4725,11.1099,27.1235,35.8814
212.0,423.0,11.1814,39.8825,87.457,216.922,0.0244,0.0,99.9225,205.1266,48.9111,-16.3599,0.0,0.0001,2.2355,0.0015,6.1358,35.4767,11.1279,27.1235,35.8806
213.0,425.0,11.1798,39.8855,74.6459,219.6782,0.0209,0.0,99.9376,205.1266,48.9111,-16.3598,0.0,0.0001,2.2479,0.0037,6.1491,35.4802,11.126,27.1266,35.8837
214.0,427.0,11.0945,39.7884,90.351,219.6483,0.021,0.0,99.9323,205.1266,48.9111,-16.3598,0.0,0.0001,2.2516,0.0014,6.1544,35.4646,11.0408,27.1301,35.8909
215.0,429.0,11.0387,39.7256,98.6851,221.3996,0.0213,0.0,99.9345,205.1267,48.9111,-16.3598,0.0,0.0001,2.2621,0.0029,6.1528,35.4548,10.9848,27.1326,35.8958
216.0,431.0,11.0765,39.7718,98.6835,218.2531,0.022,0.0,99.9419,205.1267,48.9111,-16.3598,0.0,0.0001,2.2542,-0.0036,6.1516,35.4638,11.0223,27.1328,35.8944
217.0,433.0,11.0965,39.8005,98.7005,216.4692,0.0199,0.0,99.9296,205.1267,48.9111,-16.3598,0.0,0.0001,2.2421,-0.0045,6.1497,35.4722,11.0419,27.1357,35.8964
218.0,435.0,11.1037,39.8113,98.68,215.5885,0.0202,0.0,99.9403,205.1268,48.9111,-16.3598,0.0,0.0001,2.2327,-0.0038,6.1507,35.4752,11.049,27.1368,35.8972
219.0,437.0,11.1016,39.8103,98.6823,216.6288,0.0196,0.0,99.9358,205.1268,48.9111,-16.3598,0.0,0.0001,2.2309,-0.0001,6.1504,35.4754,11.0466,27.1374,35.8978
220.0,439.0,11.0983,39.8076,67.5054,215.1747,0.0228,0.0,99.9421,205.1268,48.9111,-16.3598,0.0,0.0001,2.2253,-0.0026,6.1505,35.4749,11.043,27.1377,35.8983
221.0,441.0,11.0966,39.8069,95.1197,215.7747,0.0243,0.0,99.9226,205.1269,48.9111,-16.3598,0.0,0.0001,2.2238,-0.0005,6.152,35.475,11.0411,27.1381,35.8987
222.0,443.0,11.0892,39.7989,98.68,215.9516,0.0231,0.0,99.9267,205.1269,48.9111,-16.3598,0.0,0.0001,2.223,-0.0001,6.1548,35.4734,11.0334,27.1382,35.8992
223.0,445.0,11.0606,39.768,98.5419,215.6896,0.0229,0.0,99.9381,205.1269,48.9111,-16.3598,0.0,0.0001,2.2213,-0.0006,6.1568,35.4691,11.0046,27.1401,35.9024
224.0,447.0,11.0469,39.753,98.6842,214.9369,0.0249,0.0,99.9327,205.127,48.9111,-16.3597,0.0,0.0001,2.2165,-0.0016,6.1596,35.4664,10.9907,27.1406,35.9035
225.0,449.0,11.0321,39.7367,79.2644,214.5051,0.0235,0.0,99.9267,205.127,48.9111,-16.3597,0.0,0.0001,2.2124,-0.0013,6.1591,35.4636,10.9757,27.1411,35.9046
226.0,451.0,11.0344,39.7416,88.6937,214.9241,0.0213,0.0,99.9288,205.127,48.9111,-16.3597,0.0,0.0001,2.212,-0.0001,6.1587,35.4652,10.9777,27.1421,35.9055
227.0,453.0,11.0379,39.747,98.6845,214.9526,0.0226,0.0,99.9267,205.1271,48.9111,-16.3597,0.0,0.0001,2.2122,0.0001,6.1548,35.4665,10.981,27.1425,35.9057
228.0,455.0,11.0536,39.7686,98.6844,215.4196,0.0214,0.0,99.9238,205.1271,48.9111,-16.3597,0.0,0.0001,2.2134,0.0007,6.1571,35.4722,10.9964,27.144,35.9066
229.0,457.0,11.087,39.8098,90.9963,215.8724,0.0228,0.0,99.9309,205.1271,48.9111,-16.3597,0.0,0.0001,2.2178,0.0011,6.1509,35.48,11.0295,27.1442,35.9052
230.0,459.0,11.1123,39.8442,98.68,218.3414,0.0239,0.0,99.9231,205.1272,48.9111,-16.3597,0.0,0.0001,2.2276,0.0044,6.1491,35.489,11.0543,27.1466,35.9065
231.0,461.0,11.1043,39.8373,98.6826,217.9258,0.0225,0.0,99.9246,205.1272,48.9111,-16.3597,0.0,0.0001,2.2312,0.0015,6.1512,35.4888,11.0461,27.1479,35.9082
232.0,463.0,11.0871,39.8179,86.4313,217.3452,0.0207,0.0,99.9267,205.1273,48.9111,-16.3597,0.0,0.0001,2.2302,-0.0005,6.1528,35.4852,11.0287,27.1483,35.9094
233.0,465.0,11.0717,39.8018,98.6868,216.6065,0.0218,0.0,99.9313,205.1273,48.9111,-16.3597,0.0,0.0001,2.2266,-0.0016,6.1554,35.4833,11.0131,27.1497,35.9114
234.0,467.0,11.0629,39.7921,92.4499,215.7371,0.0255,0.0,99.9267,205.1273,48.9111,-16.3597,0.0,0.0001,2.2225,-0.0025,6.1557,35.4812,11.0042,27.1497,35.9118
235.0,469.0,11.0534,39.7824,78.3808,215.7888,0.0233,0.0,99.9311,205.1274,48.9111,-16.3596,0.0,0.0001,2.2178,-0.001,6.1568,35.4796,10.9944,27.1502,35.9127
236.0,471.0,11.043,39.7709,98.6865,214.6329,0.0218,0.0,99.9221,205.1274,48.911,-16.3596,0.0,0.0001,2.2117,-0.0029,6.1629,35.4774,10.9838,27.1504,35.9134
237.0,473.0,11.0179,39.7422,98.695,213.3734,0.023,0.0,99.9214,205.1274,48.911,-16.3596,0.0,0.0001,2.204,-0.0038,6.1612,35.4721,10.9585,27.1509,35.915
238.0,475.0,10.9972,39.7201,98.68,214.0224,0.0223,0.0,99.9066,205.1275,48.911,-16.3596,0.0,0.0001,2.2001,-0.001,6.1679,35.469,10.9376,27.1523,35.9173
239.0,477.0,10.9671,39.6858,85.9566,211.2158,0.0187,0.0,99.9267,205.1275,48.911,-16.3596,0.0,0.0001,2.1869,-0.0053,6.1761,35.463,10.9074,27.1531,35.9194
240.0,479.0,10.9155,39.6263,98.68,210.211,0.0198,0.0,99.9243,205.1275,48.911,-16.3596,0.0,0.0001,2.1762,-0.0041,6.1725,35.4522,10.8557,27.1541,35.9227
241.0,481.0,10.9063,39.6178,83.3284,210.92,0.0196,0.0,99.9221,205.1276,48.911,-16.3596,0.0,0.0001,2.1722,-0.0012,6.1777,35.4518,10.8463,27.1554,35.9244
242.0,483.0,10.8973,39.609,92.0414,210.6155,0.0196,0.0,99.9171,205.1276,48.911,-16.3596,0.0,0.0001,2.1687,-0.0009,6.1785,35.4506,10.8371,27.1562,35.9256
243.0,485.0,10.8907,39.6023,98.68,211.0846,0.0218,0.0,99.9209,205.1276,48.911,-16.3596,0.0,0.0001,2.1685,0.0,6.1816,35.4494,10.8302,27.1565,35.9261
244.0,487.0,10.8719,39.5816,98.6868,210.8851,0.0222,0.0,99.9234,205.1277,48.911,-16.3596,0.0,0.0001,2.1685,-0.0003,6.1797,35.4459,10.8112,27.1572,35.9276
245.0,489.0,10.8581,39.567,98.68,210.6154,0.0233,0.0,99.9182,205.1277,48.911,-16.3596,0.0,0.0001,2.1655,-0.001,6.1876,35.4439,10.7972,27.1581,35.9292
246.0,491.0,10.8334,39.5398,98.68,209.5861,0.0199,0.0,99.9223,205.1277,48.911,-16.3596,0.0,0.0001,2.1596,-0.0022,6.1888,35.4396,10.7724,27.1593,35.9315
247.0,493.0,10.8132,39.5189,98.68,210.6201,0.0211,0.0,99.9194,205.1278,48.911,-16.3595,0.0,0.0001,2.1598,0.0003,6.1903,35.4373,10.7519,27.1612,35.9342
248.0,495.0,10.8045,39.5103,83.4103,210.0533,0.0247,0.0,99.9148,205.1278,48.911,-16.3595,0.0,0.0001,2.1577,-0.0009,6.1943,35.4362,10.743,27.1619,35.9353
249.0,497.0,10.7799,39.484,90.3711,209.8109,0.0255,0.0,99.9182,205.1278,48.911,-16.3595,0.0,0.0001,2.1558,-0.0009,6.1943,35.4327,10.7183,27.1636,35.9381
250.0,499.0,10.7803,39.4858,98.68,209.7072,0.0246,0.0,99.9196,205.1279,48.911,-16.3595,0.0,0.0001,2.154,-0.0007,6.1938,35.4333,10.7185,27.164,35.9385
251.0,501.0,10.7795,39.486,98.6363,210.0209,0.0232,0.0,99.9017,205.1279,48.911,-16.3595,0.0,0.0001,2.1532,-0.0003,6.2003,35.4333,10.7174,27.1643,35.9388
252.0,503.0,10.7311,39.4295,98.68,210.1863,0.0236,0.0,99.9191,205.1279,48.911,-16.3595,0.0,0.0001,2.1518,-0.0003,6.2111,35.4224,10.6689,27.1645,35.9411
253.0,505.0,10.6576,39.35,70.5518,209.995,0.0222,0.0,99.9267,205.128,48.911,-16.3595,0.0,0.0001,2.1516,-0.0002,6.2026,35.4125,10.5954,27.1698,35.9497
254.0,507.0,10.6749,39.3699,96.198,210.0325,0.0203,0.0,99.9107,205.128,48.911,-16.3595,0.0,0.0001,2.1504,-0.0006,6.213,35.415,10.6124,27.1688,35.9479
255.0,509.0,10.6396,39.3313,98.6145,209.4072,0.0227,0.0,99.8978,205.128,48.911,-16.3595,0.0,0.0001,2.1455,-0.0015,6.2209,35.4093,10.577,27.1706,35.9513
256.0,511.0,10.607,39.2948,98.4889,209.255,0.0211,0.0,99.8329,205.1281,48.911,-16.3595,0.0,0.0001,2.1428,-0.0011,6.2207,35.4033,10.5443,27.1718,35.9539
257.0,513.0,10.5707,39.2571,98.6857,208.8992,0.0212,0.0,99.9196,205.1281,48.911,-16.3595,0.0,0.0001,2.1391,-0.001,6.2227,35.3994,10.5078,27.1752,35.9589
258.0,515.0,10.5802,39.2686,61.943,207.402,0.0215,0.0,99.9037,205.1281,48.911,-16.3595,0.0,0.0001,2.1319,-0.0033,6.2272,35.4011,10.5171,27.1749,35.9582
259.0,517.0,10.5412,39.2272,93.924,207.1057,0.0268,0.0,99.9034,205.1282,48.911,-16.3595,0.0,0.0001,2.1282,-0.0023,6.2264,35.3961,10.4779,27.1779,35.9629
260.0,519.0,10.5379,39.2255,96.9227,207.7654,0.0243,0.0,99.8915,205.1282,48.911,-16.3595,0.0,0.0001,2.1259,-0.0004,6.2293,35.3967,10.4744,27.1791,35.9641
261.0,521.0,10.5306,39.2195,84.2276,207.8857,0.0245,0.0,99.9226,205.1282,48.911,-16.3595,0.0,0.0001,2.1252,-0.0001,6.23,35.3967,10.4669,27.1803,35.9657
262.0,523.0,10.5285,39.2193,98.68,207.1974,0.0258,0.0,99.9077,205.1283,48.911,-16.3594,0.0,0.0001,2.1226,-0.0012,6.2305,35.3978,10.4645,27.1817,35.9671
263.0,525.0,10.5241,39.2161,98.6824,206.7876,0.0226,0.0,99.915,205.1283,48.911,-16.3594,0.0,0.0001,2.1189,-0.0013,6.2313,35.3981,10.4599,27.1827,35.9683
264.0,527.0,10.5105,39.2025,98.68,206.9274,0.0241,0.0,99.8941,205.1283,48.911,-16.3594,0.0,0.0001,2.1171,-0.0005,6.2328,35.3963,10.4461,27.1838,35.97
265.0,529.0,10.4978,39.1896,80.2654,206.0246,0.0239,0.0,99.9254,205.1284,48.911,-16.3594,0.0,0.0001,2.1129,-0.0019,6.2346,35.3948,10.4332,27.1848,35.9716
266.0,531.0,10.4916,39.1839,93.2337,205.9812,0.0235,0.0,99.9242,205.1284,48.911,-16.3594,0.0,0.0001,2.1099,-0.001,6.2339,35.3941,10.4268,27.1855,35.9725
267.0,533.0,10.4893,39.1821,98.1049,206.1932,0.0224,0.0,99.925,205.1284,48.911,-16.3594,0.0,0.0001,2.1098,-0.0004,6.2359,35.3937,10.4242,27.1856,35.9728
268.0,535.0,10.4815,39.1741,87.5082,206.1711,0.0225,0.0,99.9267,205.1285,48.911,-16.3594,0.0,0.0001,2.1074,-0.0003,6.2397,35.3922,10.4162,27.1858,35.9734
269.0,537.0,10.4581,39.1491,98.6103,205.5654,0.0201,0.0,99.9162,205.1285,48.911,-16.3594,0.0,0.0001,2.1047,-0.0014,6.2421,35.3888,10.3926,27.1873,35.9759
270.0,539.0,10.4303,39.1213,85.2473,205.0053,0.0206,0.0,99.9267,205.1285,48.911,-16.3594,0.0,0.0001,2.1008,-0.0017,6.2413,35.3867,10.3647,27.1906,35.9804
271.0,541.0,10.4329,39.125,98.68,205.1203,0.0191,0.0,99.9235,205.1286,48.911,-16.3594,0.0,0.0001,2.0984,-0.0009,6.2464,35.3871,10.367,27.1905,35.9802
272.0,543.0,10.4063,39.1019,98.68,203.4422,0.0222,0.0,99.9318,205.1286,48.911,-16.3594,0.0,0.0001,2.0899,-0.0032,6.2502,35.3884,10.3403,27.1962,35.987
273.0,545.0,10.3832,39.0777,98.68,203.4981,0.021,0.0,99.9267,205.1286,48.911,-16.3594,0.0,0.0001,2.0864,-0.0019,6.2544,35.3855,10.317,27.1981,35.9898
274.0,547.0,10.3481,39.0394,98.68,203.3448,0.0192,0.0,99.922,205.1287,48.911,-16.3594,0.0,0.0001,2.0821,-0.0011,6.2545,35.38,10.2818,27.1999,35.9932
275.0,549.0,10.3255,39.0156,87.6912,203.2321,0.0179,0.0,99.9237,205.1287,48.911,-16.3594,0.0,0.0001,2.0791,-0.0011,6.2618,35.377,10.2591,27.2015,35.9958
276.0,551.0,10.3031,38.9922,98.5546,202.3235,0.0268,0.0,99.9267,205.1287,48.911,-16.3594,0.0,0.0001,2.0744,-0.002,6.2605,35.3741,10.2365,27.2033,35.9986
277.0,553.0,10.2911,38.9828,96.8788,203.0344,0.0225,0.0,99.9212,205.1288,48.911,-16.3594,0.0,0.0001,2.0739,-0.0001,6.2637,35.375,10.2243,27.206,36.0018
278.0,555.0,10.2785,38.9685,91.9237,201.975,0.0209,0.0,99.9286,205.1288,48.911,-16.3594,0.0,0.0001,2.0695,-0.002,6.266,35.3719,10.2115,27.2059,36.0023
279.0,557.0,10.2622,38.9519,77.375,201.9679,0.0207,0.0,99.9267,205.1288,48.911,-16.3594,0.0,0.0001,2.0678,-0.0015,6.2669,35.37,10.195,27.2073,36.0044
280.0,559.0,10.2511,38.9403,98.68,202.1021,0.0199,0.0,99.9251,205.1289,48.911,-16.3594,0.0,0.0001,2.0658,-0.001,6.2733,35.3685,10.1838,27.208,36.0056
281.0,561.0,10.196,38.8792,98.68,201.853,0.0222,0.0,99.9254,205.1289,48.911,-16.3594,0.0,0.0001,2.0615,-0.0011,6.2826,35.3588,10.1286,27.2101,36.0101
282.0,563.0,10.1508,38.8284,98.68,200.9279,0.0221,0.0,99.9333,205.1289,48.911,-16.3594,0.0,0.0001,2.0568,-0.0022,6.2845,35.3504,10.0834,27.2113,36.0134
283.0,565.0,10.1249,38.8018,92.5141,200.3815,0.0223,0.0,99.9261,205.129,48.911,-16.3594,0.0,0.0001,2.05,-0.0017,6.2882,35.3474,10.0573,27.2135,36.0167
284.0,567.0,10.1195,38.797,98.68,198.7372,0.0241,0.0,99.9224,205.129,48.911,-16.3594,0.0,0.0001,2.0413,-0.0035,6.2929,35.3469,10.0517,27.2141,36.0175
285.0,569.0,10.0853,38.7623,98.68,197.9223,0.0236,0.0,99.9244,205.1291,48.911,-16.3594,0.0,0.0001,2.034,-0.0036,6.2962,35.3439,10.0174,27.2176,36.0225
286.0,571.0,10.059,38.7341,84.5273,197.9337,0.0234,0.0,99.9171,205.1291,48.911,-16.3594,0.0,0.0001,2.0289,-0.0019,6.2958,35.3401,9.9909,27.2192,36.0253
287.0,573.0,10.0425,38.7186,95.5741,198.307,0.0193,0.0,99.9323,205.1291,48.911,-16.3594,0.0,0.0001,2.0267,-0.0006,6.3002,35.3393,9.9742,27.2215,36.0283
288.0,575.0,10.0262,38.7017,98.68,197.0452,0.0213,0.0,99.9374,205.1292,48.911,-16.3593,0.0,0.0001,2.0212,-0.0024,6.3026,35.3371,9.9579,27.2225,36.0301
289.0,577.0,10.014,38.6899,98.5006,197.4309,0.0195,0.0,99.9321,205.1292,48.911,-16.3594,0.0,0.0001,2.0187,-0.0008,6.3045,35.336,9.9454,27.2238,36.0319
290.0,579.0,9.9928,38.6689,98.68,197.5861,0.0186,0.0,99.9387,205.1292,48.911,-16.3594,0.0,0.0001,2.0182,-0.0002,6.303,35.3341,9.924,27.226,36.035
291.0,581.0,9.9832,38.6601,89.5018,197.1512,0.0217,0.0,99.9252,205.1293,48.911,-16.3593,0.0,0.0001,2.016,-0.0011,6.3087,35.3337,9.9143,27.2274,36.0368
292.0,583.0,9.9768,38.656,98.68,196.1286,0.0185,0.0,99.9267,205.1293,48.911,-16.3593,0.0,0.0001,2.0098,-0.0021,6.3081,35.3349,9.9076,27.2295,36.0391
293.0,585.0,9.9649,38.6464,93.6107,196.5162,0.0214,0.0,99.9426,205.1293,48.911,-16.3594,0.0,0.0001,2.0093,-0.0007,6.3091,35.3357,9.8955,27.2322,36.0424
294.0,587.0,9.9629,38.6453,98.68,196.5673,0.0223,0.0,99.9308,205.1293,48.911,-16.3593,0.0,0.0001,2.0081,-0.0005,6.3118,35.336,9.8934,27.2327,36.043
295.0,589.0,9.9396,38.6197,76.7567,195.2156,0.0227,0.0,99.945,205.1294,48.911,-16.3594,0.0,0.0001,2.0022,-0.0026,6.3175,35.3314,9.8699,27.2332,36.0445
296.0,591.0,9.9098,38.5888,93.2235,195.3252,0.0228,0.0,99.9458,205.1294,48.911,-16.3593,0.0,0.0001,1.9993,-0.0012,6.317,35.3278,9.84,27.2355,36.0481
297.0,593.0,9.9011,38.5804,97.5688,195.6349,0.0211,0.0,99.9339,205.1295,48.911,-16.3593,0.0,0.0001,1.9978,-0.0003,6.3193,35.3268,9.8311,27.2362,36.0492
298.0,595.0,9.897,38.5768,98.68,195.2944,0.0198,0.0,99.9505,205.1295,48.911,-16.3593,0.0,0.0001,1.9963,-0.0007,6.3188,35.3263,9.8267,27.2366,36.0498
299.0,597.0,9.8981,38.5792,98.68,195.2511,0.0182,0.0,99.946,205.1295,48.911,-16.3593,0.0,0.0001,1.9943,-0.0005,6.3205,35.3267,9.8276,27.2367,36.0499
300.0,599.0,9.885,38.5656,88.5694,195.2644,0.0205,0.0,99.9556,205.1296,48.911,-16.3593,0.0,0.0001,1.9931,-0.0005,6.3246,35.3248,9.8143,27.2375,36.0513
301.0,601.0,9.8488,38.5266,98.68,195.7154,0.0197,0.0,99.95,205.1296,48.911,-16.3593,0.0,0.0001,1.9937,0.0005,6.324,35.319,9.778,27.2391,36.0545
302.0,603.0,9.8605,38.5405,98.68,195.4161,0.0233,0.0,99.9439,205.1296,48.911,-16.3593,0.0,0.0001,1.9926,-0.0008,6.3334,35.3213,9.7895,27.2389,36.0538
303.0,605.0,9.8098,38.4843,98.68,194.6133,0.0208,0.0,99.9332,205.1297,48.911,-16.3593,0.0,0.0001,1.989,-0.0016,6.3318,35.3122,9.7387,27.2404,36.0576
304.0,607.0,9.7608,38.4325,88.3725,195.145,0.0226,0.0,99.9326,205.1297,48.911,-16.3593,0.0,0.0001,1.9876,-0.0005,6.3415,35.3059,9.6896,27.2438,36.0632
305.0,609.0,9.7258,38.3947,95.9627,193.9997,0.0207,0.0,99.9521,205.1297,48.911,-16.3593,0.0,0.0001,1.9808,-0.0023,6.3551,35.3003,9.6546,27.2454,36.0663
306.0,611.0,9.6546,38.3193,98.68,193.5473,0.0194,0.0,99.9382,205.1298,48.911,-16.3593,0.0,0.0001,1.9754,-0.002,6.3575,35.2914,9.5835,27.2504,36.0745
307.0,613.0,9.6352,38.3,91.8052,193.6724,0.0223,0.0,99.9389,205.1298,48.911,-16.3593,0.0,0.0001,1.9744,-0.0007,6.3521,35.2897,9.564,27.2523,36.0773
308.0,615.0,9.6257,38.2907,98.68,194.1696,0.0227,0.0,99.9298,205.1298,48.911,-16.3593,0.0,0.0001,1.9748,-0.0002,6.3604,35.2886,9.5542,27.2531,36.0785
309.0,617.0,9.6133,38.2777,98.68,193.1293,0.0221,0.0,99.9389,205.1299,48.911,-16.3593,0.0,0.0001,1.9695,-0.0016,6.3611,35.2864,9.5417,27.2535,36.0794
310.0,619.0,9.6041,38.2692,98.68,193.9884,0.0241,0.0,99.9422,205.1299,48.911,-16.3593,0.0,0.0001,1.9698,0.0003,6.3604,35.2856,9.5322,27.2544,36.0808
311.0,621.0,9.6029,38.2686,92.4909,193.7586,0.0213,0.0,99.9242,205.1299,48.911,-16.3593,0.0,0.0001,1.9692,-0.0003,6.3625,35.2854,9.5309,27.2545,36.0809
312.0,623.0,9.596,38.2626,98.68,193.7471,0.0225,0.0,99.9452,205.13,48.911,-16.3593,0.0,0.0001,1.9683,-0.0003,6.3651,35.2849,9.5236,27.2553,36.0821
313.0,625.0,9.5904,38.2572,73.2982,193.8805,0.0225,0.0,99.9525,205.13,48.911,-16.3593,0.0,0.0001,1.9683,0.0,6.3641,35.2839,9.5179,27.2555,36.0825
314.0,627.0,9.5731,38.24,94.9,193.8026,0.0219,0.0,99.9465,205.13,48.911,-16.3593,0.0,0.0001,1.9672,-0.0003,6.3682,35.2824,9.5004,27.2572,36.085
315.0,629.0,9.5587,38.2252,98.68,193.6663,0.0243,0.0,99.9448,205.1301,48.911,-16.3593,0.0,0.0001,1.9658,-0.0004,6.371,35.2801,9.4859,27.2579,36.0863
316.0,631.0,9.5382,38.2043,98.68,193.3603,0.0251,0.0,99.948,205.1301,48.911,-16.3594,0.0,0.0001,1.9639,-0.0008,6.3725,35.2777,9.4652,27.2595,36.0888
317.0,633.0,9.5251,38.1912,98.68,193.6688,0.024,0.0,99.9444,205.1301,48.911,-16.3593,0.0,0.0001,1.9634,0.0,6.3725,35.2763,9.4519,27.2605,36.0905
318.0,635.0,9.5191,38.1862,98.68,193.6539,0.0228,0.0,99.9334,205.1302,48.911,-16.3594,0.0,0.0001,1.9629,-0.0002,6.3764,35.2761,9.4458,27.2614,36.0916
319.0,637.0,9.502,38.1682,98.68,192.6942,0.0188,0.0,99.9313,205.1302,48.911,-16.3594,0.0,0.0001,1.9585,-0.0016,6.3797,35.2734,9.4285,27.2622,36.0932
320.0,639.0,9.4655,38.1332,97.1426,192.838,0.0262,0.0,99.9392,205.1302,48.911,-16.3594,0.0,0.0001,1.9568,-0.0008,6.3825,35.2719,9.3918,27.267,36.0996
321.0,641.0,9.4504,38.1185,95.7771,192.6956,0.023,0.0,99.9486,205.1303,48.911,-16.3594,0.0,0.0001,1.9546,-0.0009,6.3868,35.2707,9.3766,27.2687,36.1019
322.0,643.0,9.4291,38.099,98.5631,192.0358,0.0211,0.0,99.9433,205.1303,48.911,-16.3594,0.0,0.0001,1.9514,-0.0015,6.391,35.2705,9.3552,27.272,36.1062
323.0,645.0,9.403,38.072,98.68,191.8416,0.021,0.0,99.9463,205.1303,48.911,-16.3594,0.0,0.0001,1.9471,-0.0011,6.393,35.2671,9.329,27.2737,36.1091
324.0,647.0,9.3894,38.0602,98.68,192.117,0.0214,0.0,99.9428,205.1304,48.911,-16.3594,0.0,0.0001,1.9451,-0.0002,6.3938,35.2674,9.3151,27.2763,36.1122
325.0,649.0,9.3849,38.057,87.4896,192.0524,0.0232,0.0,99.9526,205.1304,48.911,-16.3594,0.0,0.0001,1.945,-0.0003,6.3942,35.2677,9.3105,27.2772,36.1134
326.0,651.0,9.382,38.0569,94.588,191.5239,0.0244,0.0,99.9556,205.1304,48.911,-16.3594,0.0,0.0001,1.9426,-0.001,6.3948,35.2694,9.3074,27.2791,36.1154
327.0,653.0,9.3723,38.0487,98.68,191.1482,0.0241,0.0,99.9465,205.1305,48.911,-16.3594,0.0,0.0001,1.9392,-0.0011,6.3976,35.2696,9.2975,27.2808,36.1175
328.0,655.0,9.3526,38.0291,98.68,191.1782,0.023,0.0,99.9465,205.1305,48.911,-16.3594,0.0,0.0001,1.9374,-0.0005,6.3959,35.2678,9.2777,27.2827,36.1203
329.0,657.0,9.3646,38.0485,74.7799,190.7588,0.0222,0.0,99.96,205.1305,48.911,-16.3594,0.0,0.0001,1.9349,-0.0008,6.3945,35.2752,9.2894,27.2865,36.1235
330.0,659.0,9.377,38.0661,93.5904,190.3291,0.0201,0.0,99.9574,205.1306,48.911,-16.3594,0.0,0.0001,1.9323,-0.001,6.3947,35.2803,9.3014,27.2886,36.125
331.0,661.0,9.375,38.065,98.68,190.5709,0.02,0.0,99.9483,205.1306,48.911,-16.3594,0.0,0.0001,1.9313,-0.0002,6.3943,35.2802,9.2992,27.2889,36.1253
332.0,663.0,9.3759,38.067,98.68,190.0169,0.0219,0.0,99.9528,205.1306,48.911,-16.3594,0.0,0.0001,1.9291,-0.0009,6.3935,35.2807,9.2999,27.2892,36.1256
333.0,665.0,9.3876,38.0841,98.68,189.8323,0.0245,0.0,99.9556,205.1307,48.911,-16.3594,0.0,0.0001,1.928,-0.0009,6.3934,35.286,9.3113,27.2914,36.1273
334.0,667.0,9.3785,38.0768,94.3649,189.9773,0.0222,0.0,99.9448,205.1307,48.911,-16.3594,0.0,0.0001,1.9264,-0.0004,6.3954,35.2863,9.3019,27.2932,36.1295
335.0,669.0,9.3641,38.0639,98.68,188.9385,0.0253,0.0,99.9358,205.1307,48.911,-16.3594,0.0,0.0001,1.9221,-0.002,6.401,35.2861,9.2874,27.2954,36.1323
336.0,671.0,9.3349,38.0349,98.68,188.6665,0.0209,0.0,99.9659,205.1308,48.911,-16.3594,0.0,0.0001,1.9186,-0.0016,6.3989,35.2838,9.2581,27.2984,36.1366
337.0,673.0,9.3296,38.0317,90.7265,189.3079,0.0215,0.0,99.9058,205.1308,48.911,-16.3594,0.0,0.0001,1.9181,-0.0002,6.401,35.2847,9.2525,27.3001,36.1385
338.0,675.0,9.3322,38.0342,92.94,188.7396,0.0227,0.0,99.9501,205.1308,48.911,-16.3594,0.0,0.0001,1.9165,-0.001,6.4009,35.284,9.255,27.2991,36.1375
339.0,677.0,9.2993,38.0018,98.68,188.7316,0.0229,0.0,99.9521,205.1309,48.911,-16.3594,0.0,0.0001,1.9142,-0.0009,6.4082,35.2817,9.222,27.3027,36.1425
340.0,679.0,9.2742,37.9769,98.68,188.6643,0.0235,0.0,99.9536,205.1309,48.911,-16.3594,0.0,0.0001,1.9126,-0.0005,6.4068,35.2797,9.1967,27.3053,36.1462
341.0,681.0,9.2805,37.986,84.0869,188.2665,0.0238,0.0,99.9506,205.1309,48.911,-16.3594,0.0,0.0001,1.9096,-0.0008,6.4085,35.2822,9.2028,27.3063,36.1469
342.0,683.0,9.3022,38.0194,86.8083,186.5924,0.0216,0.0,99.9455,205.131,48.911,-16.3594,0.0,0.0001,1.9042,-0.0032,6.4067,35.2945,9.2241,27.3124,36.1519
343.0,685.0,9.2331,37.9444,98.68,187.7062,0.0226,0.0,99.9397,205.131,48.911,-16.3594,0.0,0.0001,1.9036,-0.0005,6.4094,35.2834,9.1551,27.315,36.1577
344.0,687.0,9.253,37.9669,98.68,186.9561,0.0224,0.0,99.9556,205.131,48.911,-16.3594,0.0,0.0001,1.9006,-0.0017,6.4119,35.2863,9.1747,27.3141,36.1559
345.0,689.0,9.2304,37.9469,98.68,187.5356,0.0232,0.0,99.9506,205.1311,48.911,-16.3594,0.0,0.0001,1.8999,-0.0004,6.4147,35.2869,9.152,27.3183,36.161
346.0,691.0,9.2226,37.9393,98.68,187.2891,0.0217,0.0,99.9365,205.1311,48.911,-16.3594,0.0,0.0001,1.8988,-0.0007,6.4178,35.286,9.144,27.3189,36.162
347.0,693.0,9.1978,37.9151,88.9528,187.197,0.0208,0.0,99.9462,205.1311,48.911,-16.3594,0.0,0.0001,1.8963,-0.0006,6.4225,35.2842,9.1191,27.3215,36.1657
348.0,695.0,9.1847,37.9016,98.68,186.5467,0.0241,0.0,99.9556,205.1312,48.911,-16.3594,0.0,0.0001,1.8926,-0.0014,6.4249,35.2823,9.1059,27.3222,36.167
349.0,697.0,9.1338,37.8518,96.5956,186.5216,0.0219,0.0,99.9462,205.1312,48.911,-16.3594,0.0,0.0001,1.8907,-0.0011,6.4306,35.2795,9.0549,27.3283,36.1754
350.0,699.0,9.115,37.8362,98.6497,186.4322,0.0216,0.0,99.9478,205.1312,48.911,-16.3594,0.0,0.0001,1.8874,-0.0006,6.4296,35.2807,9.0359,27.3323,36.1802
351.0,701.0,9.111,37.8334,98.68,185.8347,0.0261,0.0,99.9458,205.1313,48.911,-16.3594,0.0,0.0001,1.8845,-0.0013,6.4327,35.2811,9.0318,27.3333,36.1813
352.0,703.0,9.0972,37.8201,98.68,185.0211,0.0233,0.0,99.9556,205.1313,48.911,-16.3594,0.0,0.0001,1.8806,-0.0021,6.4326,35.2799,9.0178,27.3346,36.1833
353.0,705.0,9.1222,37.854,85.5198,185.9859,0.0215,0.0,99.9358,205.1313,48.911,-16.3594,0.0,0.0001,1.8816,0.0002,6.4293,35.2895,9.0424,27.3381,36.1856
354.0,707.0,9.1297,37.8627,93.8455,185.724,0.0221,0.0,99.9249,205.1314,48.911,-16.3594,0.0,0.0001,1.8817,-0.0006,6.4281,35.2905,9.0497,27.3377,36.1849
355.0,709.0,9.1438,37.8844,98.68,185.2838,0.0216,0.0,99.94,205.1314,48.911,-16.3594,0.0,0.0001,1.8795,-0.0011,6.428,35.2983,9.0635,27.3416,36.188
356.0,711.0,9.0967,37.835,98.6051,185.4664,0.0232,0.0,99.9236,205.1314,48.911,-16.3594,0.0,0.0001,1.8781,-0.0005,6.4316,35.2921,9.0163,27.3444,36.1929
357.0,713.0,9.1072,37.8492,98.68,185.0986,0.0212,0.0,99.9315,205.1315,48.911,-16.3594,0.0,0.0001,1.8751,-0.0008,6.4341,35.2957,9.0266,27.3456,36.1936
358.0,715.0,9.0973,37.8472,85.9119,184.2254,0.0238,0.0,99.9047,205.1315,48.911,-16.3594,0.0,0.0001,1.8727,-0.0018,6.4335,35.3025,9.0165,27.3525,36.2009
359.0,717.0,9.0908,37.8415,96.7579,185.0842,0.0213,0.0,99.9369,205.1315,48.911,-16.3594,0.0,0.0001,1.8721,0.0001,6.4346,35.302,9.0097,27.3532,36.2019
360.0,719.0,9.0856,37.8357,98.68,184.5301,0.0216,0.0,99.9244,205.1316,48.911,-16.3594,0.0,0.0001,1.8697,-0.001,6.4386,35.3003,9.0044,27.3528,36.2017
361.0,721.0,9.0396,37.7902,97.0461,184.7042,0.0238,0.0,99.9267,205.1316,48.911,-16.3594,0.0,0.0001,1.8683,-0.0005,6.4448,35.2971,8.9583,27.3577,36.2087
362.0,723.0,9.0176,37.7693,91.3456,184.5857,0.0255,0.0,99.9209,205.1316,48.911,-16.3594,0.0,0.0001,1.8671,-0.0004,6.4455,35.2962,8.9363,27.3605,36.2125
363.0,725.0,9.0057,37.7593,98.68,184.5904,0.0256,0.0,99.9202,205.1317,48.911,-16.3594,0.0,0.0001,1.8663,-0.0003,6.447,35.2965,8.9242,27.3627,36.2152
364.0,727.0,8.9974,37.751,98.68,184.2262,0.0212,0.0,99.9241,205.1317,48.911,-16.3594,0.0,0.0001,1.8644,-0.0009,6.4484,35.2953,8.9157,27.3631,36.216
365.0,729.0,8.991,37.7469,87.5503,184.6124,0.0204,0.0,99.9178,205.1317,48.911,-16.3595,0.0,0.0001,1.8642,0.0,6.4478,35.2963,8.9091,27.3649,36.2181
366.0,731.0,8.9868,37.7433,92.3223,184.5736,0.0223,0.0,99.9163,205.1318,48.911,-16.3595,0.0,0.0001,1.8645,-0.0002,6.4507,35.296,8.9048,27.3654,36.2188
367.0,733.0,8.9789,37.7357,98.68,184.304,0.0189,0.0,99.9252,205.1318,48.911,-16.3595,0.0,0.0001,1.8622,-0.0004,6.4512,35.2949,8.8967,27.3659,36.2196
368.0,735.0,8.9778,37.7377,98.68,184.9769,0.0188,0.0,99.9152,205.1318,48.911,-16.3595,0.0,0.0001,1.8632,0.0006,6.4501,35.2971,8.8953,27.3678,36.2216
369.0,737.0,8.9916,37.7577,89.6102,184.4638,0.0227,0.0,99.9085,205.1319,48.911,-16.3595,0.0,0.0001,1.8619,-0.0004,6.4477,35.3036,8.9088,27.3707,36.2238
370.0,739.0,8.9976,37.7698,94.9921,183.8153,0.0207,0.0,99.9185,205.1319,48.911,-16.3595,0.0,0.0001,1.8596,-0.0012,6.4519,35.3091,8.9145,27.3742,36.2269
371.0,741.0,8.9668,37.74,98.68,183.4048,0.0252,0.0,99.9109,205.1319,48.911,-16.3595,0.0,0.0001,1.856,-0.0013,6.454,35.3076,8.8836,27.3779,36.232
372.0,743.0,8.9305,37.7033,98.68,184.1543,0.0199,0.0,99.9002,205.132,48.911,-16.3595,0.0,0.0001,1.8561,0.0001,6.4575,35.304,8.8473,27.3809,36.2367
373.0,745.0,8.8892,37.6579,98.68,184.1308,0.0218,0.0,99.8955,205.132,48.911,-16.3595,0.0,0.0001,1.8554,-0.0006,6.4713,35.2966,8.806,27.3817,36.2394
374.0,747.0,8.8447,37.6088,98.68,184.6269,0.0213,0.0,99.9038,205.132,48.911,-16.3595,0.0,0.0001,1.8561,0.0004,6.4685,35.288,8.7615,27.3821,36.2419
375.0,749.0,8.8165,37.5796,91.0909,185.4106,0.0213,0.0,99.8978,205.1321,48.911,-16.3595,0.0,0.0001,1.8589,0.0008,6.4761,35.2844,8.7331,27.3837,36.2448
376.0,751.0,8.8247,37.5897,98.7169,185.0876,0.0216,0.0,99.8978,205.1321,48.911,-16.3595,0.0,0.0001,1.8587,-0.0004,6.4836,35.2862,8.7411,27.3839,36.2446
377.0,753.0,8.7573,37.5168,96.9301,186.1912,0.0205,0.0,99.8978,205.1321,48.911,-16.3595,0.0,0.0001,1.8615,0.0011,6.4844,35.2754,8.6739,27.3861,36.2499
378.0,755.0,8.752,37.5121,98.68,186.6026,0.0217,0.0,99.8978,205.1322,48.911,-16.3595,0.0,0.0001,1.865,0.001,6.4866,35.2747,8.6684,27.3864,36.2504
379.0,757.0,8.7338,37.4933,93.488,186.0659,0.0202,0.0,99.8978,205.1322,48.911,-16.3595,0.0,0.0001,1.8645,-0.0004,6.4882,35.272,8.6501,27.3872,36.2521
380.0,759.0,8.7286,37.4909,98.68,186.4683,0.0196,0.0,99.9013,205.1323,48.9111,-16.3595,0.0,0.0001,1.8648,0.0002,6.4861,35.2738,8.6447,27.3894,36.2546
381.0,761.0,8.7399,37.5068,98.68,186.145,0.0232,0.0,99.8978,205.1323,48.9111,-16.3595,0.0,0.0001,1.8642,-0.0003,6.485,35.2783,8.6557,27.3912,36.2558
382.0,763.0,8.7477,37.5176,98.68,186.241,0.02,0.0001,99.8978,205.1323,48.9111,-16.3595,0.0,0.0001,1.8638,-0.0001,6.4854,35.2812,8.6632,27.3923,36.2565
383.0,765.0,8.743,37.516,90.1552,185.8559,0.0216,0.0,99.8939,205.1324,48.9111,-16.3595,0.0,0.0001,1.8619,-0.0006,6.4879,35.283,8.6582,27.3945,36.2589
384.0,767.0,8.7221,37.493,98.68,185.6502,0.0223,0.0,99.8716,205.1324,48.9111,-16.3595,0.0,0.0001,1.8592,-0.0009,6.4969,35.2787,8.6373,27.3945,36.2599
385.0,769.0,8.688,37.4549,98.68,185.7716,0.023,0.0,99.8978,205.1324,48.9111,-16.3595,0.0,0.0001,1.8588,-0.0003,6.4926,35.2717,8.6032,27.3943,36.2613
386.0,771.0,8.623,37.3848,86.8158,186.3675,0.0246,0.0,99.886,205.1324,48.9111,-16.3595,0.0,0.0001,1.8592,-0.0002,6.5129,35.2613,8.5383,27.3963,36.2664
387.0,773.0,8.6007,37.3489,98.68,186.653,0.021,0.0,99.8916,205.1325,48.9111,-16.3595,0.0,0.0001,1.8552,-0.0012,6.5604,35.2448,8.5159,27.3869,36.2582
388.0,775.0,8.2868,37.0121,98.6875,189.4764,0.0215,0.0,99.8893,205.1325,48.9111,-16.3595,0.0,0.0001,1.863,0.0036,6.5434,35.1994,8.2036,27.3996,36.2854
389.0,777.0,8.2727,37.0009,98.615,189.4799,0.0225,0.0,99.8846,205.1326,48.9111,-16.3595,0.0,0.0001,1.8687,0.0006,6.563,35.2004,8.1894,27.4026,36.289
390.0,779.0,8.1986,36.9186,98.68,188.8316,0.0322,0.0,99.8942,205.1326,48.9111,-16.3595,0.0,0.0001,1.8647,-0.0007,6.5796,35.1857,8.1155,27.4022,36.2922
391.0,781.0,8.0391,36.7497,89.7713,191.8074,0.0237,0.0,99.8938,205.1326,48.9111,-16.3595,0.0,0.0001,1.873,0.0032,6.5847,35.1636,7.9566,27.409,36.3064
392.0,783.0,8.0842,36.8046,86.501,190.6843,0.0232,0.0,99.8956,205.1327,48.9111,-16.3595,0.0,0.0001,1.8736,0.0,6.5882,35.1766,8.0013,27.4125,36.3077
393.0,785.0,8.0759,36.8051,95.7545,190.7175,0.0239,0.0,99.8978,205.1327,48.9111,-16.3595,0.0,0.0001,1.8738,0.0,6.5877,35.1844,7.9928,27.4198,36.3154
394.0,787.0,8.0801,36.813,98.68,190.8311,0.0247,0.0,99.8996,205.1327,48.9111,-16.3595,0.0,0.0001,1.8742,0.0002,6.5852,35.1877,7.9967,27.4219,36.3171
395.0,789.0,8.0988,36.8389,76.4273,190.4988,0.023,0.0,99.8982,205.1328,48.9111,-16.3595,0.0,0.0001,1.8728,-0.0006,6.5902,35.1956,8.0152,27.4253,36.3196
396.0,791.0,8.0728,36.8144,89.0589,189.7357,0.0231,0.0,99.91,205.1328,48.9111,-16.3595,0.0,0.0001,1.8694,-0.0016,6.5943,35.1947,7.989,27.4285,36.324
397.0,793.0,7.9795,36.7158,97.4624,191.0386,0.0229,0.0,99.8981,205.1328,48.9111,-16.3595,0.0,0.0001,1.8715,0.0006,6.5948,35.1812,7.8961,27.4319,36.3318
398.0,795.0,7.9987,36.7386,98.68,190.2813,0.0213,0.0,99.9118,205.1329,48.911,-16.3596,0.0,0.0001,1.8687,-0.0012,6.6072,35.1858,7.915,27.4326,36.3316
399.0,797.0,7.9681,36.7058,98.68,190.7717,0.0236,0.0,99.9156,205.1329,48.911,-16.3596,0.0,0.0001,1.8686,0.0001,6.6052,35.1802,7.8843,27.4328,36.3333
400.0,799.0,7.9178,36.653,90.1369,191.163,0.0233,0.0,99.9037,205.1329,48.911,-16.3596,0.0,0.0001,1.8701,0.0001,6.6088,35.1728,7.834,27.4345,36.3374
401.0,801.0,7.9049,36.6445,98.68,190.4852,0.0207,0.0,99.9222,205.133,48.911,-16.3596,0.0,0.0001,1.867,-0.0012,6.6204,35.1758,7.821,27.4389,36.3422
402.0,803.0,7.8531,36.5843,98.68,191.6341,0.0202,0.0,99.9267,205.133,48.911,-16.3596,0.0,0.0001,1.8693,0.0008,6.6163,35.1622,7.7693,27.4358,36.3418
403.0,805.0,7.7927,36.5236,85.5264,192.0448,0.0224,0.0,99.9209,205.133,48.911,-16.3596,0.0,0.0001,1.8695,0.0003,6.6329,35.1566,7.709,27.4403,36.3491
404.0,807.0,7.7752,36.5047,98.6788,192.4029,0.0237,0.0,99.9418,205.1331,48.911,-16.3596,0.0,0.0001,1.8696,0.0001,6.6497,35.1528,7.6915,27.4399,36.3495
405.0,809.0,7.6844,36.4128,95.5419,193.4809,0.0198,0.0,99.9267,205.1331,48.911,-16.3596,0.0,0.0001,1.8735,0.0016,6.6476,35.1441,7.601,27.4464,36.3603
406.0,811.0,7.673,36.4019,98.68,193.6193,0.0218,0.0,99.9322,205.1331,48.911,-16.3596,0.0,0.0001,1.8757,0.0009,6.6466,35.1428,7.5895,27.4471,36.3615
407.0,813.0,7.6733,36.4052,88.4503,193.1596,0.023,0.0,99.9346,205.1332,48.911,-16.3596,0.0,0.0001,1.8755,-0.0002,6.6478,35.1453,7.5895,27.449,36.3634
408.0,815.0,7.688,36.4249,98.68,193.503,0.0243,0.0,99.9469,205.1332,48.911,-16.3596,0.0,0.0001,1.8767,0.0004,6.6466,35.1507,7.604,27.4511,36.3648
409.0,817.0,7.7013,36.4421,98.68,193.2513,0.0256,0.0,99.9352,205.1332,48.911,-16.3596,0.0,0.0001,1.876,-0.0002,6.6475,35.1551,7.6169,27.4527,36.3657
410.0,819.0,7.6908,36.435,98.68,192.572,0.0249,0.0,99.9521,205.1333,48.911,-16.3596,0.0,0.0001,1.8736,-0.0012,6.6515,35.1569,7.6063,27.4557,36.3691
411.0,821.0,7.6458,36.3901,85.4807,193.1232,0.024,0.0,99.9604,205.1333,48.911,-16.3596,0.0,0.0001,1.873,-0.0002,6.6574,35.1527,7.5613,27.4589,36.3745
412.0,823.0,7.578,36.3224,77.3675,192.8726,0.0237,0.0,99.9581,205.1333,48.911,-16.3596,0.0,0.0001,1.8696,-0.0012,6.6807,35.1468,7.4937,27.4642,36.3829
413.0,825.0,7.4766,36.2169,98.6752,194.2134,0.0241,0.0,99.9556,205.1334,48.911,-16.3596,0.0,0.0001,1.8719,0.0013,6.6736,35.1336,7.3927,27.4683,36.3919
414.0,827.0,7.4515,36.1954,93.0437,194.5556,0.0242,0.0,99.9788,205.1334,48.911,-16.3596,0.0,0.0001,1.8746,0.0006,6.6826,35.1346,7.3675,27.4728,36.3975
415.0,829.0,7.4623,36.2099,98.68,194.7814,0.0208,0.0,99.9813,205.1334,48.911,-16.3596,0.0,0.0001,1.8755,0.0008,6.6814,35.1385,7.3781,27.4743,36.3985
416.0,831.0,7.4436,36.1922,98.6355,195.0363,0.0198,0.0,99.9604,205.1335,48.911,-16.3596,0.0,0.0001,1.8767,0.0003,6.6903,35.1372,7.3592,27.476,36.4011
417.0,833.0,7.4109,36.1592,98.6298,194.7201,0.0215,0.0,99.9739,205.1335,48.911,-16.3596,0.0,0.0001,1.8757,-0.0004,6.6946,35.1335,7.3266,27.4778,36.4044
418.0,835.0,7.3428,36.092,98.68,196.351,0.025,0.0,99.9922,205.1335,48.911,-16.3596,0.0,0.0001,1.8797,0.0019,6.6949,35.1281,7.2587,27.4832,36.4131
419.0,837.0,7.3258,36.074,85.0642,195.7837,0.022,0.0,99.9768,205.1336,48.911,-16.3596,0.0,0.0001,1.8799,-0.0004,6.716,35.125,7.2417,27.4832,36.4139
420.0,839.0,7.2469,35.9964,98.676,197.0173,0.0192,0.0,99.9933,205.1336,48.911,-16.3596,0.0,0.0001,1.8803,0.0016,6.7107,35.1191,7.163,27.4898,36.4241
421.0,841.0,7.2074,35.9566,95.9672,197.3733,0.022,0.0,99.9819,205.1336,48.911,-16.3596,0.0,0.0001,1.8837,0.0005,6.7322,35.1147,7.1236,27.4918,36.4281
422.0,843.0,7.1461,35.8924,98.5179,197.5817,0.0216,0.0,99.9917,205.1337,48.911,-16.3596,0.0,0.0001,1.8846,0.0008,6.7263,35.1054,7.0624,27.4931,36.4324
423.0,845.0,7.0988,35.8474,98.68,198.0379,0.0223,0.0,99.9744,205.1337,48.911,-16.3596,0.0,0.0001,1.8881,0.0004,6.7311,35.1032,7.0152,27.498,36.4395
424.0,847.0,7.1327,35.8784,98.68,197.82,0.0253,0.0,100.0044,205.1337,48.911,-16.3596,0.0,0.0001,1.8868,-0.0002,6.7366,35.1021,7.0487,27.4925,36.4324
425.0,849.0,7.1374,35.8962,69.4211,198.7044,0.0238,0.0,100.0067,205.1338,48.911,-16.3596,0.0,0.0001,1.8877,0.0012,6.733,35.1158,7.0531,27.5027,36.4422
426.0,851.0,7.1693,35.936,96.3567,198.7183,0.0233,0.0,100.0065,205.1338,48.911,-16.3596,0.0,0.0001,1.8921,0.0003,6.7338,35.1258,7.0846,27.5061,36.444
427.0,853.0,7.1641,35.9282,98.68,197.2162,0.0218,0.0,100.0133,205.1338,48.911,-16.3596,0.0,0.0001,1.8864,-0.0023,6.7396,35.1217,7.0792,27.5036,36.4419
428.0,855.0,7.045,35.8019,98.68,198.7127,0.0224,0.0,100.0133,205.1339,48.911,-16.3596,0.0,0.0001,1.8895,0.0007,6.7332,35.1031,6.9607,27.5056,36.4496
429.0,857.0,6.994,35.7497,80.3432,198.9985,0.0217,0.0,99.9952,205.1339,48.9111,-16.3596,0.0,0.0001,1.8916,-0.0002,6.7518,35.0967,6.9099,27.5076,36.4541
430.0,859.0,6.9949,35.7528,98.68,199.3671,0.0216,0.0,100.0133,205.1339,48.9111,-16.3596,0.0,0.0001,1.8938,0.0006,6.7515,35.0981,6.9105,27.5086,36.455
431.0,861.0,6.9564,35.7116,98.68,200.951,0.023,0.0,100.0166,205.134,48.9111,-16.3596,0.0,0.0001,1.8958,0.0017,6.7637,35.0912,6.872,27.5085,36.4568
432.0,863.0,6.958,35.7151,98.68,200.9096,0.0245,0.0,100.0191,205.134,48.9111,-16.3596,0.0,0.0001,1.8972,0.0008,6.7648,35.0923,6.8735,27.5092,36.4574
433.0,865.0,6.9511,35.7103,89.1857,201.2149,0.022,0.0,100.0206,205.134,48.9111,-16.3597,0.0,0.0001,1.8993,0.0006,6.7674,35.0931,6.8663,27.5108,36.4594
434.0,867.0,6.9292,35.6894,98.68,201.0706,0.0189,0.0,100.0177,205.1341,48.9111,-16.3597,0.0,0.0001,1.9001,0.0002,6.7618,35.0914,6.8444,27.5125,36.4621
435.0,869.0,6.9615,35.7302,98.68,201.304,0.0233,0.0,100.0261,205.1341,48.9111,-16.3597,0.0,0.0001,1.9011,0.0004,6.7593,35.1023,6.8763,27.5167,36.4647
436.0,871.0,7.0283,35.8123,98.68,200.8193,0.022,0.0,100.024,205.1341,48.9111,-16.3597,0.0,0.0001,1.9013,0.0002,6.7442,35.1236,6.9424,27.5243,36.4689
437.0,873.0,7.1137,35.9116,79.1006,199.2901,0.0184,0.0,100.0171,205.1342,48.9111,-16.3597,0.0,0.0001,1.899,-0.0013,6.7242,35.1449,7.027,27.5292,36.4696
438.0,875.0,7.1776,35.9845,93.7437,198.1341,0.0203,0.0,100.025,205.1342,48.9111,-16.3597,0.0,0.0001,1.8952,-0.0015,6.7009,35.1589,7.0903,27.5314,36.4686
439.0,877.0,7.3148,36.1475,98.68,196.593,0.0214,0.0,100.0239,205.1342,48.9111,-16.3597,0.0,0.0001,1.8879,-0.003,6.7087,35.1968,7.2263,27.542,36.4723
440.0,879.0,7.3856,36.2298,89.1379,197.621,0.0233,0.0,100.031,205.1343,48.9111,-16.3597,0.0,0.0001,1.8871,0.0007,6.6822,35.2139,7.2965,27.5454,36.4722
441.0,881.0,7.4478,36.3021,98.68,195.2337,0.0204,0.0,100.0322,205.1343,48.9111,-16.3597,0.0,0.0001,1.8807,-0.0026,6.6822,35.2285,7.358,27.5481,36.4718
442.0,883.0,7.4487,36.304,98.68,195.2455,0.0199,0.0,100.0284,205.1343,48.9111,-16.3597,0.0,0.0001,1.8769,-0.0012,6.6797,35.2287,7.3587,27.5481,36.4718
443.0,885.0,7.4694,36.3283,98.68,195.7957,0.0218,0.0,100.029,205.1344,48.9111,-16.3597,0.0,0.0001,1.8757,0.0001,6.6776,35.2331,7.379,27.5487,36.4714
444.0,887.0,7.4731,36.3343,82.6814,195.7191,0.0226,0.0,100.0223,205.1344,48.9111,-16.3597,0.0,0.0001,1.8755,-0.0003,6.6819,35.235,7.3825,27.5496,36.4722
445.0,889.0,7.4584,36.3206,98.68,195.3531,0.0215,0.0,100.0078,205.1344,48.9111,-16.3597,0.0,0.0001,1.874,-0.0009,6.6884,35.2342,7.3677,27.5511,36.4744
446.0,891.0,7.406,36.2672,78.4428,196.2251,0.0216,0.0,100.0114,205.1345,48.9111,-16.3597,0.0,0.0001,1.8742,0.0006,6.6859,35.2281,7.3154,27.5539,36.4796
447.0,893.0,7.3809,36.242,94.5806,196.1961,0.0204,0.0,99.9934,205.1345,48.9111,-16.3597,0.0,0.0001,1.8752,-0.0002,6.6945,35.2253,7.2902,27.5553,36.4822
448.0,895.0,7.3475,36.208,98.68,196.7196,0.0211,0.0,99.9845,205.1346,48.9111,-16.3597,0.0,0.0001,1.8755,0.0006,6.695,35.221,7.2568,27.5567,36.4852
449.0,897.0,7.356,36.2224,98.68,196.8986,0.026,0.0,99.9927,205.1346,48.9111,-16.3597,0.0,0.0001,1.8767,0.0007,6.6939,35.2271,7.2651,27.5603,36.4884
450.0,899.0,7.3551,36.2231,98.6147,196.4212,0.0227,0.0,99.961,205.1346,48.9111,-16.3597,0.0,0.0001,1.8758,-0.0003,6.697,35.2281,7.264,27.5612,36.4893
451.0,901.0,7.3427,36.2096,98.68,196.7191,0.0235,0.0,99.9556,205.1347,48.9111,-16.3597,0.0,0.0001,1.8753,0.0002,6.6991,35.2249,7.2514,27.5605,36.4892
452.0,903.0,7.3266,36.196,86.3076,197.2838,0.0246,0.0,99.9042,205.1347,48.9111,-16.3597,0.0,0.0001,1.8777,0.0006,6.6996,35.225,7.2352,27.5629,36.4924
453.0,905.0,7.3288,36.1989,98.68,196.9702,0.0239,0.0,99.9438,205.1347,48.9111,-16.3597,0.0,0.0001,1.8776,-0.0002,6.7002,35.2253,7.2373,27.5628,36.4922
454.0,907.0,7.3193,36.1895,94.8465,197.5102,0.022,0.0,99.942,205.1348,48.9111,-16.3597,0.0,0.0001,1.8783,0.0004,6.704,35.2237,7.2276,27.5629,36.4928
455.0,909.0,7.2985,36.168,98.4795,197.3729,0.021,0.0,99.9437,205.1348,48.9111,-16.3597,0.0,0.0001,1.8775,-0.0004,6.7167,35.2205,7.2067,27.5634,36.4943
456.0,911.0,7.2222,36.0892,98.68,198.4547,0.0221,0.0,99.9327,205.1348,48.9111,-16.3597,0.0,0.0001,1.8797,0.001,6.7185,35.2108,7.1306,27.5666,36.5011
457.0,913.0,7.2132,36.0802,98.68,198.3612,0.0193,0.0,99.9267,205.1349,48.9111,-16.3597,0.0,0.0001,1.8804,0.0002,6.7231,35.2093,7.1215,27.5667,36.5016
458.0,915.0,7.1827,36.0489,78.0949,199.0012,0.0214,0.0,99.9226,205.1349,48.9111,-16.3597,0.0,0.0001,1.8816,0.0003,6.7363,35.2049,7.091,27.5675,36.504
459.0,917.0,7.0925,35.9519,94.3423,199.5128,0.0203,0.0,99.9198,205.1349,48.9111,-16.3597,0.0,0.0001,1.8828,0.0004,6.7479,35.1895,7.0012,27.568,36.5088
460.0,919.0,7.035,35.8903,98.68,200.6338,0.0213,0.0,99.9173,205.135,48.9111,-16.3597,0.0,0.0001,1.885,0.001,6.7628,35.1795,6.9439,27.5681,36.5118
461.0,921.0,6.9372,35.7841,88.8482,201.4639,0.0231,0.0,99.9111,205.135,48.9111,-16.3597,0.0,0.0001,1.8883,0.0012,6.771,35.1613,6.8467,27.5673,36.5158
462.0,923.0,6.8949,35.7401,85.0135,202.3056,0.0226,0.0,99.8998,205.135,48.9111,-16.3597,0.0,0.0001,1.892,0.0011,6.7833,35.1552,6.8044,27.5683,36.5188
463.0,925.0,6.8164,35.6584,90.1789,203.0123,0.0196,0.0,99.9006,205.1351,48.9111,-16.3597,0.0,0.0001,1.895,0.0014,6.7863,35.1441,6.7263,27.5702,36.5246
464.0,927.0,6.7618,35.602,98.68,203.084,0.0225,0.0,99.8939,205.1351,48.9111,-16.3597,0.0,0.0001,1.8972,0.0004,6.7948,35.1367,6.6718,27.5719,36.5289
465.0,929.0,6.7433,35.5845,98.68,204.5078,0.0214,0.0,99.8978,205.1351,48.9111,-16.3597,0.0,0.0001,1.9023,0.0018,6.792,35.1349,6.6533,27.573,36.5309
466.0,931.0,6.747,35.5895,87.3556,203.7108,0.0188,0.0001,99.8859,205.1352,48.9111,-16.3597,0.0,0.0001,1.9033,0.0003,6.7811,35.1361,6.6568,27.5734,36.5312
467.0,933.0,6.8311,35.6882,98.68,203.0561,0.0217,0.0,99.8978,205.1352,48.9111,-16.3597,0.0,0.0001,1.9031,-0.0009,6.7837,35.1582,6.7401,27.5795,36.533
468.0,935.0,6.8522,35.7133,98.68,202.7211,0.0231,0.0001,99.8697,205.1352,48.9111,-16.3597,0.0,0.0001,1.8991,-0.0007,6.7833,35.1633,6.7608,27.5807,36.5332
469.0,937.0,6.8107,35.6714,98.68,202.4022,0.0242,0.0,99.8958,205.1353,48.9111,-16.3597,0.0,0.0001,1.897,-0.0009,6.786,35.1585,6.7193,27.5825,36.537
470.0,939.0,6.7952,35.6579,68.9878,203.0594,0.0243,0.0,99.8942,205.1353,48.9111,-16.3597,0.0,0.0001,1.8969,0.0003,6.7841,35.1584,6.7038,27.5846,36.5399
471.0,941.0,6.8064,35.6737,95.4918,203.1719,0.0261,0.0,99.8927,205.1353,48.9111,-16.3597,0.0,0.0001,1.8974,0.0003,6.784,35.1634,6.7147,27.5871,36.5417
472.0,943.0,6.8193,35.6923,98.6801,203.2848,0.0214,0.0,99.8961,205.1354,48.9111,-16.3597,0.0,0.0001,1.898,0.0,6.7885,35.17,6.7273,27.5906,36.5445
473.0,945.0,6.7732,35.6436,85.2209,203.1167,0.0192,0.0,99.8978,205.1354,48.9111,-16.3597,0.0,0.0001,1.897,-0.0003,6.7899,35.1622,6.6813,27.5907,36.5469
474.0,947.0,6.6432,35.5034,98.68,204.2555,0.0198,0.0,99.9,205.1354,48.9111,-16.3597,0.0,0.0001,1.8983,0.0003,6.8115,35.1389,6.552,27.5898,36.5525
475.0,949.0,6.5981,35.4539,98.68,205.3645,0.0237,0.0,99.8887,205.1355,48.9111,-16.3597,0.0,0.0001,1.9012,0.0012,6.8199,35.1291,6.507,27.5882,36.5531
476.0,951.0,6.5875,35.444,98.68,205.8624,0.0249,0.0,99.8847,205.1355,48.9111,-16.3597,0.0,0.0001,1.9058,0.0011,6.811,35.1281,6.4963,27.5888,36.5543
477.0,953.0,6.6166,35.4782,53.0812,205.9325,0.0194,0.0,99.8978,205.1355,48.9111,-16.3597,0.0,0.0001,1.9072,0.0009,6.812,35.1352,6.525,27.5906,36.5546
478.0,955.0,6.6551,35.5256,98.68,205.3243,0.0212,0.0001,99.8757,205.1356,48.9111,-16.3596,0.0,0.0001,1.9063,-0.0002,6.8114,35.1473,6.563,27.595,36.557
479.0,957.0,6.651,35.5201,75.0768,205.323,0.0215,0.0001,99.8771,205.1356,48.9111,-16.3596,0.0,0.0001,1.9053,-0.0006,6.8228,35.1448,6.5587,27.5936,36.5559
480.0,959.0,6.5906,35.4579,88.7943,204.9959,0.0226,0.0,99.8852,205.1356,48.9111,-16.3596,0.0,0.0001,1.904,-0.0007,6.8193,35.1365,6.4986,27.5951,36.5604
481.0,961.0,6.5559,35.423,98.68,206.2124,0.0218,0.0,99.8962,205.1357,48.9111,-16.3596,0.0,0.0001,1.9062,0.0007,6.8223,35.1323,6.4639,27.5964,36.5634
482.0,963.0,6.5875,35.4614,98.68,206.6267,0.0216,0.0,99.9003,205.1357,48.9111,-16.3596,0.0,0.0001,1.9088,0.0009,6.8169,35.1414,6.495,27.5995,36.5648
483.0,965.0,6.6078,35.488,98.5732,206.2233,0.0244,0.0001,99.8737,205.1357,48.9111,-16.3596,0.0,0.0001,1.9091,-0.0001,6.8194,35.1492,6.515,27.603,36.5672
484.0,967.0,6.5909,35.4714,98.68,206.6342,0.0225,0.0001,99.8815,205.1358,48.9111,-16.3596,0.0,0.0001,1.9096,0.0003,6.8214,35.1472,6.4979,27.6037,36.5688
485.0,969.0,6.5814,35.4615,98.68,206.5436,0.0173,0.0,99.8834,205.1358,48.9111,-16.3596,0.0,0.0001,1.9096,0.0,6.8217,35.1452,6.4885,27.6033,36.5689
486.0,971.0,6.5714,35.4549,84.2397,207.1282,0.0208,0.0001,99.8333,205.1358,48.9111,-16.3596,0.0,0.0001,1.9106,0.0005,6.8257,35.147,6.4783,27.6061,36.5722
487.0,973.0,6.5327,35.4166,95.188,207.0031,0.0203,0.0,99.8854,205.1359,48.9111,-16.3596,0.0,0.0001,1.9106,-0.0001,6.8303,35.1433,6.4397,27.6084,36.5763
488.0,975.0,6.5273,35.4122,98.4979,207.8312,0.0209,0.0,99.8841,205.1359,48.9111,-16.3596,0.0,0.0001,1.9145,0.0009,6.8215,35.1428,6.434,27.6087,36.5769
489.0,977.0,6.5755,35.4712,98.68,207.8517,0.0225,0.0,99.8852,205.1359,48.9111,-16.3596,0.0,0.0001,1.9164,0.0006,6.8156,35.1578,6.4817,27.6142,36.5799
490.0,979.0,6.6708,35.5815,98.68,206.3164,0.0211,0.0,99.8758,205.136,48.9111,-16.3596,0.0,0.0001,1.9124,-0.001,6.8082,35.1816,6.576,27.6203,36.5812
491.0,981.0,6.6904,35.6044,81.4377,205.9142,0.0228,0.0,99.8765,205.136,48.9111,-16.3596,0.0,0.0001,1.9104,-0.0009,6.7978,35.1862,6.5954,27.6213,36.5812
492.0,983.0,6.6989,35.6149,97.2107,205.3101,0.0189,0.0,99.8822,205.136,48.9111,-16.3596,0.0,0.0001,1.9084,-0.0013,6.7942,35.1882,6.6036,27.6218,36.5813
493.0,985.0,6.7392,35.6644,95.8783,204.9949,0.0188,0.0,99.8699,205.1361,48.9111,-16.3596,0.0,0.0001,1.9045,-0.0011,6.7977,35.2005,6.6433,27.6261,36.5835
494.0,987.0,6.7397,35.6666,84.0207,205.3253,0.0214,0.0,99.8978,205.1361,48.9111,-16.3596,0.0,0.0001,1.9037,-0.0002,6.7941,35.2017,6.6437,27.627,36.5844
495.0,989.0,6.7356,35.6656,98.68,204.9481,0.0221,0.0,99.8955,205.1361,48.9111,-16.3596,0.0,0.0001,1.902,-0.0006,6.7944,35.2038,6.6394,27.6292,36.5868
496.0,991.0,6.7357,35.6693,98.68,204.9618,0.0237,0.0,99.8855,205.1362,48.9111,-16.3596,0.0,0.0001,1.9013,-0.0003,6.7931,35.2067,6.6392,27.6315,36.589
497.0,993.0,6.7417,35.6799,98.68,205.2877,0.0212,0.0,99.8914,205.1362,48.9111,-16.3596,0.0,0.0001,1.9017,0.0001,6.7927,35.2112,6.6449,27.6343,36.5915
498.0,995.0,6.7458,35.6859,88.0722,205.1863,0.0213,0.0001,99.8723,205.1362,48.9111,-16.3596,0.0,0.0001,1.9017,0.0,6.7925,35.2127,6.6487,27.6349,36.5919
499.0,997.0,6.7472,35.6882,96.8998,205.2451,0.0225,0.0001,99.8751,205.1363,48.9111,-16.3596,0.0,0.0001,1.9016,0.0,6.7916,35.2132,6.6501,27.6351,36.5921
500.0,999.0,6.7461,35.6885,98.68,204.908,0.0224,0.0001,99.8573,205.1363,48.9111,-16.3595,0.0,0.0001,1.9,-0.0004,6.7923,35.2134,6.6486,27.6355,36.5925
501.0,1001.0,6.7337,35.6767,92.9834,204.9956,0.0219,0.0001,99.8429,205.1364,48.9111,-16.3595,0.0,0.0001,1.8993,-0.0002,6.7946,35.2123,6.6362,27.6364,36.594
502.0,1003.0,6.7313,35.6789,98.68,205.4984,0.0178,0.0001,99.8473,205.1364,48.9111,-16.3595,0.0,0.0001,1.8999,0.0005,6.7948,35.216,6.6336,27.6396,36.5973
503.0,1005.0,6.7326,35.6812,95.9495,205.364,0.0213,0.0001,99.8393,205.1365,48.9111,-16.3595,0.0,0.0001,1.9,0.0001,6.7943,35.2164,6.6347,27.6398,36.5974
504.0,1007.0,6.7305,35.6807,90.9497,205.0774,0.0212,0.0001,99.8146,205.1366,48.9111,-16.3595,0.0,0.0001,1.8992,-0.0006,6.7975,35.217,6.6323,27.6405,36.5983
505.0,1009.0,6.7059,35.6563,95.9587,205.359,0.0208,0.0001,99.8101,205.1367,48.9111,-16.3595,0.0,0.0001,1.8991,-0.0001,6.797,35.2142,6.6078,27.6417,36.6006
506.0,1011.0,6.6469,35.5933,95.6638,206.2134,0.0207,0.0001,99.7531,205.1371,48.9111,-16.3594,0.0,0.0001,1.9029,0.0,6.8062,35.2037,6.5489,27.6414,36.6032
507.0,1013.0,6.6369,35.5834,93.5337,206.4298,0.0198,0.0001,99.7506,205.1372,48.9111,-16.3594,0.0,0.0001,1.9038,0.0002,6.8059,35.2025,6.5389,27.6418,36.6041
