Datacycle,press,temp,cond,alt,oxygen,fluor,atten,trans,jday,lat,lon,PAR,UPAR,oxV,oxdVdt,oxysat,salin,potemp,sigma0,sigma2
1.0,1.0,15.3365,43.9487,98.71,240.8088,0.8786,0.0033,92.0543,215.1276,49.016,-16.4333,0.0,0.0001,2.6889,-0.0015,5.6277,35.634,15.3363,26.3861,34.9814
2.0,3.0,15.3371,43.9499,76.3203,241.429,0.8638,0.0031,92.5124,215.1277,49.016,-16.4333,0.0,0.0001,2.6914,0.0,5.6276,35.634,15.3366,26.3861,34.9813
3.0,5.0,15.3374,43.9501,98.6497,241.6485,0.8674,0.003,92.7851,215.1278,49.016,-16.4333,0.0,0.0001,2.6926,0.0002,5.6278,35.6331,15.3366,26.3854,34.9806
4.0,7.0,15.3367,43.9514,98.71,241.3987,0.8729,0.003,92.8257,215.1279,49.0159,-16.4333,0.0,0.0001,2.6909,-0.0003,5.6277,35.6339,15.3356,26.3862,34.9815
5.0,9.0,15.3371,43.9525,67.6968,241.7655,0.9031,0.003,92.8293,215.1279,49.0159,-16.4333,0.0,0.0001,2.6923,0.0002,5.6277,35.634,15.3357,26.3862,34.9815
6.0,11.0,15.3372,43.9536,92.2095,241.3304,0.8566,0.003,92.8196,215.128,49.0159,-16.4333,0.0,0.0001,2.6895,-0.0007,5.6277,35.6339,15.3355,26.3862,34.9815
7.0,13.0,15.3383,43.9556,98.71,241.1482,0.8534,0.003,92.7944,215.1281,49.0159,-16.4333,0.0,0.0001,2.6863,-0.0001,5.6276,35.6338,15.3363,26.386,34.9813
8.0,15.0,15.3387,43.9567,88.8543,241.0757,0.8589,0.003,92.8117,215.1282,49.0158,-16.4333,0.0,0.0001,2.685,0.0,5.6275,35.6338,15.3364,26.386,34.9812
9.0,17.0,15.3393,43.9584,80.0058,241.0614,0.881,0.003,92.7854,215.1282,49.0158,-16.4333,0.0,0.0001,2.6853,-0.0004,5.6275,35.6339,15.3367,26.3859,34.9812
10.0,19.0,15.3385,43.9584,93.7502,241.1412,0.869,0.003,92.7924,215.1283,49.0158,-16.4334,0.0,0.0001,2.6845,0.0001,5.6275,35.6338,15.3356,26.3861,34.9814
11.0,21.0,15.3397,43.9605,98.71,241.1588,0.8797,0.003,92.7572,215.1284,49.0158,-16.4334,0.0,0.0001,2.6845,0.0,5.6274,35.6338,15.3365,26.386,34.9812
12.0,23.0,15.3402,43.962,89.2665,240.8641,0.8941,0.003,92.7734,215.1284,49.0158,-16.4333,0.0,0.0001,2.6816,-0.0006,5.6273,35.6339,15.3366,26.386,34.9812
13.0,25.0,15.3406,43.9631,60.5865,240.3868,0.894,0.003,92.7462,215.1285,49.0157,-16.4333,0.0,0.0001,2.6784,-0.0011,5.6273,35.6339,15.3368,26.3859,34.9812
14.0,27.0,15.3409,43.9642,95.3665,240.8416,0.8967,0.003,92.7784,215.1285,49.0157,-16.4333,0.0,0.0001,2.6803,-0.0002,5.6272,35.6339,15.3368,26.3859,34.9812
15.0,29.0,15.3413,43.9659,78.1705,241.0681,0.9022,0.003,92.7948,215.1286,49.0157,-16.4333,0.0,0.0001,2.6801,0.0005,5.6272,35.6338,15.3368,26.3859,34.9811
16.0,31.0,15.3416,43.9669,92.6167,240.5222,0.9133,0.003,92.7671,215.1287,49.0157,-16.4333,0.0,0.0001,2.6778,-0.0009,5.6272,35.6339,15.3368,26.386,34.9812
17.0,33.0,15.3418,43.968,90.6252,240.9734,0.9138,0.003,92.7841,215.1287,49.0157,-16.4333,0.0,0.0001,2.6788,0.0003,5.6271,35.6339,15.3367,26.3859,34.9812
18.0,35.0,15.3422,43.9693,98.71,240.9758,0.9572,0.003,92.7729,215.1288,49.0156,-16.4333,0.0,0.0001,2.6789,-0.0001,5.6271,35.6338,15.3368,26.3858,34.9811
19.0,37.0,15.3409,43.9684,87.5825,240.8447,0.9548,0.003,92.8117,215.1289,49.0156,-16.4333,0.0,0.0001,2.6771,-0.0004,5.6284,35.6335,15.3352,26.386,34.9813
20.0,39.0,15.3176,43.9459,98.4925,240.4325,0.9266,0.0028,93.1933,215.1289,49.0156,-16.4333,0.0,0.0001,2.6736,-0.0007,5.6291,35.6332,15.3116,26.3911,34.9872
21.0,41.0,15.2956,43.924,98.71,239.8387,0.8223,0.0026,93.7778,215.129,49.0156,-16.4333,0.0,0.0001,2.668,-0.002,5.6361,35.6327,15.2893,26.3956,34.9926
22.0,43.0,15.1762,43.8012,81.0702,238.4686,0.6323,0.002,95.0579,215.129,49.0156,-16.4333,0.0,0.0001,2.6533,-0.0039,5.6546,35.6288,15.1697,26.4194,35.0206
23.0,45.0,14.889,43.5109,88.8318,238.7251,0.5017,0.0018,95.5682,215.1291,49.0156,-16.4334,0.0,0.0001,2.6404,-0.0014,5.6878,35.6247,14.8822,26.4797,35.0913
24.0,47.0,14.7379,43.345,98.71,226.7081,0.3679,0.0014,96.8047,215.1292,49.0156,-16.4333,0.0,0.0001,2.5766,-0.0295,5.7418,35.6098,14.7309,26.5009,35.1182
25.0,49.0,13.7741,42.5239,89.1129,233.1363,0.2328,0.0011,97.3233,215.1292,49.0155,-16.4333,0.0,0.0001,2.5653,-0.002,5.7721,35.6726,13.8367,26.7416,35.3907
26.0,51.0,13.3611,42.0196,96.5563,229.5333,0.1301,0.0007,98.2354,215.1293,49.0155,-16.4333,0.0,0.0001,2.5222,-0.0078,5.8558,35.6459,13.3539,26.8212,35.4888
27.0,53.0,13.151,41.802,98.71,229.0207,0.1083,0.0006,98.5466,215.1293,49.0155,-16.4333,0.0,0.0001,2.505,-0.0049,5.8796,35.6354,13.1437,26.8562,35.5319
28.0,55.0,13.0633,41.7174,83.1716,230.3389,0.1054,0.0005,98.6598,215.1294,49.0155,-16.4333,0.0,0.0001,2.502,-0.0009,5.8985,35.6363,13.0557,26.8748,35.5538
29.0,57.0,12.8364,41.4994,98.7018,230.8594,0.0858,0.0005,98.8192,215.1295,49.0155,-16.4333,0.0,0.0001,2.4994,0.0002,5.9123,35.6402,12.8285,26.9236,35.6113
30.0,59.0,12.8137,41.4776,98.71,231.1704,0.0795,0.0004,98.9796,215.1296,49.0155,-16.4333,0.0,0.0001,2.4963,0.0002,5.9329,35.64,12.8057,26.928,35.6166
31.0,61.0,12.6524,41.3273,86.989,231.4458,0.0642,0.0003,99.1279,215.1296,49.0154,-16.4333,0.0,0.0001,2.496,-0.0003,5.9449,35.6471,12.6442,26.9658,35.6605
32.0,63.0,12.6167,41.2979,92.0477,231.7618,0.0653,0.0003,99.2363,215.1297,49.0154,-16.4333,0.0,0.0001,2.4964,0.0,5.9488,35.6515,12.6082,26.9764,35.6724
33.0,65.0,12.6158,41.2971,98.71,231.7339,0.0562,0.0003,99.2798,215.1298,49.0154,-16.4333,0.0,0.0001,2.495,-0.0005,5.9554,35.651,12.6071,26.9762,35.6722
34.0,67.0,12.5494,41.2254,92.4948,231.7098,0.0543,0.0003,99.3286,215.1298,49.0154,-16.4333,0.0,0.0001,2.4933,-0.0003,5.9572,35.6438,12.5404,26.9839,35.6826
35.0,69.0,12.4935,41.1684,89.7122,231.782,0.049,0.0002,99.4127,215.1299,49.0153,-16.4333,0.0,0.0001,2.4919,-0.0001,5.961,35.6406,12.4841,26.9924,35.6934
36.0,71.0,12.4851,41.1547,94.3306,230.5595,0.0463,0.0002,99.4472,215.13,49.0153,-16.4333,0.0,0.0001,2.4847,-0.0027,5.9673,35.6346,12.4755,26.9895,35.6909
37.0,73.0,12.4362,41.1028,93.7907,231.8356,0.0452,0.0002,99.4435,215.13,49.0153,-16.4333,0.0,0.0001,2.4887,0.0002,5.9685,35.63,12.4264,26.9957,35.699
38.0,75.0,12.4335,41.1025,89.6005,231.7033,0.0442,0.0002,99.4906,215.1301,49.0153,-16.4333,0.0,0.0001,2.4874,-0.0006,5.9723,35.6311,12.4234,26.9971,35.7005
39.0,77.0,12.4226,41.0907,93.0846,231.9091,0.0422,0.0002,99.5135,215.1302,49.0153,-16.4333,0.0,0.0001,2.487,0.0003,5.9719,35.6295,12.4124,26.998,35.7019
40.0,79.0,12.4052,41.0742,92.0972,231.4214,0.0382,0.0002,99.5655,215.1303,49.0152,-16.4333,0.0,0.0001,2.4826,-0.0002,5.9756,35.629,12.3947,27.0011,35.7057
41.0,81.0,12.3803,41.0476,90.3825,231.0565,0.0367,0.0002,99.5909,215.1303,49.0152,-16.4333,0.0,0.0001,2.4785,-0.0006,5.9804,35.6258,12.3695,27.0036,35.7092
42.0,83.0,12.3711,41.0366,98.71,231.273,0.0375,0.0002,99.5745,215.1304,49.0152,-16.4333,0.0,0.0001,2.4773,0.0001,5.983,35.6232,12.36,27.0034,35.7094
43.0,85.0,12.342,41.0032,88.9415,231.9541,0.0425,0.0002,99.5619,215.1305,49.0152,-16.4333,0.0,0.0001,2.4809,0.0004,5.9873,35.6177,12.3307,27.0048,35.7121
44.0,87.0,12.3004,40.9569,89.2167,232.2787,0.0406,0.0002,99.5606,215.1305,49.0152,-16.4333,0.0,0.0001,2.482,0.0003,5.9923,35.6113,12.2889,27.0081,35.717
45.0,89.0,12.2672,40.9217,95.2587,232.0282,0.0372,0.0002,99.5714,215.1306,49.0151,-16.4333,0.0,0.0001,2.4807,-0.0006,5.9946,35.6078,12.2555,27.0119,35.7222
46.0,91.0,12.2449,40.898,94.071,231.4669,0.0365,0.0002,99.5705,215.1307,49.0151,-16.4333,0.0,0.0001,2.4751,-0.0005,5.9955,35.6048,12.2328,27.0139,35.7252
47.0,93.0,12.2465,40.9025,90.9583,229.3784,0.0314,0.0002,99.6201,215.1308,49.0151,-16.4333,0.0,0.0001,2.4617,-0.0028,5.9967,35.6068,12.2341,27.0153,35.7265
48.0,95.0,12.2448,40.9019,90.0039,229.5507,0.0335,0.0002,99.5968,215.1308,49.0151,-16.4333,0.0,0.0001,2.4573,-0.0003,5.9971,35.607,12.2321,27.0158,35.7271
49.0,97.0,12.2419,40.8998,95.7741,229.5476,0.0299,0.0002,99.5939,215.1309,49.015,-16.4332,0.0,0.0001,2.4553,0.0,5.9979,35.6068,12.229,27.0162,35.7276
50.0,99.0,12.2286,40.8855,92.6212,229.7823,0.0309,0.0002,99.5746,215.131,49.015,-16.4332,0.0,0.0001,2.4566,-0.0001,6.0001,35.6048,12.2155,27.0173,35.7292
51.0,101.0,12.1927,40.8462,85.882,230.2999,0.0338,0.0002,99.5593,215.1312,49.015,-16.4332,0.0,0.0001,2.4593,0.0001,6.0032,35.5998,12.1793,27.0205,35.7339
52.0,103.0,12.1702,40.8218,92.2608,231.6178,0.0344,0.0002,99.5315,215.1313,49.0149,-16.4332,0.0,0.0001,2.4675,0.0007,6.0073,35.5967,12.1566,27.0225,35.7369
53.0,105.0,12.1504,40.8006,94.536,232.047,0.0312,0.0002,99.49,215.1315,49.0149,-16.4332,0.0,0.0001,2.4715,0.0001,6.0085,35.5938,12.1365,27.0242,35.7393
54.0,107.0,12.173,40.8347,98.7022,229.7552,0.0308,0.0002,99.511,215.1316,49.0149,-16.4332,0.0,0.0001,2.4618,-0.0042,6.0067,35.6047,12.1589,27.0283,35.7425
55.0,109.0,12.1725,40.8365,85.9703,229.7768,0.0292,0.0002,99.4979,215.1316,49.0149,-16.4332,0.0,0.0001,2.4553,-0.0015,6.0083,35.6061,12.1581,27.0295,35.7437
56.0,111.0,12.1445,40.806,97.4552,227.2717,0.0278,0.0002,99.5067,215.1317,49.0148,-16.4332,0.0,0.0001,2.4358,-0.003,6.0116,35.6022,12.1299,27.0319,35.7473
57.0,113.0,12.1158,40.7738,92.2546,228.2267,0.0301,0.0002,99.4851,215.1318,49.0148,-16.4332,0.0,0.0001,2.4364,-0.0003,6.0147,35.5971,12.1009,27.0336,35.7502
58.0,115.0,12.0792,40.7319,98.7062,227.7072,0.0266,0.0002,99.4815,215.1318,49.0148,-16.4332,0.0,0.0001,2.4318,-0.0007,6.017,35.5901,12.064,27.0353,35.7534
59.0,117.0,12.075,40.7265,88.2648,226.9092,0.0248,0.0002,99.4655,215.1319,49.0148,-16.4332,0.0,0.0001,2.4254,-0.0018,6.023,35.5881,12.0596,27.0346,35.7529
60.0,119.0,12.0282,40.6739,81.7175,226.4158,0.0464,0.0002,99.437,215.132,49.0148,-16.4332,0.0,0.0001,2.4172,-0.0004,6.0234,35.5803,12.0125,27.0376,35.7578
61.0,121.0,12.0299,40.6764,93.1038,225.9315,0.046,0.0002,99.4347,215.132,49.0148,-16.4332,0.0,0.0001,2.4156,-0.0011,6.022,35.5807,12.0141,27.0376,35.7578
62.0,123.0,12.0343,40.6835,91.0799,227.4287,0.0282,0.0002,99.4311,215.132,49.0148,-16.4332,0.0,0.0001,2.4196,0.0019,6.0227,35.5823,12.0181,27.0381,35.7581
63.0,125.0,12.0364,40.6866,98.6984,227.2272,0.0263,0.0002,99.4153,215.1321,49.0148,-16.4331,0.0,0.0001,2.4218,0.0002,6.0227,35.5828,12.0201,27.0381,35.758
64.0,127.0,12.0446,40.7007,98.5814,229.4411,0.025,0.0002,99.4297,215.1321,49.0147,-16.4331,0.0,0.0001,2.4313,0.0038,6.0236,35.5875,12.028,27.0402,35.7598
65.0,129.0,12.0504,40.7088,91.1162,228.6331,0.0258,0.0002,99.4065,215.1322,49.0147,-16.4331,0.0,0.0001,2.4327,0.0,6.024,35.5892,12.0335,27.0405,35.7598
66.0,131.0,12.0333,40.6908,94.4122,230.1176,0.0277,0.0002,99.4128,215.1323,49.0147,-16.4331,0.0,0.0001,2.4391,0.0023,6.0249,35.5867,12.0161,27.0419,35.7619
67.0,133.0,12.0224,40.6794,98.6069,229.6371,0.0249,0.0002,99.3875,215.1323,49.0147,-16.4331,0.0,0.0001,2.4406,-0.0002,6.025,35.5852,12.005,27.0429,35.7634
68.0,135.0,12.0291,40.6888,98.695,232.0787,0.0272,0.0002,99.4359,215.1324,49.0147,-16.4331,0.0,0.0001,2.4487,0.0048,6.0255,35.5872,12.0114,27.0432,35.7634
69.0,137.0,12.0294,40.6913,90.7876,230.8681,0.0256,0.0002,99.3946,215.1324,49.0147,-16.4331,0.0,0.0001,2.4498,-0.0001,6.0238,35.5884,12.0114,27.0441,35.7643
70.0,139.0,12.0535,40.7247,98.69,230.6873,0.0221,0.0002,99.4419,215.1325,49.0147,-16.4331,0.0,0.0001,2.4477,0.0,6.0213,35.5972,12.0353,27.0464,35.7655
71.0,141.0,12.0609,40.7362,84.2218,230.2925,0.0245,0.0002,99.4229,215.1325,49.0146,-16.4331,0.0,0.0001,2.4458,-0.0003,6.0221,35.6003,12.0424,27.0474,35.7662
72.0,143.0,12.0529,40.7269,98.71,231.025,0.0246,0.0002,99.4272,215.1326,49.0146,-16.4331,0.0,0.0001,2.4473,0.0012,6.0222,35.598,12.0341,27.0472,35.7664
73.0,145.0,12.0455,40.7193,98.71,231.112,0.0238,0.0002,99.4121,215.1327,49.0146,-16.4331,0.0,0.0001,2.449,0.0004,6.0234,35.5967,12.0264,27.0477,35.7672
74.0,147.0,12.045,40.7186,88.4245,231.4999,0.0233,0.0002,99.3979,215.1327,49.0146,-16.4331,0.0,0.0001,2.4513,0.0006,6.0243,35.5961,12.0257,27.0473,35.7668
75.0,149.0,12.0127,40.6817,73.6924,232.7238,0.0223,0.0002,99.407,215.1328,49.0146,-16.4331,0.0,0.0001,2.4577,0.0019,6.0247,35.5895,11.9931,27.0485,35.7694
76.0,151.0,12.0167,40.6867,96.6621,231.6885,0.0223,0.0002,99.3653,215.1328,49.0146,-16.4331,0.0,0.0001,2.4543,-0.0009,6.0272,35.59,11.9969,27.0482,35.7689
77.0,153.0,11.9705,40.634,98.71,234.5852,0.0221,0.0002,99.3962,215.1329,49.0146,-16.4331,0.0,0.0001,2.4603,0.0062,6.0271,35.5812,11.9505,27.0502,35.7729
78.0,155.0,11.9726,40.6366,88.7057,233.087,0.0243,0.0002,99.374,215.1329,49.0146,-16.4331,0.0,0.0001,2.4629,-0.0002,6.0293,35.5811,11.9523,27.0498,35.7724
79.0,157.0,11.9594,40.6224,84.513,230.0415,0.0227,0.0002,99.3781,215.133,49.0146,-16.4331,0.0,0.0001,2.4467,-0.0043,6.0321,35.5789,11.9389,27.0507,35.7739
80.0,159.0,11.969,40.6366,97.0449,230.0739,0.025,0.0003,99.363,215.133,49.0145,-16.4331,0.0,0.0001,2.4408,-0.0021,6.0313,35.5828,11.9482,27.0519,35.7747
81.0,161.0,11.9747,40.644,95.0696,230.8078,0.0269,0.0003,99.3584,215.1331,49.0145,-16.4331,0.0,0.0001,2.4416,-0.0003,6.0317,35.5839,11.9537,27.0517,35.7742
82.0,163.0,11.9702,40.6429,98.71,227.0802,0.0231,0.0003,99.3602,215.1331,49.0145,-16.4331,0.0,0.0001,2.4266,-0.0073,6.0321,35.5861,11.9489,27.0544,35.777
83.0,165.0,11.9679,40.6411,90.7055,229.1714,0.0229,0.0003,99.3277,215.1332,49.0145,-16.4331,0.0,0.0001,2.4269,-0.0002,6.0329,35.5857,11.9464,27.0545,35.7773
84.0,167.0,11.9477,40.6203,98.6181,227.9445,0.0238,0.0003,99.313,215.1333,49.0145,-16.4331,0.0,0.0001,2.4179,-0.0016,6.0365,35.5835,11.9258,27.0568,35.7804
85.0,169.0,11.9249,40.5962,87.3491,228.3714,0.0257,0.0003,99.3108,215.1333,49.0145,-16.4331,0.0,0.0001,2.4172,-0.0003,6.0397,35.5809,11.9028,27.0592,35.7837
86.0,171.0,11.911,40.5785,88.7766,230.7726,0.0235,0.0003,99.2915,215.1334,49.0145,-16.4331,0.0,0.0001,2.4275,0.0035,6.0425,35.5759,11.8887,27.058,35.7832
87.0,173.0,11.8949,40.5625,98.6383,230.5304,0.0224,0.0003,99.2789,215.1334,49.0145,-16.4331,0.0,0.0001,2.433,0.0,6.0426,35.5747,11.8724,27.0601,35.786
88.0,175.0,11.8954,40.5632,98.71,231.7081,0.02,0.0003,99.2534,215.1335,49.0145,-16.4331,0.0,0.0001,2.4365,0.0022,6.0443,35.5742,11.8725,27.0597,35.7856
89.0,177.0,11.8836,40.5524,86.765,230.9206,0.0272,0.0003,99.2553,215.1335,49.0145,-16.4331,0.0,0.0001,2.4357,-0.0003,6.044,35.5738,11.8605,27.0617,35.7881
90.0,179.0,11.8841,40.5537,98.6993,230.7045,0.0247,0.0003,99.2484,215.1336,49.0144,-16.4331,0.0,0.0001,2.4337,-0.0005,6.0443,35.574,11.8608,27.0618,35.7882
91.0,181.0,11.8821,40.5531,75.9916,230.9692,0.0247,0.0003,99.2468,215.1336,49.0144,-16.4331,0.0,0.0001,2.4343,0.0,6.0444,35.5744,11.8585,27.0626,35.789
92.0,183.0,11.8831,40.5553,92.9565,231.05,0.0248,0.0003,99.2243,215.1337,49.0144,-16.4331,0.0,0.0001,2.4338,0.0,6.0466,35.5748,11.8593,27.0627,35.7891
93.0,185.0,11.8535,40.5239,98.7025,230.8335,0.0263,0.0003,99.2297,215.1337,49.0144,-16.433,0.0,0.0001,2.4322,-0.0006,6.0489,35.5712,11.8294,27.0657,35.7933
94.0,187.0,11.8412,40.5114,87.7066,230.9411,0.029,0.0003,99.2059,215.1338,49.0144,-16.4331,0.0,0.0001,2.432,-0.0002,6.0502,35.5701,11.8169,27.0672,35.7953
95.0,189.0,11.8177,40.4838,91.8525,231.9166,0.0251,0.0003,99.1927,215.1339,49.0144,-16.433,0.0,0.0001,2.4335,0.0014,6.0542,35.5642,11.7932,27.0671,35.7963
96.0,191.0,11.7992,40.4646,87.6043,231.3799,0.026,0.0003,99.1984,215.1339,49.0144,-16.433,0.0,0.0001,2.4342,-0.0005,6.0534,35.5622,11.7744,27.0691,35.7991
97.0,193.0,11.7935,40.4586,98.7,232.4446,0.0247,0.0003,99.2021,215.134,49.0143,-16.433,0.0,0.0001,2.4349,0.0016,6.0621,35.5609,11.7684,27.0693,35.7995
98.0,195.0,11.7431,40.4026,98.6987,233.2601,0.0273,0.0003,99.178,215.134,49.0143,-16.433,0.0,0.0001,2.4437,0.0008,6.0602,35.553,11.7178,27.0728,35.8051
99.0,197.0,11.7572,40.4184,98.71,233.1744,0.0255,0.0003,99.176,215.1341,49.0143,-16.433,0.0,0.0001,2.4432,0.0003,6.0627,35.5545,11.7317,27.0713,35.803
100.0,199.0,11.7369,40.3978,80.492,233.4265,0.0275,0.0003,99.1743,215.1341,49.0143,-16.433,0.0,0.0001,2.445,0.0002,6.0624,35.5525,11.7111,27.0736,35.8062
101.0,201.0,11.7351,40.3956,98.6666,233.5964,0.0254,0.0003,99.176,215.1342,49.0143,-16.433,0.0,0.0001,2.4442,0.0006,6.0652,35.5514,11.7091,27.0732,35.8058
102.0,203.0,11.7236,40.3853,86.1678,233.9605,0.0288,0.0003,99.175,215.1343,49.0143,-16.433,0.0,0.0001,2.4475,0.0002,6.0652,35.5512,11.6973,27.0752,35.8084
103.0,205.0,11.7248,40.3882,98.6908,233.4621,0.0291,0.0003,99.176,215.1343,49.0143,-16.433,0.0,0.0001,2.4452,-0.0007,6.0652,35.552,11.6983,27.0756,35.8087
104.0,207.0,11.7314,40.3984,97.1933,233.9708,0.028,0.0003,99.1707,215.1344,49.0143,-16.433,0.0,0.0001,2.4468,0.0001,6.0644,35.5551,11.7047,27.0768,35.8096
105.0,209.0,11.7341,40.4082,98.71,232.7314,0.0283,0.0003,99.1927,215.1344,49.0143,-16.433,0.0,0.0001,2.4398,-0.0012,6.0642,35.5609,11.7071,27.0809,35.8135
106.0,211.0,11.7339,40.4078,49.5219,232.767,0.0284,0.0003,99.1833,215.1345,49.0143,-16.433,0.0,0.0001,2.4378,-0.0007,6.0651,35.5602,11.7067,27.0804,35.8131
107.0,213.0,11.7211,40.3954,96.909,232.9714,0.0299,0.0003,99.164,215.1345,49.0143,-16.433,0.0,0.0001,2.4379,0.0,6.0653,35.5592,11.6936,27.0821,35.8153
108.0,215.0,11.7201,40.3943,98.6975,232.9782,0.0269,0.0003,99.176,215.1346,49.0142,-16.433,0.0,0.0001,2.437,-0.0004,6.0697,35.5582,11.6924,27.0816,35.8149
109.0,217.0,11.6874,40.3582,86.2927,233.8555,0.0271,0.0003,99.1719,215.1346,49.0142,-16.433,0.0,0.0001,2.4423,0.0004,6.0681,35.5529,11.6593,27.0838,35.8184
110.0,219.0,11.6955,40.3699,98.695,233.64,0.0277,0.0003,99.176,215.1347,49.0142,-16.433,0.0,0.0001,2.4401,0.0001,6.0688,35.5559,11.6672,27.0846,35.8188
111.0,221.0,11.7006,40.38,87.0957,233.8957,0.027,0.0003,99.1662,215.1348,49.0142,-16.433,0.0,0.0001,2.4418,0.0001,6.0684,35.56,11.672,27.0869,35.8209
112.0,223.0,11.6993,40.3778,82.3812,234.1285,0.0248,0.0003,99.176,215.1348,49.0142,-16.433,0.0,0.0001,2.4423,0.0006,6.0684,35.5582,11.6705,27.0858,35.8199
113.0,225.0,11.7048,40.3892,98.7077,234.0833,0.0282,0.0003,99.1777,215.1349,49.0142,-16.433,0.0,0.0001,2.4432,0.0,6.0684,35.5633,11.6756,27.0887,35.8226
114.0,227.0,11.7042,40.3889,80.6657,233.6063,0.0283,0.0003,99.176,215.1349,49.0142,-16.433,0.0,0.0001,2.4403,-0.0008,6.0698,35.5628,11.6749,27.0885,35.8224
115.0,229.0,11.6889,40.3744,84.199,233.7106,0.0264,0.0003,99.1737,215.135,49.0142,-16.433,0.0,0.0001,2.439,-0.0004,6.0715,35.5622,11.6592,27.091,35.8255
116.0,231.0,11.6834,40.3687,81.2794,233.5063,0.0239,0.0003,99.176,215.135,49.0142,-16.433,0.0,0.0001,2.4375,-0.0006,6.0714,35.5612,11.6536,27.0913,35.826
117.0,233.0,11.6252,40.3025,98.6931,234.3625,0.028,0.0003,99.1667,215.1351,49.0142,-16.433,0.0,0.0001,2.4404,0.0007,6.0737,35.5505,11.5951,27.094,35.8312
118.0,235.0,11.6396,40.3198,98.68,234.2861,0.0309,0.0003,99.1582,215.1351,49.0141,-16.433,0.0,0.0001,2.4397,-0.0001,6.0787,35.5531,11.6094,27.0933,35.8299
119.0,237.0,11.6156,40.2941,98.71,234.5966,0.0276,0.0003,99.1561,215.1352,49.0141,-16.433,0.0,0.0001,2.441,0.0003,6.0787,35.5497,11.5851,27.0953,35.8329
120.0,239.0,11.6164,40.2959,81.0432,234.6504,0.0258,0.0003,99.1561,215.1352,49.0141,-16.4329,0.0,0.0001,2.4411,0.0,6.0809,35.55,11.5857,27.0954,35.833
121.0,241.0,11.6071,40.2871,96.3114,234.4653,0.0248,0.0003,99.1523,215.1353,49.0141,-16.4329,0.0,0.0001,2.44,-0.0003,6.0802,35.5492,11.576,27.0965,35.8346
122.0,243.0,11.6108,40.2916,90.6364,234.5676,0.0277,0.0003,99.1394,215.1354,49.0141,-16.433,0.0,0.0001,2.439,0.0,6.0822,35.5494,11.5796,27.0961,35.8339
123.0,245.0,11.5945,40.2742,98.71,234.662,0.0273,0.0003,99.1574,215.1354,49.0141,-16.433,0.0,0.0001,2.4394,-0.0001,6.082,35.547,11.563,27.0973,35.8359
124.0,247.0,11.5893,40.2693,90.2013,235.0553,0.0277,0.0003,99.1608,215.1355,49.0141,-16.433,0.0,0.0001,2.4413,0.0002,6.0831,35.5463,11.5576,27.0978,35.8366
125.0,249.0,11.5801,40.2605,98.4933,235.8837,0.0274,0.0003,99.1534,215.1355,49.0141,-16.4329,0.0,0.0001,2.4441,0.0015,6.0836,35.5453,11.548,27.0988,35.838
126.0,251.0,11.5808,40.2627,90.5204,235.3825,0.0267,0.0003,99.1512,215.1356,49.0141,-16.4329,0.0,0.0001,2.4441,-0.0001,6.084,35.546,11.5485,27.0993,35.8385
127.0,253.0,11.5814,40.2641,83.4597,234.9954,0.0227,0.0003,99.1652,215.1356,49.014,-16.4329,0.0,0.0001,2.4413,-0.0008,6.0842,35.5461,11.5489,27.0992,35.8384
128.0,255.0,11.5812,40.2662,98.705,235.2999,0.0262,0.0003,99.149,215.1357,49.014,-16.4329,0.0,0.0001,2.4416,0.0,6.0845,35.5473,11.5484,27.1003,35.8395
129.0,257.0,11.5824,40.2696,72.4515,234.4489,0.027,0.0003,99.1646,215.1357,49.014,-16.4329,0.0,0.0001,2.4378,-0.0014,6.0841,35.5486,11.5494,27.1011,35.8402
130.0,259.0,11.5807,40.2712,95.4902,234.5501,0.0239,0.0003,99.1739,215.1358,49.014,-16.4329,0.0,0.0001,2.4348,-0.0002,6.0844,35.5508,11.5474,27.1032,35.8423
131.0,261.0,11.5799,40.2707,98.695,234.2514,0.0264,0.0003,99.1571,215.1358,49.014,-16.4329,0.0,0.0001,2.4326,-0.0005,6.0846,35.5504,11.5463,27.1031,35.8423
132.0,263.0,11.5797,40.2753,98.71,233.8948,0.0249,0.0003,99.176,215.1359,49.014,-16.4329,0.0,0.0001,2.4296,-0.001,6.0843,35.5542,11.5459,27.1061,35.8453
133.0,265.0,11.5815,40.2806,90.0252,234.2299,0.0223,0.0003,99.176,215.1359,49.014,-16.4329,0.0,0.0001,2.431,-0.0001,6.0836,35.5568,11.5475,27.1079,35.847
134.0,267.0,11.591,40.2932,98.7002,233.3036,0.0245,0.0003,99.1712,215.136,49.014,-16.4329,0.0,0.0001,2.4263,-0.0013,6.0804,35.5592,11.5566,27.108,35.8467
135.0,269.0,11.6179,40.3297,77.0771,233.719,0.0217,0.0003,99.1772,215.136,49.014,-16.4329,0.0,0.0001,2.4256,0.0003,6.0798,35.5683,11.5832,27.1101,35.8476
136.0,271.0,11.614,40.3255,93.7172,233.2651,0.0191,0.0003,99.1726,215.136,49.014,-16.4329,0.0,0.0001,2.4247,-0.0009,6.0777,35.5672,11.5791,27.11,35.8476
137.0,273.0,11.6264,40.3437,98.6978,232.606,0.0208,0.0003,99.1532,215.1361,49.0139,-16.4329,0.0,0.0001,2.4205,-0.0018,6.0798,35.5726,11.5912,27.1119,35.849
138.0,275.0,11.6066,40.3219,91.6358,233.2461,0.0237,0.0003,99.1748,215.1361,49.0139,-16.4329,0.0,0.0001,2.4212,0.0,6.0795,35.569,11.5712,27.1129,35.8508
139.0,277.0,11.6124,40.3308,98.6978,232.8633,0.0227,0.0003,99.18,215.1362,49.0139,-16.4329,0.0,0.0001,2.4186,-0.0005,6.0794,35.5712,11.5767,27.1136,35.8513
140.0,279.0,11.6195,40.3406,87.7674,232.795,0.0241,0.0003,99.176,215.1362,49.0139,-16.4329,0.0,0.0001,2.4182,-0.0005,6.0777,35.5733,11.5835,27.1139,35.8513
141.0,281.0,11.6365,40.3639,98.7008,231.6987,0.0216,0.0003,99.1712,215.1363,49.0139,-16.4328,0.0,0.0001,2.4116,-0.0017,6.0757,35.579,11.6002,27.1152,35.8519
142.0,283.0,11.6438,40.3748,78.9796,231.5615,0.0217,0.0003,99.1461,215.1363,49.0139,-16.4328,0.0,0.0001,2.4078,-0.0006,6.0755,35.5818,11.6072,27.1161,35.8524
143.0,285.0,11.6424,40.3736,93.0884,231.0444,0.0213,0.0003,99.1652,215.1364,49.0139,-16.4328,0.0,0.0001,2.4058,-0.0012,6.0748,35.5813,11.6056,27.116,35.8524
144.0,287.0,11.6422,40.3761,98.705,230.887,0.0231,0.0003,99.1717,215.1364,49.0139,-16.4328,0.0,0.0001,2.4003,-0.0006,6.076,35.583,11.6051,27.1174,35.8538
145.0,289.0,11.6352,40.3697,98.5855,230.6169,0.0213,0.0003,99.176,215.1364,49.0139,-16.4328,0.0,0.0001,2.3987,-0.0007,6.0763,35.5826,11.5979,27.1184,35.8551
146.0,291.0,11.6174,40.3522,98.6997,231.1962,0.0229,0.0003,99.167,215.1365,49.0139,-16.4328,0.0,0.0001,2.4002,0.0001,6.0788,35.5814,11.5799,27.1209,35.8584
147.0,293.0,11.6096,40.343,73.4675,229.9013,0.0199,0.0003,99.1742,215.1365,49.0138,-16.4328,0.0,0.0001,2.3943,-0.0024,6.0811,35.579,11.5718,27.1206,35.8584
148.0,295.0,11.5937,40.3263,95.1477,230.505,0.0204,0.0003,99.1567,215.1366,49.0138,-16.4328,0.0,0.0001,2.3934,-0.0001,6.0812,35.5767,11.5557,27.1218,35.8602
149.0,297.0,11.5935,40.3263,98.4299,229.9432,0.0202,0.0003,99.176,215.1366,49.0138,-16.4328,0.0,0.0001,2.3905,-0.0013,6.0828,35.5762,11.5552,27.1215,35.86
150.0,299.0,11.5837,40.3174,98.7025,230.117,0.0191,0.0003,99.176,215.1367,49.0138,-16.4328,0.0,0.0001,2.3895,-0.0003,6.0829,35.5757,11.5451,27.123,35.8619
151.0,301.0,11.5852,40.3196,77.2378,230.2216,0.022,0.0003,99.1615,215.1367,49.0138,-16.4328,0.0,0.0001,2.3892,0.0,6.0832,35.5758,11.5464,27.1228,35.8617
152.0,303.0,11.5827,40.3184,94.2752,230.3421,0.0215,0.0003,99.1733,215.1368,49.0138,-16.4328,0.0,0.0001,2.3895,0.0001,6.0837,35.5761,11.5437,27.1236,35.8626
153.0,305.0,11.5785,40.316,96.6015,230.7648,0.0217,0.0003,99.1693,215.1368,49.0138,-16.4328,0.0,0.0001,2.3908,0.0006,6.0837,35.5767,11.5392,27.1249,35.864
154.0,307.0,11.5741,40.3125,89.0488,230.6237,0.0203,0.0003,99.1561,215.1369,49.0138,-16.4328,0.0,0.0001,2.3913,-0.0002,6.084,35.5767,11.5345,27.1258,35.8651
155.0,309.0,11.5734,40.3122,98.7,230.4276,0.0181,0.0003,99.1652,215.1369,49.0138,-16.4328,0.0,0.0001,2.3887,-0.0003,6.0852,35.5762,11.5337,27.1256,35.8649
156.0,311.0,11.566,40.3052,92.0523,230.9474,0.0183,0.0003,99.1648,215.1369,49.0138,-16.4328,0.0,0.0001,2.3895,0.0007,6.0847,35.5753,11.5259,27.1263,35.866
157.0,313.0,11.5624,40.3019,88.612,230.5139,0.0203,0.0003,99.1511,215.137,49.0138,-16.4328,0.0,0.0001,2.3885,-0.0004,6.0867,35.575,11.5221,27.1268,35.8666
158.0,315.0,11.5391,40.2767,98.6944,231.9675,0.0234,0.0003,99.1688,215.137,49.0138,-16.4328,0.0,0.0001,2.3932,0.0021,6.0877,35.5712,11.4986,27.1283,35.8691
159.0,317.0,11.5421,40.2806,83.6183,230.998,0.0226,0.0003,99.1543,215.1371,49.0138,-16.4328,0.0,0.0001,2.3918,-0.0007,6.0895,35.5716,11.5013,27.128,35.8687
160.0,319.0,11.5318,40.2701,94.7477,229.9311,0.0218,0.0003,99.1533,215.1371,49.0137,-16.4328,0.0,0.0001,2.3859,-0.0021,6.0901,35.5702,11.4908,27.129,35.8701
161.0,321.0,11.5209,40.2594,98.695,230.0319,0.0218,0.0003,99.1489,215.1372,49.0137,-16.4328,0.0,0.0001,2.3814,-0.0005,6.0912,35.5689,11.4796,27.13,35.8717
162.0,323.0,11.5159,40.255,98.702,230.42,0.0205,0.0003,99.172,215.1372,49.0137,-16.4328,0.0,0.0001,2.3818,0.0002,6.0926,35.5686,11.4744,27.1308,35.8726
163.0,325.0,11.5098,40.248,98.7053,229.8481,0.0185,0.0003,99.1698,215.1373,49.0137,-16.4328,0.0,0.0001,2.3802,-0.0012,6.0928,35.5667,11.4681,27.1305,35.8726
164.0,327.0,11.5089,40.2482,90.7453,230.2629,0.0235,0.0003,99.1557,215.1373,49.0137,-16.4328,0.0,0.0001,2.3806,0.0,6.0924,35.567,11.4668,27.131,35.8731
165.0,329.0,11.5099,40.2504,95.4706,229.8351,0.021,0.0003,99.1507,215.1373,49.0137,-16.4328,0.0,0.0001,2.3785,-0.0007,6.092,35.5671,11.4676,27.1309,35.873
166.0,331.0,11.5114,40.253,92.0786,230.5794,0.0202,0.0003,99.1457,215.1374,49.0137,-16.4328,0.0,0.0001,2.3807,0.0007,6.0921,35.5676,11.4689,27.131,35.8731
167.0,333.0,11.5183,40.2633,98.6941,232.1423,0.021,0.0003,99.1519,215.1374,49.0137,-16.4328,0.0,0.0001,2.389,0.0021,6.0919,35.5701,11.4755,27.1318,35.8735
168.0,335.0,11.5167,40.2627,98.6903,232.1087,0.0233,0.0003,99.1669,215.1375,49.0137,-16.4328,0.0,0.0001,2.3919,0.0006,6.0922,35.5702,11.4736,27.1321,35.874
169.0,337.0,11.5144,40.2609,84.1948,232.3957,0.0216,0.0003,99.1643,215.1375,49.0137,-16.4328,0.0,0.0001,2.3943,0.0004,6.0926,35.5697,11.4711,27.1323,35.8742
170.0,339.0,11.5102,40.2574,98.6317,232.4255,0.0205,0.0003,99.1556,215.1376,49.0137,-16.4328,0.0,0.0001,2.3952,-0.0001,6.0931,35.5693,11.4666,27.1328,35.8749
171.0,341.0,11.5119,40.2588,98.6971,232.5842,0.0215,0.0003,99.1533,215.1376,49.0137,-16.4328,0.0,0.0001,2.3956,0.0002,6.0935,35.5685,11.4681,27.1318,35.8739
172.0,343.0,11.4962,40.2428,89.7851,232.3881,0.0207,0.0003,99.1666,215.1377,49.0136,-16.4328,0.0,0.0001,2.3939,-0.0001,6.0933,35.5665,11.4521,27.1333,35.8761
173.0,345.0,11.4984,40.2462,98.695,232.931,0.0206,0.0003,99.1511,215.1377,49.0136,-16.4328,0.0,0.0001,2.3956,0.0006,6.0965,35.5671,11.4541,27.1334,35.8761
174.0,347.0,11.4845,40.2313,98.096,231.5808,0.0211,0.0003,99.176,215.1377,49.0136,-16.4328,0.0,0.0001,2.391,-0.0021,6.0962,35.5649,11.44,27.1343,35.8776
175.0,349.0,11.4795,40.2267,98.703,232.05,0.0202,0.0003,99.1738,215.1378,49.0136,-16.4328,0.0,0.0001,2.3896,-0.0004,6.0973,35.5643,11.4347,27.1348,35.8783
176.0,351.0,11.4772,40.2244,71.9428,231.0497,0.02,0.0003,99.176,215.1378,49.0136,-16.4328,0.0,0.0001,2.3858,-0.002,6.0984,35.5633,11.4322,27.1345,35.8781
177.0,353.0,11.4594,40.2055,92.1997,232.0398,0.0225,0.0003,99.1735,215.1379,49.0136,-16.4328,0.0,0.0001,2.3866,0.0002,6.1005,35.5608,11.4141,27.136,35.8803
178.0,355.0,11.4464,40.1909,88.8549,232.3868,0.0214,0.0003,99.176,215.1379,49.0136,-16.4328,0.0,0.0001,2.3864,0.0007,6.102,35.5578,11.4009,27.1361,35.881
179.0,357.0,11.4308,40.1746,98.7054,232.4338,0.0227,0.0003,99.1791,215.138,49.0136,-16.4328,0.0,0.0001,2.3871,0.0001,6.1042,35.5558,11.385,27.1375,35.8831
180.0,359.0,11.4258,40.1692,98.71,233.1232,0.0194,0.0003,99.176,215.138,49.0136,-16.4328,0.0,0.0001,2.3902,0.0008,6.1062,35.5544,11.3798,27.1374,35.8832
181.0,361.0,11.4145,40.1571,89.69,233.4069,0.0226,0.0003,99.1818,215.1381,49.0136,-16.4328,0.0,0.0001,2.3925,0.0009,6.1054,35.5525,11.3683,27.1381,35.8844
182.0,363.0,11.4092,40.1519,91.6848,232.9987,0.023,0.0003,99.1663,215.1381,49.0136,-16.4328,0.0,0.0001,2.3919,-0.0006,6.107,35.5518,11.3628,27.1385,35.8851
183.0,365.0,11.4014,40.1414,98.7033,233.3017,0.0237,0.0003,99.167,215.1381,49.0136,-16.4328,0.0,0.0001,2.3906,0.0006,6.1068,35.548,11.3548,27.1371,35.884
184.0,367.0,11.3875,40.1294,89.6257,233.7434,0.0216,0.0003,99.1792,215.1382,49.0136,-16.4328,0.0,0.0001,2.394,0.0005,6.1085,35.5484,11.3406,27.14,35.8875
185.0,369.0,11.389,40.1316,98.71,233.5913,0.0203,0.0003,99.1931,215.1383,49.0136,-16.4328,0.0,0.0001,2.3932,-0.0003,6.1111,35.5481,11.3418,27.1396,35.887
186.0,371.0,11.371,40.1132,98.7,233.4224,0.0222,0.0003,99.1889,215.1383,49.0136,-16.4328,0.0,0.0001,2.3922,-0.0008,6.1106,35.5461,11.3235,27.1414,35.8896
187.0,373.0,11.3713,40.1143,98.695,233.5666,0.0204,0.0003,99.1832,215.1383,49.0136,-16.4328,0.0,0.0001,2.392,-0.0001,6.1114,35.5463,11.3237,27.1415,35.8897
188.0,375.0,11.3616,40.1035,98.71,232.6722,0.0226,0.0003,99.1615,215.1384,49.0135,-16.4328,0.0,0.0001,2.3871,-0.0013,6.1114,35.5439,11.3137,27.1415,35.8902
189.0,377.0,11.3555,40.0993,92.133,233.3743,0.0203,0.0003,99.1913,215.1384,49.0135,-16.4328,0.0,0.0001,2.3884,0.0002,6.1121,35.5448,11.3073,27.1434,35.8923
190.0,379.0,11.3601,40.1047,97.5233,232.584,0.0209,0.0003,99.2013,215.1385,49.0135,-16.4328,0.0,0.0001,2.385,-0.0015,6.1158,35.5448,11.3118,27.1426,35.8913
191.0,381.0,11.3429,40.0869,98.71,231.8813,0.0189,0.0003,99.2049,215.1385,49.0135,-16.4328,0.0,0.0001,2.3802,-0.0021,6.1153,35.5428,11.2943,27.1443,35.8937
192.0,383.0,11.3324,40.0761,95.5156,232.8169,0.0219,0.0003,99.197,215.1386,49.0135,-16.4328,0.0,0.0001,2.3814,0.0003,6.1158,35.5412,11.2835,27.145,35.8949
193.0,385.0,11.3346,40.0787,98.71,231.0146,0.019,0.0003,99.2049,215.1386,49.0135,-16.4328,0.0,0.0001,2.3755,-0.0036,6.1199,35.5412,11.2855,27.1446,35.8944
194.0,387.0,11.3102,40.0525,84.684,229.7084,0.0209,0.0003,99.2049,215.1386,49.0135,-16.4328,0.0,0.0001,2.366,-0.0038,6.1197,35.5376,11.2609,27.1464,35.8972
195.0,389.0,11.3134,40.0578,97.5461,231.1564,0.0214,0.0003,99.2007,215.1387,49.0135,-16.4329,0.0,0.0001,2.3656,0.0004,6.1188,35.5389,11.2638,27.1469,35.8976
196.0,391.0,11.3169,40.0643,98.7,231.9067,0.0243,0.0003,99.1904,215.1387,49.0135,-16.4329,0.0,0.0001,2.3685,0.0012,6.1187,35.541,11.2671,27.1479,35.8985
197.0,393.0,11.311,40.0595,91.5446,231.9292,0.0241,0.0003,99.2017,215.1388,49.0135,-16.4329,0.0,0.0001,2.3706,0.0002,6.1194,35.5409,11.2609,27.149,35.8998
198.0,395.0,11.3095,40.0585,98.71,230.2995,0.0217,0.0003,99.2049,215.1388,49.0135,-16.4329,0.0,0.0001,2.3651,-0.0031,6.1207,35.5406,11.2592,27.1491,35.9
199.0,397.0,11.3007,40.0525,98.6953,230.994,0.0192,0.0003,99.1989,215.1389,49.0135,-16.4329,0.0,0.0001,2.3639,-0.0008,6.1203,35.542,11.2502,27.1518,35.9031
200.0,399.0,11.3,40.0525,90.0884,231.2634,0.0191,0.0003,99.1838,215.1389,49.0135,-16.4329,0.0,0.0001,2.3649,0.0,6.1202,35.5423,11.2493,27.1522,35.9035
201.0,401.0,11.2968,40.0498,98.71,231.7209,0.0201,0.0003,99.2034,215.139,49.0135,-16.4329,0.0,0.0001,2.3654,0.0007,6.1206,35.5414,11.2457,27.1522,35.9036
202.0,403.0,11.2935,40.0473,92.8601,231.6246,0.0194,0.0003,99.2005,215.139,49.0135,-16.4329,0.0,0.0001,2.367,0.0,6.121,35.5413,11.2422,27.1527,35.9043
203.0,405.0,11.298,40.0524,98.5186,230.815,0.0235,0.0003,99.2049,215.1391,49.0134,-16.4329,0.0,0.0001,2.3624,-0.0016,6.1226,35.5413,11.2464,27.1519,35.9033
204.0,407.0,11.289,40.0443,98.68,231.6165,0.0242,0.0003,99.2049,215.1391,49.0134,-16.4329,0.0,0.0001,2.3637,0.0005,6.1218,35.5409,11.2372,27.1533,35.9051
205.0,409.0,11.288,40.0441,89.0457,231.7487,0.0216,0.0003,99.1967,215.1391,49.0134,-16.4329,0.0,0.0001,2.3651,0.0002,6.1221,35.541,11.236,27.1537,35.9055
206.0,411.0,11.2892,40.047,98.6947,232.7961,0.0231,0.0003,99.2193,215.1392,49.0134,-16.4329,0.0,0.0001,2.3679,0.0019,6.1227,35.5416,11.2369,27.154,35.9057
207.0,413.0,11.2854,40.0452,86.6259,232.5846,0.0231,0.0003,99.1983,215.1392,49.0134,-16.4329,0.0,0.0001,2.3704,0.0003,6.1235,35.5424,11.2328,27.1554,35.9073
208.0,415.0,11.284,40.0427,98.6943,232.6256,0.0236,0.0003,99.2019,215.1393,49.0134,-16.4329,0.0,0.0001,2.3693,0.0001,6.126,35.5408,11.2312,27.1544,35.9064
209.0,417.0,11.2558,40.0127,94.6855,233.1789,0.021,0.0003,99.1971,215.1393,49.0134,-16.4329,0.0,0.0001,2.3728,0.0008,6.1258,35.5369,11.2027,27.1566,35.9099
210.0,419.0,11.2569,40.0143,98.6974,232.4747,0.0185,0.0003,99.1962,215.1394,49.0134,-16.4329,0.0,0.0001,2.3696,-0.0011,6.1291,35.5367,11.2037,27.1563,35.9095
211.0,421.0,11.2388,39.9953,98.6825,233.1014,0.019,0.0003,99.2162,215.1394,49.0134,-16.4329,0.0,0.0001,2.3699,0.0008,6.1276,35.5341,11.1853,27.1577,35.9116
212.0,423.0,11.237,39.9939,93.07,232.8852,0.0221,0.0003,99.1882,215.1395,49.0134,-16.4329,0.0,0.0001,2.3701,-0.0002,6.1294,35.534,11.1834,27.1579,35.912
213.0,425.0,11.2332,39.9907,45.1443,232.8019,0.0244,0.0003,99.1977,215.1395,49.0133,-16.4329,0.0,0.0001,2.3687,-0.0002,6.1294,35.5334,11.1792,27.1582,35.9124
214.0,427.0,11.2317,39.9899,96.2837,232.8094,0.0218,0.0003,99.1959,215.1395,49.0133,-16.4329,0.0,0.0001,2.3685,-0.0002,6.1293,35.5333,11.1775,27.1585,35.9128
215.0,429.0,11.231,39.9903,98.7061,232.4325,0.022,0.0003,99.2139,215.1396,49.0133,-16.4329,0.0,0.0001,2.3657,-0.0007,6.1299,35.5334,11.1765,27.1587,35.9131
216.0,431.0,11.2272,39.9874,98.692,232.9981,0.0249,0.0003,99.2185,215.1396,49.0133,-16.4329,0.0,0.0001,2.3674,0.0004,6.1306,35.5332,11.1725,27.1593,35.9138
217.0,433.0,11.2306,39.9918,97.1681,232.8748,0.0223,0.0003,99.1839,215.1397,49.0133,-16.4329,0.0,0.0001,2.3672,-0.0003,6.1318,35.5335,11.1756,27.159,35.9134
218.0,435.0,11.2179,39.9789,50.451,232.4622,0.0248,0.0003,99.176,215.1397,49.0133,-16.4329,0.0,0.0001,2.3646,-0.0009,6.1321,35.532,11.1626,27.1602,35.9151
219.0,437.0,11.2121,39.9744,97.511,232.8621,0.0215,0.0003,99.1829,215.1398,49.0133,-16.4329,0.0,0.0001,2.3651,0.0,6.1331,35.5322,11.1567,27.1614,35.9166
220.0,439.0,11.2066,39.97,98.6949,232.6951,0.0189,0.0003,99.1966,215.1398,49.0132,-16.4329,0.0,0.0001,2.3637,-0.0004,6.135,35.5323,11.1509,27.1626,35.918
221.0,441.0,11.1983,39.9615,98.6875,232.8716,0.0208,0.0003,99.183,215.1399,49.0132,-16.4329,0.0,0.0001,2.3634,0.0001,6.1348,35.5309,11.1423,27.1631,35.9188
222.0,443.0,11.1949,39.9588,79.1592,233.0838,0.0225,0.0003,99.2037,215.1399,49.0132,-16.4329,0.0,0.0001,2.3648,0.0001,6.1361,35.5306,11.1387,27.1635,35.9194
223.0,445.0,11.1862,39.9506,96.428,232.6758,0.0234,0.0003,99.1849,215.14,49.0132,-16.4329,0.0,0.0001,2.3622,-0.0006,6.1373,35.5299,11.1298,27.1646,35.9209
224.0,447.0,11.182,39.9465,98.3384,232.2724,0.0251,0.0003,99.2028,215.14,49.0132,-16.4329,0.0,0.0001,2.3597,-0.001,6.1373,35.5291,11.1253,27.1648,35.9213
225.0,449.0,11.1776,39.9426,98.6923,232.6733,0.0206,0.0003,99.1987,215.14,49.0132,-16.4329,0.0,0.0001,2.3594,-0.0001,6.138,35.5284,11.1207,27.1651,35.9218
226.0,451.0,11.1763,39.9419,81.9354,232.7088,0.0214,0.0003,99.1595,215.1401,49.0132,-16.4329,0.0,0.0001,2.3591,0.0001,6.1381,35.5282,11.1192,27.1652,35.922
227.0,453.0,11.1719,39.9377,90.1335,232.8934,0.0221,0.0003,99.1868,215.1401,49.0132,-16.4329,0.0,0.0001,2.3596,0.0,6.1402,35.5274,11.1146,27.1655,35.9224
228.0,455.0,11.1565,39.922,98.7025,232.781,0.0228,0.0003,99.1814,215.1401,49.0131,-16.4329,0.0,0.0001,2.359,-0.0002,6.1404,35.5255,11.0988,27.1669,35.9245
229.0,457.0,11.153,39.9192,94.3097,232.8829,0.021,0.0003,99.1856,215.1402,49.0131,-16.4329,0.0,0.0001,2.3587,0.0,6.1402,35.5253,11.0951,27.1674,35.9251
230.0,459.0,11.1533,39.9202,98.6997,231.826,0.0196,0.0003,99.1943,215.1402,49.0131,-16.4329,0.0,0.0001,2.3544,-0.0021,6.1425,35.5251,11.0952,27.1672,35.925
231.0,461.0,11.1447,39.9127,98.71,232.5849,0.0191,0.0003,99.1843,215.1403,49.0131,-16.4329,0.0,0.0001,2.3553,0.0,6.1417,35.5251,11.0864,27.1688,35.927
232.0,463.0,11.1469,39.9158,94.3768,233.024,0.0232,0.0003,99.189,215.1403,49.0131,-16.4329,0.0,0.0001,2.3572,0.0003,6.1417,35.5251,11.0882,27.1685,35.9265
233.0,465.0,11.155,39.9249,98.6915,231.4089,0.0206,0.0003,99.2049,215.1404,49.0131,-16.4329,0.0,0.0001,2.3523,-0.0028,6.1425,35.5256,11.0961,27.1675,35.9252
234.0,467.0,11.1342,39.9044,98.68,230.611,0.0198,0.0003,99.1969,215.1404,49.0131,-16.4329,0.0,0.0001,2.3468,-0.0036,6.1431,35.5243,11.0751,27.1703,35.9289
235.0,469.0,11.1334,39.9044,79.4513,231.0797,0.0214,0.0003,99.19,215.1404,49.013,-16.4329,0.0,0.0001,2.3436,-0.001,6.1436,35.5242,11.074,27.1704,35.929
236.0,471.0,11.1323,39.9033,94.434,231.1017,0.0233,0.0003,99.18,215.1405,49.013,-16.4329,0.0,0.0001,2.3399,-0.0005,6.1461,35.5235,11.0727,27.1701,35.9288
237.0,473.0,11.1144,39.8859,98.6875,232.2646,0.0213,0.0003,99.1977,215.1405,49.013,-16.4329,0.0,0.0001,2.3428,0.0022,6.1451,35.5222,11.0546,27.1724,35.9319
238.0,475.0,11.1115,39.8833,98.6956,231.6791,0.023,0.0003,99.1876,215.1405,49.013,-16.4329,0.0,0.0001,2.3429,0.0001,6.1471,35.5217,11.0515,27.1726,35.9322
239.0,477.0,11.1035,39.8755,98.6935,231.4124,0.0206,0.0003,99.188,215.1406,49.013,-16.4329,0.0,0.0001,2.3413,-0.0005,6.1478,35.5207,11.0433,27.1733,35.9332
240.0,479.0,11.1076,39.8823,98.7025,231.8953,0.0195,0.0003,99.1869,215.1406,49.013,-16.4329,0.0,0.0001,2.343,0.0003,6.148,35.5224,11.0471,27.174,35.9337
241.0,481.0,11.1031,39.8767,68.9343,231.9142,0.0213,0.0003,99.1842,215.1407,49.013,-16.4329,0.0,0.0001,2.3431,0.0001,6.1481,35.5204,11.0424,27.1733,35.9333
242.0,483.0,11.093,39.8665,96.5097,231.7689,0.0232,0.0003,99.1635,215.1407,49.013,-16.4329,0.0,0.0001,2.3427,-0.0004,6.1498,35.5193,11.0321,27.1743,35.9347
243.0,485.0,11.0905,39.8665,98.7061,232.9495,0.0214,0.0003,99.1844,215.1407,49.0129,-16.4329,0.0,0.0001,2.345,0.0019,6.1496,35.5208,11.0292,27.176,35.9365
244.0,487.0,11.0921,39.8691,94.7021,232.5661,0.0214,0.0003,99.2003,215.1408,49.0129,-16.4329,0.0,0.0001,2.3462,0.0003,6.1492,35.521,11.0306,27.1758,35.9363
245.0,489.0,11.0963,39.8765,98.7025,233.8472,0.02,0.0003,99.202,215.1408,49.0129,-16.4329,0.0,0.0001,2.3517,0.0018,6.1488,35.5234,11.0346,27.177,35.9372
246.0,491.0,11.098,39.8797,98.7059,233.7879,0.0235,0.0003,99.1951,215.1409,49.0129,-16.4329,0.0,0.0001,2.3543,0.0005,6.1494,35.5239,11.0359,27.1771,35.9373
247.0,493.0,11.09,39.8715,79.425,233.7817,0.0203,0.0003,99.19,215.1409,49.0129,-16.4329,0.0,0.0001,2.3556,-0.0001,6.1502,35.5225,11.0277,27.1775,35.9381
248.0,495.0,11.0873,39.8689,98.6039,233.7481,0.0206,0.0003,99.1933,215.1409,49.0129,-16.4329,0.0,0.0001,2.3541,0.0,6.1506,35.5219,11.0248,27.1776,35.9383
249.0,497.0,11.0845,39.8674,98.6983,233.8268,0.0219,0.0003,99.2001,215.141,49.0129,-16.4329,0.0,0.0001,2.3541,0.0,6.1503,35.5221,11.0217,27.1784,35.9391
250.0,499.0,11.0848,39.869,82.6263,233.9687,0.02,0.0003,99.201,215.141,49.0129,-16.433,0.0,0.0001,2.3553,0.0,6.1511,35.5227,11.0218,27.1788,35.9396
251.0,501.0,11.0792,39.8635,95.8544,233.7477,0.0213,0.0003,99.2049,215.1411,49.0128,-16.4329,0.0,0.0001,2.353,-0.0004,6.1515,35.5216,11.0159,27.179,35.9401
252.0,503.0,11.0772,39.8625,98.6969,233.5372,0.0765,0.0003,99.2049,215.1411,49.0128,-16.433,0.0,0.0001,2.3516,-0.0005,6.1514,35.5216,11.0137,27.1794,35.9405
253.0,505.0,11.0778,39.865,98.6182,233.4521,0.0481,0.0003,99.1937,215.1411,49.0128,-16.433,0.0,0.0001,2.3502,-0.0004,6.1518,35.5227,11.014,27.1802,35.9413
254.0,507.0,11.0757,39.8637,59.2093,231.8894,0.0219,0.0003,99.1822,215.1412,49.0128,-16.433,0.0,0.0001,2.3436,-0.0029,6.1523,35.5226,11.0117,27.1806,35.9418
255.0,509.0,11.0671,39.8559,91.4175,232.5929,0.0192,0.0003,99.1785,215.1412,49.0128,-16.433,0.0,0.0001,2.3418,-0.0003,6.1521,35.5218,11.0028,27.1815,35.9431
256.0,511.0,11.069,39.8586,98.6977,232.7339,0.0228,0.0003,99.176,215.1413,49.0128,-16.433,0.0,0.0001,2.3419,-0.0001,6.1522,35.5219,11.0045,27.1813,35.9428
257.0,513.0,11.0656,39.8562,91.1556,232.9722,0.023,0.0003,99.1917,215.1413,49.0128,-16.433,0.0,0.0001,2.3427,0.0002,6.1531,35.5218,11.0007,27.182,35.9436
258.0,515.0,11.0668,39.8575,92.0648,232.5274,0.0205,0.0003,99.1876,215.1414,49.0127,-16.433,0.0,0.0001,2.3403,-0.001,6.1579,35.5215,11.0017,27.1815,35.9431
259.0,517.0,11.0374,39.8245,95.2705,231.1796,0.023,0.0003,99.1938,215.1414,49.0127,-16.433,0.0,0.0001,2.3343,-0.0027,6.1568,35.5158,10.9722,27.1824,35.9453
260.0,519.0,11.0347,39.8227,98.6977,231.7609,0.02,0.0003,99.1492,215.1414,49.0127,-16.433,0.0,0.0001,2.3316,-0.0003,6.1575,35.5158,10.9693,27.183,35.946
261.0,521.0,11.0301,39.8179,98.7025,232.015,0.0201,0.0003,99.189,215.1415,49.0127,-16.433,0.0,0.0001,2.3316,0.0002,6.1578,35.5145,10.9644,27.1829,35.9461
262.0,523.0,11.0244,39.8132,87.0522,232.0356,0.0215,0.0003,99.1986,215.1415,49.0127,-16.433,0.0,0.0001,2.3321,-0.0001,6.1597,35.5145,10.9585,27.184,35.9475
263.0,525.0,11.0182,39.8071,98.7025,231.6597,0.0226,0.0003,99.1855,215.1415,49.0127,-16.433,0.0,0.0001,2.3287,-0.0005,6.1614,35.5135,10.9521,27.1844,35.9481
264.0,527.0,11.005,39.7928,98.6979,231.5664,0.0233,0.0003,99.1973,215.1416,49.0127,-16.433,0.0,0.0001,2.3277,-0.0005,6.1615,35.5111,10.9386,27.1849,35.9492
265.0,529.0,10.9981,39.786,81.3597,231.992,0.0227,0.0003,99.2014,215.1416,49.0126,-16.433,0.0,0.0001,2.3283,0.0003,6.1624,35.5101,10.9315,27.1854,35.9501
266.0,531.0,11.0004,39.7898,98.6952,232.6287,0.0218,0.0003,99.1271,215.1417,49.0126,-16.433,0.0,0.0001,2.3309,0.0009,6.1628,35.5109,10.9336,27.1857,35.9502
267.0,533.0,10.9943,39.7846,98.693,232.9473,0.0176,0.0003,99.2089,215.1417,49.0126,-16.433,0.0,0.0001,2.3331,0.0011,6.1625,35.5104,10.9272,27.1865,35.9513
268.0,535.0,10.9929,39.7836,92.3929,232.814,0.0223,0.0003,99.1986,215.1417,49.0126,-16.4331,0.0,0.0001,2.3339,-0.0001,6.1647,35.5102,10.9256,27.1866,35.9515
269.0,537.0,10.9737,39.7635,98.7002,232.0752,0.0186,0.0003,99.2013,215.1418,49.0126,-16.4331,0.0,0.0001,2.3306,-0.0014,6.1666,35.5075,10.9062,27.188,35.9537
270.0,539.0,10.9651,39.755,83.8407,231.9476,0.0214,0.0003,99.1987,215.1418,49.0126,-16.4331,0.0,0.0001,2.3271,-0.0007,6.1672,35.5064,10.8974,27.1887,35.9548
271.0,541.0,10.9602,39.7502,98.6909,231.9437,0.0212,0.0003,99.2218,215.1419,49.0126,-16.4331,0.0,0.0001,2.3255,-0.0004,6.1686,35.5055,10.8922,27.189,35.9553
272.0,543.0,10.9522,39.7425,79.781,231.6451,0.0208,0.0003,99.2079,215.1419,49.0126,-16.4331,0.0,0.0001,2.3232,-0.0007,6.1687,35.5047,10.884,27.1899,35.9565
273.0,545.0,10.9446,39.7352,91.9766,231.6267,0.0201,0.0003,99.2193,215.1419,49.0126,-16.4331,0.0,0.0001,2.3216,-0.0006,6.1702,35.5039,10.8762,27.1906,35.9576
274.0,547.0,10.9391,39.7304,98.6994,232.0414,0.026,0.0003,99.1857,215.142,49.0125,-16.4331,0.0,0.0001,2.3221,0.0005,6.1702,35.5035,10.8704,27.1914,35.9586
275.0,549.0,10.9388,39.7308,98.6983,231.3795,0.0207,0.0003,99.2313,215.142,49.0125,-16.4331,0.0,0.0001,2.3199,-0.0009,6.1704,35.5034,10.8698,27.1914,35.9587
276.0,551.0,10.9379,39.7313,98.6519,231.58,0.0202,0.0003,99.2189,215.1421,49.0125,-16.4331,0.0,0.0001,2.3196,-0.0003,6.171,35.5039,10.8688,27.192,35.9593
277.0,553.0,10.9348,39.7291,98.7015,230.2171,0.0246,0.0003,99.2105,215.1421,49.0125,-16.4331,0.0,0.0001,2.3139,-0.0023,6.1712,35.5036,10.8654,27.1924,35.9598
278.0,555.0,10.9302,39.7262,87.7239,231.1108,0.0235,0.0003,99.1876,215.1421,49.0125,-16.4331,0.0,0.0001,2.3135,0.0003,6.1709,35.504,10.8605,27.1936,35.9612
279.0,557.0,10.9333,39.7295,95.2224,230.5231,0.0204,0.0003,99.2231,215.1422,49.0125,-16.4331,0.0,0.0001,2.3119,-0.0013,6.1727,35.5038,10.8634,27.1929,35.9604
280.0,559.0,10.925,39.7215,98.7002,229.2606,0.0211,0.0003,99.1872,215.1422,49.0125,-16.4331,0.0,0.0001,2.3067,-0.0027,6.172,35.5028,10.8548,27.1937,35.9616
281.0,561.0,10.9133,39.7102,89.8335,229.9605,0.0232,0.0003,99.203,215.1423,49.0124,-16.4331,0.0,0.0001,2.3037,-0.0006,6.175,35.5019,10.8429,27.1951,35.9635
282.0,563.0,10.905,39.702,98.71,229.7971,0.0217,0.0003,99.2129,215.1423,49.0124,-16.4332,0.0,0.0001,2.3017,-0.0004,6.1757,35.501,10.8344,27.1959,35.9647
283.0,565.0,10.8963,39.6933,98.6848,230.0023,0.0228,0.0003,99.2294,215.1423,49.0124,-16.4332,0.0,0.0001,2.3018,-0.0001,6.1763,35.4997,10.8255,27.1966,35.9657
284.0,567.0,10.8903,39.688,83.9687,229.6599,0.0238,0.0003,99.2337,215.1424,49.0124,-16.4332,0.0,0.0001,2.2999,-0.0005,6.1775,35.4992,10.8192,27.1973,35.9667
285.0,569.0,10.8896,39.6877,98.327,228.8877,0.0222,0.0003,99.2155,215.1424,49.0124,-16.4332,0.0,0.0001,2.2959,-0.0018,6.1786,35.4989,10.8183,27.1972,35.9667
286.0,571.0,10.878,39.6777,75.5371,228.9172,0.0231,0.0003,99.2117,215.1425,49.0124,-16.4332,0.0,0.0001,2.2939,-0.0011,6.179,35.4988,10.8065,27.1993,35.9692
287.0,573.0,10.8776,39.6777,98.6916,229.3416,0.0199,0.0003,99.2108,215.1425,49.0124,-16.4332,0.0,0.0001,2.2949,-0.0001,6.178,35.4989,10.8059,27.1995,35.9694
288.0,575.0,10.8735,39.6746,87.2077,229.2214,0.0234,0.0003,99.2036,215.1425,49.0124,-16.4332,0.0,0.0001,2.2918,0.0001,6.1787,35.4986,10.8015,27.2,35.9702
289.0,577.0,10.8712,39.6736,98.6904,229.506,0.0218,0.0003,99.1762,215.1426,49.0124,-16.4332,0.0,0.0001,2.294,0.0002,6.1809,35.4991,10.7989,27.2009,35.9711
290.0,579.0,10.8613,39.6639,98.689,229.2857,0.0226,0.0003,99.2225,215.1426,49.0123,-16.4332,0.0,0.0001,2.2925,-0.0003,6.1807,35.4979,10.7889,27.2018,35.9724
291.0,581.0,10.848,39.6504,76.8245,229.4312,0.0244,0.0003,99.2263,215.1427,49.0123,-16.4332,0.0,0.0001,2.2926,-0.0003,6.1837,35.4964,10.7754,27.203,35.9742
292.0,583.0,10.839,39.642,98.6876,229.448,0.022,0.0003,99.2301,215.1427,49.0123,-16.4332,0.0,0.0001,2.2911,0.0,6.1839,35.4958,10.7661,27.2042,35.9759
293.0,585.0,10.8235,39.6266,98.6877,229.8002,0.0237,0.0003,99.2322,215.1427,49.0123,-16.4332,0.0,0.0001,2.2928,0.0001,6.1863,35.4944,10.7505,27.206,35.9783
294.0,587.0,10.8188,39.6225,92.3858,229.6675,0.0192,0.0003,99.2283,215.1428,49.0123,-16.4332,0.0,0.0001,2.2915,0.0,6.1863,35.4938,10.7455,27.2064,35.9789
295.0,589.0,10.817,39.622,93.1398,230.0002,0.0209,0.0003,99.2322,215.1428,49.0123,-16.4332,0.0,0.0001,2.2931,0.0001,6.1873,35.4941,10.7434,27.207,35.9796
296.0,591.0,10.8114,39.6166,63.8035,229.6364,0.0233,0.0003,99.2398,215.1429,49.0123,-16.4332,0.0,0.0001,2.2909,-0.0005,6.1885,35.4933,10.7375,27.2075,35.9803
297.0,593.0,10.8038,39.6106,87.1474,230.1128,0.0205,0.0003,99.2172,215.1429,49.0123,-16.4332,0.0,0.0001,2.2918,0.0005,6.1881,35.4936,10.7297,27.2091,35.9822
298.0,595.0,10.8037,39.6111,98.6912,229.8617,0.0184,0.0003,99.2305,215.1429,49.0123,-16.4333,0.0,0.0001,2.2914,-0.0003,6.1892,35.4937,10.7294,27.2092,35.9823
299.0,597.0,10.8003,39.6086,98.7025,229.8445,0.0181,0.0003,99.2337,215.143,49.0122,-16.4332,0.0,0.0001,2.2903,-0.0001,6.1895,35.4936,10.7257,27.2098,35.9831
300.0,599.0,10.798,39.6074,98.695,229.6282,0.021,0.0003,99.235,215.143,49.0122,-16.4333,0.0,0.0001,2.2889,-0.0005,6.1901,35.4935,10.7232,27.2102,35.9836
301.0,601.0,10.7978,39.6075,98.68,228.5946,0.0206,0.0003,99.2337,215.1431,49.0122,-16.4332,0.0,0.0001,2.2847,-0.0021,6.1906,35.4931,10.7228,27.2099,35.9833
302.0,603.0,10.7878,39.5987,98.6879,228.8134,0.0225,0.0003,99.2337,215.1431,49.0122,-16.4332,0.0,0.0001,2.2833,-0.001,6.1903,35.493,10.7126,27.2117,35.9856
303.0,605.0,10.7879,39.5999,86.0594,229.1178,0.0241,0.0003,99.2278,215.1431,49.0122,-16.4333,0.0,0.0001,2.2835,-0.0005,6.1921,35.4934,10.7125,27.212,35.9859
304.0,607.0,10.7747,39.5872,98.5404,226.8002,0.0234,0.0003,99.2306,215.1432,49.0122,-16.4332,0.0,0.0001,2.273,-0.0036,6.1932,35.4924,10.699,27.2137,35.9881
305.0,609.0,10.772,39.5855,98.6144,226.8358,0.0209,0.0003,99.2337,215.1432,49.0122,-16.4333,0.0,0.0001,2.2678,-0.0018,6.1927,35.4925,10.6961,27.2142,35.9888
306.0,611.0,10.7721,39.5864,89.7296,227.1414,0.0215,0.0003,99.2274,215.1432,49.0122,-16.4333,0.0,0.0001,2.2663,-0.0006,6.1938,35.4925,10.696,27.2143,35.9888
307.0,613.0,10.7638,39.5787,93.8481,226.6478,0.0336,0.0003,99.2319,215.1433,49.0122,-16.4333,0.0,0.0001,2.2628,-0.0008,6.1934,35.4915,10.6874,27.2151,35.99
308.0,615.0,10.7566,39.572,96.0507,227.1397,0.0216,0.0003,99.2324,215.1433,49.0122,-16.4333,0.0,0.0001,2.2635,-0.0001,6.1955,35.491,10.68,27.216,35.9912
309.0,617.0,10.7506,39.566,64.224,226.2146,0.0264,0.0003,99.2337,215.1434,49.0121,-16.4333,0.0,0.0001,2.2597,-0.0016,6.196,35.49,10.6737,27.2163,35.9918
310.0,619.0,10.7413,39.5568,75.898,226.0478,0.0226,0.0003,99.2337,215.1434,49.0121,-16.4333,0.0,0.0001,2.2581,-0.0015,6.1955,35.4888,10.6642,27.2171,35.993
311.0,621.0,10.742,39.558,98.6932,226.46,0.0224,0.0003,99.229,215.1434,49.0121,-16.4333,0.0,0.0001,2.2576,-0.0005,6.1977,35.4887,10.6647,27.2169,35.9928
312.0,623.0,10.7338,39.5511,98.6987,226.547,0.0214,0.0003,99.2178,215.1435,49.0121,-16.4333,0.0,0.0001,2.2549,0.0002,6.2004,35.4887,10.6563,27.2184,35.9947
313.0,625.0,10.7215,39.5388,75.2695,226.8098,0.0221,0.0003,99.2385,215.1435,49.0121,-16.4333,0.0,0.0001,2.2556,0.0005,6.1988,35.4872,10.6438,27.2195,35.9962
314.0,627.0,10.7142,39.5316,97.6287,226.5146,0.0226,0.0003,99.2317,215.1435,49.0121,-16.4333,0.0,0.0001,2.2563,-0.0005,6.2025,35.4864,10.6363,27.2202,35.9973
315.0,629.0,10.6934,39.5115,98.6837,224.1435,0.0261,0.0003,99.2337,215.1436,49.0121,-16.4333,0.0,0.0001,2.2473,-0.0041,6.203,35.4854,10.6153,27.2232,36.0011
316.0,631.0,10.6812,39.4978,86.2634,225.2743,0.0231,0.0003,99.2324,215.1436,49.0121,-16.4333,0.0,0.0001,2.2455,-0.0007,6.2047,35.4823,10.6028,27.223,36.0015
317.0,633.0,10.6796,39.4972,87.9975,223.8614,0.0187,0.0003,99.2337,215.1437,49.0121,-16.4333,0.0,0.0001,2.2387,-0.0033,6.2103,35.4825,10.601,27.2234,36.002
318.0,635.0,10.6564,39.4725,98.6862,222.7387,0.0195,0.0003,99.2304,215.1437,49.0121,-16.4333,0.0,0.0001,2.2323,-0.0036,6.2066,35.4792,10.5777,27.2251,36.0047
319.0,637.0,10.6527,39.4701,98.6827,223.3412,0.0248,0.0003,99.2337,215.1437,49.0121,-16.4333,0.0,0.0001,2.2286,-0.0012,6.2112,35.4795,10.5737,27.226,36.0057
320.0,639.0,10.639,39.4562,98.6899,221.1019,0.0218,0.0003,99.2337,215.1438,49.012,-16.4333,0.0,0.0001,2.218,-0.004,6.2134,35.4779,10.5598,27.2272,36.0076
321.0,641.0,10.6289,39.4457,98.689,221.4919,0.021,0.0003,99.2264,215.1438,49.012,-16.4333,0.0,0.0001,2.2146,-0.0018,6.2128,35.4762,10.5495,27.2278,36.0086
322.0,643.0,10.624,39.4417,98.6842,222.6291,0.0216,0.0003,99.2346,215.1438,49.012,-16.4333,0.0,0.0001,2.2162,0.0006,6.2134,35.4759,10.5444,27.2284,36.0095
323.0,645.0,10.6255,39.4438,80.6595,222.1824,0.0245,0.0003,99.2331,215.1439,49.012,-16.4333,0.0,0.0001,2.2154,-0.0008,6.217,35.4759,10.5456,27.2282,36.0091
324.0,647.0,10.5985,39.4147,95.6135,220.5755,0.0246,0.0003,99.2337,215.1439,49.012,-16.4333,0.0,0.0001,2.2079,-0.0027,6.2189,35.4718,10.5185,27.2298,36.012
325.0,649.0,10.5858,39.4023,98.68,219.6618,0.0217,0.0003,99.2365,215.1439,49.012,-16.4333,0.0,0.0001,2.1993,-0.0024,6.2186,35.4706,10.5056,27.2312,36.0139
326.0,651.0,10.5837,39.401,84.3253,220.187,0.0219,0.0003,99.2238,215.144,49.012,-16.4333,0.0,0.0001,2.1977,-0.0007,6.2179,35.4707,10.5033,27.2316,36.0144
327.0,653.0,10.5954,39.4186,97.5362,221.4734,0.0227,0.0003,99.2299,215.144,49.012,-16.4333,0.0,0.0001,2.2029,0.001,6.2182,35.476,10.5146,27.2338,36.016
328.0,655.0,10.5955,39.4192,98.6837,221.2417,0.0208,0.0003,99.2248,215.144,49.012,-16.4333,0.0,0.0001,2.2025,0.0002,6.2203,35.4759,10.5145,27.2337,36.016
329.0,657.0,10.5825,39.4068,98.6837,222.3928,0.0197,0.0003,99.2166,215.1441,49.012,-16.4333,0.0,0.0001,2.2062,0.0018,6.2204,35.4749,10.5013,27.2353,36.0181
330.0,659.0,10.5718,39.3965,76.475,222.0495,0.018,0.0003,99.2282,215.1441,49.012,-16.4333,0.0,0.0001,2.2072,0.0006,6.2189,35.474,10.4904,27.2365,36.0198
331.0,661.0,10.5708,39.3961,98.687,221.6043,0.0203,0.0003,99.2226,215.1441,49.012,-16.4333,0.0,0.0001,2.2053,-0.0006,6.2245,35.4739,10.4892,27.2367,36.02
332.0,663.0,10.5426,39.3642,69.2276,220.2234,0.0243,0.0003,99.2337,215.1442,49.0119,-16.4333,0.0,0.0001,2.1993,-0.0027,6.2269,35.4681,10.4609,27.2371,36.0218
333.0,665.0,10.5183,39.34,88.9344,220.6483,0.0217,0.0003,99.2241,215.1442,49.0119,-16.4333,0.0,0.0001,2.198,-0.0009,6.2265,35.4662,10.4364,27.24,36.0256
334.0,667.0,10.5207,39.3439,97.4837,221.0978,0.0213,0.0003,99.2216,215.1442,49.0119,-16.4333,0.0,0.0001,2.1984,0.0,6.2255,35.4671,10.4386,27.2403,36.0259
335.0,669.0,10.5389,39.3686,98.6897,220.9035,0.0192,0.0003,99.2337,215.1443,49.0119,-16.4333,0.0,0.0001,2.1966,-0.0003,6.2251,35.4735,10.4564,27.2421,36.0268
336.0,671.0,10.5438,39.3758,98.6025,221.228,0.0218,0.0003,99.2306,215.1443,49.0119,-16.4333,0.0,0.0001,2.1966,0.0003,6.2249,35.4749,10.461,27.2424,36.027
337.0,673.0,10.5427,39.3749,98.6326,221.0958,0.0208,0.0003,99.1878,215.1443,49.0119,-16.4333,0.0,0.0001,2.1972,-0.0002,6.2265,35.4745,10.4597,27.2423,36.0269
338.0,675.0,10.5297,39.3622,98.68,220.3772,0.0187,0.0003,99.2337,215.1444,49.0119,-16.4333,0.0,0.0001,2.1935,-0.0014,6.2293,35.4732,10.4465,27.2436,36.0288
339.0,677.0,10.5079,39.3386,69.1068,220.0783,0.024,0.0003,99.2291,215.1444,49.0119,-16.4333,0.0,0.0001,2.1905,-0.0012,6.2278,35.4696,10.4246,27.2447,36.0308
340.0,679.0,10.5049,39.3361,95.5787,220.2582,0.0226,0.0003,99.2307,215.1444,49.0119,-16.4333,0.0,0.0001,2.1887,-0.001,6.237,35.4693,10.4213,27.2451,36.0313
341.0,681.0,10.4387,39.2619,98.68,217.0991,0.0189,0.0003,99.2337,215.1445,49.0119,-16.4333,0.0,0.0001,2.1755,-0.0053,6.2417,35.4576,10.3552,27.2476,36.0368
342.0,683.0,10.4196,39.242,77.0191,216.8366,0.0218,0.0003,99.2337,215.1445,49.0119,-16.4333,0.0,0.0001,2.1691,-0.0035,6.2379,35.455,10.336,27.249,36.039
343.0,685.0,10.4147,39.2385,98.68,217.965,0.0243,0.0003,99.2155,215.1445,49.0119,-16.4333,0.0,0.0001,2.1677,-0.0007,6.244,35.4554,10.3308,27.2502,36.0404
344.0,687.0,10.4082,39.2337,98.68,216.5574,0.0202,0.0003,99.2269,215.1446,49.0119,-16.4333,0.0,0.0001,2.1599,-0.0019,6.244,35.456,10.324,27.2519,36.0423
345.0,689.0,10.4079,39.2348,82.8968,216.1547,0.0213,0.0003,99.2292,215.1446,49.0119,-16.4333,0.0,0.0001,2.155,-0.0015,6.2436,35.4564,10.3235,27.2522,36.0427
346.0,691.0,10.4092,39.2381,92.6006,216.1392,0.0187,0.0003,99.2305,215.1446,49.0118,-16.4333,0.0,0.0001,2.1535,-0.001,6.2435,35.4576,10.3245,27.253,36.0434
347.0,693.0,10.41,39.2398,96.5492,216.7822,0.0193,0.0003,99.2337,215.1447,49.0118,-16.4333,0.0,0.0001,2.1542,0.0003,6.2443,35.4579,10.3251,27.2531,36.0435
348.0,695.0,10.4002,39.2329,98.6824,215.2839,0.0216,0.0003,99.2307,215.1447,49.0118,-16.4333,0.0,0.0001,2.1488,-0.0023,6.2488,35.4594,10.3151,27.2561,36.0469
349.0,697.0,10.3824,39.2143,75.0314,214.239,0.0224,0.0003,99.2337,215.1447,49.0118,-16.4333,0.0,0.0001,2.1419,-0.0028,6.2475,35.457,10.2971,27.2573,36.0489
350.0,699.0,10.364,39.1951,95.4772,214.6724,0.0238,0.0003,99.2261,215.1448,49.0118,-16.4333,0.0,0.0001,2.1385,-0.0008,6.2512,35.4544,10.2785,27.2586,36.051
351.0,701.0,10.3562,39.1865,98.6875,213.2851,0.0227,0.0003,99.2337,215.1448,49.0118,-16.4333,0.0,0.0001,2.1321,-0.0028,6.2548,35.4526,10.2705,27.2586,36.0513
352.0,703.0,10.3343,39.1641,98.68,212.7515,0.0234,0.0003,99.2306,215.1448,49.0118,-16.4333,0.0,0.0001,2.1271,-0.0026,6.2542,35.4502,10.2485,27.2605,36.0542
353.0,705.0,10.3274,39.1582,98.68,213.6693,0.0229,0.0003,99.2323,215.1449,49.0118,-16.4333,0.0,0.0001,2.1269,-0.0001,6.2552,35.4498,10.2413,27.2615,36.0555
354.0,707.0,10.3305,39.1625,98.68,212.2991,0.0208,0.0003,99.2337,215.1449,49.0118,-16.4333,0.0,0.0001,2.1223,-0.0029,6.2606,35.4505,10.2443,27.2615,36.0554
355.0,709.0,10.301,39.1324,98.68,211.8422,0.024,0.0003,99.2337,215.145,49.0118,-16.4332,0.0,0.0001,2.1183,-0.0027,6.2594,35.4478,10.2146,27.2646,36.0597
356.0,711.0,10.2844,39.1149,78.224,212.5263,0.0251,0.0003,99.2337,215.145,49.0118,-16.4332,0.0,0.0001,2.1174,-0.0003,6.2556,35.4451,10.1978,27.2654,36.0613
357.0,713.0,10.2888,39.1204,97.1955,212.7138,0.0217,0.0003,99.2261,215.145,49.0118,-16.4333,0.0,0.0001,2.1176,-0.0005,6.2627,35.4458,10.202,27.2652,36.061
358.0,715.0,10.2576,39.0886,98.68,210.4135,0.0212,0.0003,99.2337,215.1451,49.0118,-16.4332,0.0,0.0001,2.1081,-0.004,6.2685,35.4428,10.1707,27.2683,36.0654
359.0,717.0,10.2345,39.0645,88.8057,209.4322,0.0219,0.0003,99.2298,215.1451,49.0118,-16.4332,0.0,0.0001,2.1015,-0.0046,6.2696,35.44,10.1475,27.2702,36.0683
360.0,719.0,10.2223,39.053,96.6303,209.7493,0.0189,0.0003,99.2337,215.1451,49.0118,-16.4332,0.0,0.0001,2.0961,-0.0018,6.2679,35.4393,10.1351,27.2718,36.0705
361.0,721.0,10.2263,39.0578,98.68,210.1804,0.0215,0.0003,99.2289,215.1452,49.0118,-16.4332,0.0,0.0001,2.094,-0.0005,6.273,35.4396,10.1388,27.2714,36.0698
362.0,723.0,10.2049,39.0361,98.68,208.7265,0.0211,0.0003,99.2078,215.1452,49.0117,-16.4332,0.0,0.0001,2.0878,-0.0024,6.2747,35.4372,10.1173,27.2733,36.0727
363.0,725.0,10.1879,39.018,87.1769,208.4962,0.0182,0.0003,99.2323,215.1452,49.0117,-16.4332,0.0,0.0001,2.0834,-0.0017,6.275,35.4344,10.1001,27.2741,36.0742
364.0,727.0,10.1859,39.0169,98.67,208.1364,0.0211,0.0003,99.2323,215.1453,49.0117,-16.4332,0.0,0.0001,2.0797,-0.0013,6.2748,35.4344,10.0978,27.2744,36.0747
365.0,729.0,10.1849,39.016,98.68,208.3207,0.0215,0.0003,99.2235,215.1453,49.0117,-16.4332,0.0,0.0001,2.0774,-0.0007,6.2792,35.4338,10.0966,27.2741,36.0745
366.0,731.0,10.1441,38.9715,76.5222,206.8143,0.0238,0.0003,99.2337,215.1453,49.0117,-16.4332,0.0,0.0001,2.0704,-0.0027,6.2843,35.4272,10.0557,27.2761,36.0782
367.0,733.0,10.132,38.9612,98.68,206.5728,0.0236,0.0003,99.2337,215.1454,49.0117,-16.4332,0.0,0.0001,2.0659,-0.0023,6.2895,35.4278,10.0435,27.2787,36.0813
368.0,735.0,10.0885,38.9172,94.1275,205.9227,0.0196,0.0003,99.2164,215.1454,49.0117,-16.4332,0.0,0.0001,2.0616,-0.002,6.2849,35.4245,10.0,27.2836,36.0881
369.0,737.0,10.0899,38.919,98.4393,206.1778,0.02,0.0003,99.2165,215.1454,49.0117,-16.4332,0.0,0.0001,2.0577,-0.0009,6.2907,35.4241,10.0012,27.2831,36.0876
370.0,739.0,10.0692,38.8982,98.68,204.2308,0.0213,0.0003,99.2049,215.1455,49.0117,-16.4332,0.0,0.0001,2.0501,-0.0036,6.2915,35.4221,9.9803,27.2851,36.0905
371.0,741.0,10.0527,38.8842,98.68,203.9355,0.0211,0.0003,99.2129,215.1455,49.0117,-16.4332,0.0,0.0001,2.0459,-0.0029,6.2908,35.423,9.9637,27.2887,36.0948
372.0,743.0,10.0792,38.9157,89.9732,205.5539,0.0215,0.0003,99.2049,215.1455,49.0117,-16.4332,0.0,0.0001,2.0486,0.0009,6.2832,35.4285,9.9898,27.2885,36.0934
373.0,745.0,10.1438,39.0005,96.4876,205.9483,0.0217,0.0003,99.176,215.1456,49.0117,-16.4332,0.0,0.0001,2.0522,0.0007,6.279,35.4508,10.0537,27.2949,36.0967
374.0,747.0,10.1522,39.012,98.1662,205.6648,0.0221,0.0003,99.176,215.1456,49.0117,-16.4332,0.0,0.0001,2.0523,-0.0002,6.2799,35.4534,10.0618,27.2955,36.097
375.0,749.0,10.1537,39.0151,98.68,205.8255,0.0202,0.0003,99.176,215.1456,49.0117,-16.4332,0.0,0.0001,2.052,-0.0001,6.2837,35.4541,10.063,27.2959,36.0973
376.0,751.0,10.1221,38.9783,98.5903,202.5301,0.0224,0.0003,99.1489,215.1457,49.0117,-16.4332,0.0,0.0001,2.04,-0.0055,6.291,35.4468,10.0313,27.2956,36.0985
377.0,753.0,10.0692,38.9223,63.2122,200.0043,0.0205,0.0003,99.176,215.1457,49.0117,-16.4332,0.0,0.0001,2.0292,-0.0078,6.2885,35.4405,9.9785,27.2998,36.105
378.0,755.0,10.0384,38.89,95.9827,201.7087,0.022,0.0003,99.1729,215.1457,49.0117,-16.4332,0.0,0.0001,2.0231,-0.002,6.2942,35.4365,9.9477,27.302,36.1086
379.0,757.0,10.0277,38.8752,98.68,196.4971,0.0232,0.0003,99.1893,215.1458,49.0116,-16.4332,0.0,0.0001,2.0053,-0.0097,6.2986,35.4313,9.9368,27.2998,36.1069
380.0,759.0,10.0036,38.8507,98.68,194.5344,0.0238,0.0003,99.2049,215.1458,49.0116,-16.4332,0.0,0.0001,1.9922,-0.01,6.2963,35.4287,9.9126,27.3019,36.1101
381.0,761.0,9.9961,38.843,86.1534,197.5914,0.0261,0.0003,99.1856,215.1458,49.0116,-16.4332,0.0,0.0001,1.9866,-0.0012,6.3042,35.4275,9.9048,27.3023,36.1108
382.0,763.0,9.961,38.8054,98.68,190.403,0.0247,0.0003,99.239,215.1459,49.0116,-16.4332,0.0,0.0001,1.9623,-0.0116,6.3093,35.4223,9.8697,27.3042,36.1143
383.0,765.0,9.8902,38.7274,98.68,189.0374,0.0224,0.0003,99.2506,215.1459,49.0116,-16.4332,0.0,0.0001,1.9466,-0.0089,6.3056,35.4107,9.799,27.3072,36.1204
384.0,767.0,9.9064,38.7458,98.68,192.5658,0.0242,0.0003,99.2505,215.1459,49.0116,-16.4332,0.0,0.0001,1.9418,-0.0011,6.3288,35.413,9.8149,27.3063,36.1188
385.0,769.0,9.7652,38.5893,86.0112,187.7821,0.0244,0.0003,99.2626,215.146,49.0116,-16.4332,0.0,0.0001,1.9234,-0.0075,6.3425,35.3897,9.6743,27.312,36.1308
386.0,771.0,9.7143,38.5321,98.68,188.3723,0.0228,0.0003,99.2234,215.146,49.0116,-16.4331,0.0,0.0001,1.9169,-0.0036,6.3352,35.3799,9.6234,27.3129,36.134
387.0,773.0,9.6795,38.4951,91.5817,189.3248,0.0255,0.0003,99.2509,215.146,49.0116,-16.4332,0.0,0.0001,1.9111,-0.0015,6.3613,35.3751,9.5886,27.3149,36.1376
388.0,775.0,9.539,38.3343,93.6064,188.088,0.0214,0.0003,99.2554,215.1461,49.0116,-16.4331,0.0,0.0001,1.9035,-0.0028,6.3769,35.3463,9.4486,27.3158,36.1449
389.0,777.0,9.4656,38.2572,98.68,188.3118,0.0213,0.0003,99.2626,215.1461,49.0116,-16.4331,0.0,0.0001,1.9011,-0.001,6.3696,35.3376,9.3754,27.3212,36.1536
390.0,779.0,9.4817,38.2782,98.68,188.7297,0.0234,0.0003,99.2575,215.1462,49.0116,-16.4331,0.0,0.0001,1.9012,-0.0003,6.3739,35.3427,9.3912,27.3226,36.1542
391.0,781.0,9.4676,38.2714,98.68,186.3508,0.0232,0.0003,99.2698,215.1462,49.0116,-16.4331,0.0,0.0001,1.8929,-0.0034,6.3749,35.3485,9.3769,27.3295,36.1616
392.0,783.0,9.4806,38.296,98.68,186.2553,0.0229,0.0003,99.2797,215.1462,49.0116,-16.4331,0.0,0.0001,1.8865,-0.0021,6.3775,35.3602,9.3895,27.3365,36.168
393.0,785.0,9.4751,38.2891,98.68,186.0747,0.0219,0.0003,99.2866,215.1463,49.0116,-16.4331,0.0,0.0001,1.8821,-0.0014,6.3799,35.3577,9.3839,27.3355,36.1672
394.0,787.0,9.452,38.2674,91.1202,186.5709,0.025,0.0003,99.29,215.1463,49.0116,-16.4331,0.0,0.0001,1.8812,-0.0004,6.3866,35.357,9.3607,27.3388,36.1715
395.0,789.0,9.4055,38.2177,97.0142,185.9674,0.0242,0.0003,99.2915,215.1463,49.0116,-16.4331,0.0,0.0001,1.8785,-0.0011,6.387,35.3503,9.3141,27.3413,36.1761
396.0,791.0,9.3915,38.206,98.68,187.1081,0.0244,0.0003,99.2828,215.1464,49.0116,-16.4331,0.0,0.0001,1.8802,0.001,6.3877,35.3511,9.2999,27.3442,36.1796
397.0,793.0,9.405,38.2211,98.6578,187.1821,0.0241,0.0003,99.2886,215.1464,49.0116,-16.4331,0.0,0.0001,1.8822,0.0006,6.3846,35.3528,9.3132,27.3434,36.1782
398.0,795.0,9.4298,38.2547,98.68,188.4454,0.0227,0.0003,99.2761,215.1464,49.0115,-16.4331,0.0,0.0001,1.8869,0.0018,6.3857,35.3621,9.3376,27.3466,36.1803
399.0,797.0,9.3935,38.2151,76.1662,188.6753,0.0202,0.0003,99.2861,215.1465,49.0115,-16.4331,0.0,0.0001,1.8895,0.0015,6.3839,35.3557,9.3012,27.3476,36.1829
400.0,799.0,9.3894,38.2116,97.2058,187.9886,0.0233,0.0003,99.2893,215.1465,49.0115,-16.4331,0.0,0.0001,1.8892,-0.0004,6.3887,35.3556,9.297,27.3482,36.1837
401.0,801.0,9.3904,38.2164,98.6371,187.7878,0.0233,0.0003,99.298,215.1465,49.0115,-16.4331,0.0,0.0001,1.8867,-0.0004,6.3908,35.3586,9.2977,27.3505,36.1859
402.0,803.0,9.3832,38.2107,98.6263,187.737,0.0239,0.0003,99.2915,215.1466,49.0115,-16.433,0.0,0.0001,1.8864,-0.0004,6.3895,35.3588,9.2903,27.3519,36.1876
403.0,805.0,9.3762,38.2048,98.68,187.4897,0.0212,0.0003,99.3,215.1466,49.0115,-16.433,0.0,0.0001,1.8856,-0.0006,6.3923,35.3586,9.2831,27.3529,36.1889
404.0,807.0,9.3731,38.2021,86.1667,186.5392,0.0229,0.0003,99.3108,215.1466,49.0115,-16.433,0.0,0.0001,1.8798,-0.0017,6.3955,35.3581,9.2798,27.353,36.1892
405.0,809.0,9.3478,38.1784,94.8672,186.0796,0.0217,0.0003,99.2948,215.1467,49.0115,-16.433,0.0,0.0001,1.8753,-0.0015,6.3952,35.3575,9.2544,27.3567,36.194
406.0,811.0,9.3452,38.1786,98.68,186.5393,0.0216,0.0003,99.3204,215.1467,49.0115,-16.433,0.0,0.0001,1.8753,-0.0004,6.3951,35.3592,9.2516,27.3586,36.196
407.0,813.0,9.3455,38.1805,95.3771,186.6057,0.0222,0.0003,99.3094,215.1467,49.0115,-16.433,0.0,0.0001,1.8746,-0.0001,6.395,35.3601,9.2517,27.3593,36.1966
408.0,815.0,9.341,38.1783,98.68,186.359,0.0253,0.0003,99.3204,215.1468,49.0115,-16.433,0.0,0.0001,1.8738,-0.0006,6.3954,35.3611,9.2469,27.3608,36.1984
409.0,817.0,9.3399,38.1801,98.68,186.4724,0.0256,0.0003,99.3158,215.1468,49.0115,-16.433,0.0,0.0001,1.873,-0.0002,6.3955,35.3632,9.2456,27.3627,36.2003
410.0,819.0,9.3403,38.1805,98.2878,186.567,0.0254,0.0003,99.3209,215.1469,49.0115,-16.433,0.0,0.0001,1.8732,-0.0002,6.3964,35.3625,9.2457,27.3621,36.1997
411.0,821.0,9.3335,38.1756,97.2845,185.7854,0.0255,0.0003,99.3228,215.1469,49.0115,-16.433,0.0,0.0001,1.8681,-0.0012,6.397,35.3631,9.2387,27.3637,36.2016
412.0,823.0,9.3311,38.1817,98.596,185.0291,0.0232,0.0003,99.3382,215.1469,49.0115,-16.433,0.0,0.0001,1.8669,-0.0021,6.3969,35.3706,9.236,27.3701,36.208
413.0,825.0,9.3404,38.1948,98.68,185.4674,0.0231,0.0003,99.3258,215.147,49.0115,-16.433,0.0,0.0001,1.8654,-0.0004,6.3947,35.3742,9.2451,27.3714,36.2088
414.0,827.0,9.3426,38.1968,63.0958,184.3032,0.0231,0.0003,99.3413,215.147,49.0114,-16.433,0.0,0.0001,1.8623,-0.002,6.3904,35.3736,9.247,27.3705,36.2079
415.0,829.0,9.3784,38.2467,98.68,182.2203,0.0218,0.0003,99.3329,215.147,49.0114,-16.433,0.0,0.0001,1.8554,-0.0049,6.3912,35.389,9.2824,27.3768,36.2125
416.0,831.0,9.3755,38.2448,96.1523,183.4074,0.0209,0.0003,99.3447,215.1471,49.0114,-16.433,0.0,0.0001,1.8502,-0.0008,6.3913,35.3888,9.2792,27.3771,36.2129
417.0,833.0,9.3737,38.2415,98.68,183.0702,0.0295,0.0003,99.3372,215.1471,49.0114,-16.433,0.0,0.0001,1.8479,-0.0014,6.392,35.3865,9.2772,27.3757,36.2116
418.0,835.0,9.3661,38.2414,70.541,182.2515,0.0468,0.0003,99.3492,215.1471,49.0114,-16.4329,0.0,0.0001,1.8447,-0.0018,6.3914,35.3929,9.2693,27.382,36.2181
419.0,837.0,9.3455,38.2205,93.0054,182.6973,0.0262,0.0003,99.3398,215.1472,49.0114,-16.433,0.0,0.0001,1.8431,-0.0005,6.3941,35.3905,9.2486,27.3835,36.2206
420.0,839.0,9.3505,38.2261,98.68,181.9099,0.0218,0.0003,99.3348,215.1472,49.0114,-16.4329,0.0,0.0001,1.8394,-0.0015,6.3965,35.3909,9.2535,27.383,36.2199
421.0,841.0,9.3119,38.1878,98.68,182.5356,0.0225,0.0003,99.3355,215.1472,49.0114,-16.4329,0.0,0.0001,1.839,-0.0002,6.4005,35.3879,9.2147,27.3871,36.2256
422.0,843.0,9.3137,38.1889,98.1184,182.4732,0.0207,0.0003,99.343,215.1473,49.0114,-16.4329,0.0,0.0001,1.8381,-0.0003,6.4018,35.3865,9.2164,27.3857,36.2242
423.0,845.0,9.2907,38.1709,89.5894,182.3444,0.0234,0.0003,99.3492,215.1473,49.0114,-16.4329,0.0,0.0001,1.8368,-0.0005,6.4056,35.3897,9.1932,27.392,36.2315
424.0,847.0,9.2676,38.1483,98.68,182.2977,0.0235,0.0003,99.3423,215.1473,49.0114,-16.4329,0.0,0.0001,1.8362,-0.0004,6.4041,35.3881,9.1701,27.3945,36.235
425.0,849.0,9.2576,38.1395,82.6958,182.3324,0.0208,0.0003,99.3311,215.1474,49.0114,-16.4329,0.0,0.0001,1.8345,-0.0005,6.4135,35.3879,9.1599,27.3961,36.237
426.0,851.0,9.2033,38.0786,98.6796,181.7935,0.0242,0.0003,99.3313,215.1474,49.0114,-16.4329,0.0,0.0001,1.831,-0.0013,6.4244,35.3772,9.1057,27.3965,36.24
427.0,853.0,9.1392,38.0138,98.68,182.2591,0.0261,0.0003,99.3308,215.1474,49.0114,-16.4329,0.0,0.0001,1.8309,0.0,6.4207,35.3721,9.0418,27.4029,36.2492
428.0,855.0,9.1467,38.0253,98.6415,182.5939,0.0227,0.0003,99.3073,215.1475,49.0114,-16.4329,0.0,0.0001,1.8322,0.0001,6.4243,35.3756,9.0489,27.4045,36.2505
429.0,857.0,9.1418,38.0195,98.68,182.3097,0.0206,0.0003,99.3254,215.1475,49.0114,-16.4329,0.0,0.0001,1.8306,-0.0005,6.4311,35.3735,9.0438,27.4037,36.2499
430.0,859.0,9.0815,37.9587,98.68,183.4502,0.0219,0.0003,99.3204,215.1475,49.0114,-16.4329,0.0,0.0001,1.8318,0.0015,6.4289,35.3688,8.9836,27.4098,36.2586
431.0,861.0,9.0826,37.9612,89.8218,183.548,0.0224,0.0003,99.3167,215.1476,49.0114,-16.4329,0.0,0.0001,1.8345,0.0006,6.4314,35.3694,8.9846,27.41,36.2589
432.0,863.0,9.0806,37.9592,94.2737,183.2999,0.0215,0.0003,99.3204,215.1476,49.0114,-16.4329,0.0,0.0001,1.8344,-0.0001,6.4329,35.3684,8.9823,27.4096,36.2586
433.0,865.0,9.0779,37.9574,98.6797,183.6092,0.0256,0.0003,99.3204,215.1476,49.0113,-16.4329,0.0,0.0001,1.8356,0.0004,6.432,35.3684,8.9793,27.4101,36.2592
434.0,867.0,9.0826,37.9635,98.6807,183.3755,0.0246,0.0003,99.3123,215.1477,49.0113,-16.4329,0.0,0.0001,1.8346,-0.0002,6.4332,35.3693,8.9839,27.4101,36.259
435.0,869.0,9.08,37.9683,98.68,182.9507,0.0208,0.0003,99.3042,215.1477,49.0113,-16.4329,0.0,0.0001,1.8336,-0.0008,6.4325,35.3758,8.9809,27.4156,36.2645
436.0,871.0,9.0706,37.9605,85.8521,182.8206,0.0205,0.0003,99.3148,215.1477,49.0113,-16.4329,0.0,0.0001,1.8313,-0.0007,6.4352,35.3764,8.9714,27.4176,36.267
437.0,873.0,9.0593,37.9477,98.68,182.3115,0.0233,0.0003,99.3121,215.1478,49.0113,-16.4329,0.0,0.0001,1.8278,-0.0012,6.4361,35.3733,8.96,27.4171,36.2669
438.0,875.0,9.0574,37.9577,96.941,182.9251,0.0223,0.0003,99.3068,215.1478,49.0113,-16.4329,0.0,0.0001,1.829,0.0001,6.4335,35.3842,8.9578,27.426,36.2757
439.0,877.0,9.0629,37.9633,97.2744,182.8851,0.0239,0.0003,99.3059,215.1478,49.0113,-16.4329,0.0,0.0001,1.8289,0.0001,6.4326,35.3842,8.9631,27.4251,36.2747
440.0,879.0,9.0812,37.9885,89.6223,181.9791,0.0255,0.0003,99.3142,215.1479,49.0113,-16.4329,0.0,0.0001,1.8266,-0.0014,6.4325,35.3912,8.981,27.4278,36.2764
441.0,881.0,9.0888,37.9996,98.68,182.1436,0.0233,0.0003,99.3175,215.1479,49.0113,-16.4328,0.0,0.0001,1.8248,-0.0005,6.4321,35.3943,8.9882,27.4289,36.2773
442.0,883.0,9.0856,37.9983,98.68,181.3479,0.0242,0.0003,99.3204,215.148,49.0113,-16.4329,0.0,0.0001,1.8205,-0.0016,6.4388,35.3952,8.9849,27.4302,36.2787
443.0,885.0,9.0359,37.95,79.8892,181.4486,0.0216,0.0003,99.3204,215.148,49.0113,-16.4328,0.0,0.0001,1.8193,-0.0007,6.4358,35.393,8.9352,27.4366,36.2872
444.0,887.0,9.0254,37.9407,95.6379,181.7386,0.019,0.0003,99.3063,215.148,49.0113,-16.4328,0.0,0.0001,1.8187,-0.0003,6.4409,35.3929,8.9246,27.4381,36.2893
445.0,889.0,8.9996,37.9149,98.68,182.1224,0.0204,0.0003,99.3204,215.1481,49.0113,-16.4328,0.0,0.0001,1.8183,0.0002,6.446,35.3903,8.8987,27.4403,36.2925
446.0,891.0,8.9827,37.8998,98.68,182.1114,0.0226,0.0003,99.3154,215.1481,49.0113,-16.4328,0.0,0.0001,1.8184,0.0001,6.4467,35.3904,8.8816,27.4431,36.2961
447.0,893.0,8.979,37.8967,81.1976,182.1405,0.0229,0.0003,99.307,215.1481,49.0113,-16.4328,0.0,0.0001,1.8185,0.0,6.447,35.39,8.8778,27.4434,36.2966
448.0,895.0,8.9733,37.8916,95.7255,182.2093,0.0226,0.0003,99.311,215.1482,49.0112,-16.4328,0.0,0.0001,1.8184,0.0,6.4479,35.3894,8.8718,27.4439,36.2974
449.0,897.0,8.97,37.8892,98.68,181.9175,0.022,0.0003,99.3095,215.1482,49.0112,-16.4328,0.0,0.0001,1.8174,-0.0005,6.4496,35.3894,8.8683,27.4444,36.2981
450.0,899.0,8.9541,37.8736,98.68,182.3816,0.0208,0.0003,99.3052,215.1482,49.0112,-16.4328,0.0,0.0001,1.818,0.0003,6.4488,35.3877,8.8522,27.4457,36.3001
451.0,901.0,8.949,37.8695,98.68,182.0037,0.0216,0.0003,99.3051,215.1483,49.0112,-16.4328,0.0,0.0001,1.8168,-0.0005,6.4525,35.3878,8.847,27.4466,36.3012
452.0,903.0,8.9341,37.8556,98.68,182.3243,0.0212,0.0003,99.2915,215.1483,49.0112,-16.4328,0.0,0.0001,1.8154,0.0001,6.4601,35.3868,8.8319,27.4483,36.3035
453.0,905.0,8.9234,37.8441,98.68,181.892,0.0203,0.0003,99.2915,215.1483,49.0112,-16.4328,0.0,0.0001,1.814,-0.0007,6.4596,35.3847,8.8211,27.4483,36.3041
454.0,907.0,8.857,37.775,90.4967,182.7382,0.0235,0.0003,99.3032,215.1484,49.0112,-16.4328,0.0,0.0001,1.8166,0.0003,6.4637,35.3771,8.7549,27.4529,36.3117
455.0,909.0,8.8642,37.7823,98.68,182.7231,0.0269,0.0003,99.2915,215.1484,49.0112,-16.4328,0.0,0.0001,1.8161,-0.0001,6.4694,35.3767,8.7618,27.4515,36.31
456.0,911.0,8.8239,37.7451,98.68,183.2834,0.0248,0.0003,99.3204,215.1484,49.0112,-16.4328,0.0,0.0001,1.8174,0.0008,6.4692,35.3768,8.7215,27.4581,36.3183
457.0,913.0,8.8208,37.7431,91.9374,183.2,0.0214,0.0003,99.3084,215.1485,49.0112,-16.4328,0.0,0.0001,1.818,0.0002,6.4706,35.3768,8.7183,27.4586,36.319
458.0,915.0,8.8113,37.7354,98.68,183.1018,0.0192,0.0003,99.3009,215.1485,49.0112,-16.4328,0.0,0.0001,1.8174,-0.0001,6.4754,35.3775,8.7086,27.4607,36.3215
459.0,917.0,8.7887,37.7132,98.68,183.1792,0.0244,0.0003,99.2915,215.1485,49.0112,-16.4328,0.0,0.0001,1.8173,0.0,6.4747,35.3757,8.686,27.4628,36.3247
460.0,919.0,8.7727,37.7011,89.4294,183.2224,0.0205,0.0003,99.2991,215.1486,49.0112,-16.4328,0.0,0.0001,1.8169,-0.0002,6.4793,35.3779,8.6697,27.4671,36.3296
461.0,921.0,8.7438,37.6761,98.5713,183.4384,0.0241,0.0003,99.2915,215.1486,49.0111,-16.4328,0.0,0.0001,1.8167,0.0002,6.4799,35.3791,8.6408,27.4726,36.3364
462.0,923.0,8.7355,37.6697,98.68,183.6938,0.0228,0.0003,99.2947,215.1487,49.0111,-16.4328,0.0,0.0001,1.8176,0.0003,6.4819,35.3798,8.6323,27.4746,36.3387
463.0,925.0,8.7325,37.6673,98.68,183.3977,0.0188,0.0003,99.2975,215.1487,49.0111,-16.4327,0.0,0.0001,1.8168,-0.0003,6.4818,35.3795,8.6291,27.4748,36.3391
464.0,927.0,8.74,37.6841,62.7172,183.5168,0.0229,0.0003,99.2987,215.1487,49.0111,-16.4327,0.0,0.0001,1.8168,-0.0001,6.4812,35.3885,8.6363,27.4807,36.3446
465.0,929.0,8.7376,37.6822,97.0319,183.5695,0.022,0.0003,99.2911,215.1488,49.0111,-16.4327,0.0,0.0001,1.8171,-0.0002,6.4825,35.3882,8.6337,27.4809,36.3448
466.0,931.0,8.7316,37.6779,98.3224,183.4033,0.024,0.0003,99.2915,215.1488,49.0111,-16.4327,0.0,0.0001,1.8156,-0.0003,6.4829,35.3886,8.6275,27.4822,36.3464
467.0,933.0,8.7101,37.6588,98.68,184.036,0.0236,0.0003,99.2896,215.1488,49.0111,-16.4327,0.0,0.0001,1.817,0.0007,6.4819,35.3889,8.6059,27.4859,36.351
468.0,935.0,8.7095,37.6577,98.68,183.8965,0.0231,0.0003,99.2786,215.1489,49.0111,-16.4327,0.0,0.0001,1.8168,-0.0004,6.4966,35.3878,8.6052,27.4851,36.3503
469.0,937.0,8.6061,37.5456,79.4388,184.5421,0.0201,0.0003,99.2958,215.1489,49.0111,-16.4327,0.0,0.0001,1.8165,0.0005,6.5073,35.3715,8.5021,27.4885,36.3585
470.0,939.0,8.5394,37.4753,96.4215,184.916,0.0236,0.0003,99.2968,215.1489,49.0111,-16.4327,0.0,0.0001,1.8173,0.0002,6.5189,35.3627,8.4357,27.492,36.365
471.0,941.0,8.4833,37.4143,98.5314,185.8473,0.0237,0.0003,99.2886,215.149,49.0111,-16.4327,0.0,0.0001,1.8204,0.001,6.522,35.3532,8.3797,27.4932,36.3689
472.0,943.0,8.4719,37.4036,98.68,185.7284,0.0239,0.0003,99.2881,215.149,49.011,-16.4327,0.0,0.0001,1.8217,0.0001,6.5255,35.3524,8.3682,27.4944,36.3706
473.0,945.0,8.457,37.3895,98.68,185.89,0.0188,0.0003,99.3013,215.149,49.011,-16.4327,0.0,0.0001,1.8225,0.0004,6.5213,35.3515,8.3531,27.496,36.3729
474.0,947.0,8.4176,37.3501,85.8632,185.9833,0.0235,0.0003,99.2648,215.1491,49.011,-16.4327,0.0,0.0001,1.8229,-0.0001,6.5295,35.3481,8.3139,27.4994,36.3782
475.0,949.0,8.4093,37.3518,93.555,186.2129,0.0225,0.0003,99.2857,215.1491,49.011,-16.4327,0.0,0.0001,1.8229,0.0003,6.5279,35.3571,8.3053,27.5078,36.3868
476.0,951.0,8.4266,37.3806,98.68,186.3451,0.0219,0.0003,99.2958,215.1491,49.011,-16.4327,0.0,0.0001,1.8242,0.0004,6.5291,35.3695,8.3222,27.5149,36.3929
477.0,953.0,8.4037,37.3559,84.1929,186.5387,0.0237,0.0003,99.2803,215.1492,49.011,-16.4327,0.0,0.0001,1.8238,-0.0005,6.5528,35.3652,8.2993,27.5151,36.3942
478.0,955.0,8.2636,37.1886,93.5534,187.8323,0.021,0.0003,99.2915,215.1492,49.011,-16.4327,0.0,0.0001,1.8244,0.0013,6.5547,35.3267,8.16,27.5062,36.3921
479.0,957.0,8.0675,36.9835,93.4312,189.6629,0.021,0.0003,99.2875,215.1492,49.011,-16.4327,0.0,0.0001,1.8303,0.0018,6.5872,35.3034,7.9651,27.5176,36.4126
480.0,959.0,8.0352,36.9506,98.68,189.6224,0.0231,0.0003,99.2881,215.1493,49.011,-16.4327,0.0,0.0001,1.8324,0.0015,6.581,35.2997,7.9327,27.5195,36.416
481.0,961.0,8.0533,36.9726,94.0436,189.5217,0.0235,0.0003,99.2847,215.1493,49.011,-16.4327,0.0,0.0001,1.8358,0.0002,6.5821,35.3042,7.9506,27.5204,36.416
482.0,963.0,8.0464,36.9667,87.633,189.504,0.0192,0.0003,99.2915,215.1494,49.011,-16.4327,0.0,0.0001,1.8339,0.0002,6.5853,35.3036,7.9434,27.5209,36.4169
483.0,965.0,8.0523,36.9769,98.68,190.0603,0.0212,0.0003,99.2915,215.1494,49.0109,-16.4327,0.0,0.0001,1.8356,0.001,6.5846,35.3079,7.949,27.5235,36.4191
484.0,967.0,8.0556,36.9799,98.68,189.917,0.0236,0.0003,99.2919,215.1494,49.0109,-16.4327,0.0,0.0001,1.8373,0.0005,6.5731,35.3068,7.9521,27.5221,36.4177
485.0,969.0,8.1594,37.1071,73.786,188.7703,0.0241,0.0003,99.3204,215.1495,49.0109,-16.4327,0.0,0.0001,1.8366,-0.0011,6.5615,35.3374,8.0549,27.5307,36.4211
486.0,971.0,8.2125,37.1666,98.676,188.6515,0.0234,0.0003,99.3146,215.1495,49.0109,-16.4327,0.0,0.0001,1.8336,-0.0014,6.5744,35.347,8.1074,27.5303,36.4182
487.0,973.0,8.1824,37.1336,98.5157,188.0681,0.0224,0.0003,99.315,215.1495,49.0109,-16.4327,0.0,0.0001,1.8306,-0.0017,6.5725,35.341,8.0772,27.5301,36.4195
488.0,975.0,8.1066,37.0479,94.3628,188.7683,0.0209,0.0003,99.3154,215.1495,49.0109,-16.4327,0.0,0.0001,1.83,-0.0003,6.5778,35.3248,8.0019,27.5288,36.4218
489.0,977.0,8.0512,36.9978,94.3557,189.1517,0.0235,0.0003,99.3204,215.1496,49.0109,-16.4326,0.0,0.0001,1.8291,0.0002,6.5851,35.3256,7.9466,27.5377,36.4332
490.0,979.0,8.0229,36.9687,98.68,189.4623,0.0247,0.0003,99.3355,215.1496,49.0109,-16.4326,0.0,0.0001,1.829,-0.0002,6.6035,35.3221,7.9183,27.5393,36.4361
491.0,981.0,7.9586,36.8954,98.68,189.8771,0.023,0.0004,98.9854,215.1497,49.0109,-16.4326,0.0,0.0001,1.8299,0.0004,6.6056,35.3072,7.8542,27.5372,36.4371
492.0,983.0,7.9308,36.8663,90.2326,190.4602,0.0218,0.0003,99.3361,215.1497,49.0109,-16.4326,0.0,0.0001,1.8329,0.0006,6.6038,35.3028,7.8264,27.5379,36.4392
493.0,985.0,7.9249,36.8616,98.6557,190.2226,0.0251,0.0003,99.3252,215.1497,49.0108,-16.4326,0.0,0.0001,1.8322,-0.0002,6.6067,35.3031,7.8203,27.539,36.4405
494.0,987.0,7.9161,36.8564,98.68,190.0919,0.0266,0.0003,99.3329,215.1498,49.0108,-16.4326,0.0,0.0001,1.8315,-0.0002,6.6063,35.3053,7.8113,27.542,36.444
495.0,989.0,7.9201,36.8621,85.3155,189.9697,0.0219,0.0003,99.3325,215.1498,49.0108,-16.4326,0.0,0.0001,1.8309,-0.0004,6.6094,35.3068,7.8151,27.5427,36.4444
496.0,991.0,7.8737,36.8136,98.6765,189.8812,0.0246,0.0003,99.3453,215.1498,49.0108,-16.4326,0.0,0.0001,1.8295,-0.0001,6.6066,35.2999,7.7687,27.5442,36.4481
497.0,993.0,7.8619,36.8018,96.2944,190.2262,0.02,0.0003,99.3389,215.1499,49.0108,-16.4326,0.0,0.0001,1.8306,0.0,6.6137,35.2985,7.7568,27.5448,36.4493
498.0,995.0,7.8511,36.7954,98.68,190.7966,0.0227,0.0003,99.3405,215.1499,49.0108,-16.4326,0.0,0.0001,1.8315,0.0007,6.6161,35.3013,7.7459,27.5487,36.4536
499.0,997.0,7.8464,36.791,90.7,190.8437,0.02,0.0003,99.3594,215.15,49.0108,-16.4326,0.0,0.0001,1.8316,0.0002,6.6185,35.3005,7.741,27.5488,36.4539
500.0,999.0,7.8291,36.7791,93.9303,190.5474,0.0227,0.0003,99.3617,215.1501,49.0107,-16.4326,0.0,0.0001,1.831,-0.0004,6.6217,35.3043,7.7236,27.5543,36.4602
501.0,1001.0,7.8215,36.7719,91.157,190.5964,0.0227,0.0003,99.3616,215.1502,49.0107,-16.4326,0.0,0.0001,1.8305,-0.0002,6.622,35.3031,7.7159,27.5545,36.4608
502.0,1003.0,7.8102,36.7617,91.0164,190.6353,0.0234,0.0003,99.3474,215.1502,49.0107,-16.4326,0.0,0.0001,1.8302,-0.0002,6.6235,35.3026,7.7044,27.5558,36.4626
503.0,1005.0,7.785,36.7365,95.061,191.029,0.0235,0.0003,99.342,215.1505,49.0106,-16.4325,0.0,0.0001,1.8314,-0.0001,6.629,35.2998,7.6792,27.5573,36.4653
504.0,1007.0,7.7267,36.6751,91.9648,191.8867,0.022,0.0003,99.3323,215.1507,49.0106,-16.4325,0.0,0.0001,1.8345,0.0003,6.6349,35.2916,7.6211,27.5594,36.4702
505.0,1009.0,7.6941,36.6411,98.68,192.0909,0.0196,0.0003,99.3221,215.1508,49.0105,-16.4325,0.0,0.0001,1.8352,0.0007,6.634,35.287,7.5886,27.5606,36.4729
