Datacycle,press,temp,cond,alt,oxygen,fluor,atten,trans,jday,lat,lon,PAR,UPAR,oxV,oxdVdt,oxysat,salin,potemp,sigma0,sigma2
1.0,1.0,15.3574,43.966,4.7903,239.8824,0.8457,0.0028,93.1994,215.2237,48.9922,-16.4252,0.0,0.0001,2.6795,-0.0006,5.6256,35.6307,15.3572,26.3789,34.9735
2.0,3.0,15.3566,43.9659,5.0781,240.2666,0.8081,0.0029,92.8681,215.2237,48.9922,-16.4252,0.0,0.0001,2.6823,0.0,5.6255,35.6308,15.3562,26.3792,34.9738
3.0,5.0,15.3578,43.968,3.209,240.9184,0.8029,0.0029,93.0213,215.2238,48.9921,-16.4252,0.0,0.0001,2.6863,0.0008,5.6253,35.6308,15.357,26.379,34.9736
4.0,7.0,15.3591,43.9704,25.7448,241.2845,0.8015,0.0028,93.1822,215.224,48.9921,-16.4252,0.0,0.0001,2.6907,0.0001,5.6231,35.6309,15.358,26.3789,34.9734
5.0,9.0,15.3697,43.9819,37.1622,241.1436,0.8082,0.0028,93.2038,215.2241,48.9921,-16.4252,0.0,0.0001,2.6883,0.0,5.6232,35.631,15.3683,26.3766,34.9708
6.0,11.0,15.3796,43.9929,98.71,241.5885,0.8107,0.0028,93.2005,215.2241,48.9921,-16.4252,0.0,0.0001,2.6912,0.0003,5.625,35.6312,15.378,26.3746,34.9684
7.0,13.0,15.3554,43.9692,91.6988,241.6566,0.8171,0.0028,93.1819,215.2242,48.992,-16.4252,0.0,0.0001,2.6911,0.0001,5.6263,35.6309,15.3534,26.3799,34.9746
8.0,15.0,15.3474,43.9621,94.5116,241.9153,0.8107,0.0028,93.1821,215.2243,48.992,-16.4252,0.0,0.0001,2.6924,0.0003,5.6266,35.6306,15.3451,26.3815,34.9765
9.0,17.0,15.3479,43.9635,98.5962,241.7516,0.8319,0.0028,93.1888,215.2244,48.992,-16.4252,0.0,0.0001,2.6916,-0.0003,5.6266,35.6308,15.3453,26.3816,34.9766
10.0,19.0,15.3472,43.9637,82.2864,241.7424,0.8083,0.0028,93.1746,215.2245,48.9919,-16.4252,0.0,0.0001,2.6912,-0.0004,5.6266,35.6306,15.3443,26.3817,34.9768
11.0,21.0,15.3469,43.9639,92.145,241.5413,0.7984,0.0028,93.1995,215.2245,48.9919,-16.4252,0.0,0.0001,2.6895,-0.0008,5.6266,35.6307,15.3438,26.3819,34.9769
12.0,23.0,15.3472,43.9655,88.6544,241.539,0.8082,0.0028,93.1947,215.2246,48.9919,-16.4252,0.0,0.0001,2.6872,0.0,5.6267,35.6306,15.3437,26.3819,34.9769
13.0,25.0,15.3474,43.9663,81.1687,240.9025,0.8259,0.0028,93.1814,215.2247,48.9919,-16.4251,0.0,0.0001,2.6838,-0.0013,5.6267,35.6305,15.3436,26.3818,34.9768
14.0,27.0,15.3469,43.967,95.7057,240.8457,0.8259,0.0028,93.1782,215.2247,48.9919,-16.4252,0.0,0.0001,2.6804,-0.0003,5.6267,35.6307,15.3427,26.3822,34.9773
15.0,29.0,15.3477,43.9682,98.71,240.7143,0.8428,0.0028,93.1558,215.2248,48.9918,-16.4252,0.0,0.0001,2.6796,-0.0006,5.6267,35.6305,15.3433,26.3819,34.9769
16.0,31.0,15.3464,43.9683,88.2906,240.8509,0.8255,0.0028,93.243,215.2249,48.9918,-16.4252,0.0,0.0001,2.6787,0.0,5.6268,35.6307,15.3416,26.3824,34.9776
17.0,33.0,15.3457,43.9683,51.6331,240.6844,0.8221,0.0028,93.2424,215.2249,48.9918,-16.4252,0.0,0.0001,2.6777,-0.0006,5.6271,35.6305,15.3406,26.3825,34.9776
18.0,35.0,15.3442,43.9678,98.71,241.0809,0.8345,0.0028,93.2546,215.225,48.9918,-16.4252,0.0,0.0001,2.6794,0.0002,5.627,35.6306,15.3388,26.383,34.9782
19.0,37.0,15.3444,43.9688,91.1495,240.8339,0.8373,0.0028,93.2218,215.2251,48.9918,-16.4252,0.0,0.0001,2.6776,-0.0005,5.627,35.6306,15.3388,26.3829,34.9781
20.0,39.0,15.3428,43.968,82.8475,240.6743,0.8475,0.0028,93.2704,215.2251,48.9918,-16.4252,0.0,0.0001,2.6746,-0.0002,5.6271,35.6303,15.3367,26.3832,34.9785
21.0,41.0,15.3422,43.9682,85.2915,240.9233,0.8347,0.0028,93.27,215.2252,48.9917,-16.4252,0.0,0.0001,2.675,0.0003,5.6277,35.6305,15.3359,26.3835,34.9789
22.0,43.0,15.3341,43.9603,98.8342,240.7156,0.8218,0.0027,93.3715,215.2252,48.9917,-16.4252,0.0,0.0001,2.6745,-0.0003,5.628,35.6298,15.3275,26.3849,34.9805
23.0,45.0,15.3345,43.9616,98.71,240.8114,0.8227,0.0027,93.4543,215.2253,48.9917,-16.4252,0.0,0.0001,2.6743,-0.0001,5.6284,35.63,15.3277,26.385,34.9806
24.0,47.0,15.3257,43.9537,98.71,240.4574,0.8124,0.0027,93.5301,215.2254,48.9917,-16.4252,0.0,0.0001,2.6709,-0.0007,5.6313,35.6297,15.3184,26.3868,34.9828
25.0,49.0,15.2804,43.9088,98.6606,239.1488,0.6982,0.0023,94.4004,215.2254,48.9917,-16.4252,0.0,0.0001,2.6617,-0.0033,5.6397,35.6295,15.2729,26.3968,34.9944
26.0,51.0,15.215,43.8434,96.6283,238.7991,0.6157,0.002,95.0613,215.2255,48.9917,-16.4252,0.0,0.0001,2.6521,-0.0014,5.6451,35.6288,15.2073,26.4109,35.0108
27.0,53.0,15.1013,43.7321,98.71,238.7316,0.5189,0.0018,95.6127,215.2255,48.9916,-16.4252,0.0,0.0001,2.6454,-0.0012,5.6615,35.6298,15.0932,26.4371,35.041
28.0,55.0,14.8346,43.4646,85.4467,232.7844,0.4018,0.0015,96.4362,215.2256,48.9916,-16.4252,0.0,0.0001,2.6018,-0.0142,5.7213,35.6277,14.8264,26.4939,35.1075
29.0,57.0,14.322,42.9463,97.1827,234.1355,0.2881,0.0012,96.9986,215.2257,48.9916,-16.4252,0.0,0.0001,2.5796,-0.0045,5.7682,35.62,14.3137,26.5996,35.2319
30.0,59.0,13.6925,42.3407,98.71,227.2802,0.1913,0.0008,97.989,215.2257,48.9916,-16.4252,0.0,0.0001,2.5216,-0.0124,5.817,35.6363,13.6841,26.7453,35.4007
31.0,61.0,13.3686,42.0318,89.1229,231.2991,0.1284,0.0006,98.4077,215.2258,48.9916,-16.4252,0.0,0.0001,2.5218,-0.0012,5.8545,35.6464,13.3601,26.8204,35.4878
32.0,63.0,13.1771,41.8509,98.7062,230.3268,0.106,0.0005,98.6617,215.2258,48.9915,-16.4252,0.0,0.0001,2.5054,-0.0002,5.8726,35.6529,13.1683,26.8647,35.5392
33.0,65.0,13.0847,41.7621,80.4436,229.7919,0.0968,0.0005,98.7584,215.2259,48.9915,-16.4252,0.0,0.0001,2.4988,-0.0027,5.8974,35.6546,13.0757,26.8849,35.5629
34.0,67.0,13.0119,41.6844,95.0399,230.5229,0.0954,0.0005,98.8307,215.2259,48.9915,-16.4252,0.0,0.0001,2.4963,-0.0008,5.9132,35.648,13.0028,26.8946,35.5755
35.0,69.0,12.8023,41.4595,98.701,231.3609,0.0889,0.0004,98.9561,215.226,48.9915,-16.4252,0.0,0.0001,2.4967,0.0001,5.9273,35.6289,12.7929,26.922,35.6112
36.0,71.0,12.7318,41.3868,91.3687,231.7309,0.0765,0.0004,99.0449,215.226,48.9915,-16.4252,0.0,0.0001,2.4926,-0.0006,5.9576,35.6249,12.7222,26.933,35.625
37.0,73.0,12.5408,41.1922,82.594,232.3993,0.0712,0.0003,99.1291,215.2261,48.9915,-16.4252,0.0,0.0001,2.4961,0.0006,5.9551,35.617,12.531,26.9649,35.6644
38.0,75.0,12.5703,41.2244,94.3378,232.033,0.0831,0.0003,99.1796,215.2262,48.9914,-16.4252,0.0,0.0001,2.4935,-0.001,5.963,35.6196,12.5602,26.9612,35.6595
39.0,77.0,12.4568,41.1147,98.71,232.9024,0.0608,0.0003,99.2902,215.2262,48.9914,-16.4252,0.0,0.0001,2.4952,0.0005,5.9711,35.6202,12.4465,26.984,35.6868
40.0,79.0,12.4495,41.1088,98.7069,232.6796,0.0569,0.0003,99.357,215.2263,48.9914,-16.4252,0.0,0.0001,2.4948,-0.0004,5.9707,35.6203,12.4389,26.9857,35.6887
41.0,81.0,12.4469,41.1141,98.7056,232.5261,0.0513,0.0002,99.4223,215.2263,48.9914,-16.4252,0.0,0.0001,2.4926,-0.0004,5.9717,35.627,12.436,26.9914,35.6944
42.0,83.0,12.4549,41.1233,87.4474,232.7931,0.0523,0.0002,99.436,215.2264,48.9914,-16.4252,0.0,0.0001,2.4944,-0.0002,5.9713,35.6277,12.4439,26.9904,35.6931
43.0,85.0,12.4274,41.0975,94.4383,232.2994,0.0478,0.0002,99.5178,215.2264,48.9914,-16.4253,0.0,0.0001,2.4893,-0.0005,5.9749,35.6278,12.4161,26.9959,35.6997
44.0,87.0,12.3979,41.0659,98.7062,232.5459,0.0502,0.0002,99.554,215.2265,48.9913,-16.4253,0.0,0.0001,2.4882,0.0,5.9799,35.6243,12.3862,26.9991,35.7041
45.0,89.0,12.3874,41.0539,98.7056,232.2542,0.0473,0.0002,99.5751,215.2265,48.9913,-16.4253,0.0,0.0001,2.4866,-0.001,5.9833,35.622,12.3756,26.9994,35.7048
46.0,91.0,12.3343,40.9975,93.502,232.5451,0.0451,0.0002,99.5856,215.2266,48.9913,-16.4253,0.0,0.0001,2.4869,-0.0002,5.9842,35.6169,12.3222,27.0059,35.7135
47.0,93.0,12.3169,40.9805,98.7025,232.289,0.0437,0.0001,99.6524,215.2266,48.9913,-16.4253,0.0,0.0001,2.4837,-0.0004,5.9861,35.6156,12.3045,27.0084,35.7167
48.0,95.0,12.3093,40.974,87.2349,232.6544,0.0368,0.0001,99.6679,215.2267,48.9913,-16.4253,0.0,0.0001,2.4851,0.0001,5.9879,35.6159,12.2966,27.0101,35.7187
49.0,97.0,12.297,40.9634,95.8822,232.1687,0.0342,0.0001,99.6876,215.2268,48.9912,-16.4253,0.0,0.0001,2.4819,-0.001,5.9899,35.6165,12.2841,27.013,35.7221
50.0,99.0,12.2993,40.9686,98.627,231.8913,0.0344,0.0001,99.7089,215.2268,48.9912,-16.4253,0.0,0.0001,2.4786,-0.0006,5.9897,35.6181,12.2861,27.0139,35.7229
51.0,101.0,12.306,40.9784,83.9343,231.3297,0.032,0.0001,99.7155,215.2269,48.9912,-16.4253,0.0,0.0001,2.4744,-0.0008,5.9888,35.6206,12.2926,27.0145,35.7233
52.0,103.0,12.3058,40.9822,91.7753,230.2462,0.0338,0.0001,99.7138,215.227,48.9912,-16.4253,0.0,0.0001,2.4643,-0.0008,5.9885,35.6234,12.2921,27.0168,35.7255
53.0,105.0,12.3024,40.9791,96.9598,231.1669,0.03,0.0001,99.7059,215.2271,48.9912,-16.4253,0.0,0.0001,2.4683,0.0005,5.9903,35.6231,12.2885,27.0173,35.7261
54.0,107.0,12.279,40.9534,93.0075,231.8213,0.0318,0.0001,99.7038,215.2272,48.9911,-16.4253,0.0,0.0001,2.4729,0.0002,5.9923,35.6194,12.2648,27.0191,35.7289
55.0,109.0,12.2792,40.9549,86.0218,231.351,0.0337,0.0001,99.6884,215.2272,48.9911,-16.4253,0.0,0.0001,2.4706,-0.0007,5.993,35.6198,12.2648,27.0194,35.7292
56.0,111.0,12.2659,40.9413,98.705,231.7215,0.0299,0.0001,99.6909,215.2273,48.9911,-16.4253,0.0,0.0001,2.4704,0.0004,5.9944,35.6181,12.2512,27.0207,35.7311
57.0,113.0,12.2485,40.9225,98.7067,231.7355,0.0312,0.0001,99.6828,215.2274,48.9911,-16.4253,0.0,0.0001,2.47,-0.0002,5.9997,35.6157,12.2335,27.0223,35.7333
58.0,115.0,12.2165,40.8864,98.71,232.0359,0.0313,0.0001,99.6762,215.2274,48.991,-16.4254,0.0,0.0001,2.4707,0.0002,6.0005,35.61,12.2012,27.0242,35.7366
59.0,117.0,12.2121,40.883,79.3597,232.0703,0.0292,0.0001,99.6694,215.2275,48.991,-16.4254,0.0,0.0001,2.4703,0.0001,6.0031,35.61,12.1966,27.025,35.7376
60.0,119.0,12.1827,40.8517,90.7293,231.8967,0.0324,0.0001,99.6745,215.2275,48.991,-16.4254,0.0,0.0001,2.4696,-0.0007,6.0065,35.6066,12.167,27.0282,35.742
61.0,121.0,12.1653,40.8332,92.6529,232.5683,0.0296,0.0001,99.659,215.2276,48.991,-16.4254,0.0,0.0001,2.4702,0.0007,6.0095,35.6045,12.1493,27.03,35.7445
62.0,123.0,12.145,40.8096,98.705,232.1018,0.0295,0.0001,99.6631,215.2276,48.9909,-16.4254,0.0,0.0001,2.4689,-0.0005,6.01,35.5998,12.1288,27.0303,35.7457
63.0,125.0,12.1462,40.8116,79.2708,232.6951,0.0276,0.0001,99.6592,215.2277,48.9909,-16.4254,0.0,0.0001,2.4705,0.0003,6.0128,35.5998,12.1297,27.0301,35.7455
64.0,127.0,12.1114,40.7725,98.6693,232.8179,0.0271,0.0001,99.6241,215.2278,48.9909,-16.4254,0.0,0.0001,2.4711,0.0,6.015,35.5937,12.0946,27.0322,35.749
65.0,129.0,12.1039,40.7647,98.6972,232.9978,0.0253,0.0001,99.6264,215.2278,48.9909,-16.4254,0.0,0.0001,2.4718,0.0,6.0137,35.5927,12.087,27.0329,35.75
66.0,131.0,12.0955,40.7565,76.3025,233.5918,0.0272,0.0002,99.6091,215.2278,48.9909,-16.4254,0.0,0.0001,2.4734,0.001,6.0162,35.5916,12.0782,27.0337,35.7512
67.0,133.0,12.0926,40.7542,97.1129,233.6426,0.0268,0.0002,99.6043,215.2279,48.9908,-16.4254,0.0,0.0001,2.4751,0.0004,6.0176,35.5915,12.0752,27.0342,35.7519
68.0,135.0,12.0808,40.7414,98.71,233.8661,0.029,0.0002,99.6001,215.228,48.9908,-16.4254,0.0,0.0001,2.4768,0.0,6.0184,35.589,12.063,27.0347,35.7528
69.0,137.0,12.0872,40.7507,80.0209,233.0662,0.0294,0.0002,99.5578,215.228,48.9908,-16.4255,0.0,0.0001,2.4731,-0.0013,6.0178,35.5913,12.0692,27.0352,35.7531
70.0,139.0,12.0803,40.7451,96.8072,233.3813,0.0255,0.0002,99.5869,215.2281,48.9908,-16.4255,0.0,0.0001,2.4713,-0.0001,6.0213,35.5915,12.062,27.0368,35.7549
71.0,141.0,12.0513,40.7108,70.4371,234.2172,0.0273,0.0002,99.5761,215.2281,48.9907,-16.4255,0.0,0.0001,2.4738,0.0013,6.0229,35.5848,12.0327,27.0372,35.7566
72.0,143.0,12.0452,40.7055,95.5373,234.4575,0.0254,0.0002,99.5204,215.2282,48.9907,-16.4255,0.0,0.0001,2.4773,0.0005,6.0241,35.5844,12.0264,27.0381,35.7577
73.0,145.0,12.0394,40.7,98.7037,233.2164,0.0293,0.0002,99.5691,215.2282,48.9907,-16.4255,0.0,0.0001,2.4718,-0.002,6.0247,35.5839,12.0204,27.0389,35.7588
74.0,147.0,12.0349,40.6976,83.8952,233.6364,0.0276,0.0002,99.5584,215.2283,48.9907,-16.4255,0.0,0.0001,2.47,0.0001,6.025,35.5847,12.0156,27.0404,35.7605
75.0,149.0,12.0307,40.6935,54.935,233.4426,0.025,0.0002,99.5514,215.2283,48.9907,-16.4255,0.0,0.0001,2.4689,-0.0004,6.0256,35.5839,12.0111,27.0407,35.761
76.0,151.0,12.0306,40.6944,83.4573,233.4305,0.0279,0.0002,99.5468,215.2284,48.9906,-16.4255,0.0,0.0001,2.4676,-0.0002,6.0269,35.584,12.0107,27.0408,35.7611
77.0,153.0,12.0192,40.6819,98.71,233.7495,0.0268,0.0002,99.5373,215.2284,48.9906,-16.4255,0.0,0.0001,2.4689,0.0002,6.0278,35.5819,11.9991,27.0414,35.7622
78.0,155.0,12.0107,40.6728,98.71,233.8217,0.0287,0.0002,99.5351,215.2285,48.9906,-16.4255,0.0,0.0001,2.4687,0.0,6.0312,35.5803,11.9904,27.0419,35.763
79.0,157.0,11.9756,40.6329,96.0839,234.6617,0.0266,0.0002,99.5115,215.2285,48.9906,-16.4255,0.0,0.0001,2.4719,0.0009,6.034,35.5738,11.9551,27.0436,35.7662
80.0,159.0,11.9496,40.6021,71.8292,236.1789,0.0255,0.0002,99.4936,215.2286,48.9906,-16.4255,0.0,0.0001,2.4792,0.0026,6.0361,35.5675,11.9288,27.0437,35.7675
81.0,161.0,11.9526,40.6068,98.6181,235.6906,0.0276,0.0002,99.4713,215.2287,48.9905,-16.4256,0.0,0.0001,2.4811,0.0,6.0363,35.5684,11.9315,27.0439,35.7675
82.0,163.0,11.9531,40.608,98.7025,235.2612,0.0278,0.0002,99.4768,215.2287,48.9905,-16.4256,0.0,0.0001,2.4778,-0.0006,6.037,35.5682,11.9318,27.0437,35.7673
83.0,165.0,11.9312,40.5858,79.6191,235.513,0.0282,0.0002,99.4685,215.2288,48.9905,-16.4256,0.0,0.0001,2.4783,0.0,6.0376,35.5663,11.9096,27.0465,35.771
84.0,167.0,11.9313,40.5867,93.8054,235.7011,0.027,0.0002,99.4667,215.2288,48.9905,-16.4256,0.0,0.0001,2.4781,0.0002,6.0399,35.5663,11.9094,27.0465,35.7711
85.0,169.0,11.9244,40.5798,98.5768,235.5742,0.0272,0.0003,99.3222,215.2289,48.9905,-16.4256,0.0,0.0001,2.4775,-0.0003,6.0406,35.5655,11.9023,27.0473,35.7721
86.0,171.0,11.9157,40.5716,79.351,235.0977,0.0274,0.0002,99.4647,215.2289,48.9905,-16.4256,0.0,0.0001,2.4746,-0.0009,6.0409,35.5648,11.8934,27.0484,35.7736
87.0,173.0,11.9177,40.5763,80.8817,234.216,0.0256,0.0002,99.4613,215.229,48.9904,-16.4256,0.0,0.0001,2.4686,-0.0017,6.0398,35.5666,11.8952,27.0495,35.7746
88.0,175.0,11.9181,40.581,98.6181,233.3466,0.0261,0.0002,99.443,215.229,48.9904,-16.4256,0.0,0.0001,2.4595,-0.0012,6.0396,35.5697,11.8952,27.0519,35.777
89.0,177.0,11.925,40.5904,98.71,232.8942,0.0266,0.0002,99.4423,215.2291,48.9904,-16.4256,0.0,0.0001,2.4556,-0.0012,6.0393,35.5717,11.9019,27.0522,35.7769
90.0,179.0,11.9246,40.5922,81.3676,232.2802,0.0265,0.0002,99.4361,215.2291,48.9904,-16.4256,0.0,0.0001,2.4489,-0.0009,6.0401,35.5727,11.9011,27.0531,35.7778
91.0,181.0,11.9226,40.5899,90.0288,232.0595,0.0245,0.0002,99.4283,215.2292,48.9904,-16.4256,0.0,0.0001,2.4469,-0.001,6.0404,35.5716,11.899,27.0527,35.7776
92.0,183.0,11.8992,40.5651,98.6901,232.1745,0.0276,0.0002,99.4156,215.2292,48.9904,-16.4256,0.0,0.0001,2.4455,-0.0004,6.0419,35.5688,11.8753,27.055,35.7808
93.0,185.0,11.913,40.5813,82.615,232.2795,0.0254,0.0002,99.4108,215.2293,48.9904,-16.4257,0.0,0.0001,2.4453,-0.0004,6.0454,35.5708,11.8889,27.054,35.7793
94.0,187.0,11.8623,40.5254,98.71,232.392,0.0282,0.0002,99.406,215.2293,48.9903,-16.4256,0.0,0.0001,2.4434,0.0004,6.0463,35.5634,11.8379,27.058,35.7853
95.0,189.0,11.8575,40.5212,87.0544,232.293,0.0278,0.0002,99.3944,215.2294,48.9903,-16.4257,0.0,0.0001,2.4435,-0.0004,6.0478,35.5631,11.833,27.0587,35.7863
96.0,191.0,11.8375,40.4989,98.698,233.0778,0.0299,0.0002,99.3951,215.2294,48.9903,-16.4257,0.0,0.0001,2.4425,0.0019,6.0503,35.5594,11.8127,27.0597,35.7881
97.0,193.0,11.8309,40.4936,87.4435,232.4817,0.0294,0.0002,99.381,215.2295,48.9903,-16.4257,0.0,0.0001,2.4422,-0.0001,6.051,35.5597,11.8058,27.0612,35.7899
98.0,195.0,11.823,40.4859,98.71,232.7044,0.0264,0.0003,99.3681,215.2295,48.9903,-16.4257,0.0,0.0001,2.4419,0.0005,6.0527,35.5585,11.7976,27.0618,35.7909
99.0,197.0,11.8234,40.4875,98.7039,232.5147,0.0265,0.0002,99.3716,215.2296,48.9903,-16.4257,0.0,0.0001,2.4414,-0.0003,6.0516,35.5592,11.7978,27.0623,35.7914
100.0,199.0,11.837,40.5076,98.7037,230.8431,0.0289,0.0002,99.3865,215.2297,48.9902,-16.4257,0.0,0.0001,2.4321,-0.002,6.0512,35.5648,11.8111,27.0642,35.7926
101.0,201.0,11.8282,40.4987,84.2598,231.067,0.0304,0.0002,99.3812,215.2297,48.9902,-16.4257,0.0,0.0001,2.4287,-0.0004,6.0536,35.5635,11.802,27.0648,35.7937
102.0,203.0,11.8014,40.4695,95.0166,232.3612,0.0299,0.0002,99.3733,215.2298,48.9902,-16.4257,0.0,0.0001,2.4334,0.0017,6.0552,35.5596,11.775,27.067,35.797
103.0,205.0,11.7937,40.4609,87.9519,232.5231,0.0267,0.0002,99.3745,215.2298,48.9902,-16.4257,0.0,0.0001,2.4355,0.0006,6.0579,35.5577,11.7672,27.067,35.7973
104.0,207.0,11.7867,40.4563,98.7077,232.2372,0.0283,0.0003,99.361,215.2299,48.9902,-16.4257,0.0,0.0001,2.4352,-0.0005,6.0587,35.5589,11.7598,27.0693,35.7999
105.0,209.0,11.7717,40.4425,98.7053,232.0912,0.0265,0.0002,99.3709,215.2299,48.9902,-16.4257,0.0,0.0001,2.4332,-0.0004,6.0606,35.5588,11.7446,27.0721,35.8033
106.0,211.0,11.7493,40.4201,92.046,232.5227,0.0267,0.0003,99.3449,215.23,48.9901,-16.4257,0.0,0.0001,2.4354,0.0001,6.0606,35.5572,11.7219,27.0752,35.8073
107.0,213.0,11.7513,40.4233,98.7058,233.3951,0.0269,0.0003,99.3358,215.23,48.9901,-16.4257,0.0,0.0001,2.437,0.0016,6.0644,35.5577,11.7237,27.0753,35.8073
108.0,215.0,11.7328,40.4052,78.3884,233.0861,0.0295,0.0003,99.3434,215.2301,48.9901,-16.4257,0.0,0.0001,2.4387,-0.0001,6.064,35.5567,11.7049,27.0781,35.8108
109.0,217.0,11.7358,40.4091,94.4062,232.8965,0.028,0.0003,99.3156,215.2301,48.9901,-16.4258,0.0,0.0001,2.4368,-0.0003,6.065,35.557,11.7077,27.0778,35.8104
110.0,219.0,11.7173,40.3911,85.9762,233.3828,0.0285,0.0003,99.3339,215.2302,48.9901,-16.4258,0.0,0.0001,2.4376,0.0008,6.0656,35.5558,11.6889,27.0804,35.8138
111.0,221.0,11.7209,40.3956,98.7053,233.0928,0.0252,0.0003,99.3361,215.2302,48.9901,-16.4258,0.0,0.0001,2.4371,-0.0004,6.0668,35.556,11.6923,27.0799,35.8132
112.0,223.0,11.7092,40.3843,72.5611,233.314,0.0255,0.0003,99.3285,215.2303,48.99,-16.4258,0.0,0.0001,2.4359,0.0004,6.0675,35.5552,11.6804,27.0815,35.8153
113.0,225.0,11.7056,40.3815,97.5121,233.5067,0.0266,0.0003,99.3165,215.2303,48.99,-16.4258,0.0,0.0001,2.438,0.0003,6.0683,35.5552,11.6765,27.0823,35.8162
114.0,227.0,11.7018,40.3792,87.9456,233.6278,0.0275,0.0003,99.3046,215.2304,48.99,-16.4258,0.0,0.0001,2.4388,0.0,6.069,35.5557,11.6725,27.0834,35.8175
115.0,229.0,11.6943,40.3723,92.9371,233.846,0.0285,0.0003,99.3133,215.2305,48.99,-16.4258,0.0,0.0001,2.4388,0.0004,6.0697,35.5549,11.6647,27.0843,35.8187
116.0,231.0,11.6902,40.3691,98.7034,233.4976,0.026,0.0003,99.3075,215.2305,48.99,-16.4258,0.0,0.0001,2.4378,-0.0003,6.0698,35.555,11.6604,27.0852,35.8198
117.0,233.0,11.688,40.3679,98.7045,233.741,0.0269,0.0003,99.3049,215.2306,48.99,-16.4258,0.0,0.0001,2.4378,0.0001,6.0706,35.5548,11.6579,27.0855,35.8201
118.0,235.0,11.6839,40.3646,98.71,233.9285,0.0264,0.0003,99.3058,215.2306,48.9899,-16.4258,0.0,0.0001,2.4377,0.0003,6.0717,35.5548,11.6536,27.0863,35.8212
119.0,237.0,11.6765,40.3576,84.1254,234.0195,0.0277,0.0003,99.2931,215.2307,48.9899,-16.4258,0.0,0.0001,2.4396,-0.0002,6.0723,35.5542,11.646,27.0873,35.8224
120.0,239.0,11.6661,40.3483,98.693,233.7271,0.0279,0.0003,99.2915,215.2307,48.9899,-16.4258,0.0,0.0001,2.4359,-0.0002,6.0725,35.5537,11.6352,27.0889,35.8245
121.0,241.0,11.6682,40.3509,91.806,234.2093,0.0255,0.0003,99.2798,215.2308,48.9899,-16.4258,0.0,0.0001,2.4382,0.0004,6.0732,35.5538,11.6372,27.0886,35.8241
122.0,243.0,11.6643,40.3495,98.71,234.2289,0.0232,0.0003,99.2867,215.2308,48.9899,-16.4258,0.0,0.0001,2.4387,0.0,6.0732,35.5552,11.633,27.0905,35.8261
123.0,245.0,11.6632,40.3489,90.0244,234.2567,0.0261,0.0003,99.2815,215.2309,48.9899,-16.4259,0.0,0.0001,2.4387,-0.0002,6.0744,35.5549,11.6316,27.0905,35.8262
124.0,247.0,11.6465,40.3317,81.4458,234.1156,0.0233,0.0003,99.2507,215.2309,48.9898,-16.4258,0.0,0.0001,2.4367,-0.0003,6.0756,35.5526,11.6146,27.092,35.8284
125.0,249.0,11.6509,40.3372,91.1087,234.1533,0.027,0.0003,99.2722,215.231,48.9898,-16.4259,0.0,0.0001,2.4356,0.0,6.0766,35.5532,11.6188,27.0916,35.8279
126.0,251.0,11.6378,40.3243,98.7033,234.4183,0.0267,0.0003,99.2588,215.231,48.9898,-16.4259,0.0,0.0001,2.4368,0.0001,6.0772,35.5521,11.6055,27.0933,35.8301
127.0,253.0,11.6311,40.319,98.529,234.3752,0.0263,0.0003,99.2629,215.2311,48.9898,-16.4259,0.0,0.0001,2.4359,0.0,6.078,35.5523,11.5984,27.0948,35.8319
128.0,255.0,11.6297,40.3174,90.7155,233.8208,0.026,0.0003,99.2626,215.2311,48.9898,-16.4259,0.0,0.0001,2.4338,-0.0012,6.0783,35.5515,11.5968,27.0944,35.8316
129.0,257.0,11.6209,40.3097,82.9021,234.3029,0.0256,0.0003,99.2655,215.2312,48.9898,-16.4259,0.0,0.0001,2.4343,0.0,6.0791,35.5513,11.5879,27.096,35.8335
130.0,259.0,11.617,40.3064,95.9599,234.2469,0.0271,0.0003,99.2585,215.2312,48.9898,-16.4259,0.0,0.0001,2.4333,-0.0001,6.0798,35.5509,11.5836,27.0965,35.8342
131.0,261.0,11.6121,40.3019,88.1853,234.3497,0.0271,0.0003,99.2563,215.2313,48.9898,-16.4259,0.0,0.0001,2.434,-0.0004,6.0808,35.5503,11.5785,27.097,35.8349
132.0,263.0,11.6068,40.2968,98.7025,234.5185,0.0297,0.0003,99.2506,215.2313,48.9897,-16.4259,0.0,0.0001,2.4328,0.0005,6.0808,35.5494,11.573,27.0973,35.8354
133.0,265.0,11.6098,40.3014,86.9221,234.5729,0.0274,0.0003,99.2585,215.2314,48.9897,-16.4259,0.0,0.0001,2.4336,0.0001,6.0813,35.5502,11.5757,27.0975,35.8355
134.0,267.0,11.5997,40.2934,96.4175,234.2877,0.0263,0.0003,99.2606,215.2315,48.9897,-16.4259,0.0,0.0001,2.4329,-0.0005,6.0819,35.551,11.5654,27.1,35.8384
135.0,269.0,11.5928,40.2869,98.7043,234.8239,0.027,0.0003,99.2626,215.2315,48.9897,-16.4259,0.0,0.0001,2.4339,0.0002,6.0836,35.5503,11.5581,27.1008,35.8395
136.0,271.0,11.581,40.2745,80.6191,234.1995,0.0259,0.0003,99.2626,215.2316,48.9897,-16.4259,0.0,0.0001,2.4306,-0.0011,6.0853,35.5485,11.5461,27.1017,35.8409
137.0,273.0,11.5695,40.2634,89.8153,234.4631,0.0272,0.0003,99.2626,215.2316,48.9897,-16.4259,0.0,0.0001,2.4299,-0.0002,6.0861,35.5476,11.5344,27.1031,35.8429
138.0,275.0,11.5698,40.2646,88.5975,234.5984,0.0244,0.0003,99.2556,215.2316,48.9897,-16.4259,0.0,0.0001,2.4294,0.0001,6.0852,35.5478,11.5344,27.1033,35.843
139.0,277.0,11.5796,40.279,90.5917,234.5647,0.0231,0.0003,99.2604,215.2317,48.9897,-16.4259,0.0,0.0001,2.429,0.0,6.0848,35.5516,11.544,27.1045,35.8438
140.0,279.0,11.5756,40.2764,97.6267,234.7609,0.0277,0.0003,99.252,215.2317,48.9897,-16.4259,0.0,0.0001,2.4309,0.0,6.085,35.5519,11.5397,27.1055,35.845
141.0,281.0,11.5749,40.2768,98.71,234.2707,0.0264,0.0003,99.2534,215.2318,48.9896,-16.4259,0.0,0.0001,2.4288,-0.001,6.085,35.5521,11.5387,27.1059,35.8454
142.0,283.0,11.5733,40.2766,91.4719,234.4357,0.0243,0.0003,99.2591,215.2318,48.9896,-16.4259,0.0,0.0001,2.4278,-0.0002,6.0855,35.5526,11.5369,27.1066,35.8461
143.0,285.0,11.5687,40.2732,86.9022,234.3762,0.023,0.0003,99.2423,215.2319,48.9896,-16.4259,0.0,0.0001,2.427,-0.0003,6.0862,35.5529,11.532,27.1077,35.8474
144.0,287.0,11.567,40.2734,90.14,233.9886,0.0279,0.0003,99.2564,215.2319,48.9896,-16.4259,0.0,0.0001,2.4237,-0.0006,6.086,35.5538,11.53,27.1088,35.8486
145.0,289.0,11.5672,40.2747,98.7025,233.6789,0.0266,0.0003,99.2515,215.232,48.9896,-16.4259,0.0,0.0001,2.4212,-0.0008,6.0865,35.5541,11.53,27.109,35.8488
146.0,291.0,11.5609,40.269,98.71,233.6361,0.0223,0.0003,99.2502,215.232,48.9896,-16.4259,0.0,0.0001,2.42,-0.0004,6.0866,35.5536,11.5234,27.1099,35.8499
147.0,293.0,11.5605,40.2698,98.693,233.9553,0.0229,0.0003,99.2508,215.2321,48.9896,-16.4259,0.0,0.0001,2.4203,0.0001,6.0865,35.554,11.5228,27.1103,35.8504
148.0,295.0,11.5635,40.2752,85.9002,232.9837,0.0294,0.0003,99.2372,215.2321,48.9896,-16.4259,0.0,0.0001,2.416,-0.0015,6.086,35.5554,11.5255,27.1109,35.8509
149.0,297.0,11.5664,40.2809,96.2162,233.3356,0.0271,0.0003,99.2402,215.2322,48.9896,-16.4259,0.0,0.0001,2.4153,-0.0001,6.0854,35.5573,11.5281,27.1119,35.8517
150.0,299.0,11.5719,40.2887,98.3895,232.5524,0.0291,0.0003,99.236,215.2322,48.9895,-16.4259,0.0,0.0001,2.4113,-0.0014,6.0849,35.5589,11.5334,27.1121,35.8517
151.0,301.0,11.5767,40.2959,98.6957,232.8977,0.0268,0.0003,99.2321,215.2323,48.9895,-16.4259,0.0,0.0001,2.4104,0.0,6.0852,35.5603,11.5379,27.1124,35.8518
152.0,303.0,11.5701,40.2891,89.1676,232.9778,0.0247,0.0003,99.2265,215.2323,48.9895,-16.4259,0.0,0.0001,2.4104,0.0,6.0861,35.5592,11.5311,27.1128,35.8525
153.0,305.0,11.5647,40.2845,93.9359,232.9075,0.0254,0.0003,99.2315,215.2324,48.9895,-16.4259,0.0,0.0001,2.4101,-0.0002,6.0859,35.559,11.5254,27.1137,35.8536
154.0,307.0,11.5628,40.2834,98.1269,232.6962,0.023,0.0003,99.2332,215.2324,48.9895,-16.4259,0.0,0.0001,2.409,-0.0006,6.0865,35.559,11.5233,27.1141,35.8541
155.0,309.0,11.5643,40.2883,88.9625,232.6374,0.0259,0.0003,99.2291,215.2325,48.9895,-16.4259,0.0,0.0001,2.4053,-0.0002,6.0877,35.5612,11.5244,27.1156,35.8555
156.0,311.0,11.5513,40.2737,91.1731,232.7129,0.0241,0.0003,99.2337,215.2325,48.9895,-16.4259,0.0,0.0001,2.4055,-0.0001,6.0884,35.5584,11.5112,27.1159,35.8564
157.0,313.0,11.5386,40.2606,98.6927,232.6999,0.0258,0.0003,99.2323,215.2326,48.9895,-16.4259,0.0,0.0001,2.4055,-0.0002,6.0888,35.5567,11.4983,27.117,35.8581
158.0,315.0,11.5436,40.2681,85.7542,232.3671,0.0211,0.0003,99.2309,215.2326,48.9895,-16.4259,0.0,0.0001,2.403,-0.0006,6.0896,35.5586,11.5031,27.1176,35.8585
159.0,317.0,11.5362,40.2622,91.7693,231.7972,0.0216,0.0003,99.2295,215.2327,48.9894,-16.4259,0.0,0.0001,2.3986,-0.001,6.0905,35.5591,11.4954,27.1195,35.8606
160.0,319.0,11.5318,40.2585,98.6982,232.1725,0.0235,0.0003,99.2291,215.2327,48.9894,-16.4259,0.0,0.0001,2.3989,-0.0002,6.0905,35.5586,11.4907,27.1199,35.8612
161.0,321.0,11.536,40.2633,98.7079,231.6991,0.0211,0.0003,99.2337,215.2328,48.9894,-16.4259,0.0,0.0001,2.396,-0.001,6.0921,35.5586,11.4947,27.1192,35.8603
162.0,323.0,11.5194,40.2461,83.1942,231.6772,0.0255,0.0003,99.2073,215.2328,48.9894,-16.4259,0.0,0.0001,2.3945,-0.0005,6.0917,35.5565,11.4779,27.1207,35.8626
163.0,325.0,11.513,40.2397,98.7012,231.8978,0.027,0.0003,99.2323,215.2328,48.9894,-16.4259,0.0,0.0001,2.3947,0.0001,6.0912,35.5556,11.4713,27.1213,35.8634
164.0,327.0,11.5148,40.2429,91.6568,231.9432,0.0208,0.0003,99.2337,215.2329,48.9894,-16.4259,0.0,0.0001,2.3932,0.0001,6.0923,35.556,11.4728,27.1212,35.8633
165.0,329.0,11.5106,40.2393,98.6963,232.0836,0.0261,0.0003,99.2308,215.2329,48.9894,-16.4259,0.0,0.0001,2.3952,0.0,6.093,35.5556,11.4684,27.1218,35.864
166.0,331.0,11.5072,40.2351,98.71,231.3771,0.0257,0.0003,99.2337,215.233,48.9894,-16.4259,0.0,0.0001,2.3919,-0.0012,6.0941,35.5539,11.4647,27.1212,35.8636
167.0,333.0,11.4916,40.2196,98.5454,231.7665,0.0268,0.0003,99.2233,215.233,48.9894,-16.4259,0.0,0.0001,2.3911,-0.0004,6.0985,35.5527,11.4489,27.1232,35.8663
168.0,335.0,11.4611,40.1847,79.8735,231.1113,0.0231,0.0003,99.2201,215.2331,48.9893,-16.4259,0.0,0.0001,2.3864,-0.0012,6.0998,35.5466,11.4183,27.1242,35.8685
169.0,337.0,11.4504,40.1748,97.1628,231.8275,0.0225,0.0003,99.2341,215.2331,48.9893,-16.4259,0.0,0.0001,2.3889,0.0003,6.1006,35.5462,11.4073,27.1259,35.8707
170.0,339.0,11.4557,40.1825,90.516,232.0542,0.026,0.0003,99.2315,215.2332,48.9893,-16.4259,0.0,0.0001,2.3893,0.0002,6.1007,35.5477,11.4123,27.1261,35.8707
171.0,341.0,11.4566,40.1847,98.71,231.6773,0.0223,0.0003,99.223,215.2332,48.9893,-16.4259,0.0,0.0001,2.3876,-0.0005,6.1006,35.5483,11.413,27.1264,35.871
172.0,343.0,11.45,40.1783,87.3917,231.5846,0.0205,0.0003,99.2279,215.2333,48.9893,-16.4259,0.0,0.0001,2.3862,-0.0004,6.1033,35.5472,11.4061,27.1269,35.8718
173.0,345.0,11.4281,40.1527,98.4549,231.9604,0.0262,0.0003,99.2288,215.2333,48.9893,-16.4259,0.0,0.0001,2.3859,0.0003,6.1066,35.5421,11.384,27.1271,35.8729
174.0,347.0,11.3971,40.1176,98.6969,232.1887,0.0233,0.0003,99.1982,215.2334,48.9893,-16.4258,0.0,0.0001,2.3868,0.0002,6.1093,35.5362,11.3527,27.1283,35.8754
175.0,349.0,11.3947,40.1156,84.8312,231.8867,0.0215,0.0003,99.2313,215.2334,48.9893,-16.4258,0.0,0.0001,2.3853,-0.0006,6.11,35.5357,11.3501,27.1284,35.8757
176.0,351.0,11.3862,40.108,96.2908,232.1778,0.0212,0.0003,99.231,215.2335,48.9893,-16.4258,0.0,0.0001,2.3861,-0.0001,6.1097,35.5354,11.3413,27.1297,35.8774
177.0,353.0,11.3938,40.1199,98.68,232.0698,0.0225,0.0003,99.238,215.2335,48.9893,-16.4258,0.0,0.0001,2.3846,0.0,6.1094,35.5389,11.3487,27.1311,35.8784
178.0,355.0,11.3941,40.1212,79.3068,231.8511,0.0236,0.0003,99.2391,215.2336,48.9893,-16.4258,0.0,0.0001,2.3836,-0.0005,6.1098,35.5393,11.3488,27.1314,35.8787
179.0,357.0,11.3874,40.1161,95.6926,232.118,0.0209,0.0003,99.2424,215.2336,48.9893,-16.4258,0.0,0.0001,2.3834,0.0003,6.1097,35.5397,11.3418,27.133,35.8806
180.0,359.0,11.3867,40.1168,98.6971,232.3298,0.0229,0.0003,99.2521,215.2337,48.9893,-16.4258,0.0,0.0001,2.3848,0.0003,6.1107,35.5403,11.3409,27.1336,35.8812
181.0,361.0,11.3812,40.1111,70.3285,232.7616,0.022,0.0003,99.247,215.2337,48.9893,-16.4258,0.0,0.0001,2.3859,0.0007,6.1115,35.5391,11.3351,27.1338,35.8816
182.0,363.0,11.3718,40.1024,98.6753,231.9561,0.0204,0.0003,99.2377,215.2338,48.9893,-16.4258,0.0,0.0001,2.3833,-0.0009,6.1113,35.5384,11.3255,27.1351,35.8833
183.0,365.0,11.3776,40.1105,90.9114,231.4809,0.0228,0.0003,99.2312,215.2338,48.9892,-16.4258,0.0,0.0001,2.3782,-0.0009,6.1128,35.5401,11.331,27.1353,35.8833
184.0,367.0,11.357,40.089,98.7775,230.9947,0.0222,0.0003,99.2337,215.2339,48.9892,-16.4258,0.0,0.0001,2.3748,-0.0012,6.1128,35.5375,11.3102,27.1372,35.886
185.0,369.0,11.3555,40.0882,95.0161,231.4087,0.0238,0.0003,99.2429,215.2339,48.9892,-16.4258,0.0,0.0001,2.3745,-0.0001,6.1129,35.5374,11.3084,27.1374,35.8864
186.0,371.0,11.3563,40.0912,98.6053,230.4586,0.0196,0.0003,99.2476,215.234,48.9892,-16.4258,0.0,0.0001,2.37,-0.0019,6.113,35.5387,11.309,27.1384,35.8873
187.0,373.0,11.3658,40.1064,98.7032,230.4782,0.0227,0.0003,99.2591,215.234,48.9892,-16.4258,0.0,0.0001,2.3684,-0.0009,6.1132,35.5436,11.3181,27.1405,35.8889
188.0,375.0,11.3685,40.1108,94.4142,230.6481,0.0266,0.0003,99.2442,215.2341,48.9892,-16.4258,0.0,0.0001,2.3684,-0.0006,6.1122,35.5449,11.3206,27.141,35.8893
189.0,377.0,11.3698,40.1146,98.6975,229.3656,0.0274,0.0003,99.2283,215.2341,48.9892,-16.4258,0.0,0.0001,2.3614,-0.002,6.1117,35.5461,11.3217,27.1418,35.8901
190.0,379.0,11.3693,40.1154,83.0432,230.2143,0.0228,0.0003,99.2532,215.2341,48.9892,-16.4258,0.0,0.0001,2.3621,0.0001,6.1121,35.5466,11.321,27.1423,35.8906
191.0,381.0,11.3673,40.1142,98.6386,230.0239,0.0202,0.0003,99.2409,215.2342,48.9892,-16.4258,0.0,0.0001,2.3615,-0.0004,6.113,35.5464,11.3186,27.1426,35.891
192.0,383.0,11.3605,40.1086,98.7007,229.6583,0.0227,0.0003,99.259,215.2343,48.9892,-16.4258,0.0,0.0001,2.3589,-0.0006,6.1132,35.5466,11.3116,27.144,35.8927
193.0,385.0,11.3607,40.109,98.6882,229.262,0.0256,0.0003,99.2459,215.2343,48.9892,-16.4258,0.0,0.0001,2.356,-0.0011,6.1137,35.546,11.3115,27.1436,35.8923
194.0,387.0,11.3563,40.1061,87.5523,229.2615,0.0271,0.0003,99.239,215.2344,48.9892,-16.4258,0.0,0.0001,2.354,-0.0005,6.1133,35.5464,11.3069,27.1447,35.8936
195.0,389.0,11.3598,40.1114,98.7813,228.9776,0.0222,0.0003,99.2344,215.2344,48.9892,-16.4257,0.0,0.0001,2.3516,-0.0006,6.1133,35.5474,11.3102,27.1449,35.8936
196.0,391.0,11.3655,40.1198,96.7864,229.3462,0.0257,0.0003,99.2451,215.2344,48.9891,-16.4257,0.0,0.0001,2.3524,0.0001,6.1126,35.5493,11.3155,27.1454,35.8939
197.0,393.0,11.367,40.1236,98.7043,228.4136,0.019,0.0003,99.2459,215.2345,48.9891,-16.4257,0.0,0.0001,2.3496,-0.0016,6.1127,35.5508,11.3167,27.1463,35.8948
198.0,395.0,11.3618,40.1199,82.8897,228.3795,0.0248,0.0003,99.2373,215.2346,48.9891,-16.4257,0.0,0.0001,2.3452,-0.0005,6.1127,35.551,11.3113,27.1475,35.8962
199.0,397.0,11.3609,40.1197,84.7543,228.1005,0.0244,0.0003,99.2486,215.2346,48.9891,-16.4257,0.0,0.0001,2.3447,-0.0009,6.1126,35.5512,11.3102,27.1479,35.8965
200.0,399.0,11.3469,40.1057,98.6876,228.6105,0.0222,0.0003,99.2427,215.2346,48.9891,-16.4257,0.0,0.0001,2.3439,0.0003,6.1128,35.5494,11.2959,27.1491,35.8984
201.0,401.0,11.3511,40.1108,93.3982,228.8717,0.0194,0.0003,99.2265,215.2347,48.9891,-16.4257,0.0,0.0001,2.3447,0.0005,6.115,35.5498,11.2999,27.1487,35.8978
202.0,403.0,11.3461,40.1071,98.6949,228.433,0.0215,0.0003,99.24,215.2347,48.9891,-16.4257,0.0,0.0001,2.3442,-0.0008,6.1147,35.55,11.2946,27.1498,35.8991
203.0,405.0,11.3484,40.1111,83.6664,227.682,0.0206,0.0003,99.2455,215.2348,48.9891,-16.4257,0.0,0.0001,2.3391,-0.0014,6.1138,35.5511,11.2966,27.1503,35.8995
204.0,407.0,11.3471,40.1124,98.0254,227.4872,0.0211,0.0003,99.1712,215.2348,48.9891,-16.4257,0.0,0.0001,2.3355,-0.0007,6.1149,35.5525,11.2951,27.1516,35.9009
205.0,409.0,11.3422,40.1065,81.8756,227.7942,0.0217,0.0003,99.2429,215.2349,48.9891,-16.4257,0.0,0.0001,2.335,0.0,6.1169,35.5507,11.29,27.1512,35.9007
206.0,411.0,11.3284,40.0927,89.891,227.9062,0.0242,0.0003,99.2407,215.235,48.9891,-16.4257,0.0,0.0001,2.3356,-0.0002,6.1172,35.5491,11.2758,27.1526,35.9027
207.0,413.0,11.3257,40.09,95.3842,228.0716,0.0254,0.0003,99.2448,215.235,48.989,-16.4257,0.0,0.0001,2.3365,0.0002,6.1166,35.5484,11.273,27.1526,35.9028
208.0,415.0,11.3253,40.0909,98.7006,228.0924,0.0222,0.0003,99.2449,215.235,48.989,-16.4257,0.0,0.0001,2.3359,0.0001,6.1167,35.5486,11.2723,27.1529,35.9031
209.0,417.0,11.3359,40.1055,98.6871,227.8596,0.0228,0.0003,99.2397,215.2351,48.989,-16.4257,0.0,0.0001,2.3343,-0.0002,6.1163,35.5519,11.2826,27.1535,35.9033
210.0,419.0,11.3408,40.1131,84.3574,227.4448,0.0202,0.0003,99.2346,215.2351,48.989,-16.4257,0.0,0.0001,2.3324,-0.0009,6.1164,35.5541,11.2873,27.1544,35.9039
211.0,421.0,11.335,40.1083,98.7025,228.8043,0.0189,0.0003,99.2461,215.2352,48.989,-16.4257,0.0,0.0001,2.3349,0.0023,6.1161,35.5538,11.2812,27.1552,35.905
212.0,423.0,11.3389,40.1143,94.9165,227.9447,0.0229,0.0003,99.238,215.2352,48.989,-16.4257,0.0,0.0001,2.3337,-0.0002,6.1159,35.5554,11.2849,27.1558,35.9054
213.0,425.0,11.3392,40.1146,98.6941,227.0489,0.0236,0.0003,99.2337,215.2353,48.989,-16.4257,0.0,0.0001,2.3284,-0.0015,6.1158,35.5546,11.2849,27.1552,35.9048
214.0,427.0,11.3369,40.1149,98.6962,227.7004,0.0238,0.0003,99.2471,215.2353,48.989,-16.4257,0.0,0.0001,2.33,0.0002,6.1158,35.556,11.2824,27.1567,35.9065
215.0,429.0,11.3363,40.1142,88.2788,227.6471,0.0241,0.0003,99.2426,215.2354,48.989,-16.4257,0.0,0.0001,2.3299,-0.0005,6.1177,35.555,11.2815,27.1561,35.9059
216.0,431.0,11.3212,40.0995,98.5734,227.5608,0.0224,0.0003,99.2383,215.2354,48.9889,-16.4257,0.0,0.0001,2.3282,-0.0003,6.1178,35.554,11.2662,27.1582,35.9086
217.0,433.0,11.3184,40.0971,89.527,227.7624,0.0234,0.0003,99.243,215.2355,48.9889,-16.4257,0.0,0.0001,2.3283,0.0,6.1199,35.5535,11.2631,27.1583,35.9089
218.0,435.0,11.2969,40.0729,93.5964,230.4038,0.0227,0.0003,99.2545,215.2355,48.9889,-16.4257,0.0,0.0001,2.3376,0.004,6.1229,35.5492,11.2414,27.1591,35.9106
219.0,437.0,11.2735,40.0479,98.3086,230.1753,0.0221,0.0003,99.2642,215.2356,48.9889,-16.4257,0.0,0.0001,2.3436,0.0007,6.124,35.5459,11.2178,27.1609,35.9134
220.0,439.0,11.2765,40.0518,98.6028,229.7766,0.0224,0.0003,99.2493,215.2356,48.9889,-16.4257,0.0,0.0001,2.3424,-0.0001,6.1248,35.5461,11.2206,27.1605,35.9129
221.0,441.0,11.2679,40.043,92.9928,230.8123,0.0224,0.0003,99.2525,215.2357,48.9889,-16.4257,0.0,0.0001,2.3452,0.0014,6.1269,35.5448,11.2117,27.1611,35.9139
222.0,443.0,11.2541,40.0297,88.7754,231.5576,0.0228,0.0003,99.2552,215.2357,48.9889,-16.4257,0.0,0.0001,2.3531,0.0006,6.1264,35.5438,11.1977,27.1629,35.9162
223.0,445.0,11.2573,40.0334,98.7025,232.1162,0.0205,0.0003,99.2626,215.2358,48.9889,-16.4256,0.0,0.0001,2.3538,0.0017,6.1273,35.544,11.2007,27.1625,35.9157
224.0,447.0,11.2481,40.0259,72.9242,233.331,0.0201,0.0003,99.2645,215.2358,48.9889,-16.4256,0.0,0.0001,2.3615,0.0021,6.1298,35.5444,11.1912,27.1646,35.9181
225.0,449.0,11.2253,40.001,88.6974,233.7252,0.0249,0.0003,99.1551,215.2359,48.9889,-16.4256,0.0,0.0001,2.3673,0.0007,6.1331,35.5406,11.1682,27.1658,35.9204
226.0,451.0,11.2021,39.9744,98.7003,233.1488,0.0208,0.0003,99.2683,215.2359,48.9888,-16.4256,0.0,0.0001,2.365,-0.0006,6.1356,35.5356,11.1449,27.1663,35.9219
227.0,453.0,11.1834,39.9547,86.6254,233.2107,0.0222,0.0003,99.2623,215.236,48.9888,-16.4256,0.0,0.0001,2.3636,-0.0003,6.1373,35.5331,11.126,27.1678,35.9242
228.0,455.0,11.181,39.9525,98.6986,231.945,0.0179,0.0003,99.277,215.236,48.9888,-16.4256,0.0,0.0001,2.3593,-0.0024,6.1375,35.5325,11.1234,27.1678,35.9243
229.0,457.0,11.1674,39.9381,98.7011,232.263,0.0199,0.0003,99.2667,215.236,48.9888,-16.4256,0.0,0.0001,2.3561,-0.0005,6.1373,35.5305,11.1095,27.1688,35.9259
230.0,459.0,11.1682,39.9407,80.2545,231.7426,0.0188,0.0003,99.2684,215.2361,48.9888,-16.4256,0.0,0.0001,2.3524,-0.0011,6.1389,35.5312,11.11,27.1692,35.9263
231.0,461.0,11.1672,39.9411,97.9221,232.5568,0.0209,0.0003,99.2527,215.2362,48.9888,-16.4256,0.0,0.0001,2.3547,0.0003,6.1398,35.5316,11.1088,27.1698,35.9269
232.0,463.0,11.1698,39.9442,75.5416,232.5205,0.0209,0.0003,99.2711,215.2362,48.9888,-16.4256,0.0,0.0001,2.3541,-0.0001,6.141,35.5315,11.1112,27.1693,35.9263
233.0,465.0,11.148,39.922,98.7036,233.9533,0.0232,0.0003,99.2595,215.2362,48.9888,-16.4256,0.0,0.0001,2.361,0.0017,6.1414,35.5294,11.0891,27.1717,35.9296
234.0,467.0,11.1483,39.9234,98.7043,235.423,0.0228,0.0003,99.2769,215.2363,48.9888,-16.4256,0.0,0.0001,2.3694,0.0026,6.1428,35.5297,11.0892,27.1719,35.9298
235.0,469.0,11.1389,39.9137,79.4558,234.6611,0.027,0.0003,99.2853,215.2363,48.9887,-16.4256,0.0,0.0001,2.3715,-0.0009,6.1443,35.5282,11.0796,27.1725,35.9308
236.0,471.0,11.1261,39.9011,77.3619,234.37,0.0236,0.0003,99.2585,215.2364,48.9887,-16.4256,0.0,0.0001,2.3675,-0.0005,6.1443,35.5269,11.0665,27.1738,35.9327
237.0,473.0,11.1289,39.9046,91.8469,233.5705,0.0218,0.0003,99.2703,215.2364,48.9887,-16.4256,0.0,0.0001,2.3632,-0.0017,6.1458,35.5269,11.0691,27.1734,35.9322
238.0,475.0,11.1201,39.8963,98.69,233.9174,0.0204,0.0003,99.2737,215.2365,48.9887,-16.4256,0.0,0.0001,2.3613,0.0002,6.1457,35.5262,11.06,27.1745,35.9337
239.0,477.0,11.1198,39.8971,98.687,233.7712,0.0201,0.0003,99.2776,215.2365,48.9887,-16.4256,0.0,0.0001,2.361,-0.0004,6.1461,35.5265,11.0595,27.1748,35.934
240.0,479.0,11.1129,39.8899,98.71,233.9123,0.0228,0.0003,99.277,215.2366,48.9887,-16.4256,0.0,0.0001,2.359,0.0004,6.1461,35.525,11.0523,27.175,35.9345
241.0,481.0,11.1092,39.8863,87.5911,233.4159,0.0195,0.0003,99.2735,215.2366,48.9887,-16.4256,0.0,0.0001,2.3573,-0.0007,6.1479,35.5244,11.0485,27.1752,35.9349
242.0,483.0,11.0954,39.8713,93.7019,231.4816,0.0219,0.0003,99.2805,215.2367,48.9887,-16.4256,0.0,0.0001,2.3464,-0.0027,6.1489,35.5216,11.0344,27.1756,35.9359
243.0,485.0,11.098,39.8752,98.5607,232.7129,0.0208,0.0003,99.2698,215.2367,48.9887,-16.4256,0.0,0.0001,2.3466,0.0008,6.1481,35.5223,11.0367,27.1757,35.9359
244.0,487.0,11.1071,39.8887,83.9793,233.7033,0.0196,0.0003,99.2806,215.2368,48.9886,-16.4255,0.0,0.0001,2.3528,0.001,6.1483,35.5256,11.0455,27.1767,35.9365
245.0,489.0,11.1026,39.8836,93.6891,234.9047,0.0207,0.0003,99.2949,215.2368,48.9886,-16.4256,0.0,0.0001,2.3582,0.0025,6.149,35.5244,11.0408,27.1766,35.9366
246.0,491.0,11.097,39.8786,98.7017,235.5274,0.0208,0.0003,99.2748,215.2369,48.9886,-16.4255,0.0,0.0001,2.3646,0.0016,6.1484,35.5238,11.035,27.1772,35.9375
247.0,493.0,11.0972,39.8806,85.2995,234.3553,0.0205,0.0003,99.269,215.2369,48.9886,-16.4255,0.0,0.0001,2.3618,-0.0009,6.1493,35.5248,11.035,27.178,35.9382
248.0,495.0,11.088,39.8711,90.9496,234.3182,0.022,0.0003,99.2902,215.237,48.9886,-16.4255,0.0,0.0001,2.3593,-0.0001,6.151,35.5232,11.0255,27.1785,35.9391
249.0,497.0,11.0794,39.8616,98.6965,235.4111,0.0213,0.0003,99.2945,215.237,48.9886,-16.4255,0.0,0.0001,2.3627,0.0012,6.1524,35.5213,11.0167,27.1786,35.9396
250.0,499.0,11.0708,39.8533,95.7893,234.9881,0.02,0.0003,99.2893,215.2371,48.9886,-16.4255,0.0,0.0001,2.3626,-0.0001,6.152,35.5202,11.0078,27.1794,35.9408
251.0,501.0,11.072,39.8553,87.987,234.7286,0.0215,0.0003,99.2746,215.2371,48.9886,-16.4255,0.0,0.0001,2.3612,-0.0005,6.1529,35.5205,11.0088,27.1795,35.9408
252.0,503.0,11.0656,39.8499,98.698,233.3607,0.0245,0.0003,99.2915,215.2372,48.9886,-16.4255,0.0,0.0001,2.3561,-0.003,6.1532,35.5202,11.0021,27.1805,35.9421
253.0,505.0,11.0589,39.8434,88.6311,234.7573,0.0218,0.0003,99.2723,215.2372,48.9885,-16.4255,0.0,0.0001,2.3587,0.0002,6.1532,35.5194,10.9952,27.1811,35.943
254.0,507.0,11.0629,39.8486,94.7629,234.0926,0.0217,0.0003,99.2915,215.2373,48.9885,-16.4255,0.0,0.0001,2.3561,-0.0013,6.1548,35.5199,10.999,27.1808,35.9426
255.0,509.0,11.0495,39.8348,91.7976,234.3308,0.0213,0.0003,99.2908,215.2373,48.9885,-16.4255,0.0,0.0001,2.3553,-0.0002,6.1549,35.5179,10.9852,27.1818,35.9441
256.0,511.0,11.0485,39.8343,98.6919,234.3107,0.0205,0.0003,99.2662,215.2374,48.9885,-16.4255,0.0,0.0001,2.3542,-0.0004,6.1569,35.5177,10.984,27.1818,35.9442
257.0,513.0,11.0367,39.8223,98.7037,234.4337,0.0191,0.0003,99.2973,215.2374,48.9885,-16.4255,0.0,0.0001,2.3531,0.0001,6.157,35.5159,10.972,27.1826,35.9455
258.0,515.0,11.0361,39.8225,86.8037,233.944,0.0219,0.0003,99.3002,215.2375,48.9885,-16.4255,0.0,0.0001,2.3511,-0.0008,6.158,35.5158,10.9711,27.1827,35.9456
259.0,517.0,11.0345,39.8213,98.6785,233.211,0.0211,0.0003,99.2909,215.2375,48.9885,-16.4255,0.0,0.0001,2.3473,-0.0019,6.1593,35.5157,10.9693,27.183,35.946
260.0,519.0,10.9987,39.7826,84.8057,232.4944,0.0202,0.0003,99.2851,215.2376,48.9884,-16.4255,0.0,0.0001,2.3392,-0.0013,6.1617,35.5103,10.9334,27.1853,35.9498
261.0,521.0,10.9964,39.7811,94.7383,232.2866,0.0197,0.0003,99.2987,215.2376,48.9884,-16.4255,0.0,0.0001,2.3356,-0.001,6.1644,35.5103,10.9309,27.1857,35.9503
262.0,523.0,10.979,39.7627,98.6195,231.8578,0.0158,0.0003,99.2843,215.2376,48.9884,-16.4255,0.0,0.0001,2.3315,-0.001,6.1653,35.5078,10.9133,27.187,35.9524
263.0,525.0,10.9764,39.7611,98.6935,232.0853,0.0197,0.0003,99.2887,215.2377,48.9884,-16.4255,0.0,0.0001,2.3307,0.0,6.1649,35.5078,10.9104,27.1875,35.953
264.0,527.0,10.981,39.7672,78.3478,231.7413,0.0213,0.0003,99.2893,215.2377,48.9884,-16.4255,0.0,0.0001,2.3284,-0.0007,6.1652,35.5086,10.9147,27.1873,35.9527
265.0,529.0,10.9781,39.7648,94.9998,231.8296,0.0203,0.0003,99.2915,215.2378,48.9884,-16.4255,0.0,0.0001,2.3279,-0.0003,6.1658,35.5082,10.9117,27.1875,35.953
266.0,531.0,10.9715,39.7593,98.4773,232.0494,0.0208,0.0003,99.3011,215.2378,48.9884,-16.4255,0.0,0.0001,2.3277,0.0,6.1673,35.5081,10.9047,27.1888,35.9545
267.0,533.0,10.9613,39.7486,98.7018,231.0252,0.0216,0.0003,99.2915,215.2379,48.9884,-16.4255,0.0,0.0001,2.3248,-0.0017,6.1677,35.5063,10.8944,27.1892,35.9554
268.0,535.0,10.9518,39.7399,85.8357,231.6086,0.0247,0.0003,99.2952,215.2379,48.9884,-16.4255,0.0,0.0001,2.3234,-0.0002,6.169,35.5059,10.8846,27.1907,35.9573
269.0,537.0,10.9507,39.7387,91.9297,230.8978,0.0215,0.0003,99.277,215.238,48.9883,-16.4255,0.0,0.0001,2.3202,-0.0014,6.1697,35.505,10.8833,27.1902,35.9569
270.0,539.0,10.9413,39.7305,98.7023,231.0756,0.0238,0.0003,99.2981,215.238,48.9883,-16.4255,0.0,0.0001,2.319,-0.0004,6.1704,35.5049,10.8736,27.1919,35.959
271.0,541.0,10.94,39.7286,87.69,230.3415,0.0208,0.0003,99.3059,215.238,48.9883,-16.4255,0.0,0.0001,2.3154,-0.0015,6.1708,35.5036,10.8721,27.1912,35.9583
272.0,543.0,10.9291,39.7179,83.9349,231.219,0.0223,0.0003,99.2822,215.2381,48.9883,-16.4255,0.0,0.0001,2.3164,0.0003,6.1723,35.5025,10.861,27.1923,35.9599
273.0,545.0,10.9233,39.7121,98.6969,232.5565,0.02,0.0003,99.1987,215.2381,48.9883,-16.4255,0.0,0.0001,2.3212,0.0021,6.173,35.5013,10.8549,27.1925,35.9604
274.0,547.0,10.9178,39.7073,98.6951,232.1701,0.0204,0.0003,99.2984,215.2382,48.9883,-16.4255,0.0,0.0001,2.323,0.0002,6.173,35.5008,10.8492,27.1931,35.9613
275.0,549.0,10.92,39.7101,84.4558,232.7227,0.021,0.0003,99.2662,215.2382,48.9883,-16.4255,0.0,0.0001,2.3244,0.0011,6.1727,35.5008,10.8512,27.1927,35.9608
276.0,551.0,10.925,39.7183,92.3104,231.1359,0.0199,0.0003,99.3011,215.2382,48.9883,-16.4255,0.0,0.0001,2.3201,-0.0018,6.1731,35.5031,10.8559,27.1937,35.9615
277.0,553.0,10.9236,39.7172,98.6905,231.0036,0.0227,0.0003,99.3023,215.2383,48.9883,-16.4255,0.0,0.0001,2.3164,-0.0014,6.1743,35.5027,10.8542,27.1937,35.9616
278.0,555.0,10.9075,39.701,98.6893,231.0816,0.0189,0.0003,99.3105,215.2383,48.9882,-16.4255,0.0,0.0001,2.3122,0.0002,6.1747,35.5007,10.8379,27.1951,35.9637
279.0,557.0,10.8997,39.6935,87.1976,231.8829,0.0233,0.0003,99.2726,215.2384,48.9882,-16.4255,0.0,0.0001,2.3168,0.0006,6.1755,35.5,10.8298,27.196,35.965
280.0,559.0,10.9028,39.6972,98.7038,231.1238,0.0187,0.0003,99.3059,215.2384,48.9882,-16.4255,0.0,0.0001,2.3136,-0.0009,6.1781,35.5,10.8328,27.1955,35.9643
281.0,561.0,10.8834,39.6779,98.7025,231.1284,0.0197,0.0003,99.2662,215.2384,48.9882,-16.4255,0.0,0.0001,2.3126,-0.0005,6.1772,35.4984,10.8131,27.1978,35.9674
282.0,563.0,10.882,39.6771,92.1127,231.2924,0.0231,0.0003,99.3016,215.2385,48.9882,-16.4255,0.0,0.0001,2.3125,-0.0003,6.179,35.4983,10.8116,27.198,35.9677
283.0,565.0,10.8744,39.6688,98.71,231.3239,0.0198,0.0003,99.2987,215.2385,48.9882,-16.4255,0.0,0.0001,2.3116,-0.0002,6.1797,35.4965,10.8037,27.198,35.968
284.0,567.0,10.8592,39.6543,91.364,231.9551,0.0206,0.0003,99.3087,215.2385,48.9882,-16.4255,0.0,0.0001,2.3142,0.0005,6.1803,35.4955,10.7882,27.2,35.9707
285.0,569.0,10.8645,39.6607,98.6887,231.5936,0.0205,0.0003,99.2957,215.2386,48.9882,-16.4255,0.0,0.0001,2.3128,-0.0003,6.1806,35.4961,10.7934,27.1996,35.9701
286.0,571.0,10.8654,39.6646,98.698,232.7922,0.0241,0.0003,99.3113,215.2386,48.9882,-16.4255,0.0,0.0001,2.3159,0.0018,6.1805,35.4983,10.794,27.2012,35.9716
287.0,573.0,10.8658,39.6664,88.7205,233.0747,0.0216,0.0003,99.3054,215.2387,48.9882,-16.4255,0.0,0.0001,2.3209,0.0009,6.1805,35.4987,10.7941,27.2014,35.9719
288.0,575.0,10.8651,39.6664,98.695,232.9483,0.0212,0.0003,99.3204,215.2387,48.9882,-16.4255,0.0,0.0001,2.3204,0.0,6.1819,35.4983,10.7932,27.2013,35.9718
289.0,577.0,10.8573,39.6589,98.6894,233.2219,0.0215,0.0003,99.3073,215.2387,48.9882,-16.4255,0.0,0.0001,2.3211,0.0006,6.1813,35.4976,10.7851,27.2022,35.973
290.0,579.0,10.8542,39.6574,98.5926,233.1373,0.0215,0.0003,99.2705,215.2388,48.9881,-16.4255,0.0,0.0001,2.3219,0.0,6.1816,35.4981,10.7818,27.2032,35.9742
291.0,581.0,10.8558,39.6598,98.6912,232.8023,0.0195,0.0003,99.3176,215.2388,48.9881,-16.4255,0.0,0.0001,2.3199,-0.0005,6.182,35.4982,10.7831,27.203,35.9739
292.0,583.0,10.8519,39.6574,98.6843,232.5304,0.0207,0.0003,99.3079,215.2388,48.9881,-16.4255,0.0,0.0001,2.3179,-0.0008,6.1824,35.4987,10.7789,27.2042,35.9753
293.0,585.0,10.8523,39.659,79.7776,230.8729,0.0208,0.0003,99.3024,215.2389,48.9881,-16.4255,0.0,0.0001,2.3113,-0.0033,6.1823,35.4992,10.7791,27.2045,35.9756
294.0,587.0,10.852,39.6604,91.8663,230.2895,0.0199,0.0003,99.3109,215.2389,48.9881,-16.4255,0.0,0.0001,2.3047,-0.0025,6.1822,35.4998,10.7785,27.2052,35.9762
295.0,589.0,10.8519,39.6611,98.3117,230.0969,0.0201,0.0003,99.2989,215.239,48.9881,-16.4255,0.0,0.0001,2.3,-0.0018,6.1835,35.4999,10.7782,27.2053,35.9763
296.0,591.0,10.8404,39.651,98.71,228.9328,0.0229,0.0003,99.2915,215.239,48.9881,-16.4255,0.0,0.0001,2.2924,-0.0026,6.1838,35.4999,10.7664,27.2073,35.9789
297.0,593.0,10.8369,39.6487,98.6905,231.8023,0.0209,0.0003,99.3171,215.239,48.9881,-16.4255,0.0,0.0001,2.2999,0.0027,6.1844,35.5,10.7627,27.2081,35.9798
298.0,595.0,10.838,39.6504,84.6801,232.4647,0.0205,0.0003,99.323,215.2391,48.9881,-16.4255,0.0,0.0001,2.3072,0.0017,6.1847,35.4997,10.7636,27.2077,35.9794
299.0,597.0,10.8344,39.6483,93.4424,231.7885,0.0205,0.0003,99.3207,215.2391,48.9881,-16.4255,0.0,0.0001,2.3067,-0.0002,6.1847,35.5002,10.7597,27.2088,35.9806
300.0,599.0,10.8334,39.6481,98.704,231.5526,0.0222,0.0003,99.3244,215.2391,48.9881,-16.4255,0.0,0.0001,2.3057,-0.0006,6.1851,35.5002,10.7584,27.209,35.9809
301.0,601.0,10.8318,39.6478,98.6905,232.0669,0.0238,0.0003,99.3204,215.2392,48.9881,-16.4255,0.0,0.0001,2.3071,0.0005,6.185,35.5006,10.7566,27.2097,35.9817
302.0,603.0,10.8268,39.6446,81.2794,232.6037,0.0249,0.0003,99.3136,215.2392,48.9881,-16.4254,0.0,0.0001,2.3096,0.0005,6.1857,35.5013,10.7514,27.2111,35.9833
303.0,605.0,10.8287,39.6466,98.6895,232.0085,0.0215,0.0003,99.3223,215.2392,48.9881,-16.4254,0.0,0.0001,2.3077,-0.0008,6.1861,35.5007,10.7531,27.2104,35.9825
304.0,607.0,10.8201,39.6396,98.6946,232.8079,0.0197,0.0003,99.3307,215.2392,48.988,-16.4254,0.0,0.0001,2.3092,0.001,6.1856,35.501,10.7443,27.2122,35.9846
305.0,609.0,10.8196,39.6398,98.699,232.8842,0.0202,0.0003,99.311,215.2393,48.988,-16.4254,0.0,0.0001,2.3114,0.0001,6.1868,35.501,10.7435,27.2124,35.9849
306.0,611.0,10.8153,39.6366,86.2047,232.0226,0.0195,0.0003,99.3346,215.2393,48.988,-16.4254,0.0,0.0001,2.3075,-0.0013,6.1878,35.5011,10.7389,27.2132,35.9859
307.0,613.0,10.8062,39.6272,91.8667,231.5531,0.0232,0.0003,99.3198,215.2394,48.988,-16.4254,0.0,0.0001,2.3036,-0.0013,6.1875,35.4992,10.7296,27.2134,35.9865
308.0,615.0,10.8055,39.627,98.6919,231.7921,0.0224,0.0003,99.3139,215.2394,48.988,-16.4254,0.0,0.0001,2.3029,-0.0005,6.1883,35.4992,10.7288,27.2136,35.9867
309.0,617.0,10.8038,39.6256,98.7036,230.0478,0.0233,0.0003,99.3117,215.2394,48.988,-16.4254,0.0,0.0001,2.2958,-0.003,6.1889,35.4985,10.7267,27.2134,35.9866
310.0,619.0,10.8,39.6231,79.7054,230.3381,0.0187,0.0003,99.3042,215.2395,48.988,-16.4254,0.0,0.0001,2.2933,-0.0015,6.1887,35.4986,10.7226,27.2142,35.9876
311.0,621.0,10.8024,39.6262,97.0989,231.1458,0.0202,0.0003,99.3106,215.2395,48.988,-16.4254,0.0,0.0001,2.2947,0.0002,6.1903,35.4986,10.7248,27.2139,35.9871
312.0,623.0,10.7905,39.6146,98.6839,230.3979,0.0224,0.0003,99.3204,215.2395,48.988,-16.4254,0.0,0.0001,2.2904,-0.0012,6.1922,35.4975,10.7127,27.2152,35.989
313.0,625.0,10.7817,39.6059,79.582,230.4743,0.0201,0.0003,99.3204,215.2396,48.988,-16.4254,0.0,0.0001,2.2894,-0.0004,6.1915,35.4964,10.7037,27.216,35.9901
314.0,627.0,10.7672,39.591,94.8489,230.3349,0.0202,0.0003,99.3023,215.2396,48.988,-16.4254,0.0,0.0001,2.2872,-0.0007,6.1967,35.4947,10.689,27.2172,35.9921
315.0,629.0,10.738,39.5594,98.7059,226.7232,0.0204,0.0003,99.3043,215.2396,48.9879,-16.4254,0.0,0.0001,2.2705,-0.0052,6.2013,35.4902,10.6597,27.219,35.9951
316.0,631.0,10.713,39.532,98.6886,225.778,0.0191,0.0003,99.3038,215.2397,48.9879,-16.4254,0.0,0.0001,2.2582,-0.0037,6.2027,35.4861,10.6345,27.2203,35.9974
317.0,633.0,10.7044,39.5245,88.411,225.7363,0.0199,0.0003,99.2949,215.2397,48.9879,-16.4254,0.0,0.0001,2.2525,-0.0021,6.2026,35.4859,10.6257,27.2217,35.9992
318.0,635.0,10.7036,39.5243,98.6691,226.2727,0.0214,0.0003,99.3152,215.2397,48.9879,-16.4254,0.0,0.0001,2.2509,-0.0003,6.2034,35.4857,10.6246,27.2217,35.9993
319.0,637.0,10.6974,39.5189,98.7032,225.8859,0.0211,0.0003,99.3056,215.2398,48.9879,-16.4254,0.0,0.0001,2.2488,-0.0009,6.205,35.4852,10.6182,27.2225,36.0004
320.0,639.0,10.6857,39.5069,84.5643,225.0403,0.0203,0.0003,99.2988,215.2398,48.9879,-16.4254,0.0,0.0001,2.2449,-0.0019,6.2064,35.4836,10.6064,27.2234,36.0018
321.0,641.0,10.6758,39.4976,95.6306,224.456,0.0221,0.0003,99.3156,215.2398,48.9879,-16.4254,0.0,0.0001,2.2374,-0.0015,6.2075,35.483,10.5962,27.2247,36.0035
322.0,643.0,10.6674,39.4902,98.6834,225.5744,0.0211,0.0003,99.3152,215.2399,48.9879,-16.4254,0.0,0.0001,2.2393,0.0009,6.2092,35.4829,10.5876,27.2262,36.0053
323.0,645.0,10.663,39.4861,98.4665,225.7341,0.0211,0.0003,99.2849,215.2399,48.9879,-16.4254,0.0,0.0001,2.2399,0.0007,6.2082,35.4822,10.5829,27.2264,36.0058
324.0,647.0,10.6531,39.4775,98.6878,225.8733,0.0235,0.0003,99.3155,215.2399,48.9879,-16.4254,0.0,0.0001,2.2422,0.0003,6.2109,35.4819,10.5728,27.2281,36.0078
325.0,649.0,10.6507,39.4748,98.68,224.4572,0.0205,0.0003,99.3047,215.24,48.9879,-16.4254,0.0,0.0001,2.2368,-0.0024,6.2158,35.4809,10.5702,27.2277,36.0077
326.0,651.0,10.621,39.4425,81.0185,223.2225,0.0218,0.0003,99.3156,215.24,48.9879,-16.4254,0.0,0.0001,2.2301,-0.0035,6.2131,35.4763,10.5404,27.2294,36.0106
327.0,653.0,10.601,39.4222,90.1049,223.6898,0.0213,0.0003,99.3141,215.24,48.9879,-16.4254,0.0,0.0001,2.2264,-0.0014,6.2195,35.4741,10.5202,27.2313,36.0134
328.0,655.0,10.5848,39.4055,98.6933,223.157,0.0207,0.0003,99.3173,215.2401,48.9879,-16.4254,0.0,0.0001,2.2221,-0.0017,6.2215,35.4724,10.5038,27.2328,36.0156
329.0,657.0,10.5722,39.3932,98.3309,222.6542,0.0198,0.0003,99.3017,215.2401,48.9879,-16.4254,0.0,0.0001,2.2185,-0.0019,6.2216,35.4713,10.4911,27.2343,36.0176
330.0,659.0,10.5657,39.388,98.6837,222.9289,0.0191,0.0003,99.312,215.2401,48.9879,-16.4254,0.0,0.0001,2.2171,-0.0008,6.2209,35.4715,10.4844,27.2356,36.0192
331.0,661.0,10.5638,39.387,98.6889,222.7301,0.0179,0.0003,99.316,215.2401,48.9879,-16.4254,0.0,0.0001,2.215,-0.001,6.2235,35.4714,10.4822,27.2359,36.0196
332.0,663.0,10.5541,39.3779,97.8845,221.9954,0.0221,0.0003,99.3204,215.2402,48.9879,-16.4254,0.0,0.0001,2.2112,-0.0017,6.2231,35.4707,10.4722,27.2371,36.0212
333.0,665.0,10.5493,39.3732,88.4332,223.1035,0.0229,0.0003,99.3011,215.2402,48.9878,-16.4254,0.0,0.0001,2.2123,0.0006,6.2249,35.4697,10.4672,27.2373,36.0216
334.0,667.0,10.5468,39.3712,93.6302,222.4173,0.0214,0.0003,99.3072,215.2402,48.9878,-16.4254,0.0,0.0001,2.2107,-0.0011,6.2284,35.4693,10.4645,27.2374,36.0219
335.0,669.0,10.5228,39.3461,98.68,222.3848,0.0205,0.0003,99.3204,215.2402,48.9878,-16.4254,0.0,0.0001,2.2088,-0.0006,6.2274,35.4663,10.4404,27.2393,36.0248
336.0,671.0,10.5112,39.3349,98.68,222.8645,0.02,0.0003,99.3072,215.2403,48.9878,-16.4254,0.0,0.0001,2.2088,0.0002,6.2297,35.4652,10.4285,27.2406,36.0266
337.0,673.0,10.5115,39.3356,77.1808,222.0059,0.0182,0.0003,99.3204,215.2403,48.9878,-16.4254,0.0,0.0001,2.2059,-0.0016,6.2335,35.4649,10.4286,27.2404,36.0264
338.0,675.0,10.4848,39.3091,91.2397,219.733,0.0212,0.0003,99.2875,215.2403,48.9878,-16.4254,0.0,0.0001,2.1961,-0.0044,6.2347,35.4632,10.4017,27.2437,36.0309
339.0,677.0,10.476,39.3008,98.68,218.9548,0.0233,0.0003,99.315,215.2404,48.9878,-16.4254,0.0,0.0001,2.188,-0.004,6.2366,35.4625,10.3928,27.2448,36.0324
340.0,679.0,10.468,39.2938,98.6853,219.0721,0.0237,0.0003,99.3128,215.2404,48.9878,-16.4254,0.0,0.0001,2.1836,-0.0022,6.2367,35.4621,10.3846,27.2459,36.0338
341.0,681.0,10.4466,39.2712,98.68,219.2952,0.0223,0.0003,99.3204,215.2404,48.9878,-16.4254,0.0,0.0001,2.1813,-0.0012,6.2403,35.4592,10.363,27.2475,36.0363
342.0,683.0,10.4358,39.2608,98.684,216.8611,0.0245,0.0003,99.3144,215.2404,48.9878,-16.4254,0.0,0.0001,2.1709,-0.0044,6.2437,35.4584,10.3521,27.2488,36.0381
343.0,685.0,10.4115,39.2343,85.995,214.7868,0.0226,0.0003,99.3103,215.2405,48.9878,-16.4254,0.0,0.0001,2.1571,-0.0056,6.2448,35.4542,10.3276,27.2498,36.0402
344.0,687.0,10.4052,39.2293,98.6834,215.0805,0.0207,0.0003,99.3204,215.2405,48.9878,-16.4254,0.0,0.0001,2.1508,-0.0029,6.2476,35.4543,10.3211,27.251,36.0417
345.0,689.0,10.394,39.2162,98.6844,213.9702,0.0224,0.0003,99.3288,215.2405,48.9878,-16.4254,0.0,0.0001,2.1431,-0.0038,6.2533,35.4511,10.3096,27.2505,36.0417
346.0,691.0,10.346,39.1627,98.6858,209.4059,0.0185,0.0003,99.3262,215.2405,48.9878,-16.4254,0.0,0.0001,2.1241,-0.0095,6.2542,35.4427,10.2616,27.2524,36.0456
347.0,693.0,10.3344,39.1513,98.68,207.8879,0.0181,0.0003,99.3416,215.2406,48.9878,-16.4254,0.0,0.0001,2.1074,-0.0081,6.2565,35.4416,10.2499,27.2536,36.0474
348.0,695.0,10.321,39.1376,85.8863,207.2065,0.0203,0.0003,99.3346,215.2406,48.9878,-16.4254,0.0,0.0001,2.0941,-0.0054,6.2578,35.44,10.2363,27.2547,36.0491
349.0,697.0,10.3109,39.1276,95.2368,206.5956,0.0214,0.0003,99.3194,215.2406,48.9878,-16.4254,0.0,0.0001,2.0839,-0.0039,6.2602,35.4385,10.226,27.2554,36.0502
350.0,699.0,10.3008,39.1176,98.4876,206.0597,0.0206,0.0003,99.332,215.2406,48.9877,-16.4254,0.0,0.0001,2.0772,-0.0033,6.2613,35.4373,10.2157,27.2562,36.0515
351.0,701.0,10.293,39.1105,98.68,204.9664,0.0246,0.0003,99.3348,215.2407,48.9877,-16.4254,0.0,0.0001,2.0713,-0.004,6.2592,35.4369,10.2077,27.2573,36.0529
352.0,703.0,10.2847,39.102,98.68,205.0677,0.0226,0.0003,99.3382,215.2407,48.9877,-16.4254,0.0,0.0001,2.0675,-0.0028,6.2598,35.4354,10.1992,27.2576,36.0536
353.0,705.0,10.2901,39.1083,92.6218,205.8773,0.0234,0.0003,99.3312,215.2407,48.9877,-16.4254,0.0,0.0001,2.0667,-0.0006,6.2638,35.4358,10.2043,27.257,36.0528
354.0,707.0,10.2732,39.0905,98.68,203.5857,0.0205,0.0003,99.3492,215.2407,48.9877,-16.4254,0.0,0.0001,2.0579,-0.0044,6.2668,35.4334,10.1872,27.2581,36.0547
355.0,709.0,10.2583,39.0744,98.68,202.7938,0.0208,0.0003,99.3341,215.2408,48.9877,-16.4254,0.0,0.0001,2.0525,-0.0042,6.2648,35.4305,10.1721,27.2585,36.0557
356.0,711.0,10.2488,39.0657,98.68,203.3192,0.0237,0.0003,99.3265,215.2408,48.9877,-16.4254,0.0,0.0001,2.0501,-0.0019,6.2645,35.4298,10.1624,27.2596,36.0572
357.0,713.0,10.251,39.0686,90.781,203.4336,0.0223,0.0003,99.3323,215.2408,48.9877,-16.4254,0.0,0.0001,2.0467,-0.0014,6.2727,35.43,10.1644,27.2594,36.057
358.0,715.0,10.2121,39.0253,98.4257,200.1244,0.0247,0.0003,99.3412,215.2408,48.9877,-16.4254,0.0,0.0001,2.0343,-0.006,6.2711,35.4228,10.1254,27.2606,36.0598
359.0,717.0,10.1812,38.989,98.68,199.2071,0.0228,0.0003,99.3341,215.2408,48.9877,-16.4254,0.0,0.0001,2.0262,-0.0062,6.2772,35.4151,10.0944,27.26,36.0606
360.0,719.0,10.171,38.9791,98.68,199.6091,0.0241,0.0003,99.3441,215.2409,48.9877,-16.4254,0.0,0.0001,2.0202,-0.0031,6.2799,35.4142,10.0841,27.261,36.0622
361.0,721.0,10.1625,38.9695,65.1837,197.4422,0.0233,0.0003,99.3379,215.2409,48.9877,-16.4254,0.0,0.0001,2.0086,-0.0055,6.2856,35.4118,10.0754,27.2607,36.0622
362.0,723.0,10.1438,38.9502,93.7389,196.8623,0.022,0.0003,99.3492,215.2409,48.9877,-16.4254,0.0,0.0001,2.0006,-0.0045,6.2911,35.4096,10.0565,27.2622,36.0646
363.0,725.0,10.0913,38.8901,97.0926,196.6541,0.0243,0.0003,99.344,215.2409,48.9877,-16.4254,0.0,0.0001,1.9946,-0.0032,6.2926,35.3986,10.0041,27.2627,36.0674
364.0,727.0,10.069,38.8698,98.68,197.5106,0.0241,0.0003,99.3327,215.241,48.9877,-16.4253,0.0,0.0001,1.9936,-0.0006,6.2933,35.3986,9.9816,27.2665,36.0722
365.0,729.0,10.0593,38.8615,98.68,197.7755,0.0223,0.0003,99.3492,215.241,48.9877,-16.4253,0.0,0.0001,1.9927,-0.0001,6.2948,35.3987,9.9717,27.2683,36.0744
366.0,731.0,10.0529,38.8552,98.68,197.1774,0.0191,0.0003,99.3616,215.241,48.9877,-16.4253,0.0,0.0001,1.9907,-0.0009,6.2907,35.3978,9.9651,27.2688,36.0752
367.0,733.0,10.066,38.8752,98.5619,198.7188,0.0226,0.0003,99.3492,215.241,48.9877,-16.4253,0.0,0.0001,1.9944,0.0018,6.2884,35.4045,9.9779,27.2718,36.0775
368.0,735.0,10.0932,38.9097,98.68,200.0169,0.0233,0.0003,99.3432,215.2411,48.9876,-16.4253,0.0,0.0001,2.0006,0.003,6.2902,35.4123,10.0047,27.2733,36.0778
369.0,737.0,10.0887,38.9075,98.68,199.7426,0.0224,0.0003,99.3492,215.2411,48.9876,-16.4253,0.0,0.0001,2.0026,0.0012,6.2906,35.4136,9.9999,27.2751,36.0798
370.0,739.0,10.0798,38.8995,98.68,199.2869,0.0245,0.0003,99.3492,215.2411,48.9876,-16.4253,0.0,0.0001,2.0024,0.0001,6.2902,35.4131,9.9908,27.2763,36.0814
371.0,741.0,10.0926,38.9181,79.8263,199.2291,0.0236,0.0003,99.3407,215.2411,48.9876,-16.4253,0.0,0.0001,2.0026,-0.0001,6.2875,35.4187,10.0033,27.2785,36.083
372.0,743.0,10.0991,38.9279,95.797,199.9211,0.021,0.0003,99.3492,215.2412,48.9876,-16.4253,0.0,0.0001,2.0043,0.0007,6.2908,35.4214,10.0095,27.2796,36.0837
373.0,745.0,10.0892,38.9205,98.68,197.8492,0.0218,0.0003,99.3588,215.2412,48.9876,-16.4253,0.0,0.0001,1.9989,-0.0033,6.2961,35.4226,9.9995,27.2822,36.0868
374.0,747.0,10.0638,38.8924,98.68,196.7848,0.0219,0.0003,99.3459,215.2412,48.9876,-16.4253,0.0,0.0001,1.9923,-0.004,6.2962,35.4178,9.974,27.2829,36.0886
375.0,749.0,10.0348,38.8639,98.6809,197.3717,0.0283,0.0003,99.3492,215.2412,48.9876,-16.4253,0.0,0.0001,1.9896,-0.0019,6.3,35.4161,9.9448,27.2866,36.0935
376.0,751.0,10.0376,38.87,89.9665,197.9581,0.0242,0.0003,99.3376,215.2412,48.9876,-16.4253,0.0,0.0001,1.989,-0.0002,6.2986,35.4187,9.9473,27.2881,36.095
377.0,753.0,9.9926,38.8187,98.68,198.2804,0.0201,0.0003,99.3492,215.2413,48.9876,-16.4253,0.0,0.0001,1.99,0.0004,6.2975,35.4092,9.9024,27.2884,36.0973
378.0,755.0,9.9735,38.7996,98.68,198.3458,0.0194,0.0003,99.3329,215.2413,48.9876,-16.4253,0.0,0.0001,1.99,-0.0004,6.3089,35.4079,9.8832,27.2907,36.1004
379.0,757.0,9.974,38.7969,98.68,196.9696,0.0191,0.0003,99.3018,215.2413,48.9876,-16.4253,0.0,0.0001,1.9841,-0.0027,6.3161,35.4039,9.8835,27.2875,36.0972
380.0,759.0,9.9201,38.7399,98.68,196.4139,0.0212,0.0003,99.3492,215.2413,48.9876,-16.4253,0.0,0.0001,1.9813,-0.0029,6.3137,35.3974,9.8297,27.2916,36.1037
381.0,761.0,9.9041,38.7215,90.8735,196.0797,0.0244,0.0003,99.3447,215.2413,48.9876,-16.4253,0.0,0.0001,1.9781,-0.0024,6.3105,35.3931,9.8133,27.291,36.1039
382.0,763.0,9.8979,38.7171,95.4126,197.095,0.0218,0.0003,99.3439,215.2414,48.9876,-16.4253,0.0,0.0001,1.977,-0.0005,6.3207,35.3935,9.8069,27.2925,36.1056
383.0,765.0,9.8917,38.7088,84.555,194.9791,0.0216,0.0003,99.3622,215.2414,48.9876,-16.4253,0.0,0.0001,1.9681,-0.0037,6.3302,35.3901,9.8006,27.2909,36.1043
384.0,767.0,9.8334,38.6488,98.9233,193.5099,0.0185,0.0003,99.3588,215.2414,48.9876,-16.4253,0.0,0.0001,1.9605,-0.0049,6.3312,35.3849,9.7423,27.2967,36.1127
385.0,769.0,9.7973,38.609,97.6234,192.1752,0.0218,0.0003,99.3615,215.2414,48.9875,-16.4253,0.0,0.0001,1.9522,-0.0057,6.3324,35.3784,9.7062,27.2978,36.1154
386.0,771.0,9.7919,38.6038,92.2335,191.7604,0.0202,0.0002,99.3748,215.2415,48.9875,-16.4253,0.0,0.0001,1.9435,-0.0041,6.3325,35.3774,9.7006,27.2979,36.1158
387.0,773.0,9.7856,38.5981,98.68,192.1916,0.0248,0.0002,99.368,215.2415,48.9875,-16.4253,0.0,0.0001,1.9385,-0.002,6.3377,35.3769,9.694,27.2986,36.1168
388.0,775.0,9.7749,38.5871,98.68,191.1646,0.0245,0.0002,99.3767,215.2415,48.9875,-16.4253,0.0,0.0001,1.9326,-0.0029,6.3387,35.3753,9.6832,27.2992,36.1179
389.0,777.0,9.7332,38.5483,98.68,189.0401,0.0222,0.0002,99.3742,215.2415,48.9875,-16.4253,0.0,0.0001,1.9242,-0.005,6.3392,35.3753,9.6414,27.3063,36.1267
390.0,779.0,9.7435,38.5655,98.68,188.8174,0.0195,0.0002,99.3735,215.2416,48.9875,-16.4253,0.0,0.0001,1.9173,-0.0034,6.3406,35.382,9.6514,27.3098,36.1297
391.0,781.0,9.7311,38.5564,87.8243,188.6231,0.0224,0.0002,99.3696,215.2416,48.9875,-16.4253,0.0,0.0001,1.9124,-0.0025,6.343,35.384,9.6389,27.3135,36.1339
392.0,783.0,9.721,38.5463,98.68,188.0937,0.0247,0.0002,99.375,215.2416,48.9875,-16.4253,0.0,0.0001,1.9069,-0.0025,6.3453,35.3824,9.6286,27.314,36.1348
393.0,785.0,9.7029,38.5283,98.68,188.2754,0.0201,0.0002,99.3781,215.2416,48.9875,-16.4253,0.0,0.0001,1.9051,-0.0016,6.3467,35.3808,9.6103,27.3157,36.1374
394.0,787.0,9.6881,38.5142,98.68,188.1991,0.0199,0.0002,99.3781,215.2416,48.9875,-16.4253,0.0,0.0001,1.9027,-0.0012,6.3497,35.38,9.5954,27.3176,36.14
395.0,789.0,9.6625,38.4902,98.68,187.423,0.0199,0.0002,99.3974,215.2417,48.9875,-16.4253,0.0,0.0001,1.8966,-0.0019,6.3567,35.3794,9.5696,27.3215,36.145
396.0,791.0,9.637,38.4664,59.7644,187.4379,0.0221,0.0002,99.3795,215.2417,48.9875,-16.4253,0.0,0.0001,1.8939,-0.0014,6.3623,35.379,9.5441,27.3255,36.15
397.0,793.0,9.6009,38.4284,98.7298,187.0868,0.0234,0.0002,99.3839,215.2417,48.9875,-16.4253,0.0,0.0001,1.8926,-0.0016,6.3642,35.3742,9.508,27.3278,36.154
398.0,795.0,9.5746,38.4007,93.3694,187.1464,0.0243,0.0002,99.3829,215.2417,48.9875,-16.4253,0.0,0.0001,1.8901,-0.001,6.3618,35.3706,9.4815,27.3294,36.1567
399.0,797.0,9.5562,38.3838,98.6891,187.6526,0.0198,0.0002,99.3845,215.2418,48.9875,-16.4253,0.0,0.0001,1.8906,-0.0001,6.3656,35.3703,9.463,27.3323,36.1604
400.0,799.0,9.563,38.3937,95.5035,187.2999,0.0251,0.0002,99.3898,215.2418,48.9875,-16.4253,0.0,0.0001,1.8882,-0.0008,6.3705,35.373,9.4696,27.3332,36.1611
401.0,801.0,9.5334,38.3643,90.6629,187.4311,0.026,0.0002,99.3853,215.2418,48.9875,-16.4253,0.0,0.0001,1.8877,-0.0005,6.3733,35.3708,9.4399,27.3365,36.1656
402.0,803.0,9.5114,38.3425,98.68,187.9429,0.0279,0.0002,99.39,215.2418,48.9875,-16.4253,0.0,0.0001,1.888,0.0003,6.3768,35.3689,9.4177,27.3387,36.1688
403.0,805.0,9.4951,38.3253,98.68,188.0365,0.0271,0.0002,99.382,215.2419,48.9875,-16.4253,0.0,0.0001,1.888,0.0002,6.3791,35.3663,9.4012,27.3394,36.1702
404.0,807.0,9.4599,38.2878,98.68,188.0313,0.025,0.0002,99.3795,215.2419,48.9875,-16.4253,0.0,0.0001,1.8877,0.0,6.382,35.3613,9.366,27.3413,36.1737
405.0,809.0,9.4381,38.2659,98.68,187.4048,0.0223,0.0002,99.3985,215.2419,48.9875,-16.4253,0.0,0.0001,1.8853,-0.0013,6.3905,35.3592,9.3441,27.3433,36.1767
406.0,811.0,9.4104,38.2357,69.8362,186.3215,0.0204,0.0002,99.3919,215.2419,48.9874,-16.4253,0.0,0.0001,1.8804,-0.0027,6.3949,35.3543,9.3163,27.344,36.1787
407.0,813.0,9.3738,38.199,98.7473,185.554,0.0195,0.0002,99.3967,215.2419,48.9874,-16.4253,0.0,0.0001,1.8759,-0.0034,6.3969,35.3516,9.2798,27.3479,36.1842
408.0,815.0,9.3532,38.179,98.68,185.5377,0.0212,0.0002,99.4012,215.242,48.9874,-16.4253,0.0,0.0001,1.8734,-0.0026,6.3975,35.3501,9.2591,27.3501,36.1874
409.0,817.0,9.3237,38.1464,83.0495,185.931,0.0225,0.0002,99.3747,215.242,48.9874,-16.4253,0.0,0.0001,1.8697,-0.0011,6.4037,35.3443,9.2294,27.3505,36.1891
410.0,819.0,9.2945,38.1162,88.4948,185.5858,0.0192,0.0002,99.4359,215.242,48.9874,-16.4253,0.0,0.0001,1.8672,-0.0013,6.4083,35.3409,9.2002,27.3526,36.1925
411.0,821.0,9.2737,38.0955,93.2159,185.0252,0.0222,0.0002,99.4287,215.242,48.9874,-16.4253,0.0,0.0001,1.8633,-0.0018,6.4097,35.3391,9.1794,27.3547,36.1955
412.0,823.0,9.2562,38.0737,98.68,184.9048,0.0241,0.0002,99.4359,215.2421,48.9874,-16.4253,0.0,0.0001,1.8613,-0.0014,6.4095,35.3329,9.1617,27.3527,36.1943
413.0,825.0,9.251,38.072,98.68,185.0711,0.0267,0.0002,99.4287,215.2421,48.9874,-16.4253,0.0,0.0001,1.8608,-0.0009,6.4097,35.3352,9.1563,27.3554,36.1972
414.0,827.0,9.2498,38.0716,98.68,185.3238,0.0259,0.0002,99.439,215.2421,48.9874,-16.4253,0.0,0.0001,1.8602,-0.0003,6.4103,35.3349,9.1548,27.3553,36.1973
415.0,829.0,9.2463,38.0727,98.68,184.4974,0.0243,0.0002,99.4514,215.2421,48.9874,-16.4253,0.0,0.0001,1.8584,-0.0008,6.393,35.3386,9.1511,27.3589,36.201
416.0,831.0,9.3066,38.1515,98.5602,184.0373,0.0245,0.0002,99.4407,215.2422,48.9874,-16.4253,0.0,0.0001,1.8548,-0.0012,6.3939,35.3601,9.2108,27.3659,36.2051
417.0,833.0,9.3619,38.2182,98.68,182.6691,0.0222,0.0002,99.4647,215.2422,48.9874,-16.4253,0.0,0.0001,1.8516,-0.0032,6.3963,35.374,9.2655,27.3678,36.2044
418.0,835.0,9.3542,38.2146,98.68,182.8929,0.0222,0.0002,99.4566,215.2422,48.9874,-16.4252,0.0,0.0001,1.8489,-0.0019,6.3963,35.3768,9.2575,27.3713,36.2082
419.0,837.0,9.3619,38.2241,83.8609,183.2978,0.023,0.0002,99.448,215.2422,48.9874,-16.4253,0.0,0.0001,1.8473,-0.0006,6.396,35.3781,9.265,27.3711,36.2077
420.0,839.0,9.353,38.2166,98.68,182.3046,0.0255,0.0002,99.4647,215.2423,48.9874,-16.4253,0.0,0.0001,1.8432,-0.0023,6.4037,35.3782,9.2559,27.3727,36.2096
421.0,841.0,9.3284,38.1953,93.783,182.6605,0.0249,0.0002,99.4467,215.2423,48.9874,-16.4253,0.0,0.0001,1.8425,-0.0014,6.4061,35.3797,9.2313,27.3779,36.2159
422.0,843.0,9.2865,38.1505,96.8531,183.5989,0.0219,0.0002,99.4647,215.2423,48.9874,-16.4252,0.0,0.0001,1.8431,0.0002,6.4093,35.3734,9.1893,27.3799,36.2198
423.0,845.0,9.2522,38.1157,98.68,183.7917,0.0213,0.0002,99.4633,215.2423,48.9874,-16.4252,0.0,0.0001,1.8437,0.0003,6.4119,35.3703,9.155,27.3831,36.2245
424.0,847.0,9.2315,38.0969,92.1051,183.6511,0.0229,0.0002,99.4535,215.2423,48.9874,-16.4253,0.0,0.0001,1.8436,-0.0001,6.411,35.3701,9.1342,27.3863,36.2286
425.0,849.0,9.2345,38.1048,98.68,183.0935,0.0237,0.0002,99.4569,215.2424,48.9874,-16.4253,0.0,0.0001,1.8421,-0.0012,6.4191,35.3747,9.1369,27.3894,36.2316
426.0,851.0,9.2309,38.1039,98.68,182.2703,0.0205,0.0002,99.4393,215.2424,48.9874,-16.4253,0.0,0.0001,1.8376,-0.0023,6.4205,35.3765,9.1331,27.3915,36.2337
427.0,853.0,9.1747,38.0484,98.68,182.5854,0.0207,0.0002,99.4594,215.2424,48.9874,-16.4252,0.0,0.0001,1.8372,-0.001,6.4163,35.373,9.077,27.3979,36.2427
428.0,855.0,9.1576,38.0349,98.68,183.0705,0.0218,0.0002,99.4647,215.2424,48.9873,-16.4252,0.0,0.0001,1.8375,0.0002,6.4142,35.3748,9.0597,27.4021,36.2476
429.0,857.0,9.1651,38.0425,90.4875,183.2518,0.0255,0.0002,99.4467,215.2425,48.9873,-16.4253,0.0,0.0001,1.837,-0.0002,6.4254,35.3748,9.0671,27.4009,36.2461
430.0,859.0,9.1296,38.0037,91.203,183.0875,0.0235,0.0002,99.4626,215.2425,48.9873,-16.4253,0.0,0.0001,1.8349,-0.0006,6.4337,35.3683,9.0314,27.4017,36.2485
431.0,861.0,9.0932,37.9659,96.9463,183.1332,0.0223,0.0002,99.4609,215.2425,48.9873,-16.4252,0.0,0.0001,1.8342,-0.0005,6.4366,35.364,8.995,27.4042,36.2526
432.0,863.0,9.0759,37.9489,97.9033,183.1018,0.0238,0.0002,99.4528,215.2425,48.9873,-16.4252,0.0,0.0001,1.8338,-0.0005,6.4347,35.3625,8.9776,27.4057,36.255
433.0,865.0,9.0575,37.9309,98.68,183.4625,0.0247,0.0002,99.4647,215.2425,48.9873,-16.4252,0.0,0.0001,1.8344,0.0002,6.4342,35.3608,8.9591,27.4075,36.2575
434.0,867.0,9.0645,37.9389,98.68,183.7706,0.023,0.0002,99.4602,215.2426,48.9873,-16.4252,0.0,0.0001,1.8352,0.0004,6.4363,35.3614,8.9658,27.4069,36.2566
435.0,869.0,9.0667,37.943,67.7307,183.447,0.0187,0.0002,99.4647,215.2426,48.9873,-16.4253,0.0,0.0001,1.833,-0.0005,6.4397,35.3626,8.9678,27.4075,36.2571
436.0,871.0,9.0472,37.9252,98.68,183.1481,0.0167,0.0002,99.4647,215.2426,48.9873,-16.4252,0.0,0.0001,1.8335,-0.0009,6.4417,35.3625,8.9483,27.4106,36.2611
437.0,873.0,9.0349,37.9132,93.8199,183.4534,0.0229,0.0002,99.4647,215.2426,48.9873,-16.4252,0.0,0.0001,1.8334,-0.0004,6.4436,35.3612,8.9357,27.4115,36.2626
438.0,875.0,9.0173,37.897,98.68,183.6688,0.0246,0.0002,99.4687,215.2427,48.9873,-16.4252,0.0,0.0001,1.8334,0.0,6.443,35.3605,8.9179,27.4138,36.2657
439.0,877.0,9.0038,37.8849,98.68,184.1681,0.0187,0.0002,99.4647,215.2427,48.9873,-16.4252,0.0,0.0001,1.8339,0.0009,6.441,35.3606,8.9043,27.4161,36.2686
440.0,879.0,8.9963,37.8789,77.8676,183.8333,0.022,0.0002,99.464,215.2427,48.9873,-16.4252,0.0,0.0001,1.8336,-0.0002,6.4475,35.3608,8.8966,27.4175,36.2703
441.0,881.0,8.9832,37.8668,98.6759,183.7605,0.0222,0.0002,99.4544,215.2427,48.9873,-16.4252,0.0,0.0001,1.8315,-0.0005,6.4548,35.3601,8.8835,27.4191,36.2725
442.0,883.0,8.9596,37.8433,76.9733,183.9152,0.0231,0.0002,99.4544,215.2428,48.9873,-16.4252,0.0,0.0001,1.8315,-0.0005,6.4616,35.3583,8.8598,27.4214,36.2759
443.0,885.0,8.9472,37.8302,98.6862,183.9645,0.0225,0.0002,99.4647,215.2428,48.9873,-16.4252,0.0,0.0001,1.8315,-0.0003,6.4571,35.356,8.8473,27.4217,36.2767
444.0,887.0,8.9018,37.7857,98.68,184.8089,0.0265,0.0002,99.4647,215.2428,48.9873,-16.4252,0.0,0.0001,1.8338,0.0013,6.4522,35.3532,8.8018,27.4267,36.2838
445.0,889.0,8.887,37.7729,98.68,184.6489,0.0261,0.0002,99.4371,215.2428,48.9873,-16.4253,0.0,0.0001,1.8344,-0.0002,6.4643,35.3534,8.7869,27.4292,36.287
446.0,891.0,8.8651,37.7467,98.68,184.2405,0.0244,0.0002,99.4539,215.2429,48.9873,-16.4253,0.0,0.0001,1.8315,-0.0009,6.4728,35.3467,8.7648,27.4275,36.2863
447.0,893.0,8.7945,37.6774,98.68,185.2235,0.0238,0.0002,99.4561,215.2429,48.9872,-16.4252,0.0,0.0001,1.8339,0.0009,6.4701,35.3432,8.6945,27.436,36.2979
448.0,895.0,8.8156,37.7089,57.5429,185.315,0.026,0.0002,99.4647,215.2429,48.9872,-16.4252,0.0,0.0001,1.8339,0.0012,6.4636,35.3543,8.7152,27.4414,36.3022
449.0,897.0,8.8079,37.7053,98.6798,184.9881,0.0258,0.0002,99.4473,215.2429,48.9872,-16.4252,0.0,0.0001,1.8344,0.0001,6.4646,35.3572,8.7073,27.4449,36.3061
450.0,899.0,8.8351,37.7326,98.68,184.6367,0.0223,0.0002,99.4561,215.2429,48.9872,-16.4252,0.0,0.0001,1.834,0.0,6.4529,35.358,8.7341,27.4413,36.3012
451.0,901.0,8.902,37.8254,59.9398,184.5061,0.0207,0.0002,99.4647,215.243,48.9872,-16.4252,0.0,0.0001,1.8339,-0.0003,6.4535,35.388,8.8003,27.4542,36.3108
452.0,903.0,8.9428,37.8757,90.5718,184.158,0.0235,0.0002,99.4647,215.243,48.9872,-16.4252,0.0,0.0001,1.8315,-0.0009,6.4598,35.3992,8.8406,27.4566,36.3113
453.0,905.0,8.9023,37.8313,98.6833,184.0756,0.0231,0.0002,99.4647,215.243,48.9872,-16.4252,0.0,0.0001,1.8293,-0.0012,6.472,35.3921,8.8002,27.4575,36.314
454.0,907.0,8.8472,37.7707,98.68,184.3453,0.0215,0.0002,99.4134,215.243,48.9872,-16.4252,0.0,0.0001,1.8275,-0.0011,6.4901,35.3825,8.7452,27.4588,36.3179
455.0,909.0,8.7554,37.6709,98.68,184.441,0.0204,0.0002,99.4647,215.2431,48.9872,-16.4252,0.0,0.0001,1.8256,-0.0008,6.4969,35.3678,8.6538,27.4617,36.3251
456.0,911.0,8.6444,37.5435,98.68,185.6969,0.0199,0.0002,99.4716,215.2431,48.9872,-16.4252,0.0,0.0001,1.8303,0.0013,6.4889,35.343,8.5432,27.4597,36.3283
457.0,913.0,8.6019,37.5023,98.6486,185.7807,0.0243,0.0002,99.4743,215.2431,48.9872,-16.4252,0.0,0.0001,1.8289,0.0003,6.5113,35.341,8.5008,27.4648,36.3353
458.0,915.0,8.5991,37.492,98.68,185.5841,0.0249,0.0002,99.4693,215.2431,48.9872,-16.4252,0.0,0.0001,1.8278,0.0,6.5114,35.3321,8.4979,27.4582,36.329
459.0,917.0,8.5409,37.4431,98.68,185.9384,0.0271,0.0002,99.482,215.2431,48.9872,-16.4252,0.0,0.0001,1.8287,0.0005,6.5102,35.3374,8.4397,27.4715,36.3447
460.0,919.0,8.5177,37.4183,82.1713,185.621,0.027,0.0002,99.4909,215.2432,48.9872,-16.4252,0.0,0.0001,1.8275,-0.0004,6.5185,35.3333,8.4165,27.4719,36.3463
461.0,921.0,8.5166,37.4152,98.6739,184.9179,0.0265,0.0002,99.4936,215.2432,48.9872,-16.4252,0.0,0.0001,1.8254,-0.0017,6.5272,35.3303,8.4152,27.4698,36.3442
462.0,923.0,8.4757,37.3766,98.68,184.6318,0.0219,0.0002,99.4834,215.2432,48.9872,-16.4252,0.0,0.0001,1.823,-0.0016,6.5215,35.3295,8.3744,27.4754,36.3517
463.0,925.0,8.455,37.3568,94.685,185.4096,0.0225,0.0002,99.4944,215.2432,48.9872,-16.4252,0.0,0.0001,1.8242,0.0,6.5211,35.3279,8.3536,27.4774,36.3546
464.0,927.0,8.4388,37.3346,98.6098,186.1765,0.0236,0.0002,99.4879,215.2433,48.9872,-16.4252,0.0,0.0001,1.824,-0.0002,6.5538,35.3196,8.3372,27.4735,36.3515
465.0,929.0,8.2682,37.1465,98.68,186.6007,0.0223,0.0002,99.5127,215.2433,48.9871,-16.4252,0.0,0.0001,1.8192,-0.0014,6.6122,35.2891,8.1676,27.4755,36.3616
466.0,931.0,8.138,36.9976,98.68,187.2776,0.023,0.0002,99.5225,215.2433,48.9871,-16.4252,0.0,0.0001,1.8191,-0.0008,6.6287,35.2597,8.0381,27.4722,36.3645
467.0,933.0,7.9348,36.7667,98.68,188.7294,0.0217,0.0002,99.5514,215.2433,48.9871,-16.4252,0.0,0.0001,1.8226,0.0012,6.6309,35.2155,7.8361,27.4678,36.3699
468.0,935.0,7.7992,36.6252,98.68,191.4214,0.0251,0.0002,99.5225,215.2433,48.9871,-16.4252,0.0,0.0001,1.8286,0.0045,6.6319,35.1987,7.7012,27.4746,36.3831
469.0,937.0,7.7807,36.6086,69.989,191.7107,0.0236,0.0002,99.5329,215.2434,48.9871,-16.4252,0.0,0.0001,1.8357,0.0035,6.624,35.1985,7.6826,27.4772,36.3865
470.0,939.0,7.7505,36.5779,96.4614,191.7033,0.0232,0.0002,99.5272,215.2434,48.9871,-16.4252,0.0,0.0001,1.841,0.0018,6.6264,35.1947,7.6524,27.4787,36.3894
471.0,941.0,7.8252,36.6653,98.68,190.1979,0.0249,0.0002,99.5534,215.2434,48.9871,-16.4252,0.0,0.0001,1.8375,-0.0014,6.6396,35.2129,7.7264,27.482,36.3892
472.0,943.0,7.7559,36.5919,98.69,190.2985,0.0224,0.0002,99.5514,215.2435,48.9871,-16.4252,0.0,0.0001,1.8364,-0.001,6.6423,35.2024,7.6573,27.484,36.3944
473.0,945.0,7.7188,36.5537,98.6812,190.7266,0.0239,0.0002,99.559,215.2435,48.9871,-16.4252,0.0,0.0001,1.8376,-0.0002,6.6406,35.1976,7.6202,27.4856,36.3978
474.0,947.0,7.7026,36.5394,98.68,191.8864,0.0272,0.0002,99.5558,215.2435,48.9871,-16.4252,0.0,0.0001,1.84,0.0015,6.6401,35.1976,7.604,27.488,36.401
475.0,949.0,7.7251,36.5645,98.68,192.0114,0.0224,0.0002,99.5604,215.2435,48.9871,-16.4252,0.0,0.0001,1.8419,0.0012,6.634,35.2012,7.626,27.4876,36.3995
476.0,951.0,7.767,36.6211,66.9116,191.3351,0.0213,0.0002,99.5802,215.2435,48.9871,-16.4252,0.0,0.0001,1.843,0.0,6.6236,35.2191,7.6674,27.4956,36.4053
477.0,953.0,7.818,36.6861,98.68,190.1332,0.0204,0.0002,99.5759,215.2436,48.9871,-16.4252,0.0,0.0001,1.8396,-0.0016,6.6201,35.2368,7.7178,27.5021,36.4093
478.0,955.0,7.8453,36.7168,86.7747,189.3984,0.0251,0.0002,99.5802,215.2436,48.9871,-16.4252,0.0,0.0001,1.8373,-0.0015,6.6019,35.2416,7.7447,27.5019,36.4078
479.0,957.0,7.8484,36.7215,98.68,190.3195,0.0238,0.0002,99.5833,215.2436,48.9871,-16.4252,0.0,0.0001,1.8391,0.0004,6.5926,35.2424,7.7476,27.5021,36.4079
480.0,959.0,8.0771,36.9949,98.68,188.58,0.0226,0.0002,99.5768,215.2436,48.9871,-16.4252,0.0,0.0001,1.8345,-0.0024,6.5951,35.3047,7.9743,27.5172,36.4117
481.0,961.0,8.0646,36.969,92.428,189.2061,0.0204,0.0002,99.5926,215.2437,48.9871,-16.4252,0.0,0.0001,1.8338,-0.0001,6.5797,35.2889,7.9618,27.5066,36.402
482.0,963.0,8.1138,37.0375,71.6013,187.0656,0.0236,0.0002,99.5882,215.2437,48.9871,-16.4252,0.0,0.0001,1.8278,-0.0036,6.5957,35.3119,8.0104,27.5174,36.4102
483.0,965.0,8.0827,37.0074,91.1785,187.4529,0.0253,0.0002,99.5907,215.2437,48.9871,-16.4252,0.0,0.0001,1.8244,-0.0021,6.604,35.3099,7.9792,27.5205,36.4148
484.0,967.0,8.0073,36.9217,77.2295,188.0419,0.0262,0.0002,99.5832,215.2437,48.987,-16.4252,0.0,0.0001,1.8236,-0.0016,6.6147,35.2932,7.9042,27.5187,36.4166
485.0,969.0,7.8859,36.7858,98.68,189.3279,0.0233,0.0002,99.6039,215.2437,48.987,-16.4252,0.0,0.0001,1.8243,0.0003,6.6252,35.2683,7.7834,27.5172,36.4209
486.0,971.0,7.8185,36.714,98.68,190.1999,0.0224,0.0002,99.6002,215.2438,48.987,-16.4252,0.0,0.0001,1.8252,0.0011,6.6296,35.2578,7.7163,27.5189,36.4258
487.0,973.0,7.7824,36.6758,98.68,190.9873,0.025,0.0002,99.6082,215.2438,48.987,-16.4252,0.0,0.0001,1.8313,0.0019,6.6189,35.2521,7.6802,27.5197,36.4284
488.0,975.0,7.8671,36.7836,86.9169,190.8728,0.0237,0.0002,99.6091,215.2438,48.987,-16.4252,0.0,0.0001,1.8326,0.0004,6.6338,35.2818,7.764,27.5306,36.4351
489.0,977.0,7.8152,36.728,81.2411,189.7625,0.0244,0.0002,99.6091,215.2438,48.987,-16.4252,0.0,0.0001,1.8307,-0.0016,6.6349,35.2733,7.7123,27.5316,36.4385
490.0,979.0,7.7538,36.6659,98.68,190.7797,0.0245,0.0002,99.6091,215.2439,48.987,-16.4252,0.0,0.0001,1.8314,0.0002,6.6348,35.2673,7.6511,27.5359,36.4457
491.0,981.0,7.7388,36.6491,98.68,191.6572,0.0247,0.0002,99.6091,215.2439,48.987,-16.4252,0.0,0.0001,1.8339,0.0013,6.6334,35.2635,7.6361,27.5352,36.4457
492.0,983.0,7.7485,36.6608,98.68,191.2593,0.0227,0.0002,99.6091,215.2439,48.987,-16.4252,0.0,0.0001,1.8339,0.0005,6.6316,35.2655,7.6454,27.5354,36.4454
493.0,985.0,7.7682,36.6836,98.68,190.9536,0.0208,0.0002,99.6182,215.2439,48.987,-16.4252,0.0,0.0001,1.8352,0.0004,6.6139,35.2692,7.6648,27.5354,36.4446
494.0,987.0,7.8345,36.7644,73.7105,189.9196,0.0216,0.0002,99.6035,215.244,48.987,-16.4252,0.0,0.0001,1.8339,-0.0007,6.5938,35.2885,7.7304,27.5409,36.4468
495.0,989.0,7.9267,36.8836,98.68,189.9036,0.0232,0.0002,99.6091,215.244,48.987,-16.4252,0.0,0.0001,1.8319,-0.0007,6.6021,35.3226,7.8215,27.5541,36.4553
496.0,991.0,8.015,36.9854,93.6663,188.89,0.0246,0.0002,99.6091,215.244,48.987,-16.4252,0.0,0.0001,1.8295,-0.0022,6.6073,35.342,7.9089,27.5563,36.4533
497.0,993.0,8.0024,36.9716,98.5411,189.2127,0.0226,0.0002,99.6091,215.244,48.987,-16.4252,0.0,0.0001,1.8272,-0.0011,6.6098,35.3391,7.8962,27.556,36.4535
498.0,995.0,7.9136,36.8743,98.68,189.4804,0.0238,0.0001,99.6091,215.244,48.987,-16.4252,0.0,0.0001,1.8254,-0.0008,6.6224,35.3232,7.8079,27.5566,36.4584
499.0,997.0,7.8292,36.7852,88.2205,190.7908,0.0215,0.0001,99.6187,215.2441,48.987,-16.4252,0.0,0.0001,1.8277,0.0009,6.6263,35.3115,7.724,27.5599,36.4657
500.0,999.0,7.7927,36.7467,98.68,191.1492,0.0206,0.0001,99.6091,215.2441,48.987,-16.4252,0.0,0.0001,1.8303,0.0009,6.6217,35.3059,7.6874,27.5609,36.4684
501.0,1001.0,7.7935,36.7491,98.68,191.4613,0.0245,0.0002,99.6116,215.2441,48.987,-16.4252,0.0,0.0001,1.8327,0.0006,6.6275,35.3067,7.688,27.5615,36.469
502.0,1003.0,7.7898,36.7469,88.8002,191.7274,0.023,0.0001,99.6167,215.2442,48.987,-16.4252,0.0,0.0001,1.8339,0.0006,6.6279,35.3072,7.6841,27.5624,36.4701
503.0,1005.0,7.7792,36.7408,98.6479,191.9399,0.024,0.0002,99.6031,215.2442,48.9869,-16.4252,0.0,0.0001,1.8364,0.0003,6.6291,35.3102,7.6734,27.5664,36.4745
504.0,1007.0,7.7701,36.732,91.6042,191.9827,0.0222,0.0002,99.5461,215.2447,48.9869,-16.4252,0.0,0.0001,1.837,0.0,6.6313,35.3089,7.6641,27.5667,36.4753
505.0,1009.0,7.7536,36.7174,94.715,191.9916,0.0219,0.0002,99.4926,215.2451,48.9868,-16.4252,0.0,0.0001,1.8369,0.0,6.6314,35.3093,7.6475,27.5695,36.4788
506.0,1011.0,7.7468,36.7121,98.2732,192.3221,0.0219,0.0002,99.407,215.2456,48.9867,-16.4252,0.0,0.0001,1.8361,0.0008,6.6315,35.3095,7.6407,27.5707,36.4803
