Datacycle,press,temp,cond,alt,oxygen,fluor,atten,trans,jday,lat,lon,PAR,UPAR,oxV,oxdVdt,oxysat,salin,potemp,sigma0,sigma2
1.0,7.0,15.343,43.8382,92.4549,244.3899,0.4788,0.0018,95.5769,203.9936,48.909,-16.6358,0.0,0.0001,2.7157,0.0,5.631,35.5254,15.3419,26.3012,34.8976
2.0,9.0,15.3435,43.8393,86.6545,245.1083,0.4685,0.0018,95.5583,203.9937,48.909,-16.6358,0.0,0.0001,2.7191,0.0011,5.631,35.5252,15.3421,26.301,34.8975
3.0,11.0,15.3443,43.8407,90.0947,244.5827,0.5252,0.0018,95.5888,203.9937,48.909,-16.6358,0.0,0.0001,2.7174,-0.0008,5.6308,35.525,15.3426,26.3007,34.8972
4.0,13.0,15.3454,43.8423,98.71,245.1008,0.4861,0.0018,95.5886,203.9938,48.909,-16.6358,0.0,0.0001,2.7198,0.0004,5.6308,35.5247,15.3434,26.3003,34.8967
5.0,15.0,15.3454,43.8434,98.71,244.9314,0.4781,0.0018,95.6042,203.9938,48.909,-16.6358,0.0,0.0001,2.7183,-0.0003,5.6308,35.5249,15.3431,26.3005,34.897
6.0,17.0,15.3448,43.8435,83.677,244.8021,0.4872,0.0018,95.5874,203.9938,48.909,-16.6358,0.0,0.0001,2.7172,-0.0004,5.6312,35.5248,15.3423,26.3006,34.8971
7.0,19.0,15.3371,43.8382,90.6342,245.3628,0.5347,0.0018,95.5959,203.9939,48.909,-16.6358,0.0,0.0001,2.7181,0.0008,5.6339,35.526,15.3342,26.3033,34.9001
8.0,21.0,15.2867,43.7899,98.71,245.6406,0.4808,0.0018,95.6187,203.9939,48.909,-16.6358,0.0,0.0001,2.7187,-0.0003,5.6463,35.5271,15.2835,26.3156,34.9141
9.0,23.0,15.2021,43.7056,98.71,245.345,0.5138,0.0017,95.9489,203.994,48.909,-16.6357,0.0,0.0001,2.7165,-0.0009,5.6472,35.5265,15.1986,26.334,34.9356
10.0,25.0,15.1981,43.7029,98.71,245.9131,0.4829,0.0016,96.0835,203.994,48.909,-16.6357,0.0,0.0001,2.7174,0.0008,5.6476,35.5268,15.1944,26.3352,34.9369
11.0,27.0,15.1925,43.6985,98.71,245.7784,0.4813,0.0016,96.108,203.994,48.909,-16.6357,0.0,0.0001,2.7175,-0.0003,5.6488,35.527,15.1884,26.3366,34.9385
12.0,29.0,15.1837,43.691,83.8527,245.6062,0.5034,0.0015,96.2916,203.9941,48.909,-16.6357,0.0,0.0001,2.7158,-0.0005,5.6492,35.5273,15.1793,26.3389,34.9411
13.0,31.0,15.1796,43.6898,86.3669,245.4378,0.5013,0.0015,96.407,203.9941,48.909,-16.6357,0.0,0.0001,2.7119,-0.0012,5.6561,35.5292,15.1749,26.3413,34.9437
14.0,33.0,15.1037,43.6248,98.71,245.1087,0.4875,0.0014,96.6081,203.9941,48.909,-16.6357,0.0,0.0001,2.7079,-0.0018,5.6643,35.5381,15.0987,26.3651,34.9701
15.0,35.0,15.037,43.5671,89.3039,245.8406,0.5052,0.0014,96.6706,203.9942,48.909,-16.6357,0.0,0.0001,2.7065,0.0001,5.6739,35.5452,15.0317,26.3855,34.9927
16.0,37.0,14.9441,43.4814,98.71,244.1886,0.4982,0.0012,97.025,203.9942,48.909,-16.6357,0.0,0.0001,2.6963,-0.0048,5.6966,35.5509,14.9385,26.4104,35.0209
17.0,39.0,14.7908,43.3344,98.71,241.7273,0.4414,0.0011,97.3728,203.9942,48.909,-16.6357,0.0,0.0001,2.6785,-0.0076,5.694,35.5551,14.7849,26.4474,35.0634
18.0,41.0,14.4597,43.0067,98.71,242.9102,0.407,0.001,97.4966,203.9943,48.909,-16.6357,0.0,0.0001,2.6672,-0.0051,5.7518,35.5556,14.4537,26.5197,35.1477
19.0,43.0,14.1645,42.7432,87.8527,239.2265,0.3841,0.0009,97.6733,203.9943,48.909,-16.6357,0.0,0.0001,2.6318,-0.0098,5.7921,35.5822,14.1582,26.6036,35.242
20.0,45.0,13.9368,42.5512,98.6633,237.7285,0.3753,0.001,97.5997,203.9943,48.909,-16.6357,0.0,0.0001,2.6139,-0.0073,5.7882,35.6127,13.9302,26.6755,35.322
21.0,47.0,13.8325,42.4654,98.71,239.239,0.4056,0.001,97.4036,203.9944,48.909,-16.6357,0.0,0.0001,2.6072,-0.0024,5.8166,35.6285,13.8257,26.7097,35.3599
22.0,49.0,13.6764,42.3157,98.71,237.2023,0.4068,0.001,97.4112,203.9944,48.909,-16.6357,0.0,0.0001,2.5854,-0.0086,5.8813,35.6321,13.6695,26.7452,35.4012
23.0,51.0,13.1829,41.8488,76.7153,233.679,0.3638,0.0008,97.8949,203.9944,48.9089,-16.6357,0.0,0.0001,2.5551,-0.0129,5.9119,35.651,13.1758,26.8616,35.5359
24.0,53.0,12.9077,41.5945,94.8042,234.7356,0.2274,0.0006,98.6014,203.9944,48.9089,-16.6357,0.0,0.0001,2.5423,-0.0043,5.9202,35.6662,12.9005,26.9294,35.6139
25.0,55.0,12.8254,41.5244,98.4224,235.0676,0.1676,0.0004,98.8488,203.9945,48.9089,-16.6357,0.0,0.0001,2.5367,-0.0016,5.9257,35.6758,12.8179,26.9534,35.641
26.0,57.0,12.791,41.4885,98.71,235.2337,0.1439,0.0004,98.9637,203.9945,48.9089,-16.6357,0.0,0.0001,2.5336,-0.0006,5.9322,35.6728,12.7832,26.958,35.647
27.0,59.0,12.7441,41.4451,98.6983,234.96,0.1347,0.0004,99.0192,203.9946,48.9089,-16.6357,0.0,0.0001,2.5313,-0.0009,5.9328,35.6747,12.7361,26.9689,35.6597
28.0,61.0,12.7368,41.4413,78.5668,234.3167,0.1174,0.0003,99.2061,203.9946,48.9089,-16.6357,0.0,0.0001,2.5264,-0.0018,5.9361,35.6771,12.7285,26.9722,35.6633
29.0,63.0,12.7064,41.4087,93.2428,235.1966,0.1055,0.0003,99.2332,203.9946,48.9089,-16.6357,0.0,0.0001,2.5268,0.0005,5.9413,35.6735,12.6979,26.9756,35.6678
30.0,65.0,12.6703,41.3699,98.7037,235.2157,0.0981,0.0003,99.3072,203.9947,48.9089,-16.6357,0.0,0.0001,2.5268,0.0002,5.9418,35.6693,12.6615,26.9796,35.6733
31.0,67.0,12.6682,41.3706,86.9722,234.9558,0.0896,0.0003,99.3604,203.9947,48.9089,-16.6357,0.0,0.0001,2.525,-0.0007,5.9434,35.6711,12.6591,26.9815,35.6753
32.0,69.0,12.6599,41.3618,98.7008,234.4502,0.0851,0.0002,99.3911,203.9947,48.9089,-16.6357,0.0,0.0001,2.5223,-0.0016,5.9456,35.6697,12.6506,26.9821,35.6762
33.0,71.0,12.6404,41.3412,98.7029,234.5799,0.0836,0.0002,99.4683,203.9948,48.9089,-16.6357,0.0,0.0001,2.52,-0.0007,5.9484,35.6675,12.6308,26.9843,35.6793
34.0,73.0,12.6022,41.2973,98.71,235.1606,0.0689,0.0002,99.5163,203.9948,48.9088,-16.6357,0.0,0.0001,2.5204,0.0003,5.9545,35.6604,12.5923,26.9864,35.6829
35.0,75.0,12.5698,41.2627,76.6744,234.1836,0.069,0.0002,99.5766,203.9948,48.9088,-16.6357,0.0,0.0001,2.5165,-0.0023,5.9575,35.6569,12.5596,26.9902,35.688
36.0,77.0,12.544,41.2358,94.735,234.1318,0.0622,0.0002,99.6126,203.9948,48.9088,-16.6357,0.0,0.0001,2.5142,-0.0012,5.9534,35.6544,12.5337,26.9934,35.6923
37.0,79.0,12.5102,41.1976,97.7755,234.4565,0.0603,0.0001,99.6437,203.9949,48.9088,-16.6357,0.0,0.0001,2.5127,-0.0008,5.9655,35.6489,12.4996,26.9958,35.6961
38.0,81.0,12.4794,41.1627,83.2522,234.3584,0.0584,0.0001,99.6874,203.9949,48.9088,-16.6357,0.0,0.0001,2.51,-0.0005,5.9665,35.6434,12.4685,26.9977,35.6993
39.0,83.0,12.478,41.1645,68.7289,234.3957,0.0581,0.0001,99.7161,203.9949,48.9088,-16.6357,0.0,0.0001,2.5093,-0.0004,5.9677,35.6457,12.4669,26.9998,35.7014
40.0,85.0,12.4669,41.1525,95.1098,233.9527,0.0578,0.0001,99.7388,203.995,48.9088,-16.6357,0.0,0.0001,2.5056,-0.0011,5.9712,35.6437,12.4555,27.0005,35.7025
41.0,87.0,12.4412,41.1224,98.695,234.2155,0.0552,0.0001,99.7508,203.995,48.9088,-16.6357,0.0,0.0001,2.5044,-0.0004,5.9761,35.638,12.4296,27.0012,35.7043
42.0,89.0,12.4038,41.0824,98.6979,234.033,0.0466,0.0001,99.7951,203.9951,48.9088,-16.6357,0.0,0.0001,2.5026,-0.0008,5.9777,35.6339,12.392,27.0054,35.71
43.0,91.0,12.3913,41.0686,98.7006,233.9782,0.0486,0.0001,99.7882,203.9951,48.9088,-16.6357,0.0,0.0001,2.5008,-0.0005,5.9788,35.6314,12.3792,27.006,35.7112
44.0,93.0,12.3848,41.0617,98.68,234.08,0.049,0.0001,99.8058,203.9951,48.9088,-16.6357,0.0,0.0001,2.5006,0.0,5.977,35.6301,12.3723,27.0063,35.7118
45.0,95.0,12.3779,41.0542,98.7024,233.8873,0.0467,0.0001,99.8153,203.9951,48.9088,-16.6357,0.0,0.0001,2.4989,-0.0008,5.9817,35.6285,12.3652,27.0065,35.7123
46.0,97.0,12.3634,41.0377,77.4835,234.4398,0.0471,0.0001,99.8231,203.9952,48.9088,-16.6357,0.0,0.0001,2.4991,0.0009,5.9825,35.6252,12.3505,27.0068,35.7132
47.0,99.0,12.354,41.0282,96.5603,233.7575,0.0479,0.0001,99.8401,203.9952,48.9088,-16.6357,0.0,0.0001,2.497,-0.0011,5.9831,35.6241,12.3408,27.0079,35.7146
48.0,101.0,12.3517,41.0264,98.7028,233.6274,0.0438,0.0001,99.8479,203.9952,48.9088,-16.6357,0.0,0.0001,2.4943,-0.0007,5.9839,35.6239,12.3382,27.0082,35.7151
49.0,103.0,12.3433,41.0178,92.1832,234.193,0.0456,0.0001,99.8531,203.9953,48.9088,-16.6357,0.0,0.0001,2.4949,0.0005,5.9878,35.6225,12.3295,27.0088,35.7161
50.0,105.0,12.3142,40.9854,98.7087,233.2889,0.0472,0.0001,99.8882,203.9953,48.9088,-16.6357,0.0,0.0001,2.4914,-0.002,5.9924,35.6179,12.3002,27.011,35.7194
51.0,107.0,12.2795,40.9474,98.71,232.8904,0.0421,0.0,99.8814,203.9954,48.9088,-16.6357,0.0,0.0001,2.4859,-0.0014,5.9936,35.613,12.2653,27.014,35.7239
52.0,109.0,12.274,40.9447,94.2962,233.729,0.042,0.0,99.897,203.9954,48.9088,-16.6357,0.0,0.0001,2.4882,0.0006,5.9917,35.6147,12.2595,27.0164,35.7265
53.0,111.0,12.2802,40.954,98.4415,233.6335,0.0433,0.0,99.9043,203.9955,48.9088,-16.6357,0.0,0.0001,2.4885,-0.0002,5.9922,35.617,12.2654,27.0171,35.7269
54.0,113.0,12.2939,40.9694,90.5737,233.8287,0.0436,0.0,99.9119,203.9956,48.9088,-16.6357,0.0,0.0001,2.49,0.0001,5.9895,35.618,12.2789,27.0152,35.7245
55.0,115.0,12.2889,40.9637,95.0047,233.7425,0.1901,0.0,99.9278,203.9958,48.9087,-16.6357,0.0,0.0001,2.4876,-0.0005,5.9993,35.6164,12.2737,27.015,35.7245
56.0,117.0,12.1933,40.8591,98.7,233.4037,0.0435,0.0,99.9399,203.9959,48.9087,-16.6356,0.0,0.0001,2.4837,-0.0015,6.0083,35.6049,12.1778,27.0248,35.7382
57.0,119.0,12.1524,40.8111,98.708,234.1683,0.0436,0.0,99.9361,203.9959,48.9087,-16.6356,0.0,0.0001,2.4833,0.0005,6.0138,35.596,12.1367,27.0258,35.741
58.0,121.0,12.111,40.7643,89.7773,234.1241,0.0398,0.0,99.951,203.9959,48.9087,-16.6356,0.0,0.0001,2.4827,-0.0003,6.0201,35.589,12.095,27.0285,35.7453
59.0,123.0,12.0687,40.7165,96.8581,233.3127,0.0352,0.0,99.952,203.996,48.9087,-16.6356,0.0,0.0001,2.4782,-0.0018,6.023,35.5818,12.0526,27.031,35.7497
60.0,125.0,12.0514,40.6994,98.6942,233.6508,0.0355,0.0,99.9488,203.996,48.9087,-16.6356,0.0,0.0001,2.4765,-0.0003,6.0248,35.5805,12.035,27.0335,35.7528
61.0,127.0,12.04,40.6871,98.695,233.9805,0.0347,0.0,99.9674,203.996,48.9087,-16.6356,0.0,0.0001,2.4769,0.0,6.0283,35.5786,12.0233,27.0342,35.7541
62.0,129.0,12.0192,40.6639,57.2768,233.6015,0.0366,0.0,99.9815,203.9961,48.9087,-16.6356,0.0,0.0001,2.4747,-0.0012,6.0335,35.5747,12.0023,27.0352,35.756
63.0,131.0,11.9813,40.622,98.7818,235.5715,0.0374,0.0,99.9845,203.9961,48.9087,-16.6356,0.0,0.0001,2.4799,0.003,6.0367,35.5691,11.9641,27.0382,35.7605
64.0,133.0,11.9498,40.5885,95.1157,235.8139,0.0329,0.0,99.989,203.9961,48.9087,-16.6356,0.0,0.0001,2.4842,0.0015,6.039,35.5654,11.9324,27.0415,35.7651
65.0,135.0,11.9312,40.568,98.689,235.66,0.0308,0.0,99.9639,203.9961,48.9087,-16.6356,0.0,0.0001,2.485,0.0003,6.0405,35.5622,11.9135,27.0426,35.767
66.0,137.0,11.9235,40.5599,98.7053,234.823,0.0307,0.0,99.9845,203.9962,48.9087,-16.6356,0.0,0.0001,2.4818,-0.0017,6.0416,35.5609,11.9057,27.0431,35.7678
67.0,139.0,11.9139,40.5508,98.7,235.2798,0.0277,0.0,99.989,203.9962,48.9087,-16.6356,0.0,0.0001,2.4815,0.0,6.0419,35.5603,11.8958,27.0445,35.7696
68.0,141.0,11.9084,40.5454,98.6961,234.9568,0.0301,0.0,99.9889,203.9962,48.9087,-16.6356,0.0,0.0001,2.4798,-0.0008,6.0428,35.5594,11.89,27.0449,35.7702
69.0,143.0,11.9034,40.5409,98.71,235.6637,0.029,0.0,99.9845,203.9962,48.9087,-16.6356,0.0,0.0001,2.4808,0.0009,6.0444,35.5588,11.8848,27.0454,35.771
70.0,145.0,11.8914,40.529,98.71,235.6761,0.0296,0.0,99.9941,203.9963,48.9087,-16.6356,0.0,0.0001,2.4815,0.0003,6.0457,35.5577,11.8725,27.047,35.7731
71.0,147.0,11.881,40.5183,62.9191,235.5855,0.028,0.0,99.9989,203.9963,48.9087,-16.6356,0.0,0.0001,2.4811,-0.0002,6.0462,35.5561,11.8618,27.0478,35.7743
72.0,149.0,11.8759,40.5143,96.1371,236.1079,0.0295,0.0,99.946,203.9963,48.9087,-16.6356,0.0,0.0001,2.4823,0.0008,6.047,35.5562,11.8565,27.0488,35.7756
73.0,151.0,11.8726,40.5115,97.6505,235.7608,0.0326,0.0,99.9659,203.9964,48.9087,-16.6356,0.0,0.0001,2.4816,-0.0005,6.0479,35.5558,11.8529,27.0492,35.7761
74.0,153.0,11.8648,40.5048,98.6987,235.2719,0.0304,0.0,99.9842,203.9964,48.9087,-16.6356,0.0,0.0001,2.4786,-0.0012,6.0484,35.5556,11.8449,27.0506,35.7778
75.0,155.0,11.8607,40.5017,85.9308,234.86,0.0284,0.0,100.012,203.9964,48.9087,-16.6356,0.0,0.0001,2.4755,-0.0017,6.0503,35.5557,11.8406,27.0515,35.7789
76.0,157.0,11.8462,40.488,98.7053,234.8109,0.0272,0.0,99.9941,203.9964,48.9087,-16.6356,0.0,0.0001,2.4728,-0.0012,6.0516,35.5553,11.8258,27.054,35.782
77.0,159.0,11.8367,40.4794,98.6966,234.2022,0.0249,0.0,100.0115,203.9965,48.9087,-16.6356,0.0,0.0001,2.4682,-0.0018,6.0533,35.555,11.816,27.0556,35.784
78.0,161.0,11.8267,40.4696,98.6962,233.8611,0.0334,0.0,100.01,203.9965,48.9087,-16.6356,0.0,0.0001,2.4648,-0.0018,6.0539,35.554,11.8058,27.0568,35.7856
79.0,163.0,11.8183,40.4602,88.0861,234.0163,0.0298,0.0,100.0091,203.9965,48.9087,-16.6356,0.0,0.0001,2.4627,-0.0009,6.0564,35.552,11.7972,27.0569,35.786
80.0,165.0,11.7988,40.4382,92.0364,233.2125,0.0288,0.0,100.0171,203.9966,48.9087,-16.6355,0.0,0.0001,2.4587,-0.002,6.058,35.5483,11.7774,27.0578,35.7878
81.0,167.0,11.7907,40.4315,98.589,233.0868,0.0311,0.0,100.006,203.9966,48.9087,-16.6356,0.0,0.0001,2.4544,-0.0015,6.0588,35.5485,11.769,27.0595,35.7898
82.0,169.0,11.7794,40.4208,98.705,233.1634,0.0273,0.0,100.0132,203.9966,48.9087,-16.6355,0.0,0.0001,2.4531,-0.0008,6.0607,35.5478,11.7575,27.0612,35.792
83.0,171.0,11.7671,40.4084,83.7712,232.6713,0.0312,0.0,100.0089,203.9966,48.9087,-16.6355,0.0,0.0001,2.4499,-0.0014,6.0602,35.5466,11.7449,27.0626,35.7939
84.0,173.0,11.7662,40.4106,68.8375,233.1032,0.0295,0.0,100.0133,203.9967,48.9087,-16.6355,0.0,0.0001,2.45,0.0001,6.0596,35.5486,11.7438,27.0644,35.7957
85.0,175.0,11.7735,40.4214,95.5392,233.1697,0.0285,0.0,100.0036,203.9967,48.9087,-16.6355,0.0,0.0001,2.4499,-0.0002,6.0618,35.5514,11.7508,27.0652,35.7962
86.0,177.0,11.756,40.4034,98.6896,233.5327,0.0294,0.0,99.9796,203.9967,48.9087,-16.6355,0.0,0.0001,2.4502,0.0005,6.0626,35.5498,11.7331,27.0673,35.7991
87.0,179.0,11.7514,40.4007,98.71,233.2877,0.0262,0.0,99.9773,203.9967,48.9087,-16.6355,0.0,0.0001,2.4497,-0.0005,6.0636,35.5505,11.7283,27.0688,35.8008
88.0,181.0,11.7449,40.3955,86.3285,233.4163,0.0285,0.0,99.9646,203.9968,48.9087,-16.6355,0.0,0.0001,2.449,-0.0001,6.0641,35.5508,11.7215,27.0703,35.8025
89.0,183.0,11.7396,40.3922,93.2233,233.8796,0.0293,0.0,99.9743,203.9968,48.9087,-16.6355,0.0,0.0001,2.4511,0.0006,6.0647,35.5517,11.716,27.0721,35.8045
90.0,185.0,11.7323,40.3856,98.7006,234.1313,0.0295,0.0,99.9392,203.9968,48.9087,-16.6355,0.0,0.0001,2.4524,0.0005,6.0662,35.5513,11.7084,27.0732,35.8059
91.0,187.0,11.7295,40.3868,98.6912,233.0376,0.0302,0.0,99.9857,203.9968,48.9086,-16.6355,0.0,0.0001,2.4486,-0.0019,6.0665,35.5542,11.7054,27.0761,35.8088
92.0,189.0,11.7198,40.3771,98.6942,233.2649,0.0255,0.0,100.0064,203.9969,48.9086,-16.6355,0.0,0.0001,2.4469,-0.0006,6.0655,35.5531,11.6954,27.077,35.8102
93.0,191.0,11.725,40.3855,78.0058,233.3687,0.0253,0.0,100.0133,203.9969,48.9086,-16.6355,0.0,0.0001,2.4465,-0.0002,6.0651,35.5555,11.7004,27.078,35.811
94.0,193.0,11.7334,40.3979,98.6909,232.6646,0.0246,0.0,100.0133,203.9969,48.9086,-16.6355,0.0,0.0001,2.4435,-0.0016,6.0653,35.5588,11.7085,27.079,35.8116
95.0,195.0,11.7294,40.3967,82.2943,233.5763,0.0243,0.0,100.001,203.9969,48.9086,-16.6355,0.0,0.0001,2.4451,0.0009,6.0635,35.5605,11.7042,27.0811,35.8139
96.0,197.0,11.7404,40.4125,82.4536,232.5704,0.0282,0.0,99.9989,203.997,48.9086,-16.6355,0.0,0.0001,2.4424,-0.0016,6.0638,35.5646,11.7149,27.0823,35.8146
97.0,199.0,11.7379,40.4112,92.5525,232.6058,0.0247,0.0,100.0107,203.997,48.9086,-16.6355,0.0,0.0001,2.4396,-0.0007,6.0644,35.5648,11.7121,27.083,35.8153
98.0,201.0,11.7346,40.4087,98.7008,232.978,0.0222,0.0,100.0097,203.997,48.9086,-16.6355,0.0,0.0001,2.4399,0.0001,6.0659,35.5646,11.7085,27.0835,35.816
99.0,203.0,11.7243,40.3975,98.6957,234.0907,0.0244,0.0,99.9844,203.9971,48.9086,-16.6355,0.0,0.0001,2.4435,0.002,6.0669,35.5626,11.698,27.0839,35.8169
100.0,205.0,11.7136,40.3853,98.7042,234.4262,0.0233,0.0,99.9511,203.9971,48.9086,-16.6355,0.0,0.0001,2.4475,0.0014,6.0675,35.56,11.6871,27.084,35.8175
101.0,207.0,11.7122,40.3851,78.3203,234.4179,0.0273,0.0,99.962,203.9971,48.9086,-16.6355,0.0,0.0001,2.4487,0.0005,6.0676,35.5603,11.6854,27.0845,35.818
102.0,209.0,11.7074,40.3817,98.7606,234.599,0.027,0.0,99.9951,203.9971,48.9086,-16.6355,0.0,0.0001,2.4502,0.0005,6.068,35.5605,11.6804,27.0856,35.8193
103.0,211.0,11.7051,40.3805,98.6917,234.2185,0.0241,0.0,99.9845,203.9972,48.9086,-16.6355,0.0,0.0001,2.4484,-0.0005,6.0685,35.5608,11.6778,27.0864,35.8202
104.0,213.0,11.7044,40.3829,98.6995,233.9831,0.0246,0.0,100.0013,203.9972,48.9086,-16.6354,0.0,0.0001,2.4464,-0.001,6.0719,35.5629,11.6769,27.0882,35.822
105.0,215.0,11.6911,40.369,98.7083,234.1341,0.024,0.0,100.0133,203.9972,48.9086,-16.6354,0.0,0.0001,2.4453,-0.0008,6.0781,35.5611,11.6634,27.0893,35.8237
106.0,217.0,11.6583,40.3306,69.7683,234.5273,0.0259,0.0,100.0097,203.9972,48.9086,-16.6354,0.0,0.0001,2.4449,-0.0003,6.0853,35.5539,11.6304,27.09,35.8258
107.0,219.0,11.5812,40.2413,96.8448,237.5761,0.0249,0.0,99.9555,203.9973,48.9086,-16.6354,0.0,0.0001,2.456,0.0049,6.0896,35.5387,11.553,27.0928,35.8319
108.0,221.0,11.5482,40.2022,98.7012,239.3128,0.0358,0.0,99.9133,203.9973,48.9086,-16.6354,0.0,0.0001,2.4696,0.0043,6.0927,35.5307,11.5199,27.0927,35.8333
109.0,223.0,11.5273,40.1785,98.6962,239.7755,0.099,0.0,99.8968,203.9973,48.9086,-16.6354,0.0,0.0001,2.477,0.0027,6.0929,35.5264,11.4987,27.0934,35.8348
110.0,225.0,11.5221,40.1746,85.3964,239.7247,0.0991,0.0,99.8978,203.9974,48.9086,-16.6354,0.0,0.0001,2.4805,0.0016,6.0875,35.5268,11.4933,27.0947,35.8363
111.0,227.0,11.5487,40.2113,98.71,237.8644,0.0387,0.0,99.9061,203.9974,48.9086,-16.6354,0.0,0.0001,2.4751,-0.0023,6.0869,35.5368,11.5196,27.0975,35.838
112.0,229.0,11.5684,40.2388,98.71,233.1779,0.0287,0.0,99.9648,203.9974,48.9086,-16.6354,0.0,0.0001,2.4515,-0.0093,6.0899,35.5439,11.539,27.0994,35.839
113.0,231.0,11.5472,40.2141,98.71,235.1391,0.0243,0.0,99.9494,203.9974,48.9086,-16.6354,0.0,0.0001,2.4459,-0.0008,6.0919,35.5391,11.5176,27.0997,35.8402
114.0,233.0,11.5345,40.1999,98.695,235.9967,0.0276,0.0,99.9344,203.9975,48.9086,-16.6354,0.0,0.0001,2.4477,0.0009,6.0928,35.5364,11.5047,27.1,35.8411
115.0,235.0,11.5232,40.1875,81.9607,236.8732,0.0279,0.0,99.9276,203.9975,48.9086,-16.6354,0.0,0.0001,2.4528,0.0018,6.093,35.534,11.4931,27.1003,35.8419
116.0,237.0,11.5211,40.1862,98.71,236.1836,0.0256,0.0,99.939,203.9975,48.9086,-16.6354,0.0,0.0001,2.4517,-0.0007,6.0945,35.534,11.4908,27.1007,35.8424
117.0,239.0,11.5166,40.1817,54.6123,236.3843,0.025,0.0,99.9267,203.9975,48.9086,-16.6354,0.0,0.0001,2.4516,0.0,6.0939,35.533,11.4861,27.1009,35.8427
118.0,241.0,11.5087,40.1752,98.6789,237.0768,0.0256,0.0,99.9323,203.9976,48.9086,-16.6354,0.0,0.0001,2.454,0.0012,6.094,35.5332,11.4778,27.1026,35.8447
119.0,243.0,11.5132,40.1819,94.7732,235.8016,0.0226,0.0,99.9326,203.9976,48.9086,-16.6354,0.0,0.0001,2.4495,-0.002,6.098,35.5346,11.4821,27.1029,35.8449
120.0,245.0,11.4827,40.1476,98.7031,236.5793,0.0244,0.0,99.935,203.9976,48.9086,-16.6354,0.0,0.0001,2.4476,0.0005,6.1024,35.5289,11.4514,27.1042,35.8475
121.0,247.0,11.4607,40.123,98.69,238.0819,0.0273,0.0,99.9318,203.9976,48.9086,-16.6354,0.0,0.0001,2.4532,0.0032,6.1039,35.525,11.4292,27.1053,35.8495
122.0,249.0,11.4428,40.1033,98.5946,238.5493,0.0224,0.0,99.9121,203.9977,48.9086,-16.6354,0.0,0.0001,2.4582,0.0018,6.1098,35.5217,11.4111,27.1061,35.8511
123.0,251.0,11.3981,40.0519,98.5787,238.0507,0.0257,0.0,99.9251,203.9977,48.9086,-16.6354,0.0,0.0001,2.4581,-0.0004,6.113,35.513,11.3662,27.1077,35.8547
124.0,253.0,11.3757,40.0292,98.696,237.6422,0.0284,0.0,99.9306,203.9977,48.9086,-16.6354,0.0,0.0001,2.4559,-0.001,6.1133,35.5109,11.3436,27.1103,35.8582
125.0,255.0,11.3707,40.0261,98.6965,237.635,0.0253,0.0,99.9434,203.9978,48.9085,-16.6353,0.0,0.0001,2.454,-0.0005,6.1121,35.5118,11.3383,27.1119,35.86
126.0,257.0,11.38,40.039,60.4193,237.5374,0.0238,0.0,99.9333,203.9978,48.9085,-16.6353,0.0,0.0001,2.4534,-0.0005,6.1107,35.5148,11.3473,27.1126,35.8603
127.0,259.0,11.3963,40.0612,98.5838,237.8951,0.0307,0.0,99.9314,203.9978,48.9085,-16.6353,0.0,0.0001,2.4542,0.0003,6.1099,35.52,11.3634,27.1137,35.8607
128.0,261.0,11.3998,40.067,98.6987,237.5901,0.0305,0.0,99.944,203.9978,48.9085,-16.6353,0.0,0.0001,2.4528,-0.0007,6.1127,35.5217,11.3666,27.1144,35.8612
129.0,263.0,11.382,40.0468,98.7036,238.1646,0.0276,0.0,99.9484,203.9979,48.9085,-16.6353,0.0,0.0001,2.4538,0.0006,6.1125,35.518,11.3486,27.1149,35.8625
130.0,265.0,11.3785,40.0447,98.7058,237.8601,0.0241,0.0,99.9314,203.9979,48.9085,-16.6353,0.0,0.0001,2.4535,-0.0002,6.1095,35.5182,11.3449,27.1157,35.8635
131.0,267.0,11.3994,40.0729,98.7046,236.7454,0.0253,0.0,99.9351,203.9979,48.9085,-16.6353,0.0,0.0001,2.449,-0.0023,6.1101,35.5252,11.3654,27.1174,35.8642
132.0,269.0,11.398,40.072,84.4039,236.4079,0.025,0.0,99.9334,203.998,48.9085,-16.6353,0.0,0.0001,2.4448,-0.0021,6.1126,35.5248,11.3638,27.1174,35.8642
133.0,271.0,11.3787,40.0502,84.394,237.5765,0.0236,0.0,99.9345,203.998,48.9085,-16.6353,0.0,0.0001,2.4462,0.0006,6.1168,35.5209,11.3442,27.1179,35.8657
134.0,273.0,11.3434,40.0098,88.7531,237.2146,0.024,0.0,99.921,203.998,48.9085,-16.6353,0.0,0.0001,2.445,-0.0007,6.119,35.5139,11.3087,27.1191,35.8683
135.0,275.0,11.3305,39.9952,98.71,237.4845,0.02,0.0,99.9335,203.998,48.9085,-16.6353,0.0,0.0001,2.4455,0.0002,6.1158,35.5111,11.2956,27.1193,35.8692
136.0,277.0,11.3424,40.0144,98.7025,237.0652,0.0221,0.0,99.9354,203.9981,48.9085,-16.6353,0.0,0.0001,2.4438,-0.0007,6.1151,35.5177,11.3073,27.1223,35.8716
137.0,279.0,11.3567,40.033,91.4955,237.1285,0.0206,0.0,99.9389,203.9981,48.9085,-16.6353,0.0,0.0001,2.4434,-0.0001,6.1124,35.5214,11.3213,27.1226,35.8712
138.0,281.0,11.3795,40.0638,98.695,235.972,0.0203,0.0,99.9189,203.9981,48.9085,-16.6353,0.0,0.0001,2.4405,-0.0025,6.1129,35.529,11.3437,27.1243,35.8719
139.0,283.0,11.3772,40.0617,98.71,236.6136,0.025,0.0,99.9556,203.9981,48.9085,-16.6353,0.0,0.0001,2.44,-0.0006,6.1125,35.5284,11.3412,27.1243,35.8721
140.0,285.0,11.3736,40.0591,98.6925,237.7958,0.0245,0.0,99.9377,203.9982,48.9085,-16.6353,0.0,0.0001,2.4433,0.0019,6.1087,35.5284,11.3374,27.1251,35.873
141.0,287.0,11.4079,40.1032,63.3072,234.8923,0.0221,0.0,99.9538,203.9982,48.9085,-16.6353,0.0,0.0001,2.4341,-0.0043,6.1097,35.5382,11.3713,27.1263,35.8727
142.0,289.0,11.4028,40.0984,98.6683,235.0345,0.0219,0.0,99.9575,203.9982,48.9085,-16.6353,0.0,0.0001,2.4275,-0.0018,6.1131,35.5374,11.3659,27.1267,35.8734
143.0,291.0,11.3695,40.0593,98.6927,239.0215,0.0202,0.0,99.9111,203.9983,48.9085,-16.6353,0.0,0.0001,2.4384,0.0064,6.1123,35.5298,11.3325,27.127,35.8751
144.0,293.0,11.3674,40.0582,98.71,238.8541,0.0208,0.0,99.9524,203.9983,48.9085,-16.6352,0.0,0.0001,2.4459,0.0032,6.1118,35.5297,11.3301,27.1274,35.8756
145.0,295.0,11.3788,40.0738,85.5683,237.1506,0.0224,0.0,99.9474,203.9983,48.9085,-16.6352,0.0,0.0001,2.4429,-0.0012,6.1083,35.5337,11.3412,27.1285,35.8761
146.0,297.0,11.4041,40.1084,98.71,229.2945,0.0208,0.0,99.9556,203.9983,48.9085,-16.6352,0.0,0.0001,2.4131,-0.0151,6.1101,35.5427,11.3662,27.1308,35.8774
147.0,299.0,11.3924,40.0965,98.71,228.0703,0.0209,0.0,99.9556,203.9984,48.9085,-16.6352,0.0,0.0001,2.3914,-0.0106,6.1103,35.5412,11.3543,27.1318,35.8789
148.0,301.0,11.3868,40.0912,98.705,229.5396,0.0199,0.0,99.9468,203.9984,48.9085,-16.6352,0.0,0.0001,2.3846,-0.0034,6.1104,35.5405,11.3484,27.1324,35.8797
149.0,303.0,11.3862,40.0914,82.4521,230.317,0.023,0.0,99.9448,203.9984,48.9085,-16.6352,0.0,0.0001,2.3831,-0.0006,6.1107,35.5403,11.3476,27.1324,35.8797
150.0,305.0,11.3849,40.0914,98.685,230.1895,0.0213,0.0,99.9633,203.9984,48.9085,-16.6352,0.0,0.0001,2.381,-0.0006,6.113,35.5405,11.346,27.1329,35.8802
151.0,307.0,11.3795,40.0861,98.6905,229.9929,0.0232,0.0,99.9556,203.9985,48.9085,-16.6352,0.0,0.0001,2.3796,-0.001,6.1149,35.5397,11.3404,27.1333,35.8809
152.0,309.0,11.3628,40.0664,75.8801,229.6404,0.0238,0.0,99.9556,203.9985,48.9085,-16.6352,0.0,0.0001,2.3767,-0.0012,6.1151,35.5353,11.3235,27.133,35.8813
153.0,311.0,11.3511,40.0548,92.2883,228.7792,0.0218,0.0,99.9461,203.9985,48.9085,-16.6352,0.0,0.0001,2.371,-0.0021,6.1165,35.5341,11.3115,27.1343,35.8832
154.0,313.0,11.3462,40.0495,98.6862,229.5896,0.0207,0.0,99.9501,203.9986,48.9085,-16.6352,0.0,0.0001,2.3709,0.0001,6.1192,35.5328,11.3064,27.1342,35.8833
155.0,315.0,11.3278,40.0294,98.6912,232.9962,0.0223,0.0,99.9435,203.9986,48.9085,-16.6351,0.0,0.0001,2.3826,0.0061,6.1208,35.5296,11.2878,27.1352,35.8851
156.0,317.0,11.3155,40.0165,98.6931,235.6379,0.0183,0.0,99.9331,203.9986,48.9085,-16.6351,0.0,0.0001,2.3983,0.0081,6.1212,35.5278,11.2753,27.1361,35.8865
157.0,319.0,11.3078,40.01,98.69,237.407,0.0206,0.0,99.9207,203.9986,48.9085,-16.6351,0.0,0.0001,2.4138,0.0077,6.1206,35.5279,11.2674,27.1376,35.8884
158.0,321.0,11.3057,40.0091,98.6936,235.9496,0.0221,0.0,99.924,203.9987,48.9085,-16.6351,0.0,0.0001,2.4175,0.0009,6.122,35.5281,11.265,27.1383,35.8891
159.0,323.0,11.3009,40.0043,98.6883,236.1296,0.0273,0.0,99.9204,203.9987,48.9085,-16.6351,0.0,0.0001,2.4194,0.0008,6.122,35.5272,11.2599,27.1385,35.8895
160.0,325.0,11.2992,40.0036,98.6971,236.9383,0.0262,0.0,99.9267,203.9987,48.9085,-16.6351,0.0,0.0001,2.4231,0.002,6.1221,35.5271,11.258,27.1388,35.8899
161.0,327.0,11.2979,40.0032,83.9679,236.6252,0.0225,0.0,99.9014,203.9987,48.9084,-16.6351,0.0,0.0001,2.423,0.0,6.1258,35.527,11.2564,27.139,35.8902
162.0,329.0,11.2682,39.9709,87.7957,234.4018,0.0228,0.0,99.918,203.9988,48.9085,-16.6351,0.0,0.0001,2.4141,-0.0044,6.1279,35.5226,11.2265,27.1411,35.8936
163.0,331.0,11.2586,39.9618,98.6997,231.9956,0.0226,0.0,99.9156,203.9988,48.9084,-16.6351,0.0,0.0001,2.4012,-0.0066,6.1294,35.5219,11.2167,27.1423,35.8952
164.0,333.0,11.2469,39.9503,98.5971,233.3197,0.0207,0.0,99.944,203.9988,48.9084,-16.6351,0.0,0.0001,2.3968,-0.001,6.1304,35.5208,11.2047,27.1437,35.8971
165.0,335.0,11.2398,39.9433,98.695,233.6679,0.023,0.0,99.9366,203.9988,48.9084,-16.6351,0.0,0.0001,2.3965,-0.0002,6.1319,35.5198,11.1974,27.1443,35.898
166.0,337.0,11.2299,39.9339,98.7057,233.9156,0.0259,0.0,99.9328,203.9989,48.9084,-16.6351,0.0,0.0001,2.3967,0.0003,6.1313,35.5191,11.1873,27.1456,35.8997
167.0,339.0,11.2255,39.9301,73.146,234.6394,0.0281,0.0,99.9321,203.9989,48.9084,-16.6351,0.0,0.0001,2.3995,0.0013,6.1326,35.5189,11.1826,27.1463,35.9006
168.0,341.0,11.2238,39.9291,96.1512,234.1656,0.0252,0.0,99.9238,203.9989,48.9084,-16.6351,0.0,0.0001,2.399,-0.0003,6.1332,35.5188,11.1807,27.1465,35.9009
169.0,343.0,11.2175,39.9245,93.2381,234.0773,0.0211,0.0,99.9435,203.999,48.9084,-16.6351,0.0,0.0001,2.3979,-0.0004,6.1337,35.519,11.1742,27.148,35.9026
170.0,345.0,11.2151,39.9228,98.7019,233.8659,0.0256,0.0,99.9291,203.999,48.9084,-16.6351,0.0,0.0001,2.3962,-0.0008,6.1348,35.5189,11.1715,27.1484,35.9031
171.0,347.0,11.2105,39.9185,98.4106,233.1184,0.0247,0.0,99.931,203.999,48.9084,-16.6351,0.0,0.0001,2.393,-0.0019,6.1351,35.5182,11.1666,27.1487,35.9037
172.0,349.0,11.2053,39.9143,98.6963,231.7088,0.0193,0.0,99.9397,203.999,48.9084,-16.6351,0.0,0.0001,2.3855,-0.0033,6.1349,35.518,11.1611,27.1496,35.9047
173.0,351.0,11.2063,39.9167,98.6854,232.513,0.0206,0.0,99.9363,203.9991,48.9084,-16.6351,0.0,0.0001,2.3831,-0.0002,6.1352,35.5186,11.162,27.1498,35.905
174.0,353.0,11.2065,39.9175,66.0052,233.4049,0.0227,0.0,99.9103,203.9991,48.9084,-16.6351,0.0,0.0001,2.385,0.0011,6.1364,35.5185,11.1619,27.1498,35.9049
175.0,355.0,11.1955,39.9067,93.8546,234.9133,0.022,0.0,99.9233,203.9991,48.9084,-16.6351,0.0,0.0001,2.3926,0.0029,6.1365,35.5173,11.1506,27.1509,35.9065
176.0,357.0,11.1941,39.9066,98.6847,235.3095,0.0143,0.0,99.91,203.9991,48.9084,-16.6351,0.0,0.0001,2.3976,0.002,6.1364,35.5175,11.149,27.1514,35.9071
177.0,359.0,11.1952,39.909,98.7046,235.1924,0.0199,0.0,99.9292,203.9992,48.9084,-16.6351,0.0,0.0001,2.3993,0.0008,6.1365,35.518,11.1498,27.1516,35.9072
178.0,361.0,11.1934,39.9081,85.1156,234.829,0.0227,0.0,99.9217,203.9992,48.9084,-16.6351,0.0,0.0001,2.3991,-0.0003,6.1349,35.5181,11.1478,27.1521,35.9078
179.0,363.0,11.1997,39.9177,98.6864,234.6753,0.0217,0.0,99.9113,203.9992,48.9084,-16.6351,0.0,0.0001,2.3983,-0.0002,6.1298,35.5207,11.1538,27.153,35.9084
180.0,365.0,11.2295,39.9571,98.6929,235.5019,0.019,0.0,99.8978,203.9992,48.9084,-16.6351,0.0,0.0001,2.401,0.0015,6.1255,35.5302,11.1833,27.155,35.9091
181.0,367.0,11.2679,40.0074,98.697,236.5278,0.0204,0.0,99.8876,203.9993,48.9083,-16.6351,0.0,0.0001,2.4071,0.0024,6.1248,35.5422,11.2213,27.1573,35.9097
182.0,369.0,11.2743,40.0165,63.6241,236.2058,0.0219,0.0001,99.869,203.9993,48.9083,-16.6351,0.0,0.0001,2.409,0.0003,6.1262,35.5443,11.2274,27.1578,35.9099
183.0,371.0,11.2592,39.9987,84.7257,236.0824,0.0206,0.0,99.8691,203.9993,48.9083,-16.6351,0.0,0.0001,2.4078,-0.0002,6.1283,35.5403,11.2121,27.1575,35.9103
184.0,373.0,11.2502,39.9891,96.2265,235.8386,0.0237,0.0,99.8936,203.9994,48.9083,-16.6351,0.0,0.0001,2.4066,-0.0006,6.1288,35.5384,11.2028,27.1577,35.9109
185.0,375.0,11.2497,39.9892,98.7004,235.2966,0.0217,0.0,99.8978,203.9994,48.9083,-16.6351,0.0,0.0001,2.4039,-0.0014,6.1291,35.5381,11.2021,27.1576,35.9109
186.0,377.0,11.2469,39.9863,98.6987,235.5295,0.0204,0.0,99.8978,203.9994,48.9083,-16.6351,0.0,0.0001,2.4029,-0.0006,6.1325,35.5371,11.199,27.1574,35.9108
187.0,379.0,11.2192,39.9545,77.9586,232.819,0.0236,0.0,99.9029,203.9994,48.9083,-16.6351,0.0,0.0001,2.3908,-0.0053,6.1369,35.5314,11.1712,27.1582,35.9128
188.0,381.0,11.1899,39.9212,91.3062,225.3478,0.024,0.0,99.9224,203.9995,48.9083,-16.6351,0.0,0.0001,2.3569,-0.0154,6.1374,35.5255,11.1417,27.159,35.9148
189.0,383.0,11.1832,39.9151,94.6259,222.6593,0.0211,0.0,99.9149,203.9995,48.9083,-16.6351,0.0,0.0001,2.3296,-0.0135,6.1394,35.5251,11.1348,27.1599,35.9161
190.0,385.0,11.1803,39.9132,98.69,223.4932,0.0234,0.0,99.8978,203.9995,48.9083,-16.6351,0.0,0.0001,2.3167,-0.0063,6.1398,35.5251,11.1317,27.1605,35.9168
191.0,387.0,11.1521,39.8822,98.6908,223.8854,0.0236,0.0,99.9191,203.9995,48.9083,-16.6351,0.0,0.0001,2.3095,-0.0029,6.1437,35.5205,11.1033,27.1622,35.9196
192.0,389.0,11.1434,39.8724,98.6922,222.7045,0.0185,0.0,99.9195,203.9996,48.9083,-16.6351,0.0,0.0001,2.3013,-0.0036,6.1443,35.5183,11.0944,27.1621,35.92
193.0,391.0,11.1306,39.8591,98.6887,222.8222,0.0295,0.0,99.9123,203.9996,48.9083,-16.6351,0.0,0.0001,2.2963,-0.0017,6.1447,35.5163,11.0813,27.1629,35.9213
194.0,393.0,11.1328,39.8627,98.6885,222.1694,0.0259,0.0,99.9087,203.9996,48.9083,-16.6351,0.0,0.0001,2.291,-0.0021,6.1453,35.5168,11.0833,27.163,35.9213
195.0,395.0,11.1277,39.8586,98.68,222.5152,0.0245,0.0,99.9125,203.9997,48.9083,-16.6351,0.0,0.0001,2.2899,-0.0006,6.1445,35.5168,11.0778,27.1639,35.9225
196.0,397.0,11.1309,39.8636,76.8684,222.8511,0.028,0.0,99.9072,203.9997,48.9083,-16.6351,0.0,0.0001,2.2904,0.0003,6.1428,35.5179,11.0808,27.1642,35.9227
197.0,399.0,11.1415,39.878,93.3228,223.6028,0.0193,0.0,99.8978,203.9997,48.9083,-16.6351,0.0,0.0001,2.2942,0.0016,6.1378,35.5212,11.0912,27.1649,35.9229
198.0,401.0,11.1738,39.9199,98.6893,225.7735,0.0218,0.0,99.8951,203.9997,48.9083,-16.6351,0.0,0.0001,2.303,0.0045,6.1384,35.531,11.1232,27.1667,35.9232
199.0,403.0,11.178,39.9262,98.68,226.4953,0.0213,0.0,99.8956,203.9998,48.9083,-16.6351,0.0,0.0001,2.3109,0.0036,6.1388,35.5322,11.1271,27.1669,35.9232
200.0,405.0,11.1727,39.9209,84.9216,225.9266,0.0235,0.0,99.8896,203.9998,48.9083,-16.6351,0.0,0.0001,2.3129,0.0008,6.1391,35.5311,11.1216,27.1671,35.9237
201.0,407.0,11.1673,39.9164,98.68,226.1539,0.02,0.0,99.8689,203.9998,48.9083,-16.6351,0.0,0.0001,2.3145,0.0007,6.138,35.5312,11.1159,27.1681,35.925
202.0,409.0,11.1789,39.9329,98.6865,227.7945,0.021,0.0,99.8978,203.9998,48.9083,-16.6351,0.0,0.0001,2.322,0.0029,6.1378,35.5352,11.1272,27.1692,35.9255
203.0,411.0,11.1794,39.9345,98.6926,227.6198,0.0236,0.0,99.8978,203.9999,48.9083,-16.6352,0.0,0.0001,2.325,0.001,6.1378,35.5354,11.1274,27.1693,35.9256
204.0,413.0,11.1786,39.9346,82.6904,227.6361,0.0224,0.0,99.8978,203.9999,48.9083,-16.6352,0.0,0.0001,2.3259,0.0004,6.1377,35.5353,11.1263,27.1695,35.9258
205.0,415.0,11.1803,39.9373,98.3455,227.8082,0.0225,0.0,99.8978,203.9999,48.9083,-16.6351,0.0,0.0001,2.327,0.0003,6.138,35.5356,11.1277,27.1694,35.9257
206.0,417.0,11.1775,39.9357,98.5442,228.552,0.0221,0.0,99.8756,204.0,48.9083,-16.6352,0.0,0.0001,2.3293,0.0015,6.1387,35.5357,11.1247,27.1701,35.9265
207.0,419.0,11.1717,39.9297,98.6924,227.4959,0.0189,0.0001,99.8904,204.0,48.9083,-16.6352,0.0,0.0001,2.3272,-0.0012,6.1405,35.5346,11.1187,27.1703,35.927
208.0,421.0,11.1598,39.9168,98.6868,225.4198,0.0185,0.0001,99.8978,204.0,48.9083,-16.6352,0.0,0.0001,2.3171,-0.0044,6.142,35.5322,11.1065,27.1707,35.9279
209.0,423.0,11.1521,39.9084,65.2316,224.8972,0.0198,0.0001,99.869,204.0,48.9083,-16.6352,0.0,0.0001,2.3108,-0.0034,6.1426,35.5305,11.0986,27.1708,35.9283
210.0,425.0,11.1439,39.8999,92.0412,225.0347,0.0182,0.0001,99.8756,204.0001,48.9083,-16.6352,0.0,0.0001,2.307,-0.0018,6.1439,35.529,11.0902,27.1711,35.929
211.0,427.0,11.1358,39.8913,98.3537,224.7578,0.0203,0.0001,99.8355,204.0001,48.9083,-16.6352,0.0,0.0001,2.3031,-0.0016,6.1462,35.5276,11.0819,27.1716,35.9298
212.0,429.0,11.1248,39.8792,98.6898,223.9063,0.0231,0.0001,99.8628,204.0001,48.9083,-16.6352,0.0,0.0001,2.297,-0.0025,6.1509,35.525,11.0706,27.1717,35.9304
213.0,431.0,11.0919,39.8419,81.124,223.6362,0.026,0.0001,99.8545,204.0001,48.9083,-16.6352,0.0,0.0001,2.2932,-0.0021,6.1519,35.5187,11.0375,27.1728,35.933
214.0,433.0,11.0785,39.8277,98.6852,224.4859,0.023,0.0001,99.8669,204.0002,48.9083,-16.6352,0.0,0.0001,2.2931,0.0002,6.1526,35.5166,11.024,27.1737,35.9344
215.0,435.0,11.0723,39.8214,98.6929,225.3796,0.0227,0.0001,99.8666,204.0002,48.9083,-16.6352,0.0,0.0001,2.2964,0.0015,6.153,35.5154,11.0176,27.1738,35.9349
216.0,437.0,11.0707,39.8205,98.69,226.5666,0.0201,0.0001,99.8726,204.0002,48.9083,-16.6352,0.0,0.0001,2.3029,0.0025,6.1534,35.5152,11.0157,27.174,35.9352
217.0,439.0,11.0673,39.818,80.694,229.4651,0.0197,0.0,99.8924,204.0003,48.9083,-16.6352,0.0,0.0001,2.3153,0.006,6.1543,35.5148,11.012,27.1744,35.9357
218.0,441.0,11.0625,39.8136,83.405,233.1878,0.0177,0.0,99.8849,204.0003,48.9083,-16.6352,0.0,0.0001,2.3345,0.0097,6.1547,35.5143,11.007,27.175,35.9365
219.0,443.0,11.0574,39.8082,96.1258,235.0216,0.0224,0.0,99.8974,204.0003,48.9083,-16.6352,0.0,0.0001,2.3549,0.0073,6.1568,35.513,11.0017,27.1749,35.9366
220.0,445.0,11.0507,39.8011,98.7046,232.8136,0.0176,0.0,99.8919,204.0003,48.9083,-16.6352,0.0,0.0001,2.3569,-0.0002,6.1625,35.5114,10.9947,27.1749,35.937
221.0,447.0,11.0076,39.7512,98.7008,228.0598,0.016,0.0,99.8978,204.0004,48.9083,-16.6352,0.0,0.0001,2.3397,-0.0086,6.1616,35.5025,10.9515,27.1759,35.9398
222.0,449.0,11.004,39.7485,65.5661,227.7917,0.0159,0.0,99.8911,204.0004,48.9083,-16.6352,0.0,0.0001,2.3286,-0.0055,6.1613,35.5025,10.9477,27.1765,35.9406
223.0,451.0,11.0072,39.7541,98.6856,229.7821,0.0219,0.0,99.8978,204.0004,48.9083,-16.6352,0.0,0.0001,2.3292,0.0003,6.161,35.5039,10.9507,27.1771,35.9411
224.0,453.0,10.9932,39.7395,93.5629,228.8838,0.0202,0.0001,99.7687,204.0004,48.9083,-16.6352,0.0,0.0001,2.3255,-0.0017,6.1651,35.5021,10.9364,27.1783,35.9429
225.0,455.0,10.9911,39.7391,98.68,228.0292,0.0187,0.0001,99.8708,204.0005,48.9083,-16.6352,0.0,0.0001,2.3199,-0.0023,6.1668,35.5028,10.9341,27.1793,35.9439
226.0,457.0,10.9724,39.7188,98.693,226.7894,0.02,0.0,99.8826,204.0005,48.9083,-16.6352,0.0,0.0001,2.3119,-0.0034,6.1675,35.4996,10.9152,27.1802,35.9456
227.0,459.0,10.9662,39.7129,98.68,224.8661,0.0243,0.0,99.8978,204.0005,48.9083,-16.6352,0.0,0.0001,2.3003,-0.0049,6.1672,35.4988,10.9087,27.1808,35.9465
228.0,461.0,10.9632,39.7108,98.6954,225.3481,0.022,0.0,99.8978,204.0005,48.9083,-16.6352,0.0,0.0001,2.295,-0.0016,6.1676,35.4986,10.9054,27.1812,35.9471
229.0,463.0,10.9617,39.7103,98.6897,224.0806,0.0202,0.0,99.8978,204.0006,48.9083,-16.6352,0.0,0.0001,2.2881,-0.0031,6.1672,35.4988,10.9037,27.1817,35.9476
230.0,465.0,10.964,39.7141,98.7025,221.3328,0.0172,0.0001,99.8401,204.0006,48.9083,-16.6352,0.0,0.0001,2.2758,-0.0067,6.1664,35.4994,10.9057,27.1818,35.9476
231.0,467.0,10.9699,39.7231,72.5666,220.599,0.0184,0.0001,99.8658,204.0006,48.9083,-16.6352,0.0,0.0001,2.2676,-0.0058,6.1658,35.5018,10.9114,27.1826,35.9482
232.0,469.0,10.9771,39.734,93.2488,220.8997,0.0205,0.0001,99.8448,204.0007,48.9083,-16.6352,0.0,0.0001,2.2606,-0.0024,6.1644,35.505,10.9183,27.1838,35.9491
233.0,471.0,10.9857,39.7469,98.6846,222.2789,0.0194,0.0001,99.8578,204.0007,48.9083,-16.6352,0.0,0.0001,2.2623,0.0007,6.1659,35.5086,10.9266,27.1852,35.95
234.0,473.0,10.9772,39.7382,77.5562,222.4607,0.0194,0.0001,99.8618,204.0007,48.9083,-16.6352,0.0,0.0001,2.263,0.0004,6.1692,35.5072,10.9178,27.1856,35.9509
235.0,475.0,10.9618,39.7215,96.1117,221.1006,0.0244,0.0001,99.8539,204.0007,48.9083,-16.6352,0.0,0.0001,2.2589,-0.0022,6.1703,35.5045,10.9022,27.1864,35.9523
236.0,477.0,10.941,39.6987,98.684,221.0358,0.0236,0.0001,99.869,204.0008,48.9083,-16.6352,0.0,0.0001,2.2552,-0.0014,6.1716,35.5009,10.8813,27.1874,35.9542
237.0,479.0,10.9332,39.6901,98.6838,220.3755,0.02,0.0001,99.8512,204.0008,48.9083,-16.6352,0.0,0.0001,2.2515,-0.0021,6.1755,35.4991,10.8733,27.1874,35.9546
238.0,481.0,10.9095,39.6632,98.68,219.3477,0.0191,0.0001,99.8598,204.0008,48.9083,-16.6352,0.0,0.0001,2.2438,-0.0029,6.177,35.494,10.8494,27.1878,35.956
239.0,483.0,10.8937,39.6466,76.1629,218.9601,0.0215,0.0001,99.8645,204.0008,48.9083,-16.6352,0.0,0.0001,2.2391,-0.0022,6.1738,35.4919,10.8334,27.189,35.9579
240.0,485.0,10.9164,39.6782,98.6355,221.1453,0.0217,0.0001,99.8654,204.0009,48.9083,-16.6352,0.0,0.0001,2.2442,0.0021,6.1761,35.5006,10.8558,27.1918,35.9596
241.0,487.0,10.9096,39.6705,98.68,221.6919,0.0208,0.0001,99.8459,204.0009,48.9083,-16.6352,0.0,0.0001,2.2489,0.0014,6.1802,35.4987,10.8488,27.1916,35.9598
242.0,489.0,10.8785,39.636,98.6839,223.7741,0.0182,0.0001,99.8639,204.0009,48.9083,-16.6352,0.0,0.0001,2.2567,0.0043,6.1816,35.4933,10.8176,27.193,35.9626
243.0,491.0,10.8616,39.6175,98.6832,225.5596,0.0215,0.0001,99.8541,204.001,48.9083,-16.6352,0.0,0.0001,2.2691,0.0047,6.1823,35.4901,10.8004,27.1936,35.9639
244.0,493.0,10.8579,39.6143,76.8971,225.5804,0.0216,0.0001,99.8649,204.001,48.9083,-16.6352,0.0,0.0001,2.2754,0.0023,6.1827,35.4896,10.7964,27.1939,35.9644
245.0,495.0,10.8551,39.6124,94.2103,226.5321,0.0217,0.0001,99.8503,204.001,48.9083,-16.6352,0.0,0.0001,2.2817,0.0025,6.1832,35.4895,10.7934,27.1944,35.965
246.0,497.0,10.8523,39.6098,98.6865,226.4658,0.0164,0.0001,99.8578,204.001,48.9083,-16.6352,0.0,0.0001,2.2843,0.0009,6.1848,35.4887,10.7903,27.1944,35.9651
247.0,499.0,10.8429,39.5996,98.3013,225.6112,0.0193,0.0001,99.869,204.0011,48.9083,-16.6352,0.0,0.0001,2.2829,-0.001,6.1845,35.4865,10.7807,27.1943,35.9655
248.0,501.0,10.8292,39.5862,98.6865,225.7688,0.0196,0.0001,99.862,204.0011,48.9083,-16.6352,0.0,0.0001,2.2813,-0.0005,6.1894,35.4856,10.7668,27.1961,35.9679
249.0,503.0,10.8116,39.5658,98.6894,226.297,0.0179,0.0001,99.8666,204.0011,48.9083,-16.6352,0.0,0.0001,2.2815,0.0006,6.1886,35.4812,10.7491,27.1959,35.9684
250.0,505.0,10.7989,39.5534,84.7177,225.0459,0.0202,0.0001,99.8545,204.0012,48.9083,-16.6352,0.0,0.0001,2.2774,-0.0017,6.1898,35.4801,10.7361,27.1974,35.9705
251.0,507.0,10.8041,39.5619,92.742,225.5719,0.0194,0.0001,99.8618,204.0012,48.9082,-16.6352,0.0,0.0001,2.2767,-0.0002,6.1903,35.4828,10.741,27.1986,35.9715
252.0,509.0,10.8015,39.5596,78.9,224.5538,0.0216,0.0001,99.869,204.0012,48.9082,-16.6352,0.0,0.0001,2.2735,-0.0021,6.1898,35.4821,10.7383,27.1986,35.9716
253.0,511.0,10.7979,39.5568,98.6905,225.4357,0.024,0.0001,99.8679,204.0012,48.9083,-16.6352,0.0,0.0001,2.2742,0.0001,6.1918,35.4819,10.7344,27.1991,35.9722
254.0,513.0,10.7897,39.5482,72.0771,229.3318,0.0212,0.0001,99.8547,204.0013,48.9083,-16.6352,0.0,0.0001,2.2867,0.0061,6.1935,35.4804,10.726,27.1995,35.9729
255.0,515.0,10.7757,39.534,98.6875,229.3432,0.0171,0.0001,99.8768,204.0013,48.9082,-16.6352,0.0,0.0001,2.2942,0.0035,6.1909,35.4789,10.7117,27.2008,35.9749
256.0,517.0,10.7871,39.5509,98.685,228.8256,0.0189,0.0001,99.876,204.0013,48.9082,-16.6352,0.0,0.0001,2.2966,0.001,6.1908,35.4837,10.7229,27.2026,35.9761
257.0,519.0,10.7961,39.5637,98.6865,232.0551,0.0218,0.0001,99.869,204.0013,48.9082,-16.6352,0.0,0.0001,2.31,0.0052,6.1912,35.4869,10.7316,27.2035,35.9767
258.0,521.0,10.7947,39.563,87.5497,230.3931,0.0212,0.0001,99.869,204.0014,48.9082,-16.6352,0.0,0.0001,2.3108,-0.0002,6.1914,35.4868,10.73,27.2037,35.9769
259.0,523.0,10.7928,39.5617,98.6022,231.0559,0.0212,0.0001,99.8618,204.0014,48.9082,-16.6352,0.0,0.0001,2.3131,0.0009,6.1914,35.4866,10.7278,27.204,35.9773
260.0,525.0,10.7885,39.5577,95.93,232.1372,0.0186,0.0001,99.8545,204.0014,48.9082,-16.6352,0.0,0.0001,2.3174,0.0024,6.1913,35.4858,10.7232,27.2041,35.9777
261.0,527.0,10.7818,39.5521,97.9885,231.7717,0.0193,0.0001,99.8716,204.0014,48.9082,-16.6352,0.0,0.0001,2.3193,0.0001,6.1952,35.4857,10.7163,27.2053,35.9791
262.0,529.0,10.7655,39.5324,98.6883,231.9992,0.0227,0.0,99.8863,204.0015,48.9082,-16.6352,0.0,0.0001,2.319,0.0007,6.1958,35.4809,10.6999,27.2045,35.9791
263.0,531.0,10.7571,39.5274,98.6891,232.4783,0.0221,0.0001,99.856,204.0015,48.9082,-16.6352,0.0,0.0001,2.3208,0.0013,6.1945,35.4831,10.6913,27.2078,35.9827
264.0,533.0,10.7557,39.5273,82.1363,231.8906,0.0219,0.0001,99.8332,204.0015,48.9082,-16.6352,0.0,0.0001,2.3202,-0.0005,6.1975,35.4834,10.6896,27.2083,35.9832
265.0,535.0,10.7458,39.5171,92.7683,230.325,0.0228,0.0001,99.8814,204.0016,48.9082,-16.6352,0.0,0.0001,2.3126,-0.0028,6.1991,35.4819,10.6794,27.209,35.9844
266.0,537.0,10.7353,39.5064,98.6825,230.5741,0.0231,0.0001,99.8762,204.0016,48.9082,-16.6352,0.0,0.0001,2.309,-0.0009,6.1997,35.4803,10.6686,27.2097,35.9855
267.0,539.0,10.7312,39.5032,98.6853,230.8889,0.02,0.0001,99.8401,204.0016,48.9082,-16.6352,0.0,0.0001,2.3089,-0.0002,6.2003,35.4801,10.6643,27.2103,35.9863
268.0,541.0,10.7272,39.4994,98.6937,231.6152,0.0158,0.0,99.8978,204.0016,48.9082,-16.6352,0.0,0.0001,2.311,0.001,6.2009,35.4793,10.6601,27.2104,35.9866
269.0,543.0,10.7219,39.4945,98.6967,232.1341,0.0184,0.0001,99.8778,204.0017,48.9082,-16.6352,0.0,0.0001,2.3138,0.0012,6.2025,35.4787,10.6547,27.2109,35.9874
270.0,545.0,10.7142,39.4883,98.6925,232.1546,0.0193,0.0001,99.8768,204.0017,48.9082,-16.6353,0.0,0.0001,2.3148,0.0002,6.2063,35.4792,10.6467,27.2127,35.9895
271.0,547.0,10.6912,39.4645,98.6854,230.8343,0.019,0.0001,99.869,204.0017,48.9082,-16.6353,0.0,0.0001,2.31,-0.0023,6.2095,35.4765,10.6235,27.2147,35.9925
272.0,549.0,10.6732,39.445,79.1797,227.0781,0.0179,0.0001,99.8779,204.0017,48.9082,-16.6353,0.0,0.0001,2.2956,-0.0074,6.2065,35.4735,10.6053,27.2157,35.9942
273.0,551.0,10.6396,39.4081,96.4936,226.6796,0.0177,0.0001,99.8613,204.0018,48.9082,-16.6352,0.0,0.0001,2.2811,-0.0042,6.2129,35.4679,10.5717,27.2173,35.9973
274.0,553.0,10.6271,39.3954,98.6862,216.7364,0.0208,0.0001,99.8288,204.0018,48.9082,-16.6353,0.0,0.0001,2.2414,-0.0183,6.2147,35.4662,10.5589,27.2183,35.9989
275.0,555.0,10.6245,39.3948,98.685,214.4543,0.0169,0.0001,99.869,204.0018,48.9082,-16.6353,0.0,0.0001,2.2177,-0.0162,6.2142,35.4674,10.556,27.2197,36.0004
276.0,557.0,10.6235,39.3955,92.1753,213.7624,0.0191,0.0001,99.867,204.0018,48.9082,-16.6353,0.0,0.0001,2.1972,-0.0108,6.2141,35.4681,10.5548,27.2205,36.0012
277.0,559.0,10.6258,39.4018,98.6816,209.3341,0.0187,0.0001,99.867,204.0019,48.9082,-16.6353,0.0,0.0001,2.1653,-0.0115,6.2139,35.4713,10.5569,27.2226,36.0032
278.0,561.0,10.6282,39.4074,98.68,209.655,0.0152,0.0001,99.8726,204.0019,48.9082,-16.6353,0.0,0.0001,2.1482,-0.0051,6.2158,35.4738,10.559,27.2241,36.0046
279.0,563.0,10.6201,39.3997,98.68,209.2456,0.0195,0.0,99.8834,204.0019,48.9082,-16.6353,0.0,0.0001,2.1409,-0.0038,6.2166,35.4732,10.5507,27.2252,36.006
280.0,565.0,10.6086,39.3876,98.6807,209.2958,0.0212,0.0001,99.869,204.002,48.9082,-16.6353,0.0,0.0001,2.1355,-0.0023,6.216,35.4711,10.5389,27.2256,36.0069
281.0,567.0,10.6003,39.3809,87.8535,210.1347,0.0197,0.0004,99.0191,204.002,48.9082,-16.6353,0.0,0.0001,2.1355,-0.0002,6.2187,35.4714,10.5304,27.2274,36.009
282.0,569.0,10.6022,39.3833,98.5828,210.0063,0.017,0.0001,99.8401,204.002,48.9082,-16.6353,0.0,0.0001,2.1349,-0.0004,6.2205,35.4713,10.5321,27.227,36.0086
283.0,571.0,10.5718,39.353,98.6833,209.5031,0.0175,0.0001,99.8762,204.002,48.9082,-16.6353,0.0,0.0001,2.1323,-0.0013,6.2243,35.4692,10.5016,27.2308,36.0137
284.0,573.0,10.5489,39.328,98.68,208.7458,0.0233,0.0001,99.8763,204.0021,48.9082,-16.6353,0.0,0.0001,2.1277,-0.002,6.226,35.4654,10.4786,27.2319,36.0158
285.0,575.0,10.5414,39.3205,78.289,208.1841,0.0237,0.0001,99.8762,204.0021,48.9082,-16.6353,0.0,0.0001,2.1224,-0.0019,6.2259,35.4639,10.4708,27.2321,36.0164
286.0,577.0,10.5344,39.3133,98.68,208.742,0.0219,0.0001,99.869,204.0021,48.9082,-16.6353,0.0,0.0001,2.1217,-0.0003,6.2284,35.4627,10.4636,27.2324,36.017
287.0,579.0,10.5231,39.3012,93.7613,208.8051,0.0188,0.0001,99.8634,204.0021,48.9082,-16.6353,0.0,0.0001,2.1216,-0.0002,6.23,35.4608,10.452,27.233,36.0181
288.0,581.0,10.5117,39.2903,98.4605,209.1062,0.0196,0.0001,99.8834,204.0022,48.9082,-16.6353,0.0,0.0001,2.1221,0.0006,6.2239,35.4598,10.4404,27.2343,36.0199
289.0,583.0,10.5535,39.3443,98.5531,213.1188,0.021,0.0001,99.862,204.0022,48.9082,-16.6353,0.0,0.0001,2.1359,0.0064,6.2266,35.4728,10.4818,27.2371,36.0208
290.0,585.0,10.5538,39.3448,98.68,215.3166,0.0198,0.0001,99.8793,204.0022,48.9081,-16.6353,0.0,0.0001,2.149,0.0072,6.2268,35.4722,10.4819,27.2366,36.0203
291.0,587.0,10.5156,39.3035,98.68,212.2058,0.021,0.0001,99.8779,204.0023,48.9081,-16.6353,0.0,0.0001,2.1468,-0.0007,6.2315,35.4666,10.4436,27.2391,36.0244
292.0,589.0,10.4964,39.2808,86.9886,210.1533,0.0249,0.0001,99.8877,204.0023,48.9081,-16.6353,0.0,0.0001,2.1371,-0.0037,6.239,35.4616,10.4242,27.2386,36.0248
293.0,591.0,10.4475,39.2261,93.4062,208.8278,0.0203,0.0001,99.8656,204.0023,48.9081,-16.6354,0.0,0.0001,2.1263,-0.0042,6.2433,35.4526,10.3753,27.2402,36.0286
294.0,593.0,10.4289,39.2077,98.68,208.3377,0.02,0.0001,99.869,204.0023,48.9081,-16.6354,0.0,0.0001,2.1209,-0.0031,6.2396,35.4512,10.3564,27.2424,36.0316
295.0,595.0,10.3961,39.1718,98.3775,208.2847,0.0219,0.0001,99.8696,204.0024,48.9081,-16.6354,0.0,0.0001,2.1148,-0.0021,6.2494,35.4458,10.3236,27.244,36.0346
296.0,597.0,10.377,39.1516,98.68,205.6246,0.0166,0.0001,99.869,204.0024,48.9081,-16.6354,0.0,0.0001,2.103,-0.0056,6.2516,35.4432,10.3044,27.2453,36.0368
297.0,599.0,10.3584,39.1345,98.68,203.91,0.0147,0.0001,99.8978,204.0024,48.9081,-16.6354,0.0,0.0001,2.0908,-0.0061,6.2521,35.4431,10.2855,27.2486,36.0408
298.0,601.0,10.3533,39.1305,86.8395,202.995,0.0208,0.0001,99.8762,204.0024,48.9081,-16.6354,0.0,0.0001,2.079,-0.0046,6.2524,35.4431,10.2802,27.2495,36.042
299.0,603.0,10.3522,39.1304,98.68,203.292,0.0199,0.0001,99.869,204.0025,48.9081,-16.6354,0.0,0.0001,2.0741,-0.0021,6.2506,35.4431,10.2789,27.2497,36.0422
300.0,605.0,10.338,39.1175,95.9863,203.9968,0.0195,0.0001,99.869,204.0025,48.9081,-16.6354,0.0,0.0001,2.0734,-0.0004,6.2554,35.443,10.2645,27.2521,36.0453
301.0,607.0,10.3249,39.104,98.68,202.2291,0.0204,0.0001,99.8834,204.0025,48.9081,-16.6354,0.0,0.0001,2.0666,-0.0031,6.257,35.4413,10.2512,27.2531,36.0468
302.0,609.0,10.3184,39.0991,98.68,201.3229,0.0227,0.0001,99.8744,204.0026,48.9081,-16.6354,0.0,0.0001,2.0586,-0.0029,6.2567,35.4416,10.2445,27.2545,36.0485
303.0,611.0,10.3194,39.1014,62.6948,201.5801,0.0225,0.0001,99.8806,204.0026,48.9081,-16.6354,0.0,0.0001,2.0562,-0.0014,6.2565,35.442,10.2452,27.2547,36.0487
304.0,613.0,10.3218,39.1058,93.2109,201.8201,0.0198,0.0001,99.8656,204.0026,48.9081,-16.6354,0.0,0.0001,2.0547,-0.0005,6.2572,35.4431,10.2474,27.2552,36.0491
305.0,615.0,10.3187,39.1038,98.68,201.2645,0.0204,0.0001,99.869,204.0026,48.9081,-16.6354,0.0,0.0001,2.0516,-0.0012,6.259,35.4434,10.2441,27.256,36.05
306.0,617.0,10.3033,39.089,98.68,200.2053,0.0207,0.0001,99.8666,204.0027,48.9081,-16.6355,0.0,0.0001,2.0465,-0.0022,6.2571,35.4424,10.2284,27.258,36.0527
307.0,619.0,10.3114,39.1003,98.68,200.2272,0.0201,0.0001,99.8667,204.0027,48.9081,-16.6355,0.0,0.0001,2.0436,-0.0013,6.2571,35.4452,10.2362,27.2588,36.0531
308.0,621.0,10.317,39.1104,98.68,200.1822,0.0191,0.0001,99.8875,204.0027,48.9081,-16.6355,0.0,0.0001,2.0417,-0.0009,6.2571,35.4491,10.2416,27.2609,36.0549
309.0,623.0,10.317,39.1119,90.0991,200.0845,0.0208,0.0001,99.8798,204.0027,48.9081,-16.6355,0.0,0.0001,2.0399,-0.0009,6.261,35.4497,10.2414,27.2614,36.0554
310.0,625.0,10.3101,39.1043,98.68,199.0052,0.0246,0.0001,99.8744,204.0028,48.9081,-16.6355,0.0,0.0001,2.0352,-0.0023,6.2599,35.448,10.2342,27.2613,36.0556
311.0,627.0,10.2709,39.0629,98.68,199.3559,0.0205,0.0001,99.869,204.0028,48.9081,-16.6355,0.0,0.0001,2.0331,-0.0012,6.2679,35.4431,10.1949,27.2643,36.0604
312.0,629.0,10.2418,39.0293,98.68,199.0431,0.0175,0.0001,99.869,204.0028,48.9081,-16.6355,0.0,0.0001,2.0278,-0.0022,6.2935,35.4364,10.1657,27.2642,36.0616
313.0,631.0,10.0664,38.8292,78.9907,199.4233,0.0214,0.0001,99.8726,204.0029,48.9081,-16.6355,0.0,0.0001,2.0244,-0.0008,6.3012,35.4026,9.9909,27.268,36.0732
314.0,633.0,10.029,38.7867,98.7252,199.4349,0.0212,0.0001,99.8401,204.0029,48.9081,-16.6355,0.0,0.0001,2.0232,-0.0006,6.3033,35.3948,9.9534,27.2684,36.0753
315.0,635.0,9.9524,38.6974,95.6578,199.7226,0.0238,0.0001,99.869,204.0029,48.9081,-16.6355,0.0,0.0001,2.0232,0.0001,6.3046,35.3776,9.8769,27.268,36.0784
316.0,637.0,9.8971,38.6397,98.68,198.6516,0.0207,0.0001,99.8518,204.0029,48.9081,-16.6355,0.0,0.0001,2.0175,-0.0023,6.3202,35.3717,9.8216,27.2729,36.0857
317.0,639.0,9.8696,38.6071,80.7805,196.3702,0.0216,0.0001,99.869,204.003,48.9081,-16.6355,0.0,0.0001,2.0065,-0.0044,6.3178,35.3641,9.794,27.2717,36.0858
318.0,641.0,9.9083,38.6603,98.7319,193.9622,0.0239,0.0001,99.869,204.003,48.9081,-16.6355,0.0,0.0001,1.9959,-0.007,6.3169,35.3798,9.8323,27.2774,36.0897
319.0,643.0,9.901,38.6514,98.68,195.0044,0.0238,0.0001,99.8762,204.003,48.9081,-16.6355,0.0,0.0001,1.9897,-0.0025,6.3191,35.3772,9.8248,27.2767,36.0892
320.0,645.0,9.8977,38.6514,98.68,194.858,0.0231,0.0001,99.8778,204.003,48.9081,-16.6356,0.0,0.0001,1.9844,-0.0019,6.3283,35.3795,9.8213,27.2791,36.0918
321.0,647.0,9.834,38.5815,98.68,193.9294,0.0218,0.0,99.8874,204.0031,48.9081,-16.6356,0.0,0.0001,1.9784,-0.0025,6.3322,35.3691,9.7576,27.2818,36.0973
322.0,649.0,9.7961,38.5417,81.9618,193.6995,0.0207,0.0001,99.8782,204.0031,48.9081,-16.6356,0.0,0.0001,1.9735,-0.0017,6.3332,35.3643,9.7197,27.2844,36.1016
323.0,651.0,9.788,38.5337,98.68,193.3656,0.0199,0.0001,99.869,204.0031,48.9081,-16.6356,0.0,0.0001,1.9703,-0.0015,6.3343,35.3632,9.7114,27.285,36.1026
324.0,653.0,9.7835,38.5301,68.5203,192.9496,0.0191,0.0001,99.8978,204.0032,48.9081,-16.6356,0.0,0.0001,1.9658,-0.0015,6.3353,35.363,9.7067,27.2856,36.1035
325.0,655.0,9.7744,38.5237,94.642,196.4436,0.0174,0.0001,99.8728,204.0032,48.9081,-16.6356,0.0,0.0001,1.9753,0.0046,6.3345,35.3644,9.6974,27.2883,36.1065
326.0,657.0,9.7762,38.5289,94.3226,202.4753,0.0165,0.0001,99.8627,204.0032,48.9081,-16.6356,0.0,0.0001,2.0017,0.0107,6.3362,35.3672,9.6988,27.2902,36.1083
327.0,659.0,9.7678,38.5237,98.68,205.0082,0.0212,0.0001,99.8401,204.0032,48.9081,-16.6356,0.0,0.0001,2.0239,0.0088,6.3422,35.3691,9.6902,27.2931,36.1116
328.0,661.0,9.7474,38.5011,98.68,202.8212,0.0202,0.0001,99.8632,204.0033,48.9081,-16.6356,0.0,0.0001,2.0279,0.0017,6.3481,35.3651,9.6697,27.2935,36.1128
329.0,663.0,9.6926,38.4388,98.6178,197.1387,0.0213,0.0001,99.8417,204.0033,48.9081,-16.6356,0.0,0.0001,2.0103,-0.0074,6.3534,35.3538,9.615,27.2938,36.1157
330.0,665.0,9.6516,38.3933,98.5915,195.0414,0.0201,0.0,99.8632,204.0033,48.9081,-16.6356,0.0,0.0001,1.9924,-0.007,6.3546,35.3462,9.5739,27.2948,36.1185
331.0,667.0,9.6416,38.3853,98.68,196.833,0.0208,0.0,99.8978,204.0033,48.9081,-16.6356,0.0,0.0001,1.9902,-0.0014,6.3549,35.3468,9.5638,27.297,36.1211
332.0,669.0,9.6391,38.383,98.68,197.5031,0.0201,0.0,99.8884,204.0034,48.9081,-16.6357,0.0,0.0001,1.9893,-0.0001,6.3597,35.346,9.561,27.2969,36.1211
333.0,671.0,9.605,38.3474,67.2255,195.8665,0.0227,0.0,99.8944,204.0034,48.9081,-16.6357,0.0,0.0001,1.9837,-0.0026,6.358,35.3418,9.5268,27.2993,36.1251
334.0,673.0,9.6141,38.3634,95.804,197.8468,0.0233,0.0001,99.8668,204.0034,48.9081,-16.6357,0.0,0.0001,1.987,0.0014,6.357,35.3485,9.5356,27.303,36.1284
335.0,675.0,9.6226,38.375,98.68,199.0096,0.0255,0.0,99.8946,204.0035,48.9081,-16.6357,0.0,0.0001,1.9924,0.0023,6.3577,35.3512,9.5439,27.3038,36.1287
336.0,677.0,9.6174,38.37,98.68,198.4898,0.0247,0.0,99.8834,204.0035,48.9081,-16.6357,0.0,0.0001,1.993,0.0003,6.3613,35.3503,9.5384,27.304,36.1291
337.0,679.0,9.5946,38.3457,92.068,198.4118,0.0217,0.0,99.8879,204.0035,48.9081,-16.6357,0.0,0.0001,1.9927,-0.0002,6.3658,35.3467,9.5155,27.305,36.1312
338.0,681.0,9.5651,38.3136,98.68,198.6413,0.0222,0.0001,99.8789,204.0035,48.9081,-16.6357,0.0,0.0001,1.9927,0.0002,6.3673,35.3416,9.4859,27.3059,36.1335
339.0,683.0,9.5486,38.2984,98.68,198.8524,0.0223,0.0,99.8905,204.0036,48.9081,-16.6357,0.0,0.0001,1.9934,0.0003,6.3683,35.3411,9.4693,27.3084,36.1366
340.0,685.0,9.5448,38.2961,98.68,198.2128,0.0205,0.0,99.8978,204.0036,48.9081,-16.6357,0.0,0.0001,1.9921,-0.0007,6.3638,35.3418,9.4652,27.3095,36.138
341.0,687.0,9.5699,38.3288,80.0193,197.3761,0.021,0.0,99.8933,204.0036,48.9081,-16.6357,0.0,0.0001,1.9878,-0.0015,6.3588,35.3499,9.49,27.3118,36.139
342.0,689.0,9.5947,38.3608,95.6217,197.7137,0.0245,0.0,99.8902,204.0036,48.908,-16.6357,0.0,0.0001,1.9877,-0.0003,6.3585,35.3576,9.5144,27.3137,36.1399
343.0,691.0,9.6095,38.3801,97.7775,197.6373,0.0231,0.0,99.8808,204.0037,48.908,-16.6357,0.0,0.0001,1.9861,-0.0006,6.3645,35.3621,9.5289,27.3148,36.1402
344.0,693.0,9.5725,38.3399,98.68,196.1042,0.0192,0.0,99.8947,204.0037,48.9081,-16.6357,0.0,0.0001,1.9802,-0.0027,6.3665,35.356,9.4918,27.3162,36.1433
345.0,695.0,9.5516,38.3213,98.68,195.6173,0.022,0.0,99.8852,204.0037,48.908,-16.6357,0.0,0.0001,1.9754,-0.0022,6.3644,35.3565,9.4708,27.3201,36.1481
346.0,697.0,9.5669,38.3465,62.9121,195.2105,0.0172,0.0001,99.869,204.0038,48.908,-16.6358,0.0,0.0001,1.9707,-0.0019,6.3669,35.3664,9.4858,27.3254,36.1526
347.0,699.0,9.5502,38.3309,92.4287,194.6252,0.0201,0.0001,99.8886,204.0038,48.908,-16.6358,0.0,0.0001,1.9634,-0.0022,6.37,35.3658,9.4689,27.3277,36.1557
348.0,701.0,9.5274,38.3064,98.7023,193.7138,0.0195,0.0001,99.8719,204.0038,48.908,-16.6358,0.0,0.0001,1.959,-0.0027,6.374,35.3621,9.4461,27.3286,36.1576
349.0,703.0,9.4973,38.2753,98.68,192.7797,0.0186,0.0001,99.8864,204.0038,48.908,-16.6358,0.0,0.0001,1.9522,-0.0028,6.3736,35.3587,9.4158,27.331,36.1613
350.0,705.0,9.5017,38.2859,98.68,193.1998,0.0181,0.0001,99.8888,204.0039,48.908,-16.6358,0.0,0.0001,1.9499,-0.0012,6.3774,35.3644,9.4199,27.3348,36.1648
351.0,707.0,9.4753,38.2584,98.68,192.979,0.0241,0.0001,99.8875,204.0039,48.908,-16.6358,0.0,0.0001,1.946,-0.0013,6.3844,35.361,9.3934,27.3365,36.1678
352.0,709.0,9.427,38.2079,98.68,191.739,0.0275,0.0001,99.8883,204.0039,48.908,-16.6358,0.0,0.0001,1.9404,-0.0026,6.3871,35.3552,9.3451,27.34,36.1734
353.0,711.0,9.4111,38.1915,98.68,191.2445,0.0234,0.0001,99.887,204.0039,48.908,-16.6358,0.0,0.0001,1.935,-0.0024,6.3879,35.3531,9.3292,27.341,36.1751
354.0,713.0,9.3955,38.1762,81.4105,191.3954,0.0232,0.0,99.8943,204.004,48.908,-16.6358,0.0,0.0001,1.932,-0.0013,6.3906,35.3517,9.3134,27.3425,36.1773
355.0,715.0,9.3844,38.1665,98.7404,190.8784,0.0229,0.0,99.8978,204.004,48.908,-16.6358,0.0,0.0001,1.9288,-0.0016,6.3913,35.3518,9.3021,27.3445,36.1798
356.0,717.0,9.3779,38.1631,95.2235,191.3503,0.0236,0.0,99.8925,204.004,48.908,-16.6358,0.0,0.0001,1.9278,-0.0002,6.3902,35.3536,9.2954,27.347,36.1826
357.0,719.0,9.378,38.1664,98.68,191.4896,0.0192,0.0,99.9087,204.0041,48.908,-16.6358,0.0,0.0001,1.9284,-0.0001,6.3914,35.356,9.2952,27.3489,36.1844
358.0,721.0,9.3777,38.1679,93.7321,190.6731,0.0198,0.0,99.8907,204.0041,48.908,-16.6358,0.0,0.0001,1.9252,-0.0012,6.3915,35.3568,9.2947,27.3496,36.1851
359.0,723.0,9.3763,38.1684,98.68,190.459,0.0172,0.0,99.8898,204.0041,48.908,-16.6358,0.0,0.0001,1.9224,-0.001,6.3915,35.3576,9.293,27.3505,36.1861
360.0,725.0,9.3765,38.1695,98.68,190.3691,0.0162,0.0,99.8978,204.0041,48.908,-16.6358,0.0,0.0001,1.9207,-0.0008,6.3915,35.3578,9.293,27.3506,36.1862
361.0,727.0,9.3762,38.1702,98.68,190.7566,0.0194,0.0,99.8884,204.0042,48.908,-16.6359,0.0,0.0001,1.9206,0.0001,6.3919,35.358,9.2924,27.3509,36.1865
362.0,729.0,9.374,38.1694,98.68,190.6036,0.0215,0.0,99.8917,204.0042,48.908,-16.6359,0.0,0.0001,1.9201,-0.0005,6.3955,35.3586,9.29,27.3517,36.1875
363.0,731.0,9.3487,38.1466,72.8833,191.1899,0.0216,0.0,99.8854,204.0042,48.908,-16.6359,0.0,0.0001,1.9202,0.0004,6.4001,35.3588,9.2646,27.3561,36.1929
364.0,733.0,9.3307,38.1265,98.544,191.9972,0.0257,0.0,99.8858,204.0042,48.908,-16.6359,0.0,0.0001,1.9238,0.0011,6.4074,35.3547,9.2464,27.3559,36.1936
365.0,735.0,9.2669,38.0584,98.6808,193.5291,0.0239,0.0,99.9004,204.0043,48.908,-16.6359,0.0,0.0001,1.9285,0.0023,6.4166,35.346,9.1828,27.3595,36.2001
366.0,737.0,9.2017,37.9884,98.68,194.3222,0.0238,0.0,99.9151,204.0043,48.908,-16.6359,0.0,0.0001,1.9339,0.0022,6.418,35.3366,9.1177,27.3628,36.2063
367.0,739.0,9.1972,37.9844,78.4261,194.4425,0.0217,0.0,99.9124,204.0043,48.908,-16.6359,0.0,0.0001,1.9373,0.0012,6.4196,35.3359,9.1129,27.363,36.2067
368.0,741.0,9.1861,37.9734,98.6796,193.2568,0.0188,0.0,99.9144,204.0044,48.908,-16.6359,0.0,0.0001,1.9345,-0.0012,6.4204,35.3343,9.1017,27.3636,36.2078
369.0,743.0,9.1772,37.9647,94.3462,191.9368,0.0192,0.0,99.9116,204.0044,48.908,-16.6359,0.0,0.0001,1.9286,-0.0033,6.4362,35.3333,9.0927,27.3642,36.2089
370.0,745.0,9.1465,37.9264,98.68,189.8708,0.0197,0.0,99.9094,204.0044,48.908,-16.6359,0.0,0.0001,1.9175,-0.0055,6.4462,35.323,9.062,27.3612,36.2074
371.0,747.0,9.012,37.781,98.5365,188.6908,0.021,0.0,99.9302,204.0044,48.908,-16.6359,0.0,0.0001,1.9074,-0.0049,6.4444,35.3032,8.9279,27.3673,36.2196
372.0,749.0,8.9985,37.7678,98.68,189.4504,0.0214,0.0,99.9235,204.0045,48.908,-16.6359,0.0,0.0001,1.9027,-0.0018,6.4453,35.3017,8.9143,27.3683,36.2212
373.0,751.0,9.012,37.7865,98.68,188.3193,0.0183,0.0,99.9297,204.0045,48.908,-16.6359,0.0,0.0001,1.8951,-0.003,6.4607,35.3069,8.9275,27.3703,36.2225
374.0,753.0,8.9206,37.6861,69.9593,188.0376,0.0195,0.0,99.9357,204.0045,48.908,-16.6359,0.0,0.0001,1.8877,-0.0022,6.466,35.2913,8.8362,27.3727,36.2291
375.0,755.0,8.8798,37.6439,95.3822,188.5199,0.0219,0.0,99.9411,204.0045,48.908,-16.6359,0.0,0.0001,1.8875,-0.0008,6.469,35.2864,8.7954,27.3754,36.2337
376.0,757.0,8.8618,37.6264,97.7674,188.7677,0.0199,0.0,99.9335,204.0046,48.908,-16.6359,0.0,0.0001,1.8864,-0.0003,6.472,35.2851,8.7774,27.3772,36.2364
377.0,759.0,8.8365,37.6024,98.68,187.6623,0.0215,0.0,99.9436,204.0046,48.908,-16.6359,0.0,0.0001,1.883,-0.0016,6.4682,35.2842,8.7519,27.3806,36.2408
378.0,761.0,8.8461,37.615,98.68,186.1436,0.0222,0.0,99.95,204.0046,48.908,-16.6359,0.0,0.0001,1.8786,-0.0021,6.442,35.2869,8.7613,27.3812,36.2411
379.0,763.0,8.961,37.7555,61.5913,186.1878,0.0204,0.0,99.9372,204.0047,48.908,-16.6359,0.0,0.0001,1.8736,-0.0009,6.4352,35.3195,8.8753,27.3886,36.2429
380.0,765.0,9.0806,37.9046,90.3486,183.7203,0.02,0.0,99.9508,204.0047,48.908,-16.6359,0.0,0.0001,1.8669,-0.0047,6.4457,35.3562,8.994,27.3982,36.2468
381.0,767.0,9.0024,37.8184,98.699,184.0165,0.0191,0.0,99.9422,204.0047,48.908,-16.6359,0.0,0.0001,1.8596,-0.0025,6.4572,35.3424,8.916,27.4,36.2522
382.0,769.0,8.9227,37.7293,98.68,185.2221,0.0177,0.0,99.9303,204.0047,48.908,-16.636,0.0,0.0001,1.8588,0.0001,6.4616,35.3271,8.8365,27.4007,36.2567
383.0,771.0,8.9096,37.7148,98.68,185.3555,0.0263,0.0,99.9442,204.0048,48.908,-16.636,0.0,0.0001,1.8588,-0.0002,6.4708,35.3239,8.8232,27.4003,36.2569
384.0,773.0,8.8502,37.6497,98.68,185.4704,0.0251,0.0,99.9294,204.0048,48.908,-16.636,0.0,0.0001,1.859,-0.0001,6.4718,35.3135,8.7638,27.4017,36.261
385.0,775.0,8.8304,37.6302,84.8281,185.9245,0.0212,0.0,99.9323,204.0048,48.908,-16.636,0.0,0.0001,1.8602,0.0005,6.4704,35.3117,8.744,27.4034,36.2636
386.0,777.0,8.8339,37.6363,98.68,185.5128,0.0214,0.0,99.9394,204.0048,48.908,-16.636,0.0,0.0001,1.8598,-0.0002,6.4685,35.3138,8.7473,27.4045,36.2646
387.0,779.0,8.8499,37.6595,98.68,184.3543,0.0235,0.0,99.9498,204.0049,48.908,-16.636,0.0,0.0001,1.8555,-0.0019,6.47,35.3214,8.7628,27.408,36.2673
388.0,781.0,8.8445,37.6574,98.68,183.773,0.0219,0.0,99.951,204.0049,48.908,-16.636,0.0,0.0001,1.8502,-0.0022,6.4734,35.3235,8.7574,27.4106,36.27
389.0,783.0,8.825,37.6372,89.1218,183.873,0.0224,0.0,99.9516,204.0049,48.908,-16.636,0.0,0.0001,1.8484,-0.0012,6.475,35.3209,8.7377,27.4117,36.272
390.0,785.0,8.8051,37.6159,98.6807,183.8634,0.0223,0.0,99.9365,204.005,48.908,-16.636,0.0,0.0001,1.8474,-0.0004,6.4621,35.3174,8.7177,27.412,36.2733
391.0,787.0,8.8313,37.6479,96.4065,184.4539,0.0198,0.0,99.9525,204.005,48.9079,-16.636,0.0,0.0001,1.8496,0.001,6.453,35.3242,8.7435,27.4133,36.2733
392.0,789.0,8.9597,37.8072,98.68,183.3027,0.0207,0.0,99.9556,204.005,48.9079,-16.636,0.0,0.0001,1.8466,-0.0011,6.4544,35.3627,8.8708,27.4231,36.277
393.0,791.0,8.9802,37.8334,88.135,183.8806,0.0214,0.0,99.9465,204.005,48.9079,-16.636,0.0,0.0001,1.8444,0.0001,6.4591,35.3691,8.891,27.4249,36.2778
394.0,793.0,8.9476,37.7976,98.6796,182.8903,0.0191,0.0,99.9505,204.0051,48.9079,-16.636,0.0,0.0001,1.8428,-0.0017,6.4635,35.3631,8.8584,27.4254,36.2798
395.0,795.0,8.8703,37.7158,98.68,183.6471,0.0203,0.0,99.9556,204.0051,48.9079,-16.636,0.0,0.0001,1.843,0.0001,6.4642,35.3528,8.7813,27.4297,36.2877
396.0,797.0,8.8719,37.7223,98.68,183.7852,0.0225,0.0,99.9534,204.0051,48.9079,-16.636,0.0,0.0001,1.8436,0.0003,6.4607,35.3573,8.7827,27.433,36.2908
397.0,799.0,8.8921,37.7498,96.7923,182.8928,0.0224,0.0,99.9556,204.0051,48.9079,-16.636,0.0,0.0001,1.8413,-0.0012,6.4628,35.3652,8.8025,27.436,36.2929
398.0,801.0,8.8731,37.7311,63.321,182.4992,0.0221,0.0,99.9556,204.0052,48.9079,-16.636,0.0,0.0001,1.8376,-0.0013,6.4604,35.3634,8.7834,27.4377,36.2954
399.0,803.0,8.8801,37.7438,98.68,182.6587,0.0163,0.0,99.9508,204.0052,48.9079,-16.636,0.0,0.0001,1.8374,-0.0007,6.4598,35.369,8.7901,27.441,36.2983
400.0,805.0,8.914,37.7878,78.1947,182.8943,0.0209,0.0,99.9258,204.0052,48.9079,-16.636,0.0,0.0001,1.8376,0.0001,6.4522,35.3805,8.8235,27.4446,36.3003
401.0,807.0,8.9411,37.8275,98.6781,182.3919,0.0201,0.0,99.9492,204.0053,48.9079,-16.636,0.0,0.0001,1.837,-0.0006,6.4467,35.3942,8.8503,27.4511,36.3055
402.0,809.0,8.9676,37.8648,90.4715,182.3345,0.0203,0.0,99.9498,204.0053,48.9079,-16.636,0.0,0.0001,1.8355,-0.0006,6.4483,35.406,8.8763,27.4562,36.3092
403.0,811.0,8.9895,37.8951,98.68,181.9587,0.0211,0.0,99.9518,204.0053,48.9079,-16.636,0.0,0.0001,1.8339,-0.0008,6.4442,35.4149,8.8978,27.4597,36.3116
404.0,813.0,9.0065,37.9176,98.68,182.5136,0.0199,0.0,99.93,204.0053,48.9079,-16.636,0.0,0.0001,1.8352,0.0003,6.4398,35.4209,8.9145,27.4617,36.3129
405.0,815.0,9.02,37.9394,98.68,182.3441,0.0152,0.0,99.9237,204.0054,48.9079,-16.636,0.0,0.0001,1.8346,-0.0002,6.4408,35.4294,8.9277,27.4662,36.3167
406.0,817.0,9.0132,37.9346,98.6479,182.6738,0.0208,0.0,99.9221,204.0054,48.9079,-16.6361,0.0,0.0001,1.8339,0.0003,6.441,35.4302,8.9207,27.468,36.3187
407.0,819.0,9.0108,37.9334,98.68,182.026,0.0229,0.0,99.9234,204.0054,48.9079,-16.636,0.0,0.0001,1.8339,-0.0008,6.4417,35.4306,8.9181,27.4687,36.3196
408.0,821.0,9.0064,37.9308,98.68,181.9869,0.023,0.0,99.9202,204.0054,48.9079,-16.6361,0.0,0.0001,1.8321,-0.0007,6.4429,35.4311,8.9135,27.4699,36.3209
409.0,823.0,8.9899,37.9158,74.5744,182.1538,0.0235,0.0,99.9235,204.0055,48.9079,-16.6361,0.0,0.0001,1.8316,-0.0002,6.4444,35.431,8.8969,27.4725,36.3243
410.0,825.0,8.9869,37.9135,98.6792,182.0616,0.0211,0.0,99.9156,204.0055,48.9079,-16.6361,0.0,0.0001,1.8309,-0.0004,6.4451,35.4307,8.8937,27.4727,36.3246
411.0,827.0,8.9807,37.9082,95.7981,181.9959,0.0206,0.0,99.9201,204.0055,48.9079,-16.6361,0.0,0.0001,1.8297,-0.0005,6.448,35.4302,8.8873,27.4734,36.3256
412.0,829.0,8.9676,37.8961,98.6265,182.0301,0.0204,0.0,99.909,204.0055,48.9079,-16.6361,0.0,0.0001,1.8291,-0.0003,6.4472,35.4295,8.874,27.475,36.3278
413.0,831.0,8.9385,37.8667,98.5043,182.4974,0.0187,0.0,99.9083,204.0056,48.9079,-16.6361,0.0,0.0001,1.8293,0.0003,6.4551,35.4267,8.8448,27.4775,36.3316
414.0,833.0,8.9305,37.8573,98.68,182.3872,0.0189,0.0,99.9188,204.0056,48.9079,-16.6361,0.0,0.0001,1.8283,-0.0004,6.4646,35.4241,8.8367,27.4767,36.3312
415.0,835.0,8.8715,37.7935,98.68,182.5941,0.0182,0.0,99.9126,204.0056,48.9079,-16.6361,0.0,0.0001,1.8274,-0.0007,6.4837,35.4148,8.7777,27.4789,36.3361
416.0,837.0,8.7574,37.6683,71.1135,182.9653,0.0248,0.0,99.9058,204.0056,48.9079,-16.6361,0.0,0.0001,1.8256,-0.0004,6.4962,35.3959,8.6641,27.4821,36.3446
417.0,839.0,8.6748,37.5758,95.8144,183.74,0.0244,0.0,99.9267,204.0057,48.9079,-16.6361,0.0,0.0001,1.8281,0.0009,6.4933,35.3798,8.5818,27.4825,36.3489
418.0,841.0,8.6168,37.5135,97.6992,184.3405,0.0204,0.0,99.9153,204.0057,48.9079,-16.6361,0.0,0.0001,1.8309,0.0009,6.5024,35.3708,8.524,27.4845,36.3536
419.0,843.0,8.6102,37.5067,98.68,184.4631,0.0178,0.0,99.9122,204.0057,48.9079,-16.6361,0.0,0.0001,1.8313,0.0003,6.5107,35.3695,8.5172,27.4846,36.3539
420.0,845.0,8.5663,37.4585,80.5255,184.5249,0.0188,0.0,99.8978,204.0058,48.9079,-16.6361,0.0,0.0001,1.8315,0.0002,6.5129,35.3614,8.4733,27.485,36.3565
421.0,847.0,8.5357,37.4282,98.68,185.0058,0.0193,0.0,99.9029,204.0058,48.9079,-16.6361,0.0,0.0001,1.8333,0.0007,6.5119,35.3587,8.4427,27.4877,36.3606
422.0,849.0,8.5311,37.4275,98.68,185.5033,0.0197,0.0,99.9029,204.0058,48.9079,-16.6361,0.0,0.0001,1.8354,0.001,6.5131,35.3616,8.4379,27.4907,36.3637
423.0,851.0,8.5305,37.4305,98.68,184.9548,0.0201,0.0,99.9176,204.0058,48.9078,-16.6361,0.0,0.0001,1.8346,-0.0003,6.5167,35.3646,8.437,27.4932,36.3662
424.0,853.0,8.5099,37.4164,81.3979,185.2591,0.0206,0.0,99.8986,204.0059,48.9078,-16.6361,0.0,0.0001,1.8343,0.0001,6.5202,35.3691,8.4162,27.5,36.3738
425.0,855.0,8.4873,37.397,93.4971,185.2993,0.021,0.0,99.9166,204.0059,48.9078,-16.6361,0.0,0.0001,1.8341,-0.0001,6.524,35.3701,8.3936,27.5043,36.3792
426.0,857.0,8.4639,37.372,96.7992,185.5392,0.0217,0.0,99.9058,204.0059,48.9078,-16.6361,0.0,0.0001,1.8341,0.0001,6.5289,35.3663,8.3701,27.505,36.3809
427.0,859.0,8.4245,37.3299,98.68,185.8437,0.0216,0.0,99.912,204.0059,48.9078,-16.6361,0.0,0.0001,1.8351,0.0001,6.5349,35.3603,8.3308,27.5063,36.3841
428.0,861.0,8.3849,37.2868,98.68,185.9099,0.023,0.0,99.9155,204.006,48.9078,-16.6361,0.0,0.0001,1.8353,0.0002,6.5322,35.3529,8.2912,27.5067,36.3863
429.0,863.0,8.3823,37.2852,69.0388,186.4503,0.0217,0.0,99.9184,204.006,48.9078,-16.6361,0.0,0.0001,1.837,0.0007,6.5354,35.3527,8.2883,27.507,36.3868
430.0,865.0,8.3847,37.2879,92.1825,186.3168,0.0203,0.0,99.9032,204.006,48.9078,-16.6361,0.0,0.0001,1.8368,0.0,6.54,35.3526,8.2906,27.5066,36.3863
431.0,867.0,8.3583,37.2611,98.6948,186.3221,0.0208,0.0,99.9179,204.0061,48.9078,-16.6361,0.0,0.0001,1.837,-0.0001,6.5412,35.3494,8.2641,27.5081,36.389
432.0,869.0,8.3179,37.2184,98.68,186.967,0.0238,0.0,99.9237,204.0061,48.9078,-16.6361,0.0,0.0001,1.8376,0.0005,6.5487,35.3435,8.2236,27.5097,36.3925
433.0,871.0,8.2977,37.1992,98.68,186.5739,0.0237,0.0,99.9202,204.0061,48.9078,-16.6361,0.0,0.0001,1.8364,-0.0004,6.5533,35.3425,8.2034,27.512,36.3958
434.0,873.0,8.275,37.175,98.68,187.0433,0.0206,0.0,99.9267,204.0061,48.9078,-16.6361,0.0,0.0001,1.8373,0.0004,6.5516,35.3385,8.1807,27.5124,36.3972
435.0,875.0,8.2535,37.1538,98.68,187.7033,0.0193,0.0,99.9185,204.0062,48.9078,-16.6361,0.0,0.0001,1.8379,0.0007,6.5624,35.3366,8.1591,27.5141,36.3999
436.0,877.0,8.2165,37.1138,98.68,187.1441,0.0218,0.0,99.9233,204.0062,48.9078,-16.6361,0.0,0.0001,1.8376,-0.0007,6.5693,35.3302,8.1221,27.5148,36.4023
437.0,879.0,8.1656,37.0638,98.68,188.351,0.021,0.0,99.9177,204.0062,48.9078,-16.6361,0.0,0.0001,1.841,0.0014,6.5625,35.3269,8.0713,27.5199,36.4098
438.0,881.0,8.1799,37.0836,81.6929,188.5865,0.0211,0.0,99.9125,204.0062,48.9078,-16.6361,0.0,0.0001,1.8433,0.001,6.5625,35.3327,8.0852,27.5224,36.4116
439.0,883.0,8.2092,37.1225,96.7439,187.9808,0.0233,0.0,99.9292,204.0063,48.9078,-16.6361,0.0,0.0001,1.8426,-0.0005,6.5677,35.344,8.1141,27.5268,36.4145
440.0,885.0,8.1866,37.0998,98.68,188.0915,0.0207,0.0,99.9204,204.0063,48.9078,-16.6361,0.0,0.0001,1.8413,-0.0003,6.5731,35.3413,8.0915,27.5281,36.4169
441.0,887.0,8.1615,37.073,98.68,188.1753,0.021,0.0,99.9288,204.0063,48.9078,-16.6361,0.0,0.0001,1.8413,-0.0003,6.5742,35.3371,8.0663,27.5287,36.4187
442.0,889.0,8.1318,37.042,87.9213,188.807,0.021,0.0,99.9245,204.0063,48.9078,-16.6361,0.0,0.0001,1.8424,0.0008,6.5708,35.3328,8.0366,27.5298,36.4211
443.0,891.0,8.1581,37.0752,98.68,188.6013,0.0226,0.0,99.9231,204.0064,48.9078,-16.6361,0.0,0.0001,1.8433,0.0,6.5721,35.341,8.0625,27.5323,36.4224
444.0,893.0,8.1469,37.067,98.68,188.373,0.023,0.0,99.9349,204.0064,48.9078,-16.6361,0.0,0.0001,1.8424,-0.0004,6.5735,35.3424,8.0511,27.5352,36.4257
445.0,895.0,8.1255,37.0501,98.68,188.6802,0.0221,0.0,99.937,204.0064,48.9078,-16.6361,0.0,0.0001,1.8425,0.0001,6.5713,35.3447,8.0296,27.5403,36.4317
446.0,897.0,8.1393,37.0696,98.68,188.7759,0.0236,0.0,99.9352,204.0064,48.9078,-16.6361,0.0,0.0001,1.843,0.0003,6.5689,35.3508,8.0431,27.543,36.4338
447.0,899.0,8.154,37.0878,84.526,188.2663,0.0201,0.0,99.9369,204.0065,48.9078,-16.6361,0.0,0.0001,1.8417,-0.0005,6.5694,35.3546,8.0575,27.5438,36.4339
448.0,901.0,8.1558,37.0913,98.68,188.2023,0.0226,0.0,99.9416,204.0065,48.9077,-16.6361,0.0,0.0001,1.8401,-0.0005,6.5693,35.3557,8.0589,27.5444,36.4344
449.0,903.0,8.1546,37.0907,77.3461,188.313,0.0189,0.0,99.9267,204.0065,48.9077,-16.6361,0.0,0.0001,1.84,-0.0001,6.5677,35.3554,8.0576,27.5444,36.4345
450.0,905.0,8.1593,37.0971,86.5501,188.4448,0.021,0.0,99.9383,204.0066,48.9077,-16.6361,0.0,0.0001,1.8401,0.0001,6.5657,35.3565,8.062,27.5446,36.4345
451.0,907.0,8.1652,37.1048,91.8089,188.2751,0.0234,0.0,99.9379,204.0066,48.9077,-16.6361,0.0,0.0001,1.84,-0.0002,6.5649,35.3579,8.0677,27.5449,36.4344
452.0,909.0,8.1819,37.1263,98.68,188.0788,0.0196,0.0,99.935,204.0066,48.9077,-16.6361,0.0,0.0001,1.839,-0.0005,6.5655,35.3633,8.084,27.5466,36.4353
453.0,911.0,8.1783,37.1243,98.68,188.2266,0.0172,0.0,99.9308,204.0066,48.9077,-16.6361,0.0,0.0001,1.8379,-0.0003,6.5705,35.3638,8.0802,27.5476,36.4365
454.0,913.0,8.1638,37.1105,98.68,188.4016,0.0165,0.0,99.9477,204.0067,48.9077,-16.6361,0.0,0.0001,1.8376,-0.0002,6.5771,35.3626,8.0656,27.5488,36.4384
455.0,915.0,8.1093,37.0541,98.6788,188.9787,0.0208,0.0,99.9364,204.0067,48.9077,-16.6361,0.0,0.0001,1.8385,0.0004,6.5825,35.3562,8.0113,27.552,36.4442
456.0,917.0,8.0698,37.0113,98.68,189.2956,0.0174,0.0,99.927,204.0067,48.9077,-16.6361,0.0,0.0001,1.8398,0.0004,6.5841,35.3493,7.9718,27.5526,36.4466
457.0,919.0,8.0604,37.0024,98.68,189.2836,0.019,0.0,99.9224,204.0067,48.9077,-16.6361,0.0,0.0001,1.84,0.0002,6.5845,35.3481,7.9622,27.5531,36.4476
458.0,921.0,8.0566,36.9991,70.7119,189.31,0.0226,0.0,99.9243,204.0068,48.9077,-16.6361,0.0,0.0001,1.84,-0.0001,6.5884,35.3475,7.9582,27.5532,36.4479
459.0,923.0,8.0436,36.9853,93.467,188.9493,0.0198,0.0,99.9084,204.0068,48.9077,-16.6361,0.0,0.0001,1.8393,-0.0005,6.5874,35.3448,7.9451,27.5531,36.4484
460.0,925.0,7.9916,36.9321,97.2056,189.897,0.0165,0.0,99.9273,204.0068,48.9077,-16.6361,0.0,0.0001,1.8404,0.0005,6.596,35.339,7.8932,27.5563,36.454
461.0,927.0,7.9825,36.9243,98.2024,190.2153,0.0222,0.0,99.9267,204.0069,48.9077,-16.6361,0.0,0.0001,1.8413,0.0005,6.6024,35.3391,7.884,27.5578,36.4559
462.0,929.0,7.9623,36.9099,98.68,190.1904,0.0232,0.0,99.9314,204.0069,48.9077,-16.6361,0.0,0.0001,1.8419,0.0001,6.6048,35.343,7.8637,27.5639,36.4629
463.0,931.0,7.9237,36.8712,98.68,190.9784,0.0222,0.0,99.9269,204.0069,48.9077,-16.6361,0.0,0.0001,1.8435,0.0012,6.6012,35.3393,7.8251,27.5668,36.4676
464.0,933.0,7.9118,36.8598,98.68,191.07,0.0202,0.0,99.9267,204.0069,48.9077,-16.6361,0.0,0.0001,1.8454,0.0004,6.6094,35.3381,7.813,27.5676,36.469
465.0,935.0,7.8899,36.837,76.7973,190.632,0.0175,0.0,99.9257,204.007,48.9077,-16.6361,0.0,0.0001,1.8437,-0.0005,6.6152,35.3347,7.7911,27.5682,36.4706
466.0,937.0,7.8601,36.8079,81.4295,191.4855,0.0159,0.0,99.9383,204.007,48.9077,-16.6361,0.0,0.0001,1.8455,0.0007,6.6168,35.3325,7.7612,27.5709,36.4747
467.0,939.0,7.8519,36.8012,98.68,191.8476,0.0177,0.0,99.9276,204.007,48.9077,-16.6361,0.0,0.0001,1.8468,0.001,6.6182,35.3328,7.7529,27.5724,36.4766
468.0,941.0,7.8339,36.7841,98.68,191.5965,0.0191,0.0,99.9327,204.007,48.9077,-16.6361,0.0,0.0001,1.8478,0.0003,6.6119,35.3316,7.7348,27.5741,36.4791
469.0,943.0,7.8844,36.8457,74.4525,191.6536,0.0182,0.0,99.9287,204.0071,48.9077,-16.6361,0.0,0.0001,1.8493,0.0004,6.6015,35.3459,7.7847,27.5779,36.4804
470.0,945.0,7.937,36.9134,98.68,190.3108,0.0176,0.0,99.9322,204.0071,48.9077,-16.6361,0.0,0.0001,1.8478,-0.0015,6.597,35.3647,7.8367,27.585,36.4849
471.0,947.0,7.9408,36.9198,84.9724,190.5564,0.0165,0.0,99.9404,204.0071,48.9077,-16.6361,0.0,0.0001,1.8462,-0.0008,6.5964,35.367,7.8403,27.5862,36.4859
472.0,949.0,7.9691,36.9558,98.68,190.6238,0.0181,0.0,99.9195,204.0071,48.9077,-16.6361,0.0,0.0001,1.8437,-0.0006,6.6019,35.3761,7.8681,27.5893,36.4876
473.0,951.0,7.9331,36.9182,98.68,190.4259,0.0186,0.0,99.9357,204.0072,48.9077,-16.6361,0.0,0.0001,1.8423,-0.0006,6.6032,35.371,7.8321,27.5906,36.4906
474.0,953.0,7.9171,36.901,98.68,190.2844,0.0212,0.0,99.9306,204.0072,48.9077,-16.6361,0.0,0.0001,1.8413,-0.0005,6.5991,35.3676,7.816,27.5904,36.4912
475.0,955.0,7.9472,36.9385,98.68,190.4306,0.0178,0.0,99.9336,204.0072,48.9077,-16.6361,0.0,0.0001,1.8408,-0.0003,6.6017,35.3767,7.8457,27.5931,36.4924
476.0,957.0,7.9654,36.9609,89.2795,190.7161,0.0168,0.0,99.9178,204.0072,48.9077,-16.6361,0.0,0.0001,1.8406,0.0002,6.5989,35.3814,7.8636,27.5941,36.4925
477.0,959.0,7.9576,36.9534,98.68,190.3787,0.0187,0.0,99.9304,204.0073,48.9077,-16.6361,0.0,0.0001,1.84,-0.0008,6.608,35.3803,7.8555,27.5944,36.4932
478.0,961.0,7.9061,36.9006,67.5141,190.2877,0.02,0.0,99.9404,204.0073,48.9076,-16.6361,0.0,0.0001,1.8388,-0.0008,6.6106,35.3745,7.8042,27.5975,36.4987
479.0,963.0,7.8804,36.874,95.6352,190.6875,0.0215,0.0,99.926,204.0073,48.9076,-16.6361,0.0,0.0001,1.84,0.0001,6.6062,35.3708,7.7785,27.5985,36.5009
480.0,965.0,7.8769,36.872,94.6156,191.4056,0.0185,0.0,99.9303,204.0074,48.9077,-16.6361,0.0,0.0001,1.8413,0.0008,6.6095,35.3713,7.7748,27.5994,36.502
481.0,967.0,7.8736,36.8715,98.68,190.8075,0.0177,0.0,99.9224,204.0074,48.9076,-16.6361,0.0,0.0001,1.8404,-0.0004,6.6124,35.3735,7.7713,27.6016,36.5044
482.0,969.0,7.877,36.8774,98.68,190.548,0.0201,0.0,99.9346,204.0074,48.9076,-16.6361,0.0,0.0001,1.8403,-0.0007,6.6119,35.3753,7.7744,27.6026,36.5051
483.0,971.0,7.8425,36.8411,98.68,191.5893,0.021,0.0,99.9329,204.0074,48.9076,-16.6361,0.0,0.0001,1.8402,0.0008,6.6153,35.3699,7.7399,27.6035,36.5077
484.0,973.0,7.8481,36.8481,98.68,191.327,0.0218,0.0,99.9327,204.0075,48.9076,-16.6361,0.0,0.0001,1.8401,0.0,6.6182,35.3711,7.7454,27.6036,36.5076
485.0,975.0,7.8265,36.8257,98.68,191.6485,0.0249,0.0,99.9297,204.0075,48.9076,-16.6361,0.0,0.0001,1.8413,0.0003,6.6179,35.3679,7.7236,27.6043,36.5093
486.0,977.0,7.8295,36.8334,98.68,191.5368,0.0193,0.0,99.9332,204.0075,48.9076,-16.6361,0.0,0.0001,1.84,-0.0001,6.6197,35.3721,7.7264,27.6072,36.512
487.0,979.0,7.8189,36.8235,70.3472,191.7364,0.0197,0.0,99.9326,204.0075,48.9076,-16.6361,0.0,0.0001,1.8417,0.0002,6.6181,35.3712,7.7156,27.6081,36.5134
488.0,981.0,7.8155,36.8203,96.3026,191.8982,0.0204,0.0,99.9048,204.0076,48.9076,-16.6361,0.0,0.0001,1.8422,0.0002,6.6193,35.3703,7.712,27.608,36.5134
489.0,983.0,7.8144,36.8204,98.68,191.686,0.0204,0.0,99.9177,204.0076,48.9076,-16.6361,0.0,0.0001,1.8415,-0.0001,6.6171,35.3706,7.7108,27.6083,36.5138
490.0,985.0,7.8335,36.8486,98.5662,191.9887,0.0231,0.0002,99.6273,204.0076,48.9076,-16.6361,0.0,0.0001,1.842,0.0002,6.6185,35.3806,7.7294,27.6134,36.518
491.0,987.0,7.8256,36.8418,98.68,191.9342,0.0226,0.0,99.9075,204.0077,48.9076,-16.6361,0.0,0.0001,1.8422,0.0,6.6195,35.3804,7.7214,27.6145,36.5194
492.0,989.0,7.8144,36.8313,82.6223,191.9154,0.0194,0.0,99.9087,204.0077,48.9076,-16.6361,0.0,0.0001,1.8417,-0.0001,6.6206,35.3795,7.71,27.6154,36.5209
493.0,991.0,7.8053,36.8227,98.68,192.0108,0.0162,0.0,99.9057,204.0077,48.9076,-16.6361,0.0,0.0001,1.8416,0.0,6.6202,35.3784,7.7007,27.616,36.5218
494.0,993.0,7.8075,36.8269,94.8014,192.4587,0.0206,0.0,99.9095,204.0078,48.9076,-16.6361,0.0,0.0001,1.8432,0.0004,6.6205,35.3798,7.7027,27.6168,36.5225
495.0,995.0,7.8054,36.8256,98.5294,192.1387,0.0217,0.0,99.9091,204.0078,48.9076,-16.6361,0.0,0.0001,1.8425,-0.0002,6.6214,35.3797,7.7004,27.617,36.5229
496.0,997.0,7.799,36.8211,92.0657,192.436,0.0209,0.0,99.8732,204.0079,48.9076,-16.636,0.0,0.0001,1.8432,0.0001,6.6221,35.3802,7.6938,27.6184,36.5246
497.0,999.0,7.7916,36.8151,92.4568,192.3804,0.0194,0.0,99.8946,204.0079,48.9076,-16.636,0.0,0.0001,1.8426,0.0,6.6229,35.3803,7.6862,27.6196,36.5261
498.0,1001.0,7.788,36.8117,98.68,192.4083,0.0194,0.0,99.8936,204.008,48.9076,-16.636,0.0,0.0001,1.8421,-0.0001,6.626,35.3795,7.6825,27.6196,36.5262
499.0,1003.0,7.7694,36.7947,89.525,192.6406,0.0221,0.0001,99.872,204.0081,48.9076,-16.636,0.0,0.0001,1.8431,0.0001,6.6254,35.3791,7.6638,27.622,36.5295
500.0,1005.0,7.7666,36.7929,93.3672,192.6938,0.0217,0.0001,99.8665,204.0081,48.9076,-16.636,0.0,0.0001,1.8431,0.0,6.6264,35.3787,7.6608,27.6221,36.5298
501.0,1007.0,7.7627,36.7896,98.68,192.8055,0.0212,0.0001,99.8449,204.0082,48.9076,-16.636,0.0,0.0001,1.8431,0.0,6.6288,35.3786,7.6568,27.6226,36.5305
502.0,1009.0,7.7498,36.7777,93.8573,192.9387,0.0191,0.0001,99.8477,204.0083,48.9076,-16.6359,0.0,0.0001,1.8437,0.0,6.6289,35.3777,7.6437,27.6239,36.5323
503.0,1011.0,7.7482,36.777,95.5917,192.9885,0.0195,0.0001,99.8091,204.0087,48.9075,-16.6358,0.0,0.0001,1.8436,0.0,6.6303,35.3774,7.6418,27.6239,36.5324
504.0,1013.0,7.7429,36.7719,89.4728,193.0667,0.0203,0.0001,99.7995,204.0088,48.9075,-16.6358,0.0,0.0001,1.8437,0.0001,6.6302,35.3768,7.6365,27.6242,36.533
