Datacycle,press,temp,cond,alt,oxygen,fluor,atten,trans,jday,lat,lon,PAR,UPAR,oxV,oxdVdt,oxysat,salin,potemp,sigma0,sigma2
1.0,3.0,15.2091,43.7651,89.4625,243.9691,1.1499,0.0042,90.1181,217.9302,49.0879,-16.3694,0.0,0.0001,2.7137,-0.0021,5.6438,35.5824,15.2087,26.3748,34.9753
2.0,5.0,15.2107,43.7676,80.3761,244.9984,1.1319,0.0042,90.1025,217.9303,49.0879,-16.3694,0.0,0.0001,2.7165,0.0008,5.6437,35.5823,15.21,26.3745,34.9749
3.0,7.0,15.2099,43.7681,89.7317,244.9649,1.066,0.0041,90.1682,217.9305,49.0878,-16.3694,0.0,0.0001,2.7171,0.0,5.6437,35.5825,15.2088,26.3749,34.9754
4.0,9.0,15.21,43.7688,94.6357,244.8907,1.1048,0.0041,90.2105,217.9305,49.0878,-16.3695,0.0,0.0001,2.7161,-0.0001,5.6437,35.5825,15.2087,26.3749,34.9754
5.0,11.0,15.2105,43.7699,88.8685,244.4553,1.184,0.0041,90.1903,217.9306,49.0878,-16.3695,0.0,0.0001,2.7127,-0.0006,5.6437,35.5824,15.2089,26.3748,34.9752
6.0,13.0,15.212,43.772,92.6688,244.474,1.1607,0.0041,90.2367,217.9307,49.0878,-16.3695,0.0,0.0001,2.711,0.0,5.6435,35.5818,15.21,26.3741,34.9746
7.0,15.0,15.2137,43.7747,98.71,244.5792,1.0257,0.0041,90.2381,217.9308,49.0878,-16.3695,0.0,0.0001,2.7112,-0.0001,5.6434,35.5818,15.2113,26.3738,34.9742
8.0,17.0,15.2141,43.7757,86.907,244.429,1.0827,0.0041,90.2061,217.9308,49.0878,-16.3695,0.0,0.0001,2.7104,-0.0003,5.6433,35.5818,15.2115,26.3738,34.9741
9.0,19.0,15.2142,43.7767,98.71,244.4295,1.3008,0.0041,90.2,217.9309,49.0878,-16.3695,0.0,0.0001,2.7095,0.0,5.6432,35.5817,15.2113,26.3737,34.9741
10.0,21.0,15.2153,43.7784,98.71,244.2044,1.2539,0.0041,90.2163,217.931,49.0878,-16.3695,0.0,0.0001,2.7072,-0.0004,5.6431,35.5817,15.2122,26.3735,34.9739
11.0,23.0,15.2164,43.7817,92.8792,244.4955,1.1737,0.0041,90.1958,217.9311,49.0878,-16.3695,0.0,0.0001,2.7088,0.0001,5.6431,35.5828,15.2129,26.3742,34.9746
12.0,25.0,15.2168,43.7842,96.9083,244.2703,1.0756,0.0041,90.1727,217.9311,49.0877,-16.3696,0.0,0.0001,2.7062,-0.0002,5.6432,35.5838,15.213,26.375,34.9753
13.0,27.0,15.216,43.7824,93.8582,244.3076,1.1091,0.0041,90.2503,217.9312,49.0877,-16.3696,0.0,0.0001,2.7062,-0.0002,5.6432,35.5819,15.2118,26.3737,34.9741
14.0,29.0,15.2161,43.783,96.4241,244.149,1.0516,0.0041,90.3336,217.9313,49.0877,-16.3696,0.0,0.0001,2.7044,-0.0002,5.6433,35.5818,15.2117,26.3737,34.9741
15.0,31.0,15.213,43.7813,92.79,244.2035,1.3624,0.0041,90.2446,217.9314,49.0877,-16.3696,0.0,0.0001,2.7035,0.0001,5.6433,35.582,15.2082,26.3746,34.9751
16.0,33.0,15.2135,43.7824,94.1473,243.9435,1.2267,0.0041,90.1783,217.9314,49.0877,-16.3696,0.0,0.0001,2.7028,-0.0008,5.6432,35.5821,15.2085,26.3746,34.9751
17.0,35.0,15.2145,43.7844,98.6326,244.1054,1.1278,0.0041,90.1578,217.9315,49.0877,-16.3697,0.0,0.0001,2.7019,0.0002,5.6433,35.5819,15.2092,26.3744,34.9748
18.0,37.0,15.2157,43.7865,98.7272,244.2026,1.095,0.0041,90.2492,217.9316,49.0877,-16.3697,0.0,0.0001,2.7026,-0.0003,5.6431,35.5819,15.21,26.3742,34.9746
19.0,39.0,15.2165,43.7883,90.1302,244.1454,1.1986,0.0041,90.2602,217.9317,49.0877,-16.3697,0.0,0.0001,2.7021,-0.0005,5.6432,35.5821,15.2106,26.3742,34.9746
20.0,41.0,15.2155,43.7898,98.699,243.9343,1.2583,0.0041,90.2649,217.9318,49.0877,-16.3697,0.0,0.0001,2.6977,0.0,5.6434,35.5834,15.2092,26.3755,34.9759
21.0,43.0,15.2033,43.784,96.3112,243.886,1.2297,0.0038,90.8851,217.9318,49.0876,-16.3697,0.0,0.0001,2.6972,-0.0004,5.6489,35.5885,15.1968,26.3822,34.983
22.0,45.0,14.9692,43.597,93.6045,239.1638,0.9367,0.003,92.5344,217.9319,49.0876,-16.3697,0.0,0.0001,2.6543,-0.0051,5.6781,35.6302,14.9623,26.4663,35.0749
23.0,47.0,14.5829,43.3004,90.3686,236.477,0.6363,0.0021,94.9646,217.932,49.0876,-16.3698,0.0,0.0001,2.626,-0.0043,5.6864,35.7112,14.5759,26.6134,35.2349
24.0,49.0,14.2417,43.0259,96.0228,231.3177,0.5264,0.0019,95.3938,217.9321,49.0876,-16.3698,0.0,0.0001,2.5776,-0.0134,5.7614,35.7714,14.2345,26.7335,35.3667
25.0,51.0,14.0429,42.8546,93.8723,231.8866,0.3163,0.0015,96.4066,217.9321,49.0876,-16.3698,0.0,0.0001,2.5607,0.0,5.7358,35.7959,14.0355,26.7949,35.435
26.0,53.0,13.85,42.6724,92.3742,230.3036,0.2663,0.0013,96.8623,217.9322,49.0876,-16.3698,0.0,0.0001,2.5443,-0.0017,5.7592,35.8039,13.8424,26.842,35.4891
27.0,55.0,13.7991,42.6274,88.6427,228.001,0.1839,0.001,97.6398,217.9323,49.0876,-16.3698,0.0,0.0001,2.514,-0.0017,5.7884,35.8082,13.7911,26.8561,35.5051
28.0,57.0,13.787,42.6189,93.4057,227.2957,0.1688,0.0007,98.3078,217.9324,49.0875,-16.3699,0.0,0.0001,2.507,-0.0032,5.8007,35.8109,13.7789,26.8607,35.5102
29.0,59.0,13.7778,42.6151,98.6304,228.4508,0.0993,0.0006,98.574,217.9325,49.0875,-16.3699,0.0,0.0001,2.5103,0.0002,5.798,35.8152,13.7693,26.866,35.5158
30.0,61.0,13.7418,42.577,94.6628,228.0483,0.0859,0.0005,98.6367,217.9326,49.0875,-16.3699,0.0,0.0001,2.5079,-0.0016,5.806,35.8119,13.7331,26.8711,35.5222
31.0,63.0,13.718,42.5534,91.021,228.4639,0.0715,0.0004,98.9035,217.9326,49.0875,-16.3699,0.0,0.0001,2.5089,0.0003,5.7996,35.8115,13.709,26.8758,35.5279
32.0,65.0,13.7151,42.5527,98.6041,227.788,0.0569,0.0004,99.0229,217.9327,49.0875,-16.3699,0.0,0.0001,2.5013,-0.0006,5.8099,35.8124,13.7058,26.8772,35.5294
33.0,67.0,13.6744,42.5105,83.8996,227.7479,0.0446,0.0004,99.1159,217.9327,49.0875,-16.37,0.0,0.0001,2.4983,-0.0003,5.8148,35.8099,13.6649,26.8838,35.5375
34.0,69.0,13.6445,42.4783,81.9093,227.7984,0.0414,0.0003,99.1243,217.9328,49.0875,-16.37,0.0,0.0001,2.4971,-0.0002,5.819,35.8068,13.6347,26.8877,35.5426
35.0,71.0,13.6373,42.4727,79.919,228.047,0.0416,0.0003,99.178,217.9329,49.0874,-16.37,0.0,0.0001,2.4977,0.0003,5.8184,35.8074,13.6272,26.8898,35.5449
36.0,73.0,13.6397,42.4802,98.71,228.4149,0.0389,0.0003,99.2194,217.9329,49.0874,-16.37,0.0,0.0001,2.5003,0.0003,5.8195,35.8114,13.6293,26.8924,35.5474
37.0,75.0,13.622,42.4635,93.3779,229.0225,0.0399,0.0003,99.2436,217.933,49.0874,-16.37,0.0,0.0001,2.5045,0.0005,5.82,35.8112,13.6113,26.896,35.5517
38.0,77.0,13.6215,42.4645,98.71,228.9871,0.0348,0.0003,99.263,217.9331,49.0874,-16.37,0.0,0.0001,2.5038,-0.0001,5.8234,35.8119,13.6105,26.8967,35.5524
39.0,79.0,13.5936,42.4355,88.2235,228.9018,0.0335,0.0003,99.2785,217.9331,49.0874,-16.3701,0.0,0.0001,2.5034,-0.0004,5.8239,35.8096,13.5824,26.9008,35.5576
40.0,81.0,13.5921,42.4279,91.9394,228.357,0.0348,0.0003,99.333,217.9332,49.0874,-16.3701,0.0,0.0001,2.4983,-0.001,5.8272,35.8033,13.5807,26.8962,35.5532
41.0,83.0,13.5406,42.3739,95.6553,228.6647,0.0314,0.0003,99.3231,217.9333,49.0874,-16.3701,0.0,0.0001,2.4982,-0.0002,5.8294,35.7996,13.5288,26.9042,35.5631
42.0,85.0,13.5068,42.3374,98.7,227.6131,0.03,0.0003,99.3628,217.9333,49.0874,-16.3701,0.0,0.0001,2.49,-0.0018,5.8367,35.7959,13.4948,26.9084,35.5687
43.0,87.0,13.4714,42.2984,93.0495,226.3632,0.0295,0.0003,99.3559,217.9334,49.0873,-16.3701,0.0,0.0001,2.4775,-0.0017,5.8393,35.7913,13.459,26.9122,35.5739
44.0,89.0,13.4578,42.2845,79.7325,226.8598,0.0298,0.0002,99.3807,217.9335,49.0873,-16.3701,0.0,0.0001,2.4766,0.0,5.8427,35.79,13.4452,26.9141,35.5763
45.0,91.0,13.4284,42.2519,96.5878,227.0048,0.0277,0.0002,99.3775,217.9335,49.0873,-16.3702,0.0,0.0001,2.4773,-0.0004,5.8468,35.7861,13.4155,26.9172,35.5806
46.0,93.0,13.3865,42.2049,98.6332,226.7358,0.0272,0.0002,99.3794,217.9336,49.0873,-16.3702,0.0,0.0001,2.474,-0.0003,5.8482,35.7797,13.3734,26.9209,35.586
47.0,95.0,13.3763,42.1929,36.8143,225.5955,0.0266,0.0002,99.401,217.9337,49.0873,-16.3702,0.0,0.0001,2.4666,-0.0027,5.854,35.7774,13.363,26.9213,35.5868
48.0,97.0,13.3269,42.139,97.2517,226.1447,0.0252,0.0002,99.4016,217.9337,49.0873,-16.3702,0.0,0.0001,2.4657,-0.0005,5.8554,35.7716,13.3133,26.9271,35.5945
49.0,99.0,13.3071,42.1184,98.6909,225.411,0.0275,0.0002,99.4305,217.9338,49.0873,-16.3703,0.0,0.0001,2.458,-0.0011,5.8639,35.7698,13.2932,26.9298,35.598
50.0,101.0,13.2737,42.0813,90.4878,225.1378,0.0269,0.0002,99.4192,217.9339,49.0872,-16.3703,0.0,0.0001,2.4539,-0.0006,5.8647,35.7652,13.2595,26.9331,35.6026
51.0,103.0,13.2617,42.0688,92.0196,224.1997,0.028,0.0002,99.4234,217.9342,49.0872,-16.3704,0.0,0.0001,2.4448,-0.0006,5.8665,35.7635,13.2473,26.9343,35.6043
52.0,105.0,13.2386,42.0437,89.7618,223.7592,0.0263,0.0002,99.4192,217.9343,49.0872,-16.3704,0.0,0.0001,2.4399,-0.0002,5.8669,35.7608,13.224,26.937,35.6079
53.0,107.0,13.2175,42.0214,94.7559,222.8745,0.0265,0.0002,99.3927,217.9345,49.0871,-16.3705,0.0,0.0001,2.4301,-0.0002,5.8708,35.7584,13.2025,26.9395,35.6113
54.0,109.0,13.2099,42.014,82.2923,223.1975,0.0252,0.0002,99.3954,217.9346,49.0871,-16.3705,0.0,0.0001,2.4316,-0.0001,5.8733,35.7577,13.1948,26.9406,35.6127
55.0,111.0,13.1994,42.0044,98.1101,222.779,0.0277,0.0002,99.3845,217.9347,49.0871,-16.3705,0.0,0.0001,2.4288,-0.0008,5.8748,35.7575,13.1838,26.9426,35.6152
56.0,113.0,13.1876,41.9918,98.71,222.7207,0.0244,0.0002,99.3892,217.9347,49.0871,-16.3705,0.0,0.0001,2.4272,-0.0001,5.8733,35.756,13.1719,26.9439,35.6169
57.0,115.0,13.1626,41.963,89.8999,222.9403,0.0241,0.0002,99.377,217.9348,49.0871,-16.3706,0.0,0.0001,2.4271,0.0003,5.877,35.7511,13.1466,26.9453,35.6193
58.0,117.0,13.1605,41.9618,98.6042,223.361,0.0243,0.0002,99.3714,217.9349,49.0871,-16.3706,0.0,0.0001,2.4286,0.0003,5.8801,35.751,13.1442,26.9456,35.6198
59.0,119.0,13.1467,41.9465,82.3651,223.461,0.0229,0.0002,99.3768,217.935,49.0871,-16.3706,0.0,0.0001,2.4292,-0.0001,5.8816,35.7487,13.1301,26.9467,35.6214
60.0,121.0,13.1265,41.9233,63.3502,222.9547,0.0242,0.0003,99.359,217.9351,49.0871,-16.3706,0.0,0.0001,2.4245,-0.0009,5.8862,35.7446,13.1096,26.9477,35.6232
61.0,123.0,13.1021,41.895,98.7024,223.2203,0.0276,0.0003,99.3596,217.9351,49.0871,-16.3706,0.0,0.0001,2.4254,0.0002,5.8839,35.74,13.085,26.9492,35.6257
62.0,125.0,13.0725,41.8626,92.2178,223.4058,0.0282,0.0003,99.343,217.9352,49.0871,-16.3707,0.0,0.0001,2.426,-0.0004,5.8884,35.7356,13.0551,26.9519,35.6296
63.0,127.0,13.0644,41.8535,98.7062,223.2336,0.0259,0.0003,99.3492,217.9352,49.087,-16.3707,0.0,0.0001,2.4245,-0.0006,5.8892,35.7343,13.0469,26.9525,35.6306
64.0,129.0,13.0383,41.8248,73.6829,223.2007,0.0265,0.0003,99.3521,217.9353,49.087,-16.3707,0.0,0.0001,2.4223,-0.0004,5.894,35.7305,13.0205,26.955,35.6341
65.0,131.0,13.0286,41.8144,94.4322,223.4406,0.0264,0.0002,99.3653,217.9353,49.087,-16.3707,0.0,0.0001,2.4221,0.0006,5.8931,35.7289,13.0105,26.9557,35.6352
66.0,133.0,13.0223,41.8092,98.6991,223.6753,0.0256,0.0003,99.3539,217.9354,49.087,-16.3707,0.0,0.0001,2.4238,0.0001,5.8951,35.7288,13.0039,26.957,35.6367
67.0,135.0,13.0164,41.8055,98.71,221.8407,0.0238,0.0002,99.3795,217.9355,49.087,-16.3707,0.0,0.0001,2.4153,-0.0031,5.8967,35.7299,12.9978,26.9591,35.639
68.0,137.0,13.0122,41.8026,89.7633,223.1068,0.0216,0.0002,99.382,217.9356,49.087,-16.3707,0.0,0.0001,2.4157,0.0008,5.8979,35.7303,12.9933,26.9603,35.6404
69.0,139.0,12.9973,41.7903,98.6711,224.4383,0.0201,0.0002,99.364,217.9356,49.087,-16.3708,0.0,0.0001,2.425,0.0008,5.9012,35.7316,12.9781,26.9644,35.6451
70.0,141.0,12.954,41.7419,98.71,224.1425,0.0251,0.0002,99.3662,217.9357,49.0871,-16.3707,0.0,0.0001,2.4233,-0.0002,5.9049,35.7254,12.9345,26.9683,35.6508
71.0,143.0,12.9489,41.7363,87.1438,223.2792,0.0363,0.0003,99.3428,217.9358,49.087,-16.3708,0.0,0.0001,2.4172,-0.0011,5.9079,35.724,12.9292,26.9684,35.651
72.0,145.0,12.9202,41.7034,98.6359,223.2259,0.0276,0.0003,99.334,217.9359,49.087,-16.3708,0.0,0.0001,2.4139,-0.0002,5.9088,35.7184,12.9001,26.9699,35.6538
73.0,147.0,12.9196,41.7029,88.5112,222.8412,0.025,0.0003,99.3177,217.9359,49.087,-16.3708,0.0,0.0001,2.4128,-0.001,5.9106,35.7181,12.8994,26.9698,35.6537
74.0,149.0,12.8889,41.6699,96.5475,222.8401,0.0249,0.0003,99.3242,217.936,49.087,-16.3708,0.0,0.0001,2.4085,-0.0001,5.9131,35.7143,12.8684,26.9731,35.6582
75.0,151.0,12.8795,41.6591,82.0523,222.0868,0.0258,0.0003,99.3182,217.936,49.087,-16.3708,0.0,0.0001,2.4043,-0.0013,5.9143,35.7121,12.8588,26.9733,35.6588
76.0,153.0,12.8571,41.6338,98.7062,222.1482,0.0223,0.0003,99.3106,217.9361,49.087,-16.3708,0.0,0.0001,2.4022,-0.001,5.9224,35.7083,12.8361,26.9749,35.6614
77.0,155.0,12.7799,41.5426,92.218,221.9764,0.0227,0.0003,99.3147,217.9362,49.087,-16.3708,0.0,0.0001,2.3955,-0.0003,5.9271,35.6924,12.7587,26.9781,35.6678
78.0,157.0,12.7504,41.5084,86.9013,220.6201,0.0241,0.0003,99.3191,217.9363,49.087,-16.3708,0.0,0.0001,2.3877,-0.0026,5.9326,35.6867,12.7289,26.9796,35.6705
79.0,159.0,12.7332,41.491,89.0212,220.7954,0.0249,0.0003,99.3222,217.9363,49.087,-16.3709,0.0,0.0001,2.3843,-0.0005,5.933,35.6855,12.7115,26.9822,35.6737
80.0,161.0,12.7306,41.4903,96.1188,219.292,0.023,0.0003,99.3324,217.9364,49.087,-16.3709,0.0,0.0001,2.3751,-0.0027,5.9344,35.6864,12.7086,26.9835,35.6751
81.0,163.0,12.7025,41.46,93.3025,219.5952,0.0246,0.0003,99.3267,217.9365,49.087,-16.3709,0.0,0.0001,2.3711,0.0,5.9359,35.6829,12.6803,26.9864,35.6792
82.0,165.0,12.6988,41.4563,86.4212,219.094,0.0257,0.0003,99.3271,217.9365,49.087,-16.3709,0.0,0.0001,2.3679,-0.0007,5.9358,35.6821,12.6763,26.9865,35.6795
83.0,167.0,12.6966,41.4547,92.7124,219.1335,0.0259,0.0003,99.3319,217.9366,49.087,-16.3709,0.0,0.0001,2.3664,-0.0004,5.939,35.6817,12.6738,26.9868,35.6798
84.0,169.0,12.6769,41.434,98.71,217.1739,0.0269,0.0003,99.3265,217.9367,49.087,-16.3709,0.0,0.0001,2.3561,-0.0035,5.9425,35.6796,12.654,26.9891,35.683
85.0,171.0,12.6537,41.4103,82.8112,218.0066,0.0237,0.0003,99.317,217.9367,49.087,-16.3709,0.0,0.0001,2.3548,-0.0001,5.9417,35.678,12.6305,26.9925,35.6873
86.0,173.0,12.6612,41.4194,98.649,217.7007,0.0254,0.0003,99.304,217.9368,49.087,-16.3709,0.0,0.0001,2.3514,-0.0006,5.9431,35.6787,12.6377,26.9916,35.6861
87.0,175.0,12.6512,41.4093,85.3394,217.7184,0.0255,0.0003,99.2921,217.9369,49.087,-16.3709,0.0,0.0001,2.3505,-0.0002,5.9454,35.6776,12.6274,26.9928,35.6877
88.0,177.0,12.6143,41.3672,95.7001,216.9809,0.023,0.0003,99.321,217.9369,49.087,-16.3709,0.0,0.0001,2.3445,-0.0014,5.9514,35.6712,12.5903,26.9952,35.6916
89.0,179.0,12.5921,41.343,98.5949,216.5751,0.023,0.0003,99.3427,217.937,49.087,-16.3709,0.0,0.0001,2.3388,-0.0007,5.9539,35.6679,12.5679,26.9971,35.6945
90.0,181.0,12.5607,41.3062,81.444,217.5202,0.0193,0.0003,99.3467,217.9371,49.087,-16.371,0.0,0.0001,2.3433,0.0001,5.9544,35.6611,12.5362,26.9981,35.6968
91.0,183.0,12.5656,41.3187,96.4104,219.1539,0.0217,0.0003,99.3551,217.9371,49.087,-16.371,0.0,0.0001,2.3546,0.0015,5.9531,35.6679,12.5409,27.0025,35.7008
92.0,185.0,12.5623,41.3152,98.6892,222.6579,0.0246,0.0003,99.3492,217.9372,49.0869,-16.371,0.0,0.0001,2.3645,0.0092,5.9536,35.6666,12.5373,27.0022,35.7007
93.0,187.0,12.5606,41.3156,87.5001,220.4636,0.0251,0.0003,99.3418,217.9373,49.0869,-16.371,0.0,0.0001,2.3675,-0.0002,5.9588,35.6679,12.5354,27.0035,35.7021
94.0,189.0,12.4759,41.2183,98.6993,217.5758,0.0224,0.0003,99.3515,217.9374,49.0869,-16.371,0.0,0.0001,2.3473,-0.004,5.9723,35.653,12.4504,27.0088,35.7109
95.0,191.0,12.443,41.1806,81.7528,217.7389,0.0238,0.0003,99.3533,217.9374,49.0869,-16.371,0.0,0.0001,2.3435,-0.001,5.9657,35.6471,12.4173,27.0106,35.7141
96.0,193.0,12.4061,41.1396,98.6955,214.7013,0.0225,0.0003,99.3354,217.9375,49.0869,-16.3711,0.0,0.0001,2.3191,-0.0036,5.9773,35.6414,12.3801,27.0136,35.7186
97.0,195.0,12.3564,41.0824,79.5074,214.2039,0.0231,0.0003,99.3209,217.9375,49.0869,-16.371,0.0,0.0001,2.3119,-0.0018,5.9763,35.6322,12.3303,27.0162,35.7233
98.0,197.0,12.3542,41.0817,98.6928,211.5044,0.0245,0.0003,99.3075,217.9377,49.0868,-16.3711,0.0,0.0001,2.2875,-0.0024,5.9835,35.6329,12.3278,27.0172,35.7243
99.0,199.0,12.3452,41.0734,93.4241,210.9507,0.0221,0.0003,99.3053,217.9376,49.0868,-16.3711,0.0,0.0001,2.2839,-0.0026,5.9819,35.6324,12.3186,27.0187,35.7262
100.0,201.0,12.3377,41.0656,98.7014,209.1907,0.023,0.0003,99.3111,217.9378,49.0868,-16.3711,0.0,0.0001,2.2662,-0.0026,5.9892,35.631,12.3107,27.0191,35.7269
101.0,203.0,12.313,41.0393,89.3812,208.9638,0.0206,0.0003,99.3126,217.9378,49.0868,-16.3711,0.0,0.0001,2.2614,-0.002,5.9888,35.6282,12.2858,27.0218,35.7307
102.0,205.0,12.2943,41.018,89.841,208.2028,0.021,0.0003,99.3498,217.9379,49.0868,-16.3712,0.0,0.0001,2.2532,-0.0015,5.9942,35.6244,12.2669,27.0225,35.7322
103.0,207.0,12.2483,40.9682,95.5028,208.8643,0.0203,0.0003,99.3582,217.9379,49.0868,-16.3712,0.0,0.0001,2.2557,0.0,5.9935,35.6188,12.2208,27.0272,35.7387
104.0,209.0,12.2312,40.9506,98.6943,208.6194,0.0189,0.0003,99.3313,217.9379,49.0868,-16.3712,0.0,0.0001,2.2507,0.0004,5.9966,35.6172,12.2034,27.0293,35.7415
105.0,211.0,12.2129,40.929,92.9481,207.7119,0.0216,0.0003,99.3554,217.938,49.0868,-16.3712,0.0,0.0001,2.2456,-0.0017,6.0045,35.6128,12.1849,27.0295,35.7425
106.0,213.0,12.1548,40.8645,98.434,205.3089,0.023,0.0003,99.356,217.9381,49.0868,-16.3712,0.0,0.0001,2.2272,-0.0029,6.0106,35.6043,12.1265,27.0342,35.7497
107.0,215.0,12.1294,40.837,93.3394,206.5542,0.0249,0.0003,99.3473,217.9381,49.0868,-16.3712,0.0,0.0001,2.2282,0.0005,6.0158,35.601,12.101,27.0366,35.7531
108.0,217.0,12.0631,40.7625,87.2658,212.0792,0.0212,0.0003,99.3359,217.9383,49.0867,-16.3713,0.0,0.0001,2.2638,0.0037,6.0238,35.5904,12.0345,27.0412,35.7605
109.0,219.0,12.06,40.7592,97.8376,213.9599,0.0207,0.0003,99.3218,217.9383,49.0867,-16.3713,0.0,0.0001,2.2754,0.0052,6.0243,35.5894,12.0312,27.0411,35.7605
110.0,221.0,11.9756,40.6616,94.9124,215.1387,0.0242,0.0003,99.3197,217.9384,49.0867,-16.3713,0.0,0.0001,2.2921,0.0013,6.036,35.5735,11.9466,27.045,35.7679
111.0,223.0,11.9359,40.6121,93.6328,217.762,0.0237,0.0003,99.3264,217.9384,49.0867,-16.3713,0.0,0.0001,2.3033,0.0051,6.0356,35.5623,11.9068,27.044,35.7686
112.0,225.0,11.8783,40.5481,96.0413,219.286,0.0207,0.0003,99.3064,217.9385,49.0867,-16.3714,0.0,0.0001,2.3218,0.0016,6.045,35.5535,11.8489,27.0482,35.7753
113.0,227.0,11.9069,40.5904,88.011,222.1531,0.0205,0.0003,99.3083,217.9386,49.0867,-16.3714,0.0,0.0001,2.3389,0.0045,6.0416,35.5667,11.8772,27.053,35.7788
114.0,229.0,11.9239,40.6121,96.1964,222.6622,0.025,0.0003,99.3095,217.9386,49.0867,-16.3714,0.0,0.0001,2.349,0.0024,6.0379,35.571,11.8939,27.0532,35.7782
115.0,231.0,11.9356,40.6302,95.3847,225.0102,0.0236,0.0003,99.2941,217.9387,49.0867,-16.3714,0.0,0.0001,2.3667,0.0029,6.0379,35.5767,11.9054,27.0554,35.78
116.0,233.0,11.9333,40.6297,94.4124,225.9785,0.0227,0.0003,99.3064,217.9388,49.0867,-16.3714,0.0,0.0001,2.3795,0.0008,6.038,35.5775,11.9028,27.0565,35.7811
117.0,235.0,11.9337,40.6319,90.1479,225.6645,0.0223,0.0003,99.3027,217.9389,49.0867,-16.3715,0.0,0.0001,2.3791,-0.0004,6.0401,35.5782,11.9029,27.057,35.7816
118.0,237.0,11.9327,40.6315,88.1552,226.5825,0.0243,0.0003,99.2989,217.9389,49.0867,-16.3715,0.0,0.0001,2.3821,0.0014,6.0393,35.5782,11.9017,27.0573,35.7819
119.0,239.0,11.8886,40.5813,98.6216,228.7063,0.035,0.0003,99.2656,217.939,49.0867,-16.3715,0.0,0.0001,2.3984,0.0013,6.0433,35.5699,11.8573,27.0593,35.7858
120.0,241.0,11.8762,40.5671,98.71,231.6785,0.0533,0.0003,99.2626,217.9391,49.0867,-16.3715,0.0,0.0001,2.4112,0.0054,6.0475,35.5671,11.8447,27.0596,35.7866
121.0,243.0,11.8567,40.5466,91.5433,231.5337,0.0295,0.0003,99.2464,217.9391,49.0867,-16.3715,0.0,0.0001,2.4198,0.0011,6.0489,35.5649,11.825,27.0616,35.7895
122.0,245.0,11.8434,40.5336,92.6209,231.7899,0.0262,0.0003,99.2418,217.9392,49.0867,-16.3716,0.0,0.0001,2.4244,-0.0002,6.05,35.5636,11.8114,27.0632,35.7916
123.0,247.0,11.8414,40.5353,98.71,231.2159,0.0232,0.0003,99.2171,217.9393,49.0867,-16.3716,0.0,0.0001,2.4209,-0.001,6.0515,35.5663,11.8091,27.0657,35.7942
124.0,249.0,11.8335,40.5281,89.2995,231.4169,0.0253,0.0003,99.2444,217.9394,49.0867,-16.3716,0.0,0.0001,2.4203,-0.0001,6.0504,35.5662,11.8011,27.0671,35.796
125.0,251.0,11.8259,40.5223,98.7025,231.1506,0.0264,0.0003,99.2337,217.9395,49.0867,-16.3716,0.0,0.0001,2.4173,-0.0003,6.0534,35.5666,11.7931,27.069,35.7981
126.0,253.0,11.8202,40.5156,91.0454,231.5857,0.0263,0.0003,99.2257,217.9395,49.0867,-16.3716,0.0,0.0001,2.4177,0.0004,6.0566,35.565,11.7873,27.0689,35.7983
127.0,255.0,11.7711,40.4618,90.7226,231.9523,0.0304,0.0003,99.2301,217.9396,49.0867,-16.3717,0.0,0.0001,2.4194,0.0003,6.0589,35.558,11.7379,27.0728,35.8042
128.0,257.0,11.7654,40.455,98.71,231.5989,0.0341,0.0003,99.2337,217.9397,49.0867,-16.3717,0.0,0.0001,2.42,-0.0014,6.0618,35.5559,11.732,27.0723,35.804
129.0,259.0,11.7438,40.432,96.4572,232.4801,0.0316,0.0003,99.2166,217.9397,49.0867,-16.3717,0.0,0.0001,2.422,0.0003,6.0631,35.553,11.7102,27.0742,35.8068
130.0,261.0,11.7362,40.4243,98.6903,233.1304,0.0288,0.0003,99.2337,217.9397,49.0867,-16.3717,0.0,0.0001,2.4241,0.0013,6.0638,35.552,11.7023,27.0749,35.8078
131.0,263.0,11.725,40.4159,98.71,233.1942,0.032,0.0003,99.2216,217.9398,49.0866,-16.3717,0.0,0.0001,2.4266,0.0001,6.067,35.5533,11.6908,27.0781,35.8115
132.0,265.0,11.7141,40.407,96.5812,233.5336,0.0298,0.0003,99.2197,217.9399,49.0867,-16.3717,0.0,0.0001,2.4273,0.0006,6.068,35.5542,11.6797,27.0809,35.8147
133.0,267.0,11.7057,40.3993,91.1506,233.1932,0.0269,0.0003,99.2141,217.9399,49.0866,-16.3717,0.0,0.0001,2.4264,-0.0005,6.0689,35.5538,11.6712,27.0822,35.8164
134.0,269.0,11.7012,40.3954,98.7033,233.3624,0.0254,0.0003,99.2282,217.94,49.0867,-16.3717,0.0,0.0001,2.4268,-0.0001,6.0689,35.5538,11.6664,27.0831,35.8175
135.0,271.0,11.6911,40.3861,95.5149,233.8795,0.032,0.0003,99.2271,217.94,49.0866,-16.3717,0.0,0.0001,2.4272,0.001,6.0695,35.5532,11.656,27.0846,35.8194
136.0,273.0,11.6927,40.3885,92.3265,233.3465,0.0257,0.0003,99.2202,217.9401,49.0866,-16.3718,0.0,0.0001,2.4262,-0.0004,6.0699,35.5533,11.6575,27.0844,35.8191
137.0,275.0,11.6833,40.3808,98.5387,233.6998,0.0247,0.0003,99.2284,217.9401,49.0867,-16.3717,0.0,0.0001,2.4255,0.0005,6.0707,35.5535,11.6478,27.0864,35.8215
138.0,277.0,11.6844,40.3825,79.2357,233.6543,0.0275,0.0003,99.216,217.9402,49.0866,-16.3718,0.0,0.0001,2.4264,-0.0001,6.0715,35.5534,11.6486,27.0862,35.8212
139.0,279.0,11.6745,40.3747,95.8695,233.7275,0.0247,0.0003,99.2097,217.9403,49.0866,-16.3718,0.0,0.0001,2.4254,0.0001,6.0723,35.5542,11.6385,27.0887,35.8241
140.0,281.0,11.6728,40.3744,98.4332,233.951,0.0286,0.0003,99.2083,217.9403,49.0866,-16.3718,0.0,0.0001,2.4272,0.0001,6.0718,35.5548,11.6365,27.0895,35.825
141.0,283.0,11.6766,40.3834,98.71,234.305,0.0321,0.0003,99.2049,217.9404,49.0866,-16.3718,0.0,0.0001,2.4276,0.0008,6.0717,35.559,11.64,27.0921,35.8274
142.0,285.0,11.674,40.382,87.2395,234.3113,0.0273,0.0003,99.1929,217.9404,49.0866,-16.3718,0.0,0.0001,2.4288,0.0002,6.0724,35.5594,11.6372,27.093,35.8284
143.0,287.0,11.6691,40.379,91.4669,234.5536,0.0263,0.0003,99.1935,217.9405,49.0866,-16.3718,0.0,0.0001,2.4299,0.0002,6.0725,35.56,11.632,27.0944,35.83
144.0,289.0,11.6713,40.3837,98.8056,234.5473,0.0283,0.0003,99.1953,217.9405,49.0866,-16.3718,0.0,0.0001,2.4304,-0.0001,6.0723,35.5619,11.634,27.0955,35.831
145.0,291.0,11.6646,40.3809,89.1278,234.7026,0.0286,0.0003,99.1837,217.9406,49.0866,-16.3719,0.0,0.0001,2.4307,-0.0001,6.0741,35.5644,11.627,27.0988,35.8346
146.0,293.0,11.6477,40.3625,98.7075,235.3695,0.0302,0.0003,99.176,217.9407,49.0866,-16.3719,0.0,0.0001,2.4313,0.0015,6.0755,35.5615,11.6099,27.0998,35.8363
147.0,295.0,11.6377,40.3511,93.9776,235.5133,0.0269,0.0003,99.1859,217.9407,49.0866,-16.3719,0.0,0.0001,2.4344,0.0005,6.0768,35.5591,11.5996,27.0999,35.8368
148.0,297.0,11.6128,40.3209,47.7395,236.7459,0.0302,0.0003,99.176,217.9408,49.0866,-16.3719,0.0,0.0001,2.4393,0.0023,6.0806,35.5521,11.5744,27.0992,35.8372
149.0,299.0,11.613,40.3237,95.8672,236.2715,0.0285,0.0003,99.1742,217.9408,49.0866,-16.3719,0.0,0.0001,2.4398,-0.0001,6.0836,35.554,11.5744,27.1006,35.8386
150.0,301.0,11.5568,40.2608,98.71,237.853,0.03,0.0003,99.176,217.9409,49.0866,-16.3719,0.0,0.0001,2.4435,0.0028,6.0865,35.5448,11.5181,27.1041,35.8445
151.0,303.0,11.5498,40.2533,86.3218,237.4847,0.0271,0.0003,99.1664,217.9409,49.0866,-16.3719,0.0,0.0001,2.4465,0.0001,6.088,35.5431,11.5108,27.1041,35.8448
152.0,305.0,11.5475,40.2503,84.371,237.8798,0.0256,0.0003,99.176,217.941,49.0866,-16.372,0.0,0.0001,2.446,0.0008,6.0912,35.5419,11.5084,27.1036,35.8444
153.0,307.0,11.5265,40.2284,96.1605,238.108,0.0289,0.0003,99.176,217.941,49.0866,-16.372,0.0,0.0001,2.4486,0.0006,6.0906,35.5392,11.4871,27.1055,35.8472
154.0,309.0,11.5278,40.2306,92.759,238.0873,0.0287,0.0003,99.1603,217.9411,49.0866,-16.372,0.0,0.0001,2.4483,0.0001,6.0931,35.5396,11.4881,27.1056,35.8473
155.0,311.0,11.508,40.211,74.5025,238.0589,0.0295,0.0003,99.1609,217.9412,49.0866,-16.372,0.0,0.0001,2.448,-0.0003,6.0942,35.538,11.468,27.1081,35.8506
156.0,313.0,11.5074,40.211,91.8601,238.0564,0.0282,0.0003,99.1726,217.9412,49.0866,-16.372,0.0,0.0001,2.448,-0.0002,6.0942,35.5378,11.4672,27.1082,35.8507
157.0,315.0,11.5062,40.2105,98.5407,238.4641,0.0316,0.0003,99.176,217.9413,49.0866,-16.372,0.0,0.0001,2.4476,0.0006,6.0955,35.5376,11.4657,27.1082,35.8508
158.0,317.0,11.5031,40.2083,79.3584,238.4453,0.0286,0.0003,99.1632,217.9413,49.0866,-16.372,0.0,0.0001,2.4492,-0.0001,6.0956,35.5373,11.4623,27.1087,35.8514
159.0,319.0,11.4981,40.2039,97.7016,238.7054,0.0269,0.0003,99.1673,217.9413,49.0866,-16.372,0.0,0.0001,2.4498,0.0005,6.0946,35.5372,11.4572,27.1095,35.8525
160.0,321.0,11.4967,40.2052,90.4538,238.0843,0.0281,0.0003,99.1671,217.9414,49.0866,-16.372,0.0,0.0001,2.4476,-0.0011,6.0954,35.5388,11.4555,27.1111,35.8541
161.0,323.0,11.5083,40.2221,98.5513,238.1008,0.0269,0.0003,99.1669,217.9414,49.0866,-16.372,0.0,0.0001,2.4458,-0.0003,6.0954,35.5433,11.4668,27.1125,35.855
162.0,325.0,11.504,40.2162,83.4963,237.7495,0.0274,0.0003,99.1591,217.9415,49.0866,-16.372,0.0,0.0001,2.4453,-0.0011,6.0917,35.541,11.4623,27.1116,35.8543
163.0,327.0,11.5301,40.253,68.4412,235.6892,0.0287,0.0003,99.176,217.9415,49.0866,-16.372,0.0,0.0001,2.4336,-0.0032,6.0885,35.5512,11.488,27.1147,35.8562
164.0,329.0,11.5479,40.2759,92.9375,234.9426,0.0276,0.0003,99.176,217.9416,49.0866,-16.372,0.0,0.0001,2.4275,-0.0033,6.0907,35.5559,11.5055,27.115,35.8558
165.0,331.0,11.5362,40.2619,88.9941,235.7959,0.028,0.0003,99.176,217.9416,49.0866,-16.3721,0.0,0.0001,2.427,-0.0003,6.0861,35.5528,11.4937,27.1148,35.8561
166.0,333.0,11.5914,40.334,98.71,233.2735,0.0245,0.0003,99.176,217.9417,49.0866,-16.3721,0.0,0.0001,2.4182,-0.0042,6.0839,35.5699,11.5485,27.1179,35.8567
167.0,335.0,11.5885,40.331,98.7,234.1866,0.025,0.0003,99.1706,217.9417,49.0866,-16.3721,0.0,0.0001,2.4147,-0.0005,6.0831,35.5687,11.5453,27.1175,35.8565
168.0,337.0,11.5863,40.3292,86.398,233.7567,0.027,0.0003,99.1809,217.9418,49.0866,-16.3721,0.0,0.0001,2.4117,-0.0008,6.0812,35.5683,11.5429,27.1177,35.8568
169.0,339.0,11.6024,40.3549,96.6549,233.4673,0.0248,0.0003,99.176,217.9418,49.0866,-16.3721,0.0,0.0001,2.4081,-0.0007,6.0811,35.5771,11.5585,27.1216,35.8599
170.0,341.0,11.6037,40.3566,95.7033,233.4113,0.0268,0.0003,99.1715,217.9419,49.0866,-16.3721,0.0,0.0001,2.4073,-0.0003,6.0797,35.5767,11.5597,27.1211,35.8594
171.0,343.0,11.6111,40.3667,80.9804,233.2595,0.0258,0.0003,99.1543,217.9419,49.0865,-16.3722,0.0,0.0001,2.4054,-0.0004,6.0801,35.5789,11.5668,27.1214,35.8594
172.0,345.0,11.6062,40.363,85.0376,233.163,0.0247,0.0003,99.168,217.9419,49.0865,-16.3722,0.0,0.0001,2.4042,-0.0004,6.0806,35.579,11.5616,27.1225,35.8607
173.0,347.0,11.6002,40.3575,98.7088,233.297,0.0238,0.0003,99.1615,217.942,49.0865,-16.3722,0.0,0.0001,2.4038,-0.0001,6.0825,35.5783,11.5554,27.1231,35.8615
174.0,349.0,11.5864,40.3422,98.7073,233.3837,0.0262,0.0003,99.1471,217.942,49.0865,-16.3722,0.0,0.0001,2.4032,-0.0002,6.0846,35.5758,11.5413,27.1238,35.8628
175.0,351.0,11.5706,40.3273,98.71,233.6393,0.0251,0.0003,99.176,217.9421,49.0865,-16.3722,0.0,0.0001,2.4038,0.0003,6.0844,35.5751,11.5253,27.1263,35.866
176.0,353.0,11.5754,40.3335,74.1855,233.3868,0.0231,0.0003,99.1522,217.9421,49.0865,-16.3722,0.0,0.0001,2.4035,-0.0003,6.0836,35.5759,11.5299,27.126,35.8655
177.0,355.0,11.5778,40.3376,98.7025,232.7069,0.0264,0.0003,99.1471,217.9422,49.0865,-16.3722,0.0,0.0001,2.399,-0.0012,6.0832,35.5768,11.532,27.1264,35.8658
178.0,357.0,11.5812,40.345,87.219,233.0995,0.0209,0.0003,99.1372,217.9422,49.0865,-16.3723,0.0,0.0001,2.3988,-0.0001,6.0847,35.5795,11.535,27.1279,35.8671
179.0,359.0,11.5776,40.3408,98.707,233.1428,0.0229,0.0003,99.1495,217.9422,49.0865,-16.3723,0.0,0.0001,2.3987,0.0,6.0844,35.5784,11.5312,27.1278,35.8672
180.0,361.0,11.5655,40.3287,98.7025,232.8372,0.0184,0.0003,99.1523,217.9423,49.0865,-16.3723,0.0,0.0001,2.3974,-0.0008,6.0847,35.5771,11.5189,27.129,35.869
181.0,363.0,11.573,40.3398,73.9256,232.9118,0.0216,0.0003,99.1475,217.9423,49.0865,-16.3723,0.0,0.0001,2.396,-0.0002,6.0848,35.5799,11.526,27.1299,35.8695
182.0,365.0,11.5702,40.3374,98.5725,232.8915,0.0222,0.0003,99.1399,217.9424,49.0865,-16.3723,0.0,0.0001,2.3951,-0.0002,6.0859,35.5795,11.5231,27.1301,35.8698
183.0,367.0,11.5641,40.3316,98.71,232.5224,0.0228,0.0003,99.1442,217.9424,49.0864,-16.3723,0.0,0.0001,2.3932,-0.0009,6.0861,35.5788,11.5168,27.1307,35.8707
184.0,369.0,11.5544,40.3218,79.4942,233.084,0.0246,0.0003,99.1458,217.9425,49.0864,-16.3723,0.0,0.0001,2.3946,0.0001,6.0882,35.5774,11.5067,27.1316,35.872
185.0,371.0,11.5391,40.3049,96.3512,233.4703,0.0228,0.0003,99.1421,217.9425,49.0864,-16.3723,0.0,0.0001,2.3953,0.0004,6.0917,35.5747,11.4913,27.1323,35.8734
186.0,373.0,11.5169,40.2799,98.4774,233.287,0.0237,0.0003,99.1038,217.9426,49.0864,-16.3724,0.0,0.0001,2.3956,-0.0002,6.0917,35.5705,11.4689,27.1333,35.8753
187.0,375.0,11.518,40.2824,84.5356,233.5981,0.0222,0.0003,99.1543,217.9426,49.0864,-16.3724,0.0,0.0001,2.396,0.0,6.093,35.5707,11.4697,27.1333,35.8753
188.0,377.0,11.5102,40.2727,93.4393,233.2134,0.021,0.0003,99.1248,217.9427,49.0864,-16.3724,0.0,0.0001,2.3932,-0.001,6.0988,35.5678,11.4616,27.1325,35.8749
189.0,379.0,11.4492,40.2018,98.701,235.1801,0.0211,0.0003,99.1368,217.9427,49.0864,-16.3724,0.0,0.0001,2.3984,0.0034,6.0968,35.5552,11.4005,27.1342,35.8792
190.0,381.0,11.4622,40.2185,78.439,234.281,0.0208,0.0003,99.1519,217.9428,49.0864,-16.3724,0.0,0.0001,2.3986,0.0001,6.0987,35.5587,11.4132,27.1345,35.8789
191.0,383.0,11.4499,40.2053,74.7646,235.2559,0.0239,0.0003,99.1682,217.9428,49.0864,-16.3724,0.0,0.0001,2.4003,0.0016,6.1035,35.5562,11.4007,27.1349,35.8799
192.0,385.0,11.4239,40.1757,98.705,235.5478,0.0311,0.0003,99.1721,217.9429,49.0864,-16.3724,0.0,0.0001,2.4047,0.0008,6.1045,35.5511,11.3745,27.1358,35.8819
193.0,387.0,11.4247,40.1768,98.71,235.0847,0.024,0.0003,99.176,217.9429,49.0864,-16.3724,0.0,0.0001,2.4039,-0.0006,6.1059,35.5507,11.3751,27.1354,35.8814
194.0,389.0,11.4102,40.1617,57.4025,234.4965,0.0216,0.0003,99.176,217.9429,49.0864,-16.3725,0.0,0.0001,2.3995,-0.0012,6.1078,35.5488,11.3604,27.1367,35.8834
195.0,391.0,11.3971,40.1475,62.8488,235.0215,0.025,0.0003,99.1597,217.943,49.0864,-16.3725,0.0,0.0001,2.3989,0.0003,6.109,35.5463,11.3471,27.1371,35.8844
196.0,393.0,11.3941,40.1454,92.5461,234.7924,0.0233,0.0003,99.1784,217.943,49.0864,-16.3725,0.0,0.0001,2.3982,-0.0004,6.1098,35.5464,11.3438,27.1378,35.8852
197.0,395.0,11.3823,40.1322,98.71,235.512,0.0242,0.0003,99.1932,217.9431,49.0863,-16.3725,0.0,0.0001,2.4001,0.0006,6.112,35.5437,11.3318,27.138,35.8859
198.0,397.0,11.359,40.1072,98.71,236.2525,0.0231,0.0003,99.1946,217.9431,49.0863,-16.3726,0.0,0.0001,2.4038,0.0014,6.1126,35.5402,11.3083,27.1396,35.8885
199.0,399.0,11.3639,40.1135,98.6917,236.0375,0.0204,0.0003,99.1757,217.9432,49.0863,-16.3726,0.0,0.0001,2.4047,0.0001,6.1139,35.5413,11.313,27.1397,35.8884
200.0,401.0,11.3507,40.0995,93.2527,236.3304,0.0183,0.0003,99.2049,217.9432,49.0863,-16.3726,0.0,0.0001,2.4052,0.0004,6.1148,35.5391,11.2995,27.1404,35.8897
201.0,403.0,11.3472,40.0968,87.8136,236.1785,0.0226,0.0003,99.2125,217.9433,49.0863,-16.3726,0.0,0.0001,2.4051,-0.0002,6.1154,35.5387,11.2958,27.1408,35.8902
202.0,405.0,11.3396,40.0896,98.6609,235.8812,0.0222,0.0003,99.2337,217.9433,49.0863,-16.3726,0.0,0.0001,2.4028,-0.0006,6.1163,35.5381,11.2879,27.1418,35.8915
203.0,407.0,11.3385,40.0888,98.6828,235.8654,0.021,0.0003,99.2152,217.9434,49.0863,-16.3726,0.0,0.0001,2.4017,-0.0003,6.117,35.5376,11.2865,27.1416,35.8915
204.0,409.0,11.3337,40.085,89.6285,235.3563,0.0256,0.0003,99.2234,217.9434,49.0863,-16.3727,0.0,0.0001,2.3981,-0.0008,6.1177,35.5375,11.2815,27.1425,35.8925
205.0,411.0,11.3258,40.0779,94.7241,235.2393,0.0233,0.0003,99.2292,217.9435,49.0863,-16.3727,0.0,0.0001,2.3948,-0.0006,6.119,35.537,11.2734,27.1436,35.894
206.0,413.0,11.3227,40.0752,98.6271,234.8955,0.0235,0.0003,99.2337,217.9435,49.0863,-16.3727,0.0,0.0001,2.3927,-0.0008,6.1191,35.5366,11.27,27.1439,35.8944
207.0,415.0,11.3159,40.0692,87.9477,235.3032,0.0224,0.0003,99.2337,217.9436,49.0863,-16.3727,0.0,0.0001,2.3935,-0.0003,6.1193,35.5362,11.263,27.1449,35.8957
208.0,417.0,11.3128,40.0673,98.69,234.3516,0.0248,0.0003,99.2282,217.9436,49.0863,-16.3728,0.0,0.0001,2.3911,-0.0014,6.1199,35.5362,11.2596,27.1455,35.8965
209.0,419.0,11.3089,40.0644,96.3468,234.8133,0.023,0.0003,99.2145,217.9437,49.0863,-16.3728,0.0,0.0001,2.3886,-0.0004,6.1204,35.5364,11.2555,27.1464,35.8975
210.0,421.0,11.3069,40.0631,96.7459,234.6776,0.0212,0.0003,99.2305,217.9437,49.0863,-16.3728,0.0,0.0001,2.3879,-0.0003,6.1203,35.5362,11.2532,27.1467,35.8979
211.0,423.0,11.3027,40.0597,80.9592,234.8666,0.0213,0.0003,99.2359,217.9438,49.0863,-16.3728,0.0,0.0001,2.3868,0.0003,6.1219,35.5357,11.2487,27.1472,35.8986
212.0,425.0,11.302,40.0599,92.3762,235.248,0.0225,0.0003,99.2331,217.9438,49.0863,-16.3728,0.0,0.0001,2.3885,0.0005,6.123,35.5361,11.2479,27.1476,35.8991
213.0,427.0,11.2887,40.0468,98.6969,235.5098,0.0217,0.0003,99.2392,217.9438,49.0863,-16.3729,0.0,0.0001,2.3901,0.0005,6.1231,35.5348,11.2343,27.1491,35.9011
214.0,429.0,11.2903,40.0496,84.4737,235.25,0.0258,0.0003,99.2354,217.9439,49.0863,-16.3729,0.0,0.0001,2.3903,-0.0004,6.1229,35.5352,11.2357,27.1492,35.9011
215.0,431.0,11.2908,40.0521,89.7515,235.0233,0.024,0.0003,99.2411,217.9439,49.0863,-16.3729,0.0,0.0001,2.3871,-0.0005,6.1228,35.5364,11.2358,27.1501,35.902
216.0,433.0,11.2901,40.0531,98.708,235.1987,0.0218,0.0003,99.2341,217.944,49.0863,-16.3729,0.0,0.0001,2.3871,0.0,6.1233,35.537,11.2349,27.1507,35.9026
217.0,435.0,11.2857,40.0497,98.71,234.8677,0.0209,0.0003,99.2395,217.944,49.0863,-16.3729,0.0,0.0001,2.3859,-0.0008,6.1239,35.5371,11.2303,27.1517,35.9038
218.0,437.0,11.2832,40.0488,84.4514,235.1742,0.0223,0.0003,99.234,217.9441,49.0863,-16.3729,0.0,0.0001,2.3861,0.0,6.1236,35.5375,11.2275,27.1525,35.9047
219.0,439.0,11.2851,40.0517,98.6969,235.0571,0.0208,0.0003,99.2383,217.9441,49.0863,-16.373,0.0,0.0001,2.3855,-0.0002,6.1237,35.538,11.2292,27.1526,35.9047
220.0,441.0,11.2832,40.0521,66.5537,235.3454,0.0201,0.0003,99.2281,217.9442,49.0863,-16.373,0.0,0.0001,2.3858,0.0003,6.1241,35.5392,11.227,27.1539,35.9061
221.0,443.0,11.2808,40.0505,95.3176,235.1023,0.0229,0.0003,99.2425,217.9442,49.0863,-16.373,0.0,0.0001,2.385,-0.0004,6.1239,35.539,11.2244,27.1543,35.9066
222.0,445.0,11.2819,40.0526,92.8106,234.757,0.0221,0.0003,99.2328,217.9443,49.0863,-16.373,0.0,0.0001,2.382,-0.0005,6.1243,35.5393,11.2253,27.1543,35.9066
223.0,447.0,11.2775,40.0494,98.695,234.6977,0.0238,0.0003,99.2371,217.9443,49.0863,-16.373,0.0,0.0001,2.3804,-0.0004,6.1245,35.5393,11.2206,27.1552,35.9077
224.0,449.0,11.277,40.0512,98.71,235.0657,0.0234,0.0003,99.2315,217.9444,49.0863,-16.3731,0.0,0.0001,2.3812,0.0004,6.1245,35.5406,11.2197,27.1564,35.9089
225.0,451.0,11.2764,40.0503,88.8831,235.2336,0.0244,0.0003,99.241,217.9444,49.0863,-16.3731,0.0,0.0001,2.3829,0.0002,6.1247,35.5397,11.219,27.1558,35.9083
226.0,453.0,11.2737,40.0503,98.7067,234.5711,0.0246,0.0003,99.2451,217.9445,49.0862,-16.3731,0.0,0.0001,2.3801,-0.0012,6.1249,35.5412,11.2159,27.1575,35.9102
227.0,455.0,11.2733,40.0513,78.9387,234.7688,0.022,0.0003,99.248,217.9445,49.0862,-16.3731,0.0,0.0001,2.3792,-0.0003,6.1249,35.5416,11.2153,27.158,35.9106
228.0,457.0,11.2749,40.0532,95.9091,234.6992,0.022,0.0003,99.2381,217.9446,49.0863,-16.3731,0.0,0.0001,2.3782,-0.0004,6.125,35.5416,11.2167,27.1577,35.9103
229.0,459.0,11.2748,40.0567,98.6925,234.1204,0.0219,0.0003,99.2403,217.9446,49.0862,-16.3731,0.0,0.0001,2.3748,-0.0014,6.1252,35.544,11.2163,27.1596,35.9122
230.0,461.0,11.2677,40.0492,98.6291,234.6611,0.0214,0.0003,99.2228,217.9447,49.0862,-16.3732,0.0,0.0001,2.376,-0.0001,6.1264,35.5424,11.209,27.1598,35.9127
231.0,463.0,11.2613,40.0418,88.1843,234.5781,0.018,0.0003,99.2337,217.9447,49.0862,-16.3732,0.0,0.0001,2.374,-0.0002,6.1288,35.5403,11.2022,27.1593,35.9125
232.0,465.0,11.245,40.0255,83.1831,234.6284,0.0199,0.0003,99.2337,217.9448,49.0862,-16.3732,0.0,0.0001,2.3745,-0.0004,6.1291,35.5386,11.1857,27.1611,35.915
233.0,467.0,11.2424,40.0223,95.5127,234.5277,0.02,0.0003,99.2281,217.9448,49.0862,-16.3732,0.0,0.0001,2.374,-0.0004,6.1294,35.5376,11.183,27.1608,35.9148
234.0,469.0,11.2218,40.0011,98.71,234.7821,0.0233,0.0003,99.2337,217.9448,49.0862,-16.3732,0.0,0.0001,2.3712,0.0005,6.1311,35.5351,11.1621,27.1627,35.9176
235.0,471.0,11.2222,40.0023,83.7261,234.9181,0.0218,0.0003,99.2265,217.9449,49.0862,-16.3732,0.0,0.0001,2.3737,0.0001,6.1326,35.5353,11.1623,27.1629,35.9177
236.0,473.0,11.2113,39.9919,95.3482,234.7246,0.0222,0.0003,99.2183,217.9449,49.0862,-16.3733,0.0,0.0001,2.3713,-0.0001,6.1341,35.5344,11.1511,27.1642,35.9195
237.0,475.0,11.2051,39.9859,98.71,234.4746,0.0229,0.0003,99.2298,217.945,49.0862,-16.3733,0.0,0.0001,2.3706,-0.0006,6.1348,35.5336,11.1447,27.1648,35.9204
238.0,477.0,11.1979,39.9792,86.8569,234.5048,0.0229,0.0003,99.2265,217.945,49.0862,-16.3733,0.0,0.0001,2.3689,-0.0004,6.1358,35.533,11.1372,27.1656,35.9216
239.0,479.0,11.193,39.9756,91.3078,234.8033,0.0205,0.0003,99.2265,217.9451,49.0862,-16.3733,0.0,0.0001,2.3695,0.0002,6.136,35.533,11.1321,27.1666,35.9227
240.0,481.0,11.1917,39.975,98.6963,234.3509,0.0225,0.0003,99.2265,217.9451,49.0862,-16.3733,0.0,0.0001,2.3677,-0.0007,6.1374,35.533,11.1306,27.1668,35.923
241.0,483.0,11.1814,39.9649,98.6933,234.2956,0.022,0.0003,99.2286,217.9452,49.0862,-16.3733,0.0,0.0001,2.3651,-0.0005,6.1372,35.5319,11.12,27.168,35.9246
242.0,485.0,11.1777,39.9622,90.6025,234.6122,0.023,0.0003,99.2212,217.9452,49.0862,-16.3733,0.0,0.0001,2.3664,0.0001,6.1382,35.532,11.1161,27.1688,35.9256
243.0,487.0,11.17,39.9544,98.7046,234.5987,0.0254,0.0003,99.2288,217.9453,49.0862,-16.3734,0.0,0.0001,2.365,-0.0002,6.1408,35.5308,11.1082,27.1693,35.9264
244.0,489.0,11.1565,39.9401,98.71,234.2564,0.0215,0.0003,99.2337,217.9453,49.0862,-16.3734,0.0,0.0001,2.3639,-0.001,6.1412,35.5286,11.0945,27.1701,35.9278
245.0,491.0,11.1454,39.9285,82.1033,235.0351,0.0211,0.0003,99.2225,217.9453,49.0862,-16.3734,0.0,0.0001,2.3664,0.0004,6.1415,35.5267,11.0831,27.1707,35.9289
246.0,493.0,11.1475,39.9316,96.6564,235.0535,0.0189,0.0003,99.2249,217.9454,49.0862,-16.3734,0.0,0.0001,2.3668,0.0001,6.1426,35.5272,11.085,27.1707,35.9288
247.0,495.0,11.1344,39.918,85.6962,235.0581,0.0174,0.0003,99.2337,217.9454,49.0862,-16.3734,0.0,0.0001,2.3659,-0.0001,6.143,35.5253,11.0717,27.1717,35.9304
248.0,497.0,11.1361,39.9214,87.1527,234.9708,0.0168,0.0003,99.2232,217.9454,49.0862,-16.3734,0.0,0.0001,2.3651,-0.0002,6.1434,35.5262,11.0731,27.1722,35.9308
249.0,499.0,11.1387,39.9249,98.7014,235.2469,0.0217,0.0003,99.2245,217.9455,49.0862,-16.3735,0.0,0.0001,2.3671,0.0001,6.1425,35.5263,11.0755,27.1718,35.9303
250.0,501.0,11.1465,39.9379,71.598,234.0037,0.0231,0.0003,99.2283,217.9455,49.0862,-16.3735,0.0,0.0001,2.3621,-0.0021,6.1419,35.5307,11.0829,27.1738,35.932
251.0,503.0,11.1487,39.9418,89.0872,234.2135,0.0242,0.0003,99.2249,217.9456,49.0862,-16.3735,0.0,0.0001,2.3614,-0.0008,6.142,35.5315,11.0849,27.1741,35.9322
252.0,505.0,11.1459,39.9385,98.6273,234.3938,0.0221,0.0003,99.2257,217.9456,49.0862,-16.3735,0.0,0.0001,2.3595,-0.0003,6.1434,35.5302,11.0819,27.1736,35.9319
253.0,507.0,11.1303,39.9223,98.705,234.2611,0.0219,0.0003,99.2049,217.9456,49.0862,-16.3735,0.0,0.0001,2.3571,-0.0004,6.1445,35.5282,11.066,27.1749,35.9338
254.0,509.0,11.126,39.92,78.4575,234.5271,0.0228,0.0003,99.2289,217.9457,49.0862,-16.3735,0.0,0.0001,2.3579,0.0002,6.144,35.529,11.0615,27.1764,35.9355
255.0,511.0,11.1274,39.9216,96.6519,234.5762,0.0208,0.0003,99.2157,217.9457,49.0862,-16.3735,0.0,0.0001,2.3586,-0.0002,6.1458,35.5288,11.0627,27.1761,35.9351
256.0,513.0,11.1151,39.9088,98.4333,234.1606,0.0215,0.0003,99.2153,217.9458,49.0862,-16.3736,0.0,0.0001,2.3557,-0.0007,6.1469,35.5267,11.0501,27.1767,35.9363
257.0,515.0,11.1032,39.897,98.6902,235.255,0.0224,0.0003,99.2298,217.9458,49.0862,-16.3736,0.0,0.0001,2.3584,0.0014,6.1467,35.5255,11.038,27.178,35.9381
258.0,517.0,11.1139,39.9091,90.5531,234.7237,0.0226,0.0003,99.2224,217.9458,49.0862,-16.3736,0.0,0.0001,2.3574,-0.0001,6.1497,35.5267,11.0484,27.177,35.9366
259.0,519.0,11.0832,39.8752,88.3247,236.1679,0.0213,0.0003,99.2279,217.9459,49.0862,-16.3736,0.0,0.0001,2.3614,0.0022,6.1519,35.5215,11.0176,27.1786,35.9396
260.0,521.0,11.0744,39.8663,98.71,236.5936,0.0211,0.0003,99.2292,217.9459,49.0862,-16.3736,0.0,0.0001,2.3638,0.0022,6.1505,35.5201,11.0086,27.1792,35.9406
261.0,523.0,11.0741,39.8671,92.1007,235.9124,0.0228,0.0003,99.2197,217.946,49.0862,-16.3736,0.0,0.0001,2.3642,-0.0002,6.1526,35.5205,11.008,27.1796,35.941
262.0,525.0,11.0592,39.8519,98.7055,235.2982,0.0212,0.0003,99.2283,217.946,49.0862,-16.3737,0.0,0.0001,2.3611,-0.001,6.1544,35.5184,10.9929,27.1808,35.9428
263.0,527.0,11.0521,39.8453,98.702,235.5289,0.0184,0.0003,99.2233,217.946,49.0862,-16.3737,0.0,0.0001,2.3605,-0.0002,6.1541,35.5179,10.9855,27.1817,35.944
264.0,529.0,11.0592,39.8539,92.4332,235.5456,0.0181,0.0003,99.2168,217.9461,49.0862,-16.3737,0.0,0.0001,2.3601,-0.0003,6.1552,35.5191,10.9925,27.1813,35.9433
265.0,531.0,11.046,39.8405,97.575,235.3622,0.0177,0.0003,99.2163,217.9461,49.0862,-16.3737,0.0,0.0001,2.3575,-0.0003,6.1568,35.5172,10.979,27.1823,35.9449
266.0,533.0,11.0368,39.8307,98.6898,235.0752,0.0177,0.0003,99.2272,217.9462,49.0862,-16.3737,0.0,0.0001,2.3557,-0.0008,6.1579,35.5155,10.9695,27.1827,35.9457
267.0,535.0,11.0236,39.8172,83.8336,234.81,0.0197,0.0003,99.2266,217.9462,49.0862,-16.3737,0.0,0.0001,2.3535,-0.0009,6.158,35.5137,10.9561,27.1838,35.9473
268.0,537.0,11.0277,39.8224,92.3674,234.9564,0.0184,0.0003,99.2263,217.9462,49.0862,-16.3737,0.0,0.0001,2.3517,-0.0005,6.1609,35.5144,10.96,27.1836,35.947
269.0,539.0,11.0052,39.7987,98.6935,234.525,0.02,0.0003,99.2199,217.9463,49.0862,-16.3737,0.0,0.0001,2.3491,-0.0008,6.1626,35.5115,10.9373,27.1855,35.9499
270.0,541.0,10.9972,39.7907,98.69,234.1485,0.0195,0.0003,99.2278,217.9463,49.0862,-16.3738,0.0,0.0001,2.3459,-0.001,6.1633,35.5104,10.9291,27.1861,35.9509
271.0,543.0,10.9905,39.7846,98.695,234.2327,0.0199,0.0003,99.2244,217.9464,49.0862,-16.3738,0.0,0.0001,2.3441,-0.0003,6.164,35.5097,10.9221,27.1868,35.9518
272.0,545.0,10.989,39.7834,98.6999,233.8522,0.0184,0.0003,99.2261,217.9464,49.0862,-16.3738,0.0,0.0001,2.3431,-0.001,6.1647,35.5093,10.9204,27.1868,35.9519
273.0,547.0,10.9756,39.7696,89.1588,234.1872,0.022,0.0003,99.231,217.9464,49.0862,-16.3738,0.0,0.0001,2.3415,-0.0001,6.1664,35.5073,10.9068,27.1877,35.9534
274.0,549.0,10.9673,39.7608,95.7533,233.2975,0.0248,0.0003,99.2337,217.9465,49.0862,-16.3738,0.0,0.0001,2.3377,-0.0018,6.1695,35.5058,10.8983,27.1881,35.9541
275.0,551.0,10.9479,39.7405,98.6933,233.371,0.0221,0.0003,99.2254,217.9465,49.0862,-16.3738,0.0,0.0001,2.3358,-0.0009,6.1688,35.5032,10.8787,27.1897,35.9566
276.0,553.0,10.952,39.7461,95.1979,233.4661,0.0213,0.0003,99.2277,217.9466,49.0862,-16.3738,0.0,0.0001,2.3341,-0.0004,6.1704,35.504,10.8825,27.1896,35.9563
277.0,555.0,10.9461,39.7399,98.6962,232.4364,0.0188,0.0003,99.2433,217.9466,49.0862,-16.3739,0.0,0.0001,2.3294,-0.002,6.1711,35.5028,10.8764,27.1897,35.9567
278.0,557.0,10.9318,39.7271,98.6973,231.796,0.0163,0.0003,99.2307,217.9466,49.0862,-16.3739,0.0,0.0001,2.3259,-0.0025,6.1708,35.5028,10.8619,27.1924,35.96
279.0,559.0,10.9308,39.7268,94.1905,232.71,0.0207,0.0003,99.2301,217.9467,49.0862,-16.3739,0.0,0.0001,2.3261,-0.0003,6.1725,35.5027,10.8607,27.1925,35.9602
280.0,561.0,10.9191,39.7152,98.6875,231.6289,0.0212,0.0003,99.2337,217.9467,49.0862,-16.3739,0.0,0.0001,2.3208,-0.0018,6.1743,35.5013,10.8487,27.1936,35.9618
281.0,563.0,10.9126,39.7095,83.6673,231.0563,0.0203,0.0003,99.2268,217.9467,49.0862,-16.3739,0.0,0.0001,2.316,-0.0018,6.1743,35.5013,10.842,27.1948,35.9632
282.0,565.0,10.9129,39.7105,95.6181,231.514,0.0204,0.0003,99.2383,217.9468,49.0862,-16.3739,0.0,0.0001,2.3142,-0.0002,6.1764,35.5008,10.842,27.1945,35.9629
283.0,567.0,10.8902,39.6871,98.6965,231.5827,0.0183,0.0003,99.2293,217.9468,49.0862,-16.3739,0.0,0.0001,2.3135,-0.0003,6.1792,35.4984,10.8191,27.1967,35.9661
284.0,569.0,10.8814,39.678,98.5009,231.7828,0.0191,0.0003,99.2518,217.9469,49.0862,-16.3739,0.0,0.0001,2.3133,0.0001,6.1796,35.497,10.8101,27.1972,35.967
285.0,571.0,10.8666,39.663,98.6861,232.319,0.0182,0.0003,99.2492,217.9469,49.0862,-16.3739,0.0,0.0001,2.3151,0.0009,6.1798,35.4952,10.7951,27.1986,35.969
286.0,573.0,10.8702,39.6675,93.538,232.2246,0.0204,0.0003,99.2466,217.9469,49.0862,-16.3739,0.0,0.0001,2.3159,0.0,6.1799,35.4957,10.7985,27.1984,35.9686
287.0,575.0,10.8662,39.6648,97.6605,231.9575,0.0214,0.0003,99.2454,217.947,49.0862,-16.374,0.0,0.0001,2.3146,-0.0004,6.1805,35.4958,10.7942,27.1991,35.9696
288.0,577.0,10.865,39.6646,96.8011,232.3371,0.0224,0.0003,99.2442,217.947,49.0862,-16.374,0.0,0.0001,2.3152,0.0003,6.1812,35.4957,10.7927,27.1993,35.9699
289.0,579.0,10.8635,39.6634,98.6847,231.9374,0.0196,0.0003,99.2515,217.9471,49.0862,-16.374,0.0,0.0001,2.3143,-0.0007,6.1813,35.4952,10.7911,27.1993,35.9699
290.0,581.0,10.8582,39.6586,93.8163,232.2313,0.0201,0.0003,99.2424,217.9471,49.0862,-16.374,0.0,0.0001,2.3139,0.0001,6.1827,35.4947,10.7855,27.1999,35.9707
291.0,583.0,10.8506,39.6521,98.71,232.337,0.0159,0.0003,99.2413,217.9471,49.0862,-16.374,0.0,0.0001,2.3143,-0.0001,6.1836,35.4948,10.7777,27.2014,35.9725
292.0,585.0,10.8457,39.6489,98.695,231.8517,0.0225,0.0003,99.2564,217.9472,49.0862,-16.374,0.0,0.0001,2.3125,-0.0009,6.1832,35.4954,10.7725,27.2028,35.9741
293.0,587.0,10.8467,39.6518,93.1249,231.6141,0.0243,0.0003,99.252,217.9472,49.0862,-16.374,0.0,0.0001,2.3102,-0.0009,6.1841,35.4963,10.7733,27.2033,35.9746
294.0,589.0,10.8357,39.6427,98.6881,229.0345,0.0216,0.0003,99.2541,217.9473,49.0862,-16.374,0.0,0.0001,2.2982,-0.0042,6.1853,35.497,10.762,27.2059,35.9776
295.0,591.0,10.8316,39.6394,98.6886,228.4023,0.0216,0.0003,99.2491,217.9473,49.0862,-16.374,0.0,0.0001,2.2903,-0.0032,6.1852,35.4967,10.7578,27.2065,35.9784
296.0,593.0,10.8303,39.639,83.4406,228.8949,0.0228,0.0003,99.2458,217.9473,49.0862,-16.374,0.0,0.0001,2.2857,-0.0006,6.1856,35.4967,10.7561,27.2067,35.9788
297.0,595.0,10.8313,39.6404,95.1529,229.0242,0.023,0.0003,99.2569,217.9474,49.0862,-16.374,0.0,0.0001,2.2854,-0.0002,6.1859,35.4964,10.7569,27.2064,35.9783
298.0,597.0,10.8267,39.637,98.694,229.2424,0.0212,0.0003,99.2534,217.9474,49.0862,-16.374,0.0,0.0001,2.2857,0.0001,6.1865,35.4965,10.7521,27.2073,35.9795
299.0,599.0,10.8226,39.6339,98.6929,229.7506,0.0234,0.0003,99.2589,217.9474,49.0862,-16.374,0.0,0.0001,2.2872,0.0008,6.1863,35.4965,10.7477,27.2081,35.9805
300.0,601.0,10.823,39.6354,98.6865,229.8464,0.0218,0.0003,99.2242,217.9475,49.0862,-16.374,0.0,0.0001,2.289,0.0003,6.1866,35.4966,10.7478,27.2082,35.9805
301.0,603.0,10.824,39.6371,98.6946,230.1243,0.0219,0.0003,99.2559,217.9475,49.0862,-16.3741,0.0,0.0001,2.2904,0.0003,6.1867,35.4966,10.7486,27.208,35.9803
302.0,605.0,10.821,39.6351,78.8938,229.9745,0.022,0.0003,99.2571,217.9476,49.0862,-16.3741,0.0,0.0001,2.2899,-0.0002,6.1871,35.4967,10.7454,27.2086,35.9811
303.0,607.0,10.8155,39.631,96.6618,230.0202,0.0249,0.0003,99.259,217.9476,49.0862,-16.3741,0.0,0.0001,2.2899,0.0,6.1868,35.4968,10.7396,27.2098,35.9824
304.0,609.0,10.8153,39.6313,98.0033,229.9793,0.0231,0.0003,99.2544,217.9476,49.0862,-16.3741,0.0,0.0001,2.2894,-0.0003,6.1879,35.4967,10.7392,27.2097,35.9825
305.0,611.0,10.8065,39.6237,80.6012,228.4019,0.0196,0.0003,99.253,217.9477,49.0862,-16.3741,0.0,0.0001,2.2836,-0.0029,6.1885,35.4964,10.7302,27.2111,35.9842
306.0,613.0,10.8042,39.622,98.6961,228.8143,0.0179,0.0003,99.2628,217.9477,49.0862,-16.3741,0.0,0.0001,2.281,-0.0009,6.1888,35.4961,10.7276,27.2114,35.9846
307.0,615.0,10.8053,39.6238,98.6821,228.886,0.0187,0.0003,99.2552,217.9477,49.0862,-16.3741,0.0,0.0001,2.2797,-0.0005,6.1892,35.496,10.7285,27.2111,35.9843
308.0,617.0,10.7994,39.619,94.3719,229.7824,0.0215,0.0003,99.2078,217.9478,49.0862,-16.3741,0.0,0.0001,2.2822,0.001,6.1893,35.4959,10.7223,27.2122,35.9856
309.0,619.0,10.8012,39.6212,95.7923,229.3873,0.0202,0.0003,99.2493,217.9478,49.0862,-16.3741,0.0,0.0001,2.2821,-0.0004,6.1924,35.4956,10.7239,27.2117,35.985
310.0,621.0,10.7752,39.5945,98.71,229.1941,0.0211,0.0003,99.2562,217.9479,49.0862,-16.3741,0.0,0.0001,2.2796,-0.0006,6.1948,35.4932,10.6977,27.2145,35.9889
311.0,623.0,10.7572,39.5766,98.7031,229.4463,0.0183,0.0003,99.2587,217.9479,49.0862,-16.3741,0.0,0.0001,2.2796,0.0002,6.1934,35.4914,10.6795,27.2164,35.9916
312.0,625.0,10.7621,39.5826,87.9304,229.2157,0.0269,0.0003,99.2524,217.9479,49.0862,-16.3741,0.0,0.0001,2.2787,-0.0005,6.1956,35.4922,10.6842,27.2162,35.9912
313.0,627.0,10.745,39.566,98.6875,228.1529,0.019,0.0003,99.2571,217.948,49.0862,-16.3741,0.0,0.0001,2.2727,-0.0019,6.1984,35.4909,10.6668,27.2182,35.994
314.0,629.0,10.7359,39.5572,98.6848,227.543,0.0206,0.0003,99.2508,217.948,49.0862,-16.3741,0.0,0.0001,2.2687,-0.0021,6.1977,35.4899,10.6576,27.2192,35.9953
315.0,631.0,10.7417,39.5643,94.8881,227.7544,0.0221,0.0003,99.2508,217.948,49.0862,-16.3741,0.0,0.0001,2.2658,-0.0009,6.1987,35.4906,10.6631,27.2187,35.9946
316.0,633.0,10.7382,39.5604,64.8724,224.7536,0.0204,0.0003,99.2626,217.9481,49.0862,-16.3741,0.0,0.0001,2.2543,-0.0054,6.2003,35.4894,10.6593,27.2184,35.9945
317.0,635.0,10.7194,39.5426,98.6929,223.8176,0.0211,0.0003,99.2481,217.9481,49.0862,-16.3741,0.0,0.0001,2.2494,-0.0059,6.2001,35.4888,10.6404,27.2214,35.9983
318.0,637.0,10.7168,39.5413,92.7786,225.1546,0.0208,0.0003,99.2454,217.9482,49.0861,-16.3741,0.0,0.0001,2.2458,-0.0014,6.2005,35.4888,10.6375,27.2219,35.9989
319.0,639.0,10.7181,39.5427,98.6911,225.8374,0.0197,0.0003,99.2451,217.9482,49.0861,-16.3741,0.0,0.0001,2.2456,0.0002,6.202,35.4886,10.6386,27.2215,35.9985
320.0,641.0,10.7041,39.5296,98.68,227.1871,0.0195,0.0003,99.251,217.9482,49.0861,-16.3741,0.0,0.0001,2.2482,0.0027,6.2029,35.4876,10.6243,27.2233,36.0009
321.0,643.0,10.701,39.5271,98.6866,226.4524,0.0191,0.0003,99.2359,217.9483,49.0861,-16.3741,0.0,0.0001,2.2487,0.0002,6.2039,35.4871,10.6209,27.2235,36.0012
322.0,645.0,10.6943,39.5208,88.1361,226.5431,0.0203,0.0003,99.2414,217.9483,49.0861,-16.3741,0.0,0.0001,2.2499,0.0002,6.204,35.4867,10.6141,27.2244,36.0024
323.0,647.0,10.697,39.5243,98.6815,225.652,0.0207,0.0003,99.2554,217.9483,49.0861,-16.3741,0.0,0.0001,2.2444,-0.0013,6.2071,35.4867,10.6166,27.224,36.0019
324.0,649.0,10.6791,39.507,95.7694,225.0131,0.0188,0.0003,99.2488,217.9484,49.0861,-16.3741,0.0,0.0001,2.2426,-0.0021,6.2061,35.4856,10.5985,27.2264,36.005
325.0,651.0,10.6752,39.5031,91.6567,225.8619,0.0225,0.0003,99.2449,217.9484,49.0862,-16.3741,0.0,0.0001,2.2434,-0.0001,6.2068,35.4848,10.5943,27.2265,36.0053
326.0,653.0,10.6696,39.4978,80.7396,225.2904,0.023,0.0003,99.2561,217.9484,49.0862,-16.3741,0.0,0.0001,2.241,-0.001,6.2073,35.4842,10.5885,27.227,36.0061
327.0,655.0,10.6676,39.4961,96.1825,224.4374,0.022,0.0003,99.251,217.9485,49.0861,-16.3741,0.0,0.0001,2.2359,-0.0021,6.2085,35.4834,10.5862,27.2268,36.006
328.0,657.0,10.6621,39.4917,97.6893,224.5864,0.0182,0.0003,99.2525,217.9485,49.0862,-16.3741,0.0,0.0001,2.2334,-0.0008,6.2094,35.4831,10.5804,27.2276,36.0071
329.0,659.0,10.6621,39.492,67.4375,225.0287,0.0218,0.0003,99.2465,217.9485,49.0862,-16.3741,0.0,0.0001,2.2336,0.0002,6.2091,35.483,10.5803,27.2276,36.007
330.0,661.0,10.6451,39.4754,96.2968,226.1199,0.0243,0.0003,99.2553,217.9486,49.0861,-16.3741,0.0,0.0001,2.2363,0.0019,6.2104,35.4817,10.5631,27.2296,36.0098
331.0,663.0,10.6395,39.4701,90.9659,225.8367,0.0215,0.0003,99.2626,217.9486,49.0861,-16.3741,0.0,0.0001,2.2371,0.0004,6.2131,35.4807,10.5572,27.2299,36.0103
332.0,665.0,10.6336,39.4649,98.6864,225.3963,0.0198,0.0003,99.2533,217.9487,49.0861,-16.3741,0.0,0.0001,2.2354,-0.0005,6.2157,35.4805,10.5511,27.2308,36.0115
333.0,667.0,10.6106,39.4407,98.6825,224.7172,0.0186,0.0003,99.2578,217.9487,49.0861,-16.3741,0.0,0.0001,2.233,-0.0014,6.2152,35.4775,10.5281,27.2326,36.0143
334.0,669.0,10.605,39.4361,89.2181,225.7255,0.0245,0.0003,99.2487,217.9487,49.0861,-16.3741,0.0,0.0001,2.2338,0.0004,6.2192,35.4775,10.5222,27.2336,36.0155
335.0,671.0,10.5842,39.4147,98.6882,226.315,0.0247,0.0003,99.2613,217.9488,49.0861,-16.3741,0.0,0.0001,2.2357,0.0008,6.2213,35.4751,10.5012,27.2355,36.0183
336.0,673.0,10.5575,39.3857,62.6769,225.9981,0.0222,0.0003,99.1042,217.9488,49.0861,-16.3741,0.0,0.0001,2.2359,0.0,6.2201,35.4707,10.4743,27.2368,36.0208
337.0,675.0,10.5623,39.3919,94.7205,226.498,0.0215,0.0003,99.2424,217.9488,49.0861,-16.3741,0.0,0.0001,2.2372,0.0004,6.2241,35.4717,10.479,27.2367,36.0205
338.0,677.0,10.542,39.3721,98.6936,226.3142,0.0237,0.0003,99.2549,217.9489,49.0861,-16.3741,0.0,0.0001,2.2363,-0.0004,6.2273,35.4704,10.4584,27.2394,36.0241
339.0,679.0,10.5298,39.36,98.6882,225.2846,0.0224,0.0003,99.2626,217.9489,49.0861,-16.3741,0.0,0.0001,2.2326,-0.0019,6.2277,35.4691,10.4461,27.2406,36.0258
340.0,681.0,10.5169,39.3475,98.683,226.1417,0.0196,0.0003,99.2313,217.949,49.0861,-16.3741,0.0,0.0001,2.2332,0.0001,6.2287,35.468,10.4329,27.242,36.0278
341.0,683.0,10.5206,39.3519,98.69,225.1916,0.0187,0.0003,99.2491,217.949,49.0861,-16.3741,0.0,0.0001,2.2296,-0.0017,6.2301,35.4683,10.4365,27.2416,36.0272
342.0,685.0,10.4972,39.3286,83.6215,224.1785,0.0207,0.0003,99.2481,217.949,49.0861,-16.3741,0.0,0.0001,2.2234,-0.0026,6.2327,35.4664,10.4129,27.2443,36.0309
343.0,687.0,10.4871,39.3184,96.1622,224.0965,0.0227,0.0003,99.2509,217.9491,49.0861,-16.3741,0.0,0.0001,2.219,-0.0012,6.233,35.465,10.4026,27.245,36.0321
344.0,689.0,10.4804,39.3123,98.7112,224.1113,0.0209,0.0003,99.2493,217.9491,49.0861,-16.3741,0.0,0.0001,2.216,-0.0008,6.2363,35.4645,10.3956,27.2459,36.0332
345.0,691.0,10.4565,39.2877,98.5485,223.738,0.0198,0.0003,99.2384,217.9491,49.0861,-16.3741,0.0,0.0001,2.2128,-0.001,6.2386,35.4618,10.3716,27.248,36.0364
346.0,693.0,10.4447,39.2757,98.6873,223.296,0.0211,0.0003,99.2509,217.9492,49.0861,-16.3741,0.0,0.0001,2.209,-0.0011,6.2397,35.4603,10.3596,27.2489,36.0379
347.0,695.0,10.436,39.2675,77.7585,223.0691,0.0192,0.0003,99.2543,217.9492,49.0861,-16.3741,0.0,0.0001,2.2064,-0.001,6.2403,35.4597,10.3508,27.25,36.0393
348.0,697.0,10.4285,39.2608,96.0039,223.197,0.0221,0.0003,99.2496,217.9492,49.0861,-16.3741,0.0,0.0001,2.2048,-0.0004,6.2421,35.4591,10.3429,27.251,36.0406
349.0,699.0,10.428,39.2605,98.6912,222.1381,0.0204,0.0003,99.256,217.9493,49.0861,-16.3741,0.0,0.0001,2.2005,-0.0019,6.2424,35.4586,10.3423,27.2507,36.0404
350.0,701.0,10.4085,39.2417,89.9971,221.9364,0.0217,0.0003,99.2188,217.9493,49.0861,-16.3741,0.0,0.0001,2.1963,-0.0014,6.2455,35.4576,10.3226,27.2533,36.0438
351.0,703.0,10.3962,39.2291,98.68,221.0238,0.0223,0.0003,99.2626,217.9494,49.0861,-16.3741,0.0,0.0001,2.1916,-0.0021,6.2455,35.4559,10.31,27.2542,36.0452
352.0,705.0,10.3934,39.2277,98.6856,221.393,0.0227,0.0003,99.2403,217.9494,49.0861,-16.3741,0.0,0.0001,2.1888,-0.0006,6.2473,35.4564,10.307,27.2551,36.0463
353.0,707.0,10.3816,39.216,88.8866,220.2595,0.0241,0.0003,99.2502,217.9494,49.0861,-16.3741,0.0,0.0001,2.1837,-0.002,6.2498,35.4551,10.2951,27.2562,36.0479
354.0,709.0,10.3656,39.2007,87.8125,219.6081,0.023,0.0003,99.2377,217.9495,49.0861,-16.3741,0.0,0.0001,2.1774,-0.0019,6.2492,35.4543,10.2789,27.2584,36.0508
355.0,711.0,10.363,39.1995,97.9142,220.1365,0.0229,0.0003,99.1644,217.9495,49.0861,-16.3741,0.0,0.0001,2.1766,-0.0005,6.2516,35.4546,10.2761,27.2591,36.0516
356.0,713.0,10.3516,39.1879,98.68,217.9621,0.0193,0.0003,99.2312,217.9495,49.0861,-16.3741,0.0,0.0001,2.1668,-0.0032,6.2528,35.4531,10.2644,27.26,36.053
357.0,715.0,10.3378,39.1734,60.0619,217.8203,0.0218,0.0003,99.2296,217.9496,49.0861,-16.3741,0.0,0.0001,2.163,-0.0019,6.2525,35.4508,10.2504,27.2606,36.0543
358.0,717.0,10.3449,39.1822,96.8099,217.802,0.0235,0.0003,99.2338,217.9496,49.0861,-16.3741,0.0,0.0001,2.1579,-0.0011,6.2555,35.4522,10.2573,27.2606,36.0539
359.0,719.0,10.3214,39.1593,98.68,216.4909,0.0232,0.0003,99.2212,217.9497,49.0861,-16.3741,0.0,0.0001,2.1513,-0.0024,6.256,35.4508,10.2336,27.2636,36.0579
360.0,721.0,10.3073,39.1458,85.182,217.0167,0.0217,0.0003,99.2292,217.9497,49.086,-16.3741,0.0,0.0001,2.1496,-0.0005,6.2585,35.4498,10.2193,27.2653,36.0603
361.0,723.0,10.3035,39.1411,77.426,215.1708,0.0233,0.0003,99.2292,217.9497,49.086,-16.3741,0.0,0.0001,2.1421,-0.0033,6.2606,35.4478,10.2153,27.2645,36.0596
362.0,725.0,10.2771,39.1144,98.68,214.8083,0.0244,0.0003,99.2337,217.9498,49.086,-16.3741,0.0,0.0001,2.1372,-0.0024,6.2596,35.4455,10.1887,27.2673,36.0636
363.0,727.0,10.2815,39.1197,98.68,214.8837,0.0244,0.0003,99.2337,217.9498,49.086,-16.3741,0.0,0.0001,2.1331,-0.0014,6.2643,35.446,10.193,27.267,36.0631
364.0,729.0,10.2524,39.088,98.68,212.9215,0.026,0.0003,99.2225,217.9498,49.086,-16.3741,0.0,0.0001,2.1226,-0.0035,6.2673,35.441,10.1637,27.2682,36.0656
365.0,731.0,10.2387,39.0753,79.9288,212.3794,0.0223,0.0003,99.1839,217.9499,49.086,-16.3741,0.0,0.0001,2.1164,-0.0027,6.2679,35.4407,10.1499,27.2703,36.0683
366.0,733.0,10.2312,39.0684,80.2694,212.3096,0.02,0.0003,99.2257,217.9499,49.086,-16.3741,0.0,0.0001,2.1104,-0.0011,6.2697,35.44,10.1422,27.2711,36.0694
367.0,735.0,10.2343,39.0716,92.6747,211.1318,0.0223,0.0003,99.2337,217.95,49.086,-16.3741,0.0,0.0001,2.1041,-0.0026,6.2738,35.4396,10.1451,27.2703,36.0685
368.0,737.0,10.2098,39.0464,97.9255,209.9023,0.0232,0.0003,99.2324,217.95,49.086,-16.3741,0.0,0.0001,2.0972,-0.0035,6.273,35.4368,10.1204,27.2724,36.0717
369.0,739.0,10.1895,39.0247,98.68,210.5784,0.0226,0.0003,99.2294,217.95,49.086,-16.3741,0.0,0.0001,2.0937,-0.0006,6.2737,35.4335,10.1,27.2733,36.0735
370.0,741.0,10.194,39.0301,98.68,208.8925,0.0238,0.0003,99.2337,217.9501,49.086,-16.3741,0.0,0.0001,2.0871,-0.0033,6.2783,35.4339,10.1041,27.2729,36.0729
371.0,743.0,10.1605,38.9948,98.68,208.095,0.0247,0.0003,99.2337,217.9501,49.086,-16.3741,0.0,0.0001,2.082,-0.0036,6.2768,35.4295,10.0705,27.2754,36.0768
372.0,745.0,10.1655,39.0022,98.68,208.9536,0.0229,0.0003,99.228,217.9501,49.086,-16.3741,0.0,0.0001,2.0798,-0.0008,6.2792,35.4315,10.0753,27.2761,36.0773
373.0,747.0,10.1613,38.9982,72.0161,206.7838,0.0205,0.0003,99.2337,217.9502,49.086,-16.3741,0.0,0.0001,2.072,-0.0039,6.2794,35.4307,10.0709,27.2762,36.0776
374.0,749.0,10.1329,38.9697,96.8546,207.4348,0.0202,0.0003,99.2323,217.9502,49.086,-16.3741,0.0,0.0001,2.0675,-0.0012,6.2843,35.4286,10.0425,27.2795,36.0821
375.0,751.0,10.1174,38.955,98.6814,203.9973,0.0178,0.0003,99.2337,217.9502,49.086,-16.3741,0.0,0.0001,2.0554,-0.0063,6.286,35.4278,10.0267,27.2816,36.085
376.0,753.0,10.0879,38.9251,98.682,205.1681,0.0215,0.0003,99.232,217.9503,49.086,-16.3741,0.0,0.0001,2.051,-0.0014,6.2831,35.4248,9.997,27.2844,36.089
377.0,755.0,10.0999,38.9389,89.9581,205.862,0.0234,0.0003,99.2337,217.9503,49.086,-16.3741,0.0,0.0001,2.0509,-0.0008,6.2934,35.4268,10.0089,27.2838,36.088
378.0,757.0,10.0633,38.8992,74.9747,201.0162,0.0217,0.0003,99.2289,217.9503,49.086,-16.3741,0.0,0.0001,2.0345,-0.0078,6.2918,35.421,9.9722,27.2856,36.0914
379.0,759.0,10.0477,38.8844,95.6209,202.1158,0.0217,0.0003,99.234,217.9504,49.086,-16.3741,0.0,0.0001,2.0271,-0.0026,6.2962,35.42,9.9564,27.2876,36.094
380.0,761.0,10.0375,38.8742,98.68,201.0959,0.0227,0.0003,99.2337,217.9504,49.086,-16.3741,0.0,0.0001,2.0187,-0.0027,6.2984,35.4188,9.946,27.2884,36.0953
381.0,763.0,10.0184,38.8557,88.3047,200.7954,0.023,0.0003,99.2322,217.9505,49.086,-16.3741,0.0,0.0001,2.0117,-0.0016,6.3043,35.4178,9.9268,27.2909,36.0986
382.0,765.0,9.9915,38.8211,98.68,198.7134,0.0233,0.0003,99.2264,217.9505,49.086,-16.3741,0.0,0.0001,2.0017,-0.0039,6.3064,35.4077,9.8999,27.2877,36.0967
383.0,767.0,9.9598,38.795,98.68,198.1856,0.0194,0.0003,99.2337,217.9505,49.0859,-16.3741,0.0,0.0001,1.9952,-0.0032,6.3054,35.4109,9.868,27.2957,36.1059
384.0,769.0,9.967,38.8029,90.0875,198.8988,0.0213,0.0003,99.23,217.9506,49.086,-16.3741,0.0,0.0001,1.9927,-0.0007,6.3076,35.4112,9.8749,27.2946,36.1046
385.0,771.0,9.9513,38.7875,96.9547,198.582,0.021,0.0003,99.2337,217.9506,49.0859,-16.3741,0.0,0.0001,1.9895,-0.001,6.3134,35.4099,9.8591,27.2963,36.107
386.0,773.0,9.9193,38.7558,98.68,197.8889,0.0199,0.0003,99.2337,217.9506,49.0859,-16.3741,0.0,0.0001,1.9852,-0.0017,6.3158,35.4079,9.8269,27.3003,36.1124
387.0,775.0,9.8885,38.7259,98.68,197.6857,0.0216,0.0003,99.2299,217.9507,49.0859,-16.3741,0.0,0.0001,1.9823,-0.0012,6.3154,35.4064,9.7961,27.3044,36.1178
388.0,777.0,9.8906,38.7287,82.772,197.6811,0.0199,0.0003,99.2197,217.9507,49.0859,-16.3742,0.0,0.0001,1.9798,-0.0007,6.3194,35.4066,9.798,27.3042,36.1175
389.0,779.0,9.8598,38.6962,98.68,197.105,0.0141,0.0003,99.2245,217.9508,49.0859,-16.3741,0.0,0.0001,1.9767,-0.0013,6.3211,35.4023,9.7671,27.3061,36.1208
390.0,781.0,9.846,38.6809,98.68,196.4166,0.0224,0.0003,99.2279,217.9508,49.0859,-16.3742,0.0,0.0001,1.9711,-0.0019,6.3285,35.3992,9.7531,27.3061,36.1214
391.0,783.0,9.7889,38.6232,98.68,195.2936,0.0234,0.0003,99.2265,217.9508,49.0859,-16.3742,0.0,0.0001,1.9614,-0.0019,6.3326,35.3947,9.696,27.3122,36.1301
392.0,785.0,9.7907,38.6264,98.68,193.8449,0.0195,0.0003,99.2337,217.9509,49.0859,-16.3742,0.0,0.0001,1.953,-0.0031,6.3365,35.3956,9.6976,27.3127,36.1304
393.0,787.0,9.7557,38.5903,98.68,193.8216,0.0184,0.0003,99.2337,217.9509,49.0859,-16.3742,0.0,0.0001,1.9505,-0.0022,6.336,35.392,9.6626,27.3158,36.135
394.0,789.0,9.7428,38.5791,87.1343,194.2568,0.0222,0.0003,99.2337,217.9509,49.0859,-16.3742,0.0,0.0001,1.948,-0.0007,6.3392,35.3921,9.6495,27.318,36.1379
395.0,791.0,9.7173,38.5538,98.68,193.369,0.0232,0.0003,99.2275,217.951,49.0859,-16.3742,0.0,0.0001,1.9429,-0.0017,6.3429,35.3902,9.6239,27.3208,36.1418
396.0,793.0,9.7098,38.5492,96.584,192.9291,0.0208,0.0003,99.2278,217.951,49.0859,-16.3742,0.0,0.0001,1.9397,-0.0016,6.3431,35.3919,9.6162,27.3235,36.1447
397.0,795.0,9.7066,38.5512,90.5079,192.9321,0.0238,0.0003,99.2249,217.951,49.0859,-16.3742,0.0,0.0001,1.9379,-0.0008,6.3425,35.3962,9.6127,27.3274,36.1487
398.0,797.0,9.7061,38.5536,98.68,193.0581,0.0213,0.0003,99.2337,217.9511,49.0859,-16.3742,0.0,0.0001,1.936,-0.0004,6.3456,35.3983,9.6121,27.3292,36.1505
399.0,799.0,9.6947,38.541,98.68,191.4205,0.0218,0.0003,99.2385,217.9511,49.0859,-16.3742,0.0,0.0001,1.9289,-0.0027,6.3487,35.3957,9.6005,27.3291,36.151
400.0,801.0,9.6698,38.5165,76.9093,191.1407,0.0186,0.0003,99.2337,217.9512,49.0859,-16.3742,0.0,0.0001,1.9252,-0.002,6.347,35.3938,9.5754,27.3318,36.1548
401.0,803.0,9.6678,38.5152,98.6653,191.9191,0.0223,0.0003,99.2279,217.9512,49.0859,-16.3742,0.0,0.0001,1.9242,-0.0002,6.3507,35.3936,9.5732,27.332,36.1551
402.0,805.0,9.6491,38.4956,98.68,190.3782,0.0202,0.0003,99.2403,217.9512,49.0859,-16.3742,0.0,0.0001,1.9188,-0.0027,6.3594,35.3908,9.5544,27.333,36.1569
403.0,807.0,9.6028,38.4433,98.68,189.4886,0.0199,0.0003,99.2626,217.9513,49.0859,-16.3742,0.0,0.0001,1.9139,-0.0032,6.3566,35.3816,9.5081,27.3335,36.1596
404.0,809.0,9.5491,38.384,87.8519,190.3723,0.0197,0.0003,99.257,217.9513,49.0859,-16.3742,0.0,0.0001,1.9108,-0.0009,6.3659,35.3722,9.4545,27.3351,36.1636
405.0,811.0,9.535,38.364,98.68,187.5423,0.0181,0.0003,99.2889,217.9514,49.0858,-16.3742,0.0,0.0001,1.9005,-0.0048,6.3724,35.3646,9.4403,27.3315,36.1607
406.0,813.0,9.4503,38.2729,98.5643,187.5475,0.0225,0.0003,99.2824,217.9514,49.0858,-16.3742,0.0,0.0001,1.8922,-0.0031,6.3869,35.3529,9.3558,27.3364,36.1694
407.0,815.0,9.4178,38.2349,98.68,186.3523,0.0217,0.0003,99.2839,217.9514,49.0858,-16.3742,0.0,0.0001,1.8851,-0.0034,6.3836,35.3444,9.3233,27.3352,36.1697
408.0,817.0,9.3962,38.2152,88.2951,187.3573,0.02,0.0003,99.2829,217.9515,49.0858,-16.3742,0.0,0.0001,1.882,-0.0005,6.3877,35.3445,9.3016,27.3388,36.1742
409.0,819.0,9.3684,38.1876,94.8521,186.0006,0.0254,0.0003,99.3055,217.9515,49.0858,-16.3742,0.0,0.0001,1.8761,-0.0022,6.3939,35.3421,9.2737,27.3415,36.1782
410.0,821.0,9.3584,38.1819,98.68,186.0488,0.0243,0.0003,99.3151,217.9515,49.0858,-16.3742,0.0,0.0001,1.873,-0.0013,6.392,35.3452,9.2635,27.3457,36.1827
411.0,823.0,9.3658,38.1955,91.3544,186.7681,0.0232,0.0003,99.2915,217.9516,49.0858,-16.3742,0.0,0.0001,1.8738,0.0001,6.3922,35.3508,9.2706,27.3488,36.1855
412.0,825.0,9.3702,38.1989,98.68,186.5156,0.0236,0.0003,99.2915,217.9516,49.0858,-16.3742,0.0,0.0001,1.8742,-0.0004,6.3915,35.3496,9.2748,27.3472,36.1837
413.0,827.0,9.3691,38.2038,98.68,186.0349,0.0203,0.0003,99.2915,217.9516,49.0858,-16.3742,0.0,0.0001,1.8718,-0.0011,6.3919,35.3549,9.2735,27.3516,36.1881
414.0,829.0,9.3731,38.2123,98.68,186.5086,0.022,0.0003,99.2875,217.9517,49.0858,-16.3742,0.0,0.0001,1.8718,-0.0001,6.3916,35.3587,9.2771,27.354,36.1903
415.0,831.0,9.3736,38.2134,90.3358,186.5429,0.0229,0.0003,99.2712,217.9517,49.0858,-16.3743,0.0,0.0001,1.8714,-0.0002,6.3938,35.3583,9.2774,27.3536,36.1899
416.0,833.0,9.3477,38.1914,98.68,185.467,0.0215,0.0003,99.3112,217.9518,49.0858,-16.3743,0.0,0.0001,1.8673,-0.0017,6.3973,35.3601,9.2514,27.3593,36.1967
417.0,835.0,9.3366,38.181,98.68,185.1218,0.0195,0.0003,99.3114,217.9518,49.0858,-16.3743,0.0,0.0001,1.8632,-0.0016,6.397,35.3595,9.2402,27.3606,36.1985
418.0,837.0,9.3338,38.1823,77.4893,185.1585,0.0243,0.0003,99.3204,217.9518,49.0858,-16.3743,0.0,0.0001,1.8616,-0.0009,6.3967,35.3627,9.2371,27.3636,36.2016
419.0,839.0,9.3338,38.1856,95.7781,185.4311,0.0236,0.0003,99.2989,217.9519,49.0858,-16.3743,0.0,0.0001,1.8607,0.0,6.3973,35.3652,9.2368,27.3657,36.2036
420.0,841.0,9.3331,38.1866,98.68,184.5306,0.0237,0.0003,99.3132,217.9519,49.0858,-16.3743,0.0,0.0001,1.8578,-0.0016,6.3999,35.3661,9.2359,27.3665,36.2045
421.0,843.0,9.3128,38.1715,98.68,184.8682,0.0243,0.0003,99.2915,217.9519,49.0858,-16.3743,0.0,0.0001,1.8579,-0.0006,6.399,35.3693,9.2155,27.3724,36.2112
422.0,845.0,9.3029,38.163,98.68,185.335,0.023,0.0003,99.3103,217.952,49.0858,-16.3743,0.0,0.0001,1.8581,0.0001,6.4004,35.3692,9.2054,27.3739,36.2132
423.0,847.0,9.3167,38.1767,92.2942,184.9882,0.0205,0.0003,99.3006,217.952,49.0858,-16.3743,0.0,0.0001,1.8568,-0.0007,6.4049,35.3694,9.219,27.3719,36.2106
424.0,849.0,9.2627,38.1248,81.8968,185.3758,0.0227,0.0003,99.2915,217.9521,49.0857,-16.3743,0.0,0.0001,1.8555,0.0001,6.4081,35.3676,9.165,27.3794,36.2204
425.0,851.0,9.2365,38.1014,95.4104,185.3157,0.0225,0.0003,99.2915,217.9521,49.0857,-16.3743,0.0,0.0001,1.8555,-0.0002,6.4126,35.3682,9.1387,27.3841,36.2262
426.0,853.0,9.2188,38.0846,98.68,185.2189,0.0262,0.0003,99.2991,217.9521,49.0857,-16.3743,0.0,0.0001,1.8548,-0.0002,6.4112,35.3671,9.1208,27.3861,36.2291
427.0,855.0,9.227,38.0935,93.3084,185.5716,0.023,0.0003,99.2915,217.9522,49.0857,-16.3743,0.0,0.0001,1.8554,0.0,6.4164,35.3676,9.1288,27.3852,36.2278
428.0,857.0,9.1907,38.0607,98.68,184.8352,0.0246,0.0003,99.2915,217.9522,49.0857,-16.3743,0.0,0.0001,1.8526,-0.0013,6.4199,35.3682,9.0925,27.3916,36.2358
429.0,859.0,9.1796,38.0496,98.68,184.8263,0.025,0.0003,99.2915,217.9522,49.0857,-16.3743,0.0,0.0001,1.851,-0.0009,6.4184,35.3669,9.0812,27.3924,36.2371
430.0,861.0,9.164,38.0388,91.2932,184.8367,0.0246,0.0003,99.2915,217.9523,49.0857,-16.3743,0.0,0.0001,1.8495,-0.0004,6.4203,35.3699,9.0654,27.3974,36.2427
431.0,863.0,9.1604,38.0346,98.6722,184.5586,0.0278,0.0003,99.3153,217.9523,49.0857,-16.3744,0.0,0.0001,1.8476,-0.0009,6.4279,35.3682,9.0616,27.3967,36.2422
432.0,865.0,9.1195,37.9952,98.68,184.2195,0.0247,0.0003,99.3156,217.9524,49.0857,-16.3744,0.0,0.0001,1.8448,-0.0011,6.429,35.3668,9.0208,27.4022,36.2495
433.0,867.0,9.1017,37.9796,98.68,184.3251,0.0225,0.0003,99.2915,217.9524,49.0857,-16.3744,0.0,0.0001,1.8434,-0.0006,6.4311,35.367,9.0028,27.4053,36.2533
434.0,869.0,9.085,37.9648,82.399,184.2784,0.0211,0.0003,99.2905,217.9524,49.0857,-16.3744,0.0,0.0001,1.8421,-0.0005,6.4341,35.3673,8.986,27.4082,36.257
435.0,871.0,9.0652,37.9477,96.2613,184.0815,0.0215,0.0003,99.2926,217.9525,49.0857,-16.3744,0.0,0.0001,1.8396,-0.0005,6.4363,35.368,8.9661,27.412,36.2616
436.0,873.0,9.0561,37.9399,98.216,183.733,0.0195,0.0003,99.3132,217.9525,49.0857,-16.3744,0.0,0.0001,1.8376,-0.0009,6.4394,35.368,8.9568,27.4135,36.2635
437.0,875.0,9.0432,37.9273,98.68,183.7732,0.0235,0.0003,99.2977,217.9525,49.0857,-16.3744,0.0,0.0001,1.8364,-0.0005,6.4376,35.3668,8.9437,27.4146,36.2653
438.0,877.0,9.0308,37.9156,98.6804,184.1639,0.0224,0.0003,99.2953,217.9526,49.0856,-16.3745,0.0,0.0001,1.8372,0.0,6.4404,35.3658,8.9311,27.4159,36.2671
439.0,879.0,9.0304,37.9153,78.6515,183.6865,0.0244,0.0003,99.3073,217.9526,49.0856,-16.3745,0.0,0.0001,1.833,-0.0011,6.4562,35.3651,8.9306,27.4154,36.2667
440.0,881.0,8.905,37.7723,92.47,184.8373,0.0257,0.0003,99.3096,217.9526,49.0856,-16.3745,0.0,0.0001,1.8355,0.0012,6.4533,35.3384,8.8057,27.4145,36.2716
441.0,883.0,8.8886,37.7598,98.68,185.1719,0.0246,0.0003,99.2963,217.9527,49.0856,-16.3745,0.0,0.0001,1.8371,0.0004,6.4687,35.3408,8.7891,27.419,36.2768
442.0,885.0,8.8439,37.7119,83.581,185.7337,0.0232,0.0003,99.3168,217.9527,49.0856,-16.3745,0.0,0.0001,1.8382,0.0007,6.4743,35.3341,8.7445,27.4209,36.2807
443.0,887.0,8.8082,37.6757,93.743,185.6049,0.0219,0.0003,99.3204,217.9527,49.0856,-16.3745,0.0,0.0001,1.8388,0.0001,6.4769,35.3304,8.7088,27.4237,36.2852
444.0,889.0,8.787,37.6561,93.3852,185.4218,0.0213,0.0003,99.3227,217.9528,49.0856,-16.3745,0.0,0.0001,1.8383,-0.0002,6.4742,35.3299,8.6875,27.4266,36.2891
445.0,891.0,8.7902,37.6599,98.68,185.5039,0.0256,0.0003,99.3218,217.9528,49.0856,-16.3745,0.0,0.0001,1.8385,0.0,6.4723,35.33,8.6904,27.4263,36.2886
446.0,893.0,8.7986,37.6875,98.68,185.2146,0.0232,0.0003,99.3178,217.9528,49.0856,-16.3746,0.0,0.0001,1.837,-0.0004,6.473,35.3498,8.6986,27.4405,36.3021
447.0,895.0,8.8461,37.7389,86.9947,184.2019,0.0208,0.0003,99.3172,217.9529,49.0856,-16.3746,0.0,0.0001,1.8342,-0.0017,6.4697,35.3556,8.7456,27.4376,36.2971
448.0,897.0,8.8152,37.7074,96.7154,184.9599,0.0239,0.0003,99.3048,217.9529,49.0856,-16.3746,0.0,0.0001,1.8338,-0.0001,6.4738,35.3523,8.7146,27.4399,36.3008
449.0,899.0,8.798,37.6878,98.68,184.5641,0.021,0.0003,99.3217,217.9529,49.0856,-16.3746,0.0,0.0001,1.8316,-0.0007,6.476,35.3479,8.6973,27.4392,36.3009
450.0,901.0,8.7872,37.685,98.68,184.7944,0.0223,0.0003,99.3186,217.953,49.0856,-16.3746,0.0,0.0001,1.8316,0.0,6.4711,35.3546,8.6863,27.4462,36.3083
451.0,903.0,8.8121,37.7152,78.2051,184.4333,0.019,0.0003,99.3266,217.953,49.0856,-16.3746,0.0,0.0001,1.8307,-0.0006,6.472,35.3609,8.7109,27.4473,36.3082
452.0,905.0,8.818,37.7268,97.3856,184.5052,0.0236,0.0003,99.3094,217.953,49.0856,-16.3746,0.0,0.0001,1.8301,-0.0002,6.4723,35.3662,8.7164,27.4505,36.3111
453.0,907.0,8.8165,37.7264,88.153,184.1125,0.0236,0.0003,99.3204,217.9531,49.0856,-16.3746,0.0,0.0001,1.828,-0.0008,6.4723,35.3664,8.7147,27.451,36.3117
454.0,909.0,8.814,37.7299,90.3111,183.9986,0.0235,0.0003,99.3204,217.9531,49.0856,-16.3746,0.0,0.0001,1.8273,-0.0007,6.4725,35.3715,8.712,27.4554,36.3162
455.0,911.0,8.8056,37.7225,98.68,184.2269,0.0185,0.0003,99.315,217.9531,49.0856,-16.3746,0.0,0.0001,1.8271,-0.0003,6.4726,35.3712,8.7034,27.4565,36.3177
456.0,913.0,8.7992,37.717,98.68,184.1388,0.0209,0.0003,99.317,217.9532,49.0856,-16.3746,0.0,0.0001,1.8251,-0.0004,6.4786,35.3709,8.6968,27.4573,36.3187
457.0,915.0,8.7647,37.6828,83.3047,184.2723,0.0221,0.0003,99.3183,217.9532,49.0856,-16.3747,0.0,0.0001,1.8242,-0.0003,6.4842,35.3684,8.6622,27.4608,36.3238
458.0,917.0,8.7316,37.6495,98.7245,184.3791,0.0198,0.0003,99.3198,217.9532,49.0856,-16.3747,0.0,0.0001,1.8238,-0.0002,6.4889,35.3652,8.6292,27.4636,36.3281
459.0,919.0,8.6834,37.6006,98.68,184.6949,0.0213,0.0003,99.3073,217.9533,49.0856,-16.3747,0.0,0.0001,1.8242,0.0004,6.488,35.3607,8.5811,27.4677,36.3343
460.0,921.0,8.6812,37.5999,86.578,184.6012,0.0233,0.0003,99.3148,217.9533,49.0856,-16.3747,0.0,0.0001,1.8242,-0.0002,6.4939,35.3616,8.5787,27.4687,36.3354
461.0,923.0,8.6525,37.5759,98.68,184.5838,0.0192,0.0003,99.3204,217.9534,49.0856,-16.3747,0.0,0.0001,1.823,-0.0003,6.4979,35.3636,8.5498,27.4748,36.3428
462.0,925.0,8.6376,37.5622,98.68,184.7121,0.025,0.0003,99.3204,217.9534,49.0856,-16.3747,0.0,0.0001,1.8224,0.0001,6.4962,35.3631,8.5348,27.4767,36.3454
463.0,927.0,8.6427,37.5679,98.624,184.8378,0.0228,0.0003,99.3204,217.9534,49.0856,-16.3747,0.0,0.0001,1.8233,-0.0001,6.4995,35.363,8.5397,27.4759,36.3444
464.0,929.0,8.6351,37.5633,98.68,184.438,0.0206,0.0003,99.3113,217.9535,49.0856,-16.3747,0.0,0.0001,1.8217,-0.0009,6.5063,35.3649,8.5319,27.4787,36.3474
465.0,931.0,8.5863,37.5143,98.68,184.9164,0.0213,0.0003,99.3204,217.9535,49.0856,-16.3747,0.0,0.0001,1.8214,0.0,6.5066,35.3608,8.4832,27.4831,36.3541
466.0,933.0,8.5763,37.5059,98.68,185.3061,0.0226,0.0003,99.3204,217.9535,49.0856,-16.3747,0.0,0.0001,1.8217,0.0007,6.5035,35.3611,8.473,27.4849,36.3563
467.0,935.0,8.5818,37.5128,90.7154,185.1078,0.0227,0.0003,99.3172,217.9536,49.0856,-16.3747,0.0,0.0001,1.822,-0.0001,6.5087,35.362,8.4783,27.4847,36.3559
468.0,937.0,8.5475,37.479,98.68,185.5826,0.0209,0.0003,99.3108,217.9536,49.0855,-16.3747,0.0,0.0001,1.8217,0.0002,6.5189,35.3595,8.4439,27.4881,36.3609
469.0,939.0,8.5253,37.4558,98.2532,185.0215,0.0202,0.0003,99.3183,217.9536,49.0855,-16.3747,0.0,0.0001,1.8221,-0.0008,6.5223,35.3562,8.4218,27.489,36.3628
470.0,941.0,8.4602,37.3913,98.68,186.0031,0.0223,0.0003,99.3176,217.9536,49.0855,-16.3747,0.0,0.0001,1.8225,0.0008,6.5187,35.3519,8.3568,27.4958,36.3725
471.0,943.0,8.4596,37.3918,92.1588,185.7313,0.0222,0.0003,99.312,217.9537,49.0856,-16.3747,0.0,0.0001,1.8228,-0.0002,6.5257,35.3523,8.356,27.4962,36.373
472.0,945.0,8.4426,37.3777,98.68,185.872,0.0214,0.0003,99.3298,217.9537,49.0855,-16.3747,0.0,0.0001,1.8217,0.0,6.5305,35.3534,8.3389,27.4997,36.3772
473.0,947.0,8.4107,37.3456,93.8356,186.0565,0.0192,0.0003,99.3178,217.9538,49.0855,-16.3747,0.0,0.0001,1.8217,0.0001,6.5327,35.35,8.307,27.502,36.381
474.0,949.0,8.3993,37.3356,98.68,186.3509,0.0203,0.0003,99.3229,217.9538,49.0855,-16.3747,0.0,0.0001,1.8227,0.0004,6.5328,35.3499,8.2954,27.5037,36.3832
475.0,951.0,8.3876,37.3256,88.7995,186.5121,0.0208,0.0003,99.3231,217.9538,49.0855,-16.3747,0.0,0.0001,1.8236,0.0001,6.5387,35.3501,8.2835,27.5056,36.3857
476.0,953.0,8.3595,37.299,90.6057,186.3296,0.0232,0.0003,99.3201,217.9539,49.0855,-16.3747,0.0,0.0001,1.8217,-0.0004,6.5416,35.349,8.2554,27.5092,36.3905
477.0,955.0,8.3437,37.2847,98.68,186.2382,0.0216,0.0003,99.3325,217.9539,49.0855,-16.3747,0.0,0.0001,1.822,-0.0004,6.5418,35.3488,8.2395,27.5114,36.3934
478.0,957.0,8.3381,37.2807,98.68,186.6892,0.0222,0.0003,99.3226,217.9539,49.0855,-16.3748,0.0,0.0001,1.8228,0.0002,6.5419,35.3493,8.2337,27.5127,36.3949
479.0,959.0,8.336,37.2795,94.1931,186.7,0.0217,0.0003,99.3307,217.954,49.0855,-16.3748,0.0,0.0001,1.8227,0.0,6.5438,35.3491,8.2313,27.5129,36.3953
480.0,961.0,8.3248,37.2692,98.4237,186.3983,0.0214,0.0003,99.326,217.954,49.0855,-16.3748,0.0,0.0001,1.8217,-0.0005,6.5456,35.3483,8.2201,27.514,36.3969
481.0,963.0,8.3123,37.2595,98.68,186.9655,0.0235,0.0003,99.3463,217.954,49.0855,-16.3748,0.0,0.0001,1.8223,0.0004,6.5453,35.3497,8.2074,27.517,36.4005
482.0,965.0,8.3092,37.2583,98.68,186.7763,0.0177,0.0003,99.3261,217.9541,49.0855,-16.3748,0.0,0.0001,1.822,-0.0001,6.547,35.3505,8.2041,27.5182,36.4018
483.0,967.0,8.3017,37.2542,85.9605,186.6669,0.0215,0.0003,99.3199,217.9541,49.0855,-16.3748,0.0,0.0001,1.8216,-0.0002,6.5487,35.3528,8.1964,27.5212,36.4051
484.0,969.0,8.2879,37.2448,98.7081,187.095,0.0228,0.0003,99.3417,217.9541,49.0855,-16.3748,0.0,0.0001,1.8217,0.0004,6.5491,35.3555,8.1825,27.5254,36.4099
485.0,971.0,8.2911,37.2477,96.3808,186.6328,0.0221,0.0003,99.3301,217.9542,49.0855,-16.3748,0.0,0.0001,1.8208,-0.0004,6.55,35.3548,8.1855,27.5244,36.4088
486.0,973.0,8.2832,37.2415,98.68,186.9659,0.021,0.0003,99.3418,217.9542,49.0855,-16.3748,0.0,0.0001,1.8217,0.0001,6.5499,35.355,8.1774,27.5258,36.4105
487.0,975.0,8.2602,37.2176,94.2378,187.0697,0.0204,0.0003,99.343,217.9542,49.0855,-16.3748,0.0,0.0001,1.8213,-0.0001,6.5572,35.3517,8.1543,27.5268,36.4126
488.0,977.0,8.2149,37.1695,98.68,187.6179,0.0199,0.0003,99.3229,217.9543,49.0855,-16.3748,0.0,0.0001,1.8217,0.0003,6.5639,35.3447,8.109,27.5282,36.4161
489.0,979.0,8.2247,37.1788,98.68,187.4001,0.0273,0.0003,99.3378,217.9543,49.0855,-16.3748,0.0,0.0001,1.8217,-0.0005,6.5751,35.3443,8.1186,27.5264,36.4139
490.0,981.0,8.1353,37.0848,98.68,188.1065,0.0238,0.0003,99.3232,217.9543,49.0855,-16.3748,0.0,0.0001,1.8217,0.0003,6.581,35.3326,8.0296,27.5307,36.4224
491.0,983.0,8.1013,37.0496,83.3175,188.2245,0.0227,0.0003,99.3246,217.9544,49.0855,-16.3748,0.0,0.0001,1.8219,0.0005,6.576,35.3281,7.9956,27.5324,36.4256
492.0,985.0,8.0761,37.0257,89.4715,188.3743,0.0244,0.0003,99.3269,217.9544,49.0855,-16.3748,0.0,0.0001,1.8245,0.0,6.5783,35.3269,7.9704,27.5352,36.4296
493.0,987.0,8.1279,37.0754,98.68,187.5575,0.0226,0.0003,99.3382,217.9544,49.0855,-16.3748,0.0,0.0001,1.8234,-0.0015,6.5938,35.3274,8.0216,27.5279,36.42
494.0,989.0,8.0146,36.9649,93.4066,188.9372,0.0228,0.0003,99.3392,217.9545,49.0855,-16.3748,0.0,0.0001,1.8223,0.0007,6.5942,35.3217,7.9089,27.5404,36.4376
495.0,991.0,7.9923,36.9436,98.68,189.2264,0.0215,0.0003,99.3174,217.9545,49.0855,-16.3748,0.0,0.0001,1.8252,0.0006,6.5906,35.3201,7.8864,27.5425,36.4408
496.0,993.0,8.0034,36.9557,98.6697,189.0227,0.0231,0.0003,99.3208,217.9545,49.0855,-16.3748,0.0,0.0001,1.8253,-0.0002,6.594,35.3214,7.8974,27.5419,36.4397
497.0,995.0,7.9625,36.9208,98.5925,188.7853,0.0205,0.0003,99.3387,217.9546,49.0855,-16.3748,0.0,0.0001,1.8223,-0.0005,6.6017,35.3241,7.8565,27.5501,36.4497
498.0,997.0,7.937,36.894,98.68,189.7897,0.0217,0.0003,99.3375,217.9546,49.0855,-16.3748,0.0,0.0001,1.8248,0.0011,6.599,35.3199,7.831,27.5506,36.4514
499.0,999.0,7.9322,36.8898,93.7987,189.7174,0.0179,0.0003,99.3224,217.9546,49.0855,-16.3748,0.0,0.0001,1.827,0.0001,6.6034,35.3193,7.8259,27.5509,36.4519
500.0,1001.0,7.9253,36.8838,96.3953,189.4731,0.0206,0.0003,99.33,217.9547,49.0855,-16.3748,0.0,0.0001,1.8267,-0.0008,6.6104,35.3187,7.8188,27.5515,36.4529
501.0,1003.0,7.8637,36.8227,97.8982,190.3191,0.0202,0.0003,99.3401,217.9548,49.0854,-16.3748,0.0,0.0001,1.8278,0.0005,6.6086,35.3143,7.7575,27.5572,36.4614
502.0,1005.0,7.8433,36.805,94.6703,190.7109,0.0211,0.0003,99.3274,217.9552,49.0854,-16.3748,0.0,0.0001,1.8308,-0.0001,6.6189,35.3148,7.7371,27.5606,36.4657
503.0,1007.0,7.8253,36.79,94.8499,190.8955,0.0219,0.0003,99.2594,217.956,49.0854,-16.3748,0.0,0.0001,1.8312,0.0,6.6202,35.3159,7.7189,27.5641,36.4701
504.0,1009.0,7.8236,36.79,95.14,190.9621,0.022,0.0003,99.2088,217.9565,49.0854,-16.3748,0.0,0.0001,1.8312,0.0002,6.6202,35.3169,7.7171,27.5652,36.4712
