Datacycle,press,temp,cond,alt,oxygen,fluor,atten,trans,jday,lat,lon,PAR,UPAR,oxV,oxdVdt,oxysat,salin,potemp,sigma0,sigma2
1.0,1.0,15.3557,44.0065,98.71,246.0858,1.1756,0.0046,89.5567,200.2027,48.9976,-16.5113,0.0,0.0001,2.7375,-0.0011,5.6244,35.6689,15.3554,26.4088,35.0029
2.0,3.0,15.3561,44.0076,98.71,246.6689,1.1757,0.0037,91.1384,200.2028,48.9976,-16.5113,0.0,0.0001,2.7404,0.0001,5.6244,35.669,15.3557,26.4088,35.0029
3.0,5.0,15.3565,44.0086,98.71,246.7104,1.1801,0.0037,91.1284,200.2029,48.9975,-16.5112,0.0,0.0001,2.7401,0.0003,5.6243,35.6689,15.3557,26.4087,35.0028
4.0,7.0,15.3563,44.0091,98.71,246.5809,1.1738,0.0037,91.1675,200.203,48.9975,-16.5112,0.0,0.0001,2.7393,-0.0003,5.6243,35.6686,15.3552,26.4086,35.0027
5.0,9.0,15.3568,44.0103,98.71,246.9221,1.1799,0.0037,91.1578,200.203,48.9975,-16.5112,0.0,0.0001,2.7409,0.0003,5.6241,35.6686,15.3554,26.4085,35.0026
6.0,11.0,15.3582,44.0128,98.71,246.4479,1.1779,0.0037,91.1357,200.2031,48.9975,-16.5112,0.0,0.0001,2.7376,-0.0008,5.6241,35.6686,15.3565,26.4083,35.0024
7.0,13.0,15.3585,44.0137,98.71,246.5541,1.1761,0.0037,91.0941,200.2031,48.9975,-16.5112,0.0,0.0001,2.7358,0.0001,5.6242,35.6684,15.3565,26.4081,35.0022
8.0,15.0,15.3589,44.0152,98.71,246.2296,1.1824,0.0037,91.1108,200.2032,48.9975,-16.5112,0.0,0.0001,2.7344,-0.0008,5.624,35.6685,15.3566,26.4082,35.0023
9.0,17.0,15.3592,44.0168,98.71,246.7806,1.1948,0.0037,91.1307,200.2032,48.9975,-16.5112,0.0,0.0001,2.7353,0.001,5.624,35.6689,15.3565,26.4085,35.0026
10.0,19.0,15.3593,44.0176,98.71,246.2875,1.1981,0.0037,91.1288,200.2033,48.9975,-16.5112,0.0,0.0001,2.7344,-0.001,5.6239,35.6688,15.3564,26.4085,35.0026
11.0,21.0,15.3599,44.0193,98.71,246.4978,1.2026,0.0037,91.1459,200.2033,48.9975,-16.5112,0.0,0.0001,2.7338,-0.0001,5.6239,35.6689,15.3567,26.4084,35.0025
12.0,23.0,15.3602,44.0205,98.71,246.3517,1.2193,0.0037,91.1439,200.2034,48.9975,-16.5112,0.0,0.0001,2.7325,-0.0004,5.6239,35.6689,15.3566,26.4085,35.0026
13.0,25.0,15.3606,44.0218,98.71,246.4288,1.2394,0.0037,91.1078,200.2034,48.9975,-16.5112,0.0,0.0001,2.7311,0.0,5.6238,35.6687,15.3567,26.4083,35.0024
14.0,27.0,15.3614,44.0231,97.0899,246.3687,1.2299,0.0037,91.0883,200.2034,48.9975,-16.5112,0.0,0.0001,2.731,-0.0003,5.6237,35.6684,15.3572,26.408,35.002
15.0,29.0,15.3618,44.0244,98.71,245.8207,1.228,0.0037,91.1193,200.2035,48.9975,-16.5112,0.0,0.0001,2.7278,-0.0013,5.6234,35.6685,15.3573,26.408,35.0021
16.0,31.0,15.3647,44.0313,93.8734,245.57,1.2573,0.0037,91.2612,200.2035,48.9975,-16.5112,0.0,0.0001,2.7248,-0.0011,5.6231,35.6713,15.3599,26.4096,35.0035
17.0,33.0,15.3657,44.0348,98.71,245.0237,1.2154,0.0035,91.5735,200.2035,48.9975,-16.5112,0.0,0.0001,2.7192,-0.0013,5.6232,35.6726,15.3606,26.4104,35.0043
18.0,35.0,15.3623,44.0362,95.0495,244.38,1.1927,0.0034,91.7755,200.2036,48.9975,-16.5112,0.0,0.0001,2.7143,-0.0022,5.6248,35.6762,15.3569,26.4141,35.0081
19.0,37.0,15.3487,44.0272,98.71,243.649,1.1207,0.0029,92.9799,200.2036,48.9975,-16.5112,0.0,0.0001,2.7069,-0.0029,5.6306,35.6796,15.3429,26.4198,35.0142
20.0,39.0,15.2946,43.9728,98.4482,242.6009,0.9546,0.0026,93.8,200.2036,48.9975,-16.5112,0.0,0.0001,2.6945,-0.0049,5.6521,35.6788,15.2886,26.4313,35.0277
21.0,41.0,15.0806,43.7572,97.2127,239.3087,0.7543,0.0019,95.355,200.2037,48.9975,-16.5112,0.0,0.0001,2.6677,-0.0094,5.671,35.6767,15.0744,26.4774,35.0814
22.0,43.0,14.9194,43.601,97.4406,239.8671,0.5573,0.0015,96.2554,200.2037,48.9974,-16.5112,0.0,0.0001,2.65,-0.0055,5.7167,35.6805,14.9129,26.516,35.1257
23.0,45.0,14.5845,43.2707,90.6344,236.9628,0.4585,0.0012,96.9253,200.2037,48.9974,-16.5112,0.0,0.0001,2.626,-0.0108,5.7506,35.6833,14.5779,26.5914,35.2132
24.0,47.0,14.1647,42.8632,98.71,235.8976,0.3129,0.0009,97.7956,200.2038,48.9974,-16.5111,0.0,0.0001,2.5986,-0.0086,5.7948,35.6921,14.1579,26.6886,35.3256
25.0,49.0,13.8089,42.5181,94.1147,237.3645,0.2024,0.0006,98.4098,200.2038,48.9974,-16.5111,0.0,0.0001,2.5886,-0.0009,5.8135,35.699,13.8019,26.7693,35.4194
26.0,51.0,13.7247,42.4391,98.71,236.9606,0.1759,0.0006,98.5424,200.2038,48.9974,-16.5111,0.0,0.0001,2.5852,-0.0014,5.8132,35.7026,13.7174,26.7898,35.443
27.0,53.0,13.6085,42.3335,84.6049,238.3582,0.1654,0.0005,98.6944,200.2039,48.9974,-16.5111,0.0,0.0001,2.5895,0.002,5.8145,35.7105,13.601,26.8202,35.4777
28.0,55.0,13.555,42.2877,98.71,236.6367,0.1493,0.0005,98.6756,200.2039,48.9974,-16.5111,0.0,0.0001,2.5789,-0.0052,5.8537,35.7168,13.5473,26.8362,35.4956
29.0,57.0,13.3875,42.1296,86.0539,234.5579,0.1365,0.0004,99.0208,200.2039,48.9974,-16.5111,0.0,0.0001,2.5621,-0.0071,5.8631,35.7232,13.3795,26.8759,35.5415
30.0,59.0,13.2587,41.9947,98.71,234.8548,0.1087,0.0003,99.2066,200.204,48.9974,-16.5111,0.0,0.0001,2.5513,-0.0034,5.8788,35.7151,13.2505,26.8962,35.5667
31.0,61.0,13.1449,41.8692,94.414,235.567,0.0957,0.0003,99.293,200.204,48.9974,-16.5111,0.0,0.0001,2.5472,-0.0003,5.8884,35.7016,13.1364,26.9089,35.584
32.0,63.0,13.0886,41.8174,98.71,235.5368,0.084,0.0002,99.3767,200.204,48.9974,-16.5111,0.0,0.0001,2.5465,-0.0003,5.8882,35.7043,13.0799,26.9226,35.5997
33.0,65.0,13.0902,41.8221,81.833,235.3345,0.0771,0.0002,99.4045,200.2041,48.9974,-16.5111,0.0,0.0001,2.5435,-0.0009,5.8936,35.7064,13.0812,26.924,35.6011
34.0,67.0,13.0447,41.7721,98.71,234.655,0.0723,0.0002,99.4685,200.2041,48.9974,-16.5111,0.0,0.0001,2.5381,-0.0022,5.9024,35.7008,13.0355,26.9288,35.6078
35.0,69.0,12.9826,41.7058,95.37,235.1003,0.0659,0.0002,99.5369,200.2041,48.9974,-16.5111,0.0,0.0001,2.5372,0.0001,5.8977,35.6951,12.9731,26.9371,35.6185
36.0,71.0,12.9593,41.6851,92.5227,235.1399,0.0623,0.0002,99.5762,200.2042,48.9974,-16.5111,0.0,0.0001,2.5372,-0.0001,5.8995,35.6963,12.9495,26.9428,35.6251
37.0,73.0,13.0017,41.743,74.3542,233.5571,0.0609,0.0001,99.6753,200.2042,48.9974,-16.5111,0.0,0.0001,2.5301,-0.0032,5.8975,35.711,12.9916,26.9456,35.6261
38.0,75.0,13.0103,41.7704,98.695,232.0602,0.0421,0.0001,99.8429,200.2042,48.9974,-16.5111,0.0,0.0001,2.5194,-0.0043,5.8981,35.7282,12.9999,26.9573,35.6372
39.0,77.0,13.0053,41.7689,90.0119,232.2391,0.0335,0.0,99.8769,200.2043,48.9974,-16.5111,0.0,0.0001,2.5145,-0.0015,5.8981,35.7304,12.9947,26.9601,35.6402
40.0,79.0,13.003,41.7681,92.6872,232.0885,0.0306,0.0,99.8943,200.2043,48.9974,-16.511,0.0,0.0001,2.5116,-0.001,5.8979,35.7311,12.9922,26.9611,35.6413
41.0,81.0,12.9971,41.7618,94.9249,232.2251,0.0325,0.0,99.9315,200.2043,48.9974,-16.511,0.0,0.0001,2.5105,-0.0005,5.8997,35.7299,12.986,26.9614,35.6419
42.0,83.0,12.9927,41.7578,98.695,231.8109,0.0334,0.0,99.942,200.2044,48.9974,-16.511,0.0,0.0001,2.5069,-0.0012,5.9022,35.7293,12.9813,26.9619,35.6425
43.0,85.0,12.9741,41.7361,98.71,232.3242,0.032,0.0,99.9664,200.2044,48.9974,-16.511,0.0,0.0001,2.5077,0.0004,5.9018,35.7252,12.9624,26.9626,35.644
44.0,87.0,12.9658,41.7296,84.3885,232.153,0.0327,0.0,99.9731,200.2044,48.9974,-16.511,0.0,0.0001,2.5071,-0.0002,5.9023,35.726,12.9538,26.965,35.6467
45.0,89.0,12.9764,41.7441,91.425,231.7813,0.0328,0.0,100.0042,200.2045,48.9974,-16.511,0.0,0.0001,2.5044,-0.0007,5.9022,35.729,12.9641,26.9652,35.6464
46.0,91.0,12.9703,41.7382,98.71,232.0871,0.0307,0.0,100.0197,200.2045,48.9974,-16.511,0.0,0.0001,2.5045,0.0003,5.9015,35.7281,12.9578,26.9657,35.6473
47.0,93.0,12.9613,41.7295,89.0167,231.9463,0.0305,0.0,100.0299,200.2045,48.9974,-16.511,0.0,0.0001,2.5038,-0.0005,5.9046,35.7275,12.9485,26.9672,35.649
48.0,95.0,12.9445,41.7119,88.1385,232.0892,0.0324,0.0,100.0393,200.2046,48.9974,-16.511,0.0,0.0001,2.5027,0.0002,5.906,35.7256,12.9315,26.9691,35.6517
49.0,97.0,12.9328,41.6993,95.4751,232.2566,0.0315,0.0,100.0627,200.2046,48.9973,-16.511,0.0,0.0001,2.5031,0.0002,5.9075,35.7238,12.9194,26.9702,35.6532
50.0,99.0,12.922,41.6882,93.3021,232.2154,0.0314,0.0,100.0666,200.2047,48.9973,-16.5109,0.0,0.0001,2.5031,-0.0003,5.9084,35.7224,12.9083,26.9714,35.6548
51.0,101.0,12.9234,41.6894,85.5876,232.1414,0.0299,0.0,100.0761,200.2048,48.9973,-16.5109,0.0,0.0001,2.5009,0.0,5.9094,35.7214,12.9095,26.9703,35.6538
52.0,103.0,12.9108,41.6773,94.9328,232.1467,0.0292,0.0,100.0688,200.2049,48.9973,-16.5109,0.0,0.0001,2.5011,-0.0003,5.9102,35.7207,12.8966,26.9724,35.6564
53.0,105.0,12.9002,41.6658,98.7047,232.2394,0.0292,0.0,100.0974,200.205,48.9973,-16.5109,0.0,0.0001,2.5,0.0001,5.9118,35.7189,12.8858,26.9731,35.6575
54.0,107.0,12.8781,41.6404,49.4056,232.1095,0.0648,0.0,100.0999,200.2052,48.9972,-16.5108,0.0,0.0001,2.4978,-0.0002,5.9157,35.7146,12.8634,26.9743,35.6597
55.0,109.0,12.8627,41.6263,98.71,232.5469,0.0345,0.0,100.0615,200.2052,48.9972,-16.5108,0.0,0.0001,2.4997,0.0005,5.9147,35.7145,12.8478,26.9774,35.6633
56.0,111.0,12.8563,41.6194,98.71,231.9761,0.0294,0.0,100.0782,200.2053,48.9972,-16.5108,0.0,0.0001,2.4968,-0.0012,5.9205,35.7134,12.8411,26.9779,35.6641
57.0,113.0,12.8139,41.5729,98.71,230.7742,0.028,0.0,100.053,200.2053,48.9972,-16.5108,0.0,0.0001,2.4878,-0.0025,5.9231,35.7077,12.7984,26.982,35.6699
58.0,115.0,12.8082,41.5666,98.71,230.3951,0.0286,0.0,100.0494,200.2053,48.9972,-16.5108,0.0,0.0001,2.484,-0.0023,5.9219,35.7063,12.7925,26.9821,35.6702
59.0,117.0,12.7971,41.5543,98.7019,230.985,0.0269,0.0,100.0521,200.2054,48.9972,-16.5108,0.0,0.0001,2.4837,-0.0006,5.9262,35.7042,12.7811,26.9827,35.6714
60.0,119.0,12.7791,41.535,98.71,230.2245,0.0285,0.0,100.0552,200.2054,48.9972,-16.5108,0.0,0.0001,2.4779,-0.002,5.9326,35.7017,12.7629,26.9845,35.6739
61.0,121.0,12.7394,41.488,98.71,231.2296,0.0248,0.0,100.0373,200.2054,48.9972,-16.5108,0.0,0.0001,2.4788,0.0006,5.9362,35.6933,12.7229,26.986,35.677
62.0,123.0,12.7146,41.4583,98.6971,233.1358,0.0272,0.0,100.0269,200.2054,48.9972,-16.5108,0.0,0.0001,2.4857,0.0043,5.9371,35.6873,12.6979,26.9863,35.6783
63.0,125.0,12.703,41.4454,98.7037,232.8667,0.0272,0.0,100.0212,200.2055,48.9972,-16.5108,0.0,0.0001,2.4887,0.0018,5.938,35.685,12.686,26.9868,35.6794
64.0,127.0,12.6941,41.4365,98.71,232.3281,0.0263,0.0,100.0165,200.2055,48.9972,-16.5108,0.0,0.0001,2.4886,-0.0006,5.9414,35.6838,12.6768,26.9878,35.6807
65.0,129.0,12.6824,41.4224,98.71,231.0699,0.0274,0.0,100.0218,200.2055,48.9972,-16.5108,0.0,0.0001,2.4817,-0.0033,5.9475,35.6805,12.6649,26.9876,35.681
66.0,131.0,12.6305,41.3633,98.71,232.8097,0.0283,0.0,100.0187,200.2056,48.9972,-16.5108,0.0,0.0001,2.484,0.0015,5.9502,35.672,12.6128,26.9914,35.6869
67.0,133.0,12.6064,41.3358,98.71,233.0119,0.0279,0.0,100.0214,200.2056,48.9972,-16.5108,0.0,0.0001,2.486,0.0008,5.9517,35.6673,12.5883,26.9926,35.6892
68.0,135.0,12.5991,41.3285,98.71,232.7054,0.0325,0.0,100.0422,200.2056,48.9972,-16.5108,0.0,0.0001,2.4855,-0.0003,5.9527,35.6664,12.5809,26.9934,35.6902
69.0,137.0,12.5885,41.3173,98.71,233.2144,0.0261,0.0,100.0195,200.2056,48.9972,-16.5108,0.0,0.0001,2.4871,0.0008,5.9521,35.6649,12.57,26.9943,35.6916
70.0,139.0,12.574,41.3021,98.7025,233.1522,0.0295,0.0,100.0289,200.2056,48.9972,-16.5108,0.0,0.0001,2.4878,-0.0002,5.9545,35.6631,12.5552,26.9959,35.6938
71.0,141.0,12.568,41.2969,98.71,232.7027,0.0293,0.0,100.0292,200.2057,48.9972,-16.5108,0.0,0.0001,2.4842,-0.0012,5.9578,35.6627,12.5489,26.9968,35.6949
72.0,143.0,12.5636,41.292,98.71,232.0704,0.0299,0.0,99.9864,200.2057,48.9972,-16.5108,0.0,0.0001,2.4811,-0.0025,5.9597,35.6612,12.5442,26.9966,35.695
73.0,145.0,12.5496,41.2762,98.71,232.2907,0.0296,0.0,100.0364,200.2057,48.9972,-16.5108,0.0,0.0001,2.48,-0.0013,5.9601,35.6585,12.5301,26.9973,35.6962
74.0,147.0,12.5282,41.2534,98.71,232.1575,0.0311,0.0,100.0235,200.2057,48.9972,-16.5108,0.0,0.0001,2.4778,-0.0013,5.9618,35.6559,12.5084,26.9996,35.6994
75.0,149.0,12.5114,41.2349,98.71,232.2019,0.0264,0.0,100.0291,200.2058,48.9972,-16.5108,0.0,0.0001,2.4755,-0.0008,5.9657,35.653,12.4914,27.0007,35.7012
76.0,151.0,12.4841,41.2048,98.71,232.6164,0.0278,0.0,100.0324,200.2058,48.9972,-16.5107,0.0,0.0001,2.4757,0.0001,5.9678,35.6491,12.4637,27.0031,35.7047
77.0,153.0,12.4722,41.1924,98.71,232.0342,0.0297,0.0,100.0422,200.2058,48.9972,-16.5107,0.0,0.0001,2.4725,-0.0013,5.9695,35.6473,12.4517,27.0041,35.7062
78.0,155.0,12.4619,41.1798,98.71,231.6729,0.0271,0.0,100.0394,200.2058,48.9972,-16.5107,0.0,0.0001,2.4698,-0.0017,5.9717,35.6441,12.4411,27.0037,35.7063
79.0,157.0,12.4476,41.1641,98.71,231.0996,0.0259,0.0,100.0495,200.2059,48.9971,-16.5107,0.0,0.0001,2.4649,-0.0022,5.9735,35.6415,12.4264,27.0045,35.7077
80.0,159.0,12.428,41.1429,98.71,231.3691,0.0265,0.0,100.0631,200.2059,48.9971,-16.5107,0.0,0.0001,2.464,-0.001,5.974,35.6386,12.4066,27.0062,35.7102
81.0,161.0,12.4192,41.134,98.71,232.0609,0.0278,0.0,100.0517,200.2059,48.9972,-16.5107,0.0,0.0001,2.4655,0.0007,5.9733,35.6375,12.3975,27.0071,35.7115
82.0,163.0,12.4254,41.1432,98.71,232.4711,0.0269,0.0,100.0438,200.2059,48.9972,-16.5107,0.0,0.0001,2.4673,0.0009,5.9761,35.6398,12.4035,27.0077,35.7118
83.0,165.0,12.4195,41.137,98.71,233.293,0.0322,0.0,100.0261,200.2059,48.9971,-16.5107,0.0,0.0001,2.4708,0.0016,5.9807,35.6385,12.3974,27.0079,35.7123
84.0,167.0,12.3815,41.0936,98.71,234.0221,0.0338,0.0,100.0133,200.206,48.9971,-16.5107,0.0,0.0001,2.4744,0.002,5.983,35.6316,12.3591,27.0101,35.7161
85.0,169.0,12.3625,41.072,98.71,234.1238,0.0343,0.0,100.0061,200.206,48.9971,-16.5107,0.0,0.0001,2.4762,0.0015,5.9837,35.6278,12.3399,27.0109,35.7177
86.0,171.0,12.3504,41.0596,98.71,234.1924,0.0297,0.0,99.9989,200.206,48.9971,-16.5107,0.0,0.0001,2.4778,0.0008,5.9845,35.6265,12.3275,27.0123,35.7196
87.0,173.0,12.3387,41.0472,98.71,233.9888,0.0314,0.0,99.9982,200.206,48.9971,-16.5107,0.0,0.0001,2.4778,-0.0003,5.9857,35.6246,12.3156,27.0132,35.7209
88.0,175.0,12.3322,41.0408,98.71,234.2027,0.0327,0.0,99.9869,200.2061,48.9971,-16.5107,0.0,0.0001,2.4774,0.0002,5.987,35.6237,12.3088,27.0138,35.7218
89.0,177.0,12.3248,41.0329,98.71,234.1781,0.0365,0.0,100.0133,200.2061,48.9971,-16.5107,0.0,0.0001,2.4774,-0.0002,5.9883,35.6222,12.3011,27.0141,35.7225
90.0,179.0,12.3157,41.0235,98.71,233.9724,0.034,0.0,99.9927,200.2061,48.9971,-16.5107,0.0,0.0001,2.4755,-0.0008,5.9914,35.6208,12.2918,27.0149,35.7236
91.0,181.0,12.3084,41.0151,98.71,233.5815,0.0302,0.0,99.9845,200.2061,48.9971,-16.5107,0.0,0.0001,2.4725,-0.0017,5.9936,35.6189,12.2842,27.0149,35.7239
92.0,183.0,12.2831,40.9885,98.71,233.4268,0.0339,0.0,99.9973,200.2061,48.9971,-16.5107,0.0,0.0001,2.4712,-0.0014,5.9945,35.6163,12.2587,27.0179,35.7279
93.0,185.0,12.2641,40.9683,98.71,233.6293,0.0371,0.0,100.0091,200.2062,48.9971,-16.5107,0.0,0.0001,2.4692,-0.0007,5.9993,35.6137,12.2394,27.0196,35.7304
94.0,187.0,12.2307,40.9315,98.6987,233.652,0.0329,0.0,99.9967,200.2062,48.9971,-16.5107,0.0,0.0001,2.4676,-0.0007,6.0035,35.6086,12.2058,27.0222,35.7345
95.0,189.0,12.2059,40.9027,98.6875,233.3603,0.0329,0.0,99.9556,200.2062,48.9971,-16.5107,0.0,0.0001,2.4642,-0.0016,6.0129,35.6034,12.1807,27.023,35.7363
96.0,191.0,12.1609,40.8501,98.71,233.9334,0.0287,0.0,99.9522,200.2062,48.9971,-16.5107,0.0,0.0001,2.4641,-0.0003,6.0171,35.5941,12.1356,27.0245,35.7397
97.0,193.0,12.0997,40.783,98.7006,235.0245,0.0313,0.0,99.9532,200.2063,48.9971,-16.5107,0.0,0.0001,2.467,0.0018,6.0191,35.5862,12.0742,27.0303,35.7481
98.0,195.0,12.086,40.7698,98.71,235.2139,0.0293,0.0,99.9665,200.2063,48.9971,-16.5107,0.0,0.0001,2.4693,0.0013,6.02,35.5855,12.0603,27.0324,35.7507
99.0,197.0,12.0753,40.7589,98.6987,235.6036,0.0277,0.0,99.97,200.2063,48.9971,-16.5107,0.0,0.0001,2.4715,0.0012,6.0221,35.5842,12.0494,27.0335,35.7523
100.0,199.0,12.0675,40.7499,98.68,235.7607,0.0293,0.0,99.9785,200.2063,48.9971,-16.5107,0.0,0.0001,2.4733,0.0012,6.0199,35.582,12.0413,27.0334,35.7525
101.0,201.0,12.0433,40.7239,98.695,235.6082,0.028,0.0,99.9716,200.2064,48.9971,-16.5107,0.0,0.0001,2.4734,-0.0001,6.0255,35.5788,12.0168,27.0356,35.7557
102.0,203.0,12.0331,40.7129,98.71,235.8406,0.0287,0.0,99.9845,200.2064,48.9971,-16.5107,0.0,0.0001,2.4725,0.0001,6.0286,35.5769,12.0064,27.0361,35.7566
103.0,205.0,12.0205,40.699,98.71,235.2632,0.0272,0.0,99.9845,200.2064,48.9971,-16.5107,0.0,0.0001,2.4708,-0.0014,6.0299,35.5745,11.9936,27.0368,35.7578
104.0,207.0,12.0055,40.6833,98.71,235.8096,0.0263,0.0,99.9748,200.2064,48.9971,-16.5107,0.0,0.0001,2.472,0.0001,6.0285,35.5726,11.9783,27.0382,35.7599
105.0,209.0,11.9948,40.6736,98.7079,236.7186,0.0284,0.0,99.9845,200.2064,48.9971,-16.5107,0.0,0.0001,2.4752,0.0017,6.029,35.5722,11.9673,27.04,35.7622
106.0,211.0,11.9933,40.673,98.7058,235.8897,0.0328,0.0,99.9845,200.2065,48.9971,-16.5107,0.0,0.0001,2.4727,-0.0011,6.0349,35.5723,11.9657,27.0404,35.7627
107.0,213.0,11.9674,40.6443,98.7037,235.1482,0.0326,0.0,99.9785,200.2065,48.9971,-16.5107,0.0,0.0001,2.4677,-0.0023,6.0377,35.568,11.9395,27.0421,35.7654
108.0,215.0,11.9436,40.6204,98.7058,235.5912,0.0355,0.0,99.9845,200.2065,48.9971,-16.5107,0.0,0.0001,2.4667,-0.0006,6.039,35.5664,11.9154,27.0455,35.7697
109.0,217.0,11.9369,40.6134,98.7079,235.8252,0.0328,0.0,100.0133,200.2065,48.9971,-16.5107,0.0,0.0001,2.4667,0.0,6.0393,35.5651,11.9085,27.0458,35.7703
110.0,219.0,11.9274,40.6043,98.71,235.8995,0.0259,0.0,100.0013,200.2066,48.9971,-16.5107,0.0,0.0001,2.4667,-0.0001,6.041,35.5644,11.8987,27.0471,35.7721
111.0,221.0,11.9159,40.5922,98.71,235.9779,0.029,0.0,99.9946,200.2066,48.9971,-16.5107,0.0,0.0001,2.4668,0.0001,6.04,35.5626,11.887,27.0479,35.7734
112.0,223.0,11.916,40.5945,98.71,235.5376,0.0283,0.0,99.9887,200.2066,48.9971,-16.5107,0.0,0.0001,2.4653,-0.0008,6.0373,35.5639,11.8868,27.049,35.7745
113.0,225.0,11.9366,40.6214,98.71,234.6097,0.0258,0.0,100.0022,200.2066,48.9971,-16.5107,0.0,0.0001,2.4604,-0.0027,6.038,35.5698,11.9072,27.0497,35.7743
114.0,227.0,11.9398,40.6259,98.71,234.4603,0.0252,0.0,100.0337,200.2067,48.9971,-16.5107,0.0,0.0001,2.4585,-0.0021,6.038,35.5702,11.91,27.0494,35.7739
115.0,229.0,11.9304,40.6172,98.71,234.8313,0.028,0.0,100.0294,200.2067,48.9971,-16.5107,0.0,0.0001,2.4579,-0.0007,6.0376,35.5697,11.9004,27.0509,35.7757
116.0,231.0,11.9176,40.6031,98.71,235.0611,0.027,0.0,100.0311,200.2067,48.9971,-16.5107,0.0,0.0001,2.4579,-0.0002,6.0396,35.5674,11.8874,27.0516,35.777
117.0,233.0,11.9226,40.613,98.71,233.4797,0.027,0.0,100.028,200.2067,48.9971,-16.5107,0.0,0.0001,2.4507,-0.0032,6.04,35.5714,11.8921,27.0538,35.7789
118.0,235.0,11.9272,40.6204,98.704,233.4401,0.0254,0.0,100.0422,200.2068,48.9971,-16.5107,0.0,0.0001,2.4476,-0.0023,6.0401,35.5734,11.8964,27.0546,35.7795
119.0,237.0,11.9198,40.6138,98.698,233.189,0.0262,0.0,100.0396,200.2068,48.9971,-16.5107,0.0,0.0001,2.4446,-0.0019,6.0397,35.573,11.8887,27.0557,35.781
120.0,239.0,11.9153,40.6114,98.71,233.1271,0.0292,0.0,100.0374,200.2068,48.9971,-16.5107,0.0,0.0001,2.4418,-0.0014,6.0414,35.5739,11.884,27.0573,35.7827
121.0,241.0,11.8957,40.5902,98.68,232.8646,0.0271,0.0,100.0353,200.2068,48.9971,-16.5107,0.0,0.0001,2.4381,-0.0017,6.0475,35.5711,11.8642,27.0589,35.7852
122.0,243.0,11.8943,40.5904,98.6975,231.1469,0.0292,0.0,100.0149,200.2068,48.9971,-16.5107,0.0,0.0001,2.4298,-0.0048,6.0522,35.5719,11.8625,27.0599,35.7862
123.0,245.0,11.8439,40.5341,98.6931,232.0587,0.0286,0.0,100.0284,200.2069,48.9971,-16.5107,0.0,0.0001,2.429,-0.0016,6.0518,35.5639,11.812,27.0633,35.7917
124.0,247.0,11.8281,40.5184,98.7016,233.0953,0.0264,0.0,100.0133,200.2069,48.9971,-16.5107,0.0,0.0001,2.4303,0.001,6.0542,35.5625,11.7959,27.0653,35.7944
125.0,249.0,11.8171,40.5059,98.71,232.8145,0.0268,0.0,100.0237,200.2069,48.9971,-16.5107,0.0,0.0001,2.4302,-0.0003,6.0559,35.5601,11.7847,27.0656,35.7951
126.0,251.0,11.8041,40.4928,98.7025,233.1979,0.0245,0.0,100.0133,200.2069,48.9971,-16.5107,0.0,0.0001,2.431,0.0004,6.0574,35.5589,11.7715,27.0671,35.7972
127.0,253.0,11.7916,40.4796,98.71,233.5244,0.0302,0.0,100.0119,200.207,48.9971,-16.5107,0.0,0.0001,2.432,0.0006,6.0604,35.557,11.7587,27.068,35.7987
128.0,255.0,11.7746,40.4617,98.71,233.7864,0.0269,0.0,100.0115,200.207,48.9971,-16.5107,0.0,0.0001,2.4332,0.0006,6.0614,35.5546,11.7415,27.0695,35.8008
129.0,257.0,11.7623,40.4495,98.71,233.9708,0.026,0.0,99.9974,200.207,48.9971,-16.5107,0.0,0.0001,2.4342,0.0004,6.0639,35.5534,11.729,27.0709,35.8028
130.0,259.0,11.7489,40.435,98.71,234.1931,0.0279,0.0,99.9845,200.207,48.9971,-16.5107,0.0,0.0001,2.435,0.0004,6.0663,35.5512,11.7153,27.0718,35.8043
131.0,261.0,11.7262,40.4119,98.71,234.7272,0.0251,0.0,99.9937,200.207,48.9971,-16.5107,0.0,0.0001,2.4362,0.001,6.0688,35.5493,11.6924,27.0747,35.8081
132.0,263.0,11.7051,40.3896,98.705,234.881,0.0262,0.0,99.9761,200.2071,48.9971,-16.5107,0.0,0.0001,2.4386,0.0007,6.0692,35.5466,11.671,27.0766,35.8109
133.0,265.0,11.7034,40.3892,98.71,234.201,0.0272,0.0,99.9804,200.2071,48.997,-16.5107,0.0,0.0001,2.4353,-0.0015,6.0712,35.547,11.6691,27.0773,35.8116
134.0,267.0,11.6967,40.3836,98.71,234.5067,0.031,0.0,100.001,200.2071,48.997,-16.5107,0.0,0.0001,2.4363,-0.0004,6.0677,35.547,11.6622,27.0786,35.8132
135.0,269.0,11.6918,40.3817,98.6986,235.3054,0.0292,0.0,99.9845,200.2071,48.997,-16.5107,0.0,0.0001,2.4391,0.0018,6.0653,35.5487,11.657,27.081,35.8158
136.0,271.0,11.7297,40.4298,98.6987,232.4015,0.0268,0.0,100.0243,200.2072,48.997,-16.5107,0.0,0.0001,2.43,-0.0051,6.0697,35.559,11.6945,27.0818,35.815
137.0,273.0,11.6941,40.3891,98.71,233.5042,0.0263,0.0,100.0163,200.2072,48.997,-16.5107,0.0,0.0001,2.4274,-0.0008,6.0713,35.5523,11.6587,27.0834,35.8181
138.0,275.0,11.6821,40.3765,98.71,234.2906,0.0282,0.0,100.0133,200.2072,48.997,-16.5107,0.0,0.0001,2.4287,0.0009,6.0716,35.5505,11.6466,27.0843,35.8195
139.0,277.0,11.6821,40.3777,98.7037,234.0992,0.0288,0.0,100.01,200.2072,48.997,-16.5107,0.0,0.0001,2.4286,0.0001,6.0716,35.5507,11.6463,27.0845,35.8197
140.0,279.0,11.679,40.3752,98.695,234.5768,0.0278,0.0,100.0133,200.2073,48.997,-16.5107,0.0,0.0001,2.4303,0.0008,6.0715,35.5503,11.6429,27.0848,35.8201
141.0,281.0,11.6672,40.362,98.695,234.907,0.0271,0.0,100.0071,200.2073,48.997,-16.5107,0.0,0.0001,2.4322,0.0008,6.0746,35.5478,11.6309,27.0851,35.821
142.0,283.0,11.6649,40.3607,98.7025,234.7987,0.0261,0.0,100.0089,200.2073,48.997,-16.5107,0.0,0.0001,2.4322,-0.0004,6.0801,35.5478,11.6283,27.0857,35.8216
143.0,285.0,11.6441,40.3397,98.71,235.4127,0.0278,0.0,100.0073,200.2073,48.997,-16.5107,0.0,0.0001,2.4351,0.0006,6.0807,35.5463,11.6073,27.0884,35.8253
144.0,287.0,11.613,40.3063,98.7036,237.1056,0.0301,0.0,99.9886,200.2073,48.997,-16.5107,0.0,0.0001,2.4404,0.0035,6.0805,35.5421,11.576,27.0911,35.8292
145.0,289.0,11.6133,40.3076,98.7057,237.0434,0.0286,0.0,99.9845,200.2074,48.997,-16.5107,0.0,0.0001,2.4426,0.0014,6.0866,35.5422,11.576,27.0912,35.8293
146.0,291.0,11.5849,40.2748,98.7025,237.586,0.0296,0.0,99.97,200.2074,48.997,-16.5107,0.0,0.0001,2.4466,0.0015,6.0874,35.5361,11.5474,27.0918,35.8311
147.0,293.0,11.5581,40.2467,98.71,239.6452,0.0278,0.0,99.9556,200.2074,48.997,-16.5107,0.0,0.0001,2.455,0.0049,6.0826,35.5334,11.5204,27.0948,35.8352
148.0,295.0,11.5691,40.2616,98.71,237.7596,0.0301,0.0,99.9556,200.2074,48.997,-16.5107,0.0,0.0001,2.4548,-0.0006,6.0777,35.5367,11.5312,27.0953,35.8353
149.0,297.0,11.6292,40.3377,98.71,235.5956,0.0304,0.0,100.0205,200.2075,48.997,-16.5107,0.0,0.0001,2.4458,-0.0046,6.0796,35.5531,11.5909,27.0968,35.8342
150.0,299.0,11.633,40.3445,98.71,235.747,0.0288,0.0,100.0184,200.2075,48.997,-16.5107,0.0,0.0001,2.4399,-0.003,6.0907,35.5552,11.5944,27.0978,35.835
151.0,301.0,11.5698,40.2662,98.71,238.2761,0.0315,0.0,99.998,200.2075,48.997,-16.5107,0.0,0.0001,2.4448,0.0026,6.0913,35.5376,11.5311,27.096,35.836
152.0,303.0,11.5314,40.2242,98.71,239.7014,0.0277,0.0,99.9845,200.2075,48.997,-16.5107,0.0,0.0001,2.4531,0.0042,6.0899,35.5322,11.4925,27.0991,35.8407
153.0,305.0,11.54,40.2359,98.71,238.3046,0.0294,0.0,99.9628,200.2076,48.997,-16.5107,0.0,0.0001,2.4529,-0.0003,6.0895,35.5346,11.5008,27.0993,35.8406
154.0,307.0,11.5448,40.2431,98.71,237.393,0.0289,0.0,99.9899,200.2076,48.997,-16.5107,0.0,0.0001,2.4493,-0.0017,6.0861,35.5364,11.5053,27.0999,35.8409
155.0,309.0,11.5584,40.2626,98.71,236.2528,0.0304,0.0,99.9956,200.2076,48.997,-16.5107,0.0,0.0001,2.4431,-0.0032,6.0873,35.5417,11.5186,27.1015,35.8419
156.0,311.0,11.5695,40.2777,98.68,235.6858,0.031,0.0,100.0158,200.2076,48.997,-16.5107,0.0,0.0001,2.4368,-0.0031,6.0908,35.5448,11.5294,27.102,35.8419
157.0,313.0,11.5499,40.2556,98.695,235.9211,0.0252,0.0,100.0163,200.2076,48.997,-16.5107,0.0,0.0001,2.4336,-0.0016,6.0948,35.541,11.5096,27.1026,35.8434
158.0,315.0,11.5135,40.214,98.71,237.5469,0.0272,0.0,100.0133,200.2077,48.997,-16.5107,0.0,0.0001,2.4368,0.0019,6.0961,35.5339,11.473,27.104,35.8464
159.0,317.0,11.4995,40.1984,98.71,238.1019,0.0281,0.0,100.0055,200.2077,48.997,-16.5107,0.0,0.0001,2.4407,0.0019,6.0971,35.5312,11.4588,27.1046,35.8476
160.0,319.0,11.4936,40.1922,98.71,238.4131,0.0256,0.0,99.9973,200.2077,48.997,-16.5107,0.0,0.0001,2.4438,0.0013,6.0995,35.53,11.4527,27.1048,35.848
161.0,321.0,11.4765,40.1743,98.71,239.418,0.0259,0.0,100.0133,200.2077,48.997,-16.5107,0.0,0.0001,2.4488,0.0024,6.0999,35.5277,11.4353,27.1062,35.8502
162.0,323.0,11.4691,40.1685,98.71,239.4629,0.0311,0.0,99.9749,200.2078,48.997,-16.5107,0.0,0.0001,2.4509,0.0013,6.1001,35.5281,11.4276,27.108,35.8522
163.0,325.0,11.4667,40.1672,98.7012,239.2319,0.0274,0.0,99.9845,200.2078,48.997,-16.5107,0.0,0.0001,2.4514,0.0002,6.1001,35.5282,11.4251,27.1085,35.8529
164.0,327.0,11.4664,40.1675,98.7056,239.3751,0.028,0.0,100.0133,200.2078,48.997,-16.5107,0.0,0.0001,2.4518,0.0004,6.1,35.5279,11.4245,27.1084,35.8528
165.0,329.0,11.4641,40.1659,98.71,239.2542,0.0299,0.0,99.9821,200.2078,48.997,-16.5107,0.0,0.0001,2.4515,-0.0001,6.1012,35.5279,11.422,27.1089,35.8534
166.0,331.0,11.4622,40.1668,98.71,237.536,0.0294,0.0,100.0048,200.2079,48.997,-16.5107,0.0,0.0001,2.4448,-0.0035,6.102,35.5297,11.4198,27.1107,35.8552
167.0,333.0,11.4485,40.1547,98.6975,236.5558,0.0265,0.0,100.0169,200.2079,48.997,-16.5107,0.0,0.0001,2.4382,-0.0041,6.1014,35.5299,11.4059,27.1134,35.8586
168.0,335.0,11.4503,40.1594,98.7025,237.3294,0.0252,0.0,100.0257,200.2079,48.997,-16.5107,0.0,0.0001,2.4377,-0.0014,6.1024,35.5319,11.4074,27.1148,35.8598
169.0,337.0,11.4437,40.1528,98.6931,237.6403,0.0247,0.0,100.0169,200.2079,48.997,-16.5107,0.0,0.0001,2.4348,-0.0007,6.1084,35.5309,11.4006,27.1152,35.8605
170.0,339.0,11.4057,40.1084,98.7075,238.0537,0.0251,0.0,100.021,200.208,48.997,-16.5107,0.0,0.0001,2.4353,0.0002,6.1113,35.5225,11.3624,27.1158,35.8627
171.0,341.0,11.3875,40.0894,98.71,238.3962,0.0262,0.0,100.0109,200.208,48.997,-16.5107,0.0,0.0001,2.4359,0.0004,6.1126,35.5201,11.344,27.1173,35.8651
172.0,343.0,11.3747,40.0758,98.71,237.8603,0.026,0.0,100.0111,200.208,48.997,-16.5107,0.0,0.0001,2.4351,-0.0007,6.1107,35.518,11.331,27.1182,35.8665
173.0,345.0,11.3732,40.0768,98.705,238.224,0.0264,0.0,100.0181,200.208,48.997,-16.5107,0.0,0.0001,2.4357,0.0002,6.1101,35.5197,11.3292,27.1198,35.8681
174.0,347.0,11.3884,40.0981,98.7,237.9574,0.0236,0.0,100.0213,200.208,48.997,-16.5107,0.0,0.0001,2.4346,-0.0003,6.1094,35.5254,11.3442,27.1214,35.8691
175.0,349.0,11.3923,40.1035,98.695,237.5499,0.0256,0.0,100.0132,200.2081,48.997,-16.5107,0.0,0.0001,2.4327,-0.0009,6.1086,35.5262,11.3478,27.1214,35.8689
176.0,351.0,11.3989,40.1144,98.695,237.7712,0.0249,0.0,100.0172,200.2081,48.997,-16.5107,0.0,0.0001,2.4322,-0.0002,6.1085,35.5297,11.3541,27.1229,35.8701
177.0,353.0,11.3994,40.118,98.6987,236.8686,0.0225,0.0,100.0203,200.2081,48.997,-16.5107,0.0,0.0001,2.4284,-0.0016,6.1028,35.5318,11.3544,27.1246,35.8717
178.0,355.0,11.4069,40.128,98.702,236.7414,0.0223,0.0,100.029,200.2081,48.997,-16.5107,0.0,0.0001,2.4272,-0.0012,6.1001,35.5338,11.3616,27.1247,35.8716
179.0,357.0,11.4433,40.1754,98.7053,234.8807,0.0238,0.0,100.0329,200.2081,48.997,-16.5107,0.0,0.0001,2.4193,-0.0043,6.102,35.5448,11.3976,27.1266,35.8718
180.0,359.0,11.4604,40.1976,98.7032,234.3733,0.0283,0.0,100.0453,200.2082,48.997,-16.5107,0.0,0.0001,2.4119,-0.0035,6.1035,35.5492,11.4143,27.1269,35.8714
181.0,361.0,11.4182,40.1481,98.6971,235.9562,0.0242,0.0,100.0362,200.2082,48.997,-16.5107,0.0,0.0001,2.4139,0.0005,6.1041,35.5399,11.372,27.1276,35.8739
182.0,363.0,11.4151,40.1445,98.6938,235.3383,0.0242,0.0,100.0422,200.2082,48.997,-16.5107,0.0,0.0001,2.4127,-0.0006,6.0977,35.5385,11.3687,27.1271,35.8736
183.0,365.0,11.4287,40.1632,98.7014,235.0716,0.0233,0.0,100.0434,200.2082,48.9969,-16.5107,0.0,0.0001,2.4113,-0.0009,6.0983,35.5434,11.3821,27.1284,35.8743
184.0,367.0,11.4767,40.2252,98.71,233.563,0.0232,0.0,100.0735,200.2083,48.9969,-16.5107,0.0,0.0001,2.4056,-0.0037,6.1001,35.5575,11.4296,27.1305,35.8743
185.0,369.0,11.479,40.2296,98.7046,234.1565,0.0228,0.0,100.0742,200.2083,48.9969,-16.5107,0.0,0.0001,2.4042,-0.0009,6.0982,35.5586,11.4315,27.131,35.8747
186.0,371.0,11.4744,40.2242,98.7048,234.0167,0.0208,0.0,100.0592,200.2083,48.9969,-16.5107,0.0,0.0001,2.4016,-0.001,6.0997,35.5571,11.4267,27.1307,35.8747
187.0,373.0,11.4643,40.215,98.695,233.0712,0.0247,0.0,100.0675,200.2083,48.9969,-16.5107,0.0,0.0001,2.3955,-0.0023,6.1014,35.5567,11.4164,27.1323,35.8767
188.0,375.0,11.4538,40.2039,98.71,233.3473,0.0224,0.0,100.0711,200.2084,48.9969,-16.5107,0.0,0.0001,2.3945,-0.0011,6.1018,35.5549,11.4057,27.133,35.8778
189.0,377.0,11.4493,40.1998,98.6978,233.6564,0.0197,0.0,100.0711,200.2084,48.9969,-16.5107,0.0,0.0001,2.3936,-0.0002,6.1025,35.5543,11.401,27.1333,35.8783
190.0,379.0,11.4447,40.1962,98.6842,233.6561,0.0176,0.0,100.0711,200.2084,48.9969,-16.5107,0.0,0.0001,2.3932,-0.0003,6.1038,35.5542,11.3961,27.1342,35.8794
191.0,381.0,11.4316,40.1826,98.7,233.5393,0.0204,0.0,100.0711,200.2084,48.9969,-16.5107,0.0,0.0001,2.3925,-0.0005,6.1041,35.5523,11.3828,27.1352,35.881
192.0,383.0,11.4292,40.1808,98.695,233.2827,0.0225,0.0,100.0711,200.2085,48.9969,-16.5107,0.0,0.0001,2.3904,-0.0009,6.1047,35.5521,11.3801,27.1356,35.8814
193.0,385.0,11.4273,40.1797,98.6945,232.7937,0.0197,0.0,100.0742,200.2085,48.9969,-16.5107,0.0,0.0001,2.3867,-0.0016,6.1055,35.5519,11.378,27.1358,35.8817
194.0,387.0,11.4233,40.1765,98.6947,232.7695,0.0214,0.0,100.0583,200.2085,48.9969,-16.5107,0.0,0.0001,2.3858,-0.0011,6.1048,35.5516,11.3737,27.1364,35.8825
195.0,389.0,11.4195,40.1729,98.695,232.8722,0.0192,0.0,100.0855,200.2085,48.9969,-16.5107,0.0,0.0001,2.3853,-0.0006,6.1049,35.551,11.3696,27.1366,35.8829
196.0,391.0,11.423,40.1793,98.71,233.1326,0.0191,0.0,100.0698,200.2085,48.9969,-16.5107,0.0,0.0001,2.3851,-0.0002,6.1071,35.553,11.3729,27.1376,35.8837
197.0,393.0,11.4124,40.1675,98.71,232.449,0.0222,0.0,100.0686,200.2086,48.9969,-16.5107,0.0,0.0001,2.381,-0.0016,6.1107,35.5506,11.3621,27.1377,35.8843
198.0,395.0,11.3886,40.1408,98.6975,231.8866,0.0199,0.0,100.0663,200.2086,48.9969,-16.5107,0.0,0.0001,2.3792,-0.0026,6.1097,35.5463,11.3381,27.1389,35.8865
199.0,397.0,11.3797,40.1327,98.7025,231.7492,0.02,0.0,100.0501,200.2086,48.9969,-16.5107,0.0,0.0001,2.3773,-0.002,6.1101,35.5458,11.3289,27.1402,35.8882
200.0,399.0,11.3834,40.1382,98.69,232.3959,0.0228,0.0,100.052,200.2086,48.9969,-16.5107,0.0,0.0001,2.3761,-0.0001,6.1105,35.5467,11.3324,27.1402,35.8881
201.0,401.0,11.3808,40.1361,98.705,232.3038,0.0202,0.0,100.047,200.2087,48.9969,-16.5107,0.0,0.0001,2.3745,-0.0005,6.1133,35.5464,11.3295,27.1405,35.8885
202.0,403.0,11.3632,40.1164,98.7006,231.3317,0.019,0.0,100.0502,200.2087,48.9969,-16.5107,0.0,0.0001,2.3702,-0.0022,6.1156,35.5427,11.3117,27.141,35.8897
203.0,405.0,11.3516,40.1042,98.71,230.5921,0.0216,0.0,100.0499,200.2087,48.9969,-16.5107,0.0,0.0001,2.3675,-0.0029,6.1139,35.5408,11.2998,27.1417,35.8909
204.0,407.0,11.3398,40.0924,98.6985,230.9809,0.0218,0.0,100.0476,200.2087,48.9969,-16.5107,0.0,0.0001,2.3651,-0.0013,6.1155,35.5397,11.2878,27.143,35.8928
205.0,409.0,11.3451,40.099,98.7042,230.7262,0.0216,0.0,100.0462,200.2088,48.9969,-16.5107,0.0,0.0001,2.362,-0.0015,6.1174,35.5404,11.2929,27.1427,35.8922
206.0,411.0,11.3306,40.086,98.7025,229.8685,0.0249,0.0,100.0475,200.2088,48.9969,-16.5107,0.0,0.0001,2.3561,-0.0021,6.1172,35.5404,11.2782,27.1454,35.8955
207.0,413.0,11.3324,40.0892,98.68,230.5721,0.0215,0.0,100.0334,200.2088,48.9969,-16.5107,0.0,0.0001,2.3559,0.0,6.1172,35.5408,11.2796,27.1455,35.8955
208.0,415.0,11.332,40.0895,98.695,230.7084,0.0193,0.0,100.0356,200.2088,48.9969,-16.5107,0.0,0.0001,2.3563,0.0002,6.1172,35.5408,11.279,27.1455,35.8956
209.0,417.0,11.3325,40.0909,98.71,230.6917,0.0187,0.0,100.0337,200.2088,48.9969,-16.5107,0.0,0.0001,2.3569,0.0001,6.113,35.5409,11.2792,27.1455,35.8956
210.0,419.0,11.3448,40.1085,98.6964,231.0872,0.0192,0.0,100.0181,200.2089,48.9969,-16.5107,0.0,0.0001,2.3594,0.0007,6.1094,35.5456,11.2912,27.147,35.8966
211.0,421.0,11.3749,40.147,98.7006,233.4928,0.0214,0.0,100.0257,200.2089,48.9969,-16.5107,0.0,0.0001,2.3667,0.0049,6.1084,35.5541,11.321,27.1481,35.8963
212.0,423.0,11.3915,40.1704,98.71,234.4424,0.0204,0.0,100.0292,200.2089,48.9969,-16.5107,0.0,0.0001,2.3736,0.0045,6.1074,35.5604,11.3373,27.15,35.8974
213.0,425.0,11.401,40.1829,98.71,234.3198,0.0201,0.0,99.9732,200.2089,48.9969,-16.5107,0.0,0.0001,2.3803,0.0021,6.1079,35.5627,11.3465,27.1501,35.8971
214.0,427.0,11.3983,40.1807,98.7061,233.9885,0.0189,0.0,100.0077,200.209,48.9969,-16.5107,0.0,0.0001,2.381,0.0004,6.1099,35.5621,11.3436,27.1502,35.8973
215.0,429.0,11.3813,40.1621,98.7074,233.8043,0.0188,0.0,100.0031,200.209,48.9969,-16.5107,0.0,0.0001,2.3807,-0.0003,6.1101,35.5591,11.3264,27.151,35.8989
216.0,431.0,11.3821,40.1641,98.7087,233.5581,0.0192,0.0,100.0242,200.209,48.9969,-16.5107,0.0,0.0001,2.3798,-0.0008,6.11,35.5596,11.3268,27.1513,35.8992
217.0,433.0,11.3781,40.1612,98.71,234.2555,0.0186,0.0,100.0368,200.209,48.9969,-16.5107,0.0,0.0001,2.381,0.0007,6.1109,35.5595,11.3226,27.152,35.9001
218.0,435.0,11.3744,40.1578,98.6843,233.8439,0.0166,0.0,100.0197,200.2091,48.9969,-16.5107,0.0,0.0001,2.3801,-0.0005,6.111,35.559,11.3186,27.1524,35.9006
219.0,437.0,11.3738,40.1582,98.6905,233.8256,0.0199,0.0,100.0229,200.2091,48.9969,-16.5107,0.0,0.0001,2.3791,-0.0003,6.1111,35.5592,11.3178,27.1527,35.9009
220.0,439.0,11.3741,40.1595,98.6977,233.7217,0.0185,0.0,99.9989,200.2091,48.9969,-16.5107,0.0,0.0001,2.3773,-0.0006,6.111,35.5593,11.3179,27.1528,35.901
221.0,441.0,11.3735,40.1605,98.689,234.0645,0.0173,0.0,99.9989,200.2091,48.9969,-16.5107,0.0,0.0001,2.3789,0.0003,6.1111,35.5598,11.317,27.1533,35.9016
222.0,443.0,11.3738,40.1631,98.71,234.7363,0.0187,0.0,100.0133,200.2091,48.9969,-16.5107,0.0,0.0001,2.3808,0.0012,6.1118,35.5612,11.317,27.1543,35.9026
223.0,445.0,11.3687,40.1585,98.71,234.0836,0.0194,0.0,100.0093,200.2092,48.9969,-16.5107,0.0,0.0001,2.3797,-0.0007,6.1118,35.5607,11.3117,27.155,35.9035
224.0,447.0,11.3658,40.1583,98.6925,234.0677,0.0214,0.0,99.9787,200.2092,48.9969,-16.5107,0.0,0.0001,2.3794,-0.0005,6.1117,35.5624,11.3085,27.1569,35.9055
225.0,449.0,11.3685,40.1625,98.704,234.2958,0.0171,0.0,100.01,200.2092,48.9968,-16.5107,0.0,0.0001,2.3791,0.0001,6.1117,35.5631,11.311,27.1569,35.9054
226.0,451.0,11.3675,40.1623,98.71,233.7697,0.0187,0.0,99.9916,200.2092,48.9968,-16.5107,0.0,0.0001,2.3774,-0.0011,6.1122,35.563,11.3097,27.1571,35.9056
227.0,453.0,11.3658,40.1612,98.695,233.6656,0.0217,0.0,99.9941,200.2093,48.9968,-16.5107,0.0,0.0001,2.3745,-0.0009,6.1126,35.5627,11.3077,27.1573,35.9059
228.0,455.0,11.361,40.1562,98.7025,233.6426,0.0231,0.0,100.0,200.2093,48.9968,-16.5107,0.0,0.0001,2.3736,-0.0007,6.1138,35.5613,11.3027,27.1571,35.906
229.0,457.0,11.3543,40.1488,98.6875,233.9964,0.0201,0.0,99.9532,200.2093,48.9968,-16.5107,0.0,0.0001,2.3729,-0.0003,6.1218,35.5597,11.2957,27.1572,35.9063
230.0,459.0,11.311,40.0987,98.68,232.6591,0.0211,0.0,99.9824,200.2093,48.9968,-16.5107,0.0,0.0001,2.3667,-0.0028,6.1234,35.551,11.2525,27.1584,35.9094
231.0,461.0,11.2847,40.0699,98.685,232.7061,0.0194,0.0,99.9672,200.2094,48.9968,-16.5107,0.0,0.0001,2.3645,-0.0016,6.1245,35.5467,11.2259,27.1599,35.9121
232.0,463.0,11.2812,40.0659,98.6993,233.2099,0.021,0.0,99.98,200.2094,48.9968,-16.5107,0.0,0.0001,2.3639,-0.0004,6.1278,35.545,11.222,27.1593,35.9117
233.0,465.0,11.2563,40.0384,98.6933,232.9896,0.0209,0.0,100.0007,200.2094,48.9968,-16.5107,0.0,0.0001,2.362,-0.0007,6.1298,35.5407,11.1971,27.1606,35.914
234.0,467.0,11.2402,40.0206,98.6971,232.152,0.0186,0.0,99.9793,200.2094,48.9968,-16.5107,0.0,0.0001,2.3552,-0.002,6.1306,35.5378,11.1807,27.1614,35.9155
235.0,469.0,11.2341,40.0147,98.71,229.9534,0.0179,0.0,99.97,200.2094,48.9968,-16.5107,0.0,0.0001,2.3483,-0.0051,6.1317,35.537,11.1745,27.1619,35.9163
236.0,471.0,11.2203,40.0009,98.68,228.6107,0.0206,0.0,99.9845,200.2095,48.9968,-16.5107,0.0,0.0001,2.3366,-0.0053,6.1292,35.5357,11.1604,27.1635,35.9184
237.0,473.0,11.2372,40.0256,98.68,228.4804,0.0239,0.0,99.9664,200.2095,48.9968,-16.5107,0.0,0.0001,2.3312,-0.0034,6.1311,35.543,11.1769,27.1661,35.9203
238.0,475.0,11.2337,40.0216,98.7012,228.1842,0.0189,0.0,99.9573,200.2095,48.9968,-16.5107,0.0,0.0001,2.3251,-0.0027,6.1338,35.5414,11.1732,27.1655,35.9199
239.0,477.0,11.2108,39.9973,98.7025,225.8492,0.0242,0.0,99.9556,200.2095,48.9968,-16.5107,0.0,0.0001,2.3142,-0.0058,6.1354,35.5383,11.1501,27.1674,35.9228
240.0,479.0,11.1933,39.9786,98.6867,225.8442,0.0195,0.0,99.9655,200.2096,48.9968,-16.5107,0.0,0.0001,2.3075,-0.0034,6.1373,35.5357,11.1325,27.1687,35.9248
241.0,481.0,11.1825,39.9664,98.6995,227.3355,0.0204,0.0,99.9579,200.2096,48.9968,-16.5107,0.0,0.0001,2.3076,0.0004,6.1393,35.5334,11.1215,27.1688,35.9254
242.0,483.0,11.1728,39.9567,98.6995,228.8835,0.0221,0.0,99.9726,200.2096,48.9968,-16.5107,0.0,0.0001,2.3131,0.0026,6.1386,35.5319,11.1115,27.1695,35.9265
243.0,485.0,11.1696,39.9531,98.69,230.7046,0.0192,0.0,99.9556,200.2096,48.9968,-16.5107,0.0,0.0001,2.3199,0.0054,6.1383,35.5306,11.108,27.1691,35.9263
244.0,487.0,11.1544,39.9381,98.705,230.8582,0.0216,0.0,99.97,200.2096,48.9968,-16.5107,0.0,0.0001,2.3247,0.0042,6.139,35.5295,11.0926,27.1711,35.9289
245.0,489.0,11.1628,39.9477,98.706,228.2653,0.0203,0.0,99.9568,200.2097,48.9968,-16.5107,0.0,0.0001,2.3196,-0.0023,6.1434,35.5302,11.1008,27.1702,35.9276
246.0,491.0,11.1359,39.9182,98.6929,228.3662,0.0187,0.0,99.9556,200.2097,48.9968,-16.5107,0.0,0.0001,2.3151,-0.0008,6.1446,35.5258,11.0737,27.1717,35.9303
247.0,493.0,11.1324,39.9161,98.686,229.6331,0.0175,0.0,99.9556,200.2097,48.9968,-16.5107,0.0,0.0001,2.3177,0.0016,6.1459,35.5262,11.0699,27.1727,35.9315
248.0,495.0,11.1278,39.9117,98.6936,231.0847,0.0205,0.0,99.9737,200.2097,48.9968,-16.5107,0.0,0.0001,2.3253,0.0038,6.1466,35.5253,11.0651,27.1729,35.9319
249.0,497.0,11.1182,39.9016,98.6905,233.5364,0.0217,0.0,99.9989,200.2098,48.9968,-16.5107,0.0,0.0001,2.3349,0.0067,6.145,35.5237,11.0553,27.1734,35.9328
250.0,499.0,11.1092,39.8924,98.68,233.3352,0.0208,0.0,99.9759,200.2098,48.9968,-16.5107,0.0,0.0001,2.3436,0.0025,6.1481,35.5222,11.0461,27.174,35.9338
251.0,501.0,11.1036,39.8869,98.7025,233.5105,0.0223,0.0,99.9363,200.2098,48.9968,-16.5107,0.0,0.0001,2.3461,0.0017,6.1493,35.5215,11.0403,27.1745,35.9345
252.0,503.0,11.0961,39.8792,98.7025,233.4751,0.0219,0.0,100.0046,200.2098,48.9968,-16.5107,0.0,0.0001,2.3474,0.0008,6.1496,35.5202,11.0325,27.1749,35.9353
253.0,505.0,11.0952,39.8795,98.6957,233.0495,0.0215,0.0,99.9996,200.2099,48.9968,-16.5107,0.0,0.0001,2.3468,-0.0004,6.1499,35.5204,11.0313,27.1753,35.9357
254.0,507.0,11.0895,39.8743,98.695,233.8353,0.0191,0.0,99.9497,200.2099,48.9968,-16.5107,0.0,0.0001,2.349,0.0008,6.1534,35.5198,11.0254,27.1758,35.9365
255.0,509.0,11.0685,39.851,98.6922,234.91,0.0193,0.0,100.0037,200.2099,48.9968,-16.5107,0.0,0.0001,2.3532,0.0019,6.1548,35.5158,11.0042,27.1767,35.9382
256.0,511.0,11.0552,39.8371,98.695,236.1171,0.0195,0.0,100.01,200.2099,48.9968,-16.5107,0.0,0.0001,2.3604,0.0028,6.1544,35.5138,10.9906,27.1775,35.9397
257.0,513.0,11.0563,39.8389,98.68,235.3297,0.0162,0.0,100.0011,200.21,48.9968,-16.5107,0.0,0.0001,2.3606,0.0002,6.1543,35.5138,10.9916,27.1773,35.9395
258.0,515.0,11.0616,39.8465,98.7032,233.9744,0.017,0.0,99.9797,200.21,48.9968,-16.5107,0.0,0.0001,2.356,-0.0024,6.155,35.5154,10.9966,27.1777,35.9397
259.0,517.0,11.0517,39.8366,98.6974,234.1801,0.0191,0.0,99.9953,200.21,48.9968,-16.5107,0.0,0.0001,2.3537,-0.0013,6.1557,35.5141,10.9865,27.1785,35.9408
260.0,519.0,11.0511,39.8392,98.6916,233.9977,0.0191,0.0,100.0037,200.21,48.9967,-16.5107,0.0,0.0001,2.3514,-0.0013,6.1567,35.5164,10.9856,27.1805,35.9429
261.0,521.0,11.0412,39.8282,98.6912,232.6163,0.0217,0.0,99.9658,200.21,48.9967,-16.5107,0.0,0.0001,2.3444,-0.003,6.1595,35.5142,10.9754,27.1806,35.9434
262.0,523.0,11.0188,39.8052,98.6985,232.4218,0.0208,0.0,100.0133,200.2101,48.9967,-16.5107,0.0,0.0001,2.3405,-0.0023,6.1594,35.5118,10.9529,27.1829,35.9466
263.0,525.0,11.0137,39.7992,98.69,233.4164,0.0181,0.0,100.0089,200.2101,48.9967,-16.5108,0.0,0.0001,2.3409,0.0001,6.1627,35.51,10.9476,27.1825,35.9464
264.0,527.0,11.0058,39.79,98.6983,231.1488,0.0186,0.0,99.9888,200.2101,48.9967,-16.5107,0.0,0.0001,2.3319,-0.0044,6.1704,35.5076,10.9394,27.1821,35.9464
265.0,529.0,10.9724,39.7529,98.71,230.7803,0.0221,0.0,99.9845,200.2101,48.9967,-16.5107,0.0,0.0001,2.3275,-0.0039,6.171,35.5019,10.9059,27.1837,35.9495
266.0,531.0,10.938,39.714,98.7056,232.1357,0.024,0.0,100.0133,200.2101,48.9967,-16.5108,0.0,0.0001,2.3277,-0.0002,6.1724,35.4952,10.8713,27.1847,35.952
267.0,533.0,10.9233,39.6978,98.6937,232.2939,0.0188,0.0,100.0133,200.2102,48.9967,-16.5108,0.0,0.0001,2.3272,-0.0004,6.1793,35.4923,10.8564,27.1852,35.9531
268.0,535.0,10.8749,39.6425,98.6953,230.8215,0.0199,0.0,100.0053,200.2102,48.9967,-16.5108,0.0,0.0001,2.3209,-0.0028,6.1798,35.4827,10.8081,27.1865,35.9565
269.0,537.0,10.8763,39.6447,98.6905,231.0039,0.0206,0.0,100.0133,200.2102,48.9967,-16.5108,0.0,0.0001,2.3186,-0.0015,6.1797,35.4827,10.8091,27.1862,35.9563
270.0,539.0,10.8768,39.6465,98.6907,231.3029,0.0207,0.0,99.9845,200.2102,48.9967,-16.5108,0.0,0.0001,2.3187,-0.0003,6.1795,35.483,10.8093,27.1865,35.9565
271.0,541.0,10.8779,39.6484,98.6912,231.5211,0.021,0.0,100.0082,200.2103,48.9967,-16.5108,0.0,0.0001,2.3187,-0.0001,6.1814,35.4832,10.8102,27.1864,35.9564
272.0,543.0,10.8709,39.6406,98.7053,231.0244,0.0196,0.0,100.0093,200.2103,48.9967,-16.5108,0.0,0.0001,2.3145,-0.0014,6.1894,35.4812,10.803,27.1862,35.9565
273.0,545.0,10.8164,39.5787,98.7032,228.9375,0.0221,0.0,100.0133,200.2103,48.9967,-16.5108,0.0,0.0001,2.3052,-0.0042,6.1923,35.4708,10.7484,27.1879,35.9606
274.0,547.0,10.7956,39.5559,98.695,228.9155,0.0224,0.0,100.0133,200.2103,48.9967,-16.5108,0.0,0.0001,2.3011,-0.003,6.1949,35.4672,10.7275,27.1889,35.9625
275.0,549.0,10.7829,39.5412,98.6893,228.4061,0.0262,0.0,100.0045,200.2104,48.9967,-16.5108,0.0,0.0001,2.2949,-0.0028,6.1961,35.464,10.7146,27.1887,35.9629
276.0,551.0,10.763,39.5182,98.688,228.2521,0.0207,0.0,100.0133,200.2104,48.9967,-16.5108,0.0,0.0001,2.2914,-0.002,6.1965,35.4593,10.6946,27.1886,35.9637
277.0,553.0,10.7599,39.5163,98.6912,228.6576,0.0206,0.0,100.0133,200.2104,48.9967,-16.5108,0.0,0.0001,2.2906,-0.0008,6.1963,35.4595,10.6912,27.1894,35.9646
278.0,555.0,10.7576,39.5145,98.6844,228.89,0.0235,0.0,100.0061,200.2104,48.9967,-16.5108,0.0,0.0001,2.2902,-0.0002,6.1976,35.4588,10.6886,27.1893,35.9646
279.0,557.0,10.7416,39.4967,98.6914,228.2126,0.0209,0.0,100.0064,200.2105,48.9967,-16.5108,0.0,0.0001,2.2869,-0.0014,6.203,35.4556,10.6724,27.1897,35.9658
280.0,559.0,10.7098,39.4629,98.687,226.3626,0.0199,0.0,100.0115,200.2105,48.9967,-16.5108,0.0,0.0001,2.278,-0.004,6.2049,35.4516,10.6406,27.1923,35.9697
281.0,561.0,10.7134,39.4676,98.71,226.9217,0.0205,0.0,100.0133,200.2105,48.9967,-16.5108,0.0,0.0001,2.2754,-0.002,6.2115,35.4521,10.6438,27.1921,35.9694
282.0,563.0,10.6926,39.4454,98.7032,225.9935,0.0239,0.0,100.0133,200.2105,48.9967,-16.5108,0.0,0.0001,2.2696,-0.0029,6.2129,35.4489,10.6229,27.1934,35.9715
283.0,565.0,10.6462,39.3923,98.7,223.6452,0.0236,0.0,100.0133,200.2105,48.9967,-16.5108,0.0,0.0001,2.2611,-0.006,6.2069,35.4395,10.5764,27.1943,35.9746
284.0,567.0,10.6327,39.3789,98.6893,224.5831,0.0237,0.0,99.9948,200.2106,48.9967,-16.5108,0.0,0.0001,2.2549,-0.0021,6.2141,35.4381,10.5627,27.1957,35.9765
285.0,569.0,10.6342,39.3802,98.6842,222.314,0.0237,0.0,100.0133,200.2106,48.9967,-16.5108,0.0,0.0001,2.2449,-0.0054,6.2199,35.4371,10.564,27.1947,35.9755
286.0,571.0,10.5948,39.3407,98.68,221.9371,0.0196,0.0,100.0133,200.2106,48.9967,-16.5108,0.0,0.0001,2.2391,-0.0045,6.2202,35.4346,10.5245,27.1997,35.9822
287.0,573.0,10.5787,39.323,98.69,223.0508,0.0209,0.0,100.0124,200.2106,48.9967,-16.5108,0.0,0.0001,2.2369,-0.0014,6.2253,35.4313,10.5082,27.2001,35.9832
288.0,575.0,10.5518,39.2938,98.6898,220.5532,0.0226,0.0,100.0225,200.2107,48.9967,-16.5108,0.0,0.0001,2.227,-0.005,6.2259,35.4273,10.4811,27.2017,35.9861
289.0,577.0,10.5507,39.2954,98.6844,218.6709,0.0222,0.0,100.0095,200.2107,48.9967,-16.5108,0.0,0.0001,2.2154,-0.0061,6.2263,35.429,10.4798,27.2033,35.9877
290.0,579.0,10.5448,39.2912,98.6827,218.9404,0.0197,0.0,100.0133,200.2107,48.9967,-16.5108,0.0,0.0001,2.2088,-0.0031,6.2258,35.4295,10.4737,27.2047,35.9894
291.0,581.0,10.5479,39.2966,98.6819,217.9671,0.0211,0.0,100.0112,200.2107,48.9967,-16.5108,0.0,0.0001,2.2013,-0.0032,6.2245,35.4311,10.4766,27.2055,35.99
292.0,583.0,10.5631,39.3174,98.68,214.7221,0.023,0.0,100.0097,200.2108,48.9966,-16.5108,0.0,0.0001,2.1878,-0.0079,6.2264,35.4365,10.4914,27.2071,35.9909
293.0,585.0,10.5515,39.3073,98.68,214.7154,0.0192,0.0,100.0,200.2108,48.9966,-16.5108,0.0,0.0001,2.1803,-0.0055,6.2287,35.4366,10.4796,27.2093,35.9936
294.0,587.0,10.5312,39.2853,98.68,214.9988,0.0186,0.0,100.0092,200.2108,48.9967,-16.5108,0.0,0.0001,2.1752,-0.0028,6.2289,35.433,10.4591,27.2101,35.9953
295.0,589.0,10.509,39.2604,98.68,214.6983,0.018,0.0,99.946,200.2108,48.9967,-16.5108,0.0,0.0001,2.1696,-0.0023,6.2334,35.4286,10.4368,27.2106,35.9968
296.0,591.0,10.5012,39.2523,98.68,211.8662,0.0222,0.0,100.0133,200.2109,48.9967,-16.5108,0.0,0.0001,2.1574,-0.0064,6.235,35.4274,10.4288,27.211,35.9976
297.0,593.0,10.4902,39.2406,98.6807,211.9599,0.0211,0.0,100.0133,200.2109,48.9967,-16.5108,0.0,0.0001,2.1529,-0.0043,6.2341,35.4252,10.4176,27.2113,35.9984
298.0,595.0,10.4768,39.2285,98.6827,213.1337,0.0224,0.0,100.0164,200.2109,48.9967,-16.5108,0.0,0.0001,2.1508,-0.0009,6.241,35.4248,10.4039,27.2135,36.0011
299.0,597.0,10.4476,39.1955,98.68,211.2902,0.0252,0.0,100.013,200.2109,48.9967,-16.5108,0.0,0.0001,2.1431,-0.0039,6.2443,35.4191,10.3746,27.2142,36.0031
300.0,599.0,10.4199,39.1659,98.68,210.1641,0.0204,0.0,100.0153,200.2109,48.9967,-16.5108,0.0,0.0001,2.1351,-0.0041,6.2435,35.4152,10.3468,27.216,36.0061
301.0,601.0,10.414,39.1621,98.68,210.1924,0.0202,0.0,100.0049,200.211,48.9966,-16.5108,0.0,0.0001,2.1297,-0.0026,6.2488,35.4161,10.3406,27.2177,36.0081
302.0,603.0,10.3968,39.1435,98.68,209.2703,0.0232,0.0,100.0288,200.211,48.9966,-16.5108,0.0,0.0001,2.1228,-0.0035,6.2565,35.4132,10.3234,27.2185,36.0096
303.0,605.0,10.3477,39.087,98.6834,209.6059,0.0224,0.0,100.0089,200.211,48.9966,-16.5108,0.0,0.0001,2.1196,-0.0017,6.258,35.4028,10.2742,27.219,36.0124
304.0,607.0,10.3314,39.0713,98.68,212.0114,0.0202,0.0,100.0213,200.211,48.9966,-16.5108,0.0,0.0001,2.1243,0.0029,6.2574,35.4018,10.2577,27.2212,36.0152
305.0,609.0,10.3273,39.0693,98.68,212.4101,0.0226,0.0002,99.497,200.211,48.9966,-16.5108,0.0,0.0001,2.1293,0.0026,6.2533,35.4029,10.2534,27.2228,36.017
306.0,611.0,10.35,39.1008,98.68,208.2122,0.0198,0.0005,98.8122,200.2111,48.9966,-16.5108,0.0,0.0001,2.1195,-0.0055,6.2509,35.4119,10.2757,27.2259,36.019
307.0,613.0,10.3613,39.1186,98.6839,208.9751,0.0228,0.0002,99.6583,200.2111,48.9966,-16.5108,0.0,0.0001,2.1158,-0.0019,6.2484,35.418,10.2867,27.2288,36.0213
308.0,615.0,10.3791,39.1464,98.68,209.501,0.0196,0.0,99.8802,200.2111,48.9966,-16.5108,0.0,0.0001,2.1148,-0.0003,6.2488,35.4278,10.3041,27.2333,36.025
309.0,617.0,10.3842,39.1527,98.68,208.9723,0.0188,0.0,99.9171,200.2111,48.9966,-16.5108,0.0,0.0001,2.1127,-0.0013,6.251,35.4284,10.309,27.2329,36.0244
310.0,619.0,10.3672,39.1352,98.68,209.0574,0.0213,0.0,99.9731,200.2112,48.9966,-16.5108,0.0,0.0001,2.1113,-0.0007,6.2514,35.4264,10.2919,27.2344,36.0266
311.0,621.0,10.3592,39.1295,98.68,213.6875,0.0225,0.0,100.0241,200.2112,48.9966,-16.5108,0.0,0.0001,2.1264,0.007,6.2458,35.4275,10.2836,27.2367,36.0293
312.0,623.0,10.3798,39.1567,98.6839,216.9172,0.02,0.0,100.031,200.2112,48.9966,-16.5108,0.0,0.0001,2.1444,0.0095,6.2393,35.4339,10.3039,27.2381,36.0298
313.0,625.0,10.4413,39.2331,98.6875,220.1422,0.0173,0.0,100.0221,200.2112,48.9966,-16.5108,0.0,0.0001,2.1652,0.0108,6.2387,35.4507,10.3648,27.2405,36.0294
314.0,627.0,10.4452,39.2397,98.6854,219.6347,0.016,0.0,100.0379,200.2113,48.9966,-16.5108,0.0,0.0001,2.1769,0.0054,6.2384,35.4528,10.3685,27.2415,36.0302
315.0,629.0,10.4498,39.2462,98.68,218.6818,0.015,0.0,100.0133,200.2113,48.9966,-16.5108,0.0,0.0001,2.1795,0.0016,6.2398,35.454,10.3728,27.2417,36.0301
316.0,631.0,10.4498,39.248,98.68,218.6702,0.0178,0.0,99.9608,200.2113,48.9966,-16.5108,0.0,0.0001,2.1807,0.0011,6.2391,35.4549,10.3726,27.2424,36.0309
317.0,633.0,10.4477,39.2478,98.6828,217.4053,0.0179,0.0,100.0279,200.2113,48.9966,-16.5108,0.0,0.0001,2.1777,-0.0015,6.24,35.456,10.3702,27.2437,36.0323
318.0,635.0,10.4363,39.2377,98.6858,213.1189,0.0148,0.0,100.0229,200.2114,48.9966,-16.5108,0.0,0.0001,2.1616,-0.0077,6.2413,35.456,10.3586,27.2458,36.0348
319.0,637.0,10.4297,39.2328,98.68,212.2268,0.0173,0.0,100.0277,200.2114,48.9966,-16.5108,0.0,0.0001,2.149,-0.0059,6.2415,35.4563,10.3518,27.2472,36.0365
320.0,639.0,10.427,39.2311,98.68,210.6851,0.0187,0.0,100.0422,200.2114,48.9966,-16.5108,0.0,0.0001,2.1406,-0.0068,6.2412,35.4562,10.3488,27.2477,36.0371
321.0,641.0,10.4224,39.2277,98.6862,211.0374,0.0179,0.0,100.0343,200.2114,48.9966,-16.5108,0.0,0.0001,2.1342,-0.0042,6.2415,35.4564,10.3439,27.2487,36.0383
322.0,643.0,10.4163,39.2216,98.68,212.1773,0.0186,0.0,100.0223,200.2114,48.9966,-16.5108,0.0,0.0001,2.1315,-0.001,6.2486,35.4556,10.3377,27.2491,36.039
323.0,645.0,10.3936,39.1966,98.68,205.6909,0.0196,0.0,100.0335,200.2115,48.9966,-16.5108,0.0,0.0001,2.1086,-0.0113,6.2569,35.4514,10.3149,27.2499,36.0408
324.0,647.0,10.3327,39.1307,98.68,204.7123,0.0187,0.0,100.0357,200.2115,48.9966,-16.5108,0.0,0.0001,2.0917,-0.0083,6.262,35.4427,10.254,27.2537,36.0473
325.0,649.0,10.3103,39.1072,98.68,204.482,0.0194,0.0,100.0133,200.2115,48.9966,-16.5108,0.0,0.0001,2.0824,-0.0063,6.2639,35.4399,10.2315,27.2555,36.05
326.0,651.0,10.2793,39.0729,98.68,204.8715,0.0205,0.0,100.0184,200.2115,48.9966,-16.5108,0.0,0.0001,2.0787,-0.0034,6.2597,35.4345,10.2003,27.2567,36.0526
327.0,653.0,10.2594,39.0522,98.68,206.0284,0.0186,0.0,100.0113,200.2116,48.9966,-16.5108,0.0,0.0001,2.0769,-0.0004,6.267,35.4316,10.1803,27.258,36.0548
328.0,655.0,10.2395,39.0305,98.68,205.6421,0.0231,0.0,100.0102,200.2116,48.9966,-16.5108,0.0,0.0001,2.0745,-0.0014,6.2748,35.4283,10.1602,27.2588,36.0566
329.0,657.0,10.2213,39.01,98.68,205.8799,0.021,0.0,100.0164,200.2116,48.9966,-16.5108,0.0,0.0001,2.0733,-0.0007,6.2788,35.4243,10.1419,27.2589,36.0575
330.0,659.0,10.1763,38.9622,98.68,206.8461,0.024,0.0,100.0133,200.2116,48.9966,-16.5108,0.0,0.0001,2.0748,0.0011,6.2796,35.4186,10.0968,27.2623,36.0628
331.0,661.0,10.1643,38.9491,98.68,206.9931,0.0212,0.0,100.0133,200.2116,48.9966,-16.5108,0.0,0.0001,2.0757,0.0008,6.2827,35.416,10.0846,27.2623,36.0634
332.0,663.0,10.147,38.9302,98.68,206.2952,0.0175,0.0,100.0133,200.2117,48.9966,-16.5108,0.0,0.0001,2.0743,-0.0007,6.2838,35.4128,10.0671,27.2629,36.0647
333.0,665.0,10.1288,38.9126,98.68,205.267,0.0175,0.0,100.0173,200.2117,48.9966,-16.5108,0.0,0.0001,2.0692,-0.0019,6.2867,35.4116,10.0487,27.2651,36.0678
334.0,667.0,10.1168,38.9012,98.68,204.4139,0.0198,0.0,100.0097,200.2117,48.9966,-16.5108,0.0,0.0001,2.0627,-0.0028,6.2927,35.4108,10.0366,27.2666,36.0698
335.0,669.0,10.0853,38.8684,98.68,202.8451,0.023,0.0,100.0133,200.2117,48.9965,-16.5108,0.0,0.0001,2.0561,-0.0047,6.2951,35.4073,10.0051,27.2693,36.0738
336.0,671.0,10.0639,38.8473,98.68,202.1956,0.0205,0.0,100.0133,200.2118,48.9965,-16.5108,0.0,0.0001,2.0492,-0.0045,6.2984,35.4059,9.9836,27.2719,36.0773
337.0,673.0,10.0342,38.8191,98.68,200.6571,0.0198,0.0,100.0133,200.2118,48.9965,-16.5108,0.0,0.0001,2.0389,-0.0053,6.3004,35.4052,9.9537,27.2765,36.0832
338.0,675.0,10.0169,38.8037,98.68,200.1083,0.0201,0.0,99.9995,200.2118,48.9965,-16.5108,0.0,0.0001,2.0313,-0.0038,6.2976,35.4053,9.9362,27.2796,36.0871
339.0,677.0,10.0066,38.7971,98.68,201.383,0.0208,0.0,99.9804,200.2118,48.9965,-16.5108,0.0,0.0001,2.0299,-0.0004,6.3001,35.4075,9.9257,27.2831,36.091
340.0,679.0,10.0037,38.7971,98.68,199.9611,0.0174,0.0,99.9845,200.2119,48.9965,-16.5108,0.0,0.0001,2.0252,-0.0024,6.2963,35.4096,9.9225,27.2852,36.0932
341.0,681.0,10.0259,38.8268,98.68,200.2453,0.0202,0.0,99.9845,200.2119,48.9965,-16.5108,0.0,0.0001,2.022,-0.0013,6.2973,35.4175,9.9444,27.2877,36.0946
342.0,683.0,10.0362,38.8422,98.68,199.3558,0.0215,0.0,99.9845,200.2119,48.9965,-16.5108,0.0,0.0001,2.0189,-0.0025,6.3018,35.4223,9.9544,27.2897,36.0962
343.0,685.0,10.0111,38.8153,98.68,197.6588,0.0224,0.0,99.9845,200.2119,48.9965,-16.5108,0.0,0.0001,2.0099,-0.0041,6.3017,35.4183,9.9292,27.2909,36.0985
344.0,687.0,9.9951,38.8005,98.68,197.8758,0.0228,0.0,99.9845,200.2119,48.9965,-16.5108,0.0,0.0001,2.0055,-0.0021,6.3025,35.4178,9.913,27.2933,36.1016
345.0,689.0,10.0041,38.813,98.68,197.1737,0.0187,0.0,99.9785,200.212,48.9965,-16.5108,0.0,0.0001,2.001,-0.0028,6.3092,35.421,9.9218,27.2943,36.1022
346.0,691.0,9.9551,38.759,98.68,197.7567,0.023,0.0,99.958,200.212,48.9965,-16.5108,0.0,0.0001,1.9981,-0.0007,6.3114,35.4127,9.8728,27.2962,36.1062
347.0,693.0,9.9317,38.7341,98.68,198.0368,0.0244,0.0,99.9501,200.212,48.9965,-16.5108,0.0,0.0001,1.9984,0.0,6.3098,35.4091,9.8492,27.2974,36.1085
348.0,695.0,9.9306,38.7355,98.68,197.7883,0.022,0.0,99.959,200.212,48.9965,-16.5108,0.0,0.0001,1.9977,-0.0006,6.3095,35.4108,9.8479,27.299,36.1101
349.0,697.0,9.9425,38.7527,98.68,196.7511,0.0248,0.0,99.9556,200.2121,48.9965,-16.5108,0.0,0.0001,1.9931,-0.0019,6.3088,35.4159,9.8594,27.301,36.1116
350.0,699.0,9.9442,38.7567,98.68,196.1615,0.0222,0.0,99.957,200.2121,48.9965,-16.5108,0.0,0.0001,1.989,-0.0021,6.3096,35.4175,9.8609,27.302,36.1125
351.0,701.0,9.9453,38.7609,98.68,194.7615,0.0204,0.0,99.97,200.2121,48.9965,-16.5108,0.0,0.0001,1.9823,-0.0036,6.3115,35.4199,9.8618,27.3038,36.1142
352.0,703.0,9.9315,38.7475,98.68,195.4776,0.0218,0.0,99.9664,200.2121,48.9965,-16.5108,0.0,0.0001,1.9785,-0.0013,6.3165,35.4188,9.8477,27.3052,36.1163
353.0,705.0,9.9181,38.7342,98.68,195.3489,0.0199,0.0,99.9589,200.2122,48.9965,-16.5108,0.0,0.0001,1.9761,-0.0018,6.3346,35.4171,9.8342,27.3063,36.1179
354.0,707.0,9.8075,38.6053,98.68,193.9039,0.0212,0.0,99.9845,200.2122,48.9965,-16.5108,0.0,0.0001,1.9674,-0.0039,6.3527,35.3923,9.7239,27.3056,36.1223
355.0,709.0,9.7003,38.4844,98.68,191.9306,0.0235,0.0,99.9845,200.2122,48.9965,-16.5108,0.0,0.0001,1.9562,-0.006,6.3644,35.3725,9.617,27.3081,36.1296
356.0,711.0,9.5852,38.3497,98.68,190.3215,0.0232,0.0,100.0068,200.2122,48.9965,-16.5108,0.0,0.0001,1.9424,-0.0062,6.3687,35.3455,9.5024,27.3063,36.1331
357.0,713.0,9.5495,38.3083,98.68,190.0779,0.0212,0.0,100.0133,200.2122,48.9965,-16.5108,0.0,0.0001,1.935,-0.0043,6.371,35.3369,9.4666,27.3055,36.134
358.0,715.0,9.523,38.2832,98.68,188.8265,0.0201,0.0,99.9868,200.2123,48.9965,-16.5108,0.0,0.0001,1.93,-0.0038,6.352,35.3362,9.44,27.3094,36.139
359.0,717.0,9.5861,38.3699,98.68,188.8552,0.0209,0.0,100.0095,200.2123,48.9965,-16.5108,0.0,0.0001,1.9231,-0.0019,6.339,35.3628,9.5025,27.3198,36.1463
360.0,719.0,9.737,38.5544,98.68,191.0526,0.0225,0.0,99.9852,200.2123,48.9965,-16.5108,0.0,0.0001,1.9276,0.0022,6.3393,35.4037,9.6523,27.3266,36.1462
361.0,721.0,9.732,38.5515,98.68,190.9112,0.0239,0.0,99.9777,200.2123,48.9965,-16.5108,0.0,0.0001,1.9298,0.0009,6.343,35.4046,9.647,27.3282,36.148
362.0,723.0,9.7125,38.529,98.68,189.9581,0.0194,0.0,99.9937,200.2124,48.9965,-16.5108,0.0,0.0001,1.9268,-0.0013,6.3528,35.3998,9.6274,27.3278,36.1485
363.0,725.0,9.6571,38.4665,98.68,188.7921,0.0185,0.0,99.9845,200.2124,48.9965,-16.5108,0.0,0.0001,1.9213,-0.0029,6.3562,35.389,9.5721,27.3286,36.1518
364.0,727.0,9.6275,38.4374,98.68,188.2236,0.0195,0.0,100.0095,200.2124,48.9965,-16.5108,0.0,0.0001,1.9178,-0.0024,6.3439,35.3872,9.5424,27.3322,36.1567
365.0,729.0,9.6318,38.4489,98.68,188.9508,0.0181,0.0,99.9556,200.2124,48.9965,-16.5108,0.0,0.0001,1.917,-0.0004,6.3429,35.3939,9.5464,27.3367,36.161
366.0,731.0,9.6919,38.5253,98.68,188.488,0.0206,0.0,99.9829,200.2124,48.9965,-16.5108,0.0,0.0001,1.9142,-0.0015,6.3565,35.4127,9.6059,27.3415,36.1629
367.0,733.0,9.63,38.4526,98.68,187.1197,0.0208,0.0,100.0043,200.2125,48.9965,-16.5108,0.0,0.0001,1.9063,-0.0034,6.3721,35.3978,9.5442,27.3402,36.1644
368.0,735.0,9.5235,38.3352,98.68,186.7939,0.0208,0.0,100.0166,200.2125,48.9965,-16.5108,0.0,0.0001,1.9004,-0.0029,6.3797,35.3803,9.438,27.3442,36.1733
369.0,737.0,9.4583,38.2647,98.68,186.9734,0.0231,0.0,100.015,200.2125,48.9965,-16.5108,0.0,0.0001,1.8973,-0.0016,6.3835,35.3704,9.3729,27.3473,36.1793
370.0,739.0,9.4363,38.2406,98.68,187.0082,0.0202,0.0,100.0091,200.2125,48.9965,-16.5108,0.0,0.0001,1.8962,-0.0012,6.3883,35.3664,9.3507,27.3478,36.1808
371.0,741.0,9.4133,38.2166,98.68,187.2693,0.0201,0.0,100.0177,200.2126,48.9965,-16.5108,0.0,0.0001,1.8931,-0.0009,6.3998,35.363,9.3276,27.349,36.1831
372.0,743.0,9.3435,38.1467,98.68,186.4411,0.0177,0.0,100.0133,200.2126,48.9965,-16.5108,0.0,0.0001,1.8901,-0.0018,6.4002,35.3584,9.258,27.3569,36.194
373.0,745.0,9.2763,38.0763,98.68,186.8449,0.0166,0.0,99.9998,200.2126,48.9965,-16.5108,0.0,0.0001,1.888,-0.0006,6.404,35.3506,9.1908,27.3618,36.2019
374.0,747.0,9.2634,38.062,98.68,185.9506,0.0236,0.0,100.0186,200.2126,48.9965,-16.5108,0.0,0.0001,1.8831,-0.0022,6.4179,35.3476,9.1779,27.3616,36.2023
375.0,749.0,9.2162,38.0138,98.68,184.8244,0.0231,0.0,100.0422,200.2127,48.9965,-16.5108,0.0,0.0001,1.8767,-0.0032,6.4192,35.3431,9.1306,27.3658,36.2086
376.0,751.0,9.1864,37.9823,98.68,185.0767,0.0216,0.0,100.0422,200.2127,48.9965,-16.5108,0.0,0.0001,1.8755,-0.002,6.4172,35.339,9.1008,27.3674,36.2116
377.0,753.0,9.1821,37.9859,98.68,185.8606,0.0224,0.0,100.0422,200.2127,48.9965,-16.5108,0.0,0.0001,1.8756,-0.0002,6.416,35.346,9.0963,27.3736,36.2179
378.0,755.0,9.2051,38.018,98.68,185.8445,0.0229,0.0,100.0286,200.2127,48.9965,-16.5108,0.0,0.0001,1.8756,-0.0001,6.4128,35.3558,9.119,27.3776,36.2208
379.0,757.0,9.2207,38.0399,98.68,185.588,0.0213,0.0,100.0392,200.2128,48.9965,-16.5108,0.0,0.0001,1.8747,-0.0004,6.4099,35.3623,9.1342,27.3802,36.2226
380.0,759.0,9.2358,38.0623,98.68,185.6171,0.0235,0.0,100.0174,200.2128,48.9965,-16.5108,0.0,0.0001,1.874,-0.0004,6.4124,35.3696,9.1489,27.3835,36.2252
381.0,761.0,9.2347,38.0652,98.68,185.9056,0.0213,0.0,100.0133,200.2128,48.9965,-16.5108,0.0,0.0001,1.8741,0.0,6.4148,35.3727,9.1476,27.3862,36.2279
382.0,763.0,9.2103,38.0399,98.68,186.4541,0.0234,0.0,100.0191,200.2128,48.9964,-16.5108,0.0,0.0001,1.8748,0.0007,6.4169,35.3697,9.1231,27.3878,36.2306
383.0,765.0,9.2001,38.029,98.68,186.4942,0.0228,0.0,100.01,200.2128,48.9964,-16.5108,0.0,0.0001,1.8758,0.0003,6.4189,35.3675,9.1127,27.3878,36.2311
384.0,767.0,9.1865,38.0159,98.68,186.4034,0.0215,0.0,100.0133,200.2129,48.9964,-16.5108,0.0,0.0001,1.8759,0.0001,6.4189,35.3665,9.099,27.3892,36.2331
385.0,769.0,9.1787,38.009,98.68,186.2827,0.0225,0.0,100.023,200.2129,48.9964,-16.5108,0.0,0.0001,1.8759,-0.0002,6.4188,35.3661,9.091,27.3902,36.2345
386.0,771.0,9.1737,38.0053,98.68,186.484,0.0218,0.0,100.0246,200.2129,48.9964,-16.5108,0.0,0.0001,1.8759,-0.0001,6.4208,35.3663,9.0859,27.3912,36.2357
387.0,773.0,9.1668,38.0006,98.68,185.7225,0.0196,0.0,100.0186,200.2129,48.9964,-16.5108,0.0,0.0001,1.8731,-0.0012,6.4234,35.3673,9.0787,27.3932,36.2379
388.0,775.0,9.1628,37.9987,98.68,185.8731,0.0179,0.0,100.0277,200.213,48.9964,-16.5108,0.0,0.0001,1.8708,-0.001,6.4317,35.3684,9.0745,27.3947,36.2396
389.0,777.0,9.1383,37.9765,98.68,185.2534,0.0142,0.0,100.048,200.213,48.9964,-16.5108,0.0,0.0001,1.8686,-0.0018,6.435,35.3685,9.0499,27.3988,36.2448
390.0,779.0,9.0725,37.9094,98.68,184.625,0.0202,0.0,100.0589,200.213,48.9964,-16.5108,0.0,0.0001,1.8645,-0.0021,6.4376,35.3626,8.9843,27.4048,36.2537
391.0,781.0,9.0518,37.8886,98.68,184.5421,0.0197,0.0,100.0667,200.213,48.9964,-16.5108,0.0,0.0001,1.8608,-0.0016,6.443,35.3605,8.9634,27.4065,36.2564
392.0,783.0,9.0157,37.8509,98.68,184.3309,0.0218,0.0,100.0756,200.2131,48.9964,-16.5108,0.0,0.0001,1.8569,-0.0012,6.444,35.3557,8.9272,27.4086,36.2601
393.0,785.0,9.0103,37.846,98.68,184.3985,0.0222,0.0,100.0609,200.2131,48.9964,-16.5108,0.0,0.0001,1.8559,-0.0008,6.4448,35.3552,8.9217,27.4091,36.2609
394.0,787.0,9.0097,37.847,98.68,184.2167,0.0222,0.0,100.0711,200.2131,48.9964,-16.5108,0.0,0.0001,1.8551,-0.0008,6.4437,35.3561,8.9209,27.4099,36.2617
395.0,789.0,9.0083,37.8469,98.68,184.3886,0.0229,0.0,100.0783,200.2131,48.9964,-16.5108,0.0,0.0001,1.8547,-0.0002,6.443,35.3562,8.9192,27.4103,36.2622
396.0,791.0,8.9933,37.8344,98.68,184.2138,0.0232,0.0,100.0738,200.2131,48.9964,-16.5108,0.0,0.0001,1.8538,-0.0004,6.4416,35.357,8.9041,27.4133,36.2659
397.0,793.0,8.9932,37.8397,98.68,184.5988,0.02,0.0,100.0745,200.2132,48.9964,-16.5108,0.0,0.0001,1.8552,0.0012,6.4157,35.3619,8.9037,27.4172,36.2697
398.0,795.0,9.1746,38.0694,98.68,183.9873,0.0213,0.0,100.0569,200.2132,48.9964,-16.5108,0.0,0.0001,1.8537,-0.0006,6.4248,35.4211,9.0838,27.4345,36.2783
399.0,797.0,9.1775,38.0623,98.68,183.3963,0.0213,0.0,100.0553,200.2132,48.9964,-16.5108,0.0,0.0001,1.8523,-0.0014,6.4235,35.4098,9.0864,27.4252,36.269
400.0,799.0,9.1343,38.0175,98.68,184.1938,0.0194,0.0,100.0711,200.2132,48.9964,-16.5108,0.0,0.0001,1.8535,0.0,6.4242,35.405,9.0433,27.4285,36.2742
401.0,801.0,9.0917,37.968,98.68,184.5086,0.0232,0.0,100.011,200.2133,48.9964,-16.5108,0.0,0.0001,1.8526,-0.0006,6.4523,35.3947,9.0007,27.4273,36.2751
402.0,803.0,8.9825,37.8375,98.68,183.9926,0.022,0.0,100.062,200.2133,48.9964,-16.5108,0.0,0.0001,1.8475,-0.0015,6.4705,35.3656,8.8919,27.4219,36.2749
403.0,805.0,8.8331,37.6749,98.68,184.9092,0.024,0.0,100.0198,200.2133,48.9964,-16.5108,0.0,0.0001,1.8486,0.0004,6.4678,35.3423,8.7432,27.4276,36.2873
404.0,807.0,8.8295,37.6757,98.68,185.2729,0.023,0.0,100.0501,200.2133,48.9964,-16.5108,0.0,0.0001,1.8495,0.0008,6.467,35.3458,8.7393,27.4309,36.2908
405.0,809.0,8.8481,37.7,98.68,184.9834,0.0243,0.0,100.0639,200.2133,48.9964,-16.5108,0.0,0.0001,1.85,0.0003,6.4612,35.3518,8.7575,27.4327,36.2917
406.0,811.0,8.8862,37.7463,98.68,184.6681,0.0207,0.0,100.079,200.2134,48.9964,-16.5108,0.0,0.0001,1.851,0.0006,6.4345,35.3617,8.7953,27.4344,36.2916
407.0,813.0,9.068,37.9725,98.68,183.4993,0.0196,0.0,100.0589,200.2134,48.9964,-16.5108,0.0,0.0001,1.8488,-0.0013,6.4277,35.4172,8.9756,27.4489,36.2975
408.0,815.0,9.0963,38.0041,98.68,182.7976,0.018,0.0,100.0711,200.2134,48.9964,-16.5108,0.0,0.0001,1.8466,-0.0021,6.4283,35.4214,9.0036,27.4478,36.295
409.0,817.0,9.1085,38.0204,98.68,182.8604,0.0185,0.0,100.0538,200.2134,48.9964,-16.5108,0.0,0.0001,1.8437,-0.0018,6.4395,35.4254,9.0154,27.449,36.2956
410.0,819.0,9.0581,37.9656,98.68,182.5029,0.0183,0.0,100.0732,200.2135,48.9964,-16.5108,0.0,0.0001,1.84,-0.0017,6.4414,35.417,8.9651,27.4505,36.2995
411.0,821.0,9.0124,37.9154,98.68,183.3103,0.0193,0.0,100.0641,200.2135,48.9964,-16.5108,0.0,0.0001,1.84,0.0,6.4426,35.4091,8.9194,27.4517,36.3028
412.0,823.0,9.0085,37.9113,98.68,182.9484,0.0196,0.0,100.0585,200.2135,48.9964,-16.5108,0.0,0.0001,1.8376,-0.0007,6.4445,35.4081,8.9154,27.4515,36.3028
413.0,825.0,8.994,37.8996,98.68,182.8768,0.0195,0.0,100.0686,200.2135,48.9964,-16.5108,0.0,0.0001,1.8376,-0.0005,6.4426,35.409,8.9007,27.4546,36.3066
414.0,827.0,8.995,37.9065,98.68,183.0768,0.0196,0.0,100.0855,200.2136,48.9964,-16.5108,0.0,0.0001,1.8376,-0.0001,6.442,35.4144,8.9014,27.4587,36.3106
415.0,829.0,9.0077,37.9249,98.68,182.7804,0.0222,0.0,100.0711,200.2136,48.9964,-16.5108,0.0,0.0001,1.8366,-0.0005,6.4414,35.4202,8.9139,27.4613,36.3125
416.0,831.0,9.0053,37.927,98.68,182.8767,0.0215,0.0,100.0664,200.2136,48.9964,-16.5108,0.0,0.0001,1.8352,-0.0004,6.446,35.4236,8.9112,27.4644,36.3156
417.0,833.0,8.9878,37.912,98.68,183.371,0.0191,0.0,100.0535,200.2136,48.9964,-16.5108,0.0,0.0001,1.8364,0.0003,6.4499,35.4243,8.8936,27.4677,36.3198
418.0,835.0,8.9555,37.8781,98.68,183.4701,0.0221,0.0,100.0599,200.2136,48.9964,-16.5108,0.0,0.0001,1.8366,0.0002,6.4508,35.4202,8.8613,27.4697,36.3232
419.0,837.0,8.943,37.8675,98.68,183.8692,0.0199,0.0,100.0652,200.2137,48.9964,-16.5108,0.0,0.0001,1.8376,0.0005,6.4528,35.4206,8.8486,27.4721,36.3261
420.0,839.0,8.9389,37.8653,98.68,183.6396,0.0202,0.0,100.0454,200.2137,48.9964,-16.5108,0.0,0.0001,1.8376,-0.0001,6.4527,35.4213,8.8443,27.4734,36.3276
421.0,841.0,8.9197,37.8458,98.68,184.0427,0.0201,0.0,100.0583,200.2137,48.9964,-16.5108,0.0,0.0001,1.8382,0.0005,6.4524,35.4192,8.825,27.4747,36.3298
422.0,843.0,8.9293,37.861,98.68,184.0981,0.0193,0.0,100.0487,200.2137,48.9964,-16.5108,0.0,0.0001,1.8376,0.0002,6.4581,35.4246,8.8342,27.4775,36.3321
423.0,845.0,8.8993,37.8311,98.68,183.8507,0.0159,0.0,100.047,200.2138,48.9964,-16.5108,0.0,0.0001,1.8375,-0.0007,6.4702,35.422,8.8042,27.4803,36.3363
424.0,847.0,8.8223,37.7481,98.68,184.3957,0.0214,0.0,100.0473,200.2138,48.9964,-16.5108,0.0,0.0001,1.8376,0.0001,6.4744,35.4107,8.7275,27.4837,36.3432
425.0,849.0,8.7909,37.7154,98.68,184.8928,0.0178,0.0,100.0422,200.2138,48.9964,-16.5108,0.0,0.0001,1.8376,0.0006,6.476,35.4064,8.696,27.4853,36.3463
426.0,851.0,8.7731,37.6982,98.68,184.8807,0.0187,0.0,100.0186,200.2138,48.9964,-16.5108,0.0,0.0001,1.8397,0.0006,6.4693,35.405,8.6781,27.487,36.3488
427.0,853.0,8.7804,37.7099,98.68,184.8956,0.0194,0.0,100.0407,200.2138,48.9964,-16.5108,0.0,0.0001,1.84,0.0006,6.4639,35.4094,8.6851,27.4894,36.3507
428.0,855.0,8.8451,37.7892,98.68,184.7813,0.0233,0.0,100.0363,200.2139,48.9963,-16.5108,0.0,0.0001,1.8409,0.0002,6.4616,35.4273,8.7492,27.4932,36.3515
429.0,857.0,8.8827,37.8394,98.68,183.0599,0.0235,0.0,100.0292,200.2139,48.9963,-16.5108,0.0,0.0001,1.8349,-0.0029,6.4772,35.4418,8.7863,27.4986,36.3551
430.0,859.0,8.7863,37.7367,98.68,183.7074,0.0244,0.0,100.0458,200.2139,48.9963,-16.5108,0.0,0.0001,1.8328,-0.001,6.4804,35.429,8.6902,27.5039,36.3648
431.0,861.0,8.7371,37.6869,98.68,184.6435,0.0217,0.0,100.0327,200.2139,48.9963,-16.5108,0.0,0.0001,1.8339,0.0005,6.4806,35.4245,8.6411,27.5082,36.3713
432.0,863.0,8.7388,37.6932,98.68,185.0934,0.0202,0.0,100.0422,200.214,48.9963,-16.5108,0.0,0.0001,1.8364,0.001,6.4817,35.4285,8.6426,27.5111,36.374
433.0,865.0,8.7308,37.6883,98.68,185.1006,0.0208,0.0,100.021,200.214,48.9963,-16.5108,0.0,0.0001,1.8369,0.0008,6.4784,35.4305,8.6344,27.514,36.3773
434.0,867.0,8.732,37.692,98.68,184.822,0.0237,0.0,100.0226,200.214,48.9963,-16.5108,0.0,0.0001,1.8372,-0.0001,6.4792,35.4322,8.6353,27.5151,36.3784
435.0,869.0,8.7427,37.7074,98.68,184.6804,0.0222,0.0,100.0311,200.2141,48.9963,-16.5108,0.0,0.0001,1.8331,-0.0015,6.5152,35.4368,8.6457,27.5171,36.3798
436.0,871.0,8.7555,37.7235,98.68,182.3599,0.021,0.0,100.0249,200.2141,48.9963,-16.5108,0.0,0.0001,1.8278,-0.0041,6.4999,35.4399,8.6581,27.5175,36.3796
437.0,873.0,8.4923,37.4033,98.68,183.8888,0.0213,0.0,100.0485,200.2141,48.9963,-16.5108,0.0,0.0001,1.8298,-0.0014,6.4927,35.3636,8.3965,27.4988,36.3736
438.0,875.0,8.4459,37.3796,98.68,186.2421,0.0238,0.0,100.0422,200.2141,48.9963,-16.5108,0.0,0.0001,1.8331,0.0038,6.4799,35.3838,8.3502,27.5218,36.3984
439.0,877.0,8.4731,37.4085,98.68,185.1999,0.0212,0.0,100.0029,200.2141,48.9963,-16.5108,0.0,0.0001,1.8341,-0.0002,6.5039,35.3867,8.3771,27.5199,36.3953
440.0,879.0,8.5175,37.4544,98.68,185.63,0.0198,0.0,100.0485,200.2142,48.9963,-16.5108,0.0,0.0001,1.8321,0.0008,6.5076,35.3899,8.4209,27.5156,36.389
441.0,881.0,8.5409,37.4951,98.68,185.9246,0.02,0.0,100.0422,200.2142,48.9963,-16.5108,0.0,0.0001,1.8339,0.0014,6.5051,35.4089,8.4439,27.5269,36.3989
442.0,883.0,8.5926,37.5596,98.68,185.4027,0.0198,0.0,100.0422,200.2142,48.9963,-16.5108,0.0,0.0001,1.8338,0.0002,6.5051,35.4244,8.495,27.5311,36.4007
443.0,885.0,8.5512,37.5184,98.68,185.5972,0.0208,0.0,99.9812,200.2142,48.9963,-16.5108,0.0,0.0001,1.8337,0.0001,6.5091,35.4209,8.4536,27.5349,36.4063
444.0,887.0,8.5627,37.5261,98.68,185.4207,0.0218,0.0,100.0277,200.2143,48.9963,-16.5108,0.0,0.0001,1.8315,-0.0009,6.522,35.4168,8.4649,27.5299,36.4009
445.0,889.0,8.5124,37.4782,98.68,185.326,0.0201,0.0,100.0422,200.2143,48.9963,-16.5108,0.0,0.0001,1.8315,-0.0008,6.5235,35.4154,8.4145,27.5366,36.4099
446.0,891.0,8.4708,37.4331,98.68,186.1347,0.0223,0.0,100.0353,200.2143,48.9963,-16.5108,0.0,0.0001,1.8324,0.0006,6.5216,35.4081,8.373,27.5373,36.4125
447.0,893.0,8.4416,37.3978,98.68,186.6767,0.0232,0.0,100.0443,200.2143,48.9963,-16.5108,0.0,0.0001,1.8341,0.0009,6.5261,35.3991,8.3437,27.5348,36.4115
448.0,895.0,8.4374,37.3918,98.68,186.7048,0.0213,0.0,100.0452,200.2143,48.9963,-16.5108,0.0,0.0001,1.8335,-0.0005,6.5534,35.3961,8.3394,27.5331,36.41
449.0,897.0,8.3921,37.3414,98.68,186.0939,0.0207,0.0,100.0463,200.2144,48.9963,-16.5108,0.0,0.0001,1.8315,-0.0018,6.57,35.3872,8.2942,27.5331,36.4121
450.0,899.0,8.2235,37.1572,98.68,186.7148,0.0218,0.0,100.0602,200.2144,48.9963,-16.5108,0.0,0.0001,1.832,-0.0003,6.56,35.3592,8.1265,27.5369,36.4238
451.0,901.0,8.1509,37.0775,98.68,188.8188,0.0211,0.0,100.0645,200.2144,48.9963,-16.5108,0.0,0.0001,1.8373,0.0022,6.5625,35.3458,8.0541,27.5374,36.4277
452.0,903.0,8.1688,37.0998,98.68,187.8577,0.0224,0.0,100.0719,200.2144,48.9963,-16.5108,0.0,0.0001,1.838,0.0002,6.5536,35.351,8.0717,27.5388,36.4283
453.0,905.0,8.2201,37.1626,98.68,187.9239,0.0207,0.0,100.0653,200.2144,48.9963,-16.5108,0.0,0.0001,1.8376,0.0001,6.5562,35.3655,8.1224,27.5425,36.4295
454.0,907.0,8.2571,37.2073,98.68,187.2172,0.0171,0.0,100.0711,200.2145,48.9963,-16.5108,0.0,0.0001,1.8367,-0.0009,6.5539,35.3749,8.1589,27.5443,36.4295
455.0,909.0,8.2712,37.2288,98.68,187.5287,0.0177,0.0,100.0686,200.2145,48.9963,-16.5108,0.0,0.0001,1.8366,0.0,6.5475,35.3828,8.1727,27.5484,36.4329
456.0,911.0,8.2948,37.2589,98.68,187.066,0.0197,0.0,100.0673,200.2145,48.9963,-16.5108,0.0,0.0001,1.8352,-0.0007,6.5469,35.3903,8.1959,27.5507,36.4341
457.0,913.0,8.2865,37.2539,98.68,186.6071,0.0207,0.0,100.062,200.2145,48.9963,-16.5108,0.0,0.0001,1.8339,-0.0013,6.5461,35.3924,8.1875,27.5536,36.4373
458.0,915.0,8.2945,37.2652,98.68,186.7878,0.0176,0.0,100.0863,200.2146,48.9963,-16.5108,0.0,0.0001,1.8327,-0.0007,6.5467,35.3955,8.1952,27.5549,36.4382
459.0,917.0,8.2974,37.2696,98.68,186.907,0.0184,0.0,100.0711,200.2146,48.9963,-16.5108,0.0,0.0001,1.8315,-0.0004,6.5474,35.3962,8.1977,27.5551,36.4383
460.0,919.0,8.2928,37.2655,98.68,186.9704,0.0197,0.0,100.0758,200.2146,48.9963,-16.5108,0.0,0.0001,1.8316,-0.0002,6.5483,35.3958,8.193,27.5555,36.4389
461.0,921.0,8.2857,37.2583,98.68,186.3444,0.0175,0.0,100.0855,200.2146,48.9963,-16.5108,0.0,0.0001,1.8303,-0.0012,6.5509,35.3943,8.1858,27.5554,36.4392
462.0,923.0,8.2736,37.2484,98.68,186.6372,0.0176,0.0,100.0752,200.2147,48.9963,-16.5108,0.0,0.0001,1.8291,-0.0006,6.5501,35.3948,8.1735,27.5577,36.442
463.0,925.0,8.2655,37.2403,98.68,187.1982,0.0214,0.0,100.0938,200.2147,48.9963,-16.5108,0.0,0.0001,1.8303,0.0006,6.5492,35.3935,8.1652,27.5579,36.4426
464.0,927.0,8.2609,37.2373,98.68,187.4783,0.0186,0.0,100.0741,200.2147,48.9962,-16.5108,0.0,0.0001,1.8306,0.0003,6.5582,35.3938,8.1604,27.5589,36.4438
465.0,929.0,8.2274,37.2006,98.68,187.3583,0.0167,0.0,100.0767,200.2147,48.9962,-16.5108,0.0,0.0001,1.831,-0.0005,6.5711,35.3873,8.1269,27.5589,36.4454
466.0,931.0,8.1548,37.1245,98.68,188.4536,0.018,0.0,100.0711,200.2148,48.9962,-16.5108,0.0,0.0001,1.8315,0.001,6.5742,35.3783,8.0546,27.5628,36.4527
467.0,933.0,8.135,37.104,98.68,188.8818,0.0184,0.0,100.0698,200.2148,48.9962,-16.5108,0.0,0.0001,1.8328,0.0013,6.5751,35.3754,8.0347,27.5636,36.4544
468.0,935.0,8.1117,37.0813,98.68,189.4275,0.0214,0.0,100.0643,200.2148,48.9962,-16.5108,0.0,0.0001,1.8358,0.0015,6.575,35.3733,8.0113,27.5655,36.4574
469.0,937.0,8.1098,37.0813,98.68,189.4973,0.0203,0.0,100.0539,200.2148,48.9962,-16.5108,0.0,0.0001,1.8378,0.001,6.5731,35.3744,8.0092,27.5667,36.4586
470.0,939.0,8.1096,37.0831,98.68,189.3521,0.0167,0.0,100.0711,200.2148,48.9962,-16.5108,0.0,0.0001,1.8388,0.0004,6.5722,35.3758,8.0088,27.5678,36.4598
471.0,941.0,8.1282,37.1096,98.68,188.7238,0.0177,0.0,100.0663,200.2149,48.9962,-16.5108,0.0,0.0001,1.8376,-0.0006,6.5728,35.3845,8.0271,27.5719,36.4629
472.0,943.0,8.1232,37.1062,98.68,188.7692,0.018,0.0,100.0665,200.2149,48.9962,-16.5108,0.0,0.0001,1.8366,-0.0005,6.5747,35.385,8.0219,27.573,36.4643
473.0,945.0,8.1185,37.1024,98.68,188.9327,0.0188,0.0,100.0711,200.2149,48.9962,-16.5108,0.0,0.0001,1.8364,-0.0002,6.5765,35.3847,8.017,27.5736,36.465
474.0,947.0,8.1025,37.0886,98.68,188.987,0.018,0.0,100.0807,200.2149,48.9962,-16.5108,0.0,0.0001,1.8364,-0.0002,6.5778,35.3849,8.0008,27.5762,36.4684
475.0,949.0,8.0907,37.0781,98.68,189.4299,0.0191,0.0,100.0976,200.215,48.9962,-16.5108,0.0,0.0001,1.8364,0.0004,6.5794,35.3845,7.9888,27.5777,36.4704
476.0,951.0,8.0826,37.071,98.68,189.4308,0.0224,0.0,100.0642,200.215,48.9962,-16.5108,0.0,0.0001,1.8369,0.0001,6.5807,35.3844,7.9806,27.5788,36.4719
477.0,953.0,8.0727,37.0632,98.68,189.6631,0.0227,0.0,100.0736,200.215,48.9962,-16.5108,0.0,0.0001,1.8374,0.0002,6.5807,35.3849,7.9706,27.5808,36.4743
478.0,955.0,8.0686,37.0616,98.68,189.6495,0.0233,0.0,100.0639,200.215,48.9962,-16.5108,0.0,0.0001,1.8376,0.0002,6.5797,35.3864,7.9663,27.5826,36.4763
479.0,957.0,8.0716,37.0691,98.68,189.768,0.0206,0.0,100.1,200.215,48.9962,-16.5107,0.0,0.0001,1.8378,0.0002,6.5801,35.3905,7.969,27.5854,36.4789
480.0,959.0,8.0734,37.0764,98.68,189.5809,0.0209,0.0,100.0855,200.2151,48.9962,-16.5107,0.0,0.0001,1.8373,-0.0003,6.583,35.3956,7.9706,27.5892,36.4825
481.0,961.0,8.0603,37.0649,98.68,189.6505,0.0222,0.0,100.0708,200.2151,48.9962,-16.5108,0.0,0.0001,1.8369,-0.0004,6.5881,35.3954,7.9573,27.591,36.485
482.0,963.0,8.0375,37.0396,98.68,190.2336,0.0203,0.0,100.0711,200.2151,48.9962,-16.5107,0.0,0.0001,1.8373,0.0004,6.5899,35.3905,7.9344,27.5906,36.4857
483.0,965.0,8.0086,37.0103,98.68,190.476,0.0211,0.0,100.0842,200.2151,48.9962,-16.5107,0.0,0.0001,1.8384,0.0006,6.5909,35.3872,7.9055,27.5924,36.4888
484.0,967.0,7.9907,36.9924,98.68,190.5828,0.0219,0.0,100.0613,200.2152,48.9962,-16.5107,0.0,0.0001,1.8388,-0.0001,6.6026,35.3851,7.8876,27.5934,36.4907
485.0,969.0,7.9541,36.9529,98.68,190.6531,0.0244,0.0,100.0711,200.2152,48.9962,-16.5107,0.0,0.0001,1.8392,-0.0003,6.6075,35.3787,7.851,27.5939,36.4929
486.0,971.0,7.9277,36.9246,98.68,191.0402,0.0191,0.0,100.058,200.2152,48.9962,-16.5107,0.0,0.0001,1.8396,0.0005,6.6021,35.3741,7.8246,27.5942,36.4944
487.0,973.0,7.8782,36.8705,98.68,192.2395,0.0182,0.0,100.0739,200.2152,48.9962,-16.5107,0.0,0.0001,1.8423,0.0018,6.6088,35.3649,7.7752,27.5943,36.497
488.0,975.0,7.8785,36.8746,98.68,191.8596,0.0226,0.0,100.0618,200.2152,48.9962,-16.5107,0.0,0.0001,1.8434,0.0002,6.6171,35.368,7.7753,27.5968,36.4994
489.0,977.0,7.8388,36.8331,98.68,192.2555,0.0211,0.0,100.0711,200.2153,48.9962,-16.5107,0.0,0.0001,1.8437,0.0003,6.6256,35.3625,7.7356,27.5983,36.5028
490.0,979.0,7.7922,36.7832,98.68,192.8573,0.0208,0.0,100.0678,200.2153,48.9962,-16.5107,0.0,0.0001,1.8446,0.0007,6.6315,35.3548,7.6892,27.5991,36.5058
491.0,981.0,7.7549,36.744,98.68,193.4247,0.0199,0.0,100.0603,200.2153,48.9962,-16.5107,0.0,0.0001,1.8463,0.0007,6.644,35.3492,7.6519,27.6003,36.5088
492.0,983.0,7.7048,36.6886,98.68,193.8614,0.0171,0.0,100.0711,200.2153,48.9962,-16.5107,0.0,0.0001,1.8474,0.0005,6.6556,35.339,7.6019,27.5996,36.5105
493.0,985.0,7.6123,36.5926,98.68,194.6058,0.0171,0.0,100.0711,200.2154,48.9962,-16.5107,0.0,0.0001,1.85,0.0013,6.658,35.3279,7.5099,27.6043,36.5196
494.0,987.0,7.5738,36.5524,98.68,195.3256,0.0156,0.0,100.0681,200.2154,48.9962,-16.5107,0.0,0.0001,1.8525,0.0015,6.6637,35.3225,7.4715,27.6056,36.5228
495.0,989.0,7.5478,36.5261,98.68,195.2802,0.0233,0.0,100.0566,200.2154,48.9962,-16.5107,0.0,0.0001,1.8541,0.0004,6.6729,35.3195,7.4454,27.607,36.5254
496.0,991.0,7.4965,36.472,98.68,195.5901,0.022,0.0,100.0648,200.2154,48.9962,-16.5107,0.0,0.0001,1.8553,0.0006,6.6729,35.3119,7.3943,27.6085,36.5293
497.0,993.0,7.4711,36.4496,98.68,196.089,0.0193,0.0,100.0679,200.2155,48.9962,-16.5107,0.0,0.0001,1.8571,0.0011,6.668,35.3122,7.3689,27.6124,36.5344
498.0,995.0,7.5039,36.4916,98.68,196.3995,0.0167,0.0,100.0536,200.2155,48.9962,-16.5107,0.0,0.0001,1.8593,0.0011,6.6683,35.3233,7.4012,27.6165,36.5369
499.0,997.0,7.5138,36.5033,98.68,196.1727,0.0194,0.0,100.0711,200.2155,48.9962,-16.5107,0.0,0.0001,1.8596,0.0,6.6776,35.3253,7.4108,27.6167,36.5365
500.0,999.0,7.3945,36.3755,98.68,196.8124,0.0172,0.0,100.0894,200.2156,48.9962,-16.5107,0.0,0.0001,1.859,0.0,6.7021,35.3066,7.2922,27.619,36.5446
501.0,1001.0,7.3377,36.3117,98.68,197.0812,0.0179,0.0,100.0312,200.2156,48.9962,-16.5107,0.0,0.0001,1.8593,-0.0003,6.7178,35.2938,7.2356,27.617,36.5455
502.0,1003.0,7.1368,36.0927,98.68,199.174,0.0196,0.0,100.0805,200.2156,48.9962,-16.5107,0.0,0.0001,1.867,0.0019,6.7086,35.2577,7.036,27.6168,36.555
503.0,1005.0,7.2309,36.1994,98.68,198.5543,0.0176,0.0,100.0816,200.2157,48.9962,-16.5107,0.0,0.0001,1.8668,-0.0001,6.7237,35.2779,7.1292,27.6196,36.5532
504.0,1007.0,7.1205,36.0797,98.68,199.5164,0.0171,0.0,100.0886,200.2157,48.9962,-16.5107,0.0,0.0001,1.8698,0.0005,6.7282,35.2581,7.0194,27.6195,36.5585
505.0,1009.0,7.1357,36.0963,98.68,199.6134,0.0209,0.0,100.0769,200.2158,48.9962,-16.5107,0.0,0.0001,1.8707,0.0002,6.7312,35.2601,7.0343,27.619,36.5572
506.0,1011.0,7.0994,36.0603,98.68,199.923,0.0187,0.0,100.0419,200.2166,48.9961,-16.5106,0.0,0.0001,1.8737,-0.0003,6.7347,35.2563,6.9979,27.6211,36.5611
507.0,1013.0,7.0867,36.0471,98.68,200.2354,0.0196,0.0,100.0301,200.2169,48.9961,-16.5105,0.0,0.0001,1.8744,0.0001,6.735,35.2542,6.9853,27.6212,36.5619
