Datacycle,press,temp,cond,alt,oxygen,fluor,atten,trans,jday,lat,lon,PAR,UPAR,oxV,oxdVdt,oxysat,salin,potemp,sigma0,sigma2
1.0,1.0,15.5764,44.077,33.5071,254.059,1.3554,0.006,86.0981,200.7252,49.0224,-16.5151,0.0,0.0001,2.8137,0.0,5.6061,35.5328,15.5761,26.2542,34.8423
2.0,3.0,15.6253,44.127,72.6273,254.0078,1.3295,0.0056,86.8253,200.7253,49.0224,-16.5151,0.0,0.0001,2.8139,0.0,5.6034,35.5331,15.6249,26.2434,34.8298
3.0,5.0,15.7832,44.2884,98.71,254.0399,1.3574,0.0056,86.9049,200.7255,49.0224,-16.5151,0.0,0.0001,2.8164,0.0,5.5936,35.5353,15.7824,26.2093,34.7902
4.0,7.0,15.4401,43.9354,98.71,254.6011,1.3275,0.0056,87.0248,200.7256,49.0224,-16.5151,0.0,0.0001,2.8187,0.0006,5.5958,35.5257,15.439,26.2796,34.8727
5.0,9.0,15.6026,44.1047,98.71,255.2319,1.4316,0.006,86.0522,200.7256,49.0223,-16.5151,0.0,0.0001,2.8158,-0.0011,5.63,35.531,15.6012,26.2472,34.8344
6.0,11.0,15.2655,43.7665,98.71,256.6449,1.5655,0.0065,84.9579,200.7257,49.0223,-16.515,0.0,0.0001,2.8187,0.0008,5.649,35.529,15.2638,26.3213,34.9205
7.0,13.0,15.1258,43.6265,98.71,257.4095,1.6697,0.0066,84.7188,200.7258,49.0223,-16.515,0.0,0.0001,2.8217,0.0009,5.6573,35.5277,15.1238,26.3515,34.9558
8.0,15.0,15.072,43.5726,98.71,257.3031,1.779,0.0066,84.7266,200.7259,49.0223,-16.515,0.0,0.0001,2.8211,-0.0002,5.662,35.5266,15.0697,26.3627,34.9688
9.0,17.0,15.0416,43.5439,98.71,256.2838,1.9227,0.0065,84.976,200.7259,49.0223,-16.515,0.0,0.0001,2.8136,-0.0021,5.6654,35.5274,15.039,26.3701,34.9773
10.0,19.0,15.025,43.5281,98.71,255.0422,1.9218,0.0062,85.5219,200.726,49.0223,-16.515,0.0,0.0001,2.8026,-0.0028,5.6669,35.5272,15.0221,26.3737,34.9815
11.0,21.0,15.0158,43.5207,98.71,253.9536,1.8764,0.0058,86.5125,200.726,49.0223,-16.515,0.0,0.0001,2.7909,-0.0021,5.6678,35.5278,15.0126,26.3762,34.9844
12.0,23.0,15.0125,43.518,98.71,252.2818,1.8355,0.0056,86.9759,200.7261,49.0223,-16.515,0.0,0.0001,2.7792,-0.0042,5.6679,35.5277,15.009,26.377,34.9853
13.0,25.0,15.0073,43.5157,69.1911,252.7426,1.8124,0.0052,87.7761,200.7261,49.0223,-16.515,0.0,0.0001,2.7766,-0.0009,5.6685,35.5293,15.0035,26.3794,34.9879
14.0,27.0,15.0057,43.515,92.4923,251.251,1.7443,0.005,88.1892,200.7261,49.0223,-16.515,0.0,0.0001,2.7666,-0.0039,5.6701,35.5295,15.0017,26.38,34.9885
15.0,29.0,14.9946,43.5075,98.71,249.9591,1.55,0.0044,89.5328,200.7262,49.0223,-16.515,0.0,0.0001,2.757,-0.0046,5.6719,35.5318,14.9902,26.3843,34.9932
16.0,31.0,14.9749,43.494,75.4012,249.2855,1.4366,0.004,90.487,200.7262,49.0223,-16.515,0.0,0.0001,2.7487,-0.0035,5.6733,35.5367,14.9702,26.3925,35.0021
17.0,33.0,14.9388,43.4681,89.135,247.3791,1.2127,0.0034,91.8163,200.7262,49.0223,-16.515,0.0,0.0001,2.7288,-0.0068,5.6948,35.5452,14.9338,26.407,35.0178
18.0,35.0,14.7202,43.2881,88.945,240.7649,0.8408,0.002,94.9854,200.7263,49.0223,-16.515,0.0,0.0001,2.6886,-0.0151,5.6897,35.5786,14.715,26.4808,35.099
19.0,37.0,14.6614,43.2334,98.71,244.2768,0.6712,0.0018,95.6387,200.7263,49.0223,-16.515,0.0,0.0001,2.6844,-0.0014,5.7089,35.5815,14.6558,26.4959,35.1162
20.0,39.0,14.6758,43.2343,61.3435,240.3727,0.645,0.0017,95.7317,200.7263,49.0223,-16.515,0.0,0.0001,2.6575,-0.0102,5.7438,35.5684,14.67,26.4827,35.1027
21.0,41.0,14.3656,42.919,98.71,239.6816,0.5568,0.0015,96.2858,200.7264,49.0223,-16.515,0.0,0.0001,2.6408,-0.006,5.7486,35.5611,14.3596,26.5442,35.1756
22.0,43.0,14.239,42.806,88.3671,241.3486,0.4722,0.0014,96.6121,200.7264,49.0223,-16.515,0.0,0.0001,2.6426,-0.0003,5.7513,35.5718,14.2327,26.5797,35.2156
23.0,45.0,14.2811,42.8488,98.71,238.3963,0.4489,0.0013,96.7685,200.7264,49.0223,-16.515,0.0,0.0001,2.6262,-0.0069,5.7612,35.572,14.2745,26.5708,35.2052
24.0,47.0,14.1691,42.7503,5.3022,239.7752,0.4263,0.0012,96.9081,200.7265,49.0223,-16.515,0.0,0.0001,2.6257,-0.0012,5.7591,35.583,14.1623,26.6033,35.2417
25.0,49.0,14.1659,42.748,94.5576,239.6641,0.4178,0.0012,96.897,200.7265,49.0223,-16.515,0.0,0.0001,2.6199,-0.0026,5.7857,35.583,14.1588,26.6041,35.2426
26.0,51.0,13.8666,42.4734,98.71,236.9202,0.3738,0.001,97.5238,200.7265,49.0223,-16.515,0.0,0.0001,2.5989,-0.0066,5.804,35.6024,13.8592,26.6825,35.3318
27.0,53.0,13.806,42.4182,98.71,238.4862,0.3105,0.001,97.6628,200.7266,49.0223,-16.515,0.0,0.0001,2.5942,-0.0019,5.8301,35.6061,13.7984,26.6982,35.3496
28.0,55.0,13.5398,42.1753,98.71,235.2604,0.271,0.0008,98.0458,200.7266,49.0223,-16.515,0.0,0.0001,2.5693,-0.0094,5.8775,35.6245,13.5321,26.7679,35.429
29.0,57.0,13.1824,41.846,98.71,234.8886,0.1848,0.0005,98.734,200.7266,49.0223,-16.515,0.0,0.0001,2.5513,-0.0053,5.8956,35.6459,13.1745,26.8581,35.5325
30.0,59.0,13.0455,41.7218,98.71,234.7966,0.1478,0.0004,98.9811,200.7267,49.0222,-16.515,0.0,0.0001,2.5433,-0.0028,5.8996,35.6553,13.0373,26.8932,35.5727
31.0,61.0,12.925,41.616,98.71,234.9201,0.1276,0.0003,99.1335,200.7267,49.0222,-16.515,0.0,0.0001,2.5381,-0.0021,5.9161,35.6669,12.9167,26.9266,35.6105
32.0,63.0,12.8399,41.5381,98.71,234.014,0.1016,0.0002,99.3622,200.7267,49.0222,-16.515,0.0,0.0001,2.5287,-0.003,5.9245,35.6719,12.8314,26.9476,35.6348
33.0,65.0,12.7964,41.4989,98.71,234.6134,0.0892,0.0002,99.4964,200.7268,49.0222,-16.515,0.0,0.0001,2.5289,0.0001,5.9194,35.6743,12.7876,26.9583,35.6471
34.0,67.0,12.7879,41.4942,98.71,234.6012,0.0756,0.0002,99.5833,200.7268,49.0222,-16.515,0.0,0.0001,2.5269,-0.0009,5.9294,35.677,12.7788,26.9621,35.6512
35.0,69.0,12.7511,41.4621,98.71,234.8762,0.0708,0.0001,99.6889,200.7268,49.0222,-16.515,0.0,0.0001,2.5247,0.0003,5.9334,35.6798,12.7416,26.9718,35.6623
36.0,71.0,12.7401,41.4501,98.71,234.8539,0.0624,0.0001,99.7166,200.7269,49.0222,-16.515,0.0,0.0001,2.525,0.0001,5.9318,35.678,12.7304,26.9726,35.6635
37.0,73.0,12.7146,41.4242,98.71,234.9652,0.0537,0.0001,99.7851,200.7269,49.0222,-16.515,0.0,0.0001,2.5254,-0.0003,5.9365,35.6763,12.7046,26.9764,35.6684
38.0,75.0,12.6951,41.4029,98.71,233.8492,0.0575,0.0001,99.8277,200.7269,49.0222,-16.515,0.0,0.0001,2.5189,-0.0025,5.9407,35.6735,12.6849,26.9782,35.6709
39.0,77.0,12.6676,41.3746,98.71,234.5601,0.0478,0.0001,99.8765,200.727,49.0222,-16.515,0.0,0.0001,2.5187,0.0001,5.9407,35.6712,12.6572,26.9819,35.6758
40.0,79.0,12.6602,41.3672,98.71,234.9033,0.0488,0.0,99.8918,200.727,49.0222,-16.5149,0.0,0.0001,2.5195,0.0003,5.9447,35.6704,12.6495,26.9829,35.677
41.0,81.0,12.6431,41.3488,98.71,234.5741,0.0477,0.0,99.9303,200.727,49.0222,-16.515,0.0,0.0001,2.5179,-0.0006,5.9461,35.6679,12.6321,26.9843,35.6792
42.0,83.0,12.6325,41.3388,98.71,234.7722,0.0427,0.0,99.9478,200.7271,49.0222,-16.5149,0.0,0.0001,2.5178,-0.0001,5.9468,35.6673,12.6212,26.986,35.6813
43.0,85.0,12.6279,41.3344,98.71,234.3712,0.0438,0.0,99.959,200.7271,49.0222,-16.515,0.0,0.0001,2.515,-0.001,5.949,35.6666,12.6164,26.9865,35.6819
44.0,87.0,12.6159,41.3213,98.71,234.2687,0.0406,0.0,99.9673,200.7271,49.0222,-16.515,0.0,0.0001,2.5133,-0.0007,5.9484,35.6644,12.6042,26.9872,35.6832
45.0,89.0,12.5915,41.2946,98.71,234.5919,0.0395,0.0,99.9938,200.7272,49.0222,-16.5149,0.0,0.0001,2.5137,-0.0002,5.9517,35.6609,12.5795,26.9893,35.6863
46.0,91.0,12.5923,41.2975,98.71,233.8441,0.0429,0.0,100.0133,200.7272,49.0222,-16.515,0.0,0.0001,2.5089,-0.0019,5.9567,35.6624,12.5801,26.9904,35.6874
47.0,93.0,12.5505,41.2494,98.71,234.7938,0.0443,0.0,100.0195,200.7272,49.0222,-16.5149,0.0,0.0001,2.5107,0.001,5.9547,35.6545,12.538,26.9926,35.6913
48.0,95.0,12.5518,41.2515,98.71,234.4934,0.0414,0.0,100.038,200.7273,49.0222,-16.5149,0.0,0.0001,2.5098,-0.0004,5.9589,35.6544,12.539,26.9924,35.691
49.0,97.0,12.5287,41.2277,98.71,234.0111,0.0421,0.0,100.0422,200.7273,49.0222,-16.5149,0.0,0.0001,2.5061,-0.0012,5.9602,35.6522,12.5157,26.9953,35.6949
50.0,99.0,12.524,41.223,98.71,234.9183,0.0354,0.0,100.0422,200.7273,49.0222,-16.5149,0.0,0.0001,2.5082,0.0012,5.9593,35.6513,12.5106,26.9956,35.6954
51.0,101.0,12.5231,41.223,98.71,234.4283,0.0434,0.0,100.0581,200.7274,49.0222,-16.5149,0.0,0.0001,2.5071,-0.0007,5.9627,35.6514,12.5095,26.9959,35.6957
52.0,103.0,12.5016,41.1984,98.71,234.2551,0.0366,0.0,100.0615,200.7274,49.0222,-16.515,0.0,0.0001,2.5047,-0.0007,5.9634,35.647,12.4878,26.9967,35.6975
53.0,105.0,12.484,41.1804,98.71,234.656,0.0362,0.0,100.0691,200.7274,49.0221,-16.5149,0.0,0.0001,2.5056,0.0003,5.964,35.6454,12.4698,26.999,35.7005
54.0,107.0,12.4824,41.1783,98.71,233.782,0.0383,0.0,100.0807,200.7275,49.0221,-16.515,0.0,0.0001,2.5012,-0.0019,5.9677,35.6442,12.4681,26.9984,35.7
55.0,109.0,12.4577,41.1524,98.71,234.3359,0.0393,0.0,100.0592,200.7275,49.0221,-16.515,0.0,0.0001,2.5017,0.0001,5.9661,35.6414,12.443,27.0012,35.7037
56.0,111.0,12.4644,41.1608,98.71,234.0509,0.0349,0.0,100.0826,200.7277,49.0221,-16.515,0.0,0.0001,2.499,-0.0003,5.9688,35.6425,12.4495,27.0008,35.7031
57.0,113.0,12.4325,41.1254,98.7079,233.7404,0.036,0.0,100.114,200.7278,49.0221,-16.515,0.0,0.0001,2.4949,-0.0004,5.973,35.6376,12.4173,27.0033,35.7069
58.0,115.0,12.4263,41.1193,98.709,233.5361,0.0345,0.0,100.1,200.7279,49.0221,-16.515,0.0,0.0001,2.4925,-0.0004,5.9733,35.6368,12.411,27.0039,35.7078
59.0,117.0,12.4143,41.1065,98.71,233.4285,0.0322,0.0,100.0928,200.7279,49.0221,-16.515,0.0,0.0001,2.491,-0.0008,5.9769,35.635,12.3986,27.005,35.7094
60.0,119.0,12.3887,41.0782,98.71,232.1166,0.0349,0.0,100.0979,200.728,49.0221,-16.515,0.0,0.0001,2.4828,-0.0028,5.9807,35.6311,12.3729,27.007,35.7124
61.0,121.0,12.3634,41.0507,98.71,232.9013,0.0356,0.0,100.0906,200.728,49.0221,-16.515,0.0,0.0001,2.4827,0.0,5.981,35.6274,12.3472,27.0091,35.7156
62.0,123.0,12.364,41.0521,98.71,232.2883,0.0341,0.0,100.099,200.728,49.0221,-16.515,0.0,0.0001,2.479,-0.0012,5.9824,35.6275,12.3476,27.0092,35.7156
63.0,125.0,12.3574,41.0458,98.7025,232.7663,0.0306,0.0,100.0711,200.7281,49.022,-16.515,0.0,0.0001,2.479,0.0003,5.9832,35.6267,12.3407,27.0099,35.7166
64.0,127.0,12.3487,41.0371,98.71,232.4338,0.0361,0.0,100.1098,200.7281,49.022,-16.515,0.0,0.0001,2.4775,-0.0006,5.9841,35.6257,12.3317,27.0108,35.7179
65.0,129.0,12.3407,41.0302,98.71,232.4456,0.0368,0.0,100.0956,200.7281,49.022,-16.515,0.0,0.0001,2.4761,-0.0004,5.9863,35.6257,12.3235,27.0125,35.7199
66.0,131.0,12.3256,41.0136,98.71,232.2399,0.0354,0.0,100.1003,200.7282,49.022,-16.515,0.0,0.0001,2.4741,-0.0005,5.9857,35.6228,12.3081,27.0133,35.7213
67.0,133.0,12.3234,41.0123,98.71,232.9657,0.0298,0.0,100.0735,200.7282,49.022,-16.515,0.0,0.0001,2.4765,0.0009,5.9866,35.6228,12.3056,27.0137,35.7219
68.0,135.0,12.3175,41.0064,98.71,232.6132,0.0323,0.0,100.0814,200.7282,49.022,-16.5151,0.0,0.0001,2.4753,-0.0006,5.9902,35.6219,12.2996,27.0142,35.7226
69.0,137.0,12.295,40.9821,98.71,232.3287,0.0296,0.0,100.0966,200.7283,49.0219,-16.515,0.0,0.0001,2.4725,-0.0008,5.9905,35.6187,12.2768,27.0162,35.7255
70.0,139.0,12.2941,40.9823,98.71,232.7899,0.0296,0.0,100.0788,200.7283,49.0219,-16.515,0.0,0.0001,2.4737,0.0004,5.9899,35.619,12.2757,27.0166,35.726
71.0,141.0,12.2923,40.9811,98.71,232.8701,0.0313,0.0,100.0786,200.7283,49.0219,-16.5151,0.0,0.0001,2.4744,0.0001,5.9912,35.6187,12.2736,27.0168,35.7263
72.0,143.0,12.289,40.9789,98.71,232.6307,0.0273,0.0,100.0855,200.7284,49.0219,-16.5151,0.0,0.0001,2.4725,-0.0004,5.9915,35.6187,12.27,27.0175,35.7271
73.0,145.0,12.2866,40.9771,98.695,232.7287,0.0298,0.0,100.0711,200.7284,49.0219,-16.5151,0.0,0.0001,2.472,-0.0004,5.9944,35.6183,12.2673,27.0177,35.7274
74.0,147.0,12.261,40.9485,98.71,232.0526,0.0302,0.0,100.0711,200.7285,49.0219,-16.5151,0.0,0.0001,2.4673,-0.0015,5.997,35.6141,12.2414,27.0195,35.7303
75.0,149.0,12.2445,40.9313,98.71,232.6507,0.0286,0.0,100.067,200.7285,49.0219,-16.5151,0.0,0.0001,2.4681,0.0004,5.9964,35.612,12.2246,27.0212,35.7327
76.0,151.0,12.2497,40.9399,98.68,233.651,0.03,0.0,100.0711,200.7285,49.0219,-16.5151,0.0,0.0001,2.4726,0.0019,5.9964,35.6147,12.2296,27.0222,35.7335
77.0,153.0,12.2541,40.9463,98.71,234.1582,0.0323,0.0,100.0842,200.7286,49.0219,-16.5151,0.0,0.0001,2.4769,0.0013,5.999,35.616,12.2338,27.0225,35.7336
78.0,155.0,12.2241,40.9135,98.7062,233.9995,0.0318,0.0,100.0711,200.7286,49.0219,-16.5151,0.0,0.0001,2.4777,0.0001,5.9998,35.6116,12.2035,27.025,35.7373
79.0,157.0,12.2175,40.9067,98.71,234.0385,0.0303,0.0,100.0653,200.7286,49.0219,-16.5151,0.0,0.0001,2.477,0.0,6.0024,35.6105,12.1966,27.0254,35.738
80.0,159.0,12.2055,40.8937,98.71,234.2893,0.0287,0.0,100.0605,200.7287,49.0219,-16.5151,0.0,0.0001,2.478,0.0002,6.0033,35.6084,12.1845,27.0262,35.7393
81.0,161.0,12.1974,40.8853,98.71,234.9238,0.0309,0.0,100.0679,200.7287,49.0219,-16.5151,0.0,0.0001,2.4807,0.0012,6.0034,35.607,12.1761,27.0267,35.7402
82.0,163.0,12.1935,40.8817,98.71,234.5372,0.0312,0.0,100.0628,200.7287,49.0219,-16.5151,0.0,0.0001,2.4803,-0.0006,6.0063,35.6063,12.1719,27.027,35.7406
83.0,165.0,12.1729,40.8585,98.7075,234.2503,0.0311,0.0,100.0573,200.7288,49.0219,-16.5151,0.0,0.0001,2.4779,-0.0007,6.0053,35.6024,12.1511,27.028,35.7425
84.0,167.0,12.1418,40.8245,98.705,234.7859,0.0284,0.0,100.0608,200.7288,49.0219,-16.5151,0.0,0.0001,2.4784,-0.0001,6.0129,35.598,12.1197,27.0307,35.7465
85.0,169.0,12.1272,40.8066,98.71,234.5129,0.0315,0.0,100.0488,200.7288,49.0219,-16.5151,0.0,0.0001,2.4757,-0.0008,6.017,35.5938,12.1049,27.0303,35.7467
86.0,171.0,12.08,40.7544,98.695,235.6822,0.0272,0.0,100.0297,200.7289,49.0218,-16.5151,0.0,0.0001,2.4799,0.0016,6.0172,35.5868,12.0574,27.034,35.7524
87.0,173.0,12.0848,40.7604,98.71,235.1428,0.0295,0.0,100.0297,200.7289,49.0218,-16.5151,0.0,0.0001,2.4781,-0.0007,6.0248,35.5873,12.0621,27.0335,35.7517
88.0,175.0,12.0313,40.7007,98.7062,235.6585,0.032,0.0,100.027,200.7289,49.0218,-16.5151,0.0,0.0001,2.4786,0.0005,6.0251,35.5789,12.0083,27.0373,35.7578
89.0,177.0,12.0126,40.6796,98.7025,236.0515,0.0317,0.0,100.0189,200.729,49.0218,-16.5151,0.0,0.0001,2.4809,0.0007,6.027,35.5751,11.9894,27.0381,35.7593
90.0,179.0,12.0243,40.6949,98.71,235.3841,0.0298,0.0,100.0134,200.729,49.0218,-16.5151,0.0,0.0001,2.4777,-0.0015,6.0333,35.5784,12.0008,27.0384,35.7591
91.0,181.0,11.9693,40.6307,98.71,236.4188,0.03,0.0,100.0133,200.729,49.0218,-16.5151,0.0,0.0001,2.4795,0.0014,6.0325,35.5671,11.9456,27.0402,35.7633
92.0,183.0,11.9663,40.6293,98.71,236.784,0.03,0.0,100.0047,200.7291,49.0218,-16.5151,0.0,0.0001,2.4834,0.001,6.0329,35.5677,11.9424,27.0413,35.7645
93.0,185.0,11.9666,40.6311,98.71,236.1577,0.0253,0.0,100.0255,200.7291,49.0218,-16.5151,0.0,0.0001,2.4813,-0.0011,6.0362,35.5685,11.9425,27.0419,35.7651
94.0,187.0,11.9521,40.6169,98.695,236.4706,0.0244,0.0,100.0339,200.7291,49.0218,-16.5151,0.0,0.0001,2.4815,0.0,6.0348,35.5673,11.9276,27.0439,35.7676
95.0,189.0,11.9566,40.6248,98.68,236.0987,0.0235,0.0,100.0399,200.7292,49.0218,-16.5151,0.0,0.0001,2.4795,-0.0009,6.0361,35.5698,11.9319,27.045,35.7686
96.0,191.0,11.9515,40.6212,98.71,235.4505,0.0293,0.0,100.047,200.7292,49.0218,-16.5151,0.0,0.0001,2.4754,-0.0015,6.0369,35.5704,11.9265,27.0465,35.7702
97.0,193.0,11.9366,40.6068,98.7017,235.6896,0.0264,0.0,100.0441,200.7292,49.0218,-16.5151,0.0,0.0001,2.4729,-0.0004,6.0386,35.5694,11.9113,27.0486,35.773
98.0,195.0,11.9332,40.6023,98.71,236.0252,0.0213,0.0,100.0629,200.7293,49.0218,-16.5151,0.0,0.0001,2.4724,0.0002,6.0416,35.5674,11.9077,27.0478,35.7723
99.0,197.0,11.9082,40.5761,98.71,236.1976,0.027,0.0,100.0638,200.7293,49.0218,-16.5151,0.0,0.0001,2.475,0.0003,6.0407,35.5646,11.8825,27.0504,35.776
100.0,199.0,11.9046,40.5729,98.71,236.3151,0.0261,0.0,100.052,200.7294,49.0218,-16.5151,0.0,0.0001,2.4751,-0.0001,6.0425,35.5641,11.8787,27.0507,35.7765
101.0,201.0,11.9003,40.5687,98.71,235.3933,0.0261,0.0,100.0616,200.7294,49.0218,-16.5151,0.0,0.0001,2.4707,-0.0016,6.0423,35.5635,11.874,27.0511,35.7771
102.0,203.0,11.8973,40.5677,98.71,235.9113,0.0252,0.0,100.0568,200.7294,49.0218,-16.5151,0.0,0.0001,2.471,-0.0001,6.0429,35.5642,11.8708,27.0523,35.7784
103.0,205.0,11.8997,40.5709,98.71,234.7733,0.0248,0.0,100.0457,200.7295,49.0218,-16.5151,0.0,0.0001,2.4657,-0.0023,6.042,35.5644,11.8729,27.0521,35.7781
104.0,207.0,11.9039,40.5799,98.71,234.9626,0.0254,0.0,100.0422,200.7295,49.0218,-16.5151,0.0,0.0001,2.4638,-0.0008,6.041,35.5681,11.8769,27.0542,35.78
105.0,209.0,11.9152,40.5964,98.71,234.6905,0.0254,0.0,100.0422,200.7295,49.0218,-16.5151,0.0,0.0001,2.4604,-0.0007,6.0415,35.5727,11.8878,27.0556,35.7809
106.0,211.0,11.9114,40.5931,98.7025,233.5254,0.0231,0.0,100.0342,200.7296,49.0218,-16.5151,0.0,0.0001,2.4555,-0.0028,6.0438,35.5723,11.8839,27.0561,35.7815
107.0,213.0,11.8925,40.5729,98.71,233.562,0.023,0.0,100.0314,200.7296,49.0218,-16.5151,0.0,0.0001,2.4517,-0.0014,6.0441,35.5696,11.8647,27.0577,35.7839
108.0,215.0,11.8856,40.5676,98.71,233.4567,0.0221,0.0,100.0095,200.7296,49.0218,-16.5151,0.0,0.0001,2.448,-0.0008,6.0449,35.5701,11.8575,27.0594,35.7859
109.0,217.0,11.8804,40.5641,98.695,233.1627,0.0207,0.0,100.0133,200.7297,49.0218,-16.5151,0.0,0.0001,2.4458,-0.001,6.0454,35.5707,11.8521,27.0609,35.7877
110.0,219.0,11.8774,40.5632,98.7025,232.8378,0.0219,0.0,100.0107,200.7297,49.0217,-16.5151,0.0,0.0001,2.442,-0.001,6.0453,35.5717,11.8488,27.0624,35.7892
111.0,221.0,11.8742,40.5609,98.71,232.9623,0.0199,0.0,100.0063,200.7297,49.0217,-16.5151,0.0,0.0001,2.4415,-0.0003,6.0458,35.5716,11.8454,27.063,35.7899
112.0,223.0,11.8735,40.5612,98.705,232.8501,0.023,0.0,100.0133,200.7298,49.0217,-16.5151,0.0,0.0001,2.4406,-0.0006,6.0464,35.572,11.8444,27.0634,35.7904
113.0,225.0,11.869,40.558,98.7,232.2569,0.019,0.0,100.0133,200.7298,49.0217,-16.5151,0.0,0.0001,2.4363,-0.0014,6.048,35.5722,11.8397,27.0645,35.7917
114.0,227.0,11.8522,40.5406,98.695,232.7908,0.022,0.0,99.9886,200.7298,49.0217,-16.5151,0.0,0.0001,2.4354,0.0002,6.0507,35.5702,11.8226,27.0661,35.794
115.0,229.0,11.8347,40.5202,98.7,233.2123,0.0281,0.0,99.9589,200.7299,49.0217,-16.5152,0.0,0.0001,2.4382,0.0004,6.054,35.5662,11.8049,27.0664,35.7951
116.0,231.0,11.8111,40.4939,98.705,233.4677,0.0257,0.0,99.9556,200.7299,49.0217,-16.5152,0.0,0.0001,2.4381,0.0002,6.0614,35.5619,11.7811,27.0676,35.7973
117.0,233.0,11.7494,40.4197,98.71,235.3391,0.0261,0.0,99.9086,200.7299,49.0217,-16.5152,0.0,0.0001,2.444,0.0029,6.0686,35.5472,11.7191,27.0679,35.8003
118.0,235.0,11.7009,40.3657,98.7,236.94,0.0286,0.0001,99.867,200.73,49.0217,-16.5152,0.0,0.0001,2.455,0.0033,6.0718,35.5395,11.6705,27.0712,35.8056
119.0,237.0,11.6805,40.3428,98.68,237.617,0.03,0.0001,99.869,200.73,49.0217,-16.5152,0.0,0.0001,2.4617,0.0022,6.0762,35.5356,11.6499,27.0721,35.8073
120.0,239.0,11.6404,40.298,98.71,238.4834,0.0336,0.0001,99.8359,200.73,49.0217,-16.5152,0.0,0.0001,2.4683,0.0019,6.0792,35.529,11.6095,27.0745,35.8115
121.0,241.0,11.6271,40.2847,98.71,237.9157,0.0335,0.0001,99.8376,200.7301,49.0217,-16.5152,0.0,0.0001,2.4683,-0.0002,6.0797,35.5278,11.596,27.0762,35.8137
122.0,243.0,11.6228,40.2819,98.71,237.9953,0.0318,0.0001,99.8401,200.7301,49.0217,-16.5152,0.0,0.0001,2.4686,-0.0001,6.0805,35.5282,11.5915,27.0773,35.815
123.0,245.0,11.6168,40.277,98.71,237.5892,0.0324,0.0001,99.8422,200.7301,49.0217,-16.5152,0.0,0.0001,2.4657,-0.0009,6.0804,35.5282,11.5852,27.0785,35.8165
124.0,247.0,11.6117,40.2735,98.71,237.6514,0.03,0.0001,99.8242,200.7302,49.0217,-16.5152,0.0,0.0001,2.4643,-0.0002,6.0812,35.5285,11.5799,27.0798,35.8179
125.0,249.0,11.6147,40.2766,98.71,237.7932,0.0341,0.0001,99.8291,200.7302,49.0217,-16.5152,0.0,0.0001,2.4642,-0.0003,6.0835,35.5283,11.5827,27.0791,35.8171
126.0,251.0,11.594,40.2586,98.71,238.3185,0.032,0.0001,99.8329,200.7302,49.0216,-16.5152,0.0,0.0001,2.4654,0.0009,6.0832,35.5293,11.5618,27.0838,35.8227
127.0,253.0,11.5894,40.2542,98.71,238.0596,0.0305,0.0001,99.8401,200.7303,49.0216,-16.5152,0.0,0.0001,2.4651,-0.0001,6.0842,35.5284,11.5569,27.084,35.8231
128.0,255.0,11.5902,40.2573,98.71,239.197,0.0283,0.0001,99.8331,200.7303,49.0216,-16.5152,0.0,0.0001,2.4687,0.0017,6.0852,35.5299,11.5574,27.085,35.8241
129.0,257.0,11.5812,40.2498,98.695,239.7789,0.0301,0.0001,99.8112,200.7303,49.0216,-16.5152,0.0,0.0001,2.4725,0.0017,6.0851,35.5302,11.5482,27.087,35.8264
130.0,259.0,11.5814,40.2506,98.71,239.6237,0.037,0.0001,99.8091,200.7304,49.0216,-16.5152,0.0,0.0001,2.475,0.0003,6.0851,35.53,11.5482,27.0869,35.8263
131.0,261.0,11.5814,40.2517,98.71,239.7218,0.0358,0.0001,99.8112,200.7304,49.0216,-16.5152,0.0,0.0001,2.4752,0.0001,6.0872,35.5301,11.5478,27.0871,35.8265
132.0,263.0,11.5692,40.2393,98.71,239.9777,0.0343,0.0001,99.8185,200.7304,49.0216,-16.5152,0.0,0.0001,2.4762,0.0005,6.0866,35.5288,11.5354,27.0883,35.8283
133.0,265.0,11.5572,40.2274,98.71,239.4861,0.0301,0.0001,99.8341,200.7305,49.0216,-16.5152,0.0,0.0001,2.4747,-0.001,6.0886,35.5277,11.5232,27.0898,35.8302
134.0,267.0,11.5543,40.2277,98.71,237.8308,0.0283,0.0001,99.881,200.7305,49.0216,-16.5152,0.0,0.0001,2.4669,-0.0032,6.0878,35.5298,11.52,27.092,35.8325
135.0,269.0,11.5645,40.2413,98.71,237.9101,0.0289,0.0,99.9134,200.7306,49.0216,-16.5152,0.0,0.0001,2.4628,-0.0015,6.0849,35.5325,11.5299,27.0922,35.8323
136.0,271.0,11.5858,40.2688,98.71,235.9255,0.0258,0.0,99.9267,200.7306,49.0216,-16.5152,0.0,0.0001,2.4532,-0.0037,6.0777,35.5383,11.551,27.0928,35.832
137.0,273.0,11.635,40.3306,98.71,234.3224,0.0225,0.0,99.9648,200.7306,49.0216,-16.5152,0.0,0.0001,2.4426,-0.0044,6.0719,35.5513,11.5998,27.0937,35.8308
138.0,275.0,11.6786,40.3871,98.7067,232.648,0.0238,0.0,100.0076,200.7307,49.0215,-16.5153,0.0,0.0001,2.4271,-0.0035,6.0715,35.5642,11.643,27.0956,35.8308
139.0,277.0,11.6799,40.3894,98.71,233.2967,0.0212,0.0,99.995,200.7307,49.0215,-16.5153,0.0,0.0001,2.4237,-0.0007,6.0712,35.5645,11.644,27.0956,35.8307
140.0,279.0,11.6801,40.3911,98.71,233.5667,0.0242,0.0,99.9681,200.7307,49.0215,-16.5153,0.0,0.0001,2.4253,0.0002,6.0681,35.5649,11.6439,27.096,35.8311
141.0,281.0,11.7075,40.4277,98.71,232.8742,0.0219,0.0,99.9666,200.7308,49.0215,-16.5153,0.0,0.0001,2.4227,-0.0013,6.0687,35.5737,11.6711,27.0977,35.8316
142.0,283.0,11.7033,40.4234,98.7025,232.9758,0.023,0.0,99.9618,200.7308,49.0215,-16.5153,0.0,0.0001,2.4201,-0.0009,6.0751,35.5728,11.6666,27.0978,35.8319
143.0,285.0,11.6422,40.3541,98.71,234.5144,0.0247,0.0,99.9354,200.7308,49.0215,-16.5153,0.0,0.0001,2.4223,0.002,6.0834,35.5622,11.6054,27.1012,35.8378
144.0,287.0,11.5793,40.2773,98.71,236.2342,0.0246,0.0,99.9259,200.7309,49.0215,-16.5153,0.0,0.0001,2.4315,0.0035,6.0884,35.5459,11.5424,27.1003,35.8397
145.0,289.0,11.5459,40.2385,98.7069,237.9581,0.0269,0.0,99.9014,200.7309,49.0215,-16.5153,0.0,0.0001,2.4439,0.0034,6.0928,35.5388,11.5087,27.1011,35.842
146.0,291.0,11.5138,40.2017,98.7032,238.2938,0.0276,0.0,99.9014,200.7309,49.0215,-16.5153,0.0,0.0001,2.4505,0.0019,6.0911,35.5322,11.4764,27.1021,35.8443
147.0,293.0,11.5017,40.1903,98.71,238.1404,0.0279,0.0,99.8918,200.731,49.0215,-16.5153,0.0,0.0001,2.4523,0.0,6.0954,35.5315,11.4641,27.1038,35.8466
148.0,295.0,11.5091,40.1984,98.7025,239.5862,0.0291,0.0001,99.8539,200.731,49.0215,-16.5153,0.0,0.0001,2.4572,0.0026,6.0962,35.5316,11.4713,27.1026,35.8451
149.0,297.0,11.4941,40.1864,98.71,238.2289,0.0291,0.0,99.8978,200.731,49.0215,-16.5153,0.0,0.0001,2.4554,-0.0013,6.0942,35.5333,11.456,27.1067,35.8498
150.0,299.0,11.5112,40.2102,98.71,237.8001,0.0387,0.0,99.8999,200.7311,49.0215,-16.5153,0.0,0.0001,2.4523,-0.0012,6.0915,35.5395,11.4728,27.1084,35.8507
151.0,301.0,11.5351,40.2426,98.71,237.0979,0.0247,0.0,99.8962,200.7311,49.0215,-16.5153,0.0,0.0001,2.4466,-0.0014,6.0916,35.5476,11.4964,27.1103,35.8516
152.0,303.0,11.5379,40.2473,98.71,236.2634,0.0258,0.0,99.907,200.7312,49.0214,-16.5153,0.0,0.0001,2.4421,-0.0021,6.0874,35.5488,11.4989,27.1108,35.8519
153.0,305.0,11.5622,40.2814,98.695,234.0485,0.0267,0.0,99.9065,200.7312,49.0214,-16.5153,0.0,0.0001,2.432,-0.0053,6.0874,35.5582,11.5229,27.1136,35.8536
154.0,307.0,11.563,40.2826,98.71,234.0536,0.0228,0.0,99.935,200.7312,49.0214,-16.5153,0.0,0.0001,2.4256,-0.0031,6.0878,35.558,11.5235,27.1133,35.8533
155.0,309.0,11.5498,40.2682,98.71,231.7193,0.0197,0.0,99.954,200.7312,49.0214,-16.5154,0.0,0.0001,2.4097,-0.0047,6.0889,35.5555,11.51,27.1139,35.8545
156.0,311.0,11.5422,40.2611,98.71,231.6841,0.0211,0.0,99.9636,200.7313,49.0214,-16.5154,0.0,0.0001,2.4019,-0.0024,6.0921,35.5549,11.5022,27.1149,35.8558
157.0,313.0,11.524,40.2412,98.71,231.1609,0.0204,0.0,99.9776,200.7313,49.0214,-16.5154,0.0,0.0001,2.3971,-0.0021,6.0917,35.5518,11.4838,27.1159,35.8576
158.0,315.0,11.5186,40.2366,98.6993,231.8494,0.0219,0.0,99.9725,200.7313,49.0214,-16.5154,0.0,0.0001,2.397,0.0,6.0912,35.5514,11.4781,27.1167,35.8586
159.0,317.0,11.5279,40.2494,98.7037,232.3211,0.0245,0.0,99.9657,200.7314,49.0214,-16.5154,0.0,0.0001,2.3984,0.0008,6.0889,35.5545,11.4872,27.1174,35.8589
160.0,319.0,11.5475,40.2766,98.71,234.6693,0.0241,0.0,99.9471,200.7314,49.0214,-16.5154,0.0,0.0001,2.4073,0.0047,6.0901,35.5615,11.5065,27.1193,35.8599
161.0,321.0,11.5405,40.2691,98.7041,233.7246,0.0208,0.0,99.9308,200.7315,49.0214,-16.5154,0.0,0.0001,2.4094,0.0006,6.0897,35.5598,11.4993,27.1193,35.8602
162.0,323.0,11.5372,40.2675,98.7,233.7795,0.0221,0.0,99.94,200.7315,49.0214,-16.5154,0.0,0.0001,2.4107,0.0,6.0898,35.5605,11.4956,27.1205,35.8615
163.0,325.0,11.5353,40.2661,98.695,233.8828,0.0208,0.0,99.9344,200.7315,49.0214,-16.5154,0.0,0.0001,2.4108,0.0,6.0916,35.5601,11.4934,27.1206,35.8618
164.0,327.0,11.5285,40.2583,98.7025,233.6285,0.0205,0.0,99.9298,200.7316,49.0214,-16.5154,0.0,0.0001,2.4096,-0.0007,6.0933,35.5581,11.4865,27.1203,35.8618
165.0,329.0,11.5118,40.2413,98.6984,233.6342,0.0234,0.0,99.9368,200.7316,49.0213,-16.5154,0.0,0.0001,2.4078,-0.0004,6.0918,35.5565,11.4695,27.1222,35.8644
166.0,331.0,11.5107,40.2414,98.7069,233.7635,0.0209,0.0,99.9302,200.7316,49.0213,-16.5154,0.0,0.0001,2.408,-0.0002,6.0941,35.5566,11.4682,27.1226,35.8649
167.0,333.0,11.5009,40.2314,98.704,233.7545,0.0224,0.0,99.9305,200.7317,49.0213,-16.5154,0.0,0.0001,2.4078,-0.0002,6.0952,35.5552,11.4581,27.1234,35.8661
168.0,335.0,11.4966,40.2282,98.71,234.4111,0.0241,0.0,99.9297,200.7317,49.0213,-16.5154,0.0,0.0001,2.409,0.0011,6.0956,35.5555,11.4536,27.1244,35.8673
169.0,337.0,11.4913,40.2238,98.705,234.2284,0.0192,0.0,99.9275,200.7317,49.0213,-16.5154,0.0,0.0001,2.4101,0.0001,6.0963,35.5553,11.448,27.1254,35.8685
170.0,339.0,11.4875,40.2213,98.71,234.4298,0.021,0.0,99.9267,200.7318,49.0213,-16.5154,0.0,0.0001,2.4103,0.0001,6.0967,35.5556,11.444,27.1264,35.8696
171.0,341.0,11.4851,40.2196,98.68,234.4644,0.0217,0.0,99.9339,200.7318,49.0213,-16.5154,0.0,0.0001,2.4105,0.0,6.0965,35.5554,11.4414,27.1267,35.87
172.0,343.0,11.4863,40.2226,98.6875,234.7316,0.0213,0.0,99.9267,200.7318,49.0213,-16.5154,0.0,0.0001,2.4114,0.0003,6.0968,35.5563,11.4423,27.1272,35.8705
173.0,345.0,11.483,40.2202,98.71,234.0671,0.0226,0.0,99.9276,200.7319,49.0213,-16.5154,0.0,0.0001,2.4086,-0.0011,6.098,35.5562,11.4387,27.1278,35.8712
174.0,347.0,11.474,40.2102,98.7047,233.565,0.0213,0.0,99.9118,200.7319,49.0213,-16.5154,0.0,0.0001,2.4048,-0.0016,6.1006,35.554,11.4294,27.1278,35.8717
175.0,349.0,11.4516,40.1842,98.6875,233.5212,0.0206,0.0,99.9207,200.7319,49.0213,-16.5154,0.0,0.0001,2.4017,-0.0008,6.1005,35.5489,11.4068,27.1281,35.8729
176.0,351.0,11.4388,40.1699,98.71,233.8158,0.0195,0.0,99.8983,200.732,49.0213,-16.5154,0.0,0.0001,2.4009,-0.0005,6.1081,35.5463,11.3939,27.1285,35.8738
177.0,353.0,11.3889,40.1123,98.71,234.1979,0.022,0.0,99.9079,200.732,49.0213,-16.5154,0.0,0.0001,2.3993,0.0002,6.113,35.5363,11.3439,27.13,35.8775
178.0,355.0,11.3622,40.0818,98.695,234.1106,0.02,0.0,99.9082,200.732,49.0213,-16.5154,0.0,0.0001,2.4,-0.0001,6.113,35.5307,11.317,27.1306,35.8793
179.0,357.0,11.3673,40.088,98.7032,233.5513,0.0217,0.0,99.9107,200.7321,49.0213,-16.5154,0.0,0.0001,2.3968,-0.0012,6.1173,35.5312,11.3218,27.1301,35.8786
180.0,359.0,11.3352,40.0516,98.7,233.0809,0.0204,0.0,99.9189,200.7321,49.0212,-16.5154,0.0,0.0001,2.3932,-0.0014,6.1164,35.5249,11.2895,27.1312,35.8811
181.0,361.0,11.3192,40.0356,98.694,233.5894,0.0223,0.0,99.8974,200.7321,49.0212,-16.5154,0.0,0.0001,2.3936,-0.0003,6.1186,35.5236,11.2733,27.1332,35.8838
182.0,363.0,11.316,40.0331,98.6995,234.3905,0.0237,0.0,99.9098,200.7322,49.0212,-16.5154,0.0,0.0001,2.3948,0.0013,6.1181,35.5233,11.2698,27.1336,35.8843
183.0,365.0,11.3156,40.0352,98.705,234.9753,0.0259,0.0,99.9117,200.7322,49.0212,-16.5154,0.0,0.0001,2.3983,0.0017,6.1196,35.5248,11.2692,27.1349,35.8856
184.0,367.0,11.3185,40.0393,98.6933,235.5205,0.0227,0.0,99.9099,200.7322,49.0212,-16.5155,0.0,0.0001,2.4025,0.0015,6.1205,35.5253,11.2718,27.1348,35.8854
185.0,369.0,11.3126,40.0347,98.71,234.6823,0.0225,0.0,99.9036,200.7323,49.0212,-16.5154,0.0,0.0001,2.3997,-0.0013,6.1225,35.5256,11.2657,27.1362,35.887
186.0,371.0,11.2977,40.0187,98.6978,233.9439,0.0201,0.0,99.9159,200.7323,49.0212,-16.5155,0.0,0.0001,2.397,-0.002,6.1234,35.5232,11.2505,27.1371,35.8886
187.0,373.0,11.2898,40.0105,98.705,233.1019,0.019,0.0,99.9188,200.7323,49.0212,-16.5155,0.0,0.0001,2.39,-0.0019,6.1236,35.5216,11.2424,27.1374,35.8892
188.0,375.0,11.2876,40.0091,98.7066,232.7586,0.0189,0.0,99.9144,200.7324,49.0212,-16.5155,0.0,0.0001,2.3849,-0.0016,6.1246,35.5215,11.24,27.1377,35.8897
189.0,377.0,11.2819,40.0039,98.71,231.9724,0.0183,0.0,99.9175,200.7324,49.0212,-16.5155,0.0,0.0001,2.3806,-0.0025,6.1241,35.521,11.234,27.1384,35.8906
190.0,379.0,11.2827,40.0058,98.6869,232.4098,0.0214,0.0,99.9114,200.7324,49.0212,-16.5155,0.0,0.0001,2.3794,-0.0006,6.1243,35.5212,11.2345,27.1385,35.8907
191.0,381.0,11.2846,40.0095,98.7044,232.7185,0.0211,0.0,99.9246,200.7325,49.0212,-16.5155,0.0,0.0001,2.3787,0.0002,6.1248,35.5223,11.2361,27.139,35.8911
192.0,383.0,11.2802,40.0064,98.6992,233.4836,0.0221,0.0,99.9142,200.7325,49.0212,-16.5155,0.0,0.0001,2.3817,0.0011,6.1248,35.5223,11.2315,27.14,35.8922
193.0,385.0,11.2794,40.0065,98.7062,233.0095,0.0193,0.0,99.9023,200.7326,49.0212,-16.5155,0.0,0.0001,2.3815,-0.0004,6.1252,35.5223,11.2304,27.1401,35.8925
194.0,387.0,11.2768,40.0049,98.685,232.1613,0.0204,0.0,99.9234,200.7326,49.0212,-16.5155,0.0,0.0001,2.3774,-0.0016,6.1251,35.5222,11.2276,27.1406,35.893
195.0,389.0,11.2768,40.006,98.695,232.0632,0.0236,0.0,99.9116,200.7326,49.0211,-16.5155,0.0,0.0001,2.3745,-0.0009,6.1252,35.5225,11.2274,27.1409,35.8933
196.0,391.0,11.2771,40.0074,98.7005,231.6225,0.018,0.0,99.9075,200.7327,49.0211,-16.5155,0.0,0.0001,2.3709,-0.0011,6.1241,35.5229,11.2274,27.1412,35.8936
197.0,393.0,11.2849,40.0184,98.6942,235.797,0.0204,0.0,99.9108,200.7327,49.0211,-16.5155,0.0,0.0001,2.386,0.0059,6.1247,35.5254,11.2349,27.1417,35.8938
198.0,395.0,11.2787,40.0129,98.7017,234.9007,0.0227,0.0,99.9182,200.7327,49.0211,-16.5155,0.0,0.0001,2.3912,0.0007,6.1267,35.525,11.2285,27.1426,35.8949
199.0,397.0,11.2603,39.9932,98.71,232.1243,0.0233,0.0,99.9151,200.7328,49.0211,-16.5155,0.0,0.0001,2.3808,-0.004,6.1273,35.5222,11.2098,27.1439,35.897
200.0,399.0,11.2565,39.9905,98.7067,233.5449,0.0227,0.0,99.9092,200.7328,49.0211,-16.5155,0.0,0.0001,2.3797,0.0003,6.1281,35.5223,11.2059,27.1447,35.898
201.0,401.0,11.2561,39.991,98.71,234.1288,0.0204,0.0,99.9188,200.7328,49.0211,-16.5155,0.0,0.0001,2.381,0.0011,6.1279,35.5223,11.2052,27.1448,35.8982
202.0,403.0,11.2529,39.989,98.7054,234.5098,0.0182,0.0,99.9184,200.7328,49.0211,-16.5155,0.0,0.0001,2.3839,0.0012,6.1285,35.5225,11.2017,27.1456,35.8991
203.0,405.0,11.2494,39.9866,98.7002,234.8239,0.0165,0.0,99.916,200.7329,49.0211,-16.5155,0.0,0.0001,2.3863,0.0009,6.1291,35.5226,11.198,27.1463,35.9
204.0,407.0,11.248,39.9859,98.71,235.1811,0.0233,0.0,99.9145,200.7329,49.0211,-16.5155,0.0,0.0001,2.3886,0.0009,6.1303,35.5223,11.1963,27.1464,35.9001
205.0,409.0,11.2469,39.9857,98.7036,235.6178,0.0212,0.0,99.9188,200.7329,49.0211,-16.5155,0.0,0.0001,2.3909,0.0013,6.131,35.5223,11.195,27.1466,35.9004
206.0,411.0,11.2356,39.9741,98.69,235.2845,0.0174,0.0,99.9178,200.7329,49.0211,-16.5155,0.0,0.0001,2.3905,-0.0001,6.1324,35.5207,11.1834,27.1476,35.9018
207.0,413.0,11.2271,39.9656,98.7068,235.2795,0.0192,0.0,99.9209,200.733,49.0211,-16.5155,0.0,0.0001,2.3902,-0.0003,6.1335,35.5197,11.1747,27.1484,35.903
208.0,415.0,11.2177,39.956,98.6986,235.4699,0.0213,0.0,99.9195,200.733,49.0211,-16.5155,0.0,0.0001,2.3901,0.0001,6.135,35.5182,11.1651,27.149,35.904
209.0,417.0,11.2088,39.9466,98.7037,234.7753,0.02,0.0,99.9193,200.733,49.0211,-16.5155,0.0,0.0001,2.3879,-0.0014,6.1357,35.5167,11.156,27.1495,35.9049
210.0,419.0,11.2005,39.9391,98.6943,234.5401,0.0193,0.0,99.9148,200.733,49.0211,-16.5156,0.0,0.0001,2.3858,-0.0014,6.1376,35.5163,11.1474,27.1507,35.9065
211.0,421.0,11.1889,39.9273,98.7025,234.9895,0.023,0.0,99.9219,200.7331,49.0211,-16.5156,0.0,0.0001,2.3846,-0.0001,6.1379,35.5146,11.1355,27.1516,35.9079
212.0,423.0,11.1826,39.922,98.6936,235.2085,0.0228,0.0,99.9168,200.7331,49.0211,-16.5156,0.0,0.0001,2.3852,0.0003,6.138,35.5146,11.129,27.1528,35.9094
213.0,425.0,11.1824,39.9228,98.71,234.8397,0.0198,0.0,99.9236,200.7331,49.0211,-16.5156,0.0,0.0001,2.3834,-0.0007,6.1382,35.5149,11.1287,27.1531,35.9096
214.0,427.0,11.1803,39.922,98.7025,234.3457,0.0202,0.0,99.9182,200.7331,49.021,-16.5156,0.0,0.0001,2.3812,-0.0013,6.1384,35.5151,11.1263,27.1537,35.9104
215.0,429.0,11.179,39.923,98.7025,234.7372,0.0192,0.0,99.9212,200.7331,49.021,-16.5156,0.0,0.0001,2.3807,-0.0001,6.1385,35.5164,11.1246,27.1551,35.9117
216.0,431.0,11.1784,39.9233,98.6938,234.8388,0.0221,0.0,99.9116,200.7332,49.021,-16.5156,0.0,0.0001,2.3808,0.0,6.1384,35.5164,11.1238,27.1552,35.9119
217.0,433.0,11.1779,39.9235,98.71,234.3219,0.0198,0.0,99.9216,200.7332,49.021,-16.5156,0.0,0.0001,2.3787,-0.001,6.1385,35.5163,11.1231,27.1553,35.912
218.0,435.0,11.1774,39.9244,98.71,233.8403,0.0212,0.0,99.9165,200.7332,49.021,-16.5156,0.0,0.0001,2.3754,-0.0015,6.1389,35.5168,11.1224,27.1558,35.9125
219.0,437.0,11.1766,39.9252,98.7025,234.9992,0.024,0.0,99.9231,200.7332,49.021,-16.5156,0.0,0.0001,2.3773,0.001,6.1395,35.5174,11.1212,27.1564,35.9132
220.0,439.0,11.1717,39.9207,98.695,235.3358,0.0197,0.0,99.9239,200.7333,49.021,-16.5156,0.0,0.0001,2.3795,0.001,6.1403,35.5166,11.1161,27.1567,35.9138
221.0,441.0,11.1672,39.9164,98.695,234.895,0.019,0.0,99.9212,200.7333,49.021,-16.5156,0.0,0.0001,2.3783,-0.0003,6.1411,35.516,11.1114,27.1571,35.9144
222.0,443.0,11.159,39.909,98.6875,234.3082,0.0191,0.0,99.9198,200.7333,49.021,-16.5156,0.0,0.0001,2.3773,-0.0013,6.1402,35.5158,11.103,27.1585,35.9161
223.0,445.0,11.1572,39.9091,98.6993,234.6091,0.0163,0.0,99.9214,200.7333,49.021,-16.5156,0.0,0.0001,2.3773,-0.0005,6.1393,35.5168,11.101,27.1597,35.9173
224.0,447.0,11.1666,39.9223,98.7025,235.4476,0.0196,0.0,99.9199,200.7333,49.021,-16.5156,0.0,0.0001,2.3785,0.0013,6.1396,35.5199,11.11,27.1604,35.9177
225.0,449.0,11.1776,39.9373,98.7026,235.2654,0.021,0.0,99.8399,200.7334,49.021,-16.5156,0.0,0.0001,2.3798,0.0004,6.1364,35.5232,11.1207,27.1611,35.9178
226.0,451.0,11.1924,39.9573,98.7021,236.2946,0.0223,0.0001,99.8046,200.7334,49.021,-16.5156,0.0,0.0001,2.3834,0.0017,6.1371,35.528,11.1352,27.1622,35.9182
227.0,453.0,11.1955,39.9627,98.6933,236.4713,0.0218,0.0,99.9074,200.7334,49.021,-16.5156,0.0,0.0001,2.3834,0.0018,6.1365,35.5296,11.1381,27.1628,35.9188
228.0,455.0,11.1852,39.9519,98.704,236.2649,0.0217,0.0,99.8978,200.7334,49.021,-16.5156,0.0,0.0001,2.3852,0.0008,6.1367,35.5278,11.1275,27.1634,35.9198
229.0,457.0,11.1808,39.9474,98.6959,235.6393,0.0212,0.0,99.8783,200.7335,49.021,-16.5156,0.0,0.0001,2.3818,-0.0011,6.1423,35.5268,11.1229,27.1635,35.9201
230.0,459.0,11.1392,39.9004,98.68,236.6045,0.0224,0.0,99.8896,200.7335,49.021,-16.5156,0.0,0.0001,2.3834,0.0013,6.1424,35.5189,11.0811,27.165,35.9234
231.0,461.0,11.1377,39.9004,98.6974,237.1967,0.0247,0.0,99.8863,200.7335,49.021,-16.5156,0.0,0.0001,2.3858,0.0022,6.1426,35.5194,11.0794,27.1657,35.9242
232.0,463.0,11.1395,39.9037,98.695,236.8205,0.0217,0.0001,99.8745,200.7335,49.021,-16.5156,0.0,0.0001,2.3864,0.0005,6.1434,35.5201,11.0809,27.166,35.9244
233.0,465.0,11.1413,39.9063,98.68,235.7433,0.0202,0.0,99.8802,200.7336,49.021,-16.5156,0.0,0.0001,2.3823,-0.0017,6.146,35.5205,11.0825,27.1659,35.9243
234.0,467.0,11.1291,39.8934,98.707,233.8798,0.0176,0.0,99.8964,200.7336,49.021,-16.5156,0.0,0.0001,2.3739,-0.0047,6.1489,35.5183,11.07,27.1665,35.9254
235.0,469.0,11.1085,39.8707,98.695,233.7274,0.0213,0.0,99.9155,200.7336,49.0209,-16.5156,0.0,0.0001,2.3675,-0.0031,6.1489,35.5145,11.0492,27.1674,35.9272
236.0,471.0,11.0986,39.8599,98.71,232.9845,0.0228,0.0,99.9059,200.7336,49.0209,-16.5156,0.0,0.0001,2.3631,-0.0035,6.1488,35.5126,11.0392,27.1678,35.928
237.0,473.0,11.1004,39.863,98.71,233.7252,0.0213,0.0,99.9016,200.7337,49.0209,-16.5156,0.0,0.0001,2.361,-0.0007,6.1505,35.5131,11.0407,27.1679,35.928
238.0,475.0,11.099,39.8622,98.7025,233.8642,0.0226,0.0,99.8978,200.7337,49.0209,-16.5156,0.0,0.0001,2.3595,-0.0007,6.1561,35.5128,11.039,27.1679,35.9281
239.0,477.0,11.0641,39.8217,98.7025,231.1496,0.0207,0.0,99.8978,200.7337,49.0209,-16.5156,0.0,0.0001,2.3499,-0.0061,6.1561,35.5053,11.004,27.1685,35.9302
240.0,479.0,11.0473,39.8049,98.6966,230.3052,0.0194,0.0,99.8927,200.7337,49.0209,-16.5156,0.0,0.0001,2.3448,-0.0054,6.1559,35.5038,10.987,27.1704,35.9329
241.0,481.0,11.0485,39.8086,98.7006,233.6105,0.0179,0.0,99.9064,200.7337,49.0209,-16.5156,0.0,0.0001,2.348,0.0025,6.1567,35.5051,10.988,27.1713,35.9337
242.0,483.0,11.0439,39.804,98.6922,234.5096,0.0226,0.0,99.9159,200.7338,49.0209,-16.5157,0.0,0.0001,2.355,0.0023,6.1561,35.5041,10.9831,27.1714,35.934
243.0,485.0,11.0439,39.8054,98.7046,233.5343,0.0208,0.0,99.9032,200.7338,49.0209,-16.5157,0.0,0.0001,2.3538,-0.0006,6.1601,35.5047,10.9828,27.1719,35.9345
244.0,487.0,11.045,39.8071,98.71,232.2934,0.0201,0.0,99.8978,200.7338,49.0209,-16.5157,0.0,0.0001,2.3481,-0.0027,6.1631,35.5044,10.9837,27.1715,35.9341
245.0,489.0,11.0013,39.7572,98.6907,226.7682,0.0194,0.0,99.9,200.7338,49.0209,-16.5157,0.0,0.0001,2.3256,-0.0109,6.1638,35.496,10.9398,27.173,35.9375
246.0,491.0,10.993,39.7494,98.6945,224.1199,0.0236,0.0,99.8978,200.7339,49.0209,-16.5157,0.0,0.0001,2.2999,-0.0094,6.166,35.4952,10.9313,27.1738,35.9387
247.0,493.0,10.9875,39.7441,98.6912,224.2514,0.0212,0.0,99.8978,200.7339,49.0209,-16.5157,0.0,0.0001,2.2905,-0.0061,6.1691,35.4943,10.9256,27.1742,35.9393
248.0,495.0,10.9632,39.7165,98.6903,221.1357,0.0164,0.0001,99.8545,200.7339,49.0209,-16.5157,0.0,0.0001,2.272,-0.0088,6.1719,35.4893,10.9011,27.1748,35.9409
249.0,497.0,10.9342,39.6856,98.6963,217.5848,0.0199,0.0001,99.869,200.7339,49.0209,-16.5157,0.0,0.0001,2.2468,-0.0101,6.172,35.4854,10.8719,27.177,35.9444
250.0,499.0,10.932,39.6838,98.6932,219.5212,0.0225,0.0001,99.8642,200.734,49.0209,-16.5157,0.0,0.0001,2.242,-0.0026,6.1697,35.4848,10.8695,27.177,35.9445
251.0,501.0,10.9378,39.6919,98.6929,223.8982,0.021,0.0,99.8834,200.734,49.0209,-16.5157,0.0,0.0001,2.2565,0.0057,6.1718,35.4866,10.875,27.1774,35.9447
252.0,503.0,10.941,39.6972,98.696,228.9051,0.0199,0.0,99.9045,200.734,49.0209,-16.5157,0.0,0.0001,2.2759,0.0106,6.1788,35.4881,10.878,27.178,35.9451
253.0,505.0,10.8989,39.6472,98.701,218.8255,0.0207,0.0,99.8978,200.734,49.0209,-16.5157,0.0,0.0001,2.2589,-0.0129,6.1813,35.4778,10.8359,27.1776,35.9466
254.0,507.0,10.8799,39.6281,98.7006,214.0179,0.0224,0.0001,99.8745,200.734,49.0209,-16.5157,0.0,0.0001,2.2329,-0.0168,6.1819,35.4761,10.8167,27.1797,35.9495
255.0,509.0,10.8627,39.6088,98.69,213.7777,0.022,0.0001,99.8636,200.7341,49.0208,-16.5157,0.0,0.0001,2.2088,-0.0091,6.1843,35.4724,10.7992,27.18,35.9506
256.0,511.0,10.8489,39.5942,98.6929,213.6465,0.0225,0.0001,99.8762,200.7341,49.0208,-16.5157,0.0,0.0001,2.1954,-0.0049,6.1864,35.4701,10.7852,27.1807,35.9519
257.0,513.0,10.8378,39.5838,98.6886,213.7154,0.024,0.0001,99.869,200.7341,49.0208,-16.5157,0.0,0.0001,2.1905,-0.0033,6.1876,35.4696,10.7739,27.1824,35.9541
258.0,515.0,10.8265,39.572,98.6896,214.0229,0.022,0.0001,99.869,200.7341,49.0208,-16.5157,0.0,0.0001,2.1886,-0.0018,6.1898,35.468,10.7624,27.1832,35.9554
259.0,517.0,10.8079,39.5534,98.686,212.8965,0.0236,0.0001,99.8815,200.7342,49.0208,-16.5157,0.0,0.0001,2.1814,-0.0028,6.19,35.4662,10.7436,27.1852,35.9581
260.0,519.0,10.8048,39.5518,98.6879,212.1159,0.0217,0.0,99.8768,200.7342,49.0208,-16.5157,0.0,0.0001,2.1744,-0.0028,6.1929,35.4666,10.7402,27.1861,35.9592
261.0,521.0,10.8007,39.5481,98.68,211.8588,0.0243,0.0,99.8902,200.7342,49.0208,-16.5157,0.0,0.0001,2.1701,-0.0026,6.1978,35.466,10.7359,27.1864,35.9597
262.0,523.0,10.7729,39.5169,98.68,214.5084,0.0258,0.0,99.8978,200.7342,49.0208,-16.5157,0.0,0.0001,2.1761,0.0027,6.194,35.4608,10.708,27.1874,35.9619
263.0,525.0,10.7475,39.4901,98.68,217.8191,0.0246,0.0,99.8978,200.7342,49.0208,-16.5157,0.0,0.0001,2.1878,0.0081,6.1962,35.4575,10.6824,27.1894,35.965
264.0,527.0,10.7506,39.4945,98.68,216.2203,0.0238,0.0,99.8978,200.7343,49.0208,-16.5157,0.0,0.0001,2.1921,0.0015,6.2002,35.4581,10.6852,27.1894,35.9649
265.0,529.0,10.7387,39.4812,98.68,215.9448,0.023,0.0,99.8985,200.7343,49.0208,-16.5157,0.0,0.0001,2.1919,-0.0001,6.2043,35.4553,10.6732,27.1894,35.9654
266.0,531.0,10.7185,39.4603,98.68,214.7756,0.0206,0.0,99.8813,200.7343,49.0208,-16.5157,0.0,0.0001,2.1888,-0.0022,6.2031,35.453,10.6527,27.1912,35.9681
267.0,533.0,10.6997,39.4407,98.6905,214.0646,0.0213,0.0,99.8964,200.7343,49.0208,-16.5157,0.0,0.0001,2.1847,-0.0028,6.2027,35.4505,10.6337,27.1926,35.9704
268.0,535.0,10.697,39.4385,98.6838,215.1369,0.0206,0.0,99.9007,200.7344,49.0208,-16.5157,0.0,0.0001,2.1839,-0.0002,6.2093,35.45,10.6308,27.1928,35.9707
269.0,537.0,10.6809,39.4207,98.6889,214.2973,0.019,0.0,99.9009,200.7344,49.0208,-16.5157,0.0,0.0001,2.1805,-0.0018,6.2127,35.4468,10.6145,27.1932,35.9718
270.0,539.0,10.6531,39.39,98.698,214.8267,0.0172,0.0,99.8978,200.7344,49.0208,-16.5157,0.0,0.0001,2.1807,-0.0005,6.2126,35.442,10.5866,27.1944,35.9742
271.0,541.0,10.6422,39.3812,98.68,214.5941,0.0186,0.0,99.8978,200.7344,49.0208,-16.5157,0.0,0.0001,2.1789,-0.0007,6.2149,35.4428,10.5755,27.1971,35.9773
272.0,543.0,10.6349,39.3743,98.6847,213.5804,0.0187,0.0,99.9081,200.7345,49.0208,-16.5157,0.0,0.0001,2.1752,-0.0022,6.2159,35.442,10.568,27.1978,35.9783
273.0,545.0,10.6196,39.3585,98.6869,214.203,0.0212,0.0,99.9187,200.7345,49.0208,-16.5158,0.0,0.0001,2.1731,-0.0003,6.2164,35.44,10.5525,27.1989,35.9802
274.0,547.0,10.6164,39.3559,98.6895,213.7745,0.0175,0.0,99.8962,200.7345,49.0208,-16.5158,0.0,0.0001,2.1715,-0.0009,6.2158,35.4397,10.5491,27.1993,35.9807
275.0,549.0,10.6138,39.3541,98.68,213.7237,0.0197,0.0,99.917,200.7345,49.0207,-16.5158,0.0,0.0001,2.1705,-0.0009,6.2159,35.4395,10.5462,27.1997,35.9812
276.0,551.0,10.6181,39.3612,98.6862,212.4287,0.0193,0.0,99.9206,200.7346,49.0207,-16.5158,0.0,0.0001,2.1643,-0.0028,6.2205,35.4415,10.5502,27.2005,35.9818
277.0,553.0,10.5963,39.3376,98.68,207.0799,0.0169,0.0,99.9148,200.7346,49.0207,-16.5158,0.0,0.0001,2.1452,-0.0113,6.2224,35.438,10.5283,27.2017,35.984
278.0,555.0,10.5793,39.3198,98.6877,207.9743,0.0166,0.0,99.9092,200.7346,49.0207,-16.5158,0.0,0.0001,2.1375,-0.0065,6.2231,35.4357,10.5112,27.203,35.986
279.0,557.0,10.5714,39.3131,98.6865,208.1612,0.0179,0.0,99.9267,200.7346,49.0207,-16.5158,0.0,0.0001,2.1307,-0.0036,6.2248,35.4357,10.503,27.2044,35.9877
280.0,559.0,10.5595,39.3006,98.68,206.1377,0.0213,0.0,99.9267,200.7346,49.0207,-16.5158,0.0,0.0001,2.1198,-0.0055,6.2251,35.4338,10.4908,27.205,35.9889
281.0,561.0,10.5541,39.2964,98.68,206.2703,0.0209,0.0,99.9181,200.7347,49.0207,-16.5158,0.0,0.0001,2.1137,-0.0031,6.2258,35.4338,10.4853,27.2061,35.9902
282.0,563.0,10.5481,39.2905,98.6829,206.2245,0.0187,0.0,99.9221,200.7347,49.0207,-16.5158,0.0,0.0001,2.1089,-0.002,6.2297,35.4327,10.4789,27.2063,35.9907
283.0,565.0,10.5279,39.2703,98.68,205.0811,0.0168,0.0,99.9336,200.7347,49.0207,-16.5158,0.0,0.0001,2.1025,-0.0033,6.2329,35.4312,10.4586,27.2088,35.994
284.0,567.0,10.5138,39.2545,98.6847,204.321,0.017,0.0,99.9234,200.7347,49.0207,-16.5158,0.0,0.0001,2.0967,-0.0036,6.2323,35.4281,10.4444,27.2088,35.9947
285.0,569.0,10.4965,39.2393,98.68,205.1747,0.0208,0.0,99.9267,200.7348,49.0207,-16.5158,0.0,0.0001,2.0954,-0.0008,6.2327,35.4282,10.4269,27.212,35.9986
286.0,571.0,10.4934,39.2364,98.6823,205.5614,0.0217,0.0,99.9241,200.7348,49.0207,-16.5158,0.0,0.0001,2.0956,-0.0001,6.2348,35.4275,10.4235,27.2121,35.9988
287.0,573.0,10.4864,39.2297,98.68,204.6262,0.0207,0.0,99.9267,200.7348,49.0207,-16.5158,0.0,0.0001,2.0922,-0.0018,6.2376,35.4268,10.4163,27.2128,35.9999
288.0,575.0,10.4819,39.2268,98.68,204.0603,0.0197,0.0,99.9285,200.7348,49.0207,-16.5158,0.0,0.0001,2.0887,-0.0024,6.2393,35.4273,10.4116,27.214,36.0013
289.0,577.0,10.4566,39.199,98.68,203.481,0.0181,0.0,99.9325,200.7348,49.0207,-16.5158,0.0,0.0001,2.084,-0.0025,6.2405,35.4227,10.3861,27.215,36.0033
290.0,579.0,10.4438,39.1859,98.68,202.9023,0.0204,0.0,99.9436,200.7349,49.0207,-16.5158,0.0,0.0001,2.0785,-0.0025,6.2419,35.4212,10.3731,27.216,36.005
291.0,581.0,10.4383,39.1799,98.68,202.1479,0.0206,0.0,99.9311,200.7349,49.0207,-16.5158,0.0,0.0001,2.0729,-0.0029,6.2438,35.4196,10.3675,27.2158,36.005
292.0,583.0,10.4238,39.166,98.68,201.987,0.0221,0.0,99.9424,200.7349,49.0206,-16.5158,0.0,0.0001,2.069,-0.002,6.2446,35.4185,10.3527,27.2175,36.0073
293.0,585.0,10.4141,39.1579,98.68,201.4005,0.0183,0.0,99.953,200.7349,49.0206,-16.5158,0.0,0.0001,2.0643,-0.0022,6.2453,35.419,10.3428,27.2196,36.0099
294.0,587.0,10.4111,39.1557,98.68,201.7338,0.0177,0.0,99.917,200.735,49.0206,-16.5158,0.0,0.0001,2.0626,-0.0009,6.2458,35.4188,10.3396,27.2201,36.0104
295.0,589.0,10.4074,39.1527,98.68,201.5702,0.0209,0.0,99.9556,200.735,49.0206,-16.5158,0.0,0.0001,2.0606,-0.0009,6.2478,35.4185,10.3356,27.2205,36.011
296.0,591.0,10.3971,39.1421,98.68,201.1307,0.0207,0.0,99.9267,200.735,49.0206,-16.5158,0.0,0.0001,2.0578,-0.0014,6.2475,35.4167,10.3251,27.221,36.012
297.0,593.0,10.3917,39.1385,98.68,200.9578,0.0197,0.0,99.9331,200.735,49.0206,-16.5158,0.0,0.0001,2.056,-0.001,6.2459,35.4175,10.3194,27.2226,36.0138
298.0,595.0,10.4011,39.1521,98.68,200.8739,0.0198,0.0,99.9531,200.7351,49.0206,-16.5158,0.0,0.0001,2.0549,-0.0008,6.2445,35.4213,10.3286,27.224,36.0147
299.0,597.0,10.409,39.1639,98.68,202.4746,0.0179,0.0,99.951,200.7351,49.0206,-16.5158,0.0,0.0001,2.0588,0.0019,6.2445,35.4246,10.3362,27.2252,36.0156
300.0,599.0,10.4136,39.1721,98.68,210.1681,0.0195,0.0,99.9365,200.7351,49.0206,-16.5158,0.0,0.0001,2.0846,0.0135,6.2453,35.4275,10.3405,27.2267,36.0169
301.0,601.0,10.4083,39.1679,98.68,210.7826,0.0212,0.0,99.9499,200.7351,49.0206,-16.5159,0.0,0.0001,2.1026,0.0087,6.2461,35.4276,10.335,27.2277,36.0181
302.0,603.0,10.4039,39.165,98.68,210.3431,0.0206,0.0,99.9505,200.7351,49.0206,-16.5159,0.0,0.0001,2.1114,0.0042,6.2466,35.428,10.3304,27.2289,36.0195
303.0,605.0,10.3973,39.1597,98.6822,208.9568,0.0185,0.0,99.9387,200.7352,49.0206,-16.5158,0.0,0.0001,2.1114,0.0001,6.2492,35.4282,10.3235,27.2302,36.0211
304.0,607.0,10.3875,39.1494,98.6825,208.8729,0.0197,0.0,99.955,200.7352,49.0206,-16.5159,0.0,0.0001,2.1107,-0.0005,6.2541,35.4263,10.3135,27.2305,36.0218
305.0,609.0,10.3508,39.1086,98.68,212.3746,0.0209,0.0,99.9467,200.7352,49.0206,-16.5159,0.0,0.0001,2.1209,0.0051,6.2572,35.4197,10.2767,27.2318,36.0248
306.0,611.0,10.3301,39.0868,98.68,215.0833,0.0187,0.0,99.9479,200.7352,49.0206,-16.5159,0.0,0.0001,2.1352,0.0073,6.2586,35.4168,10.2559,27.2332,36.0271
307.0,613.0,10.3146,39.0711,98.68,215.0341,0.0213,0.0,99.9518,200.7353,49.0206,-16.5159,0.0,0.0001,2.1432,0.004,6.2588,35.415,10.2402,27.2345,36.0291
308.0,615.0,10.3107,39.0678,98.68,215.3141,0.0212,0.0,99.9556,200.7353,49.0206,-16.5159,0.0,0.0001,2.148,0.0025,6.2652,35.4146,10.236,27.2349,36.0297
309.0,617.0,10.3026,39.0598,98.68,213.2824,0.02,0.0,99.9556,200.7353,49.0206,-16.5159,0.0,0.0001,2.144,-0.0021,6.2703,35.4136,10.2277,27.2356,36.0307
310.0,619.0,10.2129,38.9608,98.68,211.5792,0.0191,0.0,99.9586,200.7353,49.0206,-16.5159,0.0,0.0001,2.1357,-0.0043,6.2757,35.3992,10.1382,27.2399,36.039
311.0,621.0,10.1962,38.9437,98.68,211.4397,0.0199,0.0,99.9445,200.7354,49.0206,-16.5159,0.0,0.0001,2.1297,-0.0029,6.2775,35.3974,10.1214,27.2415,36.0412
312.0,623.0,10.1836,38.9297,98.68,209.7341,0.0222,0.0,99.952,200.7354,49.0206,-16.5159,0.0,0.0001,2.1206,-0.0045,6.2761,35.3945,10.1085,27.2414,36.0418
313.0,625.0,10.1784,38.9255,98.68,209.5528,0.021,0.0,99.9556,200.7354,49.0206,-16.5159,0.0,0.0001,2.1162,-0.0034,6.2767,35.3942,10.1031,27.2421,36.0427
314.0,627.0,10.1786,38.9267,98.68,210.1086,0.0239,0.0,99.9518,200.7354,49.0206,-16.5159,0.0,0.0001,2.1142,-0.0013,6.278,35.3947,10.1031,27.2425,36.0431
315.0,629.0,10.1875,38.9431,98.6847,204.4309,0.023,0.0,99.9491,200.7355,49.0205,-16.5159,0.0,0.0001,2.0939,-0.01,6.2803,35.4017,10.1117,27.2464,36.0466
316.0,631.0,10.1405,38.8947,98.68,204.851,0.0226,0.0,99.9437,200.7355,49.0205,-16.5159,0.0,0.0001,2.0854,-0.0063,6.285,35.3972,10.0647,27.2511,36.0533
317.0,633.0,10.1208,38.8735,98.68,206.0981,0.021,0.0,99.9379,200.7355,49.0205,-16.5159,0.0,0.0001,2.0814,-0.0022,6.2915,35.394,10.0448,27.2521,36.0551
318.0,635.0,10.0838,38.8314,98.68,206.1624,0.0176,0.0001,99.7616,200.7355,49.0205,-16.5159,0.0,0.0001,2.0794,-0.001,6.2883,35.3861,10.0077,27.2523,36.057
319.0,637.0,10.0974,38.852,98.68,205.3615,0.0231,0.0,99.952,200.7355,49.0205,-16.5159,0.0,0.0001,2.0743,-0.0017,6.2863,35.3928,10.021,27.2552,36.0593
320.0,639.0,10.118,38.8787,98.68,202.1789,0.0227,0.0,99.9556,200.7356,49.0205,-16.5159,0.0,0.0001,2.062,-0.0066,6.2948,35.3992,10.0413,27.2567,36.0599
321.0,641.0,10.1096,38.8737,98.68,201.2922,0.0223,0.0,99.9556,200.7356,49.0205,-16.5159,0.0,0.0001,2.0529,-0.0061,6.2969,35.4015,10.0327,27.26,36.0634
322.0,643.0,10.0514,38.8074,98.68,200.8377,0.0205,0.0,99.944,200.7356,49.0205,-16.5159,0.0,0.0001,2.0463,-0.005,6.2973,35.3899,9.9745,27.2609,36.067
323.0,645.0,10.0389,38.7946,98.68,200.0399,0.0225,0.0,99.9472,200.7356,49.0205,-16.5159,0.0,0.0001,2.0375,-0.0043,6.2971,35.3882,9.9619,27.2618,36.0684
324.0,647.0,10.0388,38.7969,98.68,199.8143,0.0253,0.0,99.9556,200.7356,49.0205,-16.5159,0.0,0.0001,2.0315,-0.003,6.2976,35.3897,9.9615,27.263,36.0697
325.0,649.0,10.036,38.7956,98.68,199.5539,0.0215,0.0,99.9556,200.7357,49.0205,-16.5159,0.0,0.0001,2.0259,-0.0021,6.3005,35.39,9.9584,27.2638,36.0706
326.0,651.0,10.0167,38.7751,98.68,198.4134,0.0194,0.0,99.9556,200.7357,49.0205,-16.5159,0.0,0.0001,2.0198,-0.0029,6.2991,35.3869,9.9389,27.2648,36.0724
327.0,653.0,10.0085,38.7713,98.68,197.5562,0.0193,0.0,99.9556,200.7357,49.0205,-16.5159,0.0,0.0001,2.0147,-0.0034,6.2993,35.3903,9.9305,27.2688,36.0767
328.0,655.0,10.0238,38.7909,98.68,198.0439,0.0201,0.0,99.9556,200.7357,49.0205,-16.5158,0.0,0.0001,2.0124,-0.0017,6.2994,35.3945,9.9456,27.2696,36.0768
329.0,657.0,10.022,38.7908,98.68,198.1159,0.0234,0.0,99.952,200.7358,49.0205,-16.5158,0.0,0.0001,2.0105,-0.0009,6.2999,35.3952,9.9435,27.2704,36.0777
330.0,659.0,10.02,38.7891,98.68,197.4125,0.0197,0.0,99.9556,200.7358,49.0205,-16.5158,0.0,0.0001,2.0065,-0.0016,6.2991,35.3945,9.9412,27.2703,36.0777
331.0,661.0,10.0166,38.7889,98.68,196.7678,0.0233,0.0,99.9556,200.7358,49.0205,-16.5158,0.0,0.0001,2.0028,-0.002,6.2959,35.3968,9.9377,27.2727,36.0802
332.0,663.0,10.0288,38.8082,98.68,198.0946,0.025,0.0,99.9488,200.7358,49.0205,-16.5158,0.0,0.0001,2.0045,0.0006,6.297,35.4037,9.9495,27.276,36.083
333.0,665.0,10.0484,38.8339,98.68,199.751,0.0206,0.0,99.9173,200.7359,49.0205,-16.5158,0.0,0.0001,2.0107,0.003,6.2962,35.4097,9.9688,27.2774,36.0835
334.0,667.0,10.0411,38.8277,98.68,199.5705,0.0205,0.0,99.9371,200.7359,49.0205,-16.5159,0.0,0.0001,2.0132,0.001,6.3045,35.4098,9.9613,27.2787,36.0851
335.0,669.0,10.009,38.7906,98.68,198.0128,0.0214,0.0,99.9255,200.7359,49.0205,-16.5158,0.0,0.0001,2.0099,-0.0021,6.3035,35.4024,9.9291,27.2785,36.0864
336.0,671.0,9.9705,38.7547,98.68,197.5545,0.0217,0.0,99.9297,200.7359,49.0205,-16.5158,0.0,0.0001,2.0067,-0.0025,6.303,35.4022,9.8905,27.2849,36.0944
337.0,673.0,9.9915,38.7828,98.68,199.3428,0.0224,0.0,99.92,200.7359,49.0205,-16.5158,0.0,0.0001,2.0093,0.0013,6.3028,35.4095,9.9111,27.2872,36.0957
338.0,675.0,9.9914,38.7848,98.68,199.028,0.0225,0.0,99.931,200.736,49.0205,-16.5159,0.0,0.0001,2.0096,0.0003,6.3028,35.411,9.9109,27.2884,36.0968
339.0,677.0,9.9928,38.7898,98.68,197.405,0.0202,0.0,99.93,200.736,49.0205,-16.5158,0.0,0.0001,2.005,-0.0025,6.3026,35.4137,9.912,27.2903,36.0987
340.0,679.0,9.9915,38.7907,98.68,196.222,0.0164,0.0,99.9267,200.736,49.0205,-16.5158,0.0,0.0001,1.9979,-0.0032,6.299,35.4149,9.9104,27.2915,36.0999
341.0,681.0,10.0085,38.8168,98.68,194.9527,0.0192,0.0,99.9315,200.736,49.0205,-16.5158,0.0,0.0001,1.991,-0.004,6.2998,35.4241,9.927,27.2958,36.1034
342.0,683.0,10.011,38.8198,98.68,194.0185,0.0177,0.0,99.932,200.7361,49.0205,-16.5158,0.0,0.0001,1.9812,-0.0038,6.3073,35.4238,9.9293,27.2952,36.1027
343.0,685.0,9.9937,38.8013,98.68,194.1275,0.0193,0.0,99.9372,200.7361,49.0205,-16.5159,0.0,0.0001,1.9759,-0.0024,6.3135,35.4209,9.9119,27.2959,36.1042
344.0,687.0,9.9354,38.7373,98.68,195.6633,0.0202,0.0,99.9238,200.7361,49.0205,-16.5158,0.0,0.0001,1.9774,0.0005,6.3173,35.4116,9.8536,27.2986,36.1095
345.0,689.0,9.9105,38.7132,98.68,197.293,0.019,0.0,99.9184,200.7361,49.0205,-16.5158,0.0,0.0001,1.9817,0.0029,6.3241,35.4102,9.8286,27.3018,36.1138
346.0,691.0,9.8493,38.6456,98.68,196.0166,0.0175,0.0,99.9197,200.7362,49.0205,-16.5158,0.0,0.0001,1.9813,-0.0001,6.3217,35.4002,9.7675,27.3044,36.1191
347.0,693.0,9.8504,38.652,98.68,195.3725,0.0175,0.0,99.9053,200.7362,49.0205,-16.5159,0.0,0.0001,1.9805,-0.0009,6.3189,35.4047,9.7683,27.3078,36.1224
348.0,695.0,9.8772,38.6896,98.68,194.3998,0.0176,0.0,99.9039,200.7362,49.0204,-16.5158,0.0,0.0001,1.9719,-0.0023,6.3215,35.4161,9.7947,27.3122,36.1255
349.0,697.0,9.872,38.6882,98.68,193.054,0.0172,0.0,99.9054,200.7362,49.0204,-16.5158,0.0,0.0001,1.9681,-0.0041,6.3275,35.4189,9.7893,27.3153,36.1288
350.0,699.0,9.8244,38.6371,98.68,192.5427,0.0202,0.0,99.8992,200.7362,49.0204,-16.5158,0.0,0.0001,1.9617,-0.0034,6.3303,35.4121,9.7417,27.3181,36.1337
351.0,701.0,9.7953,38.6066,98.68,193.2714,0.0233,0.0,99.9058,200.7363,49.0204,-16.5159,0.0,0.0001,1.9585,-0.0008,6.331,35.4084,9.7125,27.3201,36.137
352.0,703.0,9.7904,38.6058,98.68,193.2997,0.0212,0.0,99.9036,200.7363,49.0204,-16.5158,0.0,0.0001,1.9573,-0.0006,6.3337,35.4116,9.7074,27.3235,36.1406
353.0,705.0,9.7821,38.5992,98.68,192.8793,0.021,0.0,99.8978,200.7363,49.0204,-16.5158,0.0,0.0001,1.9548,-0.0012,6.3356,35.4118,9.6988,27.3251,36.1425
354.0,707.0,9.7532,38.5673,98.68,192.2248,0.0203,0.0,99.9046,200.7363,49.0204,-16.5158,0.0,0.0001,1.9512,-0.0019,6.3348,35.4066,9.6699,27.3259,36.1447
355.0,709.0,9.7596,38.5783,98.68,192.036,0.0218,0.0,99.8944,200.7364,49.0204,-16.5159,0.0,0.0001,1.9487,-0.0017,6.3409,35.4107,9.676,27.3281,36.1465
356.0,711.0,9.6995,38.5131,98.68,191.3997,0.0187,0.0,99.9076,200.7364,49.0204,-16.5158,0.0,0.0001,1.9444,-0.0019,6.3388,35.4017,9.6159,27.3312,36.1524
357.0,713.0,9.7335,38.5598,98.68,190.0499,0.0207,0.0,99.9071,200.7364,49.0204,-16.5158,0.0,0.0001,1.9383,-0.0032,6.3392,35.4153,9.6495,27.3362,36.1557
358.0,715.0,9.722,38.5487,98.68,189.3943,0.0206,0.0,99.9116,200.7364,49.0204,-16.5158,0.0,0.0001,1.9325,-0.0035,6.3411,35.4143,9.6378,27.3374,36.1574
359.0,717.0,9.7128,38.5402,98.68,190.2023,0.0232,0.0,99.9105,200.7365,49.0204,-16.5158,0.0,0.0001,1.931,-0.0011,6.3422,35.414,9.6284,27.3387,36.1591
360.0,719.0,9.7132,38.5448,98.68,188.3325,0.0249,0.0,99.9164,200.7365,49.0204,-16.5158,0.0,0.0001,1.9238,-0.0038,6.3513,35.4174,9.6286,27.3413,36.1617
361.0,721.0,9.6946,38.5254,98.68,187.2887,0.0191,0.0,99.9143,200.7365,49.0204,-16.5158,0.0,0.0001,1.917,-0.0045,6.3512,35.4147,9.6099,27.3424,36.1636
362.0,723.0,9.636,38.4638,98.68,187.2539,0.0168,0.0,99.9204,200.7365,49.0204,-16.5158,0.0,0.0001,1.913,-0.0031,6.3486,35.4078,9.5513,27.3468,36.1706
363.0,725.0,9.6212,38.452,98.68,188.031,0.0206,0.0,99.9106,200.7365,49.0204,-16.5158,0.0,0.0001,1.91,-0.0011,6.3623,35.4092,9.5364,27.3504,36.1749
364.0,727.0,9.6161,38.4422,98.68,186.4194,0.0217,0.0,99.9267,200.7366,49.0204,-16.5159,0.0,0.0001,1.9043,-0.0037,6.3801,35.4034,9.5311,27.3468,36.1715
365.0,729.0,9.5284,38.3462,98.68,185.5887,0.0202,0.0,99.9242,200.7366,49.0204,-16.5158,0.0,0.0001,1.8957,-0.0043,6.3851,35.3897,9.4436,27.3507,36.1794
366.0,731.0,9.4442,38.25,98.68,185.7392,0.0222,0.0,99.9314,200.7366,49.0204,-16.5158,0.0,0.0001,1.8917,-0.0029,6.3898,35.372,9.3597,27.3507,36.1833
367.0,733.0,9.3963,38.2001,98.68,185.7826,0.019,0.0,99.9319,200.7366,49.0204,-16.5158,0.0,0.0001,1.8882,-0.0019,6.3941,35.3665,9.3117,27.3544,36.1891
368.0,735.0,9.3364,38.1366,98.68,185.4114,0.0229,0.0,99.9425,200.7367,49.0204,-16.5158,0.0,0.0001,1.883,-0.002,6.4048,35.3587,9.2519,27.3581,36.1955
369.0,737.0,9.2901,38.0874,98.68,184.7477,0.0239,0.0,99.95,200.7367,49.0204,-16.5158,0.0,0.0001,1.8767,-0.0024,6.4135,35.3524,9.2056,27.3608,36.2002
370.0,739.0,9.2565,38.0523,98.68,184.3342,0.0219,0.0,99.9556,200.7367,49.0204,-16.5158,0.0,0.0001,1.8741,-0.0023,6.4121,35.3481,9.172,27.3629,36.2039
371.0,741.0,9.2164,38.0111,98.68,185.25,0.0205,0.0,99.9556,200.7367,49.0203,-16.5158,0.0,0.0001,1.8746,-0.0002,6.4087,35.3438,9.1318,27.3661,36.2089
372.0,743.0,9.1966,37.9917,98.68,185.4908,0.0191,0.0,99.9646,200.7368,49.0204,-16.5158,0.0,0.0001,1.8748,-0.0002,6.42,35.3423,9.1119,27.3682,36.2119
373.0,745.0,9.1957,37.9903,98.68,184.4562,0.0196,0.0,99.9556,200.7368,49.0204,-16.5158,0.0,0.0001,1.8703,-0.0017,6.4207,35.3408,9.1108,27.3672,36.2109
374.0,747.0,9.1688,37.9636,98.68,184.6145,0.0189,0.0,99.9535,200.7368,49.0203,-16.5158,0.0,0.0001,1.8694,-0.001,6.4204,35.3386,9.0838,27.3699,36.2148
375.0,749.0,9.1732,37.9716,98.68,185.2055,0.0184,0.0,99.9646,200.7368,49.0203,-16.5158,0.0,0.0001,1.8698,0.0002,6.4212,35.3416,9.0879,27.3715,36.2163
376.0,751.0,9.1765,37.9756,98.68,184.9483,0.0181,0.0,99.972,200.7368,49.0203,-16.5158,0.0,0.0001,1.8679,-0.0008,6.433,35.3419,9.091,27.3712,36.2158
377.0,753.0,9.1231,37.9186,98.68,184.3461,0.0236,0.0,99.9893,200.7369,49.0203,-16.5158,0.0,0.0001,1.8653,-0.0017,6.4356,35.3342,9.0377,27.3739,36.221
378.0,755.0,9.0684,37.8608,98.68,184.6924,0.0245,0.0,99.9751,200.7369,49.0203,-16.5158,0.0,0.0001,1.8638,-0.0006,6.4363,35.3269,8.983,27.377,36.2266
379.0,757.0,9.0211,37.8114,98.68,184.8396,0.0226,0.0,99.9869,200.7369,49.0203,-16.5158,0.0,0.0001,1.8621,-0.0007,6.4528,35.3212,8.9357,27.3802,36.2318
380.0,759.0,8.991,37.7761,98.68,184.3337,0.0197,0.0,99.9792,200.7369,49.0203,-16.5158,0.0,0.0001,1.8608,-0.0016,6.4594,35.3133,8.9056,27.3788,36.2319
381.0,761.0,8.9185,37.7009,98.68,184.564,0.0207,0.0,100.0083,200.737,49.0203,-16.5158,0.0,0.0001,1.859,-0.0007,6.4589,35.3053,8.8333,27.3841,36.2405
382.0,763.0,8.9098,37.6934,98.68,184.8548,0.021,0.0,100.0047,200.737,49.0203,-16.5158,0.0,0.0001,1.8584,-0.0001,6.4596,35.3052,8.8244,27.3855,36.2423
383.0,765.0,8.9222,37.7124,98.68,184.5825,0.0227,0.0,100.0133,200.737,49.0203,-16.5158,0.0,0.0001,1.8559,-0.0008,6.4666,35.3118,8.8365,27.3888,36.2449
384.0,767.0,8.8782,37.6661,98.68,184.5896,0.022,0.0,100.0133,200.737,49.0203,-16.5158,0.0,0.0001,1.8556,-0.0006,6.4675,35.3058,8.7924,27.3911,36.2493
385.0,769.0,8.8573,37.646,98.68,184.3653,0.0212,0.0,100.0269,200.737,49.0203,-16.5158,0.0,0.0001,1.8545,-0.0006,6.4643,35.3047,8.7715,27.3935,36.2526
386.0,771.0,8.8627,37.6535,98.68,184.439,0.0206,0.0,100.0285,200.7371,49.0203,-16.5158,0.0,0.0001,1.8547,-0.0002,6.4601,35.3063,8.7766,27.394,36.2528
387.0,773.0,8.9034,37.7077,98.68,184.5085,0.0216,0.0,100.0285,200.7371,49.0203,-16.5158,0.0,0.0001,1.8547,0.0,6.4566,35.3217,8.8168,27.3997,36.2565
388.0,775.0,8.9105,37.718,98.68,184.2289,0.0192,0.0,100.0246,200.7371,49.0203,-16.5158,0.0,0.0001,1.8535,-0.0002,6.4498,35.3247,8.8236,27.4009,36.2575
389.0,777.0,8.9593,37.7828,98.68,184.2663,0.0219,0.0,100.0186,200.7371,49.0203,-16.5158,0.0,0.0001,1.8541,0.0002,6.4424,35.3432,8.8719,27.4077,36.2618
390.0,779.0,9.0042,37.8372,98.68,184.1794,0.0234,0.0,100.0422,200.7372,49.0203,-16.5158,0.0,0.0001,1.8544,0.0001,6.4355,35.3548,8.9163,27.4097,36.2617
391.0,781.0,9.0534,37.8993,98.68,183.7099,0.0229,0.0,100.0249,200.7372,49.0203,-16.5158,0.0,0.0001,1.8529,-0.0006,6.4337,35.3701,8.965,27.4138,36.2635
392.0,783.0,9.0693,37.923,98.68,183.8062,0.0218,0.0,100.0188,200.7372,49.0203,-16.5158,0.0,0.0001,1.8523,-0.0003,6.433,35.3781,8.9805,27.4176,36.2664
393.0,785.0,9.0798,37.9393,98.68,183.4574,0.0202,0.0,100.0422,200.7372,49.0203,-16.5158,0.0,0.0001,1.8516,-0.0005,6.4256,35.3838,8.9908,27.4204,36.2687
394.0,787.0,9.1109,37.9809,98.68,183.8858,0.0208,0.0,100.0247,200.7373,49.0203,-16.5158,0.0,0.0001,1.8523,0.0002,6.4277,35.3955,9.0215,27.4245,36.2714
395.0,789.0,9.1395,38.0158,98.68,182.7402,0.0194,0.0,100.0133,200.7373,49.0203,-16.5158,0.0,0.0001,1.8486,-0.0017,6.4308,35.4029,9.0497,27.4257,36.2712
396.0,791.0,9.0818,37.9564,98.68,182.9948,0.0183,0.0,100.0251,200.7373,49.0203,-16.5158,0.0,0.0001,1.847,-0.0008,6.43,35.397,8.992,27.4305,36.2786
397.0,793.0,9.1004,37.9804,98.68,183.4657,0.0219,0.0,100.0133,200.7373,49.0203,-16.5158,0.0,0.0001,1.847,0.0002,6.4308,35.4026,9.0103,27.4319,36.2791
398.0,795.0,9.0895,37.968,98.68,183.2768,0.0237,0.0,100.0197,200.7373,49.0203,-16.5158,0.0,0.0001,1.8471,-0.0003,6.4311,35.3996,8.9992,27.4313,36.2791
399.0,797.0,9.0836,37.9647,98.68,182.6551,0.0221,0.0,100.0133,200.7374,49.0203,-16.5158,0.0,0.0001,1.8437,-0.0013,6.4339,35.401,8.9931,27.4335,36.2815
400.0,799.0,9.081,37.9659,98.68,183.0355,0.0228,0.0,100.0217,200.7374,49.0202,-16.5158,0.0,0.0001,1.8438,-0.0004,6.4346,35.404,8.9902,27.4362,36.2843
401.0,801.0,9.061,37.9489,98.68,183.1741,0.0219,0.0,100.0255,200.7374,49.0202,-16.5158,0.0,0.0001,1.8437,-0.0002,6.4357,35.4049,8.9701,27.4402,36.2892
402.0,803.0,9.0555,37.9449,98.68,183.2524,0.0207,0.0,100.0337,200.7374,49.0202,-16.5158,0.0,0.0001,1.8437,-0.0002,6.4391,35.4054,8.9644,27.4415,36.2907
403.0,805.0,9.0478,37.9386,98.68,183.3906,0.0222,0.0,100.0277,200.7375,49.0202,-16.5158,0.0,0.0001,1.8437,-0.0001,6.4413,35.4057,8.9566,27.4431,36.2926
404.0,807.0,9.0182,37.907,98.68,183.3951,0.0212,0.0,100.0222,200.7375,49.0202,-16.5158,0.0,0.0001,1.843,-0.0003,6.4486,35.401,8.9269,27.4441,36.295
405.0,809.0,8.9595,37.8422,98.68,183.2109,0.0227,0.0,100.022,200.7375,49.0202,-16.5158,0.0,0.0001,1.8425,-0.0005,6.4489,35.3905,8.8683,27.4453,36.2989
406.0,811.0,8.9764,37.8693,98.68,183.2527,0.0204,0.0,100.0189,200.7375,49.0202,-16.5158,0.0,0.0001,1.8396,-0.0008,6.4637,35.4012,8.8848,27.451,36.3038
407.0,813.0,8.9509,37.8406,98.68,182.9565,0.021,0.0,100.0422,200.7376,49.0202,-16.5158,0.0,0.0001,1.8382,-0.0012,6.4659,35.3954,8.8593,27.4506,36.3046
408.0,815.0,8.8535,37.7368,98.68,183.9252,0.0249,0.0,100.02,200.7376,49.0202,-16.5158,0.0,0.0001,1.8397,0.0006,6.4633,35.3824,8.7623,27.456,36.3143
409.0,817.0,8.8645,37.7532,98.68,183.9986,0.0221,0.0,100.0234,200.7376,49.0202,-16.5158,0.0,0.0001,1.8412,0.0004,6.4606,35.3879,8.7729,27.4585,36.3164
410.0,819.0,8.8793,37.774,98.68,183.585,0.0219,0.0,100.0082,200.7376,49.0202,-16.5158,0.0,0.0001,1.8404,-0.0002,6.4529,35.394,8.7874,27.461,36.3181
411.0,821.0,8.8942,37.7942,98.68,184.1809,0.019,0.0,100.0133,200.7376,49.0202,-16.5158,0.0,0.0001,1.8418,0.0008,6.4532,35.3996,8.8019,27.4631,36.3195
412.0,823.0,8.9321,37.8402,98.68,183.9487,0.0173,0.0,100.0133,200.7377,49.0202,-16.5158,0.0,0.0001,1.8417,0.0002,6.4545,35.4092,8.8394,27.4646,36.3192
413.0,825.0,8.9222,37.8332,98.68,183.788,0.0231,0.0,100.0038,200.7377,49.0202,-16.5158,0.0,0.0001,1.8406,-0.0003,6.458,35.4107,8.8293,27.4674,36.3224
414.0,827.0,8.9032,37.8139,98.68,183.0686,0.02,0.0,100.0079,200.7377,49.0202,-16.5158,0.0,0.0001,1.8385,-0.0011,6.4505,35.4083,8.8102,27.4686,36.3245
415.0,829.0,8.8781,37.7911,98.68,184.0988,0.0205,0.0,100.0133,200.7377,49.0202,-16.5158,0.0,0.0001,1.84,0.0006,6.4533,35.4086,8.785,27.4728,36.3298
416.0,831.0,8.9482,37.8787,98.68,183.5962,0.0217,0.0,100.0088,200.7378,49.0202,-16.5158,0.0,0.0001,1.84,0.0,6.45,35.4299,8.8544,27.4784,36.3321
417.0,833.0,8.9758,37.9102,98.68,183.3229,0.0254,0.0,100.0017,200.7378,49.0202,-16.5158,0.0,0.0001,1.8392,-0.0004,6.4442,35.4346,8.8817,27.4777,36.3301
418.0,835.0,8.9928,37.9352,98.68,182.4009,0.0209,0.0,100.0133,200.7378,49.0202,-16.5158,0.0,0.0001,1.8352,-0.0018,6.4457,35.443,8.8983,27.4816,36.3332
419.0,837.0,8.9782,37.9216,98.68,183.0572,0.0196,0.0,100.0133,200.7378,49.0202,-16.5158,0.0,0.0001,1.8358,-0.0003,6.4452,35.4421,8.8836,27.4834,36.3355
420.0,839.0,8.9645,37.9078,98.68,183.3928,0.0215,0.0,99.9839,200.7379,49.0202,-16.5157,0.0,0.0001,1.8359,-0.0001,6.4522,35.4403,8.8696,27.4842,36.337
421.0,841.0,8.9466,37.8881,98.68,183.2223,0.0196,0.0,99.9805,200.7379,49.0202,-16.5158,0.0,0.0001,1.8339,-0.0009,6.4675,35.4366,8.8517,27.4841,36.3378
422.0,843.0,8.8999,37.8396,98.68,182.7215,0.0207,0.0,99.9845,200.7379,49.0202,-16.5157,0.0,0.0001,1.8315,-0.0011,6.4626,35.4314,8.805,27.4875,36.3433
423.0,845.0,8.8235,37.7529,98.68,183.8154,0.0199,0.0,100.0066,200.7379,49.0202,-16.5157,0.0,0.0001,1.8339,0.0006,6.4663,35.4152,8.7289,27.4869,36.3463
424.0,847.0,8.7602,37.6813,98.68,184.2477,0.0186,0.0,99.9903,200.7379,49.0202,-16.5157,0.0,0.0001,1.8339,0.0003,6.4785,35.4021,8.6657,27.4868,36.3491
425.0,849.0,8.7736,37.7004,98.68,184.3344,0.0229,0.0,99.9845,200.738,49.0202,-16.5157,0.0,0.0001,1.8355,0.0001,6.4812,35.4079,8.6788,27.4892,36.3509
426.0,851.0,8.7482,37.6771,98.68,184.7938,0.0197,0.0,99.9845,200.738,49.0201,-16.5157,0.0,0.0001,1.8364,0.0009,6.4775,35.4078,8.6533,27.4931,36.3559
427.0,853.0,8.7333,37.6639,98.68,185.3,0.0163,0.0,99.9804,200.738,49.0201,-16.5157,0.0,0.0001,1.8383,0.0011,6.482,35.4077,8.6382,27.4955,36.3589
428.0,855.0,8.7299,37.6638,98.68,184.7827,0.0193,0.0,99.9732,200.738,49.0201,-16.5157,0.0,0.0001,1.8388,0.0001,6.4743,35.4101,8.6346,27.498,36.3615
429.0,857.0,8.7637,37.7097,98.68,184.6951,0.0182,0.0,99.9845,200.7381,49.0201,-16.5157,0.0,0.0001,1.8378,-0.0001,6.4769,35.424,8.668,27.5035,36.3654
430.0,859.0,8.7849,37.7377,98.68,183.96,0.0185,0.0,99.9845,200.7381,49.0201,-16.5157,0.0,0.0001,1.8365,-0.0012,6.4749,35.4315,8.6889,27.5061,36.367
431.0,861.0,8.7641,37.7183,98.68,184.3993,0.0198,0.0,99.9845,200.7381,49.0201,-16.5157,0.0,0.0001,1.8364,0.0,6.4688,35.4306,8.668,27.5087,36.3705
432.0,863.0,8.8129,37.7786,98.68,183.8311,0.02,0.0,99.9845,200.7381,49.0201,-16.5157,0.0,0.0001,1.8347,-0.0008,6.4684,35.4445,8.7161,27.512,36.3715
433.0,865.0,8.8183,37.7886,98.68,182.9445,0.0201,0.0,99.9845,200.7382,49.0201,-16.5157,0.0,0.0001,1.8314,-0.002,6.4673,35.4488,8.7213,27.5145,36.3737
434.0,867.0,8.8097,37.7837,98.68,183.2372,0.0183,0.0,99.9728,200.7382,49.0201,-16.5157,0.0,0.0001,1.8305,-0.0009,6.468,35.4514,8.7126,27.5179,36.3775
435.0,869.0,8.8163,37.7973,98.68,183.3976,0.0185,0.0,99.9845,200.7382,49.0201,-16.5157,0.0,0.0001,1.8291,-0.0005,6.4701,35.458,8.7188,27.5221,36.3813
436.0,871.0,8.8037,37.7856,98.68,183.7022,0.0196,0.0,99.9689,200.7382,49.0201,-16.5157,0.0,0.0001,1.8291,0.0,6.4721,35.4573,8.7061,27.5236,36.3833
437.0,873.0,8.7871,37.7708,98.68,183.7333,0.0232,0.0,99.9809,200.7382,49.0201,-16.5157,0.0,0.0001,1.8289,-0.0001,6.4739,35.4574,8.6893,27.5264,36.3868
438.0,875.0,8.7743,37.7607,98.68,183.397,0.0255,0.0,99.9556,200.7383,49.0201,-16.5157,0.0,0.0001,1.8278,-0.0007,6.4771,35.4586,8.6764,27.5293,36.3904
439.0,877.0,8.7689,37.7593,98.68,183.7494,0.0244,0.0,99.9646,200.7383,49.0201,-16.5157,0.0,0.0001,1.8281,0.0,6.4752,35.4616,8.6707,27.5326,36.3938
440.0,879.0,8.7429,37.7311,98.68,184.4918,0.0244,0.0,99.966,200.7383,49.0201,-16.5157,0.0,0.0001,1.8291,0.0007,6.4852,35.4567,8.6446,27.5329,36.3954
441.0,881.0,8.6968,37.6786,98.68,184.0797,0.0212,0.0,99.9831,200.7383,49.0201,-16.5157,0.0,0.0001,1.8282,-0.0004,6.4865,35.4466,8.5987,27.5322,36.3968
442.0,883.0,8.6507,37.631,98.68,184.9226,0.0173,0.0,99.9845,200.7384,49.0201,-16.5157,0.0,0.0001,1.8304,0.0013,6.4792,35.4414,8.5527,27.5354,36.4021
443.0,885.0,8.7101,37.7035,98.68,184.7884,0.0181,0.0,99.9595,200.7384,49.0201,-16.5157,0.0,0.0001,1.8315,0.0008,6.4762,35.4577,8.6114,27.5389,36.4028
444.0,887.0,8.7453,37.7471,98.68,184.023,0.0213,0.0,99.9556,200.7384,49.0201,-16.5157,0.0,0.0001,1.8308,-0.0005,6.4737,35.4675,8.6461,27.5411,36.4034
445.0,889.0,8.7696,37.7783,98.68,183.3418,0.0231,0.0,99.9556,200.7384,49.0201,-16.5157,0.0,0.0001,1.8274,-0.0014,6.4752,35.4755,8.6701,27.5436,36.4047
446.0,891.0,8.7639,37.7751,98.68,183.3325,0.0191,0.0,99.9789,200.7384,49.0201,-16.5157,0.0,0.0001,1.8254,-0.0011,6.4781,35.4768,8.6642,27.5455,36.4068
447.0,893.0,8.7496,37.7607,98.68,183.7954,0.0219,0.0,99.9687,200.7385,49.0201,-16.5157,0.0,0.0001,1.8256,-0.0001,6.479,35.4749,8.6498,27.5464,36.4084
448.0,895.0,8.7242,37.7345,98.68,184.3097,0.0211,0.0,99.9514,200.7385,49.0201,-16.5157,0.0,0.0001,1.8258,0.0004,6.4836,35.472,8.6243,27.5481,36.4112
449.0,897.0,8.7055,37.7167,98.68,183.8366,0.0184,0.0,99.9462,200.7385,49.0201,-16.5157,0.0,0.0001,1.8251,-0.0006,6.4856,35.471,8.6055,27.5503,36.4143
450.0,899.0,8.6935,37.7065,98.68,184.1703,0.018,0.0,99.9556,200.7385,49.0201,-16.5157,0.0,0.0001,1.8254,0.0,6.4863,35.4713,8.5933,27.5525,36.417
451.0,901.0,8.6837,37.6979,98.68,184.3217,0.0181,0.0,99.9556,200.7386,49.0201,-16.5157,0.0,0.0001,1.8255,0.0002,6.4872,35.471,8.5833,27.5538,36.4187
452.0,903.0,8.6759,37.691,98.68,183.9657,0.0181,0.0,99.9556,200.7386,49.0201,-16.5157,0.0,0.0001,1.8245,-0.0005,6.4881,35.4705,8.5753,27.5547,36.42
453.0,905.0,8.672,37.6887,98.68,184.4794,0.0193,0.0,99.9462,200.7386,49.0201,-16.5157,0.0,0.0001,1.825,0.0002,6.4909,35.4711,8.5712,27.5558,36.4213
454.0,907.0,8.6713,37.6884,98.68,184.293,0.0192,0.0,99.9556,200.7386,49.0201,-16.5157,0.0,0.0001,1.8244,-0.0002,6.4931,35.4706,8.5703,27.5555,36.4211
455.0,909.0,8.6508,37.6693,98.68,184.4776,0.0189,0.0,99.9374,200.7386,49.0201,-16.5157,0.0,0.0001,1.8247,0.0,6.4937,35.4701,8.5498,27.5583,36.4248
456.0,911.0,8.6331,37.6529,98.68,184.7793,0.0217,0.0,99.9511,200.7387,49.0201,-16.5157,0.0,0.0001,1.8255,0.0003,6.4949,35.4694,8.5319,27.5606,36.4279
457.0,913.0,8.6264,37.6465,98.68,184.1926,0.0199,0.0,99.9435,200.7387,49.0201,-16.5157,0.0,0.0001,1.8237,-0.0008,6.4969,35.4684,8.525,27.561,36.4285
458.0,915.0,8.6223,37.6427,98.68,184.2352,0.0178,0.0,99.9496,200.7387,49.0201,-16.5157,0.0,0.0001,1.823,-0.0005,6.4962,35.4678,8.5207,27.5611,36.4289
459.0,917.0,8.6149,37.636,98.68,184.8921,0.0181,0.0,99.9467,200.7387,49.02,-16.5156,0.0,0.0001,1.8245,0.0005,6.4966,35.467,8.5132,27.5617,36.4298
460.0,919.0,8.605,37.627,98.68,185.0318,0.0205,0.0,99.9347,200.7388,49.02,-16.5156,0.0,0.0001,1.8246,0.0001,6.5058,35.4665,8.503,27.5629,36.4315
461.0,921.0,8.5879,37.608,98.68,184.8977,0.0207,0.0,99.9391,200.7388,49.02,-16.5156,0.0,0.0001,1.8234,-0.0005,6.5133,35.4626,8.4858,27.5625,36.4319
462.0,923.0,8.4981,37.507,98.68,185.6339,0.0203,0.0,99.9336,200.7388,49.02,-16.5156,0.0,0.0001,1.8242,0.0009,6.5129,35.4445,8.3964,27.5623,36.4359
463.0,925.0,8.3514,37.3398,98.68,186.3871,0.0169,0.0,99.9476,200.7388,49.02,-16.5156,0.0,0.0001,1.8258,-0.0001,6.555,35.413,8.2505,27.5602,36.4407
464.0,927.0,8.2355,37.2091,98.68,187.6985,0.0196,0.0,99.9463,200.7389,49.02,-16.5156,0.0,0.0001,1.8274,0.0017,6.5572,35.3893,8.1352,27.5592,36.4453
465.0,929.0,8.2233,37.1971,98.68,188.5616,0.0228,0.0,99.9555,200.7389,49.02,-16.5156,0.0,0.0001,1.8311,0.0019,6.5653,35.3877,8.1228,27.5598,36.4465
466.0,931.0,8.201,37.1735,98.68,188.4819,0.0236,0.0,99.9475,200.7389,49.02,-16.5156,0.0,0.0001,1.833,0.001,6.5655,35.384,8.1005,27.5603,36.448
467.0,933.0,8.1649,37.1365,98.68,189.0696,0.022,0.0,99.9538,200.7389,49.02,-16.5156,0.0,0.0001,1.8357,0.0015,6.5649,35.38,8.0644,27.5627,36.4521
468.0,935.0,8.1711,37.146,98.68,189.2516,0.0196,0.0,99.959,200.7389,49.02,-16.5156,0.0,0.0001,1.8372,0.0013,6.5649,35.3831,8.0703,27.5642,36.4533
469.0,937.0,8.1679,37.1442,98.68,189.0248,0.0206,0.0,99.9528,200.739,49.02,-16.5156,0.0,0.0001,1.8379,0.0003,6.5667,35.3833,8.0669,27.5649,36.4542
470.0,939.0,8.161,37.138,98.68,188.8405,0.0227,0.0,99.95,200.739,49.02,-16.5156,0.0,0.0001,1.8376,-0.0001,6.5633,35.3827,8.0598,27.5655,36.4551
471.0,941.0,8.1666,37.1466,98.68,189.1577,0.0243,0.0,99.9619,200.739,49.02,-16.5156,0.0,0.0001,1.8377,0.0005,6.561,35.3853,8.0652,27.5668,36.456
472.0,943.0,8.1915,37.1803,98.68,188.7693,0.0238,0.0,99.9504,200.739,49.02,-16.5156,0.0,0.0001,1.8378,-0.0003,6.5618,35.3953,8.0897,27.5709,36.4589
473.0,945.0,8.2032,37.1964,98.68,188.3724,0.0197,0.0,99.9556,200.7391,49.02,-16.5156,0.0,0.0001,1.8364,-0.001,6.5666,35.3999,8.1011,27.5727,36.4602
474.0,947.0,8.1847,37.1788,98.68,188.6242,0.0193,0.0,99.9551,200.7391,49.02,-16.5156,0.0,0.0001,1.8362,-0.0003,6.5657,35.3989,8.0824,27.5748,36.4631
475.0,949.0,8.1237,37.1151,98.68,189.0476,0.018,0.0,99.959,200.7391,49.02,-16.5156,0.0,0.0001,1.8367,0.0,6.5709,35.391,8.0217,27.5778,36.469
476.0,951.0,8.1164,37.1106,98.68,189.6844,0.023,0.0,99.946,200.7391,49.02,-16.5156,0.0,0.0001,1.838,0.001,6.5655,35.3926,8.0142,27.5802,36.4716
477.0,953.0,8.1703,37.1781,98.68,189.3252,0.0194,0.0,99.9556,200.7392,49.02,-16.5156,0.0,0.0001,1.8377,0.0001,6.5668,35.4094,8.0674,27.5853,36.4742
478.0,955.0,8.1877,37.2007,98.68,189.0863,0.0229,0.0,99.9556,200.7392,49.02,-16.5156,0.0,0.0001,1.8375,-0.0004,6.5711,35.4152,8.0845,27.5873,36.4753
479.0,957.0,8.1374,37.1431,98.68,188.3715,0.0217,0.0,99.9556,200.7392,49.02,-16.5156,0.0,0.0001,1.8339,-0.0015,6.5766,35.4035,8.0343,27.5857,36.4761
480.0,959.0,8.0913,37.0991,98.68,188.7915,0.0199,0.0,99.9556,200.7392,49.02,-16.5156,0.0,0.0001,1.8339,-0.0005,6.5745,35.4017,7.9884,27.5913,36.4838
481.0,961.0,8.0925,37.1033,98.68,190.0555,0.0189,0.0,99.9516,200.7392,49.02,-16.5156,0.0,0.0001,1.8359,0.0014,6.5754,35.404,7.9893,27.5929,36.4853
482.0,963.0,8.1022,37.1139,98.68,189.6922,0.0221,0.0,99.9579,200.7393,49.02,-16.5156,0.0,0.0001,1.8367,0.0,6.5811,35.4048,7.9987,27.5921,36.4841
483.0,965.0,8.0804,37.0897,98.68,189.8164,0.0245,0.0,99.9676,200.7393,49.02,-16.5156,0.0,0.0001,1.8364,-0.0003,6.5967,35.3998,7.9768,27.5915,36.4845
484.0,967.0,8.0203,37.0253,98.68,190.0113,0.0216,0.0,99.9737,200.7393,49.02,-16.5156,0.0,0.0001,1.8364,-0.0003,6.6035,35.3905,7.9169,27.5933,36.4891
485.0,969.0,7.9554,36.9559,98.68,190.863,0.0188,0.0,99.9597,200.7393,49.02,-16.5156,0.0,0.0001,1.8371,0.0008,6.6051,35.3806,7.8523,27.5951,36.4941
486.0,971.0,7.9128,36.9108,98.68,191.6896,0.0149,0.0,99.9845,200.7394,49.02,-16.5156,0.0,0.0001,1.8398,0.0015,6.6054,35.3741,7.8098,27.5964,36.4974
487.0,973.0,7.91,36.9085,98.68,191.5805,0.0174,0.0,99.9897,200.7394,49.02,-16.5156,0.0,0.0001,1.842,0.0007,6.6056,35.3737,7.8068,27.5965,36.4977
488.0,975.0,7.906,36.9054,98.68,191.4785,0.0211,0.0,99.9798,200.7394,49.02,-16.5155,0.0,0.0001,1.8423,0.0003,6.6062,35.3735,7.8026,27.597,36.4983
489.0,977.0,7.9108,36.9145,98.68,191.3868,0.0212,0.0,99.9845,200.7394,49.02,-16.5155,0.0,0.0001,1.8413,-0.0002,6.6112,35.3773,7.8071,27.5993,36.5003
490.0,979.0,7.8729,36.8773,98.68,191.2238,0.0201,0.0,99.968,200.7395,49.0199,-16.5155,0.0,0.0001,1.842,0.0001,6.597,35.3747,7.7693,27.6029,36.5057
491.0,981.0,7.9165,36.9331,98.68,192.1756,0.018,0.0,99.988,200.7395,49.0199,-16.5155,0.0,0.0001,1.8431,0.0015,6.5879,35.3897,7.8124,27.6083,36.5089
492.0,983.0,8.0089,37.0393,98.68,191.1255,0.0193,0.0,99.9791,200.7395,49.0199,-16.5155,0.0,0.0001,1.8443,-0.0001,6.5762,35.4096,7.9038,27.6102,36.5064
493.0,985.0,8.0702,37.1122,98.68,190.3872,0.0186,0.0,99.9773,200.7395,49.0199,-16.5155,0.0,0.0001,1.8437,-0.001,6.5724,35.4251,7.9644,27.6133,36.5065
494.0,987.0,8.1164,37.1686,98.68,189.4221,0.0207,0.0,99.9921,200.7395,49.0199,-16.5155,0.0,0.0001,1.8384,-0.0021,6.5795,35.4378,8.0101,27.6163,36.5073
495.0,989.0,8.0708,37.1205,98.68,189.63,0.0233,0.0,99.9989,200.7396,49.0199,-16.5155,0.0,0.0001,1.8356,-0.0012,6.5855,35.4312,7.9645,27.6181,36.5112
496.0,991.0,8.0304,37.0768,98.68,190.4769,0.0221,0.0,99.9845,200.7396,49.0199,-16.5155,0.0,0.0001,1.8355,0.0004,6.5856,35.4243,7.9242,27.6187,36.5138
497.0,993.0,8.0254,37.072,98.68,190.5224,0.0225,0.0,99.9945,200.7396,49.0199,-16.5155,0.0,0.0001,1.8361,0.0004,6.5844,35.4232,7.919,27.6186,36.5139
498.0,995.0,8.0157,37.0627,98.68,190.7942,0.0226,0.0001,99.8286,200.7396,49.0199,-16.5155,0.0,0.0001,1.8376,0.0007,6.5801,35.4221,7.9091,27.6192,36.515
499.0,997.0,8.0268,37.0767,98.68,190.8099,0.0218,0.0,99.9727,200.7397,49.0199,-16.5155,0.0,0.0001,1.8376,0.0008,6.5686,35.4254,7.9199,27.6202,36.5154
500.0,999.0,8.1075,37.1772,98.68,190.1857,0.0197,0.0,100.0018,200.7397,49.0199,-16.5155,0.0,0.0001,1.8376,-0.0004,6.5675,35.4505,7.9998,27.6278,36.5191
501.0,1001.0,8.1341,37.2099,98.68,189.5606,0.0195,0.0,99.992,200.7397,49.0199,-16.5155,0.0,0.0001,1.8349,-0.0012,6.5737,35.4575,8.026,27.6294,36.5194
502.0,1003.0,8.0826,37.1536,98.68,189.7187,0.0187,0.0,100.0037,200.7398,49.0199,-16.5155,0.0,0.0001,1.8336,-0.0005,6.5777,35.4484,7.9746,27.63,36.5225
503.0,1005.0,8.0845,37.1586,98.68,190.4445,0.0216,0.0,100.0023,200.7398,49.0199,-16.5155,0.0,0.0001,1.834,0.0005,6.5738,35.4509,7.9763,27.6318,36.5241
504.0,1007.0,8.1047,37.1831,98.68,190.1172,0.0251,0.0,99.99,200.7398,49.0199,-16.5155,0.0,0.0001,1.8342,-0.0001,6.5739,35.4559,7.9961,27.6327,36.524
505.0,1009.0,8.0916,37.1685,98.68,190.4331,0.0187,0.0,99.9601,200.7399,49.0199,-16.5155,0.0,0.0001,1.8357,0.0001,6.574,35.4523,7.9828,27.6318,36.5238
506.0,1011.0,8.0828,37.1605,98.68,190.5211,0.0196,0.0,99.8904,200.7405,49.0198,-16.5154,0.0,0.0001,1.8361,0.0,6.5763,35.4518,7.9739,27.6328,36.5252
507.0,1013.0,8.075,37.1536,98.68,190.5094,0.0197,0.0001,99.8632,200.7408,49.0197,-16.5153,0.0,0.0001,1.8355,0.0001,6.5761,35.4518,7.966,27.634,36.5268
