Datacycle,press,temp,cond,alt,oxygen,fluor,atten,trans,jday,lat,lon,PAR,UPAR,oxV,oxdVdt,oxysat,salin,potemp,sigma0,sigma2
1.0,1.0,15.5822,44.2234,2.6744,247.1222,0.7528,0.0039,90.7769,197.4382,48.9764,-16.4097,0.0,0.0001,2.756,-0.0012,5.5977,35.6597,15.5819,26.3506,34.9369
2.0,3.0,15.5915,44.2335,1.9945,247.6751,0.7604,0.0036,91.2755,197.4383,48.9764,-16.4097,0.0,0.0001,2.7581,0.0001,5.5971,35.6598,15.591,26.3486,34.9346
3.0,5.0,15.6159,44.2582,22.518,247.68,0.7929,0.0036,91.3632,197.4385,48.9765,-16.4097,0.0,0.0001,2.7578,0.0001,5.5962,35.6593,15.6152,26.3428,34.9279
4.0,7.0,15.6117,44.255,84.1547,247.5109,0.8285,0.0036,91.3279,197.4386,48.9765,-16.4097,0.0,0.0001,2.7558,-0.0003,5.5979,35.6593,15.6106,26.3439,34.9291
5.0,9.0,15.5896,44.2358,94.3657,247.3066,0.832,0.0036,91.2723,197.4387,48.9765,-16.4097,0.0,0.0001,2.7542,-0.0005,5.5976,35.6613,15.5882,26.3505,34.9365
6.0,11.0,15.5859,44.2334,92.7401,246.9956,0.8751,0.0036,91.2893,197.4388,48.9765,-16.4097,0.0,0.0001,2.7506,-0.0005,5.5985,35.6616,15.5843,26.3516,34.9378
7.0,13.0,15.5823,44.2314,95.6233,247.3016,0.9006,0.0036,91.2669,197.4389,48.9765,-16.4098,0.0,0.0001,2.7508,0.0002,5.5992,35.6622,15.5803,26.3529,34.9392
8.0,15.0,15.5806,44.2307,82.4595,246.9127,0.9212,0.0037,91.2141,197.4389,48.9765,-16.4098,0.0,0.0001,2.7484,-0.0007,5.6,35.6623,15.5783,26.3535,34.9398
9.0,17.0,15.5746,44.2254,98.71,247.0826,0.9503,0.0037,91.2317,197.439,48.9765,-16.4098,0.0,0.0001,2.7477,0.0001,5.6004,35.6621,15.572,26.3547,34.9413
10.0,19.0,15.5696,44.2209,94.1383,246.9369,0.9488,0.0037,91.2323,197.4391,48.9765,-16.4098,0.0,0.0001,2.7468,-0.0003,5.6012,35.6619,15.5666,26.3558,34.9426
11.0,21.0,15.5609,44.2127,85.701,246.9689,0.9426,0.0037,91.2689,197.4391,48.9765,-16.4098,0.0,0.0001,2.7451,0.0001,5.6017,35.6614,15.5576,26.3574,34.9445
12.0,23.0,15.5582,44.2104,96.2716,246.8646,0.9756,0.0036,91.305,197.4392,48.9765,-16.4098,0.0,0.0001,2.7434,-0.0004,5.6041,35.6611,15.5546,26.3579,34.9451
13.0,25.0,15.5252,44.1761,98.71,246.4304,1.0166,0.0035,91.5819,197.4393,48.9765,-16.4098,0.0,0.0001,2.7394,-0.0012,5.6079,35.6591,15.5213,26.3639,34.9523
14.0,27.0,15.4716,44.1195,98.71,245.3173,1.0602,0.003,92.6262,197.4393,48.9765,-16.4098,0.0,0.0001,2.729,-0.0017,5.6108,35.6557,15.4674,26.3734,34.9637
15.0,29.0,15.4602,44.1091,90.4051,244.4423,1.0303,0.0029,93.109,197.4394,48.9765,-16.4098,0.0,0.0001,2.7191,-0.0026,5.6199,35.6559,15.4558,26.3762,34.9669
16.0,31.0,15.3722,44.0229,97.578,243.4457,0.9589,0.0025,94.0215,197.4394,48.9765,-16.4098,0.0,0.0001,2.7068,-0.0017,5.6221,35.6569,15.3674,26.3968,34.9907
17.0,33.0,15.367,44.0218,98.7062,243.2227,0.8916,0.0023,94.4459,197.4395,48.9765,-16.4098,0.0,0.0001,2.7028,-0.0011,5.6234,35.6599,15.362,26.4003,34.9944
18.0,35.0,15.3695,44.0274,88.9614,242.8277,0.8494,0.0022,94.7218,197.4396,48.9765,-16.4098,0.0,0.0001,2.698,-0.0008,5.624,35.6618,15.3641,26.4013,34.9952
19.0,37.0,15.3557,44.0151,97.1848,242.2548,0.8111,0.0021,94.971,197.4396,48.9765,-16.4097,0.0,0.0001,2.6926,-0.001,5.6251,35.6623,15.35,26.4049,34.9993
20.0,39.0,15.3488,44.0084,98.6509,242.2305,0.7803,0.002,95.0934,197.4397,48.9765,-16.4097,0.0,0.0001,2.6897,-0.0006,5.6278,35.6617,15.3428,26.406,35.0007
21.0,41.0,15.3018,43.9596,96.0581,241.0433,0.7056,0.0018,95.5644,197.4397,48.9765,-16.4097,0.0,0.0001,2.6819,-0.0024,5.6305,35.6593,15.2955,26.4148,35.0112
22.0,43.0,15.2482,43.9129,92.3691,240.8714,0.6333,0.0017,95.8304,197.4398,48.9765,-16.4097,0.0,0.0001,2.6738,-0.0029,5.6533,35.6649,15.2416,26.4311,35.0293
23.0,45.0,14.8819,43.5761,98.4747,240.7455,0.5033,0.0014,96.6147,197.4398,48.9765,-16.4097,0.0,0.0001,2.6626,-0.0001,5.6647,35.691,14.8751,26.5324,35.1434
24.0,47.0,14.8276,43.5155,98.71,239.9546,0.4532,0.0013,96.7713,197.4399,48.9765,-16.4097,0.0,0.0001,2.6522,-0.004,5.7033,35.6846,14.8206,26.5394,35.1524
25.0,49.0,14.3976,43.1078,84.1315,240.9673,0.3259,0.0009,97.6409,197.4399,48.9765,-16.4097,0.0,0.0001,2.6439,-0.0018,5.74,35.7032,14.3904,26.6473,35.2756
26.0,51.0,14.2042,42.9184,98.7256,239.3278,0.2913,0.0008,97.9717,197.44,48.9765,-16.4097,0.0,0.0001,2.6218,-0.0045,5.7858,35.7052,14.1968,26.6903,35.3257
27.0,53.0,13.8199,42.5432,82.139,238.0235,0.2226,0.0006,98.4923,197.44,48.9765,-16.4097,0.0,0.0001,2.6012,-0.0056,5.8236,35.7107,13.8123,26.7761,35.4257
28.0,55.0,13.4165,42.1496,93.4408,238.6257,0.1491,0.0004,99.0973,197.4401,48.9765,-16.4097,0.0,0.0001,2.5891,0.0007,5.8336,35.7155,13.4087,26.8639,35.5285
29.0,57.0,13.2472,41.9815,98.71,235.3637,0.1221,0.0002,99.3399,197.4401,48.9765,-16.4097,0.0,0.0001,2.5659,-0.0077,5.8784,35.7141,13.2392,26.8977,35.5687
30.0,59.0,13.1558,41.8922,97.5337,235.977,0.0833,0.0002,99.5493,197.4402,48.9765,-16.4097,0.0,0.0001,2.556,-0.0015,5.8819,35.7142,13.1476,26.9164,35.5909
31.0,61.0,13.1159,41.8539,88.3071,235.6364,0.0758,0.0002,99.6303,197.4402,48.9765,-16.4097,0.0,0.0001,2.5508,-0.0013,5.8876,35.7145,13.1075,26.9249,35.6009
32.0,63.0,13.0729,41.8122,79.8877,235.7802,0.0697,0.0001,99.6964,197.4403,48.9765,-16.4097,0.0,0.0001,2.5479,-0.0004,5.8925,35.7143,13.0642,26.9335,35.6111
33.0,65.0,13.0447,41.7859,95.4564,235.8485,0.063,0.0001,99.7598,197.4403,48.9765,-16.4097,0.0,0.0001,2.5471,-0.0003,5.8948,35.7149,13.0357,26.9397,35.6185
34.0,67.0,13.0256,41.766,98.71,235.2692,0.0665,0.0001,99.8103,197.4404,48.9765,-16.4097,0.0,0.0001,2.5426,-0.0013,5.8978,35.713,13.0164,26.9422,35.6217
35.0,69.0,12.9822,41.7213,98.71,235.7331,0.0608,0.0001,99.8481,197.4404,48.9765,-16.4097,0.0,0.0001,2.5422,0.0,5.9022,35.7104,12.9727,26.949,35.6302
36.0,71.0,12.963,41.7025,98.71,235.5718,0.0594,0.0,99.8908,197.4405,48.9765,-16.4097,0.0,0.0001,2.5407,-0.0005,5.9051,35.7096,12.9532,26.9524,35.6343
37.0,73.0,12.9472,41.687,86.3834,235.8686,0.0574,0.0,99.9136,197.4405,48.9765,-16.4097,0.0,0.0001,2.5411,0.0001,5.9063,35.7087,12.9371,26.9549,35.6375
38.0,75.0,12.9321,41.6714,98.7092,234.8735,0.0583,0.0,99.9317,197.4406,48.9765,-16.4097,0.0,0.0001,2.5353,-0.0019,5.9088,35.7072,12.9219,26.9568,35.64
39.0,77.0,12.9111,41.6517,95.2113,235.7588,0.0529,0.0,99.9711,197.4406,48.9765,-16.4097,0.0,0.0001,2.5376,0.0003,5.9096,35.7073,12.9005,26.9612,35.6452
40.0,79.0,12.9049,41.6451,96.9607,235.253,0.0496,0.0,99.9989,197.4407,48.9765,-16.4097,0.0,0.0001,2.535,-0.001,5.9117,35.706,12.8941,26.9615,35.6457
41.0,81.0,12.8903,41.6312,98.71,235.8227,0.049,0.0,100.0191,197.4407,48.9764,-16.4097,0.0,0.0001,2.5366,0.0002,5.9121,35.7055,12.8792,26.9641,35.6489
42.0,83.0,12.8853,41.628,84.9781,235.7887,0.0487,0.0,100.0396,197.4408,48.9764,-16.4097,0.0,0.0001,2.5356,-0.0001,5.9146,35.7063,12.874,26.9657,35.6508
43.0,85.0,12.8684,41.6107,98.7095,235.8634,0.0435,0.0,100.0596,197.4408,48.9764,-16.4097,0.0,0.0001,2.5351,-0.0002,5.9183,35.7048,12.8567,26.968,35.6538
44.0,87.0,12.8417,41.5814,98.71,236.0204,0.0423,0.0,100.0807,197.4408,48.9764,-16.4096,0.0,0.0001,2.5345,-0.0001,5.9224,35.7012,12.8298,26.9707,35.6575
45.0,89.0,12.813,41.549,85.5502,235.6028,0.0428,0.0,100.0904,197.4409,48.9764,-16.4097,0.0,0.0001,2.5312,-0.0006,5.9242,35.6962,12.8009,26.9726,35.6606
46.0,91.0,12.7961,41.5308,98.71,234.893,0.0396,-0.0001,100.1277,197.4409,48.9764,-16.4096,0.0,0.0001,2.5265,-0.002,5.9268,35.6939,12.7837,26.9742,35.6629
47.0,93.0,12.7805,41.5149,49.8267,235.5702,0.0395,-0.0001,100.1448,197.441,48.9764,-16.4096,0.0,0.0001,2.5262,0.0005,5.9273,35.6925,12.7678,26.9763,35.6656
48.0,95.0,12.7778,41.5127,98.2403,235.0309,0.037,-0.0001,100.1565,197.441,48.9764,-16.4096,0.0,0.0001,2.5241,-0.0009,5.9282,35.6921,12.7648,26.9766,35.666
49.0,97.0,12.7639,41.4977,98.71,235.1912,0.0376,-0.0001,100.1476,197.4411,48.9764,-16.4096,0.0,0.0001,2.5227,-0.0003,5.9313,35.6899,12.7507,26.9777,35.6677
50.0,99.0,12.737,41.4675,98.7062,235.4613,0.0356,-0.0001,100.1468,197.4411,48.9764,-16.4096,0.0,0.0001,2.5234,0.0003,5.9304,35.6853,12.7234,26.9797,35.6708
51.0,101.0,12.7308,41.4613,81.309,234.8793,0.0404,-0.0001,100.1615,197.4412,48.9764,-16.4096,0.0,0.0001,2.5198,-0.001,5.9346,35.6845,12.7171,26.9803,35.6716
52.0,103.0,12.7177,41.4469,98.71,234.8478,0.0404,-0.0001,100.1652,197.4412,48.9764,-16.4096,0.0,0.0001,2.5179,-0.0006,5.935,35.6821,12.7036,26.9811,35.673
53.0,105.0,12.7183,41.4499,80.9727,235.3252,0.0393,-0.0001,100.1767,197.4413,48.9764,-16.4096,0.0,0.0001,2.5194,0.0004,5.934,35.6836,12.7041,26.9822,35.6741
54.0,107.0,12.7244,41.4601,97.6707,235.645,0.0465,-0.0001,100.1646,197.4414,48.9764,-16.4096,0.0,0.0001,2.5227,-0.0001,5.9335,35.6865,12.7098,26.9833,35.6749
55.0,109.0,12.7222,41.4588,88.7851,235.7943,0.0371,-0.0001,100.1629,197.4415,48.9764,-16.4096,0.0,0.0001,2.5234,0.0003,5.9329,35.6867,12.7073,26.9839,35.6756
56.0,111.0,12.7125,41.4485,87.848,235.7766,0.0308,-0.0001,100.1757,197.4416,48.9764,-16.4096,0.0,0.0001,2.5221,-0.0001,5.938,35.685,12.6973,26.9847,35.6768
57.0,113.0,12.6764,41.4081,95.8965,235.5906,0.0342,-0.0001,100.1641,197.4417,48.9764,-16.4096,0.0,0.0001,2.5194,-0.0006,5.9433,35.6796,12.6611,26.9877,35.6813
58.0,115.0,12.6455,41.3738,98.6426,235.5437,0.0333,-0.0001,100.187,197.4417,48.9764,-16.4096,0.0,0.0001,2.5177,-0.0005,5.9453,35.6748,12.6299,26.9902,35.685
59.0,117.0,12.6215,41.3466,89.4821,235.4557,0.0317,-0.0001,100.1443,197.4418,48.9764,-16.4096,0.0,0.0001,2.5152,-0.0004,5.9486,35.6705,12.6057,26.9916,35.6875
60.0,119.0,12.605,41.328,89.0039,234.6823,0.0293,-0.0001,100.1766,197.4418,48.9764,-16.4096,0.0,0.0001,2.5104,-0.0016,5.9505,35.6672,12.5889,26.9924,35.6889
61.0,121.0,12.5975,41.3203,98.5304,234.6098,0.0301,-0.0001,100.1658,197.4419,48.9764,-16.4096,0.0,0.0001,2.5067,-0.0007,5.9516,35.6661,12.5811,26.9931,35.69
62.0,123.0,12.582,41.3032,98.7089,235.2501,0.03,-0.0001,100.1614,197.4419,48.9764,-16.4096,0.0,0.0001,2.5074,0.0007,5.9557,35.6635,12.5654,26.9942,35.6917
63.0,125.0,12.5551,41.2734,98.71,235.8327,0.03,-0.0001,100.1609,197.442,48.9764,-16.4096,0.0,0.0001,2.5117,0.001,5.9544,35.6593,12.5382,26.9963,35.6949
64.0,127.0,12.5447,41.2627,84.0135,235.4583,0.0318,-0.0001,100.1617,197.442,48.9764,-16.4096,0.0,0.0001,2.511,-0.0007,5.9577,35.6581,12.5276,26.9975,35.6965
65.0,129.0,12.5269,41.2437,98.7025,235.1955,0.0323,-0.0001,100.1598,197.4421,48.9763,-16.4096,0.0,0.0001,2.5067,-0.0004,5.9604,35.6556,12.5095,26.9991,35.6989
66.0,131.0,12.5081,41.2229,57.2253,235.5687,0.03,-0.0001,100.1419,197.4421,48.9763,-16.4096,0.0,0.0001,2.5068,0.0002,5.9647,35.6526,12.4905,27.0005,35.7011
67.0,133.0,12.4896,41.203,84.3186,236.2492,0.0299,-0.0001,100.1521,197.4422,48.9763,-16.4096,0.0,0.0001,2.5112,0.0007,5.9643,35.6498,12.4717,27.0021,35.7034
68.0,135.0,12.4837,41.1973,98.71,236.1501,0.0275,-0.0001,100.1396,197.4422,48.9763,-16.4095,0.0,0.0001,2.5111,-0.0001,5.9657,35.6491,12.4656,27.0027,35.7043
69.0,137.0,12.4725,41.1861,88.0187,236.5561,0.0256,-0.0001,100.1412,197.4423,48.9763,-16.4095,0.0,0.0001,2.5131,0.0003,5.9664,35.6478,12.4541,27.004,35.7061
70.0,139.0,12.4755,41.1894,90.3271,236.0378,0.028,-0.0001,100.1423,197.4423,48.9763,-16.4095,0.0,0.0001,2.5101,-0.0008,5.9685,35.6476,12.4569,27.0033,35.7052
71.0,141.0,12.4579,41.171,53.6479,236.3655,0.0294,-0.0001,100.1376,197.4423,48.9763,-16.4095,0.0,0.0001,2.5103,0.0001,5.9684,35.6453,12.4389,27.005,35.7077
72.0,143.0,12.4605,41.1742,90.647,235.8668,0.0275,-0.0001,100.1305,197.4424,48.9763,-16.4095,0.0,0.0001,2.5076,-0.0012,5.9717,35.6454,12.4413,27.0047,35.7072
73.0,145.0,12.4293,41.1404,98.71,235.937,0.0292,-0.0001,100.1298,197.4424,48.9763,-16.4095,0.0,0.0001,2.5053,-0.0004,5.9728,35.6412,12.4099,27.0075,35.7114
74.0,147.0,12.423,41.1346,98.71,235.2407,0.0274,0.0,100.1214,197.4425,48.9763,-16.4095,0.0,0.0001,2.5009,-0.0016,5.9756,35.6406,12.4033,27.0084,35.7125
75.0,149.0,12.4056,41.1164,98.71,234.9644,0.0267,0.0,100.128,197.4425,48.9763,-16.4095,0.0,0.0001,2.4969,-0.0011,5.9761,35.6387,12.3856,27.0104,35.7152
76.0,151.0,12.4005,41.1119,70.1688,234.9049,0.0268,-0.0001,100.103,197.4426,48.9763,-16.4095,0.0,0.0001,2.4947,-0.0007,5.9773,35.6384,12.3802,27.0112,35.7163
77.0,153.0,12.3861,41.0969,97.3051,234.7464,0.0281,0.0,100.1202,197.4426,48.9763,-16.4095,0.0,0.0001,2.4917,-0.0004,5.9793,35.6367,12.3656,27.0128,35.7184
78.0,155.0,12.3761,41.0864,98.7,234.5055,0.028,-0.0001,100.1209,197.4427,48.9763,-16.4095,0.0,0.0001,2.4898,-0.0008,5.98,35.635,12.3553,27.0135,35.7195
79.0,157.0,12.3707,41.0813,89.8537,234.4996,0.0283,0.0,100.1137,197.4427,48.9763,-16.4095,0.0,0.0001,2.4878,-0.0003,5.9808,35.6343,12.3497,27.014,35.7203
80.0,159.0,12.3653,41.0765,98.71,234.5071,0.0281,0.0,100.1091,197.4427,48.9763,-16.4095,0.0,0.0001,2.487,-0.0002,5.9812,35.6341,12.344,27.015,35.7215
81.0,161.0,12.3476,41.0573,79.5918,234.53,0.0279,0.0,100.0903,197.4428,48.9763,-16.4095,0.0,0.0001,2.486,-0.0002,5.9846,35.6313,12.3261,27.0163,35.7236
82.0,163.0,12.3305,41.0387,98.6994,234.1652,0.0279,0.0,100.0889,197.4428,48.9763,-16.4095,0.0,0.0001,2.4833,-0.001,5.987,35.6287,12.3087,27.0177,35.7257
83.0,165.0,12.314,41.0214,98.71,234.6771,0.0259,0.0,100.0774,197.4429,48.9763,-16.4095,0.0,0.0001,2.4836,0.0003,5.9892,35.6267,12.292,27.0194,35.728
84.0,167.0,12.2959,41.0026,73.4215,234.291,0.0271,0.0,100.0687,197.4429,48.9763,-16.4095,0.0,0.0001,2.4819,-0.0008,5.9916,35.6247,12.2737,27.0215,35.7308
85.0,169.0,12.2694,40.9736,85.9228,235.1651,0.0273,0.0,100.0685,197.443,48.9762,-16.4094,0.0,0.0001,2.4832,0.0016,5.9916,35.6207,12.2469,27.0236,35.734
86.0,171.0,12.2724,40.9773,98.3608,234.5472,0.0274,0.0,100.068,197.443,48.9762,-16.4094,0.0,0.0001,2.482,-0.0008,5.9955,35.6208,12.2497,27.0231,35.7334
87.0,173.0,12.2418,40.9456,98.71,234.9203,0.0269,0.0,100.0653,197.4431,48.9762,-16.4094,0.0,0.0001,2.4815,0.0002,5.9982,35.6181,12.2188,27.027,35.7386
88.0,175.0,12.225,40.9277,66.1859,235.2057,0.0256,0.0,100.067,197.4431,48.9762,-16.4094,0.0,0.0001,2.4827,0.0002,6.0001,35.6157,12.2018,27.0285,35.7408
89.0,177.0,12.2138,40.9159,90.4541,235.5746,0.0246,0.0,100.0435,197.4432,48.9762,-16.4094,0.0,0.0001,2.4843,0.0005,6.0008,35.6139,12.1903,27.0293,35.7421
90.0,179.0,12.1842,40.8836,90.5178,235.3274,0.0254,0.0,100.0578,197.4432,48.9762,-16.4094,0.0,0.0001,2.4831,-0.0005,6.0056,35.6099,12.1605,27.032,35.746
91.0,181.0,12.165,40.8624,98.71,235.1401,0.0266,0.0,100.0578,197.4433,48.9762,-16.4094,0.0,0.0001,2.4809,-0.0007,6.0064,35.6067,12.1411,27.0333,35.7481
92.0,183.0,12.1582,40.8557,98.71,235.4623,0.026,0.0,100.0426,197.4433,48.9762,-16.4094,0.0,0.0001,2.4815,-0.0001,6.0081,35.6058,12.134,27.0339,35.7491
93.0,185.0,12.1553,40.8533,80.115,235.1292,0.0268,0.0,100.0459,197.4433,48.9762,-16.4094,0.0,0.0001,2.4786,-0.0004,6.0089,35.6053,12.1308,27.0342,35.7494
94.0,187.0,12.1446,40.8425,96.4394,234.6323,0.0251,0.0,100.0447,197.4434,48.9762,-16.4094,0.0,0.0001,2.476,-0.0013,6.0104,35.6041,12.1199,27.0354,35.7511
95.0,189.0,12.1326,40.8297,98.71,234.448,0.0224,0.0,100.0379,197.4434,48.9762,-16.4094,0.0,0.0001,2.471,-0.001,6.013,35.6023,12.1077,27.0363,35.7525
96.0,191.0,12.1104,40.8054,85.3593,234.2993,0.0257,0.0,100.0464,197.4435,48.9762,-16.4094,0.0,0.0001,2.469,-0.0007,6.0161,35.5988,12.0852,27.038,35.7551
97.0,193.0,12.0873,40.7793,98.71,233.621,0.026,0.0,100.0584,197.4435,48.9762,-16.4093,0.0,0.0001,2.4639,-0.0016,6.0215,35.5943,12.0619,27.039,35.7571
98.0,195.0,12.0416,40.728,75.0131,234.6879,0.0243,0.0,100.0705,197.4436,48.9762,-16.4093,0.0,0.0001,2.465,0.001,6.0236,35.587,12.0159,27.0421,35.7622
99.0,197.0,12.0041,40.6864,98.6973,235.3086,0.0212,0.0,100.086,197.4436,48.9762,-16.4093,0.0,0.0001,2.4693,0.0004,6.0308,35.5812,11.9783,27.0449,35.7665
100.0,199.0,11.9878,40.667,65.9934,235.0541,0.0222,0.0,100.0783,197.4436,48.9762,-16.4093,0.0,0.0001,2.4684,-0.0001,6.0295,35.5771,11.9617,27.0449,35.7672
101.0,201.0,11.9844,40.6645,92.083,235.3269,0.0239,0.0,100.0902,197.4437,48.9762,-16.4093,0.0,0.0001,2.469,0.0001,6.0318,35.5769,11.9581,27.0454,35.7679
102.0,203.0,11.9753,40.6543,98.7075,235.3663,0.0213,0.0,100.0806,197.4437,48.9762,-16.4093,0.0,0.0001,2.4685,-0.0001,6.0337,35.5748,11.9487,27.0456,35.7685
103.0,205.0,11.9677,40.6478,98.7025,235.0358,0.0252,0.0,100.0812,197.4438,48.9762,-16.4093,0.0,0.0001,2.4668,-0.0006,6.0324,35.5748,11.9409,27.0471,35.7702
104.0,207.0,11.971,40.655,98.71,234.7027,0.0219,0.0,100.0829,197.4438,48.9762,-16.4093,0.0,0.0001,2.4643,-0.001,6.0351,35.5777,11.9439,27.0488,35.7718
105.0,209.0,11.9469,40.6277,98.7,234.2825,0.0201,0.0,100.0808,197.4438,48.9762,-16.4093,0.0,0.0001,2.4593,-0.0014,6.0397,35.5732,11.9195,27.05,35.774
106.0,211.0,11.9232,40.6011,98.7025,234.3216,0.0222,0.0,100.09,197.4439,48.9762,-16.4093,0.0,0.0001,2.4575,-0.0006,6.0398,35.5688,11.8957,27.0511,35.7762
107.0,213.0,11.9202,40.599,81.1676,234.7697,0.0227,0.0,100.0912,197.4439,48.9762,-16.4093,0.0,0.0001,2.4581,0.0,6.0436,35.5688,11.8924,27.0517,35.7769
108.0,215.0,11.8741,40.5451,98.7061,234.6762,0.0242,0.0,100.0964,197.4439,48.9762,-16.4093,0.0,0.0001,2.4563,-0.0004,6.0492,35.559,11.846,27.053,35.7802
109.0,217.0,11.8515,40.5197,98.2585,235.1226,0.025,0.0,100.0942,197.444,48.9762,-16.4093,0.0,0.0001,2.4576,0.0004,6.0494,35.5548,11.8232,27.0541,35.7822
110.0,219.0,11.8515,40.5216,98.71,234.8741,0.0253,0.0,100.1,197.444,48.9762,-16.4093,0.0,0.0001,2.4568,-0.0003,6.0495,35.5559,11.823,27.055,35.783
111.0,221.0,11.8528,40.5249,88.8203,234.8871,0.0254,0.0,100.0985,197.444,48.9762,-16.4093,0.0,0.0001,2.4566,-0.0002,6.0475,35.5568,11.824,27.0555,35.7835
112.0,223.0,11.8643,40.5425,80.2759,234.6664,0.0244,0.0,100.0967,197.4441,48.9761,-16.4092,0.0,0.0001,2.4554,-0.0003,6.0445,35.5624,11.8352,27.0577,35.7852
113.0,225.0,11.8849,40.57,91.9227,234.3586,0.0236,0.0,100.0948,197.4441,48.9761,-16.4092,0.0,0.0001,2.4536,-0.0007,6.0439,35.5688,11.8556,27.0588,35.7854
114.0,227.0,11.8898,40.577,98.71,234.2128,0.0233,0.0,100.1,197.4441,48.9761,-16.4092,0.0,0.0001,2.4518,-0.0006,6.0423,35.5701,11.8601,27.0589,35.7854
115.0,229.0,11.9012,40.5953,64.9169,234.7371,0.0208,0.0,100.0812,197.4442,48.9761,-16.4092,0.0,0.0001,2.4529,0.0007,6.0415,35.5761,11.8713,27.0614,35.7873
116.0,231.0,11.9029,40.5998,76.1813,234.2556,0.0234,0.0,100.0723,197.4442,48.9761,-16.4092,0.0,0.0001,2.4515,-0.0009,6.0443,35.5779,11.8726,27.0626,35.7885
117.0,233.0,11.8885,40.5826,87.4456,233.9072,0.0223,0.0,100.0753,197.4442,48.9761,-16.4092,0.0,0.0001,2.4481,-0.0012,6.0457,35.5742,11.858,27.0625,35.7889
118.0,235.0,11.875,40.5702,98.71,234.2104,0.0215,0.0,100.0507,197.4443,48.9761,-16.4092,0.0,0.0001,2.448,-0.0003,6.0454,35.574,11.8443,27.065,35.792
119.0,237.0,11.8769,40.5741,74.6812,233.5877,0.0234,0.0,100.0452,197.4443,48.9761,-16.4092,0.0,0.0001,2.4451,-0.0014,6.0466,35.575,11.8459,27.0655,35.7924
120.0,239.0,11.8683,40.5659,96.1245,234.5011,0.0234,0.0,100.0466,197.4443,48.9761,-16.4092,0.0,0.0001,2.4469,0.0008,6.0468,35.5744,11.8371,27.0666,35.7939
121.0,241.0,11.8622,40.5613,98.71,234.0954,0.0232,0.0,100.0457,197.4444,48.9761,-16.4092,0.0,0.0001,2.4454,-0.0008,6.0514,35.5749,11.8307,27.0682,35.7958
122.0,243.0,11.8314,40.5263,98.71,235.1104,0.0231,0.0,100.0368,197.4444,48.9761,-16.4092,0.0,0.0001,2.4473,0.0014,6.0517,35.5692,11.7998,27.0697,35.7985
123.0,245.0,11.8277,40.5238,49.6918,235.6721,0.0253,0.0,100.0436,197.4444,48.9761,-16.4092,0.0,0.0001,2.4512,0.0018,6.0513,35.5694,11.7958,27.0706,35.7996
124.0,247.0,11.8307,40.5298,86.5168,235.8148,0.0239,0.0,100.0477,197.4444,48.9761,-16.4092,0.0,0.0001,2.4541,0.0007,6.0518,35.5713,11.7985,27.0717,35.8005
125.0,249.0,11.8194,40.518,98.7025,233.8253,0.0225,0.0,100.0545,197.4445,48.9761,-16.4092,0.0,0.0001,2.4461,-0.0035,6.0574,35.5697,11.787,27.0726,35.8019
126.0,251.0,11.7837,40.4765,88.6991,232.4761,0.0224,0.0,100.0639,197.4445,48.9761,-16.4092,0.0,0.0001,2.4354,-0.0043,6.0623,35.562,11.751,27.0734,35.8043
127.0,253.0,11.7496,40.4374,78.6957,231.5737,0.0205,0.0,100.1,197.4445,48.9761,-16.4092,0.0,0.0001,2.4258,-0.0037,6.0619,35.5553,11.7168,27.0747,35.8071
128.0,255.0,11.7569,40.4481,58.2321,232.2356,0.0248,0.0,100.0855,197.4446,48.9761,-16.4092,0.0,0.0001,2.4226,-0.0009,6.0662,35.558,11.7238,27.0755,35.8075
129.0,257.0,11.7305,40.4177,98.7,232.2907,0.0218,0.0,100.1,197.4446,48.9761,-16.4092,0.0,0.0001,2.4214,-0.0005,6.0681,35.5526,11.6971,27.0763,35.8095
130.0,259.0,11.7047,40.3887,98.71,231.5378,0.0209,0.0,100.1013,197.4446,48.9761,-16.4092,0.0,0.0001,2.4179,-0.0017,6.0674,35.5479,11.6712,27.0776,35.8119
131.0,261.0,11.7109,40.3975,98.71,231.8812,0.0214,0.0,100.1079,197.4446,48.9761,-16.4091,0.0,0.0001,2.4165,-0.0007,6.0722,35.5499,11.6771,27.078,35.812
132.0,263.0,11.6809,40.3627,98.695,230.9066,0.0209,0.0,100.1243,197.4447,48.9761,-16.4091,0.0,0.0001,2.4114,-0.0023,6.0738,35.5435,11.647,27.0788,35.8141
133.0,265.0,11.6615,40.3436,73.9508,230.6706,0.0231,0.0,100.1288,197.4447,48.9761,-16.4091,0.0,0.0001,2.4081,-0.0017,6.072,35.5421,11.6273,27.0814,35.8175
134.0,267.0,11.6784,40.3661,98.7062,230.7103,0.0193,0.0,100.1052,197.4447,48.9761,-16.4091,0.0,0.0001,2.4059,-0.0009,6.071,35.5473,11.6439,27.0823,35.8177
135.0,269.0,11.6844,40.375,98.71,230.5272,0.0182,0.0,100.1243,197.4448,48.9761,-16.4091,0.0,0.0001,2.404,-0.0007,6.0701,35.5495,11.6496,27.0829,35.818
136.0,271.0,11.6939,40.3882,74.0639,230.8929,0.0212,0.0,100.1,197.4448,48.9761,-16.4091,0.0,0.0001,2.4049,0.0004,6.0646,35.5524,11.6588,27.0835,35.8181
137.0,273.0,11.7262,40.4325,84.2119,231.8573,0.0223,0.0,100.1,197.4448,48.9761,-16.4091,0.0,0.0001,2.4091,0.002,6.0617,35.5642,11.6908,27.0865,35.8198
138.0,275.0,11.7477,40.4615,98.6978,232.3165,0.023,0.0,100.1,197.4448,48.9761,-16.4091,0.0,0.0001,2.4129,0.0019,6.0615,35.5714,11.712,27.0881,35.8204
139.0,277.0,11.7515,40.4684,98.71,233.1264,0.0249,0.0,100.0927,197.4449,48.9761,-16.4091,0.0,0.0001,2.4187,0.0022,6.0625,35.5736,11.7155,27.0892,35.8213
140.0,279.0,11.7438,40.4619,98.71,233.8568,0.0218,0.0,100.0711,197.4449,48.9761,-16.4091,0.0,0.0001,2.4233,0.0021,6.0626,35.5736,11.7075,27.0907,35.8231
141.0,281.0,11.7435,40.4632,98.71,234.0481,0.0204,0.0,100.0711,197.4449,48.9761,-16.4091,0.0,0.0001,2.4269,0.0014,6.0627,35.5742,11.707,27.0913,35.8237
142.0,283.0,11.7432,40.4636,98.71,234.0406,0.022,0.0,100.0711,197.4449,48.9761,-16.4091,0.0,0.0001,2.4286,0.0008,6.0604,35.5742,11.7064,27.0914,35.8239
143.0,285.0,11.751,40.4754,98.71,234.2724,0.023,0.0,100.0711,197.445,48.9761,-16.4091,0.0,0.0001,2.431,0.001,6.0546,35.5775,11.714,27.0925,35.8246
144.0,287.0,11.7887,40.5263,77.314,234.9945,0.0226,0.0,100.0599,197.445,48.9761,-16.4091,0.0,0.0001,2.4345,0.0018,6.0541,35.5905,11.7513,27.0955,35.826
145.0,289.0,11.805,40.5494,92.8891,235.3799,0.0236,0.0,100.0555,197.445,48.9761,-16.4091,0.0,0.0001,2.4384,0.0014,6.0539,35.5966,11.7673,27.0972,35.827
146.0,291.0,11.8015,40.5485,98.7025,235.3178,0.0249,0.0,100.0481,197.4451,48.9761,-16.4091,0.0,0.0001,2.4396,0.0005,6.054,35.5983,11.7636,27.0993,35.8291
147.0,293.0,11.8024,40.5509,98.3411,235.5831,0.0208,0.0,100.0531,197.4451,48.9761,-16.4091,0.0,0.0001,2.4404,0.0002,6.0592,35.5988,11.7642,27.0996,35.8294
148.0,295.0,11.7789,40.524,98.71,235.963,0.0247,0.0,100.0453,197.4451,48.9761,-16.4091,0.0,0.0001,2.4409,0.0004,6.0646,35.5939,11.7404,27.1002,35.8311
149.0,297.0,11.7262,40.4624,98.71,236.9661,0.0231,0.0,100.047,197.4451,48.9761,-16.4091,0.0,0.0001,2.445,0.002,6.0654,35.5829,11.6875,27.1017,35.8348
150.0,299.0,11.7192,40.4548,84.3398,236.5203,0.0197,0.0,100.0384,197.4452,48.9761,-16.409,0.0,0.0001,2.4448,-0.0002,6.0704,35.5814,11.6804,27.102,35.8354
151.0,301.0,11.6869,40.4199,81.4039,236.1892,0.0201,0.0,100.0422,197.4452,48.9761,-16.4091,0.0,0.0001,2.4422,-0.001,6.0737,35.577,11.6479,27.1047,35.8394
152.0,303.0,11.6563,40.3858,85.6222,236.4426,0.022,0.0,100.0486,197.4452,48.9761,-16.409,0.0,0.0001,2.442,-0.0001,6.0734,35.5719,11.6171,27.1065,35.8425
153.0,305.0,11.6589,40.3909,98.695,236.0777,0.0213,0.0,100.0316,197.4452,48.9761,-16.409,0.0,0.0001,2.4404,-0.001,6.0754,35.5736,11.6195,27.1073,35.8433
154.0,307.0,11.6544,40.3858,98.7062,235.5909,0.0176,0.0,100.0473,197.4453,48.9762,-16.409,0.0,0.0001,2.4359,-0.0017,6.0815,35.5719,11.6147,27.107,35.8432
155.0,309.0,11.607,40.3312,80.9593,235.9705,0.0201,0.0,100.0502,197.4453,48.9762,-16.409,0.0,0.0001,2.4351,-0.0005,6.0836,35.5628,11.5672,27.1088,35.847
156.0,311.0,11.5849,40.3062,98.6875,235.9251,0.0244,0.0,100.0577,197.4453,48.9761,-16.409,0.0,0.0001,2.434,-0.0005,6.0844,35.5584,11.5448,27.1096,35.8488
157.0,313.0,11.5814,40.3028,98.695,235.1096,0.0279,0.0,100.0658,197.4454,48.9762,-16.409,0.0,0.0001,2.4297,-0.0018,6.0855,35.5575,11.5411,27.1096,35.8489
158.0,315.0,11.572,40.293,98.7025,234.0977,0.0231,0.0,100.0668,197.4454,48.9762,-16.409,0.0,0.0001,2.4237,-0.003,6.0858,35.5561,11.5315,27.1104,35.8501
159.0,317.0,11.57,40.2931,86.7832,234.9094,0.0251,0.0,100.0711,197.4454,48.9762,-16.409,0.0,0.0001,2.4234,-0.0002,6.0853,35.5571,11.5292,27.1116,35.8514
160.0,319.0,11.5703,40.2936,91.319,234.7344,0.0208,0.0,100.0736,197.4454,48.9762,-16.409,0.0,0.0001,2.4226,-0.0005,6.0841,35.5565,11.5292,27.1111,35.8509
161.0,321.0,11.5886,40.3181,96.5554,234.4338,0.0208,0.0,100.0679,197.4455,48.9762,-16.409,0.0,0.0001,2.4204,-0.0004,6.0787,35.5622,11.5472,27.1121,35.8511
162.0,323.0,11.6233,40.3622,98.695,234.3378,0.0202,0.0,100.0556,197.4455,48.9762,-16.409,0.0,0.0001,2.4194,-0.0007,6.0812,35.5715,11.5815,27.1129,35.8504
163.0,325.0,11.6035,40.341,98.7025,235.1667,0.0191,0.0,100.0545,197.4455,48.9762,-16.409,0.0,0.0001,2.4209,0.001,6.0816,35.5685,11.5615,27.1144,35.8527
164.0,327.0,11.5966,40.3347,83.8247,235.1922,0.0237,0.0,100.0634,197.4455,48.9762,-16.409,0.0,0.0001,2.4224,0.0004,6.0825,35.5682,11.5543,27.1154,35.8541
165.0,329.0,11.59,40.3288,90.3772,235.185,0.0211,0.0,100.0711,197.4456,48.9762,-16.409,0.0,0.0001,2.4225,0.0,6.0824,35.5679,11.5475,27.1165,35.8554
166.0,331.0,11.5894,40.3316,98.6987,234.3333,0.0199,0.0,100.0666,197.4456,48.9762,-16.409,0.0,0.0001,2.4206,-0.0016,6.0825,35.5703,11.5467,27.1185,35.8574
167.0,333.0,11.5884,40.3323,98.71,234.4681,0.0188,0.0,100.0509,197.4456,48.9762,-16.409,0.0,0.0001,2.4174,-0.0009,6.0849,35.5711,11.5454,27.1194,35.8583
168.0,335.0,11.5754,40.3177,98.6875,234.4988,0.019,0.0,100.0499,197.4457,48.9762,-16.409,0.0,0.0001,2.4161,-0.0005,6.0864,35.5683,11.5322,27.1197,35.8592
169.0,337.0,11.5642,40.3064,98.71,235.3482,0.0235,0.0,100.0484,197.4457,48.9762,-16.409,0.0,0.0001,2.4175,0.001,6.0898,35.567,11.5208,27.1208,35.8608
170.0,339.0,11.5405,40.2802,92.4929,235.5367,0.021,0.0,100.0585,197.4457,48.9762,-16.409,0.0,0.0001,2.4188,0.0005,6.0928,35.5629,11.4968,27.1221,35.8631
171.0,341.0,11.5155,40.253,86.2759,236.2978,0.0203,0.0,100.0588,197.4457,48.9762,-16.409,0.0,0.0001,2.4224,0.0014,6.0941,35.5591,11.4717,27.1239,35.8659
172.0,343.0,11.5057,40.2431,80.0588,236.4488,0.0201,0.0,100.0751,197.4458,48.9762,-16.409,0.0,0.0001,2.4237,0.0009,6.0941,35.558,11.4616,27.1249,35.8674
173.0,345.0,11.504,40.2426,95.0424,235.9099,0.0207,0.0,100.0711,197.4458,48.9762,-16.409,0.0,0.0001,2.4231,-0.0004,6.0939,35.5581,11.4597,27.1254,35.8679
174.0,347.0,11.5048,40.2447,89.165,235.4063,0.022,0.0,100.0711,197.4458,48.9762,-16.409,0.0,0.0001,2.4207,-0.0013,6.0945,35.5586,11.4603,27.1257,35.8682
175.0,349.0,11.5041,40.2455,98.71,235.435,0.0185,0.0,100.0711,197.4458,48.9762,-16.409,0.0,0.0001,2.4203,-0.0007,6.094,35.5593,11.4593,27.1264,35.8689
176.0,351.0,11.504,40.2489,89.6718,235.9999,0.019,0.0,100.0711,197.4459,48.9762,-16.409,0.0,0.0001,2.42,0.0004,6.0937,35.5617,11.4588,27.1283,35.8709
177.0,353.0,11.5064,40.2537,98.71,235.2039,0.0194,0.0,100.0711,197.4459,48.9762,-16.4089,0.0,0.0001,2.4175,-0.0014,6.0946,35.5632,11.4611,27.1291,35.8715
178.0,355.0,11.5,40.2485,98.7077,234.8737,0.024,0.0,100.0711,197.4459,48.9762,-16.4089,0.0,0.0001,2.4133,-0.0013,6.0949,35.5634,11.4544,27.1304,35.8731
179.0,357.0,11.4973,40.2465,98.7053,234.9443,0.0223,0.0,100.0579,197.446,48.9762,-16.4089,0.0,0.0001,2.4121,-0.0007,6.0959,35.5631,11.4514,27.1308,35.8736
180.0,359.0,11.4928,40.2423,98.6907,234.7841,0.0188,0.0,100.0635,197.446,48.9762,-16.4089,0.0,0.0001,2.4108,-0.0007,6.0954,35.5624,11.4467,27.1311,35.8742
181.0,361.0,11.4895,40.2406,88.1147,234.8524,0.0188,0.0,100.0615,197.446,48.9762,-16.4089,0.0,0.0001,2.4101,-0.0003,6.0947,35.563,11.4431,27.1323,35.8754
182.0,363.0,11.4983,40.2526,98.5005,234.843,0.0196,0.0,100.0606,197.446,48.9762,-16.4089,0.0,0.0001,2.4092,-0.0003,6.0948,35.5656,11.4516,27.1327,35.8755
183.0,365.0,11.4961,40.2516,98.7057,235.6828,0.0197,0.0,100.067,197.4461,48.9762,-16.4089,0.0,0.0001,2.4112,0.0013,6.0948,35.5658,11.4491,27.1333,35.8762
184.0,367.0,11.4972,40.2536,75.6695,235.586,0.0214,0.0,100.0547,197.4461,48.9762,-16.4089,0.0,0.0001,2.4126,0.0002,6.0966,35.5658,11.45,27.1331,35.876
185.0,369.0,11.4897,40.2453,52.6333,234.8669,0.0233,0.0,100.0382,197.4461,48.9762,-16.4089,0.0,0.0001,2.4094,-0.0014,6.0995,35.564,11.4423,27.1332,35.8764
186.0,371.0,11.4697,40.2223,98.8267,234.685,0.0229,0.0,100.0639,197.4461,48.9762,-16.4089,0.0,0.0001,2.4074,-0.0013,6.101,35.5596,11.4221,27.1336,35.8776
187.0,373.0,11.4544,40.2061,93.7935,235.0288,0.0225,0.0,100.057,197.4462,48.9762,-16.4089,0.0,0.0001,2.4064,-0.0002,6.1012,35.5575,11.4065,27.1348,35.8795
188.0,375.0,11.4496,40.2018,98.705,234.9479,0.0206,0.0,100.0637,197.4462,48.9762,-16.4089,0.0,0.0001,2.4054,-0.0003,6.1017,35.5568,11.4016,27.1352,35.8801
189.0,377.0,11.4466,40.1992,98.3944,234.901,0.0173,0.0,100.0675,197.4462,48.9762,-16.4089,0.0,0.0001,2.4048,-0.0004,6.1012,35.5564,11.3983,27.1355,35.8806
190.0,379.0,11.4457,40.2001,98.71,234.9129,0.0192,0.0,100.0475,197.4462,48.9762,-16.4089,0.0,0.0001,2.4044,-0.0002,6.1001,35.5572,11.3971,27.1363,35.8814
191.0,381.0,11.4574,40.2165,98.7053,234.6301,0.0198,0.0,100.0531,197.4463,48.9762,-16.4089,0.0,0.0001,2.4029,-0.0007,6.1004,35.5611,11.4085,27.1372,35.8818
192.0,383.0,11.457,40.2181,81.5006,233.8622,0.0193,0.0,100.0489,197.4463,48.9762,-16.4089,0.0,0.0001,2.3984,-0.0018,6.1008,35.5621,11.4078,27.1382,35.8828
193.0,385.0,11.4511,40.2123,93.8683,234.0652,0.0224,0.0,100.0422,197.4463,48.9762,-16.4089,0.0,0.0001,2.3956,-0.0008,6.1032,35.5613,11.4016,27.1387,35.8835
194.0,387.0,11.4443,40.2053,94.2002,233.7793,0.0239,0.0,100.031,197.4464,48.9762,-16.4089,0.0,0.0001,2.3944,-0.0012,6.1041,35.56,11.3947,27.139,35.8842
195.0,389.0,11.4274,40.1885,98.7025,233.8112,0.0189,0.0,100.0473,197.4464,48.9762,-16.4089,0.0,0.0001,2.3932,-0.0007,6.1047,35.5587,11.3775,27.1412,35.8871
196.0,391.0,11.4247,40.1865,98.6886,234.3115,0.0174,0.0,100.0422,197.4464,48.9762,-16.4089,0.0,0.0001,2.3935,0.0004,6.1053,35.5585,11.3746,27.1416,35.8875
197.0,393.0,11.4187,40.181,90.6112,234.4556,0.0193,0.0,100.0481,197.4464,48.9762,-16.4089,0.0,0.0001,2.3948,0.0001,6.1057,35.5579,11.3684,27.1423,35.8885
198.0,395.0,11.4156,40.1784,94.6531,233.9244,0.0214,0.0,100.0458,197.4465,48.9762,-16.4089,0.0,0.0001,2.3924,-0.0008,6.1055,35.5573,11.3649,27.1424,35.8888
199.0,397.0,11.4151,40.1786,98.695,234.3534,0.0192,0.0,100.0422,197.4465,48.9762,-16.4089,0.0,0.0001,2.3932,0.0001,6.105,35.5573,11.3642,27.1425,35.8889
200.0,399.0,11.4197,40.1849,98.705,234.4001,0.019,0.0,100.0373,197.4465,48.9762,-16.4089,0.0,0.0001,2.3929,0.0001,6.1037,35.5584,11.3686,27.1426,35.8888
201.0,401.0,11.429,40.199,94.8944,233.3839,0.0184,0.0,100.0141,197.4465,48.9762,-16.4089,0.0,0.0001,2.3897,-0.0018,6.1028,35.5625,11.3776,27.1441,35.8899
202.0,403.0,11.4336,40.2066,88.9897,233.2783,0.0201,0.0,100.0255,197.4466,48.9762,-16.4089,0.0,0.0001,2.3873,-0.0012,6.103,35.5646,11.3819,27.1449,35.8905
203.0,405.0,11.4383,40.2143,96.2007,233.0787,0.0204,0.0,100.0277,197.4466,48.9762,-16.4089,0.0,0.0001,2.3858,-0.0012,6.1028,35.5667,11.3863,27.1458,35.8912
204.0,407.0,11.4372,40.2136,98.7048,233.7987,0.0207,0.0,100.0261,197.4466,48.9762,-16.4089,0.0,0.0001,2.3862,0.0004,6.1035,35.5664,11.385,27.1457,35.8912
205.0,409.0,11.4302,40.2077,98.695,235.414,0.022,0.0,100.0309,197.4466,48.9762,-16.4089,0.0,0.0001,2.3919,0.0029,6.1043,35.5661,11.3776,27.1469,35.8927
206.0,411.0,11.4286,40.2064,87.5897,235.1571,0.0207,0.0,100.0133,197.4466,48.9762,-16.4089,0.0,0.0001,2.3932,0.0014,6.1048,35.5656,11.3759,27.1468,35.8926
207.0,413.0,11.4217,40.1997,76.4844,234.5077,0.0184,0.0,100.0191,197.4467,48.9762,-16.4089,0.0,0.0001,2.3925,-0.0005,6.1055,35.5648,11.3687,27.1476,35.8937
208.0,415.0,11.4157,40.1938,93.1743,234.1762,0.0201,0.0,100.0056,197.4467,48.9762,-16.4089,0.0,0.0001,2.3895,-0.001,6.1061,35.5639,11.3625,27.148,35.8944
209.0,417.0,11.4119,40.1909,98.71,234.0412,0.0176,0.0,100.0242,197.4467,48.9762,-16.4089,0.0,0.0001,2.3895,-0.0008,6.106,35.5638,11.3584,27.1487,35.8952
210.0,419.0,11.4085,40.1879,98.71,234.4898,0.0166,0.0,100.0028,197.4467,48.9762,-16.4089,0.0,0.0001,2.3895,0.0003,6.1062,35.5629,11.3547,27.1487,35.8954
211.0,421.0,11.4089,40.1892,98.71,234.3277,0.0222,0.0,100.0258,197.4468,48.9762,-16.4089,0.0,0.0001,2.388,-0.0004,6.107,35.5631,11.3549,27.1488,35.8955
212.0,423.0,11.4043,40.1854,98.71,234.0629,0.02,0.0,100.0187,197.4468,48.9762,-16.4089,0.0,0.0001,2.3859,-0.0007,6.1073,35.5629,11.35,27.1495,35.8965
213.0,425.0,11.4022,40.1844,98.71,234.0338,0.0178,0.0,100.0284,197.4468,48.9762,-16.4089,0.0,0.0001,2.3858,-0.0006,6.1073,35.5629,11.3477,27.15,35.897
214.0,427.0,11.4017,40.1848,98.71,234.6446,0.0174,0.0,100.0133,197.4468,48.9762,-16.4089,0.0,0.0001,2.3863,0.0007,6.1075,35.563,11.3469,27.1502,35.8973
215.0,429.0,11.3992,40.1825,98.695,234.8112,0.0223,0.0,100.0103,197.4469,48.9762,-16.4089,0.0,0.0001,2.3871,0.0005,6.1093,35.5625,11.3442,27.1503,35.8975
216.0,431.0,11.3882,40.1716,75.0033,235.1163,0.0208,0.0,100.0133,197.4469,48.9762,-16.4089,0.0,0.0001,2.3886,0.0007,6.1113,35.5614,11.333,27.1516,35.8992
217.0,433.0,11.3785,40.1614,96.162,234.5512,0.0203,0.0,100.0106,197.4469,48.9762,-16.4089,0.0,0.0001,2.3868,-0.0009,6.1122,35.5596,11.3231,27.152,35.9001
218.0,435.0,11.3675,40.1504,98.4933,233.9174,0.0223,0.0,100.0133,197.4469,48.9762,-16.4089,0.0,0.0001,2.3834,-0.0017,6.1126,35.5584,11.3118,27.1531,35.9017
219.0,437.0,11.3631,40.1464,98.71,233.9547,0.0173,0.0,100.0133,197.447,48.9762,-16.4089,0.0,0.0001,2.3813,-0.001,6.1129,35.5578,11.3072,27.1535,35.9022
220.0,439.0,11.3602,40.1442,90.5141,234.1546,0.0191,0.0,99.9955,197.447,48.9762,-16.4089,0.0,0.0001,2.3802,-0.0005,6.1142,35.5574,11.3041,27.1538,35.9027
221.0,441.0,11.3529,40.137,98.6964,233.7521,0.0193,0.0,100.0061,197.447,48.9762,-16.4089,0.0,0.0001,2.3779,-0.001,6.1144,35.5563,11.2965,27.1544,35.9035
222.0,443.0,11.3453,40.1301,98.71,234.064,0.018,0.0,100.0133,197.447,48.9762,-16.4089,0.0,0.0001,2.3777,-0.0001,6.1148,35.5558,11.2886,27.1555,35.905
223.0,445.0,11.3458,40.1316,98.6855,233.9188,0.0183,0.0,100.0095,197.4471,48.9762,-16.4089,0.0,0.0001,2.377,-0.0004,6.1153,35.5561,11.2888,27.1557,35.9051
224.0,447.0,11.3443,40.1308,98.68,233.7433,0.0207,0.0,100.0022,197.4471,48.9762,-16.4089,0.0,0.0001,2.3754,-0.0007,6.115,35.5558,11.2871,27.1557,35.9053
225.0,449.0,11.3411,40.1287,98.71,234.159,0.0212,0.0,100.0133,197.4471,48.9762,-16.4089,0.0,0.0001,2.3773,0.0001,6.1152,35.5561,11.2837,27.1566,35.9062
226.0,451.0,11.3408,40.1294,89.9383,234.4669,0.0217,0.0,99.9833,197.4471,48.9762,-16.4089,0.0,0.0001,2.3777,0.0006,6.1156,35.5562,11.2832,27.1567,35.9064
227.0,453.0,11.3404,40.1304,98.7021,234.615,0.0191,0.0,100.0133,197.4472,48.9762,-16.4088,0.0,0.0001,2.3797,0.0003,6.1152,35.5567,11.2824,27.1573,35.907
228.0,455.0,11.3405,40.1346,98.71,234.7589,0.0204,0.0,100.0133,197.4472,48.9762,-16.4088,0.0,0.0001,2.3793,0.0003,6.1158,35.5598,11.2822,27.1597,35.9094
229.0,457.0,11.3422,40.1379,98.71,233.9816,0.0226,0.0,100.0133,197.4472,48.9762,-16.4088,0.0,0.0001,2.3773,-0.0014,6.1154,35.5604,11.2837,27.1599,35.9096
230.0,459.0,11.3336,40.1291,75.095,234.2446,0.0219,0.0,99.9985,197.4472,48.9762,-16.4088,0.0,0.0001,2.3765,-0.0006,6.1166,35.5592,11.2749,27.1606,35.9106
231.0,461.0,11.3326,40.1294,94.87,233.7453,0.0194,0.0,100.0069,197.4473,48.9762,-16.4088,0.0,0.0001,2.373,-0.0012,6.1176,35.5595,11.2737,27.1611,35.9111
232.0,463.0,11.3337,40.1325,98.7167,232.4238,0.0242,0.0,100.0133,197.4473,48.9762,-16.4088,0.0,0.0001,2.368,-0.0034,6.121,35.5607,11.2744,27.1619,35.9119
233.0,465.0,11.3188,40.1153,98.6903,232.4404,0.0238,0.0,100.0133,197.4473,48.9762,-16.4088,0.0,0.0001,2.3638,-0.0026,6.1247,35.5573,11.2594,27.162,35.9127
234.0,467.0,11.2875,40.0808,98.4762,232.9891,0.0205,0.0,100.003,197.4473,48.9762,-16.4088,0.0,0.0001,2.3623,-0.0005,6.1224,35.5522,11.2279,27.1639,35.9159
235.0,469.0,11.2563,40.0459,98.705,233.2391,0.02,0.0,100.0133,197.4474,48.9762,-16.4088,0.0,0.0001,2.3624,-0.0004,6.1293,35.5465,11.1966,27.1652,35.9186
236.0,471.0,11.242,40.0294,98.695,233.0621,0.0185,0.0,100.0133,197.4474,48.9762,-16.4088,0.0,0.0001,2.3605,-0.0006,6.1302,35.5432,11.182,27.1653,35.9193
237.0,473.0,11.2332,40.0212,68.7673,233.1026,0.0166,0.0,100.0133,197.4474,48.9762,-16.4088,0.0,0.0001,2.3596,-0.0004,6.1302,35.5425,11.1729,27.1665,35.9208
238.0,475.0,11.2327,40.0213,84.3527,233.4528,0.0162,0.0,100.0133,197.4474,48.9762,-16.4088,0.0,0.0001,2.3606,0.0003,6.1304,35.5422,11.1722,27.1664,35.9208
239.0,477.0,11.2321,40.0217,92.9483,233.2224,0.0201,0.0,100.0133,197.4475,48.9762,-16.4088,0.0,0.0001,2.359,-0.0003,6.1308,35.5424,11.1714,27.1667,35.9211
240.0,479.0,11.2292,40.0198,98.6875,232.8819,0.0198,0.0,100.0,197.4475,48.9762,-16.4088,0.0,0.0001,2.3586,-0.0009,6.1309,35.5424,11.1683,27.1673,35.9218
241.0,481.0,11.2285,40.0201,98.6962,233.0304,0.0217,0.0,99.9844,197.4475,48.9762,-16.4088,0.0,0.0001,2.3572,-0.0004,6.1319,35.5426,11.1673,27.1676,35.9222
242.0,483.0,11.2236,40.0153,98.7025,233.0402,0.0203,0.0,100.0133,197.4475,48.9762,-16.4088,0.0,0.0001,2.3564,-0.0004,6.1339,35.5416,11.1621,27.1678,35.9226
243.0,485.0,11.2035,39.992,81.5726,232.0987,0.0222,0.0,100.0116,197.4476,48.9762,-16.4088,0.0,0.0001,2.3519,-0.0022,6.1396,35.5369,11.1419,27.1679,35.9236
244.0,487.0,11.1667,39.9496,90.5054,231.2263,0.0202,0.0,99.8986,197.4476,48.9762,-16.4088,0.0,0.0001,2.3447,-0.0027,6.1414,35.5291,11.1049,27.1686,35.9259
245.0,489.0,11.1538,39.9371,98.7012,231.8956,0.0204,0.0,100.0061,197.4476,48.9762,-16.4088,0.0,0.0001,2.3438,-0.0005,6.1427,35.5281,11.0918,27.1702,35.928
246.0,491.0,11.1458,39.9284,98.7012,231.6523,0.0174,0.0,100.0103,197.4476,48.9762,-16.4088,0.0,0.0001,2.3418,-0.0009,6.1442,35.5264,11.0836,27.1704,35.9286
247.0,493.0,11.1382,39.9204,98.7079,231.6183,0.0183,0.0,100.0133,197.4477,48.9762,-16.4088,0.0,0.0001,2.3402,-0.0008,6.1468,35.5248,11.0757,27.1706,35.9291
248.0,495.0,11.1197,39.9004,98.7047,231.4656,0.0197,0.0,100.0061,197.4477,48.9762,-16.4088,0.0,0.0001,2.3386,-0.0009,6.1479,35.5219,11.0571,27.1717,35.9311
249.0,497.0,11.1064,39.8864,83.0662,231.1222,0.0217,0.0,100.0053,197.4477,48.9762,-16.4088,0.0,0.0001,2.337,-0.0012,6.1484,35.5199,11.0435,27.1726,35.9326
250.0,499.0,11.1045,39.8852,98.7657,231.0096,0.0229,0.0,100.0133,197.4477,48.9762,-16.4088,0.0,0.0001,2.3332,-0.0011,6.1496,35.5195,11.0414,27.1728,35.9328
251.0,501.0,11.0991,39.8794,98.6929,230.6173,0.022,0.0,100.0133,197.4477,48.9762,-16.4088,0.0,0.0001,2.3319,-0.0014,6.149,35.5182,11.0358,27.1727,35.933
252.0,503.0,11.0942,39.8769,98.6967,229.0798,0.0195,0.0,100.0133,197.4478,48.9762,-16.4088,0.0,0.0001,2.3238,-0.0036,6.1517,35.5196,11.0307,27.1748,35.9353
253.0,505.0,11.0839,39.8661,98.695,228.7813,0.0199,0.0,100.0091,197.4478,48.9762,-16.4088,0.0,0.0001,2.3166,-0.0026,6.1568,35.518,11.0201,27.1754,35.9363
254.0,507.0,11.0622,39.8414,98.71,229.711,0.0207,0.0,100.0133,197.4478,48.9762,-16.4088,0.0,0.0001,2.3162,-0.0002,6.1579,35.5133,10.9982,27.1758,35.9377
255.0,509.0,11.0389,39.8179,72.7868,229.7951,0.0196,0.0,100.0133,197.4478,48.9762,-16.4088,0.0,0.0001,2.3174,0.0004,6.1543,35.5113,10.9748,27.1785,35.9413
256.0,511.0,11.028,39.8086,96.8001,229.4755,0.0197,0.0,100.0072,197.4479,48.9762,-16.4088,0.0,0.0001,2.3156,-0.0005,6.1593,35.5116,10.9636,27.1808,35.9441
257.0,513.0,11.0276,39.8084,98.7041,226.9828,0.0187,0.0,100.0133,197.4479,48.9762,-16.4088,0.0,0.0001,2.3054,-0.0051,6.1662,35.511,10.963,27.1804,35.9437
258.0,515.0,11.0091,39.7878,98.6995,226.9613,0.0172,0.0,100.0133,197.4479,48.9762,-16.4088,0.0,0.0001,2.3008,-0.0039,6.1694,35.5076,10.9443,27.1811,35.9453
259.0,517.0,10.9732,39.7469,98.6875,228.1333,0.0201,0.0,100.0051,197.4479,48.9762,-16.4088,0.0,0.0001,2.3009,-0.0006,6.1697,35.5004,10.9083,27.1821,35.9478
260.0,519.0,10.9408,39.7109,98.4946,228.677,0.0242,0.0,100.0422,197.448,48.9762,-16.4088,0.0,0.0001,2.3016,0.0004,6.1718,35.4946,10.8758,27.1835,35.9507
261.0,521.0,10.9337,39.7046,98.6995,228.1294,0.0233,0.0,100.0422,197.448,48.9762,-16.4088,0.0,0.0001,2.2992,-0.0009,6.1748,35.4946,10.8684,27.1848,35.9522
262.0,523.0,10.9231,39.6927,98.6907,228.0357,0.0217,0.0,100.0422,197.448,48.9762,-16.4088,0.0,0.0001,2.2981,-0.0006,6.1715,35.4919,10.8576,27.1847,35.9526
263.0,525.0,10.9233,39.6975,98.6918,226.2849,0.019,0.0,100.0422,197.448,48.9762,-16.4088,0.0,0.0001,2.2921,-0.0031,6.1684,35.4955,10.8575,27.1875,35.9554
264.0,527.0,10.9538,39.7388,98.692,222.5415,0.0186,0.0,100.0257,197.448,48.9762,-16.4088,0.0,0.0001,2.273,-0.0075,6.1699,35.5065,10.8876,27.1906,35.9571
265.0,529.0,10.9428,39.728,56.5372,222.5403,0.0189,0.0,100.0422,197.4481,48.9762,-16.4088,0.0,0.0001,2.2643,-0.004,6.1672,35.5055,10.8764,27.1918,35.9588
266.0,531.0,10.9456,39.7343,98.6877,221.4716,0.0198,0.0,100.0422,197.4481,48.9762,-16.4088,0.0,0.0001,2.2555,-0.0046,6.1683,35.5081,10.879,27.1934,35.9603
267.0,533.0,10.9587,39.7523,98.6966,216.1931,0.022,0.0,100.0157,197.4481,48.9762,-16.4088,0.0,0.0001,2.233,-0.0117,6.1698,35.5124,10.8917,27.1945,35.9607
268.0,535.0,10.9435,39.7365,71.1319,217.39,0.0189,0.0,100.007,197.4481,48.9762,-16.4088,0.0,0.0001,2.2235,-0.0048,6.1708,35.5106,10.8764,27.1958,35.9627
269.0,537.0,10.9406,39.7339,98.8008,219.293,0.0183,0.0,100.0133,197.4482,48.9762,-16.4088,0.0,0.0001,2.2237,0.0001,6.1735,35.51,10.8733,27.196,35.963
270.0,539.0,10.9252,39.7172,91.3807,221.2444,0.0182,0.0,100.0245,197.4482,48.9762,-16.4088,0.0,0.0001,2.2305,0.0032,6.1752,35.5072,10.8576,27.1966,35.9643
271.0,541.0,10.9069,39.6979,98.68,222.8619,0.0184,0.0,100.0362,197.4482,48.9761,-16.4088,0.0,0.0001,2.2391,0.0046,6.1744,35.5046,10.8391,27.1979,35.9664
272.0,543.0,10.9115,39.7062,98.6866,224.723,0.0187,0.0,100.0391,197.4482,48.9761,-16.4088,0.0,0.0001,2.2504,0.0056,6.1723,35.5076,10.8434,27.1995,35.9678
273.0,545.0,10.9211,39.7198,98.6894,227.8754,0.0172,0.0,100.0422,197.4483,48.9761,-16.4088,0.0,0.0001,2.267,0.0083,6.1729,35.5111,10.8528,27.2005,35.9684
274.0,547.0,10.9205,39.7207,98.6963,230.1309,0.0146,0.0,100.0261,197.4483,48.9761,-16.4088,0.0,0.0001,2.2847,0.0086,6.1731,35.5117,10.8519,27.2012,35.969
275.0,549.0,10.918,39.7189,98.6873,230.5825,0.018,0.0,100.0409,197.4483,48.9761,-16.4088,0.0,0.0001,2.2952,0.0056,6.1732,35.5113,10.8491,27.2013,35.9693
276.0,551.0,10.9175,39.7192,98.6935,230.0693,0.0183,0.0,100.0422,197.4483,48.9761,-16.4088,0.0,0.0001,2.2998,0.0023,6.1729,35.5114,10.8484,27.2015,35.9695
277.0,553.0,10.9179,39.721,98.6965,228.3922,0.0218,0.0,100.0422,197.4483,48.9761,-16.4088,0.0,0.0001,2.2965,-0.0017,6.1723,35.5119,10.8485,27.2019,35.9699
278.0,555.0,10.9206,39.7265,98.695,228.1825,0.0223,0.0,100.0422,197.4484,48.9761,-16.4088,0.0,0.0001,2.2948,-0.0016,6.1723,35.514,10.851,27.2031,35.9709
279.0,557.0,10.9229,39.7308,60.5597,230.4986,0.0214,0.0,100.0363,197.4484,48.9761,-16.4088,0.0,0.0001,2.3003,0.0028,6.1725,35.5152,10.8531,27.2036,35.9714
280.0,559.0,10.9225,39.7314,95.4411,230.6815,0.0191,0.0,100.0334,197.4484,48.9761,-16.4088,0.0,0.0001,2.3052,0.0014,6.1736,35.5154,10.8523,27.2039,35.9717
281.0,561.0,10.9153,39.7239,98.6929,229.5685,0.0213,0.0,100.0374,197.4484,48.9761,-16.4088,0.0,0.0001,2.3024,-0.0013,6.1755,35.514,10.845,27.2042,35.9723
282.0,563.0,10.9056,39.7151,98.6964,229.4816,0.0194,0.0,100.0422,197.4485,48.9761,-16.4088,0.0,0.0001,2.3018,-0.0013,6.1763,35.5137,10.835,27.2057,35.9743
283.0,565.0,10.8995,39.7088,98.4369,229.9638,0.0188,0.0,100.0422,197.4485,48.9761,-16.4088,0.0,0.0001,2.3009,0.0001,6.1764,35.5123,10.8287,27.2058,35.9746
284.0,567.0,10.8932,39.7039,98.6926,230.1253,0.0176,0.0,100.0364,197.4485,48.9761,-16.4088,0.0,0.0001,2.3014,0.0001,6.1774,35.5124,10.8221,27.2071,35.9762
285.0,569.0,10.8876,39.6994,98.6865,230.5117,0.0171,0.0,100.0422,197.4485,48.9761,-16.4088,0.0,0.0001,2.3025,0.0005,6.1797,35.5123,10.8163,27.208,35.9774
286.0,571.0,10.8736,39.685,85.1782,229.8985,0.0158,0.0,100.035,197.4486,48.9761,-16.4088,0.0,0.0001,2.3007,-0.0009,6.1802,35.5105,10.8021,27.2092,35.9792
287.0,573.0,10.8688,39.6811,98.71,230.035,0.0152,0.0,100.0316,197.4486,48.9761,-16.4088,0.0,0.0001,2.3004,-0.0005,6.1804,35.5105,10.7971,27.2101,35.9802
288.0,575.0,10.8645,39.6766,92.1541,230.1675,0.0176,0.0,100.0393,197.4486,48.9761,-16.4087,0.0,0.0001,2.2997,-0.0003,6.1819,35.5092,10.7926,27.2099,35.9803
289.0,577.0,10.8538,39.6645,98.68,228.7302,0.0194,0.0,100.0456,197.4486,48.9761,-16.4087,0.0,0.0001,2.2932,-0.0029,6.1915,35.5065,10.7816,27.2098,35.9806
290.0,579.0,10.831,39.6354,98.68,225.8598,0.0184,0.0,100.0585,197.4486,48.9761,-16.4087,0.0,0.0001,2.2811,-0.0068,6.1926,35.4987,10.7587,27.2078,35.9797
291.0,581.0,10.7839,39.5851,98.6918,221.7105,0.0225,0.0,100.0633,197.4487,48.9761,-16.4087,0.0,0.0001,2.2623,-0.0121,6.195,35.4929,10.7116,27.2118,35.9857
292.0,583.0,10.7684,39.5671,50.3966,220.4086,0.0199,0.0,100.0653,197.4487,48.9761,-16.4087,0.0,0.0001,2.2436,-0.0095,6.1968,35.489,10.6958,27.2115,35.9861
293.0,585.0,10.7471,39.5436,98.7255,218.0983,0.0194,0.0,100.0599,197.4487,48.9761,-16.4087,0.0,0.0001,2.2209,-0.0084,6.1997,35.4851,10.6743,27.2124,35.9879
294.0,587.0,10.7286,39.5238,98.688,216.6012,0.0201,0.0,100.0462,197.4487,48.9761,-16.4087,0.0,0.0001,2.2043,-0.007,6.2041,35.4819,10.6557,27.2133,35.9896
295.0,589.0,10.7212,39.5147,98.683,216.5374,0.019,0.0,100.0541,197.4488,48.9761,-16.4087,0.0,0.0001,2.1975,-0.0047,6.2046,35.4791,10.648,27.2124,35.9891
296.0,591.0,10.6944,39.488,98.683,216.1149,0.0198,0.0,100.0535,197.4488,48.9761,-16.4087,0.0,0.0001,2.1919,-0.0039,6.2034,35.4775,10.6211,27.216,35.9938
297.0,593.0,10.7043,39.5031,98.6856,217.9237,0.0175,0.0,100.0577,197.4488,48.9761,-16.4087,0.0,0.0001,2.1925,0.0006,6.2027,35.4821,10.6307,27.2179,35.9953
298.0,595.0,10.7163,39.5204,98.68,217.5659,0.0191,0.0,100.0711,197.4488,48.9761,-16.4087,0.0,0.0001,2.1914,-0.0005,6.2064,35.4872,10.6425,27.2197,35.9965
299.0,597.0,10.6978,39.499,77.0285,213.2259,0.0192,0.0,100.0655,197.4488,48.9761,-16.4087,0.0,0.0001,2.1766,-0.0079,6.2125,35.4827,10.6237,27.2196,35.9973
300.0,599.0,10.6521,39.4475,98.6868,206.792,0.022,0.0,100.0711,197.4489,48.9761,-16.4087,0.0,0.0001,2.1469,-0.0156,6.2183,35.4741,10.5779,27.221,36.0007
301.0,601.0,10.6101,39.4,98.6846,203.9418,0.0198,0.0,100.0655,197.4489,48.9761,-16.4087,0.0,0.0001,2.1187,-0.014,6.2266,35.4661,10.536,27.2223,36.0038
302.0,603.0,10.5651,39.3465,98.68,205.3149,0.0208,0.0,100.0643,197.4489,48.9761,-16.4087,0.0,0.0001,2.1052,-0.0063,6.2324,35.455,10.4909,27.2216,36.0052
303.0,605.0,10.5127,39.2858,98.68,207.0674,0.0234,0.0,100.0681,197.4489,48.9761,-16.4087,0.0,0.0001,2.1034,-0.0009,6.2326,35.4436,10.4384,27.222,36.0079
304.0,607.0,10.4873,39.2623,66.1062,209.7398,0.0232,0.0,100.0711,197.449,48.9761,-16.4087,0.0,0.0001,2.11,0.0036,6.2314,35.4438,10.4129,27.2266,36.0136
305.0,609.0,10.4993,39.2782,98.6766,212.3094,0.0192,0.0,100.0711,197.449,48.9761,-16.4087,0.0,0.0001,2.1236,0.0062,6.231,35.4474,10.4246,27.2274,36.0138
306.0,611.0,10.5053,39.2868,96.0047,212.2182,0.0201,0.0,100.0635,197.449,48.9761,-16.4087,0.0,0.0001,2.1298,0.0032,6.2361,35.4491,10.4303,27.2278,36.0139
307.0,613.0,10.4798,39.2588,98.6856,211.1409,0.0195,0.0,100.0711,197.449,48.9761,-16.4087,0.0,0.0001,2.1293,-0.0001,6.239,35.4446,10.4047,27.2287,36.016
308.0,615.0,10.4494,39.2249,98.6867,208.7652,0.0235,0.0,100.0657,197.4491,48.9761,-16.4087,0.0,0.0001,2.1216,-0.0039,6.2384,35.4392,10.3741,27.2299,36.0185
309.0,617.0,10.4501,39.2292,92.4405,209.6327,0.0205,0.0,100.0711,197.4491,48.9761,-16.4087,0.0,0.0001,2.1197,-0.0011,6.24,35.4418,10.3746,27.2319,36.0205
310.0,619.0,10.4447,39.2267,67.6232,210.2765,0.0188,0.0,100.0629,197.4491,48.9761,-16.4087,0.0,0.0001,2.1197,0.0004,6.2404,35.4436,10.369,27.2343,36.023
311.0,621.0,10.4383,39.2213,98.7808,209.8024,0.0183,0.0,100.0651,197.4491,48.9761,-16.4087,0.0,0.0001,2.1184,-0.0008,6.2443,35.4436,10.3624,27.2354,36.0245
312.0,623.0,10.4262,39.2099,98.68,208.8964,0.0175,0.0,100.0551,197.4491,48.9761,-16.4087,0.0,0.0001,2.1144,-0.002,6.2437,35.4428,10.3501,27.2369,36.0265
313.0,625.0,10.3962,39.1786,98.685,208.4799,0.0226,0.0,100.0632,197.4492,48.9761,-16.4087,0.0,0.0001,2.1102,-0.0022,6.251,35.4393,10.3199,27.2395,36.0304
314.0,627.0,10.3773,39.1577,98.68,206.9895,0.0226,0.0,100.065,197.4492,48.9761,-16.4087,0.0,0.0001,2.102,-0.0039,6.2535,35.4359,10.3009,27.2402,36.0319
315.0,629.0,10.3522,39.1307,98.68,205.6839,0.0195,0.0,100.0711,197.4492,48.9761,-16.4087,0.0,0.0001,2.0933,-0.0045,6.2554,35.432,10.2756,27.2416,36.0344
316.0,631.0,10.3377,39.1161,98.68,205.556,0.0218,0.0,100.0711,197.4492,48.9761,-16.4087,0.0,0.0001,2.0879,-0.0034,6.2588,35.4303,10.261,27.2428,36.0363
317.0,633.0,10.3149,39.0919,98.68,204.9456,0.021,0.0,100.0751,197.4493,48.9761,-16.4087,0.0,0.0001,2.0821,-0.0032,6.2605,35.4272,10.238,27.2444,36.0389
318.0,635.0,10.2955,39.0716,98.68,204.1288,0.0218,0.0,100.0711,197.4493,48.9761,-16.4087,0.0,0.0001,2.0746,-0.003,6.2624,35.4243,10.2185,27.2456,36.0409
319.0,637.0,10.2908,39.0665,96.9014,203.6829,0.0199,0.0,100.0691,197.4493,48.9761,-16.4087,0.0,0.0001,2.069,-0.0026,6.2642,35.4228,10.2134,27.2453,36.0409
320.0,639.0,10.2723,39.0524,71.6408,202.8765,0.0256,0.0,100.0778,197.4493,48.9761,-16.4087,0.0,0.0001,2.0627,-0.0029,6.2649,35.4256,10.1948,27.2507,36.047
321.0,641.0,10.2635,39.0461,95.1918,202.5456,0.0219,0.0,100.1,197.4494,48.9761,-16.4087,0.0,0.0001,2.0584,-0.0024,6.2649,35.4268,10.1858,27.2532,36.0499
322.0,643.0,10.2627,39.0469,98.68,202.5056,0.0218,0.0,100.1,197.4494,48.9761,-16.4087,0.0,0.0001,2.0554,-0.0015,6.2648,35.4275,10.1848,27.2539,36.0506
323.0,645.0,10.2633,39.0496,98.68,202.8577,0.0218,0.0,100.0901,197.4494,48.9761,-16.4087,0.0,0.0001,2.0547,-0.0005,6.2653,35.4287,10.1851,27.2548,36.0515
324.0,647.0,10.261,39.0486,76.8775,202.3189,0.0205,0.0,100.0872,197.4494,48.9761,-16.4087,0.0,0.0001,2.052,-0.0012,6.2658,35.4291,10.1826,27.2556,36.0523
325.0,649.0,10.2577,39.0458,98.6753,202.5075,0.0176,0.0,100.0858,197.4494,48.9761,-16.4087,0.0,0.0001,2.0513,-0.0006,6.2677,35.4288,10.1791,27.2559,36.0529
326.0,651.0,10.2558,39.0448,98.68,202.364,0.0216,0.0,100.0843,197.4495,48.9761,-16.4087,0.0,0.0001,2.0498,-0.0007,6.2685,35.4288,10.177,27.2563,36.0533
327.0,653.0,10.2386,39.0278,98.68,201.9083,0.0179,0.0,100.0773,197.4495,48.9761,-16.4087,0.0,0.0001,2.0471,-0.0012,6.2695,35.4273,10.1595,27.2582,36.056
328.0,655.0,10.2311,39.021,98.68,201.5677,0.0191,0.0,100.1,197.4495,48.9761,-16.4087,0.0,0.0001,2.044,-0.0012,6.2696,35.4266,10.1519,27.259,36.0571
329.0,657.0,10.2304,39.0221,97.0506,201.559,0.0182,0.0,100.0888,197.4495,48.9761,-16.4087,0.0,0.0001,2.0419,-0.0009,6.272,35.4275,10.1508,27.2599,36.058
330.0,659.0,10.2225,39.0153,53.1379,201.8378,0.0157,0.0,100.1,197.4496,48.9761,-16.4087,0.0,0.0001,2.0415,-0.0002,6.2725,35.4274,10.1428,27.2612,36.0596
331.0,661.0,10.209,39.0019,98.6807,201.7644,0.0188,0.0,100.0796,197.4496,48.9761,-16.4087,0.0,0.0001,2.0409,-0.0004,6.2753,35.4262,10.1291,27.2626,36.0616
332.0,663.0,10.1869,38.9798,98.5811,200.9778,0.0192,0.0,100.0737,197.4496,48.9761,-16.4086,0.0,0.0001,2.0371,-0.0017,6.2814,35.4244,10.1068,27.2651,36.0651
333.0,665.0,10.1511,38.9434,98.68,199.9456,0.0255,0.0,100.0752,197.4496,48.9761,-16.4086,0.0,0.0001,2.0305,-0.003,6.2859,35.4214,10.071,27.269,36.0705
334.0,667.0,10.1361,38.9275,98.68,199.7791,0.0229,0.0,100.0711,197.4496,48.9761,-16.4086,0.0,0.0001,2.0282,-0.0024,6.2867,35.4189,10.0558,27.2696,36.0719
335.0,669.0,10.1085,38.8999,87.2762,198.6997,0.0252,0.0,100.1,197.4497,48.9761,-16.4086,0.0,0.0001,2.0217,-0.0032,6.2868,35.4168,10.0281,27.2727,36.0762
336.0,671.0,10.1065,38.8992,78.8819,198.7849,0.022,0.0,100.0832,197.4497,48.9761,-16.4086,0.0,0.0001,2.018,-0.0018,6.2866,35.4171,10.0259,27.2733,36.0769
337.0,673.0,10.1143,38.9091,96.033,198.802,0.023,0.0,100.0015,197.4497,48.9761,-16.4086,0.0,0.0001,2.0155,-0.001,6.2841,35.4187,10.0334,27.2733,36.0765
338.0,675.0,10.1229,38.9206,98.68,198.8999,0.0212,0.0,100.0787,197.4497,48.9761,-16.4086,0.0,0.0001,2.0147,-0.0005,6.284,35.4211,10.0417,27.2738,36.0766
339.0,677.0,10.1267,38.9278,98.68,199.4715,0.0254,0.0,100.0756,197.4498,48.9761,-16.4086,0.0,0.0001,2.0156,0.0005,6.2847,35.4238,10.0452,27.2752,36.0779
340.0,679.0,10.1222,38.9255,79.9787,199.0975,0.0226,0.0,100.0855,197.4498,48.9761,-16.4086,0.0,0.0001,2.015,-0.0004,6.2869,35.4249,10.0405,27.2769,36.0797
341.0,681.0,10.1094,38.9127,98.6807,198.6412,0.0207,0.0,100.081,197.4498,48.9761,-16.4086,0.0,0.0001,2.0122,-0.0012,6.2897,35.4237,10.0275,27.2783,36.0816
342.0,683.0,10.0932,38.897,98.68,198.0592,0.0201,0.0,100.0639,197.4498,48.9761,-16.4086,0.0,0.0001,2.0091,-0.0017,6.2915,35.4226,10.0111,27.2802,36.0843
343.0,685.0,10.0759,38.8799,98.68,197.5837,0.0172,0.0,100.0855,197.4498,48.9761,-16.4086,0.0,0.0001,2.0061,-0.0019,6.2913,35.4209,9.9937,27.2819,36.0867
344.0,687.0,10.0617,38.8657,98.68,198.0385,0.0158,0.0,100.0889,197.4499,48.9761,-16.4086,0.0,0.0001,2.0041,-0.0006,6.2947,35.4193,9.9792,27.2831,36.0886
345.0,689.0,10.053,38.8573,90.296,197.1299,0.0188,0.0,100.0814,197.4499,48.9761,-16.4086,0.0,0.0001,2.0004,-0.002,6.2972,35.4187,9.9705,27.2841,36.09
346.0,691.0,10.0401,38.8453,82.1122,196.0162,0.019,0.0,100.1,197.4499,48.9761,-16.4086,0.0,0.0001,1.994,-0.0031,6.3,35.418,9.9573,27.2859,36.0923
347.0,693.0,10.016,38.8212,96.6702,196.4036,0.0194,0.0,100.0855,197.4499,48.9761,-16.4086,0.0,0.0001,1.9906,-0.0015,6.3055,35.4159,9.933,27.2884,36.0959
348.0,695.0,9.9964,38.8019,98.68,195.8371,0.0224,0.0,100.0711,197.45,48.9761,-16.4086,0.0,0.0001,1.988,-0.0021,6.3104,35.4145,9.9133,27.2907,36.099
349.0,697.0,9.9405,38.743,98.68,195.7593,0.0201,0.0,100.0711,197.45,48.9761,-16.4086,0.0,0.0001,1.9841,-0.0013,6.3074,35.4078,9.8574,27.295,36.1058
350.0,699.0,9.9319,38.7354,98.68,196.0037,0.0179,0.0,100.0745,197.45,48.9761,-16.4086,0.0,0.0001,1.9825,-0.0006,6.3145,35.4076,9.8486,27.2964,36.1075
351.0,701.0,9.9193,38.723,67.8612,194.8465,0.0208,0.0,100.0711,197.45,48.9761,-16.4086,0.0,0.0001,1.9784,-0.0024,6.3171,35.4066,9.8359,27.2978,36.1095
352.0,703.0,9.8974,38.7006,92.5659,193.7783,0.0214,0.0,100.0749,197.4501,48.9761,-16.4086,0.0,0.0001,1.9706,-0.0032,6.3187,35.404,9.8139,27.2995,36.1122
353.0,705.0,9.8817,38.6843,95.2784,193.4217,0.018,0.0,100.0779,197.4501,48.9761,-16.4086,0.0,0.0001,1.967,-0.0025,6.3189,35.4016,9.7979,27.3003,36.1137
354.0,707.0,9.8804,38.6837,98.68,193.777,0.0178,0.0,100.0639,197.4501,48.9761,-16.4086,0.0,0.0001,1.9664,-0.0012,6.3194,35.4014,9.7965,27.3004,36.1139
355.0,709.0,9.8737,38.6772,98.68,194.2821,0.0196,0.0,100.0711,197.4501,48.9761,-16.4086,0.0,0.0001,1.9658,-0.0002,6.3225,35.4006,9.7896,27.3009,36.1147
356.0,711.0,9.8505,38.6525,98.68,193.9487,0.0193,0.0,100.0842,197.4501,48.9761,-16.4086,0.0,0.0001,1.9634,-0.0011,6.3312,35.3971,9.7663,27.3022,36.117
357.0,713.0,9.8464,38.6525,98.68,192.8974,0.022,0.0,100.0659,197.4502,48.9761,-16.4086,0.0,0.0001,1.9584,-0.0033,6.3514,35.4001,9.7619,27.3052,36.1202
358.0,715.0,9.7047,38.491,98.68,193.4622,0.0228,0.0,100.0711,197.4502,48.9761,-16.4086,0.0,0.0001,1.9569,-0.0015,6.3523,35.3721,9.6207,27.3073,36.1286
359.0,717.0,9.6525,38.4381,98.68,194.3555,0.0248,0.0,100.0521,197.4502,48.9761,-16.4086,0.0,0.0001,1.9555,0.0006,6.3517,35.368,9.5686,27.3128,36.1364
360.0,719.0,9.6517,38.4405,98.68,192.0152,0.0254,0.0,100.0631,197.4502,48.9761,-16.4086,0.0,0.0001,1.9485,-0.0031,6.3525,35.3702,9.5675,27.3147,36.1384
361.0,721.0,9.6479,38.4376,72.5597,191.1335,0.0219,0.0,100.0747,197.4503,48.9761,-16.4086,0.0,0.0001,1.9405,-0.003,6.3554,35.3701,9.5634,27.3153,36.1391
362.0,723.0,9.641,38.4297,95.9515,190.6343,0.0191,0.0,100.0892,197.4503,48.9761,-16.4086,0.0,0.0001,1.9338,-0.0031,6.3665,35.3678,9.5563,27.3147,36.1389
363.0,725.0,9.5856,38.3691,97.2002,189.7844,0.0201,0.0,100.0783,197.4503,48.9761,-16.4086,0.0,0.0001,1.9277,-0.0037,6.3788,35.3587,9.501,27.3168,36.1435
364.0,727.0,9.5233,38.3038,98.68,189.7435,0.0183,0.0,100.0842,197.4503,48.9761,-16.4086,0.0,0.0001,1.9231,-0.0028,6.3837,35.3517,9.4388,27.3217,36.1511
365.0,729.0,9.4616,38.2355,98.68,189.8946,0.0179,0.0,100.0752,197.4503,48.9761,-16.4086,0.0,0.0001,1.9208,-0.0018,6.3857,35.3409,9.3772,27.3235,36.1557
366.0,731.0,9.3926,38.1625,88.2969,189.5048,0.02,0.0,100.0855,197.4504,48.9761,-16.4086,0.0,0.0001,1.9161,-0.0019,6.3947,35.3321,9.3083,27.328,36.1633
367.0,733.0,9.3625,38.1323,98.68,188.7868,0.022,0.0,100.1119,197.4504,48.9761,-16.4086,0.0,0.0001,1.9102,-0.0022,6.3989,35.3294,9.2781,27.3308,36.1675
368.0,735.0,9.3375,38.1106,98.68,187.2659,0.0213,0.0,100.1216,197.4504,48.9761,-16.4086,0.0,0.0001,1.9034,-0.0037,6.4003,35.3305,9.2529,27.3359,36.1736
369.0,737.0,9.3236,38.097,98.68,187.5795,0.0213,0.0,100.1144,197.4505,48.9761,-16.4085,0.0,0.0001,1.8987,-0.0019,6.402,35.3292,9.2389,27.3371,36.1755
370.0,739.0,9.3183,38.0951,98.68,187.9964,0.0207,0.0,100.1,197.4505,48.9761,-16.4085,0.0,0.0001,1.8984,-0.0006,6.3998,35.3317,9.2334,27.34,36.1786
371.0,741.0,9.3032,38.0815,84.6598,188.2511,0.0247,0.0,100.1,197.4505,48.9761,-16.4085,0.0,0.0001,1.898,-0.0003,6.4048,35.3314,9.2182,27.3423,36.1815
372.0,743.0,9.2883,38.0671,93.4954,187.8336,0.0216,0.0,100.115,197.4505,48.9761,-16.4085,0.0,0.0001,1.8952,-0.0011,6.4123,35.3303,9.2031,27.3439,36.1838
373.0,745.0,9.2651,38.0415,98.5223,187.0755,0.021,0.0,100.1103,197.4505,48.9761,-16.4085,0.0,0.0001,1.8912,-0.0021,6.4199,35.3257,9.1799,27.3441,36.185
374.0,747.0,9.1993,37.9751,98.68,187.2075,0.0187,-0.0001,100.1274,197.4506,48.9761,-16.4085,0.0,0.0001,1.8889,-0.0014,6.4213,35.3206,9.1142,27.3508,36.1947
375.0,749.0,9.1719,37.9497,98.68,186.9039,0.0213,-0.0001,100.1288,197.4506,48.9761,-16.4085,0.0,0.0001,1.8868,-0.0013,6.4198,35.3203,9.0866,27.355,36.2002
376.0,751.0,9.1776,37.9629,98.68,186.8952,0.0233,-0.0001,100.1294,197.4506,48.9761,-16.4085,0.0,0.0001,1.8855,-0.0009,6.4183,35.3274,9.0921,27.3597,36.2045
377.0,753.0,9.187,37.9796,71.8987,186.7059,0.0212,-0.0001,100.1369,197.4506,48.9761,-16.4085,0.0,0.0001,1.8843,-0.0007,6.4126,35.3346,9.1012,27.3639,36.2081
378.0,755.0,9.2156,38.0174,92.6752,185.9345,0.0196,-0.0001,100.139,197.4506,48.9761,-16.4085,0.0,0.0001,1.8811,-0.0016,6.4115,35.3451,9.1294,27.3675,36.2104
379.0,757.0,9.2347,38.0413,98.6795,185.2094,0.0184,-0.0001,100.1382,197.4507,48.9761,-16.4085,0.0,0.0001,1.8767,-0.0021,6.4125,35.3501,9.1482,27.3683,36.2103
380.0,759.0,9.2346,38.0442,98.68,185.6426,0.019,-0.0001,100.161,197.4507,48.9761,-16.4085,0.0,0.0001,1.8753,-0.0008,6.4133,35.3521,9.1477,27.37,36.212
381.0,761.0,9.2273,38.0361,98.3282,185.3591,0.0176,-0.0001,100.1477,197.4507,48.9761,-16.4085,0.0,0.0001,1.8728,-0.001,6.4171,35.3502,9.1403,27.3697,36.2121
382.0,763.0,9.2047,38.0139,98.68,185.1036,0.0204,-0.0001,100.1389,197.4507,48.9761,-16.4085,0.0,0.0001,1.8718,-0.0012,6.4163,35.3482,9.1175,27.3719,36.2153
383.0,765.0,9.1962,38.0055,98.68,185.9975,0.0217,0.0001,99.6638,197.4508,48.976,-16.4085,0.0,0.0001,1.8722,0.0005,6.4166,35.347,9.1089,27.3724,36.2161
384.0,767.0,9.1911,38.001,94.5484,185.9025,0.0188,-0.0001,100.144,197.4508,48.976,-16.4085,0.0,0.0001,1.872,0.0,6.421,35.3465,9.1037,27.3728,36.2168
385.0,769.0,9.1872,37.9961,75.5976,186.0327,0.0157,-0.0001,100.1564,197.4508,48.9761,-16.4085,0.0,0.0001,1.8716,0.0,6.4262,35.3445,9.0996,27.3719,36.2161
386.0,771.0,9.1466,37.9553,91.0967,186.5002,0.0218,-0.0001,100.145,197.4508,48.9761,-16.4085,0.0,0.0001,1.873,0.0005,6.4285,35.3409,9.0588,27.3757,36.2217
387.0,773.0,9.131,37.942,98.68,186.799,0.0195,-0.0001,100.1447,197.4509,48.976,-16.4085,0.0,0.0001,1.8741,0.0005,6.4335,35.3415,9.0431,27.3787,36.2254
388.0,775.0,9.1036,37.914,98.68,186.4867,0.0216,-0.0001,100.1541,197.4509,48.976,-16.4085,0.0,0.0001,1.8738,0.0,6.4264,35.3387,9.0157,27.381,36.2289
389.0,777.0,9.0841,37.8967,85.4751,186.4704,0.0201,-0.0001,100.1548,197.4509,48.976,-16.4085,0.0,0.0001,1.8736,-0.0003,6.4322,35.3389,8.9961,27.3843,36.2331
390.0,779.0,9.0949,37.9122,98.68,185.5077,0.0193,-0.0001,100.1714,197.4509,48.976,-16.4085,0.0,0.0001,1.8695,-0.0017,6.4373,35.3436,9.0066,27.3863,36.2346
391.0,781.0,9.0779,37.8951,98.68,184.1144,0.0183,-0.0001,100.1858,197.4509,48.976,-16.4085,0.0,0.0001,1.8613,-0.0033,6.4413,35.3416,8.9894,27.3875,36.2365
392.0,783.0,9.0509,37.8673,98.68,184.4507,0.0201,-0.0001,100.1866,197.451,48.976,-16.4085,0.0,0.0001,1.8608,-0.0019,6.4439,35.3382,8.9623,27.3892,36.2395
393.0,785.0,9.0254,37.8396,98.68,185.0539,0.0226,-0.0001,100.1866,197.451,48.976,-16.4085,0.0,0.0001,1.8597,-0.0004,6.4456,35.3337,8.9368,27.3898,36.2413
394.0,787.0,8.9902,37.8039,94.1498,185.6175,0.0206,-0.0001,100.1829,197.451,48.976,-16.4085,0.0,0.0001,1.8608,0.0002,6.4526,35.3302,8.9014,27.3927,36.2458
395.0,789.0,8.9292,37.7398,78.7926,185.6631,0.0221,-0.0001,100.1747,197.451,48.976,-16.4085,0.0,0.0001,1.86,0.0,6.4542,35.3227,8.8406,27.3967,36.2525
396.0,791.0,8.9468,37.7649,95.7324,184.9045,0.0179,-0.0001,100.1866,197.4511,48.976,-16.4085,0.0,0.0001,1.8584,-0.0012,6.4532,35.3305,8.8578,27.3999,36.2549
397.0,793.0,8.9409,37.7606,98.68,185.1286,0.0187,-0.0001,100.1892,197.4511,48.976,-16.4085,0.0,0.0001,1.8575,-0.0005,6.4552,35.3307,8.8517,27.4012,36.2564
398.0,795.0,8.9372,37.7581,98.68,184.9919,0.0173,-0.0001,100.1903,197.4511,48.976,-16.4085,0.0,0.0001,1.8557,-0.0006,6.4561,35.3311,8.8478,27.4021,36.2574
399.0,797.0,8.9331,37.7564,98.68,184.9792,0.0186,-0.0001,100.1819,197.4511,48.976,-16.4085,0.0,0.0001,1.8549,-0.0005,6.4567,35.3322,8.8435,27.4036,36.2592
400.0,799.0,8.9237,37.7495,67.4868,185.4822,0.022,-0.0001,100.177,197.4512,48.976,-16.4085,0.0,0.0001,1.8554,0.0004,6.4571,35.3334,8.8339,27.4061,36.262
401.0,801.0,8.9167,37.7444,84.8107,185.2893,0.0222,-0.0001,100.1846,197.4512,48.976,-16.4085,0.0,0.0001,1.8553,-0.0001,6.4601,35.3341,8.8268,27.4078,36.264
402.0,803.0,8.9072,37.7368,95.2737,185.5747,0.0216,-0.0001,100.1767,197.4512,48.976,-16.4085,0.0,0.0001,1.8547,-0.0001,6.4695,35.3346,8.817,27.4097,36.2664
403.0,805.0,8.8586,37.6891,98.68,186.4868,0.0237,-0.0001,100.1555,197.4512,48.976,-16.4085,0.0,0.0001,1.8563,0.0009,6.4785,35.3317,8.7685,27.4152,36.274
404.0,807.0,8.7993,37.6259,98.68,186.9211,0.0214,-0.0001,100.1455,197.4512,48.976,-16.4085,0.0,0.0001,1.8591,0.0011,6.4775,35.3233,8.7093,27.418,36.2796
405.0,809.0,8.7751,37.6025,98.68,187.2294,0.0206,-0.0001,100.1514,197.4513,48.976,-16.4085,0.0,0.0001,1.8608,0.0012,6.4757,35.3218,8.685,27.4207,36.2833
406.0,811.0,8.7793,37.612,98.68,187.0879,0.023,-0.0001,100.1512,197.4513,48.976,-16.4085,0.0,0.0001,1.8617,0.0007,6.4741,35.3269,8.689,27.424,36.2864
407.0,813.0,8.8043,37.6458,98.68,186.7627,0.0215,-0.0001,100.1513,197.4513,48.976,-16.4085,0.0,0.0001,1.8606,-0.0004,6.4819,35.3367,8.7136,27.4279,36.289
408.0,815.0,8.7761,37.623,98.68,186.5953,0.0222,-0.0001,100.1577,197.4513,48.976,-16.4085,0.0,0.0001,1.8586,-0.001,6.4951,35.3397,8.6854,27.4347,36.2971
409.0,817.0,8.7342,37.5764,98.68,186.7485,0.0194,-0.0001,100.1577,197.4514,48.976,-16.4085,0.0,0.0001,1.8578,-0.0008,6.5006,35.3315,8.6435,27.4348,36.2992
410.0,819.0,8.6435,37.4814,85.3103,187.0832,0.0178,-0.0001,100.1808,197.4514,48.976,-16.4085,0.0,0.0001,1.8584,0.0,6.5013,35.3206,8.5531,27.4405,36.309
411.0,821.0,8.6175,37.4611,84.5473,187.565,0.0197,-0.0001,100.1738,197.4514,48.976,-16.4085,0.0,0.0001,1.8585,0.0005,6.5027,35.3242,8.527,27.4474,36.317
412.0,823.0,8.6182,37.4678,94.1247,187.2166,0.0201,-0.0001,100.1719,197.4514,48.976,-16.4085,0.0,0.0001,1.8584,-0.0004,6.5059,35.3297,8.5275,27.4517,36.3212
413.0,825.0,8.5971,37.4481,98.68,187.1919,0.0211,-0.0001,100.181,197.4514,48.976,-16.4085,0.0,0.0001,1.8574,-0.0003,6.5068,35.3289,8.5063,27.4544,36.3248
414.0,827.0,8.5847,37.4369,98.68,187.3242,0.0203,-0.0001,100.1806,197.4515,48.976,-16.4085,0.0,0.0001,1.8565,-0.0001,6.5075,35.3284,8.4937,27.456,36.327
415.0,829.0,8.5828,37.4366,82.9267,186.9612,0.0193,-0.0001,100.1866,197.4515,48.976,-16.4084,0.0,0.0001,1.8554,-0.0007,6.5085,35.3291,8.4916,27.4569,36.328
416.0,831.0,8.5768,37.4304,98.68,187.1635,0.0221,-0.0001,100.1825,197.4515,48.976,-16.4084,0.0,0.0001,1.8547,-0.0004,6.5122,35.3276,8.4854,27.4566,36.328
417.0,833.0,8.5637,37.4163,98.68,187.1808,0.0197,-0.0001,100.181,197.4515,48.976,-16.4084,0.0,0.0001,1.8544,-0.0003,6.5152,35.3248,8.4722,27.4565,36.3285
418.0,835.0,8.5352,37.3861,98.68,187.5565,0.0222,-0.0001,100.2109,197.4516,48.976,-16.4084,0.0,0.0001,1.854,0.0001,6.5213,35.3203,8.4436,27.4575,36.3308
419.0,837.0,8.5062,37.3548,98.68,187.2451,0.0213,-0.0001,100.2117,197.4516,48.976,-16.4084,0.0,0.0001,1.8533,-0.0005,6.5219,35.3152,8.4145,27.458,36.3327
420.0,839.0,8.4741,37.3226,85.7019,187.6903,0.0202,-0.0001,100.2038,197.4516,48.976,-16.4084,0.0,0.0001,1.8529,0.0001,6.5265,35.3123,8.3825,27.4607,36.3368
421.0,841.0,8.4684,37.3221,89.3447,187.4421,0.0177,-0.0001,100.2017,197.4516,48.976,-16.4084,0.0,0.0001,1.8527,-0.0003,6.5249,35.3164,8.3765,27.4648,36.3412
422.0,843.0,8.4579,37.3152,98.4365,188.4116,0.0208,-0.0001,100.1988,197.4516,48.976,-16.4084,0.0,0.0001,1.8541,0.0013,6.5243,35.3186,8.3659,27.4682,36.345
423.0,845.0,8.4717,37.3318,98.6235,188.2715,0.021,-0.0001,100.2036,197.4517,48.976,-16.4084,0.0,0.0001,1.8555,0.0005,6.5231,35.3216,8.3793,27.4685,36.3447
424.0,847.0,8.4766,37.3408,98.68,187.8236,0.0179,-0.0001,100.1863,197.4517,48.976,-16.4084,0.0,0.0001,1.8548,-0.0004,6.5256,35.3253,8.384,27.4707,36.3466
425.0,849.0,8.4628,37.3272,98.68,187.769,0.0219,-0.0001,100.1977,197.4517,48.976,-16.4084,0.0,0.0001,1.8535,-0.0004,6.5263,35.3237,8.37,27.4715,36.3481
426.0,851.0,8.4506,37.3162,52.253,187.6415,0.019,-0.0001,100.185,197.4517,48.976,-16.4084,0.0,0.0001,1.8529,-0.0006,6.526,35.3234,8.3576,27.4733,36.3504
427.0,853.0,8.4531,37.3215,96.2816,187.6041,0.0193,-0.0001,100.202,197.4518,48.976,-16.4084,0.0,0.0001,1.8526,-0.0005,6.5254,35.3257,8.36,27.4747,36.3517
428.0,855.0,8.4576,37.33,94.9404,187.634,0.0181,-0.0001,100.2078,197.4518,48.976,-16.4084,0.0,0.0001,1.8516,-0.0002,6.5233,35.3292,8.3641,27.4768,36.3535
429.0,857.0,8.4672,37.3447,98.68,187.6533,0.0194,-0.0001,100.2099,197.4518,48.976,-16.4084,0.0,0.0001,1.851,-0.0001,6.5238,35.334,8.3734,27.4791,36.3553
430.0,859.0,8.4808,37.3678,98.3019,187.5366,0.0212,-0.0001,100.2137,197.4518,48.976,-16.4084,0.0,0.0001,1.8483,-0.0012,6.5445,35.3441,8.3867,27.485,36.3605
431.0,861.0,8.4182,37.2953,98.68,186.9529,0.0209,-0.0001,100.2072,197.4519,48.976,-16.4084,0.0,0.0001,1.8462,-0.0023,6.5569,35.3289,8.3243,27.4827,36.3612
432.0,863.0,8.3106,37.1845,98.68,187.795,0.0234,-0.0001,100.22,197.4519,48.976,-16.4084,0.0,0.0001,1.846,-0.0005,6.5597,35.318,8.2173,27.4906,36.3741
433.0,865.0,8.2346,37.1039,95.9209,188.5864,0.0187,-0.0001,100.2293,197.4519,48.976,-16.4084,0.0,0.0001,1.8471,0.0006,6.5614,35.3071,8.1414,27.4937,36.3807
434.0,867.0,8.2264,37.0976,73.5526,188.4464,0.0223,-0.0001,100.2197,197.4519,48.976,-16.4084,0.0,0.0001,1.8471,-0.0003,6.5714,35.3074,8.133,27.4952,36.3826
435.0,869.0,8.1934,37.062,95.767,188.5277,0.0228,-0.0001,100.2227,197.4519,48.976,-16.4084,0.0,0.0001,1.8474,-0.0003,6.5723,35.3018,8.1,27.4958,36.3848
436.0,871.0,8.1505,37.0183,93.3858,189.5617,0.023,-0.0001,100.2311,197.452,48.976,-16.4084,0.0,0.0001,1.8489,0.0011,6.5767,35.2972,8.0572,27.4987,36.3897
437.0,873.0,8.1225,36.9885,98.68,189.3595,0.0215,-0.0001,100.2294,197.452,48.976,-16.4084,0.0,0.0001,1.8491,-0.0001,6.5868,35.2925,8.0291,27.4993,36.3916
438.0,875.0,8.0766,36.94,98.68,189.561,0.0223,-0.0001,100.2443,197.452,48.976,-16.4084,0.0,0.0001,1.8486,-0.0001,6.5951,35.2858,7.9833,27.501,36.3954
439.0,877.0,8.0332,36.8937,76.0653,190.1782,0.019,-0.0001,100.2246,197.452,48.976,-16.4084,0.0,0.0001,1.8495,0.0006,6.6011,35.2788,7.9401,27.502,36.3985
440.0,879.0,7.9674,36.8258,98.68,190.9732,0.0174,-0.0001,100.2363,197.4521,48.976,-16.4084,0.0,0.0001,1.8535,0.0013,6.6014,35.2712,7.8745,27.5058,36.4054
441.0,881.0,7.9613,36.8211,98.68,191.0277,0.0202,-0.0001,100.2384,197.4521,48.976,-16.4084,0.0,0.0001,1.8541,0.0007,6.6038,35.2715,7.8682,27.507,36.4068
442.0,883.0,7.957,36.8175,98.68,191.0823,0.0163,-0.0001,100.2413,197.4521,48.976,-16.4084,0.0,0.0001,1.8547,0.0005,6.6056,35.271,7.8636,27.5073,36.4073
443.0,885.0,7.9341,36.7966,98.68,190.7309,0.0195,-0.0001,100.2398,197.4521,48.976,-16.4084,0.0,0.0001,1.8547,0.0,6.5973,35.2705,7.8407,27.5103,36.4114
444.0,887.0,7.9617,36.8326,74.3197,190.9788,0.0194,-0.0001,100.2443,197.4522,48.976,-16.4084,0.0,0.0001,1.8559,0.0004,6.5908,35.2806,7.8679,27.5142,36.4139
445.0,889.0,8.0145,36.8974,98.0402,190.2464,0.0217,-0.0001,100.2549,197.4522,48.976,-16.4084,0.0,0.0001,1.8544,-0.0007,6.5906,35.2958,7.9201,27.5183,36.4155
446.0,891.0,8.029,36.9166,96.354,190.0707,0.0193,-0.0001,100.2471,197.4522,48.976,-16.4084,0.0,0.0001,1.8527,-0.0007,6.588,35.3009,7.9342,27.5203,36.4167
447.0,893.0,8.0343,36.9246,98.68,189.988,0.017,-0.0001,100.2442,197.4522,48.976,-16.4083,0.0,0.0001,1.8526,-0.0001,6.5759,35.3034,7.9393,27.5214,36.4176
448.0,895.0,8.0907,36.996,98.68,189.593,0.0177,-0.0001,100.2515,197.4522,48.976,-16.4083,0.0,0.0001,1.851,-0.0006,6.5725,35.3221,7.9951,27.5277,36.4211
449.0,897.0,8.1362,37.0529,85.2045,188.561,0.0174,-0.0001,100.2501,197.4523,48.976,-16.4083,0.0,0.0001,1.8477,-0.0018,6.5719,35.3363,8.04,27.5321,36.4232
450.0,899.0,8.1394,37.0594,93.9603,188.7285,0.0206,-0.0001,100.2704,197.4523,48.976,-16.4083,0.0,0.0001,1.8462,-0.0009,6.5697,35.3391,8.0429,27.5338,36.4248
451.0,901.0,8.1533,37.0805,86.2327,189.4439,0.0186,-0.0001,100.2461,197.4523,48.976,-16.4083,0.0,0.0001,1.8462,0.0004,6.568,35.3466,8.0566,27.5376,36.4279
452.0,903.0,8.156,37.0852,98.68,189.0329,0.0174,-0.0001,100.2443,197.4523,48.976,-16.4083,0.0,0.0001,1.8462,-0.0002,6.5625,35.3482,8.059,27.5385,36.4286
453.0,905.0,8.1756,37.1133,98.68,189.2203,0.0193,-0.0001,100.2443,197.4524,48.976,-16.4083,0.0,0.0001,1.8462,0.0,6.566,35.3577,8.0783,27.543,36.4321
454.0,907.0,8.2117,37.1557,98.68,188.6271,0.0212,-0.0001,100.2651,197.4524,48.976,-16.4083,0.0,0.0001,1.8447,-0.0006,6.5587,35.3657,8.1139,27.5439,36.4313
455.0,909.0,8.2192,37.1661,98.68,188.2916,0.0206,-0.0001,100.2564,197.4524,48.976,-16.4083,0.0,0.0001,1.8428,-0.0009,6.5609,35.3684,8.1211,27.545,36.432
456.0,911.0,8.2222,37.1722,98.68,187.9063,0.0185,-0.0001,100.2494,197.4524,48.976,-16.4083,0.0,0.0001,1.8403,-0.0012,6.5616,35.3708,8.1238,27.5464,36.4333
457.0,913.0,8.2003,37.1501,98.68,188.5644,0.0167,-0.0001,100.2489,197.4524,48.976,-16.4083,0.0,0.0001,1.84,0.0001,6.5611,35.3681,8.1018,27.5476,36.4355
458.0,915.0,8.2166,37.171,98.68,188.6411,0.0187,-0.0001,100.2527,197.4525,48.976,-16.4083,0.0,0.0001,1.8412,0.0003,6.5572,35.3734,8.1178,27.5493,36.4364
459.0,917.0,8.2282,37.1881,86.5886,188.0612,0.018,-0.0001,100.2148,197.4525,48.976,-16.4083,0.0,0.0001,1.8396,-0.0007,6.5558,35.379,8.1291,27.552,36.4385
460.0,919.0,8.2166,37.1839,90.5383,188.5469,0.0187,-0.0001,100.2518,197.4525,48.976,-16.4083,0.0,0.0001,1.84,0.0001,6.5581,35.3852,8.1173,27.5587,36.4457
461.0,921.0,8.2268,37.2044,95.8448,188.542,0.0186,-0.0001,100.2503,197.4525,48.976,-16.4083,0.0,0.0001,1.84,-0.0001,6.5602,35.3958,8.1273,27.5655,36.4519
462.0,923.0,8.2055,37.1824,98.68,188.7107,0.0221,-0.0001,100.2374,197.4526,48.976,-16.4083,0.0,0.0001,1.8398,0.0001,6.5624,35.3927,8.1058,27.5664,36.4537
463.0,925.0,8.1921,37.1692,98.68,188.8039,0.0223,-0.0001,100.2449,197.4526,48.976,-16.4083,0.0,0.0001,1.84,0.0001,6.5623,35.3912,8.0923,27.5672,36.4552
464.0,927.0,8.1853,37.1664,83.4403,188.822,0.0215,-0.0001,100.2443,197.4526,48.976,-16.4083,0.0,0.0001,1.84,0.0001,6.5605,35.3941,8.0853,27.5706,36.4588
465.0,929.0,8.195,37.1828,98.68,189.2949,0.0159,-0.0001,100.2501,197.4526,48.976,-16.4083,0.0,0.0001,1.8413,0.0006,6.5615,35.4009,8.0947,27.5745,36.4622
466.0,931.0,8.1957,37.1859,98.68,189.2448,0.0188,-0.0001,100.2293,197.4526,48.976,-16.4083,0.0,0.0001,1.8415,0.0004,6.5616,35.4026,8.0952,27.5757,36.4634
467.0,933.0,8.1915,37.1824,98.68,189.0477,0.0186,-0.0001,100.2415,197.4527,48.976,-16.4083,0.0,0.0001,1.8407,-0.0002,6.5644,35.4022,8.0908,27.5761,36.464
468.0,935.0,8.1717,37.166,98.68,188.8477,0.0179,-0.0001,100.2155,197.4527,48.976,-16.4083,0.0,0.0001,1.84,-0.0006,6.5657,35.4034,8.0709,27.5801,36.4689
469.0,937.0,8.1739,37.1705,98.68,189.1808,0.0182,-0.0001,100.2155,197.4527,48.976,-16.4083,0.0,0.0001,1.84,0.0,6.5648,35.4054,8.0728,27.5813,36.47
470.0,939.0,8.1577,37.1551,85.909,189.5804,0.0184,-0.0001,100.221,197.4527,48.976,-16.4083,0.0,0.0001,1.8413,0.0005,6.5662,35.4041,8.0565,27.5828,36.4722
471.0,941.0,8.1603,37.1584,98.6279,189.1368,0.0183,-0.0001,100.2113,197.4528,48.976,-16.4083,0.0,0.0001,1.8407,-0.0001,6.5598,35.4043,8.0589,27.5826,36.4719
472.0,943.0,8.1767,37.1855,98.68,189.3353,0.0166,-0.0001,100.2368,197.4528,48.976,-16.4083,0.0,0.0001,1.8413,0.0005,6.5528,35.4158,8.075,27.5892,36.4776
473.0,945.0,8.221,37.2383,98.68,189.2159,0.0185,-0.0001,100.2162,197.4528,48.976,-16.4083,0.0,0.0001,1.8416,0.0002,6.5513,35.4266,8.1188,27.5911,36.4773
474.0,947.0,8.2515,37.2762,98.68,188.675,0.0181,-0.0001,100.2203,197.4528,48.9759,-16.4083,0.0,0.0001,1.84,-0.0007,6.5518,35.4354,8.1487,27.5934,36.4782
475.0,949.0,8.2473,37.273,77.9985,188.4306,0.019,-0.0001,100.2248,197.4529,48.9759,-16.4083,0.0,0.0001,1.8388,-0.0007,6.5474,35.4355,8.1443,27.5941,36.4791
476.0,951.0,8.2677,37.3036,95.1442,188.7068,0.0182,-0.0001,100.1948,197.4529,48.976,-16.4083,0.0,0.0001,1.8379,-0.0003,6.5531,35.4464,8.1644,27.5996,36.4836
477.0,953.0,8.2416,37.2763,97.7842,188.4607,0.0184,-0.0001,100.216,197.4529,48.9759,-16.4082,0.0,0.0001,1.8365,-0.0007,6.5552,35.4424,8.1381,27.6005,36.4857
478.0,955.0,8.2296,37.2643,98.68,188.9021,0.0179,-0.0001,100.2155,197.4529,48.9759,-16.4082,0.0,0.0001,1.8369,0.0002,6.554,35.4407,8.1261,27.601,36.4867
479.0,957.0,8.223,37.2571,98.4188,189.3946,0.0174,-0.0001,100.2132,197.453,48.9759,-16.4083,0.0,0.0001,1.8377,0.0007,6.5577,35.4388,8.1192,27.6006,36.4866
480.0,959.0,8.2122,37.2461,98.68,189.4935,0.015,-0.0001,100.1866,197.453,48.9759,-16.4082,0.0,0.0001,1.8379,0.0002,6.5657,35.4373,8.1083,27.601,36.4876
481.0,961.0,8.1691,37.1995,98.68,189.6487,0.0184,-0.0001,100.1915,197.453,48.9759,-16.4082,0.0,0.0001,1.8378,0.0,6.5726,35.4298,8.0654,27.6017,36.4903
482.0,963.0,8.1204,37.147,98.68,189.9426,0.0195,-0.0001,100.1917,197.453,48.9759,-16.4082,0.0,0.0001,1.8388,0.0004,6.5727,35.4219,8.0167,27.6028,36.4938
483.0,965.0,8.1078,37.1361,84.2442,190.1387,0.0188,-0.0001,100.1933,197.453,48.9759,-16.4082,0.0,0.0001,1.8398,0.0004,6.5732,35.422,8.004,27.6049,36.4963
484.0,967.0,8.1108,37.1428,98.68,190.4112,0.0163,-0.0001,100.1866,197.4531,48.9759,-16.4082,0.0,0.0001,1.84,0.0006,6.5718,35.4253,8.0067,27.607,36.4983
485.0,969.0,8.0945,37.1264,95.3037,190.6885,0.0192,-0.0001,100.1823,197.4531,48.9759,-16.4082,0.0,0.0001,1.8418,0.0002,6.5845,35.4231,7.9903,27.6078,36.4999
486.0,971.0,8.0446,37.0676,98.68,191.1099,0.0194,-0.0001,100.1871,197.4531,48.9759,-16.4082,0.0,0.0001,1.8413,0.0,6.6042,35.4092,7.9405,27.6044,36.4989
487.0,973.0,7.9822,37.0018,98.6814,191.5501,0.0201,-0.0001,100.1667,197.4531,48.9759,-16.4082,0.0,0.0001,1.8421,0.0004,6.6089,35.4007,7.8784,27.6071,36.5045
488.0,975.0,7.905,36.921,84.0032,192.3777,0.0173,-0.0001,100.1738,197.4532,48.9759,-16.4082,0.0,0.0001,1.8439,0.0011,6.6145,35.391,7.8015,27.6109,36.512
489.0,977.0,7.8639,36.8768,98.68,192.6074,0.0156,-0.0001,100.175,197.4532,48.9759,-16.4082,0.0,0.0001,1.8443,0.001,6.6137,35.3841,7.7605,27.6116,36.5146
490.0,979.0,7.8412,36.8532,98.68,193.2609,0.0149,-0.0001,100.166,197.4532,48.9759,-16.4082,0.0,0.0001,1.8472,0.0016,6.6153,35.3807,7.7378,27.6123,36.5164
491.0,981.0,7.8369,36.8498,98.68,193.5006,0.0177,-0.0001,100.1695,197.4532,48.9759,-16.4082,0.0,0.0001,1.8502,0.0012,6.6165,35.3805,7.7332,27.6128,36.5171
492.0,983.0,7.8308,36.8454,98.68,193.3031,0.0177,-0.0001,100.1649,197.4533,48.9759,-16.4082,0.0,0.0001,1.8503,0.0004,6.6167,35.3809,7.727,27.614,36.5187
493.0,985.0,7.8351,36.8522,83.8827,193.5951,0.019,-0.0001,100.1497,197.4533,48.9759,-16.4082,0.0,0.0001,1.8505,-0.0003,6.6402,35.3829,7.7311,27.6151,36.5195
494.0,987.0,7.7698,36.78,98.2411,192.6672,0.0209,-0.0001,100.1735,197.4533,48.9759,-16.4082,0.0,0.0001,1.8464,-0.0022,6.6601,35.3704,7.666,27.6148,36.5223
495.0,989.0,7.6286,36.6265,93.2355,194.1815,0.0204,-0.0001,100.1611,197.4533,48.9759,-16.4082,0.0,0.0001,1.848,0.0002,6.6709,35.3464,7.5256,27.6166,36.5309
496.0,991.0,7.5459,36.5356,98.68,195.8181,0.0225,-0.0001,100.1633,197.4533,48.9759,-16.4082,0.0,0.0001,1.8498,0.0022,6.6718,35.3307,7.4433,27.6162,36.5345
497.0,993.0,7.4804,36.4674,98.68,197.0871,0.0211,-0.0001,100.1577,197.4534,48.9759,-16.4082,0.0,0.0001,1.8579,0.0025,6.6738,35.322,7.3781,27.6188,36.5402
498.0,995.0,7.4726,36.4595,90.5547,196.8664,0.0206,-0.0001,100.1625,197.4534,48.9759,-16.4082,0.0,0.0001,1.8605,0.0007,6.6857,35.3206,7.3702,27.6188,36.5406
499.0,997.0,7.4372,36.4197,90.402,196.3141,0.0223,-0.0001,100.157,197.4534,48.9759,-16.4082,0.0,0.0001,1.8614,-0.0002,6.6812,35.3121,7.3348,27.6172,36.5408
500.0,999.0,7.3706,36.3511,92.088,198.1032,0.02,-0.0001,100.1487,197.4534,48.9759,-16.4082,0.0,0.0001,1.8629,0.0023,6.6857,35.3041,7.2684,27.6204,36.5472
501.0,1001.0,7.3652,36.3457,97.6879,197.7519,0.0202,-0.0001,100.1556,197.4535,48.9759,-16.4082,0.0,0.0001,1.8638,0.0004,6.701,35.3028,7.2629,27.6202,36.5472
502.0,1003.0,7.2992,36.2794,98.68,198.4763,0.021,-0.0001,100.1632,197.4535,48.9759,-16.4082,0.0,0.0001,1.8661,0.0011,6.7013,35.2967,7.1971,27.6248,36.5549
503.0,1005.0,7.3004,36.2814,98.68,198.7558,0.0186,-0.0001,100.1642,197.4535,48.9759,-16.4082,0.0,0.0001,1.868,0.0009,6.7023,35.2965,7.1982,27.6245,36.5546
504.0,1007.0,7.2956,36.2779,98.68,198.5237,0.0195,-0.0001,100.1692,197.4536,48.9759,-16.4082,0.0,0.0001,1.8692,0.0003,6.6977,35.2967,7.1931,27.6254,36.5557
505.0,1009.0,7.3069,36.289,95.3792,198.3622,0.0194,-0.0001,100.1606,197.4536,48.9759,-16.4082,0.0,0.0001,1.8688,-0.0002,6.7024,35.2965,7.2042,27.6236,36.5535
506.0,1011.0,7.3027,36.2884,94.5462,198.7329,0.0188,-0.0001,100.1642,197.4537,48.9759,-16.4082,0.0,0.0001,1.87,0.0001,6.7032,35.2991,7.1997,27.6263,36.5563
507.0,1013.0,7.2746,36.26,96.1687,199.0615,0.0188,-0.0001,100.1516,197.4543,48.9758,-16.4082,0.0,0.0001,1.8717,0.0,6.7065,35.2958,7.1717,27.6277,36.559
