Datacycle,press,temp,cond,alt,oxygen,fluor,atten,trans,jday,lat,lon,PAR,UPAR,oxV,oxdVdt,oxysat,salin,potemp,sigma0,sigma2
1.0,3.0,15.3979,44.0207,98.71,244.7237,0.8315,0.0028,93.245,196.0412,49.0175,-16.5257,0.0,0.0001,2.7239,-0.0001,5.6206,35.643,15.3974,26.3794,34.9724
2.0,5.0,15.3983,44.0219,98.71,244.5128,0.824,0.0028,93.2572,196.0414,49.0176,-16.5258,0.0,0.0001,2.7223,-0.0001,5.6205,35.643,15.3975,26.3793,34.9723
3.0,7.0,15.3988,44.0236,98.71,244.1652,0.8265,0.0028,93.2565,196.0416,49.0176,-16.5258,0.0,0.0001,2.7182,-0.0003,5.6204,35.6431,15.3978,26.3793,34.9723
4.0,9.0,15.3996,44.0253,98.71,244.5195,0.8349,0.0028,93.2674,196.0417,49.0176,-16.5258,0.0,0.0001,2.7196,0.0003,5.6204,35.6431,15.3982,26.3792,34.9722
5.0,11.0,15.3986,44.0252,98.71,244.2383,0.8242,0.0028,93.2684,196.0418,49.0176,-16.5259,0.0,0.0001,2.7179,-0.0005,5.6204,35.6431,15.3969,26.3795,34.9725
6.0,13.0,15.3984,44.0258,98.71,244.1198,0.83,0.0028,93.268,196.0419,49.0176,-16.5259,0.0,0.0001,2.7169,-0.0002,5.6203,35.6431,15.3965,26.3796,34.9726
7.0,15.0,15.4,44.0282,98.71,243.8935,0.8348,0.0028,93.2538,196.042,49.0176,-16.5259,0.0,0.0001,2.7133,-0.0002,5.6203,35.6431,15.3977,26.3794,34.9723
8.0,17.0,15.3994,44.0286,98.71,243.895,0.8453,0.0028,93.2686,196.0421,49.0176,-16.526,0.0,0.0001,2.7118,0.0,5.6203,35.6431,15.3968,26.3795,34.9725
9.0,19.0,15.3967,44.0269,98.71,244.2093,0.8476,0.0028,93.2479,196.0422,49.0176,-16.526,0.0,0.0001,2.7139,0.0004,5.6203,35.6431,15.3937,26.3803,34.9734
10.0,21.0,15.3972,44.0282,98.71,243.8898,0.8619,0.0028,93.2645,196.0423,49.0175,-16.526,0.0,0.0001,2.7123,-0.0005,5.6205,35.643,15.394,26.3801,34.9732
11.0,23.0,15.3975,44.0294,97.2598,244.1044,0.8869,0.0028,93.2663,196.0424,49.0175,-16.526,0.0,0.0001,2.7123,0.0,5.6207,35.6431,15.394,26.3802,34.9733
12.0,25.0,15.3967,44.0296,96.6249,243.8353,0.8774,0.0028,93.2967,196.0425,49.0175,-16.5261,0.0,0.0001,2.7105,-0.0004,5.6207,35.6432,15.3928,26.3805,34.9737
13.0,27.0,15.3965,44.031,96.3368,244.1015,0.8741,0.0027,93.3812,196.0425,49.0175,-16.5261,0.0,0.0001,2.7106,0.0002,5.6209,35.6437,15.3924,26.381,34.9742
14.0,29.0,15.3898,44.0261,95.3417,243.3878,0.8691,0.0026,93.7195,196.0426,49.0175,-16.5261,0.0,0.0001,2.7052,-0.001,5.6233,35.6447,15.3853,26.3834,34.9768
15.0,31.0,15.3442,43.9836,96.7793,242.9465,0.8645,0.0024,94.1414,196.0427,49.0175,-16.5261,0.0,0.0001,2.6988,-0.0002,5.6252,35.6465,15.3394,26.3951,34.9901
16.0,33.0,15.3286,43.9693,95.0425,242.3574,0.8297,0.0022,94.5484,196.0428,49.0175,-16.5262,0.0,0.0001,2.6941,-0.0015,5.6305,35.647,15.3235,26.399,34.9946
17.0,35.0,15.2908,43.9322,95.8662,242.4887,0.8023,0.0021,94.8256,196.0429,49.0175,-16.5262,0.0,0.0001,2.6915,-0.0004,5.6326,35.6469,15.2855,26.4075,35.0044
18.0,37.0,15.2351,43.8792,93.8926,241.9568,0.7808,0.002,95.0528,196.043,49.0175,-16.5262,0.0,0.0001,2.6851,-0.0009,5.6394,35.6487,15.2294,26.4213,35.0202
19.0,39.0,15.1559,43.7978,96.7104,241.7655,0.7509,0.0019,95.2795,196.043,49.0175,-16.5262,0.0,0.0001,2.6802,-0.0001,5.6428,35.6458,15.1499,26.4368,35.0386
20.0,41.0,15.1325,43.7775,94.8,242.0331,0.6398,0.0017,95.8841,196.0431,49.0175,-16.5263,0.0,0.0001,2.6789,-0.0003,5.6556,35.6476,15.1261,26.4435,35.0461
21.0,43.0,14.905,43.556,92.6998,240.9733,0.556,0.0015,96.4674,196.0432,49.0175,-16.5263,0.0,0.0001,2.665,-0.0021,5.68,35.6523,14.8985,26.4973,35.1079
22.0,45.0,14.6878,43.3407,96.8467,241.3169,0.4997,0.0013,96.7122,196.0433,49.0175,-16.5263,0.0,0.0001,2.6571,-0.002,5.7122,35.6529,14.6811,26.5455,35.164
23.0,47.0,14.3186,42.9904,91.7839,240.4871,0.4004,0.001,97.4385,196.0434,49.0175,-16.5263,0.0,0.0001,2.6392,-0.003,5.7537,35.668,14.3117,26.637,35.2687
24.0,49.0,13.6715,42.3671,92.1587,239.1347,0.2806,0.0008,98.1029,196.0434,49.0175,-16.5263,0.0,0.0001,2.6092,-0.0062,5.8371,35.6851,13.6645,26.7871,35.4425
25.0,51.0,13.3648,42.0561,94.6252,239.3078,0.2426,0.0006,98.4734,196.0435,49.0175,-16.5264,0.0,0.0001,2.5919,-0.0006,5.859,35.6772,13.3577,26.8447,35.5118
26.0,53.0,13.243,41.9381,96.2337,238.068,0.2144,0.0005,98.6838,196.0436,49.0175,-16.5264,0.0,0.0001,2.5773,-0.0017,5.8775,35.6785,13.2355,26.8708,35.5424
27.0,55.0,13.1023,41.8052,90.2599,238.3871,0.1862,0.0004,98.8762,196.0437,49.0175,-16.5264,0.0,0.0001,2.5743,-0.0004,5.8862,35.6832,13.0946,26.9032,35.5802
28.0,57.0,13.035,41.7418,90.5904,237.4847,0.1575,0.0003,99.2189,196.0438,49.0175,-16.5264,0.0,0.0001,2.5649,-0.0013,5.8961,35.6852,13.0271,26.9184,35.5979
29.0,59.0,12.9892,41.7002,95.3276,236.747,0.1369,0.0002,99.3548,196.0439,49.0175,-16.5264,0.0,0.0001,2.5553,-0.0013,5.9045,35.6878,12.981,26.9298,35.611
30.0,61.0,12.9159,41.6293,94.1759,236.9876,0.1221,0.0002,99.546,196.044,49.0175,-16.5264,0.0,0.0001,2.5532,-0.0002,5.9115,35.6882,12.9075,26.945,35.629
31.0,63.0,12.8959,41.6063,85.1276,237.0307,0.1176,0.0002,99.5567,196.044,49.0175,-16.5264,0.0,0.0001,2.552,-0.0005,5.9166,35.6845,12.8874,26.9461,35.6309
32.0,65.0,12.8294,41.5371,98.7075,236.5188,0.1075,0.0001,99.6233,196.0441,49.0175,-16.5265,0.0,0.0001,2.5462,-0.0007,5.9223,35.68,12.8206,26.9561,35.6435
33.0,67.0,12.7808,41.4874,98.71,236.5147,0.0965,0.0001,99.7258,196.0442,49.0176,-16.5265,0.0,0.0001,2.5425,-0.0004,5.9292,35.6772,12.7717,26.9637,35.6531
34.0,69.0,12.724,41.4263,98.71,236.4659,0.0861,0.0001,99.8093,196.0443,49.0176,-16.5265,0.0,0.0001,2.54,-0.0003,5.9343,35.6711,12.7146,26.9704,35.662
35.0,71.0,12.7342,41.4397,98.71,236.757,0.0854,0.0,99.9033,196.0443,49.0176,-16.5265,0.0,0.0001,2.5396,0.0008,5.9351,35.6735,12.7246,26.9703,35.6615
36.0,73.0,12.7193,41.4269,98.71,236.7323,0.0751,0.0,99.9333,196.0444,49.0176,-16.5265,0.0,0.0001,2.5416,0.0,5.9319,35.6746,12.7094,26.9742,35.666
37.0,75.0,12.7381,41.4561,98.71,237.1757,0.0557,0.0,100.0641,196.0445,49.0176,-16.5265,0.0,0.0001,2.5439,0.0003,5.9322,35.6838,12.7279,26.9776,35.6685
38.0,77.0,12.7251,41.4423,98.71,237.1798,0.0522,-0.0001,100.1351,196.0446,49.0176,-16.5265,0.0,0.0001,2.5434,0.0001,5.9332,35.6819,12.7145,26.9788,35.6703
39.0,79.0,12.7206,41.4389,98.71,236.9112,0.0491,-0.0001,100.1172,196.0447,49.0176,-16.5265,0.0,0.0001,2.5416,-0.0004,5.9349,35.6822,12.7098,26.98,35.6716
40.0,81.0,12.7102,41.4281,98.71,237.1573,0.0477,-0.0001,100.1603,196.0447,49.0176,-16.5266,0.0,0.0001,2.5419,-0.0001,5.9368,35.6808,12.6992,26.981,35.6731
41.0,83.0,12.6776,41.3925,98.71,237.0346,0.0471,-0.0001,100.1551,196.0448,49.0175,-16.5266,0.0,0.0001,2.5399,-0.0003,5.9407,35.6763,12.6664,26.984,35.6775
42.0,85.0,12.6662,41.3783,98.71,237.2015,0.0447,-0.0001,100.1371,196.0449,49.0176,-16.5266,0.0,0.0001,2.5385,0.0,5.9454,35.6727,12.6547,26.9836,35.6775
43.0,87.0,12.6367,41.3459,98.71,237.1802,0.0482,-0.0001,100.1254,196.045,49.0175,-16.5266,0.0,0.0001,2.5388,-0.0004,5.9455,35.6685,12.6249,26.9863,35.6814
44.0,89.0,12.6307,41.3425,98.71,237.2074,0.0476,-0.0001,100.1386,196.0451,49.0175,-16.5266,0.0,0.0001,2.537,0.0001,5.9467,35.6699,12.6186,26.9886,35.6839
45.0,91.0,12.6273,41.3396,98.7077,237.087,0.0433,-0.0001,100.1483,196.0452,49.0175,-16.5266,0.0,0.0001,2.5357,-0.0001,5.9475,35.6694,12.6149,26.9889,35.6844
46.0,93.0,12.6194,41.3313,98.71,236.9282,0.042,-0.0001,100.1388,196.0452,49.0175,-16.5266,0.0,0.0001,2.5342,-0.0003,5.9483,35.6682,12.6069,26.9896,35.6854
47.0,95.0,12.6149,41.3282,98.71,237.2225,0.0425,-0.0001,100.1511,196.0453,49.0176,-16.5266,0.0,0.0001,2.5351,0.0002,5.9479,35.6686,12.6021,26.9908,35.6868
48.0,97.0,12.6237,41.3428,98.71,236.9955,0.0372,-0.0001,100.1733,196.0454,49.0175,-16.5267,0.0,0.0001,2.5341,-0.0004,5.9477,35.6735,12.6106,26.993,35.6886
49.0,99.0,12.6211,41.3398,98.7062,236.9032,0.0383,-0.0001,100.1627,196.0455,49.0175,-16.5267,0.0,0.0001,2.5324,-0.0003,5.9485,35.6723,12.6078,26.9926,35.6883
50.0,101.0,12.6071,41.3257,98.71,236.7387,0.0394,-0.0001,100.1436,196.0456,49.0175,-16.5267,0.0,0.0001,2.5297,-0.0001,5.9493,35.671,12.5934,26.9945,35.6908
51.0,103.0,12.6018,41.3207,98.71,237.1721,0.0346,-0.0001,100.1386,196.0457,49.0175,-16.5267,0.0,0.0001,2.5316,0.0002,5.9501,35.6703,12.5879,26.995,35.6916
52.0,105.0,12.594,41.3121,98.71,237.1087,0.0379,0.0,100.1198,196.0457,49.0175,-16.5267,0.0,0.0001,2.5309,-0.0002,5.9515,35.6684,12.5798,26.9951,35.692
53.0,107.0,12.5878,41.3062,98.71,237.1233,0.0389,0.0,100.0988,196.0459,49.0175,-16.5268,0.0,0.0001,2.5304,-0.0001,5.9532,35.6677,12.5733,26.9959,35.693
54.0,109.0,12.5728,41.2898,98.71,237.1637,0.0384,0.0,100.0806,196.046,49.0175,-16.5268,0.0,0.0001,2.5298,0.0001,5.9541,35.6655,12.5581,26.9972,35.6949
55.0,111.0,12.5507,41.2657,98.71,237.098,0.0342,0.0,100.0584,196.0462,49.0175,-16.5268,0.0,0.0001,2.528,-0.0001,5.9571,35.6622,12.5357,26.999,35.6977
56.0,113.0,12.5414,41.255,98.71,237.186,0.0362,0.0,100.0183,196.0463,49.0175,-16.5269,0.0,0.0001,2.5283,-0.0001,5.9582,35.6596,12.5262,26.9989,35.698
57.0,115.0,12.5304,41.243,98.71,237.1544,0.0379,0.0,100.0208,196.0464,49.0175,-16.5269,0.0,0.0001,2.5268,-0.0002,5.9613,35.6575,12.5149,26.9995,35.699
58.0,117.0,12.4925,41.1985,98.7069,236.3119,0.0388,0.0,99.9884,196.0465,49.0175,-16.5269,0.0,0.0001,2.5203,-0.0015,5.9667,35.6497,12.4768,27.001,35.7021
59.0,119.0,12.4543,41.1556,98.71,236.4639,0.0391,0.0,99.962,196.0466,49.0175,-16.5269,0.0,0.0001,2.5181,-0.0007,5.9708,35.6438,12.4384,27.004,35.7067
60.0,121.0,12.4238,41.1217,98.71,236.0366,0.0373,0.0,99.9608,196.0467,49.0175,-16.527,0.0,0.0001,2.5126,-0.0005,5.974,35.6389,12.4076,27.0063,35.7102
61.0,123.0,12.4124,41.1111,98.71,235.7383,0.0352,0.0,99.9678,196.0468,49.0175,-16.527,0.0,0.0001,2.5087,-0.0004,5.9757,35.6385,12.3959,27.0082,35.7126
62.0,125.0,12.3861,41.0816,98.71,235.7456,0.0395,0.0,99.9315,196.0468,49.0175,-16.527,0.0,0.0001,2.5061,-0.0002,5.9814,35.6339,12.3693,27.0099,35.7154
63.0,127.0,12.3447,41.0331,98.71,236.5999,0.041,0.0001,99.8681,196.0469,49.0175,-16.527,0.0,0.0001,2.5089,0.0004,5.9916,35.6255,12.3278,27.0115,35.7188
64.0,129.0,12.2631,40.9356,98.71,237.3981,0.0452,0.0001,99.8113,196.047,49.0175,-16.527,0.0,0.0001,2.5131,0.0006,5.9966,35.6075,12.246,27.0135,35.7242
65.0,131.0,12.2142,40.8824,98.71,237.508,0.0431,0.0001,99.8464,196.0471,49.0175,-16.5271,0.0,0.0001,2.5132,0.0,6.003,35.6014,12.1969,27.0183,35.731
66.0,133.0,12.1861,40.8505,98.71,237.3217,0.045,0.0001,99.8421,196.0472,49.0175,-16.5271,0.0,0.0001,2.5116,-0.0007,6.0069,35.5961,12.1685,27.0197,35.7336
67.0,135.0,12.166,40.8274,98.71,237.5523,0.045,0.0001,99.8091,196.0472,49.0175,-16.5271,0.0,0.0001,2.5114,0.0001,6.0067,35.5921,12.1482,27.0206,35.7353
68.0,137.0,12.1601,40.8263,98.71,237.2892,0.0403,0.0001,99.8466,196.0473,49.0175,-16.5271,0.0,0.0001,2.5088,-0.0002,6.0084,35.5956,12.142,27.0244,35.7394
69.0,139.0,12.1339,40.7992,98.71,236.9941,0.0409,0.0001,99.8531,196.0474,49.0175,-16.5272,0.0,0.0001,2.5053,-0.0004,6.0128,35.5931,12.1155,27.0277,35.7437
70.0,141.0,12.1047,40.7649,98.71,237.9669,0.0428,0.0001,99.8244,196.0475,49.0175,-16.5272,0.0,0.0001,2.5089,0.0005,6.0184,35.5867,12.0861,27.0283,35.7456
71.0,143.0,12.0845,40.7423,98.71,238.1028,0.0446,0.0001,99.8093,196.0476,49.0175,-16.5272,0.0,0.0001,2.5102,0.0001,6.0197,35.583,12.0657,27.0294,35.7476
72.0,145.0,12.068,40.7241,98.705,238.345,0.0443,0.0001,99.7863,196.0477,49.0175,-16.5272,0.0,0.0001,2.5113,0.0001,6.0217,35.5799,12.0489,27.0303,35.7491
73.0,147.0,12.0209,40.6711,98.7058,239.2443,0.0426,0.0001,99.7655,196.0478,49.0175,-16.5273,0.0,0.0001,2.5154,0.0006,6.0284,35.5722,12.0016,27.0334,35.7542
74.0,149.0,11.977,40.6219,98.71,239.8027,0.0428,0.0001,99.7659,196.0478,49.0175,-16.5273,0.0,0.0001,2.5171,0.0007,6.0359,35.5653,11.9575,27.0365,35.7591
75.0,151.0,11.9501,40.5915,98.7062,239.8448,0.0415,0.0001,99.7715,196.0479,49.0175,-16.5273,0.0,0.0001,2.5183,-0.0002,6.0391,35.5603,11.9304,27.0379,35.7616
76.0,153.0,11.9311,40.5713,98.71,239.7181,0.0431,0.0001,99.7798,196.048,49.0175,-16.5273,0.0,0.0001,2.5166,-0.0003,6.0403,35.5579,11.9111,27.0397,35.7642
77.0,155.0,11.9165,40.5566,98.71,239.8669,0.0417,0.0001,99.7764,196.0481,49.0175,-16.5274,0.0,0.0001,2.5163,0.0001,6.0413,35.5564,11.8963,27.0413,35.7665
78.0,157.0,11.9017,40.5407,98.71,239.8496,0.042,0.0001,99.7763,196.0481,49.0175,-16.5274,0.0,0.0001,2.5153,-0.0002,6.0441,35.5539,11.8813,27.0423,35.7681
79.0,159.0,11.8762,40.5142,98.71,240.1241,0.0414,0.0001,99.7774,196.0482,49.0175,-16.5274,0.0,0.0001,2.5157,0.0002,6.0466,35.5514,11.8555,27.0453,35.7721
80.0,161.0,11.8663,40.5044,98.71,240.3531,0.0405,0.0001,99.786,196.0483,49.0175,-16.5274,0.0,0.0001,2.5171,-0.0001,6.0482,35.5504,11.8454,27.0464,35.7737
81.0,163.0,11.8602,40.4978,98.71,240.3148,0.0424,0.0001,99.7841,196.0483,49.0175,-16.5275,0.0,0.0001,2.5159,0.0001,6.0486,35.5489,11.839,27.0465,35.7741
82.0,165.0,11.8502,40.4886,98.71,240.1871,0.0388,0.0001,99.7961,196.0484,49.0175,-16.5275,0.0,0.0001,2.5152,-0.0006,6.0509,35.5487,11.8287,27.0483,35.7763
83.0,167.0,11.8264,40.4631,98.7,240.2229,0.039,0.0001,99.804,196.0485,49.0175,-16.5275,0.0,0.0001,2.5132,-0.0001,6.0528,35.5452,11.8047,27.0502,35.7791
84.0,169.0,11.823,40.4597,98.68,240.3091,0.0371,0.0001,99.8175,196.0485,49.0176,-16.5275,0.0,0.0001,2.5134,0.0001,6.052,35.5445,11.8011,27.0503,35.7794
85.0,171.0,11.8113,40.4483,98.71,240.3213,0.0359,0.0001,99.8109,196.0486,49.0176,-16.5275,0.0,0.0001,2.5127,-0.0001,6.054,35.5435,11.7891,27.0518,35.7814
86.0,173.0,11.7971,40.4349,98.71,240.1861,0.0327,0.0001,99.8163,196.0486,49.0176,-16.5276,0.0,0.0001,2.5109,-0.0002,6.0555,35.543,11.7746,27.0541,35.7843
87.0,175.0,11.7941,40.4326,98.71,240.4147,0.0338,0.0001,99.8234,196.0487,49.0176,-16.5276,0.0,0.0001,2.5121,0.0,6.0555,35.543,11.7715,27.0548,35.7851
88.0,177.0,11.8138,40.4631,98.71,238.9757,0.0348,0.0001,99.8166,196.0488,49.0176,-16.5276,0.0,0.0001,2.5029,-0.0012,6.0539,35.5529,11.7908,27.0588,35.7882
89.0,179.0,11.8301,40.4854,98.71,237.5882,0.0377,0.0001,99.8313,196.0489,49.0176,-16.5277,0.0,0.0001,2.4918,-0.0015,6.0515,35.5582,11.8068,27.0599,35.7886
90.0,181.0,11.8418,40.5026,98.71,236.0695,0.0321,0.0001,99.8896,196.0489,49.0176,-16.5277,0.0,0.0001,2.4846,-0.0037,6.0514,35.5632,11.8183,27.0616,35.7898
91.0,183.0,11.8465,40.5107,98.71,235.8672,0.0293,0.0001,99.873,196.049,49.0176,-16.5277,0.0,0.0001,2.4757,-0.0011,6.0519,35.566,11.8227,27.0629,35.7908
92.0,185.0,11.8054,40.4652,98.71,235.8113,0.0294,0.0001,99.8737,196.0491,49.0176,-16.5277,0.0,0.0001,2.4715,-0.0001,6.0546,35.5595,11.7813,27.0657,35.7954
93.0,187.0,11.8004,40.4599,98.71,235.7764,0.0274,0.0001,99.8774,196.0491,49.0176,-16.5278,0.0,0.0001,2.47,-0.0001,6.0568,35.5584,11.7762,27.0658,35.7958
94.0,189.0,11.7828,40.4415,98.71,236.5852,0.0284,0.0001,99.8556,196.0492,49.0176,-16.5278,0.0,0.0001,2.4732,0.0008,6.0603,35.5561,11.7583,27.0674,35.7981
95.0,191.0,11.7469,40.3993,98.71,237.7815,0.0295,0.0001,99.8422,196.0493,49.0176,-16.5278,0.0,0.0001,2.4812,0.001,6.0632,35.5479,11.7222,27.068,35.8002
96.0,193.0,11.7491,40.4025,98.7082,237.7126,0.032,0.0001,99.8244,196.0493,49.0176,-16.5278,0.0,0.0001,2.4825,0.0001,6.0633,35.5485,11.7241,27.068,35.8001
97.0,195.0,11.7441,40.3979,98.71,237.5172,0.0314,0.0001,99.8396,196.0494,49.0177,-16.5279,0.0,0.0001,2.4812,-0.0002,6.0628,35.5477,11.7189,27.0684,35.8008
98.0,197.0,11.7556,40.4141,98.71,236.902,0.0325,0.0001,99.8344,196.0495,49.0177,-16.5279,0.0,0.0001,2.4765,-0.0006,6.0624,35.5515,11.73,27.0692,35.8011
99.0,199.0,11.752,40.4106,98.71,236.9234,0.0341,0.0001,99.8317,196.0495,49.0177,-16.5279,0.0,0.0001,2.4757,-0.0003,6.0627,35.5509,11.7263,27.0695,35.8015
100.0,201.0,11.7362,40.3937,98.7025,237.4883,0.0329,0.0001,99.7847,196.0496,49.0177,-16.528,0.0,0.0001,2.4777,0.0003,6.0652,35.5485,11.7102,27.0707,35.8034
101.0,203.0,11.716,40.373,98.71,237.6873,0.0318,0.0001,99.822,196.0497,49.0177,-16.528,0.0,0.0001,2.4782,0.0,6.0699,35.5465,11.6897,27.073,35.8065
102.0,205.0,11.6741,40.3235,98.71,238.4013,0.0318,0.0001,99.8267,196.0498,49.0177,-16.528,0.0,0.0001,2.4816,0.0005,6.0726,35.5368,11.6476,27.0734,35.8088
103.0,207.0,11.6674,40.3166,98.705,238.3622,0.0286,0.0001,99.8115,196.0499,49.0177,-16.5281,0.0,0.0001,2.4819,0.0,6.0724,35.5354,11.6407,27.0736,35.8093
104.0,209.0,11.6724,40.3233,98.7075,238.4784,0.0278,0.0001,99.8204,196.0499,49.0177,-16.5281,0.0,0.0001,2.482,0.0002,6.0728,35.5365,11.6454,27.0736,35.8091
105.0,211.0,11.6808,40.3358,98.71,238.1588,0.0297,0.0001,99.8293,196.05,49.0177,-16.5281,0.0,0.0001,2.481,-0.0005,6.0706,35.5399,11.6536,27.0748,35.8098
106.0,213.0,11.7004,40.363,98.71,237.8627,0.0313,0.0001,99.8008,196.0501,49.0177,-16.5281,0.0,0.0001,2.4772,0.0,6.069,35.5468,11.6728,27.0764,35.8106
107.0,215.0,11.7058,40.37,98.705,237.6239,0.0319,0.0001,99.8185,196.0501,49.0177,-16.5281,0.0,0.0001,2.4762,-0.0005,6.0688,35.5479,11.6781,27.0763,35.8103
108.0,217.0,11.7106,40.3768,98.7067,237.5969,0.0303,0.0001,99.8232,196.0502,49.0177,-16.5282,0.0,0.0001,2.4756,-0.0002,6.0674,35.5493,11.6825,27.0765,35.8103
109.0,219.0,11.7151,40.3849,98.7085,237.5002,0.0307,0.0001,99.8193,196.0503,49.0177,-16.5282,0.0,0.0001,2.4729,0.0,6.0661,35.5518,11.6868,27.0777,35.8113
110.0,221.0,11.7281,40.4046,98.71,237.0699,0.0282,0.0001,99.8278,196.0504,49.0177,-16.5282,0.0,0.0001,2.4709,-0.0005,6.0654,35.5577,11.6994,27.0799,35.8129
111.0,223.0,11.7274,40.4049,98.71,237.4767,0.0283,0.0001,99.8195,196.0504,49.0177,-16.5283,0.0,0.0001,2.4706,0.0006,6.0658,35.5582,11.6985,27.0804,35.8134
112.0,225.0,11.7243,40.4044,98.7062,237.8651,0.0295,0.0001,99.8121,196.0505,49.0177,-16.5283,0.0,0.0001,2.474,0.0005,6.0664,35.5599,11.6952,27.0824,35.8155
113.0,227.0,11.7107,40.39,98.71,238.3272,0.0287,0.0001,99.8034,196.0506,49.0177,-16.5283,0.0,0.0001,2.4774,0.0004,6.0677,35.5577,11.6814,27.0833,35.817
114.0,229.0,11.7011,40.3806,98.71,238.3887,0.0302,0.0001,99.8,196.0506,49.0177,-16.5283,0.0,0.0001,2.478,-0.0001,6.0689,35.5569,11.6716,27.0845,35.8186
115.0,231.0,11.7015,40.3837,98.71,238.4927,0.029,0.0001,99.7981,196.0507,49.0177,-16.5283,0.0,0.0001,2.4784,0.0,6.0682,35.5586,11.6717,27.0859,35.8199
116.0,233.0,11.7032,40.3886,98.71,238.3547,0.027,0.0001,99.7976,196.0508,49.0177,-16.5284,0.0,0.0001,2.477,-0.0001,6.0683,35.5606,11.6731,27.0871,35.8211
117.0,235.0,11.7011,40.3866,98.71,237.5601,0.0268,0.0001,99.8112,196.0509,49.0177,-16.5284,0.0,0.0001,2.4734,-0.0017,6.0686,35.56,11.6707,27.0871,35.8212
118.0,237.0,11.6939,40.3803,98.7023,237.7393,0.0283,0.0001,99.8024,196.0509,49.0177,-16.5284,0.0,0.0001,2.4711,-0.0006,6.0714,35.5597,11.6633,27.0883,35.8227
119.0,239.0,11.6542,40.3352,98.71,237.1125,0.0247,0.0001,99.7982,196.051,49.0177,-16.5284,0.0,0.0001,2.4654,-0.0008,6.0739,35.5524,11.6233,27.0902,35.8263
120.0,241.0,11.662,40.3451,98.7025,237.7094,0.0273,0.0001,99.8041,196.0511,49.0177,-16.5285,0.0,0.0001,2.4662,0.0008,6.0727,35.554,11.6309,27.09,35.8257
121.0,243.0,11.6742,40.3643,98.71,238.4099,0.0262,0.0001,99.8078,196.0511,49.0177,-16.5285,0.0,0.0001,2.4726,0.0004,6.0721,35.5602,11.6428,27.0925,35.8277
122.0,245.0,11.669,40.3599,98.7048,238.1099,0.0297,0.0001,99.8099,196.0512,49.0177,-16.5285,0.0,0.0001,2.4715,-0.0005,6.074,35.5599,11.6374,27.0934,35.8288
123.0,247.0,11.6442,40.3334,98.7032,238.4703,0.0271,0.0001,99.8039,196.0513,49.0177,-16.5285,0.0,0.0001,2.4711,0.0003,6.0772,35.5567,11.6123,27.0956,35.832
124.0,249.0,11.6174,40.3025,98.71,239.0257,0.0285,0.0001,99.7913,196.0513,49.0177,-16.5285,0.0,0.0001,2.4738,0.0006,6.0791,35.5509,11.5853,27.0961,35.8337
125.0,251.0,11.614,40.2992,98.71,239.1914,0.0277,0.0001,99.7779,196.0514,49.0177,-16.5286,0.0,0.0001,2.4753,0.0003,6.0803,35.5503,11.5817,27.0964,35.8342
126.0,253.0,11.6069,40.2918,98.71,239.5418,0.0256,0.0001,99.7716,196.0515,49.0177,-16.5286,0.0,0.0001,2.4778,0.0001,6.0808,35.5487,11.5743,27.0965,35.8346
127.0,255.0,11.6085,40.2944,98.68,239.2955,0.0273,0.0001,99.7626,196.0515,49.0176,-16.5286,0.0,0.0001,2.476,-0.0002,6.0808,35.549,11.5756,27.0965,35.8346
128.0,257.0,11.6073,40.294,98.71,239.2703,0.0277,0.0001,99.7823,196.0516,49.0177,-16.5286,0.0,0.0001,2.4758,-0.0003,6.0806,35.5489,11.5742,27.0967,35.8348
129.0,259.0,11.6092,40.2977,98.71,239.1632,0.0294,0.0001,99.7763,196.0517,49.0176,-16.5286,0.0,0.0001,2.4736,0.0,6.0803,35.5496,11.5758,27.0969,35.8349
130.0,261.0,11.6176,40.3101,98.71,239.0829,0.0281,0.0001,99.7892,196.0517,49.0176,-16.5287,0.0,0.0001,2.4729,-0.0002,6.0792,35.5528,11.5839,27.0979,35.8356
131.0,263.0,11.6257,40.3215,98.71,238.4968,0.0282,0.0001,99.8046,196.0518,49.0176,-16.5287,0.0,0.0001,2.4698,-0.0008,6.0785,35.5555,11.5918,27.0985,35.8358
132.0,265.0,11.6233,40.3194,98.71,238.6123,0.0258,0.0001,99.7883,196.0519,49.0176,-16.5287,0.0,0.0001,2.4679,-0.0002,6.081,35.5549,11.5892,27.0985,35.8359
133.0,267.0,11.5865,40.2777,98.71,239.2757,0.0245,0.0001,99.7815,196.0519,49.0176,-16.5287,0.0,0.0001,2.4701,0.0006,6.0839,35.548,11.5521,27.1001,35.8391
134.0,269.0,11.5752,40.2653,98.71,239.3365,0.026,0.0001,99.7824,196.052,49.0176,-16.5287,0.0,0.0001,2.4714,-0.0001,6.0855,35.5459,11.5406,27.1007,35.8401
135.0,271.0,11.5666,40.255,98.71,239.7878,0.0249,0.0001,99.7761,196.0521,49.0176,-16.5288,0.0,0.0001,2.4716,0.0006,6.0887,35.5432,11.5318,27.1002,35.8401
136.0,273.0,11.5362,40.2211,98.71,240.2608,0.0296,0.0001,99.775,196.0521,49.0176,-16.5288,0.0,0.0001,2.4748,0.0004,6.0922,35.5381,11.5012,27.102,35.8431
137.0,275.0,11.5161,40.1984,98.71,240.7379,0.028,0.0001,99.7553,196.0522,49.0176,-16.5288,0.0,0.0001,2.4783,0.0002,6.0938,35.534,11.4809,27.1026,35.8447
138.0,277.0,11.5112,40.1934,98.71,240.7406,0.0284,0.0001,99.7728,196.0523,49.0176,-16.5288,0.0,0.0001,2.4782,0.0001,6.0942,35.5328,11.4757,27.1026,35.8449
139.0,279.0,11.5061,40.1888,98.71,240.7559,0.0258,0.0001,99.7738,196.0523,49.0176,-16.5289,0.0,0.0001,2.4779,-0.0001,6.0952,35.5321,11.4703,27.1032,35.8457
140.0,281.0,11.5028,40.186,98.71,240.7624,0.0269,0.0001,99.7792,196.0524,49.0176,-16.5289,0.0,0.0001,2.4774,-0.0002,6.096,35.5317,11.4668,27.1035,35.8461
141.0,283.0,11.4937,40.1774,98.71,240.4909,0.0258,0.0001,99.7824,196.0525,49.0176,-16.5289,0.0,0.0001,2.4755,-0.0004,6.0952,35.5309,11.4574,27.1046,35.8476
142.0,285.0,11.4972,40.1832,98.7037,239.679,0.0327,0.0001,99.7983,196.0525,49.0176,-16.5289,0.0,0.0001,2.4718,-0.0017,6.0952,35.5327,11.4608,27.1054,35.8483
143.0,287.0,11.5242,40.2191,98.71,239.1311,0.0292,0.0001,99.8153,196.0526,49.0176,-16.5289,0.0,0.0001,2.4636,-0.0004,6.0939,35.5413,11.4874,27.1071,35.8488
144.0,289.0,11.5221,40.2171,98.71,238.3237,0.0242,0.0001,99.8459,196.0527,49.0176,-16.529,0.0,0.0001,2.4589,-0.0011,6.0917,35.5403,11.485,27.1068,35.8485
145.0,291.0,11.5328,40.231,98.7044,235.8369,0.0226,0.0,99.8884,196.0528,49.0176,-16.529,0.0,0.0001,2.4451,-0.0033,6.086,35.5429,11.4954,27.1069,35.8482
146.0,293.0,11.5804,40.292,98.71,232.4901,0.0246,0.0,99.9185,196.0528,49.0176,-16.529,0.0,0.0001,2.4199,-0.004,6.0811,35.5566,11.5426,27.1086,35.8479
147.0,295.0,11.6169,40.3384,98.7018,231.0305,0.0198,0.0,99.9258,196.0529,49.0176,-16.529,0.0,0.0001,2.4059,-0.0028,6.0757,35.5666,11.5788,27.1096,35.8473
148.0,297.0,11.649,40.3813,98.708,229.8626,0.021,0.0,99.9352,196.053,49.0176,-16.5291,0.0,0.0001,2.3924,-0.0014,6.075,35.5771,11.6105,27.1117,35.848
149.0,299.0,11.6485,40.381,98.71,229.2739,0.0222,0.0,99.9369,196.053,49.0176,-16.5291,0.0,0.0001,2.3876,-0.0016,6.0755,35.5764,11.6098,27.1114,35.8477
150.0,301.0,11.6462,40.3788,98.7037,229.7978,0.0194,0.0,99.9251,196.0531,49.0176,-16.5291,0.0,0.0001,2.3879,-0.0003,6.0758,35.5758,11.6073,27.1114,35.8478
151.0,303.0,11.6428,40.3759,98.7057,229.015,0.0206,0.0,99.9246,196.0531,49.0176,-16.5291,0.0,0.0001,2.3825,-0.0009,6.0757,35.5751,11.6036,27.1116,35.8481
152.0,305.0,11.6402,40.3738,98.7062,228.8709,0.0223,0.0,99.9168,196.0532,49.0176,-16.5291,0.0,0.0001,2.38,-0.0005,6.0767,35.5747,11.6008,27.1117,35.8484
153.0,307.0,11.6054,40.3347,98.7,228.3819,0.02,0.0,99.922,196.0533,49.0176,-16.5292,0.0,0.0001,2.3753,-0.001,6.0812,35.5685,11.5657,27.1135,35.8517
154.0,309.0,11.5762,40.3016,98.705,227.3241,0.0216,0.0,99.9118,196.0533,49.0176,-16.5292,0.0,0.0001,2.3662,-0.0016,6.0849,35.563,11.5363,27.1148,35.8542
155.0,311.0,11.5542,40.2758,98.71,227.3729,0.0226,0.0,99.9217,196.0534,49.0176,-16.5292,0.0,0.0001,2.3629,-0.0007,6.0895,35.558,11.5142,27.115,35.8554
156.0,313.0,11.5305,40.249,98.6876,227.164,0.021,0.0,99.9236,196.0535,49.0176,-16.5292,0.0,0.0001,2.3604,-0.0004,6.091,35.5533,11.4903,27.1159,35.8573
157.0,315.0,11.5205,40.2381,98.6967,227.5761,0.0208,0.0,99.9095,196.0536,49.0176,-16.5292,0.0,0.0001,2.3602,0.0005,6.0928,35.551,11.48,27.116,35.8579
158.0,317.0,11.5099,40.2272,98.707,228.6516,0.0221,0.0,99.9111,196.0536,49.0176,-16.5293,0.0,0.0001,2.3651,0.0014,6.0967,35.5497,11.4692,27.117,35.8593
159.0,319.0,11.4886,40.2021,98.6988,229.1338,0.0221,0.0,99.8936,196.0537,49.0176,-16.5293,0.0,0.0001,2.3702,0.0003,6.1008,35.5443,11.4476,27.1169,35.8601
160.0,321.0,11.4091,40.1106,98.705,225.6399,0.0201,0.0,99.9142,196.0537,49.0175,-16.5293,0.0,0.0001,2.3553,-0.0062,6.1081,35.5292,11.3681,27.1199,35.8665
161.0,323.0,11.3281,40.0139,98.7014,226.3562,0.0222,0.0,99.9161,196.0538,49.0175,-16.5293,0.0,0.0001,2.3468,-0.0017,6.1182,35.5105,11.2872,27.1204,35.8706
162.0,325.0,11.2843,39.9613,98.6925,224.5358,0.0236,0.0,99.9224,196.0539,49.0175,-16.5293,0.0,0.0001,2.3305,-0.0016,6.1219,35.4994,11.2431,27.1199,35.872
163.0,327.0,11.2688,39.9437,98.6894,223.152,0.0238,0.0,99.9345,196.0539,49.0175,-16.5294,0.0,0.0001,2.3234,-0.0034,6.1254,35.496,11.2274,27.1202,35.873
164.0,329.0,11.2482,39.9212,98.6984,223.9103,0.0216,0.0,99.9261,196.054,49.0175,-16.5294,0.0,0.0001,2.3213,-0.0008,6.1284,35.4927,11.2067,27.1215,35.8751
165.0,331.0,11.1936,39.8584,98.6978,222.7005,0.0218,0.0,99.9334,196.0541,49.0175,-16.5294,0.0,0.0001,2.3099,-0.0013,6.136,35.4817,11.1518,27.123,35.8791
166.0,333.0,11.1963,39.862,98.6884,222.1536,0.0244,0.0,99.9402,196.0541,49.0176,-16.5294,0.0,0.0001,2.3039,-0.0012,6.1405,35.4817,11.1543,27.1226,35.8785
167.0,335.0,11.1615,39.8233,98.6959,221.8584,0.0196,0.0,99.9405,196.0542,49.0175,-16.5294,0.0,0.0001,2.3008,-0.0006,6.1419,35.4759,11.1193,27.1244,35.8819
168.0,337.0,11.1551,39.8161,98.6915,221.8946,0.0223,0.0,99.9512,196.0543,49.0176,-16.5295,0.0,0.0001,2.2976,-0.0002,6.1429,35.4741,11.1128,27.1243,35.882
169.0,339.0,11.1598,39.8239,98.6989,222.3856,0.0215,0.0,99.9671,196.0543,49.0176,-16.5295,0.0,0.0001,2.3005,0.0003,6.1413,35.4762,11.1171,27.1252,35.8827
170.0,341.0,11.1668,39.8344,98.6916,222.9152,0.0252,0.0,99.9748,196.0544,49.0176,-16.5295,0.0,0.0001,2.3021,0.0012,6.1405,35.4792,11.1239,27.1262,35.8834
171.0,343.0,11.1761,39.8478,98.6953,222.8472,0.0223,0.0,99.966,196.0544,49.0176,-16.5295,0.0,0.0001,2.3039,0.0002,6.1401,35.4829,11.133,27.1274,35.8842
172.0,345.0,11.1771,39.8509,98.6944,223.1502,0.0207,0.0,99.8794,196.0545,49.0176,-16.5295,0.0,0.0001,2.306,0.0003,6.14,35.4838,11.1336,27.128,35.8848
173.0,347.0,11.1727,39.8476,98.6911,223.2284,0.0182,0.0,99.9744,196.0546,49.0176,-16.5295,0.0,0.0001,2.3062,0.0,6.1414,35.4838,11.1289,27.1289,35.8858
174.0,349.0,11.157,39.8309,98.6962,222.8964,0.0216,0.0,100.001,196.0547,49.0176,-16.5295,0.0,0.0001,2.3031,-0.0006,6.1431,35.4816,11.1131,27.1301,35.8877
175.0,351.0,11.1433,39.8156,98.696,222.883,0.0222,0.0,99.9897,196.0547,49.0176,-16.5296,0.0,0.0001,2.3022,-0.0002,6.1446,35.4786,11.0991,27.1303,35.8885
176.0,353.0,11.1331,39.8052,98.7003,222.4847,0.0232,0.0,99.9652,196.0548,49.0176,-16.5296,0.0,0.0001,2.2992,-0.0006,6.1459,35.4771,11.0887,27.131,35.8897
177.0,355.0,11.1081,39.7778,98.6979,221.9724,0.0241,0.0,99.9985,196.0549,49.0176,-16.5296,0.0,0.0001,2.2944,-0.001,6.151,35.473,11.0635,27.1325,35.8923
178.0,357.0,11.087,39.7537,98.6946,221.0275,0.0223,0.0,99.9905,196.0549,49.0176,-16.5296,0.0,0.0001,2.2863,-0.0011,6.1529,35.4684,11.0423,27.1327,35.8934
179.0,359.0,11.0882,39.757,98.6904,221.1203,0.0235,0.0,99.9814,196.055,49.0176,-16.5297,0.0,0.0001,2.284,-0.0001,6.1516,35.4695,11.043,27.1334,35.8941
180.0,361.0,11.0891,39.7588,98.6914,220.9209,0.021,0.0,99.9989,196.0551,49.0176,-16.5297,0.0,0.0001,2.2829,-0.0004,6.151,35.4699,11.0438,27.1336,35.8942
181.0,363.0,11.0991,39.7728,98.6937,220.8961,0.0227,0.0,99.9896,196.0551,49.0176,-16.5297,0.0,0.0001,2.2822,-0.0003,6.1504,35.4733,11.0536,27.1345,35.8947
182.0,365.0,11.1027,39.7788,98.689,220.593,0.0221,0.0,99.9814,196.0552,49.0176,-16.5297,0.0,0.0001,2.2792,-0.0002,6.1501,35.4747,11.0569,27.135,35.895
183.0,367.0,11.1017,39.7789,98.6886,220.5409,0.0235,0.0,99.9654,196.0553,49.0176,-16.5297,0.0,0.0001,2.2783,-0.0002,6.1499,35.4748,11.0555,27.1353,35.8954
184.0,369.0,11.1044,39.7833,98.697,220.6419,0.0225,0.0,99.9988,196.0554,49.0176,-16.5298,0.0,0.0001,2.2783,0.0,6.1492,35.4757,11.058,27.1355,35.8955
185.0,371.0,11.1156,39.7977,98.6936,220.7405,0.023,0.0,99.9765,196.0554,49.0176,-16.5298,0.0,0.0001,2.2792,0.0003,6.1428,35.4785,11.069,27.1358,35.8952
186.0,373.0,11.2057,39.9129,98.6982,220.8721,0.0225,0.0,99.9787,196.0555,49.0176,-16.5298,0.0,0.0001,2.2817,0.0002,6.1404,35.5054,11.1585,27.1402,35.8957
187.0,375.0,11.1993,39.9065,98.6903,221.1229,0.0203,0.0,99.9923,196.0555,49.0175,-16.5298,0.0,0.0001,2.2835,0.0008,6.1302,35.5047,11.1519,27.1409,35.8966
188.0,377.0,11.2822,40.0125,98.6914,220.9958,0.0192,0.0,99.9656,196.0556,49.0176,-16.5298,0.0,0.0001,2.2853,0.0001,6.1237,35.5293,11.2343,27.1449,35.8969
189.0,379.0,11.3009,40.0368,98.6877,221.4049,0.022,0.0,99.9503,196.0557,49.0175,-16.5298,0.0,0.0001,2.2881,0.0004,6.1225,35.5344,11.2526,27.1455,35.8967
190.0,381.0,11.2946,40.0305,98.6891,221.2962,0.0209,0.0,99.9366,196.0558,49.0175,-16.5299,0.0,0.0001,2.2882,-0.0003,6.1235,35.5332,11.2462,27.1457,35.8972
191.0,383.0,11.2739,40.0067,98.6916,222.6196,0.0193,0.0,99.9556,196.0558,49.0175,-16.5299,0.0,0.0001,2.2917,0.0022,6.1252,35.5288,11.2252,27.1461,35.8986
192.0,385.0,11.2629,39.9942,98.6894,222.3946,0.0222,0.0,99.9364,196.0559,49.0175,-16.5299,0.0,0.0001,2.2943,0.0002,6.1258,35.5263,11.214,27.1463,35.8992
193.0,387.0,11.2652,39.9985,98.6924,223.3421,0.0222,0.0,99.9323,196.056,49.0175,-16.5299,0.0,0.0001,2.2989,0.0012,6.1258,35.5272,11.216,27.1466,35.8994
194.0,389.0,11.2824,40.022,98.6963,230.1857,0.0229,0.0,99.9255,196.056,49.0175,-16.5299,0.0,0.0001,2.336,0.0081,6.124,35.5331,11.2329,27.1481,35.9001
195.0,391.0,11.2886,40.0323,98.6909,235.4246,0.0216,0.0,99.9032,196.0561,49.0175,-16.53,0.0,0.0001,2.378,0.008,6.1235,35.5365,11.2389,27.1496,35.9014
196.0,393.0,11.2825,40.0271,98.7,235.1722,0.0211,0.0,99.9042,196.0562,49.0175,-16.53,0.0,0.0001,2.3924,0.0014,6.1241,35.5362,11.2325,27.1506,35.9026
197.0,395.0,11.275,40.019,98.6919,236.484,0.0229,0.0,99.8901,196.0562,49.0175,-16.53,0.0,0.0001,2.4012,0.0021,6.1249,35.5344,11.2248,27.1506,35.903
198.0,397.0,11.2719,40.0161,98.7002,236.4201,0.0221,0.0,99.8866,196.0563,49.0175,-16.53,0.0,0.0001,2.4032,0.001,6.125,35.534,11.2215,27.1509,35.9034
199.0,399.0,11.2732,40.0191,98.6999,236.7297,0.0197,0.0001,99.8836,196.0563,49.0175,-16.53,0.0,0.0001,2.4051,0.0007,6.1251,35.5348,11.2225,27.1513,35.9038
200.0,401.0,11.2723,40.0198,98.7064,237.1328,0.0245,0.0001,99.8564,196.0564,49.0175,-16.53,0.0,0.0001,2.4102,0.0002,6.1257,35.5355,11.2213,27.1521,35.9046
201.0,403.0,11.2631,40.0105,98.6959,237.4242,0.0244,0.0001,99.8548,196.0565,49.0175,-16.5301,0.0,0.0001,2.4113,0.0001,6.1268,35.534,11.2118,27.1527,35.9056
202.0,405.0,11.2562,40.0042,98.71,236.1552,0.0227,0.0001,99.8812,196.0565,49.0175,-16.5301,0.0,0.0001,2.4061,-0.0021,6.128,35.5336,11.2047,27.1537,35.9069
203.0,407.0,11.25,39.9978,98.7045,236.1694,0.0222,0.0001,99.8693,196.0566,49.0175,-16.5301,0.0,0.0001,2.4014,-0.0006,6.1281,35.5325,11.1983,27.154,35.9074
204.0,409.0,11.2381,39.9845,98.6994,235.8619,0.0201,0.0001,99.8602,196.0567,49.0175,-16.5301,0.0,0.0001,2.398,-0.0004,6.129,35.5294,11.1861,27.1538,35.9078
205.0,411.0,11.2135,39.959,98.695,235.0505,0.0216,0.0001,99.8813,196.0567,49.0175,-16.5301,0.0,0.0001,2.3943,-0.0016,6.1299,35.5271,11.1614,27.1566,35.9117
206.0,413.0,11.2196,39.964,98.7067,233.759,0.0236,0.0,99.8877,196.0568,49.0175,-16.5302,0.0,0.0001,2.3839,-0.0023,6.1344,35.5256,11.1673,27.1543,35.9091
207.0,415.0,11.1918,39.9318,98.701,232.58,0.0206,0.0,99.8911,196.0568,49.0175,-16.5302,0.0,0.0001,2.3695,-0.0011,6.1349,35.5194,11.1393,27.1546,35.9107
208.0,417.0,11.169,39.9066,98.6991,230.8018,0.0225,0.0001,99.8674,196.0569,49.0175,-16.5302,0.0,0.0001,2.3578,-0.0022,6.1384,35.5151,11.1162,27.1556,35.9126
209.0,419.0,11.1392,39.8711,98.7008,229.2549,0.0243,0.0001,99.8784,196.057,49.0175,-16.5302,0.0,0.0001,2.34,-0.0005,6.1407,35.5074,11.0862,27.1551,35.9135
210.0,421.0,11.1086,39.8381,98.695,226.4298,0.0235,0.0,99.8976,196.0571,49.0175,-16.5303,0.0,0.0001,2.3283,-0.0052,6.1433,35.5032,11.0555,27.1574,35.9171
211.0,423.0,11.1097,39.8386,98.6999,225.4371,0.0259,0.0,99.8999,196.0571,49.0175,-16.5303,0.0,0.0001,2.3138,-0.0038,6.1539,35.502,11.0564,27.1564,35.916
212.0,425.0,11.0112,39.727,98.6926,220.7157,0.0255,0.0,99.8965,196.0572,49.0175,-16.5303,0.0,0.0001,2.2757,-0.0038,6.1552,35.4845,10.9579,27.1607,35.9246
213.0,427.0,11.0256,39.7447,98.6959,219.3365,0.0194,0.0,99.9024,196.0573,49.0175,-16.5303,0.0,0.0001,2.2626,-0.0031,6.1508,35.4875,10.972,27.1604,35.9237
214.0,429.0,11.128,39.8756,98.6891,217.5618,0.022,0.0,99.9092,196.0573,49.0175,-16.5303,0.0,0.0001,2.2467,-0.0021,6.1465,35.5184,11.0738,27.1659,35.9246
215.0,431.0,11.1547,39.9086,98.6878,216.5768,0.0217,0.0,99.9154,196.0574,49.0175,-16.5303,0.0,0.0001,2.2377,-0.0016,6.1415,35.5244,11.1002,27.1658,35.9234
216.0,433.0,11.1514,39.9082,98.6982,215.7223,0.0233,0.0,99.9181,196.0575,49.0175,-16.5304,0.0,0.0001,2.2312,-0.0019,6.1426,35.5266,11.0967,27.1681,35.9258
217.0,435.0,11.1208,39.8745,98.691,216.2975,0.0193,0.0,99.9204,196.0575,49.0175,-16.5304,0.0,0.0001,2.2295,-0.0001,6.1466,35.5215,11.0658,27.1698,35.9288
218.0,437.0,11.1062,39.8579,98.6921,215.1557,0.0197,0.0,99.9227,196.0576,49.0175,-16.5304,0.0,0.0001,2.2257,-0.0019,6.1484,35.5182,11.0511,27.1699,35.9295
219.0,439.0,11.0865,39.8349,98.6848,215.4347,0.0211,0.0,99.917,196.0576,49.0175,-16.5304,0.0,0.0001,2.2221,-0.0006,6.1519,35.5136,11.0312,27.17,35.9305
220.0,441.0,11.0725,39.8202,98.6823,215.0267,0.0215,0.0,99.9238,196.0577,49.0175,-16.5304,0.0,0.0001,2.2181,-0.0008,6.1549,35.5114,11.017,27.1709,35.932
221.0,443.0,11.0366,39.7796,98.6817,213.1851,0.0215,0.0,99.9293,196.0577,49.0175,-16.5304,0.0,0.0001,2.2065,-0.0028,6.1611,35.5045,10.981,27.1721,35.9348
222.0,445.0,11.0011,39.7392,98.6892,212.9925,0.0208,0.0,99.9413,196.0578,49.0175,-16.5305,0.0,0.0001,2.2005,-0.0011,6.1596,35.4975,10.9453,27.1731,35.9374
223.0,447.0,11.0042,39.7446,98.6888,212.6363,0.0205,0.0,99.9513,196.0578,49.0175,-16.5305,0.0,0.0001,2.1971,-0.0012,6.1613,35.4993,10.9481,27.174,35.9381
224.0,449.0,11.0164,39.7642,98.68,211.0612,0.022,0.0,99.9402,196.0578,49.0175,-16.5305,0.0,0.0001,2.1884,-0.0027,6.1608,35.5061,10.96,27.1771,35.9406
225.0,451.0,11.0223,39.7724,98.6826,211.7126,0.0209,0.0,99.9328,196.0579,49.0175,-16.5305,0.0,0.0001,2.1871,-0.0003,6.1598,35.5077,10.9657,27.1774,35.9407
226.0,453.0,11.0249,39.7774,98.6875,210.2283,0.0231,0.0,99.952,196.058,49.0175,-16.5305,0.0,0.0001,2.181,-0.0026,6.1592,35.5091,10.968,27.178,35.9412
227.0,455.0,11.0283,39.7824,98.6852,211.1085,0.0184,0.0,99.929,196.058,49.0175,-16.5305,0.0,0.0001,2.1809,-0.0001,6.1595,35.5101,10.9712,27.1782,35.9413
228.0,457.0,11.0163,39.7707,98.68,210.7078,0.0221,0.0,99.9449,196.058,49.0175,-16.5306,0.0,0.0001,2.1781,-0.0005,6.1599,35.5089,10.9589,27.1795,35.9431
229.0,459.0,11.0153,39.77,98.6856,210.4398,0.0219,0.0,99.9306,196.0581,49.0175,-16.5306,0.0,0.0001,2.1759,-0.0008,6.1615,35.5085,10.9577,27.1794,35.943
230.0,461.0,10.9992,39.754,98.6896,209.6682,0.0222,0.0,99.9396,196.0581,49.0175,-16.5306,0.0,0.0001,2.1707,-0.0013,6.1622,35.5072,10.9413,27.1814,35.9456
231.0,463.0,10.9965,39.7521,98.6841,209.8529,0.0222,0.0,99.9254,196.0582,49.0175,-16.5306,0.0,0.0001,2.1693,-0.0004,6.1626,35.5071,10.9385,27.1818,35.9462
232.0,465.0,10.9964,39.754,98.6833,209.4815,0.0212,0.0,99.9431,196.0582,49.0175,-16.5306,0.0,0.0001,2.1662,-0.0006,6.1625,35.508,10.9381,27.1826,35.947
233.0,467.0,10.9921,39.7521,98.6841,209.5488,0.0218,0.0,99.9556,196.0583,49.0175,-16.5306,0.0,0.0001,2.1652,-0.0002,6.1638,35.5094,10.9335,27.1845,35.9491
234.0,469.0,10.9806,39.7407,98.68,209.1236,0.0198,0.0,99.9339,196.0583,49.0175,-16.5306,0.0,0.0001,2.1629,-0.0009,6.1662,35.5084,10.9219,27.1858,35.9509
235.0,471.0,10.9692,39.729,98.6821,209.6417,0.023,0.0,99.9489,196.0584,49.0175,-16.5307,0.0,0.0001,2.1631,0.0005,6.1656,35.5067,10.9102,27.1866,35.9522
236.0,473.0,10.9648,39.7248,98.68,209.5979,0.0212,0.0,99.9501,196.0584,49.0175,-16.5307,0.0,0.0001,2.1634,-0.0001,6.1673,35.506,10.9055,27.187,35.9527
237.0,475.0,10.9608,39.7215,98.6824,209.687,0.0193,0.0,99.9508,196.0585,49.0175,-16.5307,0.0,0.0001,2.1632,-0.0001,6.1682,35.5055,10.9013,27.1874,35.9533
238.0,477.0,10.9539,39.7154,98.6816,210.417,0.0191,0.0,99.9529,196.0585,49.0175,-16.5307,0.0,0.0001,2.1663,0.0008,6.169,35.5056,10.8941,27.1887,35.9549
239.0,479.0,10.9493,39.7119,98.6857,211.8837,0.0188,0.0,99.9477,196.0586,49.0175,-16.5307,0.0,0.0001,2.1727,0.0026,6.1689,35.5051,10.8893,27.1892,35.9556
240.0,481.0,10.948,39.7115,98.6832,213.646,0.0202,0.0,99.9459,196.0586,49.0175,-16.5307,0.0,0.0001,2.1836,0.0034,6.1699,35.5052,10.8878,27.1896,35.9561
241.0,483.0,10.9406,39.7048,98.6817,217.9655,0.0184,0.0,99.9466,196.0587,49.0175,-16.5308,0.0,0.0001,2.2107,0.0058,6.1713,35.5046,10.8801,27.1905,35.9573
242.0,485.0,10.9301,39.6939,98.6856,212.7724,0.0171,0.0,99.9607,196.0587,49.0175,-16.5308,0.0,0.0001,2.2008,-0.0058,6.1708,35.5031,10.8694,27.1912,35.9585
243.0,487.0,10.9377,39.7044,98.6906,217.8556,0.0194,0.0,99.9544,196.0588,49.0175,-16.5308,0.0,0.0001,2.2107,0.0053,6.1704,35.5055,10.8767,27.1918,35.9587
244.0,489.0,10.94,39.7095,98.6999,223.9584,0.0206,0.0,99.9524,196.0588,49.0175,-16.5308,0.0,0.0001,2.2459,0.0099,6.1709,35.5073,10.8787,27.1928,35.9597
245.0,491.0,10.9332,39.7025,98.6865,222.2798,0.0177,0.0,99.9319,196.0588,49.0175,-16.5308,0.0,0.0001,2.2534,0.0018,6.1734,35.5061,10.8717,27.1932,35.9603
246.0,493.0,10.9142,39.6821,98.6925,215.3649,0.0206,0.0,99.9545,196.0589,49.0175,-16.5308,0.0,0.0001,2.2313,-0.0106,6.1759,35.5031,10.8525,27.1944,35.9623
247.0,495.0,10.8976,39.6662,98.6907,218.9219,0.0201,0.0,99.9457,196.0589,49.0175,-16.5308,0.0,0.0001,2.226,0.0013,6.175,35.5021,10.8357,27.1966,35.9653
248.0,497.0,10.9019,39.6719,98.6908,220.9077,0.0217,0.0,99.9531,196.0589,49.0175,-16.5308,0.0,0.0001,2.2371,0.003,6.177,35.5031,10.8398,27.1966,35.9651
249.0,499.0,10.893,39.6624,98.6887,225.3358,0.0211,0.0,99.9242,196.059,49.0175,-16.5308,0.0,0.0001,2.2558,0.0089,6.1778,35.5013,10.8308,27.1969,35.9658
250.0,501.0,10.8827,39.6529,98.6993,224.6001,0.0231,0.0,99.9547,196.059,49.0175,-16.5308,0.0,0.0001,2.2645,0.0031,6.179,35.5009,10.8201,27.1984,35.9678
251.0,503.0,10.8772,39.6479,98.6919,225.291,0.0203,0.0,99.9556,196.059,49.0175,-16.5308,0.0,0.0001,2.2714,0.0025,6.1788,35.5002,10.8144,27.1989,35.9685
252.0,505.0,10.8761,39.6482,98.688,225.2011,0.0187,0.0,99.9509,196.0591,49.0175,-16.5309,0.0,0.0001,2.2747,0.0007,6.1779,35.5007,10.813,27.1996,35.9692
253.0,507.0,10.8805,39.6543,98.6936,225.3464,0.0225,0.0,99.9508,196.0591,49.0175,-16.5309,0.0,0.0001,2.2765,0.0005,6.1778,35.5017,10.8171,27.1996,35.9691
254.0,509.0,10.8941,39.6739,98.6907,225.9732,0.0218,0.0,99.9452,196.0591,49.0175,-16.5309,0.0,0.0001,2.2796,0.0009,6.1768,35.5069,10.8304,27.2013,35.9701
255.0,511.0,10.8919,39.6719,98.6931,226.2109,0.0191,0.0,99.9592,196.0592,49.0175,-16.5309,0.0,0.0001,2.2816,0.0009,6.1761,35.5065,10.828,27.2014,35.9703
256.0,513.0,10.8965,39.6794,98.695,224.8023,0.0206,0.0,99.9456,196.0592,49.0175,-16.5309,0.0,0.0001,2.2775,-0.002,6.1763,35.5085,10.8323,27.2022,35.9709
257.0,515.0,10.8932,39.6772,98.6839,224.7242,0.0216,0.0,99.9503,196.0592,49.0175,-16.5309,0.0,0.0001,2.2716,-0.0013,6.1766,35.5086,10.8287,27.2029,35.9718
258.0,517.0,10.8886,39.6721,98.6891,223.4996,0.0214,0.0,99.9547,196.0593,49.0175,-16.5309,0.0,0.0001,2.2657,-0.003,6.1819,35.5072,10.824,27.2027,35.9717
259.0,519.0,10.8653,39.6457,98.68,217.8086,0.0227,0.0,99.9556,196.0593,49.0175,-16.5309,0.0,0.0001,2.2439,-0.0114,6.1871,35.5024,10.8005,27.2032,35.9733
260.0,521.0,10.8258,39.6014,98.6854,211.1303,0.0228,0.0,99.9594,196.0593,49.0175,-16.5309,0.0,0.0001,2.2132,-0.0193,6.1878,35.4953,10.761,27.2048,35.9766
261.0,523.0,10.8059,39.5797,98.6843,209.0824,0.0226,0.0,99.9574,196.0593,49.0175,-16.5309,0.0,0.0001,2.1746,-0.0117,6.1904,35.4919,10.7408,27.2057,35.9784
262.0,525.0,10.7898,39.5631,98.6822,209.0921,0.0201,0.0,99.964,196.0594,49.0175,-16.5309,0.0,0.0001,2.1534,-0.0047,6.199,35.4898,10.7245,27.207,35.9804
263.0,527.0,10.7662,39.5359,98.68,210.2185,0.0223,0.0,99.9556,196.0594,49.0175,-16.5309,0.0,0.0001,2.1506,-0.0006,6.2042,35.4846,10.7008,27.2073,35.9817
264.0,529.0,10.71,39.4691,98.6834,208.8902,0.0219,0.0,99.9656,196.0594,49.0175,-16.5309,0.0,0.0001,2.1458,-0.003,6.2016,35.471,10.6446,27.2067,35.9837
265.0,531.0,10.6523,39.4046,98.6844,209.1039,0.0218,0.0,99.9513,196.0595,49.0175,-16.5309,0.0,0.0001,2.1405,-0.002,6.2204,35.461,10.5868,27.2093,35.9888
266.0,533.0,10.5684,39.3032,98.68,208.4321,0.0216,0.0,99.9604,196.0595,49.0175,-16.531,0.0,0.0001,2.1332,-0.0019,6.2243,35.4393,10.503,27.2072,35.9904
267.0,535.0,10.5518,39.2846,98.68,209.9687,0.0212,0.0,99.9568,196.0595,49.0175,-16.531,0.0,0.0001,2.1376,0.002,6.21,35.4358,10.4862,27.2074,35.9915
268.0,537.0,10.6419,39.4011,98.68,218.9459,0.022,0.0,99.9586,196.0595,49.0175,-16.531,0.0,0.0001,2.1683,0.0161,6.2155,35.4646,10.5757,27.214,35.9939
269.0,539.0,10.6797,39.4462,98.68,215.9125,0.0228,0.0,99.9542,196.0596,49.0176,-16.531,0.0,0.0001,2.1807,0.0042,6.199,35.4728,10.6131,27.2138,35.992
270.0,541.0,10.6708,39.4404,98.68,225.3144,0.0214,0.0,99.9556,196.0596,49.0176,-16.531,0.0,0.0001,2.2168,0.0175,6.195,35.4748,10.604,27.2169,35.9955
271.0,543.0,10.7655,39.5533,98.68,229.6466,0.0207,0.0,99.9556,196.0596,49.0176,-16.531,0.0,0.0001,2.2451,0.0197,6.1965,35.4955,10.6981,27.2162,35.9907
272.0,545.0,10.7887,39.5839,98.68,227.2386,0.0232,0.0,99.9652,196.0596,49.0176,-16.531,0.0,0.0001,2.2588,0.0079,6.1932,35.5029,10.7209,27.2179,35.9913
273.0,547.0,10.762,39.5523,98.7044,227.5845,0.0235,0.0,99.9556,196.0597,49.0176,-16.531,0.0,0.0001,2.2694,0.0044,6.1961,35.4964,10.6941,27.2176,35.9922
274.0,549.0,10.756,39.5487,98.6882,226.2314,0.0188,0.0,99.9716,196.0597,49.0176,-16.531,0.0,0.0001,2.2701,0.0004,6.1956,35.4974,10.6878,27.2195,35.9944
275.0,551.0,10.7535,39.5473,98.694,225.1648,0.0192,0.0,99.9518,196.0597,49.0176,-16.531,0.0,0.0001,2.2659,-0.0016,6.1965,35.4975,10.6851,27.2201,35.9951
276.0,553.0,10.7573,39.5537,98.689,224.9286,0.0235,0.0,99.9845,196.0597,49.0176,-16.531,0.0,0.0001,2.2637,-0.0016,6.1975,35.4994,10.6886,27.2209,35.9957
277.0,555.0,10.741,39.537,98.6952,224.8825,0.0201,0.0,99.9809,196.0598,49.0176,-16.531,0.0,0.0001,2.2614,-0.0011,6.1972,35.4975,10.6721,27.2224,35.9979
278.0,557.0,10.7419,39.5398,98.6927,224.7964,0.0167,0.0,99.9765,196.0598,49.0176,-16.531,0.0,0.0001,2.2597,-0.0009,6.1987,35.4986,10.6727,27.2232,35.9986
279.0,559.0,10.7336,39.5322,98.6918,223.8599,0.0187,0.0,99.8658,196.0598,49.0176,-16.531,0.0,0.0001,2.2547,-0.0022,6.2016,35.498,10.6641,27.2242,36.0
280.0,561.0,10.7195,39.5177,98.7,223.2683,0.0185,0.0,99.9834,196.0598,49.0176,-16.531,0.0,0.0001,2.2496,-0.0025,6.205,35.4962,10.6498,27.2254,36.0018
281.0,563.0,10.7025,39.4999,98.695,222.8675,0.0166,0.0,100.0018,196.0599,49.0176,-16.531,0.0,0.0001,2.2452,-0.0024,6.2034,35.4941,10.6328,27.2269,36.004
282.0,565.0,10.6848,39.4802,98.6859,223.1818,0.0208,0.0,99.9845,196.0599,49.0176,-16.531,0.0,0.0001,2.2449,-0.0012,6.2052,35.4907,10.6148,27.2274,36.0053
283.0,567.0,10.6649,39.4582,98.6824,223.1558,0.0246,0.0,100.0114,196.0599,49.0176,-16.531,0.0,0.0001,2.2409,-0.0012,6.2124,35.4868,10.5948,27.228,36.0068
284.0,569.0,10.6409,39.4314,98.6875,221.5192,0.02,0.0,100.0109,196.0599,49.0176,-16.531,0.0,0.0001,2.2332,-0.0037,6.2192,35.4822,10.5707,27.2286,36.0085
285.0,571.0,10.6018,39.388,98.6891,220.6846,0.0238,0.0,99.9845,196.0599,49.0176,-16.531,0.0,0.0001,2.229,-0.0037,6.2134,35.4755,10.5315,27.2304,36.012
286.0,573.0,10.5865,39.3709,98.6912,221.7824,0.0233,0.0,99.9953,196.06,49.0176,-16.5311,0.0,0.0001,2.2284,-0.0008,6.2171,35.4722,10.516,27.2306,36.0129
287.0,575.0,10.5911,39.3785,98.68,221.386,0.0213,0.0,100.0043,196.06,49.0176,-16.5311,0.0,0.0001,2.2252,-0.0015,6.2223,35.4747,10.5203,27.2317,36.0138
288.0,577.0,10.5678,39.3532,98.6812,218.8144,0.0229,0.0,100.0027,196.06,49.0176,-16.5311,0.0,0.0001,2.2141,-0.005,6.2251,35.4707,10.4969,27.2328,36.0159
289.0,579.0,10.55,39.3333,98.685,218.1435,0.0205,0.0,100.0051,196.06,49.0176,-16.5311,0.0,0.0001,2.2049,-0.0044,6.2329,35.4668,10.4788,27.233,36.0169
290.0,581.0,10.5174,39.2947,98.69,216.5036,0.0219,0.0,99.9985,196.0601,49.0176,-16.5311,0.0,0.0001,2.1929,-0.0055,6.2386,35.4586,10.4461,27.2324,36.0177
291.0,583.0,10.4526,39.2221,98.68,214.0804,0.0189,0.0,100.0121,196.0601,49.0176,-16.5311,0.0,0.0001,2.1797,-0.0075,6.24,35.4474,10.3813,27.235,36.0233
292.0,585.0,10.4437,39.2126,98.68,213.9989,0.0208,0.0,99.9989,196.0601,49.0176,-16.5311,0.0,0.0001,2.1696,-0.0045,6.2425,35.4456,10.3722,27.2352,36.0239
293.0,587.0,10.4317,39.1999,98.68,213.8202,0.0187,0.0,100.0049,196.0601,49.0176,-16.5311,0.0,0.0001,2.163,-0.0032,6.2458,35.4435,10.3601,27.2357,36.0249
294.0,589.0,10.4079,39.1758,98.68,213.4085,0.019,0.0,99.9961,196.0602,49.0176,-16.5311,0.0,0.0001,2.1579,-0.0027,6.2485,35.4414,10.3362,27.2383,36.0285
295.0,591.0,10.3809,39.1459,98.6907,212.8204,0.0193,0.0,99.9918,196.0602,49.0176,-16.5311,0.0,0.0001,2.153,-0.0025,6.2442,35.4364,10.309,27.2392,36.0306
296.0,593.0,10.4049,39.1796,98.68,217.3083,0.0225,0.0,100.0071,196.0602,49.0176,-16.5311,0.0,0.0001,2.1631,0.0056,6.2442,35.4462,10.3327,27.2427,36.033
297.0,595.0,10.4129,39.1899,98.68,219.1071,0.0229,0.0,99.9873,196.0602,49.0176,-16.5311,0.0,0.0001,2.1786,0.0053,6.2443,35.4479,10.3403,27.2426,36.0326
298.0,597.0,10.4073,39.1839,98.68,218.6541,0.0189,0.0,99.9944,196.0603,49.0176,-16.5312,0.0,0.0001,2.1838,0.0019,6.2456,35.4465,10.3345,27.2425,36.0327
299.0,599.0,10.3939,39.1707,98.6875,216.8073,0.0216,0.0,100.0008,196.0603,49.0176,-16.5312,0.0,0.0001,2.1814,-0.0018,6.2432,35.4451,10.3209,27.2438,36.0346
300.0,601.0,10.4041,39.1851,98.692,219.0473,0.022,0.0,100.0133,196.0603,49.0176,-16.5312,0.0,0.0001,2.1851,0.0025,6.2412,35.4489,10.3308,27.2451,36.0354
301.0,603.0,10.4199,39.2033,98.68,220.6458,0.018,0.0,100.0069,196.0603,49.0176,-16.5312,0.0,0.0001,2.1917,0.0044,6.2421,35.4513,10.3463,27.2443,36.0339
302.0,605.0,10.425,39.2126,98.68,221.9653,0.0178,0.0,100.0133,196.0603,49.0176,-16.5312,0.0,0.0001,2.2006,0.0048,6.2428,35.4549,10.3512,27.2462,36.0356
303.0,607.0,10.4154,39.2036,98.6829,219.897,0.0217,0.0,100.0051,196.0604,49.0176,-16.5312,0.0,0.0001,2.1997,-0.0007,6.2435,35.4541,10.3414,27.2473,36.0371
304.0,609.0,10.4113,39.2002,98.6839,218.9134,0.0208,0.0,100.0133,196.0604,49.0176,-16.5312,0.0,0.0001,2.1945,-0.0021,6.2456,35.454,10.337,27.248,36.038
305.0,611.0,10.4117,39.2018,98.6923,218.6907,0.0199,0.0,100.0133,196.0604,49.0176,-16.5312,0.0,0.0001,2.1929,-0.0019,6.2451,35.4544,10.3372,27.2483,36.0382
306.0,613.0,10.3952,39.1868,98.6839,219.4904,0.017,0.0,100.0142,196.0604,49.0176,-16.5312,0.0,0.0001,2.1929,0.0,6.244,35.454,10.3205,27.2509,36.0416
307.0,615.0,10.3878,39.1801,98.68,219.5243,0.0202,0.0,100.0014,196.0605,49.0176,-16.5312,0.0,0.0001,2.1926,-0.0003,6.2477,35.4536,10.3128,27.2519,36.0429
308.0,617.0,10.3908,39.1841,98.69,217.9125,0.0192,0.0,99.9989,196.0605,49.0176,-16.5312,0.0,0.0001,2.1873,-0.0031,6.2487,35.454,10.3156,27.2517,36.0426
309.0,619.0,10.3707,39.1648,98.6912,217.8026,0.0191,0.0,99.9845,196.0605,49.0176,-16.5312,0.0,0.0001,2.1844,-0.0026,6.2486,35.4531,10.2953,27.2546,36.0463
310.0,621.0,10.3664,39.1615,98.6815,218.39,0.0182,0.0,100.0047,196.0605,49.0176,-16.5312,0.0,0.0001,2.1833,-0.0006,6.2491,35.4527,10.2907,27.2551,36.047
311.0,623.0,10.3709,39.1688,98.6833,216.7837,0.0208,0.0,100.0133,196.0606,49.0176,-16.5312,0.0,0.0001,2.1768,-0.0032,6.2525,35.4549,10.295,27.2561,36.0478
312.0,625.0,10.3545,39.1547,98.685,213.2196,0.0221,0.0,100.0119,196.0606,49.0176,-16.5312,0.0,0.0001,2.1621,-0.0077,6.2535,35.4557,10.2784,27.2596,36.052
313.0,627.0,10.3372,39.1384,98.693,211.9223,0.0195,0.0,100.0083,196.0606,49.0176,-16.5312,0.0,0.0001,2.1489,-0.0066,6.253,35.455,10.2609,27.2621,36.0553
314.0,629.0,10.3402,39.1435,98.68,213.1916,0.0185,0.0,100.0103,196.0606,49.0176,-16.5312,0.0,0.0001,2.1443,-0.0019,6.2531,35.4563,10.2636,27.2627,36.0557
315.0,631.0,10.3427,39.1474,98.685,213.3233,0.022,0.0,100.01,196.0607,49.0176,-16.5313,0.0,0.0001,2.1421,-0.0009,6.2523,35.4572,10.2659,27.263,36.0559
316.0,633.0,10.3464,39.1537,98.68,212.8347,0.019,0.0,100.0061,196.0607,49.0176,-16.5313,0.0,0.0001,2.1392,-0.0015,6.2525,35.4591,10.2694,27.2638,36.0565
317.0,635.0,10.3471,39.1565,98.68,213.2544,0.0171,0.0,100.0164,196.0607,49.0176,-16.5313,0.0,0.0001,2.139,-0.0002,6.2521,35.4603,10.2698,27.2647,36.0574
318.0,637.0,10.3411,39.153,98.68,213.7958,0.0175,0.0,100.0133,196.0608,49.0176,-16.5313,0.0,0.0001,2.1402,0.0006,6.2532,35.4614,10.2635,27.2667,36.0596
319.0,639.0,10.3419,39.1532,98.68,212.7621,0.0203,0.0,100.0003,196.0608,49.0176,-16.5313,0.0,0.0001,2.1377,-0.0016,6.2547,35.4604,10.2642,27.2658,36.0587
320.0,641.0,10.3285,39.1431,98.68,211.0908,0.0228,0.0,99.9824,196.0608,49.0176,-16.5313,0.0,0.0001,2.1303,-0.0037,6.2547,35.4622,10.2505,27.2696,36.0631
321.0,643.0,10.3275,39.1441,98.68,210.8905,0.0216,0.0,99.9989,196.0608,49.0176,-16.5313,0.0,0.0001,2.1253,-0.0027,6.2556,35.4633,10.2492,27.2707,36.0642
322.0,645.0,10.3208,39.1382,98.68,211.1214,0.0225,0.0,99.9968,196.0609,49.0176,-16.5313,0.0,0.0001,2.1225,-0.0011,6.2562,35.4629,10.2424,27.2715,36.0653
323.0,647.0,10.3161,39.1339,98.68,210.9073,0.0214,0.0,100.0123,196.0609,49.0176,-16.5313,0.0,0.0001,2.1198,-0.001,6.2558,35.4623,10.2374,27.2719,36.0659
324.0,649.0,10.3178,39.1376,98.68,210.5156,0.0235,0.0,99.994,196.0609,49.0176,-16.5313,0.0,0.0001,2.1174,-0.0012,6.2552,35.4635,10.2389,27.2726,36.0665
325.0,651.0,10.3233,39.1462,98.68,210.3524,0.0207,0.0,99.9998,196.0609,49.0176,-16.5313,0.0,0.0001,2.1149,-0.001,6.2555,35.4659,10.2441,27.2735,36.0672
326.0,653.0,10.3235,39.1485,98.68,209.2073,0.0182,0.0,99.9885,196.061,49.0176,-16.5313,0.0,0.0001,2.1094,-0.0026,6.2594,35.4672,10.2441,27.2746,36.0683
327.0,655.0,10.3033,39.1271,98.68,208.8897,0.0186,0.0,100.0042,196.061,49.0176,-16.5313,0.0,0.0001,2.105,-0.0022,6.2609,35.4643,10.2237,27.2759,36.0704
328.0,657.0,10.2811,39.105,98.68,208.0792,0.0205,0.0,99.9897,196.061,49.0176,-16.5313,0.0,0.0001,2.1,-0.0026,6.2595,35.4625,10.2013,27.2784,36.0739
329.0,659.0,10.2776,39.103,98.6842,208.4465,0.0216,0.0,99.988,196.0611,49.0176,-16.5313,0.0,0.0001,2.0971,-0.0011,6.264,35.4629,10.1976,27.2794,36.075
330.0,661.0,10.2772,39.1,98.68,206.6284,0.0222,0.0,99.9787,196.0611,49.0176,-16.5314,0.0,0.0001,2.0898,-0.0038,6.2647,35.4596,10.197,27.2769,36.0726
331.0,663.0,10.2388,39.0631,98.68,206.2384,0.0228,0.0,99.9676,196.0611,49.0176,-16.5314,0.0,0.0001,2.0855,-0.0033,6.2645,35.4584,10.1585,27.2827,36.08
332.0,665.0,10.2365,39.0617,98.68,206.8855,0.0222,0.0,99.9748,196.0611,49.0176,-16.5314,0.0,0.0001,2.0821,-0.0011,6.2666,35.4585,10.156,27.2832,36.0807
333.0,667.0,10.2422,39.0722,98.68,204.8873,0.0225,0.0,99.9737,196.0612,49.0176,-16.5314,0.0,0.0001,2.075,-0.0037,6.2672,35.4626,10.1614,27.2854,36.0826
334.0,669.0,10.2283,39.062,98.68,204.3162,0.0222,0.0,99.9686,196.0612,49.0176,-16.5314,0.0,0.0001,2.0673,-0.0031,6.2709,35.4648,10.1473,27.2896,36.0873
335.0,671.0,10.2127,39.0466,98.68,202.1033,0.0199,0.0,99.9556,196.0612,49.0176,-16.5314,0.0,0.0001,2.0577,-0.0056,6.2706,35.4636,10.1315,27.2914,36.0898
336.0,673.0,10.193,39.0262,98.68,202.9558,0.0244,0.0,99.9629,196.0612,49.0176,-16.5314,0.0,0.0001,2.0529,-0.0021,6.2754,35.461,10.1117,27.2928,36.0921
337.0,675.0,10.1871,39.0181,98.68,201.7351,0.0226,0.0,99.951,196.0613,49.0176,-16.5314,0.0,0.0001,2.0447,-0.0033,6.2815,35.4577,10.1056,27.2913,36.0909
338.0,677.0,10.1203,38.9432,98.68,201.7567,0.0188,0.0,99.97,196.0613,49.0176,-16.5314,0.0,0.0001,2.0427,-0.0022,6.2811,35.4456,10.0388,27.2934,36.096
339.0,679.0,10.1001,38.9208,98.68,202.6898,0.0177,0.0,99.9633,196.0613,49.0176,-16.5314,0.0,0.0001,2.0418,-0.0004,6.2902,35.4418,10.0185,27.2939,36.0974
340.0,681.0,10.0987,38.9193,98.68,200.8945,0.0182,0.0,99.9556,196.0613,49.0176,-16.5314,0.0,0.0001,2.0351,-0.0033,6.2928,35.4409,10.0169,27.2935,36.0971
341.0,683.0,10.052,38.8707,98.68,200.5528,0.02,0.0,99.9556,196.0614,49.0176,-16.5314,0.0,0.0001,2.03,-0.0024,6.2902,35.4358,9.9701,27.2976,36.1032
342.0,685.0,10.0789,38.9077,98.68,200.3461,0.0221,0.0,99.9644,196.0614,49.0176,-16.5314,0.0,0.0001,2.0261,-0.0015,6.289,35.4464,9.9967,27.3012,36.1056
343.0,687.0,10.0807,38.9125,98.68,199.5078,0.0193,0.0,99.9566,196.0614,49.0176,-16.5314,0.0,0.0001,2.0215,-0.0022,6.2874,35.4487,9.9982,27.3028,36.1071
344.0,689.0,10.0871,38.9243,98.68,198.8928,0.0219,0.0,99.9604,196.0614,49.0177,-16.5315,0.0,0.0001,2.0166,-0.0024,6.2901,35.4535,10.0044,27.3055,36.1094
345.0,691.0,10.0665,38.9061,98.68,198.3158,0.0208,0.0,99.9531,196.0615,49.0177,-16.5315,0.0,0.0001,2.0112,-0.0024,6.2942,35.4543,9.9835,27.3097,36.1145
346.0,693.0,10.044,38.8837,98.68,196.4435,0.0224,0.0,99.968,196.0615,49.0176,-16.5315,0.0,0.0001,2.0012,-0.0042,6.2958,35.4524,9.9609,27.3121,36.1179
347.0,695.0,10.0329,38.8735,98.68,196.5672,0.0214,0.0,99.9556,196.0615,49.0177,-16.5315,0.0,0.0001,1.9953,-0.0022,6.2967,35.4519,9.9496,27.3137,36.1199
348.0,697.0,10.023,38.866,98.68,195.8112,0.0183,0.0,99.9556,196.0616,49.0177,-16.5315,0.0,0.0001,1.9907,-0.0026,6.2967,35.4529,9.9395,27.3162,36.1229
349.0,699.0,10.0127,38.8591,98.68,196.3117,0.0222,0.0,99.9603,196.0616,49.0177,-16.5315,0.0,0.0001,1.9889,-0.0011,6.3024,35.455,9.929,27.3196,36.1267
350.0,701.0,9.9941,38.8389,98.68,193.9344,0.0254,0.0,99.9443,196.0616,49.0177,-16.5315,0.0,0.0001,1.9791,-0.0044,6.3071,35.4517,9.9102,27.3203,36.1282
351.0,703.0,9.9466,38.7923,98.68,193.1331,0.0251,0.0,99.9556,196.0616,49.0177,-16.5315,0.0,0.0001,1.9719,-0.0043,6.3063,35.4496,9.8628,27.3268,36.1368
352.0,705.0,9.9477,38.7967,98.68,193.509,0.0238,0.0,99.9584,196.0617,49.0177,-16.5315,0.0,0.0001,1.9683,-0.0022,6.3073,35.4522,9.8636,27.3287,36.1385
353.0,707.0,9.9478,38.7978,98.68,193.191,0.0232,0.0,99.9556,196.0617,49.0177,-16.5315,0.0,0.0001,1.9646,-0.0017,6.3076,35.4524,9.8635,27.3288,36.1387
354.0,709.0,9.9461,38.7984,98.68,193.051,0.0218,0.0,99.954,196.0617,49.0177,-16.5315,0.0,0.0001,1.9612,-0.0012,6.3087,35.4538,9.8615,27.3303,36.1402
355.0,711.0,9.9371,38.7921,98.68,192.1769,0.0198,0.0,99.9845,196.0617,49.0177,-16.5315,0.0,0.0001,1.9573,-0.002,6.3082,35.455,9.8523,27.3328,36.1431
356.0,713.0,9.9384,38.7968,98.68,191.8947,0.0194,0.0,99.9717,196.0618,49.0177,-16.5316,0.0,0.0001,1.9537,-0.0017,6.3072,35.4578,9.8534,27.3348,36.145
357.0,715.0,9.9426,38.8044,98.68,191.844,0.0167,0.0,99.9737,196.0618,49.0177,-16.5316,0.0,0.0001,1.9511,-0.0011,6.3065,35.4607,9.8573,27.3364,36.1464
358.0,717.0,9.9637,38.8352,98.68,191.6141,0.0227,0.0,99.9662,196.0618,49.0177,-16.5316,0.0,0.0001,1.948,-0.0008,6.3052,35.4704,9.8779,27.3404,36.1495
359.0,719.0,9.9587,38.8316,98.68,190.1311,0.0229,0.0,99.9845,196.0619,49.0177,-16.5316,0.0,0.0001,1.9432,-0.0028,6.3054,35.4707,9.8728,27.3415,36.1508
360.0,721.0,9.953,38.8315,98.68,189.4028,0.0182,0.0003,99.0442,196.0619,49.0177,-16.5316,0.0,0.0001,1.9377,-0.0032,6.3053,35.4753,9.8669,27.3462,36.1556
361.0,723.0,9.9536,38.8337,98.68,189.8071,0.0182,0.0,99.9586,196.0619,49.0177,-16.5316,0.0,0.0001,1.9353,-0.0015,6.3057,35.4762,9.8672,27.3468,36.1562
362.0,725.0,9.952,38.8334,98.68,189.9274,0.0197,0.0,99.9917,196.0619,49.0177,-16.5316,0.0,0.0001,1.9335,-0.0008,6.3064,35.4765,9.8654,27.3474,36.1568
363.0,727.0,9.9516,38.834,98.68,189.3971,0.0166,0.0,99.9845,196.062,49.0177,-16.5316,0.0,0.0001,1.931,-0.0013,6.3068,35.4767,9.8647,27.3476,36.1571
364.0,729.0,9.9416,38.8263,98.68,189.3949,0.02,0.0,100.003,196.062,49.0177,-16.5316,0.0,0.0001,1.9297,-0.001,6.3074,35.4777,9.8546,27.3501,36.16
365.0,731.0,9.9297,38.8163,98.68,188.9932,0.0205,0.0,99.9972,196.062,49.0177,-16.5316,0.0,0.0001,1.9268,-0.0015,6.3156,35.4782,9.8425,27.3526,36.163
366.0,733.0,9.8916,38.7774,98.68,187.4834,0.0191,0.0,99.9941,196.062,49.0177,-16.5316,0.0,0.0001,1.9206,-0.0031,6.3133,35.4748,9.8043,27.3564,36.1685
367.0,735.0,9.8373,38.7187,98.68,188.2741,0.018,0.0,99.9922,196.0621,49.0177,-16.5316,0.0,0.0001,1.9182,-0.0012,6.3205,35.4668,9.7501,27.3594,36.1739
368.0,737.0,9.8178,38.6998,98.68,188.258,0.0197,0.0,99.9984,196.0621,49.0177,-16.5317,0.0,0.0001,1.9158,-0.0011,6.3296,35.4659,9.7305,27.362,36.1774
369.0,739.0,9.7977,38.6765,98.68,187.7324,0.022,0.0,99.9881,196.0621,49.0177,-16.5317,0.0,0.0001,1.9117,-0.0014,6.3313,35.4608,9.7103,27.3615,36.1777
370.0,741.0,9.7773,38.6586,98.68,187.514,0.0218,0.0,100.0039,196.0621,49.0177,-16.5317,0.0,0.0001,1.9094,-0.0012,6.3308,35.4615,9.6897,27.3655,36.1826
371.0,743.0,9.7653,38.6472,98.68,187.6277,0.0188,0.0,100.0197,196.0622,49.0177,-16.5317,0.0,0.0001,1.9084,-0.0006,6.3314,35.4605,9.6774,27.3668,36.1845
372.0,745.0,9.7678,38.6522,98.68,187.4689,0.0217,0.0,100.0193,196.0622,49.0177,-16.5317,0.0,0.0001,1.9062,-0.0006,6.3311,35.4623,9.6797,27.3678,36.1854
373.0,747.0,9.7714,38.6608,98.68,186.9949,0.0205,0.0,100.0133,196.0622,49.0177,-16.5317,0.0,0.0001,1.9041,-0.0012,6.3309,35.4667,9.683,27.3707,36.188
374.0,749.0,9.7731,38.6641,98.68,186.9906,0.021,0.0,100.0133,196.0623,49.0177,-16.5317,0.0,0.0001,1.9028,-0.0008,6.3315,35.4675,9.6845,27.3711,36.1884
375.0,751.0,9.7691,38.6623,98.68,186.5445,0.0238,0.0,100.0169,196.0623,49.0177,-16.5317,0.0,0.0001,1.8992,-0.0011,6.3313,35.4686,9.6802,27.3727,36.1901
376.0,753.0,9.7651,38.6653,98.68,185.9092,0.0234,0.0,100.0314,196.0623,49.0177,-16.5317,0.0,0.0001,1.8963,-0.0015,6.3303,35.4747,9.676,27.3781,36.1957
377.0,755.0,9.7743,38.681,98.68,185.2002,0.0252,0.0,100.0044,196.0623,49.0177,-16.5317,0.0,0.0001,1.8926,-0.0023,6.3304,35.4808,9.6849,27.3814,36.1985
378.0,757.0,9.771,38.6806,98.68,186.0407,0.0224,0.0,100.0164,196.0624,49.0177,-16.5317,0.0,0.0001,1.8922,-0.0005,6.3397,35.4827,9.6814,27.3835,36.2007
379.0,759.0,9.736,38.641,98.68,184.4413,0.0205,0.0,100.0184,196.0624,49.0177,-16.5317,0.0,0.0001,1.8846,-0.0033,6.3514,35.4758,9.6463,27.384,36.2028
380.0,761.0,9.621,38.5201,98.68,184.1521,0.0224,0.0,100.0422,196.0624,49.0177,-16.5318,0.0,0.0001,1.8818,-0.0028,6.3494,35.4634,9.5317,27.3936,36.2174
381.0,763.0,9.6116,38.5103,98.68,185.1341,0.0236,0.0,100.0334,196.0624,49.0177,-16.5318,0.0,0.0001,1.8816,-0.0003,6.3505,35.4614,9.5221,27.3936,36.2179
382.0,765.0,9.6282,38.5285,98.68,184.7756,0.0157,0.0,100.0193,196.0625,49.0177,-16.5318,0.0,0.0001,1.8788,-0.0011,6.3589,35.4631,9.5384,27.3922,36.2158
383.0,767.0,9.5971,38.4931,98.68,184.3599,0.0147,0.0,100.032,196.0625,49.0177,-16.5318,0.0,0.0001,1.8759,-0.0015,6.3625,35.4563,9.5073,27.3921,36.2171
384.0,769.0,9.5598,38.4562,98.68,184.6452,0.0195,0.0,100.0415,196.0625,49.0177,-16.5318,0.0,0.0001,1.8755,-0.0006,6.3616,35.454,9.47,27.3966,36.2232
385.0,771.0,9.5518,38.4497,98.68,184.9051,0.0214,0.0,100.0284,196.0625,49.0177,-16.5318,0.0,0.0001,1.8755,0.0,6.3605,35.4542,9.4617,27.3981,36.2251
386.0,773.0,9.5522,38.4507,98.68,184.5524,0.0166,0.0,100.03,196.0626,49.0177,-16.5318,0.0,0.0001,1.8742,-0.0008,6.363,35.4541,9.4619,27.398,36.225
387.0,775.0,9.5534,38.4536,98.68,184.4127,0.0199,0.0,100.0309,196.0626,49.0177,-16.5318,0.0,0.0001,1.873,-0.0008,6.3623,35.4552,9.4629,27.3987,36.2256
388.0,777.0,9.5437,38.4443,98.68,185.0407,0.0228,0.0,100.0306,196.0626,49.0177,-16.5318,0.0,0.0001,1.8738,0.0002,6.3651,35.4539,9.4529,27.3993,36.2267
389.0,779.0,9.5376,38.4373,98.68,184.5474,0.0199,0.0,100.0251,196.0627,49.0177,-16.5318,0.0,0.0001,1.8711,-0.0009,6.3725,35.4519,9.4466,27.3988,36.2265
390.0,781.0,9.4806,38.375,98.68,184.6441,0.0232,0.0,100.0306,196.0627,49.0177,-16.5318,0.0,0.0001,1.8713,-0.0004,6.3703,35.4425,9.3897,27.401,36.2312
391.0,783.0,9.4759,38.371,98.68,185.0213,0.0225,0.0,100.0224,196.0627,49.0177,-16.5318,0.0,0.0001,1.8715,0.0002,6.3726,35.4423,9.3848,27.4016,36.2321
392.0,785.0,9.4777,38.3732,98.68,184.4396,0.0204,0.0,100.0272,196.0627,49.0177,-16.5319,0.0,0.0001,1.8694,-0.0008,6.3732,35.442,9.3864,27.4011,36.2314
393.0,787.0,9.4683,38.3638,98.68,184.7979,0.0212,0.0,100.0365,196.0628,49.0177,-16.5319,0.0,0.0001,1.8694,-0.0004,6.3822,35.4408,9.3768,27.4017,36.2325
394.0,789.0,9.409,38.2979,98.68,184.2179,0.0242,0.0,100.0322,196.0628,49.0177,-16.5319,0.0,0.0001,1.8663,-0.0008,6.3791,35.4298,9.3176,27.4029,36.2365
395.0,791.0,9.3082,38.1902,98.68,184.8724,0.0211,0.0,100.0322,196.0629,49.0177,-16.5319,0.0,0.0001,1.867,-0.0005,6.3951,35.4167,9.2171,27.4092,36.2473
396.0,793.0,9.2721,38.147,98.68,185.1208,0.0208,0.0,100.0422,196.0629,49.0177,-16.5319,0.0,0.0001,1.865,0.0003,6.3981,35.4064,9.181,27.4071,36.2469
397.0,795.0,9.2479,38.1279,98.68,184.7256,0.0234,0.0,100.0472,196.0629,49.0177,-16.5319,0.0,0.0001,1.8629,-0.0008,6.4129,35.4097,9.1567,27.4137,36.2545
398.0,797.0,9.183,38.0573,98.68,185.0146,0.0242,0.0,100.0602,196.063,49.0177,-16.5319,0.0,0.0001,1.8616,-0.0001,6.4175,35.3993,9.0919,27.416,36.2598
399.0,799.0,9.1638,38.0382,98.68,185.0442,0.0231,0.0,100.0668,196.063,49.0177,-16.5319,0.0,0.0001,1.8608,0.0,6.4193,35.3974,9.0726,27.4178,36.2624
400.0,801.0,9.1728,38.0488,98.68,185.1777,0.0191,0.0,100.0651,196.0631,49.0177,-16.532,0.0,0.0001,1.8608,-0.0001,6.4241,35.3988,9.0813,27.4174,36.2616
401.0,803.0,9.1228,37.9968,98.68,184.9884,0.0218,0.0,100.0711,196.0631,49.0177,-16.532,0.0,0.0001,1.86,-0.0003,6.4248,35.3931,9.0314,27.421,36.2675
402.0,805.0,9.1369,38.012,98.68,184.7724,0.0215,0.0,100.0708,196.0632,49.0177,-16.532,0.0,0.0001,1.8563,-0.0006,6.4327,35.3942,9.0452,27.4197,36.2655
403.0,807.0,9.045,37.9146,98.68,184.552,0.0229,0.0,100.0664,196.0636,49.0177,-16.5321,0.0,0.0001,1.8531,-0.0002,6.4369,35.3824,8.9536,27.4252,36.2752
404.0,809.0,9.0084,37.8776,98.68,184.2232,0.0213,0.0,100.0784,196.064,49.0177,-16.5323,0.0,0.0001,1.849,0.0,6.4428,35.3791,8.9169,27.4286,36.2803
405.0,811.0,9.0048,37.8756,98.68,183.9179,0.0208,0.0,100.0723,196.0643,49.0177,-16.5323,0.0,0.0001,1.8476,-0.0002,6.4414,35.38,8.9132,27.4299,36.2817
