Datacycle,press,temp,cond,alt,oxygen,fluor,atten,trans,jday,lat,lon,PAR,UPAR,oxV,oxdVdt,oxysat,salin,potemp,sigma0,sigma2
1.0,1.0,15.7867,44.4474,49.8828,244.8102,0.8841,0.0034,91.7496,198.1171,48.825,-16.5753,0.0,0.0001,2.741,-0.0011,5.5757,35.6764,15.7865,26.3171,34.896
2.0,3.0,15.7921,44.4541,14.984,245.1148,0.8978,0.0034,91.9443,198.1172,48.825,-16.5754,0.0,0.0001,2.7416,0.0,5.5758,35.6768,15.7916,26.3162,34.8949
3.0,5.0,15.7911,44.4536,58.6865,245.3432,0.9007,0.0032,92.2329,198.1173,48.825,-16.5754,0.0,0.0001,2.7425,-0.0001,5.5759,35.6767,15.7904,26.3164,34.8951
4.0,7.0,15.7905,44.4543,98.71,245.1333,0.9005,0.0032,92.2686,198.1175,48.825,-16.5755,0.0,0.0001,2.7409,-0.0001,5.5759,35.6771,15.7894,26.3169,34.8957
5.0,9.0,15.7891,44.4537,98.71,245.0838,0.9008,0.0032,92.2817,198.1176,48.825,-16.5756,0.0,0.0001,2.7401,-0.0001,5.5758,35.677,15.7877,26.3172,34.896
6.0,11.0,15.7904,44.4559,98.71,245.2076,0.8963,0.0032,92.2769,198.1177,48.825,-16.5757,0.0,0.0001,2.7399,0.0002,5.5762,35.6769,15.7887,26.3169,34.8957
7.0,13.0,15.7824,44.4494,98.71,245.097,0.9025,0.0032,92.2948,198.1178,48.825,-16.5757,0.0,0.0001,2.7389,-0.0002,5.577,35.6775,15.7804,26.3193,34.8984
8.0,15.0,15.7847,44.4533,98.71,244.9579,0.9225,0.0032,92.2686,198.118,48.8251,-16.5758,0.0,0.0001,2.737,-0.0001,5.5762,35.6781,15.7823,26.3192,34.8983
9.0,17.0,15.7873,44.4568,98.71,245.0391,0.9321,0.0032,92.2813,198.1181,48.8251,-16.5759,0.0,0.0001,2.7364,0.0001,5.5761,35.678,15.7846,26.3187,34.8977
10.0,19.0,15.7881,44.4585,98.71,245.1893,0.9507,0.0032,92.2673,198.1182,48.8251,-16.5759,0.0,0.0001,2.7378,0.0,5.576,35.6782,15.7852,26.3187,34.8976
11.0,21.0,15.7895,44.4611,98.71,245.1253,0.9436,0.0032,92.2847,198.1183,48.8251,-16.576,0.0,0.0001,2.7366,0.0,5.5761,35.6784,15.7863,26.3186,34.8975
12.0,23.0,15.7868,44.4589,98.71,244.8839,0.9495,0.0032,92.2812,198.1183,48.8251,-16.576,0.0,0.0001,2.7348,-0.0003,5.576,35.6782,15.7832,26.3191,34.8981
13.0,25.0,15.7878,44.4609,98.71,244.8077,0.9705,0.0032,92.2738,198.1184,48.8251,-16.576,0.0,0.0001,2.7332,-0.0002,5.5761,35.6781,15.7839,26.319,34.8979
14.0,27.0,15.7863,44.4609,98.71,245.016,0.9803,0.0032,92.2407,198.1185,48.8251,-16.5761,0.0,0.0001,2.7334,0.0,5.5779,35.6786,15.782,26.3198,34.8988
15.0,29.0,15.7569,44.4299,98.71,244.7392,0.9951,0.0031,92.4562,198.1186,48.8251,-16.5761,0.0,0.0001,2.7296,-0.0003,5.5818,35.6765,15.7523,26.3249,34.905
16.0,31.0,15.7117,44.3846,98.636,244.7759,0.9724,0.0031,92.596,198.1187,48.8251,-16.5762,0.0,0.0001,2.7274,-0.0007,5.5918,35.6759,15.7069,26.3348,34.9165
17.0,33.0,15.5591,44.2219,98.5976,243.6747,0.982,0.0028,93.3491,198.1187,48.8251,-16.5762,0.0,0.0001,2.7148,-0.0029,5.6109,35.6665,15.554,26.3622,34.9494
18.0,35.0,15.4274,44.0825,98.5247,243.4027,0.9951,0.0025,94.0001,198.1188,48.8251,-16.5762,0.0,0.0001,2.7065,-0.0017,5.6192,35.6593,15.4221,26.3864,34.9783
19.0,37.0,15.3364,44.0038,98.3271,242.4163,0.8858,0.0021,94.8677,198.1189,48.8251,-16.5763,0.0,0.0001,2.6946,-0.0018,5.6293,35.6698,15.3307,26.415,35.0099
20.0,39.0,15.2495,43.9245,98.1144,241.424,0.8463,0.0019,95.4223,198.1189,48.8251,-16.5763,0.0,0.0001,2.6797,-0.0024,5.6508,35.6758,15.2435,26.4391,35.0371
21.0,41.0,14.9988,43.687,98.71,240.9969,0.7405,0.0017,95.8605,198.119,48.8251,-16.5763,0.0,0.0001,2.6669,-0.0011,5.6682,35.6871,14.9925,26.5036,35.1104
22.0,43.0,14.9233,43.6152,97.5063,239.9152,0.7201,0.0017,95.9081,198.1191,48.8251,-16.5764,0.0,0.0001,2.6556,-0.0022,5.6791,35.6898,14.9168,26.5224,35.1318
23.0,45.0,14.8212,43.5201,96.637,239.7732,0.7173,0.0016,96.0068,198.1191,48.8251,-16.5764,0.0,0.0001,2.6505,-0.0024,5.6918,35.6956,14.8144,26.5493,35.1624
24.0,47.0,14.7096,43.4158,97.9027,239.2089,0.6787,0.0015,96.2356,198.1192,48.8251,-16.5764,0.0,0.0001,2.6406,-0.0013,5.6988,35.7012,14.7026,26.5781,35.1952
25.0,49.0,14.6046,43.321,97.7214,238.9141,0.6443,0.0014,96.4521,198.1193,48.8252,-16.5765,0.0,0.0001,2.6321,-0.0003,5.7068,35.7093,14.5972,26.6073,35.2281
26.0,51.0,14.5856,43.3037,92.6742,237.9296,0.6193,0.0013,96.7285,198.1193,48.8252,-16.5765,0.0,0.0001,2.6288,-0.0024,5.7062,35.7102,14.578,26.6122,35.2336
27.0,53.0,14.5043,43.2305,98.7089,238.5725,0.5574,0.0012,96.9448,198.1193,48.8252,-16.5765,0.0,0.0001,2.6225,-0.0014,5.7262,35.7168,14.4965,26.6349,35.2592
28.0,55.0,14.3138,43.052,97.4532,236.6017,0.5012,0.001,97.4509,198.1194,48.8252,-16.5765,0.0,0.0001,2.6067,-0.0038,5.7443,35.7264,14.3057,26.6835,35.3147
29.0,57.0,14.1989,42.9469,95.1468,236.2995,0.3767,0.0008,97.8906,198.1195,48.8252,-16.5765,0.0,0.0001,2.5951,-0.0032,5.7695,35.7343,14.1906,26.7143,35.3495
30.0,59.0,13.9321,42.7034,95.3496,235.6066,0.3082,0.0006,98.3962,198.1195,48.8252,-16.5766,0.0,0.0001,2.5793,-0.0021,5.7944,35.7539,13.9236,26.7862,35.431
31.0,61.0,13.7986,42.5753,98.71,233.5673,0.253,0.0005,98.7663,198.1196,48.8252,-16.5766,0.0,0.0001,2.5609,-0.0049,5.8163,35.7574,13.7899,26.8168,35.4666
32.0,63.0,13.6602,42.4341,96.4923,233.95,0.1712,0.0003,99.16,198.1196,48.8252,-16.5766,0.0,0.0001,2.552,-0.0028,5.84,35.753,13.6513,26.8426,35.4976
33.0,65.0,13.418,42.178,95.0933,233.2836,0.1446,0.0003,99.2793,198.1197,48.8252,-16.5766,0.0,0.0001,2.5377,-0.0017,5.8594,35.7369,13.4089,26.8804,35.5447
34.0,67.0,13.2254,41.9744,95.3769,234.2516,0.1138,0.0002,99.5375,198.1197,48.8252,-16.5767,0.0,0.0001,2.5368,0.0013,5.868,35.7234,13.216,26.9096,35.5814
35.0,69.0,13.2246,41.978,97.0196,233.8613,0.141,0.0002,99.5662,198.1198,48.8252,-16.5767,0.0,0.0001,2.5347,-0.0005,5.8752,35.727,13.215,26.9126,35.5844
36.0,71.0,13.1937,41.9523,98.71,233.193,0.1311,0.0001,99.6545,198.1198,48.8252,-16.5767,0.0,0.0001,2.5304,-0.0013,5.8744,35.7307,13.1838,26.9218,35.5947
37.0,73.0,13.1934,41.9602,98.71,233.1685,0.0939,0.0001,99.7368,198.1199,48.8253,-16.5767,0.0,0.0001,2.5274,-0.0005,5.8763,35.7376,13.1833,26.9273,35.6001
38.0,75.0,13.1732,41.9419,98.71,233.5105,0.0897,0.0001,99.7771,198.1199,48.8253,-16.5768,0.0,0.0001,2.5276,0.0003,5.8777,35.7382,13.1628,26.932,35.6056
39.0,77.0,13.1696,41.9391,98.71,234.1465,0.0805,0.0001,99.7688,198.12,48.8253,-16.5768,0.0,0.0001,2.5304,0.0009,5.8807,35.7381,13.1589,26.9327,35.6064
40.0,79.0,13.1365,41.9063,27.9745,234.8621,0.0764,0.0001,99.8724,198.12,48.8253,-16.5768,0.0,0.0001,2.5348,0.001,5.8841,35.7373,13.1255,26.9389,35.6139
41.0,81.0,13.1144,41.8814,93.5755,234.797,0.0724,0.0,99.9337,198.1201,48.8253,-16.5768,0.0,0.0001,2.5357,-0.0001,5.8863,35.7334,13.1032,26.9404,35.6163
42.0,83.0,13.101,41.8671,98.7064,235.0541,0.0714,0.0,99.9556,198.1201,48.8253,-16.5768,0.0,0.0001,2.536,0.0002,5.8888,35.7316,13.0895,26.9418,35.6182
43.0,85.0,13.0718,41.8345,98.71,235.3594,0.0673,0.0,99.9627,198.1202,48.8253,-16.5769,0.0,0.0001,2.5369,0.0006,5.8891,35.727,13.0601,26.9442,35.6218
44.0,87.0,13.0702,41.8334,98.71,234.9971,0.0656,0.0,99.9614,198.1202,48.8253,-16.5769,0.0,0.0001,2.535,-0.0007,5.8944,35.7268,13.0583,26.9444,35.6221
45.0,89.0,13.017,41.7746,98.71,235.3796,0.0956,0.0,99.9893,198.1203,48.8253,-16.5769,0.0,0.0001,2.5348,0.0002,5.8975,35.7197,13.0047,26.9498,35.6296
46.0,91.0,13.0191,41.7768,98.71,235.2824,0.0874,0.0,99.9668,198.1203,48.8253,-16.5769,0.0,0.0001,2.5338,-0.0005,5.9011,35.7191,13.0066,26.9489,35.6287
47.0,93.0,12.9784,41.7363,98.71,235.6052,0.061,0.0,99.9886,198.1204,48.8253,-16.5769,0.0,0.0001,2.5348,0.0001,5.9019,35.7177,12.9655,26.9561,35.6375
48.0,95.0,12.9758,41.7346,98.7093,235.2904,0.0586,0.0,99.9762,198.1204,48.8253,-16.577,0.0,0.0001,2.5331,-0.0005,5.9023,35.7178,12.9627,26.9568,35.6383
49.0,97.0,12.9714,41.7318,98.7086,235.1767,0.0563,0.0,100.0115,198.1205,48.8253,-16.577,0.0,0.0001,2.5313,-0.0006,5.9037,35.7184,12.9581,26.9581,35.6398
50.0,99.0,12.956,41.7183,98.7079,235.1549,0.0486,0.0,100.0188,198.1205,48.8254,-16.577,0.0,0.0001,2.5295,-0.0002,5.904,35.7189,12.9423,26.9617,35.644
51.0,101.0,12.9556,41.7182,98.71,235.06,0.0506,0.0,100.0273,198.1205,48.8254,-16.577,0.0,0.0001,2.5285,-0.0006,5.9054,35.7188,12.9417,26.9618,35.644
52.0,103.0,12.9382,41.7013,98.71,234.8,0.0504,0.0,100.0814,198.1206,48.8254,-16.577,0.0,0.0001,2.5252,-0.0004,5.9063,35.7178,12.924,26.9646,35.6475
53.0,105.0,12.9389,41.7027,98.71,233.9268,0.0459,0.0,100.0796,198.1206,48.8254,-16.577,0.0,0.0001,2.5204,-0.0021,5.9078,35.718,12.9246,26.9646,35.6475
54.0,107.0,12.924,41.6873,98.71,234.5019,0.0433,0.0,100.0982,198.1207,48.8254,-16.5771,0.0,0.0001,2.5203,-0.0001,5.9084,35.7161,12.9092,26.9662,35.6498
55.0,109.0,12.9304,41.6942,98.71,233.9563,0.0446,0.0,100.1288,198.1207,48.8254,-16.5771,0.0,0.0001,2.5169,-0.0015,5.9116,35.7161,12.9155,26.965,35.6483
56.0,111.0,12.8902,41.65,98.71,234.1484,0.0406,-0.0001,100.1284,198.1208,48.8254,-16.5771,0.0,0.0001,2.516,-0.0005,5.9125,35.7105,12.8749,26.9688,35.6537
57.0,113.0,12.8883,41.648,98.71,233.6515,0.0428,-0.0001,100.1379,198.1208,48.8254,-16.5771,0.0,0.0001,2.5112,-0.0014,5.9193,35.7097,12.8728,26.9686,35.6536
58.0,115.0,12.8158,41.5644,98.71,233.6167,0.0427,-0.0001,100.1533,198.1209,48.8254,-16.5771,0.0,0.0001,2.5079,-0.0003,5.9193,35.697,12.8,26.9734,35.6614
59.0,117.0,12.8266,41.5781,98.7079,233.9693,0.0419,-0.0001,100.1415,198.1209,48.8254,-16.5771,0.0,0.0001,2.5081,0.0005,5.9225,35.6993,12.8107,26.973,35.6606
60.0,119.0,12.8143,41.5673,98.71,235.4187,0.0389,0.0,100.1067,198.121,48.8254,-16.5772,0.0,0.0001,2.5186,0.001,5.9232,35.6995,12.798,26.9757,35.6638
61.0,121.0,12.8081,41.5607,98.71,235.873,0.0395,0.0,100.0774,198.1212,48.8254,-16.5772,0.0,0.0001,2.5239,0.0002,5.9241,35.6983,12.7917,26.9761,35.6644
62.0,123.0,12.7855,41.5365,98.7083,234.9887,0.0387,0.0,100.0774,198.1213,48.8255,-16.5772,0.0,0.0001,2.5184,-0.0014,5.9268,35.6956,12.7687,26.9786,35.6678
63.0,125.0,12.7662,41.5146,98.71,234.0753,0.0376,0.0,100.0906,198.1214,48.8255,-16.5772,0.0,0.0001,2.5091,-0.0016,5.9317,35.6919,12.7492,26.9796,35.6696
64.0,127.0,12.7266,41.4682,98.71,233.135,0.0381,0.0,100.1212,198.1215,48.8255,-16.5772,0.0,0.0001,2.4989,-0.0012,5.9342,35.6837,12.7092,26.9812,35.6729
65.0,129.0,12.7219,41.4635,98.71,233.8032,0.0354,-0.0001,100.0912,198.1215,48.8255,-16.5773,0.0,0.0001,2.4985,0.0009,5.9354,35.6827,12.7043,26.9815,35.6734
66.0,131.0,12.708,41.4493,98.71,233.9309,0.0381,-0.0001,100.0971,198.1216,48.8255,-16.5773,0.0,0.0001,2.5006,0.0002,5.9368,35.6814,12.6901,26.9832,35.6757
67.0,133.0,12.7008,41.4411,98.71,234.469,0.0361,-0.0001,100.1447,198.1216,48.8255,-16.5774,0.0,0.0001,2.5027,0.001,5.9373,35.6794,12.6827,26.9832,35.676
68.0,135.0,12.6941,41.4349,98.71,234.0804,0.0331,-0.0001,100.1466,198.1217,48.8255,-16.5774,0.0,0.0001,2.5016,-0.0006,5.941,35.6791,12.6758,26.9844,35.6774
69.0,137.0,12.6644,41.4016,98.71,234.3207,0.034,-0.0001,100.1751,198.1217,48.8255,-16.5774,0.0,0.0001,2.5011,0.0001,5.9419,35.674,12.6458,26.9864,35.6806
70.0,139.0,12.6656,41.4032,98.71,234.239,0.0277,-0.0001,100.1578,198.1218,48.8255,-16.5774,0.0,0.0001,2.5003,-0.0005,5.9444,35.6737,12.6468,26.9859,35.6801
71.0,141.0,12.6435,41.38,98.71,234.3914,0.0281,-0.0001,100.1767,198.1218,48.8255,-16.5774,0.0,0.0001,2.5002,0.0001,5.944,35.6712,12.6243,26.9885,35.6836
72.0,143.0,12.645,41.3823,98.71,234.6883,0.0285,-0.0001,100.1637,198.1218,48.8255,-16.5774,0.0,0.0001,2.5019,0.0003,5.9437,35.6716,12.6257,26.9885,35.6835
73.0,145.0,12.6519,41.3958,98.71,234.899,0.0315,-0.0001,100.1504,198.1219,48.8255,-16.5774,0.0,0.0001,2.503,0.0004,5.9438,35.6768,12.6323,26.9912,35.686
74.0,147.0,12.6499,41.3939,98.71,234.7367,0.0314,-0.0001,100.1482,198.1219,48.8255,-16.5774,0.0,0.0001,2.5021,-0.0003,5.946,35.6762,12.63,26.9912,35.686
75.0,149.0,12.623,41.3645,98.71,233.907,0.0302,0.0,100.0961,198.122,48.8255,-16.5774,0.0,0.0001,2.4969,-0.0018,5.9483,35.6723,12.6028,26.9936,35.6895
76.0,151.0,12.5951,41.3337,98.71,234.4141,0.0316,0.0,100.0951,198.122,48.8255,-16.5774,0.0,0.0001,2.4959,-0.0004,5.9542,35.6681,12.5747,26.9959,35.693
77.0,153.0,12.5539,41.2863,98.71,236.2397,0.0335,0.0,100.0807,198.1221,48.8255,-16.5775,0.0,0.0001,2.5015,0.0033,5.9565,35.6606,12.5332,26.9983,35.6971
78.0,155.0,12.5437,41.2772,98.71,236.3859,0.0327,0.0,100.0579,198.1221,48.8255,-16.5775,0.0,0.0001,2.5066,0.0014,5.9588,35.6606,12.5227,27.0004,35.6996
79.0,157.0,12.5304,41.2636,98.71,236.1299,0.0314,0.0,100.057,198.1221,48.8255,-16.5775,0.0,0.0001,2.5071,0.0,5.9597,35.6592,12.5092,27.002,35.7017
80.0,159.0,12.5284,41.263,98.71,235.7732,0.0313,0.0,100.0541,198.1222,48.8255,-16.5775,0.0,0.0001,2.5054,-0.0008,5.9591,35.6598,12.507,27.0028,35.7026
81.0,161.0,12.5271,41.2642,98.71,235.6332,0.0302,0.0,100.0479,198.1222,48.8255,-16.5775,0.0,0.0001,2.5029,-0.0006,5.9606,35.6614,12.5055,27.0044,35.7043
82.0,163.0,12.5098,41.2454,98.71,235.6406,0.0261,0.0,100.0529,198.1223,48.8255,-16.5775,0.0,0.0001,2.5008,-0.0001,5.962,35.6583,12.4878,27.0055,35.7061
83.0,165.0,12.5031,41.2392,98.71,235.5703,0.0256,0.0,100.0579,198.1223,48.8255,-16.5775,0.0,0.0001,2.4998,-0.0004,5.9646,35.658,12.4809,27.0066,35.7074
84.0,167.0,12.4849,41.2188,98.71,235.6714,0.0308,0.0,100.0567,198.1224,48.8255,-16.5775,0.0,0.0001,2.499,-0.0002,5.9666,35.6547,12.4624,27.0077,35.7093
85.0,169.0,12.463,41.1945,98.7048,235.4553,0.0293,0.0,100.0538,198.1224,48.8255,-16.5775,0.0,0.0001,2.4973,-0.0008,5.9694,35.6512,12.4403,27.0093,35.7119
86.0,171.0,12.4424,41.1731,98.71,235.4236,0.0298,0.0,100.0537,198.1225,48.8255,-16.5776,0.0,0.0001,2.4948,-0.0003,5.9718,35.649,12.4193,27.0117,35.7151
87.0,173.0,12.4317,41.1599,98.71,234.3508,0.0317,0.0,100.0501,198.1225,48.8255,-16.5776,0.0,0.0001,2.4883,-0.0025,5.9778,35.6457,12.4085,27.0113,35.7151
88.0,175.0,12.3707,41.0926,98.71,235.3168,0.0276,0.0,100.0489,198.1226,48.8255,-16.5776,0.0,0.0001,2.4891,0.0004,5.979,35.6373,12.3472,27.0169,35.7232
89.0,177.0,12.3763,41.0981,98.71,234.8127,0.0288,0.0,100.0375,198.1226,48.8255,-16.5776,0.0,0.0001,2.4874,-0.001,5.9798,35.6367,12.3526,27.0153,35.7215
90.0,179.0,12.3479,41.0684,98.71,235.2428,0.0283,0.0,100.037,198.1226,48.8255,-16.5776,0.0,0.0001,2.4871,-0.0002,5.9857,35.6339,12.3241,27.0188,35.7261
91.0,181.0,12.2977,41.0125,98.71,235.4433,0.0279,0.0,100.0434,198.1227,48.8255,-16.5776,0.0,0.0001,2.4866,0.0,5.9898,35.6263,12.2735,27.0227,35.7321
92.0,183.0,12.2883,41.0024,98.71,234.8057,0.0262,0.0,100.0345,198.1227,48.8255,-16.5776,0.0,0.0001,2.4821,-0.0014,5.9962,35.6248,12.2639,27.0234,35.7332
93.0,185.0,12.2481,40.9576,98.71,235.2625,0.0231,0.0,100.0383,198.1228,48.8255,-16.5776,0.0,0.0001,2.4822,0.0003,5.9943,35.6184,12.2234,27.0264,35.7378
94.0,187.0,12.2512,40.9622,98.71,235.4238,0.0267,0.0,100.0301,198.1228,48.8255,-16.5776,0.0,0.0001,2.4832,-0.0002,5.9979,35.6193,12.2264,27.0265,35.7378
95.0,189.0,12.2206,40.9275,98.71,236.4116,0.0286,0.0,100.0167,198.1229,48.8255,-16.5777,0.0,0.0001,2.4859,0.0016,6.0007,35.6137,12.1955,27.0281,35.7407
96.0,191.0,12.2122,40.9188,98.71,236.2815,0.0284,0.0,100.0224,198.1229,48.8255,-16.5777,0.0,0.0001,2.4879,-0.0001,6.0029,35.6122,12.1869,27.0287,35.7416
97.0,193.0,12.1723,40.8731,98.71,237.2206,0.0256,0.0,100.0348,198.123,48.8255,-16.5777,0.0,0.0001,2.4901,0.0016,6.0066,35.6048,12.1467,27.0307,35.7453
98.0,195.0,12.1399,40.8376,98.71,237.1792,0.0292,0.0,100.0617,198.123,48.8255,-16.5777,0.0,0.0001,2.4914,0.0001,6.0118,35.6002,12.1141,27.0335,35.7495
99.0,197.0,12.1231,40.8203,98.71,237.0903,0.0262,0.0,100.0485,198.1231,48.8255,-16.5777,0.0,0.0001,2.4907,-0.0003,6.014,35.5987,12.0971,27.0356,35.7522
100.0,199.0,12.1118,40.8074,98.7092,237.2497,0.0277,0.0,100.05,198.1231,48.8255,-16.5777,0.0,0.0001,2.4902,0.0,6.0149,35.5957,12.0855,27.0355,35.7527
101.0,201.0,12.1164,40.8119,98.7033,236.619,0.0289,0.0,100.0539,198.1232,48.8255,-16.5777,0.0,0.0001,2.4875,-0.0016,6.0182,35.5951,12.0899,27.0342,35.7512
102.0,203.0,12.0589,40.7483,98.71,237.1875,0.0251,0.0,100.0439,198.1232,48.8255,-16.5778,0.0,0.0001,2.488,-0.0002,6.0198,35.5869,12.0322,27.039,35.7583
103.0,205.0,12.0379,40.7245,98.71,237.6766,0.0233,0.0,100.0615,198.1233,48.8255,-16.5778,0.0,0.0001,2.4883,0.0008,6.0226,35.5826,12.0108,27.0397,35.76
104.0,207.0,12.0405,40.7277,98.71,237.1637,0.0278,0.0,100.0482,198.1233,48.8255,-16.5778,0.0,0.0001,2.4865,-0.0006,6.0248,35.5825,12.0133,27.0392,35.7593
105.0,209.0,12.0172,40.7025,98.71,237.4258,0.0248,0.0,100.0415,198.1233,48.8255,-16.5778,0.0,0.0001,2.4859,-0.0003,6.0298,35.5792,11.9897,27.0411,35.7623
106.0,211.0,11.9866,40.6671,98.71,237.0614,0.0253,0.0,100.0485,198.1234,48.8255,-16.5778,0.0,0.0001,2.483,-0.0006,6.0306,35.5728,11.9589,27.0421,35.7646
107.0,213.0,11.9757,40.6551,98.71,237.113,0.0269,0.0,100.0361,198.1234,48.8255,-16.5778,0.0,0.0001,2.482,-0.0009,6.0362,35.5709,11.9478,27.0428,35.7657
108.0,215.0,11.9296,40.6017,98.71,236.5763,0.0258,0.0,100.0711,198.1235,48.8255,-16.5778,0.0,0.0001,2.4765,-0.0006,6.0362,35.5614,11.9015,27.0443,35.7692
109.0,217.0,11.9295,40.6028,98.71,236.8716,0.0254,0.0,100.0556,198.1235,48.8255,-16.5778,0.0,0.0001,2.4762,-0.0002,6.0403,35.5619,11.9011,27.0447,35.7696
110.0,219.0,11.9178,40.5915,98.71,236.1202,0.0252,0.0,100.0488,198.1236,48.8255,-16.5779,0.0,0.0001,2.4727,-0.0014,6.0398,35.561,11.8892,27.0463,35.7717
111.0,221.0,11.9196,40.5943,98.71,236.3502,0.0254,0.0,100.0512,198.1236,48.8255,-16.5779,0.0,0.0001,2.4713,-0.0004,6.0404,35.5612,11.8907,27.0461,35.7715
112.0,223.0,11.9172,40.5933,98.71,236.0854,0.0251,0.0,100.0465,198.1237,48.8255,-16.5779,0.0,0.0001,2.4689,-0.0005,6.0403,35.5614,11.888,27.0469,35.7723
113.0,225.0,11.9169,40.5936,98.71,236.2115,0.022,0.0,100.0399,198.1237,48.8256,-16.5779,0.0,0.0001,2.469,-0.0002,6.0405,35.5614,11.8875,27.0469,35.7724
114.0,227.0,11.9146,40.5923,98.695,236.3069,0.0264,0.0,100.0457,198.1238,48.8256,-16.5779,0.0,0.0001,2.4683,0.0,6.0411,35.5612,11.8848,27.0473,35.7728
115.0,229.0,11.9129,40.5911,98.71,235.7315,0.025,0.0,100.0448,198.1238,48.8256,-16.5779,0.0,0.0001,2.4656,-0.001,6.0404,35.561,11.883,27.0475,35.7731
116.0,231.0,11.9203,40.6025,98.71,236.1183,0.0271,0.0,100.0433,198.1239,48.8256,-16.5779,0.0,0.0001,2.4659,0.0,6.0404,35.5641,11.89,27.0486,35.7739
117.0,233.0,11.9203,40.6058,98.71,234.6923,0.0262,0.0,100.0312,198.1239,48.8256,-16.578,0.0,0.0001,2.4601,-0.0022,6.0366,35.5665,11.8898,27.0505,35.7758
118.0,235.0,11.9499,40.6484,98.705,235.357,0.0247,0.0,100.035,198.124,48.8256,-16.578,0.0,0.0001,2.4592,0.0002,6.0367,35.579,11.9191,27.0546,35.7785
119.0,237.0,11.9454,40.644,98.71,234.4317,0.0251,0.0,100.0422,198.124,48.8256,-16.578,0.0,0.0001,2.4572,-0.0019,6.0348,35.5784,11.9144,27.055,35.7792
120.0,239.0,11.9527,40.6574,98.71,234.8106,0.0241,0.0,100.0217,198.1241,48.8256,-16.578,0.0,0.0001,2.4546,-0.0003,6.0367,35.5836,11.9214,27.0577,35.7815
121.0,241.0,11.9253,40.628,98.71,234.4744,0.0285,0.0,100.0158,198.1241,48.8256,-16.578,0.0,0.0001,2.4519,-0.0006,6.0384,35.5798,11.8937,27.06,35.785
122.0,243.0,11.9188,40.6216,98.71,232.5922,0.0266,0.0,100.0089,198.1242,48.8256,-16.578,0.0,0.0001,2.4417,-0.0033,6.0409,35.5789,11.887,27.0606,35.7859
123.0,245.0,11.907,40.6101,98.7062,232.5029,0.0213,0.0,100.0063,198.1242,48.8256,-16.578,0.0,0.0001,2.4344,-0.001,6.042,35.5781,11.8749,27.0623,35.788
124.0,247.0,11.8945,40.5984,98.71,233.0857,0.0236,0.0,99.9203,198.1243,48.8256,-16.578,0.0,0.0001,2.4345,0.0006,6.0426,35.5775,11.8621,27.0643,35.7905
125.0,249.0,11.8947,40.5993,98.71,232.5452,0.0255,0.0,99.9902,198.1243,48.8256,-16.578,0.0,0.0001,2.4334,-0.001,6.0431,35.5776,11.8621,27.0644,35.7906
126.0,251.0,11.891,40.5975,98.7019,232.7722,0.0234,0.0,99.9762,198.1244,48.8256,-16.5781,0.0,0.0001,2.4323,0.0,6.0436,35.5782,11.8582,27.0656,35.792
127.0,253.0,11.8836,40.5892,98.71,233.0371,0.0269,0.0,99.9425,198.1244,48.8256,-16.5781,0.0,0.0001,2.4328,0.0002,6.046,35.5765,11.8505,27.0658,35.7925
128.0,255.0,11.8666,40.572,98.71,233.1288,0.0214,0.0,99.9773,198.1245,48.8256,-16.5781,0.0,0.0001,2.4337,0.0,6.0464,35.5749,11.8333,27.0678,35.7952
129.0,257.0,11.8695,40.58,98.71,233.7743,0.0233,0.0,99.9765,198.1245,48.8256,-16.5781,0.0,0.0001,2.4359,0.0011,6.0463,35.5789,11.8359,27.0704,35.7977
130.0,259.0,11.8681,40.5789,98.7055,233.8583,0.0235,0.0,99.9613,198.1246,48.8256,-16.5781,0.0,0.0001,2.4383,0.0004,6.0467,35.5786,11.8343,27.0705,35.7978
131.0,261.0,11.8596,40.5717,98.7077,234.3483,0.023,0.0,99.9626,198.1246,48.8256,-16.5781,0.0,0.0001,2.4401,0.0007,6.0482,35.5787,11.8255,27.0722,35.7999
132.0,263.0,11.8438,40.555,98.71,234.3765,0.027,0.0,99.9574,198.1247,48.8256,-16.5781,0.0,0.0001,2.4415,-0.0003,6.0505,35.5765,11.8094,27.0736,35.8019
133.0,265.0,11.8223,40.5318,98.7032,234.3919,0.0215,0.0,99.9552,198.1248,48.8256,-16.5781,0.0,0.0001,2.4401,0.0001,6.0517,35.5734,11.7877,27.0753,35.8045
134.0,267.0,11.8198,40.5309,98.6964,231.1613,0.0229,0.0,99.9648,198.1248,48.8256,-16.5781,0.0,0.0001,2.4246,-0.005,6.0525,35.5741,11.785,27.0764,35.8057
135.0,269.0,11.8204,40.5335,98.71,232.123,0.0235,0.0,99.9693,198.1248,48.8256,-16.5781,0.0,0.0001,2.4203,0.0,6.0525,35.5753,11.7853,27.0772,35.8065
136.0,271.0,11.8252,40.5425,98.707,233.7256,0.0249,0.0,99.9703,198.1249,48.8256,-16.5781,0.0,0.0001,2.4302,0.0012,6.0517,35.5784,11.7899,27.0788,35.8079
137.0,273.0,11.8301,40.5498,98.71,234.6395,0.0251,0.0,99.9762,198.125,48.8256,-16.5781,0.0,0.0001,2.4337,0.0027,6.0505,35.58,11.7944,27.0792,35.8081
138.0,275.0,11.838,40.5619,98.7,234.7884,0.0249,0.0,99.9759,198.125,48.8256,-16.5781,0.0,0.0001,2.4398,0.0006,6.0504,35.5835,11.802,27.0804,35.809
139.0,277.0,11.8372,40.5619,98.71,234.5407,0.0274,0.0,99.97,198.125,48.8256,-16.5781,0.0,0.0001,2.4391,0.0,6.0502,35.5834,11.8011,27.0806,35.8091
140.0,279.0,11.8199,40.5435,98.7025,234.836,0.0239,0.0,99.9684,198.1251,48.8257,-16.5781,0.0,0.0001,2.4394,0.0003,6.0538,35.5812,11.7836,27.0821,35.8114
141.0,281.0,11.7895,40.5084,98.71,235.855,0.0234,0.0,99.9579,198.1251,48.8257,-16.5782,0.0,0.0001,2.4452,0.0009,6.0558,35.5748,11.7529,27.083,35.8136
142.0,283.0,11.7894,40.5099,98.71,236.5518,0.0238,0.0,99.9616,198.1252,48.8257,-16.5782,0.0,0.0001,2.4481,0.0016,6.0571,35.5755,11.7526,27.0837,35.8143
143.0,285.0,11.7628,40.4813,98.7062,237.1144,0.0248,0.0,99.943,198.1252,48.8257,-16.5782,0.0,0.0001,2.4529,0.0011,6.061,35.572,11.7257,27.086,35.8177
144.0,287.0,11.7472,40.4623,98.695,237.9565,0.0238,0.0,99.9218,198.1253,48.8257,-16.5782,0.0,0.0001,2.4593,0.0013,6.0576,35.5674,11.7099,27.0854,35.8178
145.0,289.0,11.7961,40.5261,98.6962,236.65,0.0242,0.0,99.9414,198.1253,48.8257,-16.5782,0.0,0.0001,2.4548,-0.001,6.0548,35.5822,11.7584,27.0877,35.818
146.0,291.0,11.8105,40.5434,98.695,235.7566,0.0252,0.0,99.9588,198.1254,48.8257,-16.5782,0.0,0.0001,2.4499,-0.0016,6.047,35.5848,11.7726,27.087,35.8167
147.0,293.0,11.8555,40.6069,98.7083,235.4631,0.0226,0.0,99.972,198.1254,48.8257,-16.5782,0.0,0.0001,2.4451,-0.0008,6.0494,35.6029,11.8171,27.0926,35.8203
148.0,295.0,11.8393,40.5858,98.71,234.7948,0.0216,0.0,99.9617,198.1255,48.8257,-16.5782,0.0,0.0001,2.4413,-0.0017,6.0468,35.597,11.8008,27.0911,35.8195
149.0,297.0,11.8581,40.6123,98.71,234.8309,0.0222,0.0,99.9672,198.1255,48.8257,-16.5782,0.0,0.0001,2.4386,-0.0005,6.0473,35.6042,11.8192,27.0933,35.8208
150.0,299.0,11.8474,40.6019,98.71,235.0596,0.0208,0.0,99.9648,198.1256,48.8257,-16.5782,0.0,0.0001,2.439,-0.0002,6.0501,35.6033,11.8083,27.0946,35.8226
151.0,301.0,11.8065,40.5549,98.701,235.0963,0.0235,0.0,99.9617,198.1256,48.8257,-16.5782,0.0,0.0001,2.437,-0.0001,6.0543,35.5953,11.7672,27.0962,35.826
152.0,303.0,11.7988,40.5444,98.7056,234.7546,0.0219,0.0,99.9582,198.1257,48.8257,-16.5782,0.0,0.0001,2.4348,-0.0009,6.0567,35.5917,11.7593,27.0949,35.8251
153.0,305.0,11.7678,40.5102,98.705,235.468,0.0243,0.0,99.9635,198.1257,48.8257,-16.5783,0.0,0.0001,2.4368,0.0003,6.0589,35.5866,11.7281,27.097,35.8284
154.0,307.0,11.7659,40.5079,98.71,235.7799,0.0213,0.0,99.9587,198.1258,48.8257,-16.5783,0.0,0.0001,2.4377,0.0005,6.0613,35.5853,11.726,27.0963,35.8279
155.0,309.0,11.7351,40.4741,98.7,235.7683,0.0239,0.0,99.9452,198.1258,48.8257,-16.5783,0.0,0.0001,2.4385,0.0,6.0617,35.5806,11.6949,27.0986,35.8314
156.0,311.0,11.7417,40.4821,98.7025,235.5343,0.0249,0.0,99.9591,198.1259,48.8257,-16.5783,0.0,0.0001,2.4358,-0.0003,6.0625,35.5816,11.7014,27.0981,35.8307
157.0,313.0,11.7429,40.4858,98.71,235.957,0.024,0.0,99.9462,198.1259,48.8257,-16.5783,0.0,0.0001,2.439,0.0003,6.0595,35.5831,11.7022,27.0991,35.8316
158.0,315.0,11.7794,40.5355,98.71,234.3717,0.0222,0.0,99.935,198.126,48.8257,-16.5783,0.0,0.0001,2.4322,-0.0024,6.0581,35.596,11.7383,27.1023,35.8332
159.0,317.0,11.789,40.5482,98.6916,235.0436,0.0222,0.0,99.944,198.126,48.8257,-16.5783,0.0,0.0001,2.4322,-0.0001,6.0563,35.5986,11.7476,27.1025,35.833
160.0,319.0,11.7896,40.5513,98.7025,234.5336,0.0219,0.0,99.9359,198.1261,48.8257,-16.5783,0.0,0.0001,2.4283,-0.0006,6.0569,35.5999,11.7479,27.1035,35.8339
161.0,321.0,11.7813,40.5419,98.7006,234.1177,0.0186,0.0,99.9275,198.1261,48.8257,-16.5783,0.0,0.0001,2.4252,-0.001,6.0576,35.5977,11.7394,27.1034,35.8343
162.0,323.0,11.7607,40.5197,98.7037,234.7822,0.0206,0.0,99.9331,198.1262,48.8257,-16.5783,0.0,0.0001,2.4271,0.0002,6.059,35.5948,11.7187,27.1051,35.8368
163.0,325.0,11.7546,40.5136,98.695,235.3565,0.0194,0.0,99.9388,198.1262,48.8257,-16.5784,0.0,0.0001,2.4287,0.0011,6.0599,35.5938,11.7122,27.1055,35.8375
164.0,327.0,11.7588,40.5229,98.7062,235.5244,0.0203,0.0,99.9466,198.1263,48.8257,-16.5784,0.0,0.0001,2.4312,0.0005,6.0597,35.598,11.7161,27.1081,35.8398
165.0,329.0,11.7563,40.5219,98.7055,235.2943,0.0204,0.0,99.9216,198.1263,48.8257,-16.5784,0.0,0.0001,2.4298,-0.0002,6.0602,35.5985,11.7134,27.109,35.8408
166.0,331.0,11.7543,40.5211,98.71,235.2397,0.0234,0.0,99.9435,198.1264,48.8257,-16.5784,0.0,0.0001,2.4297,-0.0004,6.0607,35.5989,11.7112,27.1097,35.8416
167.0,333.0,11.7495,40.5173,98.71,235.1992,0.0235,0.0,99.9496,198.1264,48.8257,-16.5784,0.0,0.0001,2.4285,-0.0003,6.0617,35.5989,11.7062,27.1106,35.8428
168.0,335.0,11.7361,40.5028,98.71,235.3173,0.0209,0.0,99.9482,198.1265,48.8257,-16.5784,0.0,0.0001,2.4281,-0.0001,6.0634,35.5966,11.6925,27.1115,35.8442
169.0,337.0,11.7253,40.4912,98.7035,235.3759,0.0214,0.0,99.9408,198.1265,48.8257,-16.5784,0.0,0.0001,2.428,-0.0002,6.065,35.5948,11.6815,27.1121,35.8453
170.0,339.0,11.7092,40.473,98.71,234.7517,0.0216,0.0,99.9381,198.1266,48.8257,-16.5784,0.0,0.0001,2.4243,-0.0012,6.0665,35.5913,11.6652,27.1125,35.8463
171.0,341.0,11.696,40.4597,98.6962,235.3489,0.022,0.0,99.9347,198.1266,48.8257,-16.5785,0.0,0.0001,2.4252,-0.0001,6.0695,35.59,11.6517,27.114,35.8485
172.0,343.0,11.6643,40.4242,98.71,234.4398,0.0237,0.0,99.9429,198.1267,48.8257,-16.5785,0.0,0.0001,2.4209,-0.0015,6.0707,35.5845,11.6198,27.1158,35.8516
173.0,345.0,11.6397,40.3973,98.7069,235.0129,0.0244,0.0,99.9369,198.1267,48.8257,-16.5785,0.0,0.0001,2.4197,-0.0002,6.0774,35.5807,11.595,27.1175,35.8544
174.0,347.0,11.6128,40.3666,98.6992,235.0887,0.0218,0.0,99.9329,198.1268,48.8257,-16.5785,0.0,0.0001,2.42,-0.0001,6.0795,35.5752,11.5679,27.1184,35.8563
175.0,349.0,11.61,40.364,98.7,235.0388,0.0226,0.0,99.941,198.1268,48.8257,-16.5785,0.0,0.0001,2.4182,-0.0003,6.0797,35.5746,11.5648,27.1185,35.8566
176.0,351.0,11.6016,40.3558,98.6927,235.0237,0.0225,0.0,99.9427,198.1269,48.8257,-16.5785,0.0,0.0001,2.4172,-0.0003,6.0805,35.5736,11.5562,27.1193,35.8578
177.0,353.0,11.5995,40.3544,98.71,235.0831,0.0212,0.0,99.9315,198.1269,48.8257,-16.5785,0.0,0.0001,2.4168,0.0002,6.0806,35.5733,11.5538,27.1195,35.8581
178.0,355.0,11.6003,40.3571,98.7024,235.2039,0.0209,0.0,99.9318,198.1269,48.8257,-16.5786,0.0,0.0001,2.4172,0.0,6.0809,35.5745,11.5545,27.1203,35.8589
179.0,357.0,11.5991,40.3586,98.7069,235.1614,0.0242,0.0,99.9443,198.127,48.8257,-16.5786,0.0,0.0001,2.4166,-0.0001,6.0809,35.576,11.5529,27.1218,35.8604
180.0,359.0,11.5992,40.3624,98.6858,234.8225,0.0221,0.0,99.9203,198.127,48.8257,-16.5786,0.0,0.0001,2.4148,-0.0006,6.0808,35.5788,11.5528,27.124,35.8626
181.0,361.0,11.5987,40.3623,98.7029,234.723,0.0203,0.0,99.9322,198.1271,48.8257,-16.5786,0.0,0.0001,2.413,-0.0006,6.0817,35.5786,11.5521,27.124,35.8625
182.0,363.0,11.5877,40.3524,98.705,235.2848,0.0216,0.0,99.9139,198.1271,48.8257,-16.5786,0.0,0.0001,2.4136,0.0008,6.0819,35.5781,11.5407,27.1257,35.8647
183.0,365.0,11.5871,40.3523,98.6969,234.9278,0.0237,0.0,99.909,198.1272,48.8257,-16.5786,0.0,0.0001,2.4123,-0.0004,6.0832,35.5781,11.54,27.1259,35.8649
184.0,367.0,11.5797,40.3455,98.7025,234.8703,0.0195,0.0,99.948,198.1272,48.8257,-16.5787,0.0,0.0001,2.4115,-0.0003,6.0834,35.5774,11.5323,27.1267,35.8661
185.0,369.0,11.5796,40.3463,98.6948,234.9655,0.0212,0.0,99.9337,198.1273,48.8257,-16.5787,0.0,0.0001,2.4109,-0.0001,6.0836,35.5774,11.5319,27.1268,35.8662
186.0,371.0,11.5786,40.3461,98.71,235.2566,0.0195,0.0,99.9513,198.1273,48.8257,-16.5787,0.0,0.0001,2.411,0.0006,6.0836,35.5771,11.5307,27.1268,35.8663
187.0,373.0,11.5777,40.3459,98.7032,235.4226,0.021,0.0,99.9399,198.1274,48.8257,-16.5787,0.0,0.0001,2.4139,0.0004,6.0842,35.577,11.5295,27.127,35.8665
188.0,375.0,11.5736,40.3421,98.7,235.1757,0.0212,0.0,99.9319,198.1274,48.8257,-16.5787,0.0,0.0001,2.4121,-0.0004,6.0844,35.5763,11.5252,27.1272,35.8669
189.0,377.0,11.5707,40.3397,98.695,235.0967,0.0243,0.0,99.9267,198.1275,48.8257,-16.5787,0.0,0.0001,2.4109,-0.0004,6.0852,35.5761,11.522,27.1277,35.8675
190.0,379.0,11.5656,40.336,98.71,235.1918,0.0203,0.0,99.9253,198.1275,48.8257,-16.5787,0.0,0.0001,2.4105,-0.0001,6.0852,35.5761,11.5166,27.1287,35.8687
191.0,381.0,11.5662,40.3373,98.7032,235.149,0.0216,0.0,99.9234,198.1275,48.8257,-16.5788,0.0,0.0001,2.41,-0.0002,6.0859,35.5761,11.517,27.1286,35.8686
192.0,383.0,11.5625,40.3344,98.7,235.7754,0.0207,0.0,99.9148,198.1276,48.8257,-16.5788,0.0,0.0001,2.4115,0.0008,6.0855,35.5758,11.513,27.1291,35.8693
193.0,385.0,11.5621,40.3348,98.6981,235.3644,0.0226,0.0,99.9287,198.1276,48.8257,-16.5788,0.0,0.0001,2.4109,-0.0005,6.0869,35.5759,11.5124,27.1293,35.8695
194.0,387.0,11.551,40.3236,98.71,236.3132,0.0205,0.0,99.9426,198.1277,48.8257,-16.5788,0.0,0.0001,2.4129,0.0015,6.087,35.5746,11.5011,27.1304,35.8711
195.0,389.0,11.5433,40.3162,98.71,236.5829,0.0236,0.0,99.9274,198.1277,48.8257,-16.5788,0.0,0.0001,2.4166,0.0008,6.0887,35.5737,11.4932,27.1312,35.8722
196.0,391.0,11.5405,40.3142,98.7046,237.2828,0.0219,0.0,99.9217,198.1277,48.8257,-16.5788,0.0,0.0001,2.4202,0.0012,6.0888,35.5735,11.49,27.1317,35.8728
197.0,393.0,11.5408,40.3153,98.7069,236.9833,0.0211,0.0,99.9378,198.1278,48.8257,-16.5788,0.0,0.0001,2.4202,-0.0002,6.09,35.5735,11.4901,27.1317,35.8728
198.0,395.0,11.5287,40.3025,98.71,237.2604,0.0208,0.0,99.9328,198.1278,48.8257,-16.5788,0.0,0.0001,2.4198,0.0005,6.0897,35.5715,11.4778,27.1324,35.8741
199.0,397.0,11.5302,40.3051,98.7025,237.0507,0.0199,0.0,99.9291,198.1279,48.8257,-16.5789,0.0,0.0001,2.4202,-0.0003,6.0904,35.572,11.4791,27.1325,35.8741
200.0,399.0,11.5301,40.3069,98.7042,237.4825,0.0201,0.0,99.9377,198.1279,48.8257,-16.5789,0.0,0.0001,2.4213,0.0006,6.0896,35.5728,11.4787,27.1332,35.8748
201.0,401.0,11.5347,40.3143,98.7062,236.9433,0.0191,0.0,99.9166,198.128,48.8257,-16.5789,0.0,0.0001,2.4196,-0.0006,6.0898,35.5748,11.483,27.134,35.8754
202.0,403.0,11.5297,40.3096,98.7006,236.7061,0.0207,0.0001,99.5718,198.128,48.8257,-16.5789,0.0,0.0001,2.4171,-0.0006,6.09,35.5741,11.4776,27.1344,35.876
203.0,405.0,11.527,40.307,98.6958,236.4931,0.0214,0.0,99.9267,198.128,48.8257,-16.5789,0.0,0.0001,2.415,-0.0009,6.0926,35.5733,11.4748,27.1343,35.8761
204.0,407.0,11.4976,40.2741,98.71,237.2638,0.0204,0.0,99.924,198.1281,48.8257,-16.5789,0.0,0.0001,2.416,0.0008,6.0948,35.5678,11.4451,27.1356,35.8786
205.0,409.0,11.5014,40.2784,98.71,236.3198,0.0199,0.0,99.9189,198.1281,48.8257,-16.5789,0.0,0.0001,2.4133,-0.0016,6.0962,35.5679,11.4488,27.135,35.8779
206.0,411.0,11.4583,40.2301,98.7031,236.7132,0.021,0.0,99.9297,198.1282,48.8257,-16.579,0.0,0.0001,2.4118,-0.0004,6.0997,35.5605,11.4055,27.1373,35.882
207.0,413.0,11.4465,40.2167,98.71,237.0485,0.0232,0.0,99.9459,198.1282,48.8258,-16.579,0.0,0.0001,2.4114,0.0003,6.1018,35.5577,11.3935,27.1374,35.8826
208.0,415.0,11.444,40.2145,98.705,236.3039,0.021,0.0,99.947,198.1282,48.8257,-16.579,0.0,0.0001,2.409,-0.0011,6.1011,35.5572,11.3907,27.1375,35.8829
209.0,417.0,11.4444,40.2162,98.7031,236.1846,0.0192,0.0,99.9375,198.1283,48.8258,-16.579,0.0,0.0001,2.4065,-0.0008,6.1017,35.5576,11.3909,27.1378,35.8832
210.0,419.0,11.4521,40.228,98.7008,235.9935,0.0211,0.0,99.9392,198.1283,48.8258,-16.579,0.0,0.0001,2.404,-0.0003,6.1006,35.5607,11.3982,27.1389,35.8839
211.0,421.0,11.4528,40.2291,98.71,236.171,0.0201,0.0,99.9343,198.1284,48.8258,-16.579,0.0,0.0001,2.4042,0.0,6.0989,35.5605,11.3988,27.1386,35.8836
212.0,423.0,11.4677,40.2512,98.7073,236.5692,0.0222,0.0,99.9391,198.1284,48.8258,-16.5791,0.0,0.0001,2.4055,0.0005,6.0991,35.567,11.4132,27.141,35.8853
213.0,425.0,11.4646,40.248,98.71,235.8343,0.0198,0.0,99.9413,198.1285,48.8258,-16.5791,0.0,0.0001,2.4039,-0.0012,6.0995,35.566,11.4099,27.1408,35.8853
214.0,427.0,11.4416,40.2231,98.6959,236.0621,0.0216,0.0,99.9228,198.1285,48.8258,-16.5791,0.0,0.0001,2.4004,-0.0006,6.1052,35.5624,11.3867,27.1423,35.8878
215.0,429.0,11.4156,40.1932,98.7007,235.037,0.0207,0.0,99.9341,198.1285,48.8258,-16.5791,0.0,0.0001,2.3964,-0.0018,6.106,35.557,11.3605,27.143,35.8896
216.0,431.0,11.3939,40.1692,98.6987,235.2399,0.0214,0.0,99.9439,198.1286,48.8258,-16.5791,0.0,0.0001,2.3936,-0.0006,6.1078,35.5534,11.3386,27.1443,35.8918
217.0,433.0,11.4007,40.18,98.705,235.0415,0.021,0.0,99.9451,198.1286,48.8258,-16.5792,0.0,0.0001,2.3913,-0.0003,6.1075,35.5564,11.3452,27.1454,35.8926
218.0,435.0,11.4027,40.1821,98.695,234.0818,0.0166,0.0,99.9407,198.1287,48.8258,-16.5792,0.0,0.0001,2.3867,-0.002,6.1081,35.556,11.3469,27.1448,35.8919
219.0,437.0,11.3976,40.1786,98.695,234.0084,0.0176,0.0,99.9329,198.1287,48.8258,-16.5792,0.0,0.0001,2.3834,-0.0011,6.1079,35.5565,11.3416,27.1461,35.8935
220.0,439.0,11.3943,40.1778,98.6992,234.0531,0.0219,0.0,99.9188,198.1287,48.8258,-16.5792,0.0,0.0001,2.3821,-0.0006,6.1091,35.5581,11.3381,27.1481,35.8955
221.0,441.0,11.3786,40.1632,98.71,232.8831,0.0239,0.0,99.9267,198.1288,48.8258,-16.5792,0.0,0.0001,2.376,-0.002,6.1092,35.5576,11.322,27.1507,35.8988
222.0,443.0,11.3679,40.1517,98.6989,233.7207,0.0203,0.0,99.9217,198.1288,48.8258,-16.5792,0.0,0.0001,2.3761,0.0,6.1119,35.5557,11.3112,27.1512,35.8998
223.0,445.0,11.3623,40.1462,98.695,232.9194,0.0185,0.0,99.931,198.1289,48.8259,-16.5793,0.0,0.0001,2.3727,-0.0015,6.1138,35.5548,11.3053,27.1516,35.9004
224.0,447.0,11.354,40.1384,98.7,233.0273,0.02,0.0,99.9273,198.1289,48.8259,-16.5793,0.0,0.0001,2.3694,-0.0002,6.1133,35.554,11.2967,27.1526,35.9017
225.0,449.0,11.3514,40.1364,98.6903,232.2551,0.0216,0.0,99.918,198.129,48.8259,-16.5793,0.0,0.0001,2.3664,-0.0016,6.1145,35.5538,11.2939,27.1529,35.9022
226.0,451.0,11.3445,40.1304,98.71,232.3579,0.0189,0.0,99.9273,198.129,48.8259,-16.5793,0.0,0.0001,2.3636,-0.0006,6.1152,35.5533,11.2868,27.1539,35.9035
227.0,453.0,11.3452,40.1319,98.71,232.1602,0.0176,0.0,99.9267,198.1291,48.8259,-16.5793,0.0,0.0001,2.3616,-0.0006,6.1159,35.5535,11.2872,27.1539,35.9035
228.0,455.0,11.3369,40.124,98.7016,231.8864,0.023,0.0,99.925,198.1291,48.8259,-16.5794,0.0,0.0001,2.3589,-0.0008,6.1169,35.5527,11.2787,27.1548,35.9048
229.0,457.0,11.324,40.1114,98.7044,232.6432,0.0211,0.0,99.9289,198.1291,48.8259,-16.5794,0.0,0.0001,2.3608,0.0007,6.1198,35.5518,11.2656,27.1565,35.907
230.0,459.0,11.3054,40.0912,98.6986,233.1606,0.0198,0.0,99.929,198.1292,48.8259,-16.5794,0.0,0.0001,2.3626,0.0008,6.121,35.5487,11.2468,27.1576,35.9089
231.0,461.0,11.2798,40.0623,98.71,232.6807,0.0185,0.0,99.9213,198.1292,48.8259,-16.5794,0.0,0.0001,2.3615,-0.0007,6.1266,35.5438,11.221,27.1586,35.911
232.0,463.0,11.2506,40.0297,98.699,232.0635,0.0195,0.0,99.9354,198.1293,48.8259,-16.5795,0.0,0.0001,2.3578,-0.0014,6.1269,35.5387,11.1916,27.1601,35.9137
233.0,465.0,11.2336,40.0126,98.6954,232.5978,0.0202,0.0,99.9401,198.1293,48.8259,-16.5795,0.0,0.0001,2.3575,-0.0002,6.1309,35.5371,11.1745,27.162,35.9163
234.0,467.0,11.2217,40.0002,98.68,232.1875,0.0191,0.0,99.9556,198.1294,48.826,-16.5795,0.0,0.0001,2.3551,-0.0007,6.1309,35.5354,11.1623,27.1629,35.9178
235.0,469.0,11.2165,39.9958,98.6922,232.6805,0.0197,0.0,99.9341,198.1294,48.826,-16.5795,0.0,0.0001,2.3555,0.0002,6.1328,35.5351,11.1569,27.1636,35.9187
236.0,471.0,11.2136,39.9957,98.7032,232.9802,0.0212,0.0,99.9366,198.1294,48.826,-16.5796,0.0,0.0001,2.3569,0.0001,6.1337,35.5368,11.1537,27.1655,35.9208
237.0,473.0,11.2149,39.9969,98.695,232.6941,0.0211,0.0,99.9495,198.1295,48.826,-16.5796,0.0,0.0001,2.3559,-0.0006,6.1343,35.5361,11.1548,27.1648,35.92
238.0,475.0,11.1987,39.9804,98.705,233.1925,0.0197,0.0,99.9512,198.1295,48.826,-16.5796,0.0,0.0001,2.3567,0.0005,6.1339,35.5343,11.1384,27.1665,35.9223
239.0,477.0,11.1986,39.9806,98.6969,232.8079,0.0178,0.0,99.9415,198.1296,48.826,-16.5796,0.0,0.0001,2.3558,-0.0007,6.1372,35.5338,11.138,27.1661,35.922
240.0,479.0,11.1697,39.9493,98.7062,231.8112,0.0175,0.0,99.9522,198.1296,48.826,-16.5796,0.0,0.0001,2.3505,-0.0019,6.1382,35.5294,11.109,27.1681,35.9252
241.0,481.0,11.1677,39.948,98.6968,231.9384,0.0309,0.0,99.9493,198.1296,48.826,-16.5796,0.0,0.0001,2.3479,-0.0008,6.1403,35.5294,11.1067,27.1684,35.9257
242.0,483.0,11.157,39.9356,98.7032,231.4028,0.0225,0.0,99.9556,198.1297,48.826,-16.5797,0.0,0.0001,2.3437,-0.0013,6.1415,35.5265,11.0958,27.1682,35.9259
243.0,485.0,11.1427,39.9212,98.7015,231.5706,0.0226,0.0,99.9645,198.1297,48.826,-16.5797,0.0,0.0001,2.3425,-0.0005,6.1428,35.5249,11.0812,27.1696,35.9279
244.0,487.0,11.1383,39.9176,98.699,231.2663,0.0197,0.0,99.946,198.1298,48.826,-16.5797,0.0,0.0001,2.3394,-0.0006,6.1437,35.5246,11.0766,27.1702,35.9287
245.0,489.0,11.1357,39.9153,98.6947,231.1211,0.0215,0.0,99.9523,198.1298,48.826,-16.5797,0.0,0.0001,2.3377,-0.0006,6.1443,35.5239,11.0737,27.1702,35.9289
246.0,491.0,11.1312,39.9116,98.6969,230.7289,0.0232,0.0,99.9556,198.1298,48.826,-16.5797,0.0,0.0001,2.335,-0.0009,6.1435,35.5237,11.069,27.171,35.9298
247.0,493.0,11.1353,39.9178,98.6994,230.3559,0.0206,0.0,99.9583,198.1299,48.826,-16.5798,0.0,0.0001,2.3317,-0.0008,6.1423,35.525,11.0728,27.1713,35.9299
248.0,495.0,11.1472,39.9342,98.6972,229.6785,0.0234,0.0,99.946,198.1299,48.826,-16.5798,0.0,0.0001,2.3283,-0.0017,6.1409,35.5293,11.0845,27.1724,35.9306
249.0,497.0,11.1624,39.9549,98.701,229.1822,0.0232,0.0,99.9446,198.13,48.826,-16.5798,0.0,0.0001,2.3233,-0.0014,6.1411,35.5342,11.0994,27.1736,35.931
250.0,499.0,11.142,39.9319,98.7025,228.6515,0.0174,0.0,99.9394,198.13,48.8261,-16.5798,0.0,0.0001,2.3184,-0.0011,6.1416,35.5299,11.0787,27.174,35.9323
251.0,501.0,11.1346,39.9244,98.7023,228.8098,0.0192,0.0,99.9522,198.13,48.8261,-16.5798,0.0,0.0001,2.3154,-0.0007,6.148,35.5289,11.0712,27.1746,35.9333
252.0,503.0,11.0902,39.8727,98.7001,229.3158,0.023,0.0,99.9647,198.1301,48.8261,-16.5799,0.0,0.0001,2.3162,0.0004,6.1493,35.5192,11.0266,27.1752,35.9358
253.0,505.0,11.0874,39.8703,98.6968,229.2126,0.0218,0.0,99.9577,198.1301,48.8261,-16.5799,0.0,0.0001,2.3162,-0.0002,6.15,35.5186,11.0236,27.1752,35.936
254.0,507.0,11.0853,39.8692,98.7017,228.7035,0.0225,0.0,99.9594,198.1302,48.8261,-16.5799,0.0,0.0001,2.3135,-0.0011,6.1523,35.5188,11.0213,27.1758,35.9367
255.0,509.0,11.0531,39.8343,98.71,228.4593,0.0248,0.0,99.9556,198.1302,48.8261,-16.5799,0.0,0.0001,2.3092,-0.0009,6.1558,35.514,10.9888,27.178,35.9402
256.0,511.0,11.0463,39.8276,98.695,228.0097,0.0231,0.0,99.9614,198.1302,48.8261,-16.5799,0.0,0.0001,2.3065,-0.001,6.1561,35.5131,10.9818,27.1786,35.9412
257.0,513.0,11.0321,39.8134,98.6945,228.2565,0.0193,0.0,99.9437,198.1303,48.8261,-16.5799,0.0,0.0001,2.3052,-0.0003,6.1579,35.5117,10.9674,27.1801,35.9433
258.0,515.0,11.0243,39.8045,98.6959,227.4207,0.018,0.0,99.9556,198.1303,48.8261,-16.58,0.0,0.0001,2.3018,-0.0016,6.1569,35.5094,10.9594,27.1798,35.9434
259.0,517.0,11.0362,39.822,98.6906,228.0354,0.0203,0.0,99.9556,198.1304,48.8261,-16.58,0.0,0.0001,2.3018,0.0001,6.1571,35.5145,10.9711,27.1816,35.9446
260.0,519.0,11.0481,39.8379,98.7056,228.1337,0.0225,0.0,99.9567,198.1304,48.8261,-16.58,0.0,0.0001,2.3019,0.0002,6.1553,35.5181,10.9826,27.1824,35.9448
261.0,521.0,11.0533,39.8476,98.6959,229.6618,0.0203,0.0,99.9622,198.1304,48.8261,-16.58,0.0,0.0001,2.3079,0.0025,6.1554,35.5219,10.9876,27.1844,35.9466
262.0,523.0,11.043,39.8365,98.6954,229.0859,0.0203,0.0,99.9668,198.1305,48.8261,-16.5801,0.0,0.0001,2.3091,0.0,6.1564,35.5198,10.977,27.1847,35.9473
263.0,525.0,11.0354,39.8296,98.6926,228.6035,0.0209,0.0,99.9778,198.1305,48.8261,-16.5801,0.0,0.0001,2.3065,-0.0007,6.1569,35.5193,10.9692,27.1858,35.9487
264.0,527.0,11.0382,39.8353,98.6933,228.8899,0.0217,0.0,99.954,198.1306,48.8261,-16.5801,0.0,0.0001,2.3067,0.0,6.1568,35.5214,10.9717,27.1869,35.9498
265.0,529.0,11.0367,39.8354,98.702,229.3187,0.0181,0.0,99.9589,198.1306,48.8261,-16.5801,0.0,0.0001,2.3077,0.0006,6.1568,35.522,10.9699,27.1877,35.9506
266.0,531.0,11.029,39.8279,98.6831,229.0694,0.0198,0.0,99.9433,198.1306,48.8261,-16.5801,0.0,0.0001,2.3071,-0.0003,6.1598,35.5212,10.962,27.1885,35.9518
267.0,533.0,11.0107,39.8078,98.6861,227.9167,0.0225,0.0,99.9714,198.1307,48.8261,-16.5801,0.0,0.0001,2.3025,-0.0021,6.159,35.518,10.9436,27.1894,35.9535
268.0,535.0,11.0236,39.8272,98.6989,229.6492,0.0215,0.0,99.9729,198.1307,48.8262,-16.5802,0.0,0.0001,2.3073,0.0011,6.1584,35.5239,10.9561,27.1917,35.9552
269.0,537.0,11.0263,39.831,98.6939,230.3404,0.0204,0.0,99.9845,198.1308,48.8262,-16.5802,0.0,0.0001,2.3116,0.0013,6.1586,35.5242,10.9586,27.1915,35.9548
270.0,539.0,11.0206,39.8279,98.6983,229.7349,0.0187,0.0,99.97,198.1308,48.8262,-16.5802,0.0,0.0001,2.3107,-0.0007,6.163,35.5257,10.9526,27.1938,35.9573
271.0,541.0,10.9981,39.8018,98.6941,227.3744,0.0184,0.0,99.9845,198.1308,48.8262,-16.5802,0.0,0.0001,2.3009,-0.0042,6.1643,35.5206,10.93,27.1939,35.9584
272.0,543.0,10.9551,39.7522,98.6975,226.6935,0.0222,0.0,99.9615,198.1309,48.8262,-16.5803,0.0,0.0001,2.2902,-0.0026,6.1665,35.5117,10.8868,27.1948,35.9612
273.0,545.0,10.965,39.7647,98.693,224.6557,0.0188,0.0,99.9556,198.1309,48.8262,-16.5803,0.0,0.0001,2.2791,-0.0048,6.1669,35.5139,10.8965,27.1947,35.9607
274.0,547.0,10.9683,39.7716,98.6896,226.2632,0.0204,0.0,99.9647,198.131,48.8262,-16.5803,0.0,0.0001,2.2786,0.0001,6.1665,35.5164,10.8995,27.1962,35.962
275.0,549.0,10.966,39.7715,98.68,228.0302,0.0183,0.0,99.9742,198.131,48.8262,-16.5803,0.0,0.0001,2.2848,0.0028,6.1664,35.5176,10.897,27.1976,35.9635
276.0,551.0,10.9662,39.7731,98.7019,227.6731,0.0204,0.0,99.942,198.131,48.8262,-16.5803,0.0,0.0001,2.2869,0.0005,6.1696,35.5183,10.8969,27.1981,35.964
277.0,553.0,10.9217,39.7247,98.6929,226.5502,0.022,0.0,99.962,198.1311,48.8262,-16.5803,0.0,0.0001,2.2827,-0.0016,6.1736,35.5117,10.8523,27.2011,35.9689
278.0,555.0,10.9245,39.7282,98.695,224.4803,0.0236,0.0,99.9652,198.1311,48.8262,-16.5804,0.0,0.0001,2.2722,-0.0044,6.1767,35.512,10.8549,27.2008,35.9686
279.0,557.0,10.893,39.6947,98.6831,225.2106,0.0207,0.0,99.9845,198.1312,48.8262,-16.5804,0.0,0.0001,2.2671,-0.0003,6.1759,35.5078,10.8232,27.2033,35.9724
280.0,559.0,10.8923,39.6942,98.6953,225.1393,0.0217,0.0,99.9649,198.1312,48.8262,-16.5804,0.0,0.0001,2.2662,-0.0011,6.1816,35.5071,10.8222,27.2029,35.9721
281.0,561.0,10.8555,39.6552,98.695,222.9142,0.0203,0.0,99.9617,198.1312,48.8262,-16.5804,0.0,0.0001,2.2561,-0.0037,6.182,35.5027,10.7854,27.2062,35.9769
282.0,563.0,10.853,39.6541,98.6906,223.9223,0.0213,0.0,99.9773,198.1313,48.8262,-16.5804,0.0,0.0001,2.2544,-0.0004,6.1807,35.5032,10.7827,27.207,35.9778
283.0,565.0,10.8639,39.6698,98.6892,224.0203,0.0204,0.0,99.9845,198.1313,48.8262,-16.5804,0.0,0.0001,2.2542,-0.0001,6.1801,35.5074,10.7932,27.2084,35.9787
284.0,567.0,10.8665,39.6745,98.6914,224.3198,0.0147,0.0,99.9583,198.1313,48.8262,-16.5805,0.0,0.0001,2.255,0.0003,6.1796,35.5088,10.7956,27.2091,35.9793
285.0,569.0,10.8715,39.6828,98.6993,225.4448,0.016,0.0,99.9869,198.1314,48.8262,-16.5805,0.0,0.0001,2.2599,0.0016,6.179,35.5114,10.8002,27.2102,35.9802
286.0,571.0,10.8725,39.6858,98.6854,227.3395,0.0166,0.0,99.9775,198.1314,48.8262,-16.5805,0.0,0.0001,2.2704,0.003,6.1799,35.5126,10.8009,27.211,35.981
287.0,573.0,10.869,39.683,98.6996,226.5938,0.0203,0.0,99.9845,198.1314,48.8262,-16.5805,0.0,0.0001,2.272,0.0,6.1808,35.5124,10.7973,27.2115,35.9816
288.0,575.0,10.8589,39.6745,98.6867,227.508,0.0224,0.0,99.9901,198.1315,48.8262,-16.5805,0.0,0.0001,2.2759,0.001,6.1813,35.5124,10.7869,27.2134,35.984
289.0,577.0,10.8582,39.674,98.6912,226.8817,0.0234,0.0,99.9845,198.1315,48.8263,-16.5805,0.0,0.0001,2.2759,-0.0009,6.1835,35.5121,10.7861,27.2133,35.9839
290.0,579.0,10.8358,39.6505,98.68,227.0972,0.0228,0.0,99.9773,198.1316,48.8263,-16.5805,0.0,0.0001,2.2745,-0.0002,6.1837,35.5091,10.7634,27.2151,35.9866
291.0,581.0,10.8349,39.6506,98.6997,226.9321,0.0199,0.0,99.9618,198.1316,48.8263,-16.5806,0.0,0.0001,2.273,-0.0005,6.1854,35.5093,10.7623,27.2154,35.987
292.0,583.0,10.8228,39.6384,98.6935,226.8662,0.0219,0.0,100.0043,198.1316,48.8263,-16.5806,0.0,0.0001,2.2718,-0.0007,6.1905,35.5079,10.75,27.2166,35.9887
293.0,585.0,10.7963,39.6096,98.7034,225.3823,0.0189,0.0,99.9881,198.1317,48.8263,-16.5806,0.0,0.0001,2.2656,-0.0027,6.1882,35.5038,10.7234,27.2182,35.9915
294.0,587.0,10.7789,39.5916,98.6931,225.7505,0.0203,0.0,99.9989,198.1317,48.8263,-16.5806,0.0,0.0001,2.2625,-0.001,6.1927,35.5016,10.7058,27.2196,35.9937
295.0,589.0,10.7753,39.5903,98.6889,225.9668,0.018,0.0,99.9867,198.1317,48.8263,-16.5806,0.0,0.0001,2.2606,0.0001,6.1924,35.5028,10.7019,27.2212,35.9954
296.0,591.0,10.7753,39.5943,98.6867,228.296,0.0205,0.0,100.0091,198.1318,48.8263,-16.5806,0.0,0.0001,2.2689,0.0036,6.1919,35.5058,10.7016,27.2236,35.9977
297.0,593.0,10.7764,39.5973,98.6914,229.4025,0.0222,0.0,100.0133,198.1318,48.8263,-16.5806,0.0,0.0001,2.2778,0.0032,6.1931,35.507,10.7025,27.2244,35.9985
298.0,595.0,10.7687,39.59,98.6888,228.5674,0.0224,0.0,100.0015,198.1318,48.8263,-16.5806,0.0,0.0001,2.2791,0.0003,6.1924,35.5064,10.6946,27.2253,35.9997
299.0,597.0,10.7746,39.5988,98.6908,229.407,0.0209,0.0,100.0134,198.1319,48.8263,-16.5806,0.0,0.0001,2.2833,0.001,6.1927,35.5084,10.7002,27.2259,36.0001
300.0,599.0,10.773,39.5981,98.6972,229.6379,0.0186,0.0,100.0038,198.1319,48.8263,-16.5806,0.0,0.0001,2.2848,0.0007,6.1936,35.5084,10.6984,27.2262,36.0005
301.0,601.0,10.7635,39.5901,98.6847,230.2959,0.0189,0.0,100.0029,198.1319,48.8263,-16.5807,0.0,0.0001,2.288,0.0014,6.1934,35.5085,10.6886,27.2281,36.0027
302.0,603.0,10.763,39.5902,98.6967,229.8819,0.02,0.0,100.0,198.132,48.8263,-16.5807,0.0,0.0001,2.2879,-0.0001,6.1945,35.5086,10.6879,27.2282,36.0029
303.0,605.0,10.7576,39.5857,98.6834,229.4763,0.0202,0.0,99.9982,198.132,48.8263,-16.5807,0.0,0.0001,2.2857,-0.0007,6.1946,35.5084,10.6822,27.2292,36.0041
304.0,607.0,10.7549,39.5852,98.6926,230.2755,0.0164,0.0,100.0033,198.1321,48.8263,-16.5807,0.0,0.0001,2.2886,0.0005,6.1948,35.5094,10.6793,27.2304,36.0054
305.0,609.0,10.7559,39.5869,98.6941,230.0096,0.0194,0.0,100.0133,198.1321,48.8263,-16.5807,0.0,0.0001,2.2879,-0.0003,6.1949,35.5093,10.68,27.2302,36.0052
306.0,611.0,10.7526,39.5867,98.6884,230.6884,0.017,0.0,99.9942,198.1321,48.8263,-16.5807,0.0,0.0001,2.2907,0.0004,6.1947,35.5111,10.6764,27.2323,36.0074
307.0,613.0,10.7527,39.587,98.6918,230.8882,0.0188,0.0,100.0173,198.1321,48.8263,-16.5807,0.0,0.0001,2.2912,0.0007,6.1946,35.511,10.6764,27.2322,36.0073
308.0,615.0,10.7533,39.591,98.6856,232.2331,0.024,0.0,99.9989,198.1322,48.8263,-16.5807,0.0,0.0001,2.2957,0.0029,6.1946,35.5136,10.6767,27.2342,36.0092
309.0,617.0,10.7609,39.6014,98.6964,232.2733,0.0175,0.0,99.9949,198.1322,48.8263,-16.5807,0.0,0.0001,2.3008,0.001,6.1943,35.5155,10.684,27.2343,36.009
310.0,619.0,10.7623,39.6053,98.6972,233.9603,0.0174,0.0,100.0073,198.1323,48.8263,-16.5807,0.0,0.0001,2.3064,0.0033,6.1945,35.5171,10.685,27.2354,36.0101
311.0,621.0,10.7554,39.5987,98.695,234.206,0.0171,0.0,100.0069,198.1323,48.8263,-16.5808,0.0,0.0001,2.3096,0.0027,6.1943,35.5163,10.6779,27.2361,36.011
312.0,623.0,10.75,39.5932,98.6926,233.4998,0.0183,0.0,99.9926,198.1323,48.8263,-16.5807,0.0,0.0001,2.3107,0.0001,6.1959,35.5154,10.6724,27.2363,36.0115
313.0,625.0,10.742,39.5851,98.6944,233.2322,0.0206,0.0,100.0003,198.1324,48.8263,-16.5808,0.0,0.0001,2.3089,-0.0003,6.1973,35.5139,10.6641,27.2366,36.0122
314.0,627.0,10.7349,39.5779,98.6953,232.7727,0.0181,0.0,100.0037,198.1324,48.8263,-16.5808,0.0,0.0001,2.3067,-0.001,6.1988,35.5127,10.6568,27.2371,36.0129
315.0,629.0,10.7252,39.5673,98.7047,231.7118,0.0169,0.0,99.9769,198.1324,48.8263,-16.5808,0.0,0.0001,2.3003,-0.0024,6.2043,35.5106,10.6469,27.2372,36.0135
316.0,631.0,10.6858,39.5234,98.6946,228.6831,0.0202,0.0,99.9966,198.1325,48.8263,-16.5808,0.0,0.0001,2.2853,-0.0058,6.2082,35.5038,10.6074,27.2389,36.017
317.0,633.0,10.6568,39.4913,98.6883,227.0097,0.0171,0.0,100.0133,198.1325,48.8263,-16.5808,0.0,0.0001,2.2684,-0.005,6.2109,35.4987,10.5783,27.2401,36.0195
318.0,635.0,10.6403,39.4733,98.6869,226.451,0.0175,0.0,99.9941,198.1325,48.8263,-16.5808,0.0,0.0001,2.2592,-0.0031,6.2096,35.4956,10.5616,27.2407,36.0208
319.0,637.0,10.6308,39.4639,98.6853,227.2014,0.0201,0.0,100.0013,198.1326,48.8264,-16.5808,0.0,0.0001,2.2569,-0.0008,6.2133,35.4945,10.5519,27.2416,36.0221
320.0,639.0,10.6212,39.4545,98.685,225.4473,0.0199,0.0,99.9893,198.1326,48.8264,-16.5808,0.0,0.0001,2.2484,-0.0026,6.2131,35.4933,10.5421,27.2424,36.0233
321.0,641.0,10.621,39.4548,98.6891,225.38,0.0185,0.0,99.9773,198.1326,48.8264,-16.5808,0.0,0.0001,2.244,-0.0017,6.2166,35.4932,10.5417,27.2424,36.0233
322.0,643.0,10.6027,39.4348,98.6821,223.3519,0.0168,0.0,100.0018,198.1327,48.8264,-16.5808,0.0,0.0001,2.2341,-0.004,6.216,35.4898,10.5233,27.243,36.0248
323.0,645.0,10.597,39.4297,98.6863,223.8473,0.0196,0.0,99.9682,198.1327,48.8264,-16.5808,0.0,0.0001,2.2296,-0.0013,6.2179,35.4892,10.5173,27.2436,36.0256
324.0,647.0,10.5921,39.4249,98.6811,222.4567,0.0238,0.0,99.987,198.1327,48.8264,-16.5808,0.0,0.0001,2.2217,-0.0028,6.2204,35.4883,10.5121,27.2438,36.026
325.0,649.0,10.5768,39.4092,98.6879,221.3731,0.0203,0.0,100.0053,198.1328,48.8264,-16.5808,0.0,0.0001,2.2139,-0.0033,6.2231,35.4864,10.4967,27.2451,36.0279
326.0,651.0,10.5542,39.3844,98.68,220.0492,0.0203,0.0,99.9845,198.1328,48.8264,-16.5808,0.0,0.0001,2.205,-0.0036,6.2216,35.4825,10.474,27.246,36.0299
327.0,653.0,10.5604,39.3913,98.6861,219.5223,0.019,0.0,99.9886,198.1328,48.8264,-16.5808,0.0,0.0001,2.1964,-0.003,6.2291,35.4828,10.4799,27.2452,36.0288
328.0,655.0,10.5123,39.3385,98.6915,212.833,0.0195,0.0,99.9893,198.1329,48.8264,-16.5809,0.0,0.0001,2.169,-0.0116,6.229,35.475,10.4317,27.2477,36.0334
329.0,657.0,10.4703,39.2921,98.6857,215.4752,0.0225,0.0,99.9589,198.1329,48.8264,-16.5809,0.0,0.0001,2.1591,-0.0012,6.2327,35.4678,10.3895,27.2495,36.0371
330.0,659.0,10.4846,39.3091,98.6912,212.4981,0.0239,0.0,99.9845,198.133,48.8264,-16.5809,0.0,0.0001,2.1482,-0.0067,6.2416,35.4705,10.4036,27.2492,36.0361
331.0,661.0,10.4147,39.2324,98.68,209.711,0.0215,0.0,99.9948,198.133,48.8264,-16.5809,0.0,0.0001,2.1353,-0.0096,6.2413,35.4598,10.3339,27.2531,36.0431
332.0,663.0,10.3978,39.2144,98.6814,212.137,0.0218,0.0,99.9736,198.133,48.8264,-16.5809,0.0,0.0001,2.1303,-0.0014,6.243,35.4571,10.3166,27.254,36.0447
333.0,665.0,10.4083,39.225,98.6833,211.2367,0.0175,0.0,99.9844,198.133,48.8264,-16.5809,0.0,0.0001,2.1261,-0.0034,6.253,35.457,10.327,27.2521,36.0425
334.0,667.0,10.3443,39.1605,98.6847,210.0043,0.0203,0.0,99.9678,198.1331,48.8264,-16.5809,0.0,0.0001,2.1173,-0.0038,6.2546,35.4529,10.2631,27.2601,36.0532
335.0,669.0,10.3275,39.1447,98.68,210.7441,0.0193,0.0,99.9896,198.1331,48.8264,-16.5809,0.0,0.0001,2.1146,-0.0008,6.2509,35.4522,10.246,27.2625,36.0563
336.0,671.0,10.3454,39.1643,98.68,210.6105,0.0212,0.0,99.9582,198.1331,48.8264,-16.5809,0.0,0.0001,2.1108,-0.0012,6.2601,35.454,10.2636,27.2609,36.0539
337.0,673.0,10.2917,39.1096,98.68,208.285,0.0196,0.0,99.9517,198.1332,48.8264,-16.5809,0.0,0.0001,2.1022,-0.004,6.2615,35.4499,10.2099,27.267,36.0623
338.0,675.0,10.2791,39.0995,98.68,207.5492,0.0208,0.0,99.9556,198.1332,48.8264,-16.5809,0.0,0.0001,2.0949,-0.0035,6.2602,35.4508,10.1971,27.27,36.0659
339.0,677.0,10.279,39.1,98.68,208.5445,0.0185,0.0,99.9551,198.1332,48.8264,-16.5809,0.0,0.0001,2.093,-0.0006,6.263,35.4505,10.1968,27.2698,36.0657
340.0,679.0,10.2621,39.0836,98.68,206.7768,0.0201,0.0,99.9582,198.1333,48.8264,-16.5809,0.0,0.0001,2.0857,-0.0031,6.2647,35.4494,10.1797,27.272,36.0686
341.0,681.0,10.2588,39.0811,98.68,206.4957,0.0224,0.0,99.9845,198.1333,48.8264,-16.5809,0.0,0.0001,2.0808,-0.0023,6.265,35.4493,10.1761,27.2725,36.0693
342.0,683.0,10.2554,39.0783,98.68,206.9663,0.0199,0.0,99.985,198.1333,48.8264,-16.5809,0.0,0.0001,2.0793,-0.0005,6.2647,35.4488,10.1725,27.2727,36.0696
343.0,685.0,10.2597,39.0829,98.68,206.4294,0.0193,0.0,99.9628,198.1334,48.8264,-16.5809,0.0,0.0001,2.0762,-0.0014,6.2697,35.4486,10.1766,27.2719,36.0686
344.0,687.0,10.2232,39.0448,98.68,204.9961,0.0159,0.0,99.97,198.1334,48.8264,-16.5809,0.0,0.0001,2.069,-0.0029,6.2693,35.4443,10.14,27.2749,36.0732
345.0,689.0,10.2091,39.0302,98.68,205.4663,0.0161,0.0,99.9717,198.1334,48.8264,-16.5809,0.0,0.0001,2.0661,-0.0009,6.2719,35.4423,10.1257,27.2758,36.0748
346.0,691.0,10.204,39.0237,98.68,204.8428,0.0168,0.0,99.9655,198.1335,48.8264,-16.5809,0.0,0.0001,2.0626,-0.0015,6.2716,35.4398,10.1203,27.2748,36.074
347.0,693.0,10.1885,39.0077,98.68,205.0536,0.02,0.0,99.9636,198.1335,48.8264,-16.5809,0.0,0.0001,2.0599,-0.0011,6.2835,35.4378,10.1046,27.2759,36.0758
348.0,695.0,10.1203,38.9319,98.68,207.2668,0.0186,0.0,99.9544,198.1335,48.8264,-16.5809,0.0,0.0001,2.0649,0.0029,6.2854,35.4261,10.0366,27.2785,36.0815
349.0,697.0,10.0778,38.8833,98.68,208.6061,0.0163,0.0,99.96,198.1336,48.8264,-16.5809,0.0,0.0001,2.072,0.0039,6.2822,35.4169,9.994,27.2787,36.0836
350.0,699.0,10.0905,38.8985,98.68,207.6403,0.0205,0.0,99.957,198.1336,48.8264,-16.5809,0.0,0.0001,2.0724,0.0002,6.2961,35.4198,10.0066,27.2788,36.0831
351.0,701.0,10.0312,38.8323,98.68,208.2743,0.0202,0.0,99.9375,198.1336,48.8264,-16.5809,0.0,0.0001,2.0742,0.001,6.2961,35.4089,9.9473,27.2805,36.0874
352.0,703.0,10.0068,38.8093,98.6814,208.1673,0.0213,0.0,99.9395,198.1337,48.8264,-16.5809,0.0,0.0001,2.0753,0.0001,6.2979,35.4081,9.9227,27.2841,36.0921
353.0,705.0,10.0112,38.8142,98.68,206.4185,0.0214,0.0,99.9347,198.1337,48.8264,-16.581,0.0,0.0001,2.0687,-0.0028,6.3063,35.408,9.9268,27.2833,36.0911
354.0,707.0,9.9536,38.7531,98.68,204.7376,0.0222,0.0,99.9524,198.1337,48.8264,-16.581,0.0,0.0001,2.0618,-0.0049,6.2996,35.4009,9.8692,27.2876,36.098
355.0,709.0,9.9478,38.7488,98.68,206.2231,0.0209,0.0,99.9432,198.1338,48.8264,-16.581,0.0,0.0001,2.0597,-0.0008,6.3081,35.4012,9.8633,27.2888,36.0995
356.0,711.0,9.9638,38.7638,98.68,202.0472,0.0219,0.0,99.9556,198.1338,48.8264,-16.581,0.0,0.0001,2.0459,-0.0079,6.3219,35.4002,9.8789,27.2854,36.0953
357.0,713.0,9.8739,38.6687,98.68,199.5686,0.0218,0.0,99.9619,198.1338,48.8264,-16.581,0.0,0.0001,2.0322,-0.0094,6.3163,35.3899,9.7892,27.2926,36.1065
358.0,715.0,9.862,38.6573,98.68,201.3451,0.0214,0.0,99.9505,198.1339,48.8264,-16.581,0.0,0.0001,2.0235,-0.0023,6.322,35.3887,9.7771,27.2937,36.1082
359.0,717.0,9.8537,38.6488,98.68,198.8631,0.0212,0.0,99.9604,198.1339,48.8264,-16.581,0.0,0.0001,2.0114,-0.0047,6.3235,35.3873,9.7686,27.2941,36.109
360.0,719.0,9.8183,38.6116,98.68,199.44,0.0219,0.0,99.9646,198.1339,48.8264,-16.581,0.0,0.0001,2.0053,-0.0019,6.3296,35.3827,9.7331,27.2965,36.113
361.0,721.0,9.8344,38.629,98.68,197.8476,0.0196,0.0,99.9646,198.134,48.8264,-16.581,0.0,0.0001,1.9975,-0.0039,6.3356,35.3844,9.749,27.2952,36.1109
362.0,723.0,9.7709,38.5625,98.68,194.9203,0.0209,0.0,99.9664,198.134,48.8264,-16.581,0.0,0.0001,1.9846,-0.0067,6.3325,35.3773,9.6856,27.3004,36.1189
363.0,725.0,9.7612,38.5528,98.6817,195.8822,0.0219,0.0,99.9682,198.134,48.8264,-16.581,0.0,0.0001,1.977,-0.0023,6.3394,35.3759,9.6757,27.3009,36.1199
364.0,727.0,9.7294,38.5208,98.68,192.609,0.0212,0.0,100.0037,198.1341,48.8264,-16.581,0.0,0.0001,1.9612,-0.0054,6.341,35.3732,9.6438,27.3042,36.1245
365.0,729.0,9.7159,38.5075,98.68,192.4097,0.0196,0.0,100.0233,198.1341,48.8264,-16.581,0.0,0.0001,1.9515,-0.0032,6.3431,35.3718,9.6302,27.3054,36.1264
366.0,731.0,9.7176,38.5142,98.68,192.2766,0.018,0.0,100.0173,198.1341,48.8264,-16.581,0.0,0.0001,1.9451,-0.0014,6.3425,35.3758,9.6315,27.3083,36.1292
367.0,733.0,9.7191,38.5163,98.68,191.9457,0.0196,0.0,100.007,198.1342,48.8264,-16.581,0.0,0.0001,1.9419,-0.0012,6.3391,35.3762,9.6328,27.3084,36.1292
368.0,735.0,9.7349,38.546,98.68,189.878,0.0211,0.0,100.027,198.1342,48.8264,-16.581,0.0,0.0001,1.9336,-0.0037,6.3392,35.3901,9.6483,27.3166,36.1366
369.0,737.0,9.7395,38.5553,98.68,190.6224,0.0262,0.0,100.0178,198.1342,48.8264,-16.5811,0.0,0.0001,1.93,-0.0007,6.3399,35.3939,9.6526,27.3189,36.1386
370.0,739.0,9.7377,38.552,98.68,190.1733,0.0203,0.0,100.0248,198.1343,48.8264,-16.5811,0.0,0.0001,1.9275,-0.0015,6.3441,35.3917,9.6506,27.3175,36.1373
371.0,741.0,9.7096,38.5239,98.68,188.8673,0.0225,0.0,100.0266,198.1343,48.8264,-16.5811,0.0,0.0001,1.9222,-0.0028,6.3419,35.3893,9.6223,27.3204,36.1414
372.0,743.0,9.6789,38.4922,98.68,189.9653,0.0207,0.0,100.0112,198.1343,48.8264,-16.5811,0.0,0.0001,1.9204,-0.0003,6.3504,35.3859,9.5915,27.3229,36.1453
373.0,745.0,9.6501,38.459,98.68,188.0064,0.0221,0.0,100.0449,198.1344,48.8264,-16.5811,0.0,0.0001,1.9143,-0.0035,6.3593,35.379,9.5627,27.3224,36.1461
374.0,747.0,9.5881,38.3916,98.68,187.8051,0.0222,0.0,100.0422,198.1344,48.8264,-16.5811,0.0,0.0001,1.9098,-0.0027,6.3571,35.3695,9.5008,27.3253,36.1518
375.0,749.0,9.5685,38.3719,98.68,188.801,0.0207,0.0,100.0289,198.1344,48.8264,-16.5811,0.0,0.0001,1.9083,-0.001,6.3781,35.3676,9.4811,27.3271,36.1545
376.0,751.0,9.4306,38.2233,98.68,186.5085,0.0234,0.0,100.0551,198.1345,48.8264,-16.5811,0.0,0.0001,1.8974,-0.004,6.389,35.3486,9.3437,27.335,36.1686
377.0,753.0,9.3277,38.1082,98.68,187.3397,0.0197,0.0,100.0588,198.1345,48.8264,-16.5811,0.0,0.0001,1.8946,-0.0013,6.3925,35.3297,9.2411,27.3371,36.1754
378.0,755.0,9.3544,38.1379,98.68,186.9983,0.0193,0.0,100.052,198.1345,48.8264,-16.5811,0.0,0.0001,1.8908,-0.0016,6.4018,35.3334,9.2675,27.3357,36.1728
379.0,757.0,9.2988,38.0834,98.68,187.3778,0.0211,0.0,100.0389,198.1346,48.8264,-16.5811,0.0,0.0001,1.8886,0.0,6.402,35.3305,9.2119,27.3426,36.1821
380.0,759.0,9.2953,38.0832,98.68,187.5121,0.0215,0.0,100.0565,198.1346,48.8264,-16.5811,0.0,0.0001,1.8885,0.0,6.4042,35.3329,9.2082,27.3451,36.1847
381.0,761.0,9.2913,38.0842,98.68,187.7547,0.0222,0.0,100.0542,198.1346,48.8264,-16.5812,0.0,0.0001,1.8886,0.0003,6.4045,35.337,9.204,27.349,36.1888
382.0,763.0,9.2885,38.0825,98.68,187.6773,0.024,0.0,100.0506,198.1347,48.8264,-16.5812,0.0,0.0001,1.8889,-0.0001,6.4061,35.3372,9.201,27.3496,36.1895
383.0,765.0,9.264,38.0576,98.68,187.9452,0.0216,0.0,100.0398,198.1347,48.8264,-16.5812,0.0,0.0001,1.8889,-0.0001,6.4136,35.3344,9.1763,27.3515,36.1925
384.0,767.0,9.2226,38.0141,98.68,187.6824,0.0243,0.0,100.0392,198.1347,48.8264,-16.5812,0.0,0.0001,1.8877,-0.0006,6.4209,35.3292,9.135,27.3541,36.197
385.0,769.0,9.1299,37.9155,98.68,188.6759,0.0257,0.0,100.0317,198.1348,48.8264,-16.5812,0.0,0.0001,1.8876,0.0002,6.4365,35.3169,9.0426,27.3595,36.2066
386.0,771.0,9.0694,37.8494,98.68,188.2093,0.0254,0.0,100.0338,198.1348,48.8264,-16.5812,0.0,0.0001,1.8866,-0.0005,6.4345,35.3067,8.9822,27.3614,36.2112
387.0,773.0,9.0139,37.7916,98.68,188.4081,0.0222,0.0,100.0259,198.1348,48.8264,-16.5812,0.0,0.0001,1.8858,-0.0007,6.4504,35.3002,8.9267,27.3652,36.2176
388.0,775.0,8.9957,37.7708,98.68,188.2007,0.0196,0.0,100.0422,198.1349,48.8264,-16.5812,0.0,0.0001,1.8834,-0.0007,6.4578,35.2955,8.9084,27.3644,36.2177
389.0,777.0,8.9286,37.7002,98.68,188.4497,0.0199,0.0,100.0447,198.1349,48.8264,-16.5812,0.0,0.0001,1.8824,-0.0003,6.4626,35.2871,8.8415,27.3686,36.2249
390.0,779.0,8.8961,37.6647,98.68,188.7196,0.0189,0.0,100.0613,198.1349,48.8264,-16.5812,0.0,0.0001,1.8815,-0.0002,6.4754,35.2812,8.8089,27.3692,36.227
391.0,781.0,8.8076,37.5662,98.68,187.9532,0.0212,0.0,100.0637,198.135,48.8264,-16.5812,0.0,0.0001,1.8777,-0.0014,6.4816,35.2645,8.7207,27.3701,36.232
392.0,783.0,8.6799,37.4307,98.68,189.0664,0.0243,0.0,100.064,198.135,48.8264,-16.5813,0.0,0.0001,1.8787,0.0001,6.4944,35.2476,8.5934,27.377,36.2447
393.0,785.0,8.7223,37.4769,98.68,188.3479,0.0205,0.0,100.0759,198.1351,48.8264,-16.5813,0.0,0.0001,1.8758,-0.0009,6.4983,35.2534,8.6354,27.3749,36.2408
394.0,787.0,8.6584,37.4096,98.68,188.8234,0.022,0.0,100.1165,198.1351,48.8264,-16.5813,0.0,0.0001,1.8752,0.0,6.5032,35.2448,8.5717,27.3782,36.247
395.0,789.0,8.6328,37.3849,98.68,188.2624,0.0219,0.0,100.1041,198.1351,48.8264,-16.5813,0.0,0.0001,1.8731,-0.001,6.5057,35.2435,8.546,27.3812,36.2511
396.0,791.0,8.6171,37.3693,98.68,188.4423,0.022,0.0,100.1117,198.1351,48.8264,-16.5813,0.0,0.0001,1.8724,-0.0003,6.5045,35.2417,8.5302,27.3823,36.2529
397.0,793.0,8.5955,37.3488,98.68,188.5088,0.0195,-0.0001,100.1272,198.1352,48.8264,-16.5813,0.0,0.0001,1.8699,-0.001,6.5327,35.2404,8.5085,27.3847,36.2563
398.0,795.0,8.4087,37.1414,98.68,188.7402,0.0234,-0.0001,100.1479,198.1352,48.8265,-16.5813,0.0,0.0001,1.8669,-0.0007,6.5463,35.2058,8.3225,27.3864,36.2668
399.0,797.0,8.3506,37.0809,98.68,189.3301,0.0234,-0.0001,100.1442,198.1352,48.8265,-16.5813,0.0,0.0001,1.8675,0.0003,6.5516,35.1986,8.2646,27.3896,36.2727
400.0,799.0,8.3105,37.0401,98.68,189.5936,0.0232,-0.0001,100.1619,198.1353,48.8265,-16.5813,0.0,0.0001,1.8681,0.0004,6.5522,35.1942,8.2245,27.3923,36.2773
401.0,801.0,8.2984,37.0284,98.68,189.5696,0.0239,-0.0001,100.1681,198.1353,48.8265,-16.5813,0.0,0.0001,1.8688,-0.0001,6.5541,35.193,8.2123,27.3933,36.2788
402.0,803.0,8.3007,37.0326,98.68,189.576,0.0221,-0.0001,100.1716,198.1354,48.8265,-16.5814,0.0,0.0001,1.8685,0.0,6.5542,35.1942,8.2143,27.3939,36.2793
403.0,805.0,8.3046,37.041,98.68,189.6125,0.0205,-0.0001,100.1796,198.1354,48.8265,-16.5814,0.0,0.0001,1.8685,0.0001,6.5501,35.1982,8.2179,27.3965,36.2817
404.0,807.0,8.3277,37.0677,98.68,189.0815,0.0213,-0.0001,100.1824,198.1354,48.8265,-16.5814,0.0,0.0001,1.8676,-0.0005,6.5437,35.2028,8.2407,27.3966,36.2807
405.0,809.0,8.3652,37.1157,98.68,188.8338,0.022,-0.0001,100.1948,198.1355,48.8265,-16.5814,0.0,0.0001,1.8663,-0.0007,6.5433,35.2155,8.2777,27.4009,36.2831
406.0,811.0,8.3809,37.1334,98.68,188.8287,0.0207,-0.0001,100.1941,198.1355,48.8265,-16.5814,0.0,0.0001,1.8665,0.0002,6.5246,35.2178,8.2931,27.4003,36.2819
407.0,813.0,8.5282,37.3115,98.68,187.372,0.0227,-0.0001,100.2155,198.1355,48.8265,-16.5814,0.0,0.0001,1.8632,-0.0011,6.5024,35.2588,8.4392,27.4099,36.2843
408.0,815.0,8.6287,37.4381,98.68,186.2037,0.022,-0.0001,100.2072,198.1356,48.8265,-16.5814,0.0,0.0001,1.8591,-0.0018,6.4916,35.2915,8.5389,27.42,36.2895
409.0,817.0,8.6887,37.511,98.68,185.5242,0.0245,-0.0001,100.2096,198.1356,48.8265,-16.5814,0.0,0.0001,1.8541,-0.0019,6.4932,35.308,8.5983,27.4236,36.2902
410.0,819.0,8.7227,37.5561,98.68,185.8188,0.0213,-0.0001,100.207,198.1356,48.8265,-16.5815,0.0,0.0001,1.8508,-0.0004,6.4901,35.3206,8.6318,27.4282,36.2932
411.0,821.0,8.7231,37.5573,98.68,185.0905,0.0211,-0.0001,100.2068,198.1357,48.8265,-16.5815,0.0,0.0001,1.8488,-0.0014,6.4862,35.3205,8.6319,27.4281,36.2931
412.0,823.0,8.7307,37.5716,98.68,184.8405,0.0193,-0.0001,100.2089,198.1357,48.8265,-16.5815,0.0,0.0001,1.8468,-0.0013,6.4884,35.3271,8.6393,27.4321,36.2967
413.0,825.0,8.7064,37.5476,98.68,185.0159,0.0213,-0.0001,100.2128,198.1357,48.8265,-16.5815,0.0,0.0001,1.8451,-0.0006,6.4902,35.3251,8.6149,27.4344,36.3001
414.0,827.0,8.6909,37.5331,98.68,184.9347,0.0201,-0.0001,100.2155,198.1358,48.8265,-16.5815,0.0,0.0001,1.8435,-0.0004,6.4894,35.3244,8.5992,27.4363,36.3027
415.0,829.0,8.7037,37.5496,98.68,185.2139,0.0189,-0.0001,100.207,198.1358,48.8265,-16.5815,0.0,0.0001,1.8437,0.0001,6.4901,35.328,8.6117,27.4371,36.3029
416.0,831.0,8.6927,37.5399,98.68,185.0189,0.0217,-0.0001,100.207,198.1358,48.8266,-16.5815,0.0,0.0001,1.8426,-0.0002,6.4925,35.3279,8.6006,27.4388,36.3051
417.0,833.0,8.6788,37.5269,98.68,184.8721,0.0226,-0.0001,100.2031,198.1359,48.8266,-16.5815,0.0,0.0001,1.8419,-0.0005,6.495,35.327,8.5866,27.4403,36.3073
418.0,835.0,8.6655,37.5145,98.68,185.2553,0.0225,-0.0001,100.1874,198.1359,48.8266,-16.5816,0.0,0.0001,1.8413,0.0003,6.4964,35.3262,8.573,27.4418,36.3093
419.0,837.0,8.6561,37.5098,98.68,185.3417,0.0211,-0.0001,100.1909,198.1359,48.8266,-16.5816,0.0,0.0001,1.8423,0.0001,6.496,35.3297,8.5635,27.446,36.3139
420.0,839.0,8.6608,37.522,98.68,185.1414,0.0187,-0.0001,100.1827,198.136,48.8266,-16.5816,0.0,0.0001,1.8406,-0.0005,6.5038,35.3371,8.568,27.4511,36.3187
421.0,841.0,8.6293,37.4889,98.68,184.6701,0.0217,-0.0001,100.1741,198.136,48.8266,-16.5816,0.0,0.0001,1.8384,-0.0012,6.5092,35.3325,8.5364,27.4525,36.3216
422.0,843.0,8.5453,37.4009,98.68,185.6385,0.0206,-0.0001,100.1765,198.136,48.8266,-16.5816,0.0,0.0001,1.8393,0.0008,6.5045,35.3221,8.4527,27.4575,36.3304
423.0,845.0,8.5825,37.4413,98.68,185.1719,0.0189,-0.0001,100.1601,198.1361,48.8266,-16.5816,0.0,0.0001,1.8392,-0.0006,6.513,35.3272,8.4895,27.4557,36.3269
424.0,847.0,8.5453,37.4034,98.68,185.1861,0.0196,-0.0001,100.1715,198.1361,48.8266,-16.5817,0.0,0.0001,1.8376,-0.0003,6.5124,35.3231,8.4523,27.4583,36.3312
425.0,849.0,8.5219,37.3803,98.68,185.4991,0.0205,-0.0001,100.1623,198.1362,48.8266,-16.5817,0.0,0.0001,1.8378,0.0,6.5183,35.3208,8.4287,27.4601,36.3341
426.0,851.0,8.5038,37.3567,98.68,185.4084,0.0201,-0.0001,100.1577,198.1362,48.8266,-16.5817,0.0,0.0001,1.8361,-0.0008,6.5336,35.3132,8.4105,27.457,36.332
427.0,853.0,8.4193,37.2699,98.68,186.0289,0.0238,-0.0001,100.1547,198.1362,48.8266,-16.5817,0.0,0.0001,1.8372,0.0007,6.5264,35.3044,8.3263,27.4632,36.342
428.0,855.0,8.3897,37.2413,98.68,186.1843,0.0216,-0.0001,100.1422,198.1363,48.8266,-16.5817,0.0,0.0001,1.837,0.0,6.5364,35.3027,8.2967,27.4665,36.3466
429.0,857.0,8.4095,37.2653,98.68,185.7969,0.026,-0.0001,100.1577,198.1363,48.8266,-16.5817,0.0,0.0001,1.8364,-0.0006,6.5377,35.3078,8.3162,27.4675,36.3466
430.0,859.0,8.3495,37.2056,98.68,186.5956,0.0202,-0.0001,100.1493,198.1363,48.8266,-16.5817,0.0,0.0001,1.8374,0.0004,6.5414,35.3031,8.2563,27.4729,36.3549
431.0,861.0,8.3622,37.2185,98.68,185.7458,0.0223,-0.0001,100.1404,198.1364,48.8267,-16.5817,0.0,0.0001,1.8369,-0.0011,6.5412,35.3034,8.2688,27.4713,36.3526
432.0,863.0,8.3175,37.1744,98.68,186.4643,0.0225,-0.0001,100.1359,198.1364,48.8267,-16.5818,0.0,0.0001,1.8372,0.0,6.5461,35.2999,8.224,27.4754,36.3588
433.0,865.0,8.3037,37.1604,98.68,185.9465,0.021,-0.0001,100.14,198.1364,48.8267,-16.5818,0.0,0.0001,1.8358,-0.0011,6.5525,35.298,8.2101,27.4761,36.3602
434.0,867.0,8.2538,37.1073,98.68,187.2228,0.0209,-0.0001,100.1288,198.1365,48.8267,-16.5818,0.0,0.0001,1.837,0.0013,6.5531,35.2906,8.1603,27.4778,36.3642
435.0,869.0,8.2282,37.0817,98.68,187.1238,0.0211,-0.0001,100.1359,198.1365,48.8267,-16.5818,0.0,0.0001,1.8375,-0.0001,6.5671,35.288,8.1347,27.4797,36.3673
436.0,871.0,8.1292,36.9735,98.68,187.4936,0.0216,-0.0001,100.1492,198.1365,48.8267,-16.5818,0.0,0.0001,1.8365,0.0006,6.5733,35.2707,8.0361,27.4812,36.3734
437.0,873.0,8.1077,36.9515,98.68,188.1394,0.0241,-0.0001,100.1258,198.1366,48.8267,-16.5819,0.0,0.0001,1.8396,0.0007,6.5747,35.2677,8.0144,27.4821,36.3754
438.0,875.0,8.1093,36.954,98.68,187.5474,0.0237,-0.0001,100.126,198.1366,48.8267,-16.5819,0.0,0.0001,1.8388,-0.0005,6.5784,35.2682,8.0159,27.4822,36.3755
439.0,877.0,8.068,36.9128,98.68,188.3653,0.0197,-0.0001,100.1316,198.1366,48.8267,-16.5819,0.0,0.0001,1.84,0.0009,6.5809,35.2645,7.9746,27.4855,36.3806
440.0,879.0,8.0757,36.9247,98.68,188.38,0.0204,-0.0001,100.1281,198.1367,48.8267,-16.5819,0.0,0.0001,1.8405,0.0004,6.5812,35.2686,7.9821,27.4876,36.3824
441.0,881.0,8.0878,36.9445,98.68,188.3158,0.0216,-0.0001,100.1407,198.1367,48.8267,-16.5819,0.0,0.0001,1.8409,0.0002,6.5779,35.2765,7.9939,27.4921,36.3861
442.0,883.0,8.1186,36.9849,98.68,188.3165,0.0179,-0.0001,100.1288,198.1367,48.8267,-16.5819,0.0,0.0001,1.8413,0.0001,6.5762,35.288,8.0242,27.4965,36.3891
443.0,885.0,8.1269,36.997,98.68,188.2054,0.0173,-0.0001,100.1294,198.1368,48.8267,-16.5819,0.0,0.0001,1.8405,-0.0004,6.5833,35.2916,8.0322,27.4981,36.3903
444.0,887.0,8.0653,36.9305,98.68,188.4465,0.0189,-0.0001,100.1264,198.1368,48.8267,-16.5819,0.0,0.0001,1.84,0.0,6.5871,35.2814,7.9707,27.4994,36.3944
445.0,889.0,8.0411,36.9029,98.68,188.8026,0.0183,-0.0001,100.1342,198.1368,48.8268,-16.582,0.0,0.0001,1.8407,0.0003,6.589,35.2751,7.9465,27.4981,36.3944
446.0,891.0,8.0398,36.9015,98.68,188.8203,0.0209,-0.0001,100.1323,198.1369,48.8268,-16.582,0.0,0.0001,1.8409,-0.0001,6.594,35.2739,7.9449,27.4974,36.3938
447.0,893.0,8.0051,36.8649,98.68,188.6556,0.0247,-0.0001,100.1342,198.1369,48.8268,-16.582,0.0,0.0001,1.84,-0.0004,6.5954,35.2688,7.9103,27.4986,36.3966
448.0,895.0,7.9882,36.8475,98.68,189.1443,0.0243,-0.0001,100.1288,198.1369,48.8268,-16.582,0.0,0.0001,1.8408,0.0002,6.5981,35.266,7.8932,27.4989,36.3977
449.0,897.0,7.985,36.8457,98.68,188.8135,0.0224,-0.0001,100.1328,198.137,48.8267,-16.582,0.0,0.0001,1.84,-0.0006,6.6017,35.2665,7.8898,27.4998,36.3988
450.0,899.0,7.9512,36.8137,98.68,189.6166,0.025,-0.0001,100.1368,198.137,48.8267,-16.582,0.0,0.0001,1.8413,0.0008,6.6011,35.2651,7.8561,27.5038,36.4043
451.0,901.0,7.957,36.8199,98.68,189.4487,0.0226,-0.0001,100.1332,198.137,48.8267,-16.582,0.0,0.0001,1.8417,0.0001,6.6023,35.2652,7.8616,27.503,36.4033
452.0,903.0,7.9577,36.8225,98.68,188.9584,0.0203,-0.0001,100.1311,198.1371,48.8268,-16.5821,0.0,0.0001,1.84,-0.0006,6.6014,35.2662,7.8621,27.5037,36.4039
453.0,905.0,7.9609,36.8275,98.68,189.4142,0.0203,-0.0001,100.1377,198.1371,48.8268,-16.5821,0.0,0.0001,1.8406,0.0001,6.6026,35.2672,7.865,27.5041,36.4041
454.0,907.0,7.958,36.8244,98.68,189.1227,0.0231,-0.0001,100.1336,198.1372,48.8268,-16.5821,0.0,0.0001,1.8398,-0.0005,6.6061,35.2661,7.862,27.5037,36.4039
455.0,909.0,7.924,36.7927,98.68,190.1912,0.025,-0.0001,100.1334,198.1372,48.8268,-16.5821,0.0,0.0001,1.8408,0.0011,6.6084,35.2651,7.8279,27.508,36.4097
456.0,911.0,7.9197,36.79,98.68,189.9508,0.0241,-0.0001,100.1332,198.1372,48.8268,-16.5821,0.0,0.0001,1.8418,0.0001,6.6126,35.2658,7.8235,27.5092,36.4112
457.0,913.0,7.8767,36.7475,98.68,190.3535,0.0253,-0.0001,100.1267,198.1373,48.8268,-16.5821,0.0,0.0001,1.8426,0.0001,6.6207,35.2624,7.7805,27.5129,36.4169
458.0,915.0,7.8345,36.7036,98.68,190.735,0.0167,-0.0001,100.1317,198.1373,48.8268,-16.5822,0.0,0.0001,1.8431,0.0006,6.6202,35.2566,7.7384,27.5146,36.4206
459.0,917.0,7.8074,36.6778,98.68,191.3731,0.0196,-0.0001,100.1304,198.1373,48.8268,-16.5822,0.0,0.0001,1.8444,0.0006,6.6304,35.255,7.7113,27.5174,36.4246
460.0,919.0,7.7951,36.6649,98.68,191.5132,0.0204,-0.0001,100.1288,198.1374,48.8268,-16.5822,0.0,0.0001,1.8458,-0.0004,6.6544,35.2527,7.6988,27.5174,36.4252
461.0,921.0,7.6268,36.4815,98.68,192.6457,0.0199,-0.0001,100.1319,198.1374,48.8268,-16.5822,0.0,0.0001,1.8471,0.0006,6.675,35.2234,7.5315,27.5189,36.4348
462.0,923.0,7.4929,36.3334,98.68,195.371,0.0251,0.0,100.1161,198.1374,48.8268,-16.5822,0.0,0.0001,1.8507,0.0035,6.6721,35.1972,7.3983,27.5177,36.44
463.0,925.0,7.4519,36.2917,98.68,194.7479,0.0215,-0.0001,100.1254,198.1375,48.8268,-16.5822,0.0,0.0001,1.8584,0.0004,6.6885,35.1924,7.3573,27.5198,36.4441
464.0,927.0,7.415,36.2517,98.68,195.9907,0.0256,-0.0001,100.1211,198.1375,48.8268,-16.5822,0.0,0.0001,1.8627,0.0016,6.689,35.1853,7.3205,27.5195,36.4456
465.0,929.0,7.4082,36.2474,98.68,195.8496,0.0213,-0.0001,100.1237,198.1375,48.8268,-16.5822,0.0,0.0001,1.8645,0.0009,6.679,35.1866,7.3136,27.5214,36.4479
466.0,931.0,7.4388,36.2884,98.68,195.2362,0.0198,0.0,100.1288,198.1376,48.8268,-16.5822,0.0,0.0001,1.8628,-0.0014,6.7109,35.1992,7.3437,27.5271,36.4519
467.0,933.0,7.2259,36.0514,98.68,196.6133,0.0225,-0.0001,100.121,198.1376,48.8268,-16.5822,0.0,0.0001,1.8628,0.0004,6.7361,35.1556,7.1321,27.5229,36.4582
468.0,935.0,7.1167,35.9292,98.68,199.8599,0.018,0.0,100.1144,198.1376,48.8268,-16.5823,0.0,0.0001,1.8719,0.0048,6.7122,35.1318,7.0234,27.5194,36.4601
469.0,937.0,7.1425,35.9585,98.68,198.5901,0.0225,0.0,100.1269,198.1377,48.8268,-16.5823,0.0,0.0001,1.8737,0.0002,6.7418,35.1369,7.0489,27.5198,36.4592
470.0,939.0,7.0886,35.9022,98.68,199.8505,0.0204,-0.0001,100.1288,198.1377,48.8268,-16.5823,0.0,0.0001,1.8771,0.0018,6.7414,35.129,6.9951,27.5211,36.4632
471.0,941.0,7.086,35.8998,98.68,200.0402,0.0224,-0.0001,100.1374,198.1377,48.8268,-16.5823,0.0,0.0001,1.8802,0.0012,6.7403,35.128,6.9924,27.5208,36.4629
472.0,943.0,7.0985,35.9174,98.68,199.447,0.0229,-0.0001,100.131,198.1378,48.8268,-16.5823,0.0,0.0001,1.8804,0.0,6.7384,35.1336,7.0045,27.5235,36.465
473.0,945.0,7.1074,35.9331,98.68,199.1916,0.0245,-0.0001,100.1316,198.1378,48.8268,-16.5823,0.0,0.0001,1.8804,0.0,6.7276,35.1409,7.0132,27.528,36.469
474.0,947.0,7.153,35.9871,98.68,198.5526,0.0198,-0.0001,100.1297,198.1378,48.8268,-16.5823,0.0,0.0001,1.8794,-0.001,6.7314,35.1527,7.0582,27.531,36.4697
475.0,949.0,7.1412,35.9775,98.68,198.1217,0.0208,-0.0001,100.1423,198.1379,48.8268,-16.5823,0.0,0.0001,1.8763,-0.0003,6.7117,35.1532,7.0463,27.5331,36.4724
476.0,951.0,7.2976,36.1624,98.68,197.938,0.0187,-0.0001,100.15,198.1379,48.8268,-16.5823,0.0,0.0001,1.8778,0.0,6.6854,35.1955,7.2013,27.5444,36.4759
477.0,953.0,7.522,36.4126,98.68,195.7356,0.0175,-0.0001,100.1663,198.1379,48.8268,-16.5823,0.0,0.0001,1.8706,-0.0026,6.6912,35.2395,7.4239,27.5472,36.4678
478.0,955.0,7.3847,36.2645,98.68,194.739,0.0197,-0.0001,100.1671,198.138,48.8268,-16.5824,0.0,0.0001,1.866,-0.0026,6.6911,35.2166,7.2873,27.5489,36.476
479.0,957.0,7.3434,36.221,98.68,196.2211,0.0224,-0.0001,100.1601,198.138,48.8268,-16.5824,0.0,0.0001,1.8614,-0.0006,6.7121,35.2104,7.2462,27.5499,36.479
480.0,959.0,7.2336,36.1024,98.68,197.5559,0.0215,-0.0001,100.1729,198.138,48.8268,-16.5824,0.0,0.0001,1.8634,0.0015,6.7146,35.1911,7.1369,27.5502,36.4847
481.0,961.0,7.1904,36.0592,98.68,197.7308,0.0189,-0.0001,100.1474,198.1381,48.8268,-16.5824,0.0,0.0001,1.8652,0.0003,6.7336,35.1869,7.0938,27.553,36.4895
482.0,963.0,7.1168,35.9815,98.68,198.6182,0.0186,-0.0001,100.1605,198.1381,48.8268,-16.5824,0.0,0.0001,1.868,0.0013,6.7337,35.1755,7.0206,27.5543,36.4945
483.0,965.0,7.0881,35.949,98.68,199.2177,0.0229,-0.0001,100.1502,198.1381,48.8268,-16.5824,0.0,0.0001,1.8723,0.0009,6.7358,35.1681,6.9918,27.5524,36.4941
484.0,967.0,7.1034,35.9708,98.68,199.0818,0.0206,-0.0001,100.1492,198.1382,48.8268,-16.5824,0.0,0.0001,1.873,0.0003,6.7355,35.1753,7.0068,27.556,36.4968
485.0,969.0,7.1141,35.985,98.68,199.0481,0.0222,-0.0001,100.1656,198.1382,48.8268,-16.5824,0.0,0.0001,1.8731,0.0001,6.7354,35.1791,7.0172,27.5576,36.4978
486.0,971.0,7.1162,35.9878,98.68,199.0765,0.0249,-0.0001,100.1498,198.1382,48.8268,-16.5824,0.0,0.0001,1.8738,0.0,6.7335,35.1791,7.0191,27.5573,36.4974
487.0,973.0,7.1258,35.9991,98.68,198.7616,0.0239,-0.0001,100.1562,198.1383,48.8268,-16.5825,0.0,0.0001,1.873,-0.0003,6.7298,35.181,7.0284,27.5575,36.4972
488.0,975.0,7.1474,36.0326,98.68,198.6907,0.0259,-0.0001,100.1577,198.1383,48.8268,-16.5825,0.0,0.0001,1.8728,-0.0003,6.7316,35.1947,7.0496,27.5653,36.5038
489.0,977.0,7.1527,36.0414,98.68,198.9098,0.0217,-0.0001,100.1408,198.1383,48.8268,-16.5825,0.0,0.0001,1.8725,0.0,6.7296,35.1979,7.0547,27.5671,36.5053
490.0,979.0,7.1501,36.0422,98.68,198.9737,0.0245,-0.0001,100.1577,198.1384,48.8268,-16.5825,0.0,0.0001,1.8728,0.0,6.7294,35.2006,7.0519,27.5697,36.508
491.0,981.0,7.1601,36.0567,98.68,199.0329,0.0214,-0.0001,100.1536,198.1384,48.8268,-16.5825,0.0,0.0001,1.873,0.0002,6.7229,35.2055,7.0616,27.5721,36.5099
492.0,983.0,7.183,36.0877,98.68,198.9162,0.021,-0.0001,100.1629,198.1384,48.8268,-16.5825,0.0,0.0001,1.873,0.0,6.7221,35.2151,7.0841,27.5765,36.5131
493.0,985.0,7.2037,36.1132,98.68,198.7175,0.0227,-0.0001,100.159,198.1385,48.8268,-16.5825,0.0,0.0001,1.8726,-0.0002,6.7173,35.2208,7.1044,27.5782,36.5138
494.0,987.0,7.212,36.1232,98.68,198.5616,0.0211,-0.0001,100.1577,198.1385,48.8268,-16.5825,0.0,0.0001,1.8716,-0.0002,6.7142,35.2225,7.1124,27.5784,36.5136
495.0,989.0,7.2314,36.1535,98.68,198.6,0.0203,-0.0001,100.138,198.1385,48.8268,-16.5825,0.0,0.0001,1.8712,-0.0003,6.7168,35.2348,7.1314,27.5854,36.5195
496.0,991.0,7.2178,36.1384,98.68,199.2614,0.0188,-0.0001,100.1423,198.1386,48.8269,-16.5825,0.0,0.0001,1.873,0.0009,6.7126,35.2313,7.1178,27.5846,36.5194
497.0,993.0,7.26,36.1931,98.68,198.8039,0.0192,-0.0001,100.1478,198.1386,48.8269,-16.5825,0.0,0.0001,1.873,0.0001,6.7055,35.2473,7.1594,27.5912,36.5239
498.0,995.0,7.2781,36.2178,98.68,198.2905,0.0232,-0.0001,100.143,198.1386,48.8269,-16.5825,0.0,0.0001,1.8713,-0.0008,6.7134,35.2549,7.1771,27.5947,36.5264
499.0,997.0,7.2279,36.1688,98.68,198.9497,0.022,-0.0001,100.1433,198.1387,48.8269,-16.5826,0.0,0.0001,1.8712,0.0002,6.7183,35.2513,7.1271,27.599,36.5331
500.0,999.0,7.1769,36.1132,98.68,199.6704,0.0192,-0.0001,100.1203,198.1387,48.8268,-16.5826,0.0,0.0001,1.8718,0.0004,6.7328,35.2414,7.0763,27.5983,36.5349
501.0,1001.0,7.1188,36.0514,98.68,200.6912,0.0214,-0.0001,100.1288,198.1387,48.8268,-16.5826,0.0,0.0001,1.8753,0.0015,6.7275,35.232,7.0184,27.5991,36.5385
502.0,1003.0,7.1371,36.0725,98.68,200.1459,0.0206,0.0,100.111,198.1388,48.8268,-16.5826,0.0,0.0001,1.8769,0.0003,6.723,35.2355,7.0364,27.5994,36.5379
503.0,1005.0,7.2087,36.1567,98.68,199.3368,0.018,0.0,100.1064,198.1389,48.8268,-16.5826,0.0,0.0001,1.875,-0.0003,6.7084,35.2536,7.1072,27.6036,36.5386
504.0,1007.0,7.3672,36.3421,98.68,197.1965,0.0202,0.0,100.0886,198.1389,48.8268,-16.5826,0.0,0.0001,1.8666,-0.0016,6.6896,35.2939,7.2642,27.613,36.5401
505.0,1009.0,7.428,36.4142,98.68,196.1503,0.02,0.0,99.9916,198.1394,48.8269,-16.5828,0.0,0.0001,1.8573,-0.0001,6.6783,35.3097,7.3243,27.6169,36.541
506.0,1011.0,7.4494,36.4403,98.68,196.0644,0.0204,0.0,99.9342,198.1397,48.8269,-16.5828,0.0,0.0001,1.8561,0.0,6.6788,35.3159,7.3454,27.6187,36.5417
