Datacycle,press,temp,cond,alt,oxygen,fluor,atten,trans,jday,lat,lon,PAR,UPAR,oxV,oxdVdt,oxysat,salin,potemp,sigma0,sigma2
1.0,1.0,15.4568,44.0137,1.6612,209.506,0.6024,0.0067,84.7912,194.5387,49.0257,-16.4769,0.0,0.0001,2.4437,-0.0211,5.6307,35.5837,15.4565,26.3204,34.9121
2.0,3.0,15.4654,44.0193,16.1623,200.6332,0.6252,0.0049,88.4657,194.5388,49.0257,-16.4769,0.0,0.0001,2.3434,-0.0107,5.6199,35.5803,15.4649,26.3159,34.9073
3.0,5.0,15.469,44.0302,47.5776,220.9063,0.6374,0.0039,90.7244,194.5389,49.0256,-16.4769,0.0,0.0001,2.4756,0.0158,5.6179,35.5863,15.4682,26.3197,34.911
4.0,7.0,15.4796,44.0528,92.9507,245.9822,0.7623,0.0031,92.5182,194.5407,49.0256,-16.4769,0.0,0.0001,2.7345,0.0008,5.613,35.5961,15.4785,26.325,34.9157
5.0,9.0,15.4793,44.0531,93.9882,245.8792,0.7685,0.0031,92.5772,194.5409,49.0256,-16.4769,0.0,0.0001,2.7352,-0.0001,5.613,35.596,15.4779,26.3251,34.9158
6.0,11.0,15.4803,44.0551,98.71,245.933,0.8189,0.0031,92.5642,194.5406,49.0256,-16.4769,0.0,0.0001,2.7347,0.0001,5.6129,35.5961,15.4786,26.325,34.9157
7.0,13.0,15.4809,44.0563,98.71,245.847,0.8748,0.0031,92.5462,194.5402,49.0256,-16.4769,0.0,0.0001,2.734,-0.0001,5.6129,35.5959,15.4789,26.3247,34.9155
8.0,15.0,15.4823,44.0586,98.71,245.9035,0.8705,0.0031,92.5596,194.5419,49.0257,-16.4768,0.0,0.0001,2.7327,0.0006,5.6127,35.5958,15.48,26.3244,34.9151
9.0,17.0,15.4827,44.0597,98.71,245.9153,0.8871,0.0031,92.6103,194.542,49.0257,-16.4768,0.0,0.0001,2.7325,0.0002,5.6128,35.5958,15.4801,26.3244,34.9151
10.0,19.0,15.4795,44.0579,98.71,245.9625,0.8796,0.0031,92.6694,194.5421,49.0257,-16.4768,0.0,0.0001,2.7329,0.0002,5.6134,35.5963,15.4766,26.3256,34.9164
11.0,21.0,15.471,44.052,98.71,245.6707,0.8782,0.0031,92.6674,194.5422,49.0257,-16.4768,0.0,0.0001,2.7297,-0.0002,5.6136,35.5977,15.4678,26.3286,34.9197
12.0,23.0,15.466,44.0486,98.71,245.5245,0.8542,0.0029,92.9581,194.5423,49.0257,-16.4768,0.0,0.0001,2.7274,-0.0004,5.6158,35.5983,15.4625,26.3303,34.9216
13.0,25.0,15.4447,44.0308,98.71,245.4713,0.8266,0.0028,93.3641,194.5424,49.0257,-16.4767,0.0,0.0001,2.7247,-0.0003,5.6188,35.6005,15.4407,26.3369,34.9289
14.0,27.0,15.4242,44.0141,98.71,245.3147,0.8111,0.0027,93.5255,194.5425,49.0257,-16.4767,0.0,0.0001,2.723,-0.0004,5.6203,35.603,15.42,26.3435,34.9362
15.0,29.0,15.4146,44.0063,98.71,245.5375,0.8235,0.0027,93.5809,194.5425,49.0257,-16.4767,0.0,0.0001,2.7227,0.0005,5.621,35.6039,15.4101,26.3464,34.9394
16.0,31.0,15.4009,43.9954,98.71,245.493,0.8047,0.0026,93.6874,194.5426,49.0257,-16.4767,0.0,0.0001,2.7201,-0.0009,5.6333,35.6058,15.3961,26.351,34.9445
17.0,33.0,15.0985,43.7037,98.71,244.5611,0.7049,0.0022,94.5663,194.5427,49.0257,-16.4767,0.0,0.0001,2.7051,-0.0028,5.6632,35.6145,15.0934,26.4251,35.0293
18.0,35.0,14.9945,43.6019,98.71,244.2753,0.5754,0.0019,95.3911,194.5427,49.0257,-16.4767,0.0,0.0001,2.6944,-0.0041,5.7019,35.616,14.9893,26.4494,35.0572
19.0,37.0,14.4695,43.09,98.71,244.217,0.4764,0.0016,96.1495,194.5428,49.0257,-16.4767,0.0,0.0001,2.6804,-0.0019,5.7271,35.6253,14.464,26.5713,35.198
20.0,39.0,14.444,43.0745,98.71,242.8858,0.4211,0.0013,96.8492,194.5429,49.0257,-16.4767,0.0,0.0001,2.664,-0.0047,5.7622,35.6338,14.4383,26.5834,35.2109
21.0,41.0,13.8082,42.4636,98.71,241.0845,0.3388,0.001,97.4901,194.543,49.0257,-16.4767,0.0,0.0001,2.6322,-0.0048,5.8127,35.6517,13.8023,26.7325,35.3832
22.0,43.0,13.7847,42.4386,98.71,242.5917,0.3157,0.0008,97.9158,194.543,49.0257,-16.4767,0.0,0.0001,2.6334,0.0005,5.8125,35.6495,13.7786,26.7357,35.3874
23.0,45.0,13.5055,42.1999,98.71,239.4825,0.281,0.0007,98.2256,194.5431,49.0257,-16.4767,0.0,0.0001,2.6071,-0.0026,5.8324,35.684,13.4991,26.8209,35.4825
24.0,47.0,13.543,42.2353,98.71,239.4375,0.2739,0.0007,98.2119,194.5432,49.0257,-16.4767,0.0,0.0001,2.6007,-0.0031,5.8534,35.6819,13.5364,26.8115,35.4717
25.0,49.0,13.2227,41.9199,98.71,238.5014,0.2063,0.0005,98.6958,194.5432,49.0258,-16.4766,0.0,0.0001,2.5856,0.0,5.8489,35.6818,13.2158,26.8775,35.5498
26.0,51.0,13.2473,41.9488,98.71,239.1616,0.2128,0.0006,98.5008,194.5433,49.0258,-16.4766,0.0,0.0001,2.5919,-0.0017,5.8621,35.6857,13.2402,26.8754,35.5468
27.0,53.0,13.1169,41.8209,98.6727,237.65,0.1709,0.0004,99.0597,194.5434,49.0258,-16.4766,0.0,0.0001,2.573,-0.0013,5.8779,35.6853,13.1095,26.9018,35.5781
28.0,55.0,13.124,41.8266,98.5908,237.8244,0.1432,0.0003,99.2472,194.5434,49.0258,-16.4766,0.0,0.0001,2.5704,-0.0008,5.8853,35.6834,13.1164,26.8989,35.575
29.0,57.0,13.0148,41.7287,98.4135,236.4751,0.1208,0.0003,99.3031,194.5435,49.0258,-16.4765,0.0,0.0001,2.5568,-0.003,5.907,35.6918,13.0069,26.9277,35.6078
30.0,59.0,12.9305,41.6485,98.43,236.7639,0.0996,0.0001,99.6048,194.5436,49.0258,-16.4765,0.0,0.0001,2.5557,0.0,5.8967,35.6939,12.9225,26.9464,35.6297
31.0,61.0,12.857,41.5715,98.5049,237.2243,0.0932,0.0002,99.5865,194.5437,49.0258,-16.4765,0.0,0.0001,2.5551,0.0005,5.9052,35.6882,12.8486,26.9568,35.6431
32.0,63.0,12.8666,41.5827,97.7539,236.9089,0.0817,0.0001,99.7961,194.5437,49.0258,-16.4765,0.0,0.0001,2.5511,-0.0008,5.9189,35.6894,12.858,26.9558,35.6417
33.0,65.0,12.8152,41.5315,97.8822,236.7848,0.0722,0.0001,99.861,194.5438,49.0258,-16.4765,0.0,0.0001,2.5466,-0.0006,5.9287,35.6878,12.8063,26.965,35.6529
34.0,67.0,12.7654,41.4781,98.71,236.4964,0.0633,0.0,99.9506,194.5439,49.0258,-16.4764,0.0,0.0001,2.544,-0.0005,5.927,35.6829,12.7563,26.9712,35.6611
35.0,69.0,12.7355,41.4528,96.554,236.7746,0.0589,0.0,99.9875,194.544,49.0258,-16.4764,0.0,0.0001,2.5433,-0.0001,5.9306,35.6858,12.7261,26.9795,35.6705
36.0,71.0,12.725,41.4381,98.7036,236.9746,0.0497,0.0,100.1288,194.544,49.0258,-16.4764,0.0,0.0001,2.5418,0.0002,5.9364,35.6808,12.7153,26.9777,35.6692
37.0,73.0,12.6995,41.4169,97.7432,236.8797,0.0439,0.0,100.0924,194.5441,49.0258,-16.4764,0.0,0.0001,2.542,-0.0002,5.9341,35.6838,12.6897,26.9852,35.6777
38.0,75.0,12.6778,41.394,98.71,236.8981,0.047,0.0,100.1027,194.5442,49.0258,-16.4764,0.0,0.0001,2.5405,-0.0002,5.9391,35.6811,12.6675,26.9875,35.6808
39.0,77.0,12.6794,41.3965,98.695,236.9225,0.0451,-0.0001,100.117,194.5442,49.0257,-16.4764,0.0,0.0001,2.5404,0.0001,5.939,35.6813,12.669,26.9874,35.6806
40.0,79.0,12.6677,41.384,98.71,237.0417,0.043,-0.0001,100.1371,194.5443,49.0257,-16.4764,0.0,0.0001,2.5397,0.0001,5.9426,35.6794,12.657,26.9883,35.6821
41.0,81.0,12.6381,41.353,98.71,237.1041,0.0408,-0.0001,100.1347,194.5444,49.0257,-16.4764,0.0,0.0001,2.5395,-0.0001,5.9455,35.6768,12.6272,26.9922,35.6871
42.0,83.0,12.6277,41.3424,98.71,236.871,0.0392,-0.0001,100.1328,194.5444,49.0257,-16.4765,0.0,0.0001,2.5365,-0.0006,5.9468,35.6754,12.6164,26.9933,35.6886
43.0,85.0,12.6184,41.334,98.71,236.7093,0.0399,-0.0001,100.1528,194.5445,49.0257,-16.4765,0.0,0.0001,2.5356,-0.0005,5.9467,35.6754,12.607,26.9952,35.6909
44.0,87.0,12.5861,41.2975,98.71,237.3547,0.0373,-0.0001,100.1241,194.5446,49.0257,-16.4765,0.0,0.0001,2.5375,0.0004,5.9488,35.6698,12.5744,26.9973,35.6943
45.0,89.0,12.5509,41.2583,98.71,237.0094,0.04,-0.0001,100.1029,194.5446,49.0257,-16.4765,0.0,0.0001,2.5343,-0.0008,5.9581,35.6643,12.5389,27.0001,35.6986
46.0,91.0,12.5357,41.2416,98.709,236.6937,0.0359,-0.0001,100.1343,194.5447,49.0257,-16.4765,0.0,0.0001,2.5309,-0.0012,5.962,35.6619,12.5235,27.0012,35.7004
47.0,93.0,12.4766,41.1792,98.705,235.9476,0.031,-0.0001,100.1432,194.5448,49.0257,-16.4765,0.0,0.0001,2.5209,-0.0007,5.9677,35.6565,12.4641,27.0088,35.7103
48.0,95.0,12.4742,41.1771,98.705,235.3977,0.032,-0.0001,100.1414,194.5448,49.0257,-16.4765,0.0,0.0001,2.5176,-0.0012,5.9662,35.6562,12.4615,27.0091,35.7107
49.0,97.0,12.4485,41.1482,98.695,235.4302,0.033,0.0,100.0798,194.5449,49.0257,-16.4765,0.0,0.0001,2.5146,-0.0006,5.9701,35.6517,12.4355,27.0106,35.7133
50.0,99.0,12.4243,41.1215,98.7025,235.866,0.0321,0.0,100.0923,194.5449,49.0257,-16.4765,0.0,0.0001,2.5152,0.0009,5.9688,35.648,12.4111,27.0126,35.7163
51.0,101.0,12.4286,41.1269,98.7053,235.8446,0.0363,0.0,100.0695,194.545,49.0257,-16.4765,0.0,0.0001,2.515,0.0001,5.9727,35.6482,12.4151,27.012,35.7155
52.0,103.0,12.4064,41.1028,98.71,235.7696,0.0354,0.0,100.0936,194.5451,49.0257,-16.4765,0.0,0.0001,2.5139,-0.0003,5.9751,35.6448,12.3925,27.0138,35.7183
53.0,105.0,12.4047,41.1025,98.7079,235.491,0.0328,-0.0001,100.1168,194.5452,49.0257,-16.4765,0.0,0.0001,2.5107,-0.0003,5.9773,35.6454,12.3907,27.0146,35.7191
54.0,107.0,12.3826,41.08,98.7025,234.6989,0.0281,0.0,100.1142,194.5453,49.0257,-16.4765,0.0,0.0001,2.5044,-0.0009,5.9788,35.6438,12.3683,27.0178,35.7232
55.0,109.0,12.3743,41.0734,98.71,234.7643,0.0283,0.0,100.0625,194.5454,49.0257,-16.4765,0.0,0.0001,2.5016,0.0001,5.9802,35.6442,12.3597,27.0198,35.7255
56.0,111.0,12.3663,41.0656,98.71,234.1315,0.0288,0.0,100.0996,194.5454,49.0257,-16.4765,0.0,0.0001,2.4986,-0.001,5.9804,35.6436,12.3515,27.0209,35.727
57.0,113.0,12.3527,41.05,98.7075,234.3412,0.0272,0.0,100.0944,194.5455,49.0257,-16.4765,0.0,0.0001,2.4964,-0.0002,5.9849,35.6406,12.3376,27.0213,35.728
58.0,115.0,12.3017,40.9937,98.7058,234.1604,0.0282,0.0,100.0809,194.5456,49.0257,-16.4765,0.0,0.0001,2.4937,-0.0006,5.9909,35.6334,12.2864,27.0257,35.7345
59.0,117.0,12.2557,40.9414,98.71,234.2837,0.0288,0.0,100.0624,194.5457,49.0257,-16.4765,0.0,0.0001,2.4918,-0.0001,5.9951,35.6254,12.2402,27.0285,35.7392
60.0,119.0,12.2391,40.9243,98.7031,233.6694,0.0271,0.0,100.0493,194.5458,49.0257,-16.4765,0.0,0.0001,2.488,-0.0012,5.9962,35.6236,12.2233,27.0304,35.7418
61.0,121.0,12.2253,40.9101,98.7042,234.01,0.0301,0.0,100.0237,194.5459,49.0257,-16.4764,0.0,0.0001,2.4878,0.0,5.9971,35.6222,12.2092,27.0321,35.744
62.0,123.0,12.2206,40.9056,98.7062,234.069,0.034,0.0,100.0287,194.546,49.0257,-16.4764,0.0,0.0001,2.4868,0.0004,5.9985,35.6214,12.2044,27.0324,35.7446
63.0,125.0,12.2192,40.905,98.7055,233.8579,0.0284,0.0,100.0227,194.5462,49.0257,-16.4763,0.0,0.0001,2.4859,-0.0005,6.0005,35.6214,12.2027,27.0327,35.7449
64.0,127.0,12.1811,40.8644,98.705,233.5433,0.0305,0.0,100.0136,194.5463,49.0258,-16.4762,0.0,0.0001,2.4802,-0.0004,6.0079,35.617,12.1643,27.0368,35.7506
65.0,129.0,12.1119,40.7835,98.705,234.7857,0.0304,0.0,99.9862,194.5464,49.0258,-16.4762,0.0,0.0001,2.4845,0.0007,6.0191,35.6032,12.0949,27.0395,35.7562
66.0,131.0,12.016,40.6667,98.71,236.4184,0.0308,0.0,99.9382,194.5465,49.0258,-16.4762,0.0,0.0001,2.495,0.0004,6.0314,35.5798,11.9988,27.0398,35.7606
67.0,133.0,11.983,40.6298,98.707,237.8555,0.0283,0.0,99.9381,194.5465,49.0258,-16.4762,0.0,0.0001,2.5025,0.0029,6.0277,35.5744,11.9657,27.042,35.7642
68.0,135.0,11.955,40.5982,98.71,239.3384,0.0285,0.0,99.9245,194.5466,49.0258,-16.4761,0.0,0.0001,2.5161,0.001,6.0361,35.5692,11.9374,27.0434,35.7668
69.0,137.0,11.9244,40.5613,98.7084,240.0856,0.0286,0.0,99.9256,194.5467,49.0258,-16.4761,0.0,0.0001,2.5214,0.0003,6.0426,35.5614,11.9065,27.0433,35.768
70.0,139.0,11.8933,40.5272,98.71,240.0722,0.0258,0.0,99.9457,194.5468,49.0258,-16.476,0.0,0.0001,2.5225,-0.0009,6.0471,35.5568,11.8752,27.0457,35.7717
71.0,141.0,11.8577,40.4867,98.71,240.7063,0.0284,0.0,99.9301,194.5468,49.0258,-16.476,0.0,0.0001,2.5246,0.0005,6.0458,35.5502,11.8393,27.0474,35.7749
72.0,143.0,11.8511,40.4789,98.7025,240.9214,0.0285,0.0,99.9066,194.5469,49.0258,-16.476,0.0,0.0001,2.5247,0.0005,6.0499,35.5479,11.8326,27.0469,35.7748
73.0,145.0,11.8372,40.4651,98.7025,241.4663,0.0264,0.0,99.9348,194.547,49.0258,-16.476,0.0,0.0001,2.5271,0.0013,6.0508,35.5467,11.8183,27.0487,35.7771
74.0,147.0,11.8259,40.4533,98.71,241.7486,0.0269,0.0,99.9591,194.5471,49.0259,-16.4759,0.0,0.0001,2.5301,0.0002,6.0537,35.5449,11.8067,27.0496,35.7784
75.0,149.0,11.8232,40.4515,98.71,241.1001,0.0274,0.0,99.9523,194.5471,49.0259,-16.4759,0.0,0.0001,2.5277,-0.001,6.0535,35.5449,11.8039,27.0501,35.7791
76.0,151.0,11.8226,40.4515,98.7084,241.1348,0.0271,0.0,99.9498,194.5472,49.0259,-16.4759,0.0,0.0001,2.526,-0.0006,6.0537,35.545,11.8031,27.0503,35.7793
77.0,153.0,11.8164,40.4463,98.71,241.2019,0.0252,0.0,99.9397,194.5473,49.0259,-16.4759,0.0,0.0001,2.5239,0.0001,6.0546,35.5445,11.7965,27.0512,35.7805
78.0,155.0,11.8095,40.4393,98.71,240.4492,0.0244,0.0,99.9348,194.5474,49.0259,-16.4759,0.0,0.0001,2.5198,-0.0012,6.0561,35.5434,11.7893,27.0517,35.7813
79.0,157.0,11.7962,40.4248,98.7,240.7405,0.0272,0.0,99.9233,194.5474,49.0259,-16.4759,0.0,0.0001,2.5196,0.0,6.0553,35.541,11.7758,27.0524,35.7825
80.0,159.0,11.7948,40.4247,98.7075,240.8195,0.026,0.0,99.9248,194.5475,49.0258,-16.4759,0.0,0.0001,2.5185,0.0,6.0579,35.5412,11.7742,27.0528,35.7831
81.0,161.0,11.7965,40.4268,98.71,240.6259,0.0253,0.0,99.9411,194.5475,49.0258,-16.4759,0.0,0.0001,2.518,-0.0003,6.0567,35.5412,11.7757,27.0525,35.7827
82.0,163.0,11.7804,40.4096,98.71,240.5266,0.0265,0.0,99.8975,194.5477,49.0258,-16.4759,0.0,0.0001,2.5154,-0.0001,6.0587,35.5386,11.7593,27.0537,35.7845
83.0,165.0,11.775,40.4044,98.71,240.4865,0.0269,0.0,99.9274,194.5477,49.0258,-16.4759,0.0,0.0001,2.5147,-0.0003,6.0597,35.5378,11.7537,27.0541,35.7852
84.0,167.0,11.7693,40.3997,98.71,240.0094,0.0238,0.0,99.9076,194.5478,49.0258,-16.4758,0.0,0.0001,2.5104,-0.0006,6.0611,35.5377,11.7477,27.0552,35.7865
85.0,169.0,11.753,40.3834,98.71,239.708,0.0239,0.0,99.8785,194.5479,49.0258,-16.4758,0.0,0.0001,2.5062,-0.0006,6.0641,35.5363,11.7311,27.0572,35.7892
86.0,171.0,11.733,40.3626,98.71,239.5327,0.0242,0.0,99.8957,194.5479,49.0258,-16.4758,0.0,0.0001,2.5046,-0.0002,6.0625,35.5341,11.7109,27.0593,35.7922
87.0,173.0,11.7317,40.3614,98.71,239.8081,0.0257,0.0001,99.8518,194.548,49.0258,-16.4758,0.0,0.0001,2.5042,0.0001,6.0661,35.5333,11.7093,27.059,35.792
88.0,175.0,11.714,40.3419,98.71,240.544,0.0301,0.0001,99.8358,194.5481,49.0257,-16.4758,0.0,0.0001,2.5071,0.0005,6.0718,35.5301,11.6914,27.0599,35.7936
89.0,177.0,11.6828,40.3089,98.7062,240.7462,0.0286,0.0001,99.815,194.5482,49.0257,-16.4758,0.0,0.0001,2.5086,0.0003,6.0738,35.5268,11.6601,27.0633,35.7982
90.0,179.0,11.6665,40.2926,98.71,240.9248,0.0283,0.0001,99.8108,194.5483,49.0257,-16.4758,0.0,0.0001,2.5097,0.0001,6.0746,35.5254,11.6434,27.0654,35.801
91.0,181.0,11.6608,40.2881,98.71,240.8833,0.0299,0.0001,99.8089,194.5484,49.0257,-16.4758,0.0,0.0001,2.5097,-0.0004,6.075,35.5253,11.6374,27.0664,35.8023
92.0,183.0,11.6597,40.2869,98.71,240.5274,0.0274,0.0001,99.8144,194.5484,49.0257,-16.4758,0.0,0.0001,2.5073,-0.0008,6.0754,35.5246,11.6362,27.0661,35.802
93.0,185.0,11.6467,40.2737,98.71,240.3376,0.0268,0.0001,99.8148,194.5485,49.0257,-16.4758,0.0,0.0001,2.5041,-0.0004,6.0766,35.523,11.623,27.0674,35.8039
94.0,187.0,11.6377,40.2647,98.71,240.272,0.0298,0.0001,99.8164,194.5486,49.0257,-16.4758,0.0,0.0001,2.5012,0.0001,6.0778,35.5217,11.6136,27.0681,35.805
95.0,189.0,11.6314,40.258,98.71,239.7939,0.0284,0.0001,99.8152,194.5487,49.0257,-16.4758,0.0,0.0001,2.498,-0.0011,6.0828,35.5205,11.6072,27.0683,35.8055
96.0,191.0,11.5984,40.2214,98.71,239.7179,0.0288,0.0001,99.7978,194.5488,49.0257,-16.4758,0.0,0.0001,2.495,-0.0002,6.0828,35.5151,11.5739,27.0704,35.809
97.0,193.0,11.5905,40.2144,98.7084,239.1719,0.0276,0.0001,99.8269,194.5488,49.0256,-16.4758,0.0,0.0001,2.4921,-0.0007,6.0817,35.515,11.5658,27.0719,35.8108
98.0,195.0,11.5918,40.218,98.7067,239.0899,0.027,0.0001,99.8153,194.5489,49.0257,-16.4758,0.0,0.0001,2.4891,-0.0004,6.084,35.5163,11.5668,27.0727,35.8115
99.0,197.0,11.5917,40.2193,98.7062,238.2688,0.0325,0.0001,99.833,194.549,49.0257,-16.4758,0.0,0.0001,2.482,-0.0007,6.0847,35.5166,11.5664,27.0731,35.8119
100.0,199.0,11.5865,40.2152,98.71,237.7359,0.0315,0.0001,99.8265,194.549,49.0257,-16.4758,0.0,0.0001,2.4792,-0.0013,6.0843,35.5169,11.561,27.0743,35.8134
101.0,201.0,11.5875,40.2189,98.71,237.4726,0.0268,0.0001,99.8596,194.5491,49.0257,-16.4758,0.0,0.0001,2.4744,-0.0008,6.0861,35.5185,11.5617,27.0754,35.8144
102.0,203.0,11.5535,40.185,98.71,235.0652,0.0241,0.0,99.9061,194.5492,49.0257,-16.4758,0.0,0.0001,2.4595,-0.0035,6.0891,35.5166,11.5274,27.0804,35.8208
103.0,205.0,11.5556,40.1876,98.7081,235.1927,0.0257,0.0,99.8952,194.5493,49.0257,-16.4757,0.0,0.0001,2.4538,-0.0007,6.0881,35.5166,11.5293,27.08,35.8203
104.0,207.0,11.5606,40.1967,98.71,234.9384,0.0272,0.0001,99.8755,194.5494,49.0257,-16.4757,0.0,0.0001,2.4505,-0.0005,6.0885,35.5196,11.534,27.0814,35.8216
105.0,209.0,11.5607,40.1982,98.7046,235.3961,0.025,0.0,99.8941,194.5494,49.0257,-16.4757,0.0,0.0001,2.4516,0.0004,6.0894,35.5203,11.5339,27.082,35.8221
106.0,211.0,11.549,40.1857,98.7031,236.0244,0.0282,0.0001,99.8817,194.5495,49.0257,-16.4757,0.0,0.0001,2.4558,0.0004,6.0912,35.5182,11.522,27.0826,35.8233
107.0,213.0,11.5335,40.1692,98.7025,236.3887,0.0236,0.0001,99.8679,194.5496,49.0257,-16.4756,0.0,0.0001,2.4583,0.0004,6.0921,35.5158,11.5062,27.0837,35.825
108.0,215.0,11.5308,40.1672,98.7062,236.6976,0.0245,0.0001,99.8358,194.5497,49.0257,-16.4756,0.0,0.0001,2.4597,0.0004,6.0929,35.5156,11.5033,27.0841,35.8255
109.0,217.0,11.5168,40.1525,98.7081,237.4357,0.027,0.0001,99.83,194.5497,49.0257,-16.4756,0.0,0.0001,2.464,0.0008,6.0938,35.5135,11.4891,27.0851,35.8271
110.0,219.0,11.5166,40.1527,98.7049,237.3829,0.0273,0.0001,99.8236,194.5498,49.0257,-16.4756,0.0,0.0001,2.4647,0.0,6.0954,35.5132,11.4887,27.085,35.827
111.0,221.0,11.4997,40.136,98.71,237.2195,0.0247,0.0001,99.8221,194.5499,49.0258,-16.4756,0.0,0.0001,2.4641,-0.0007,6.0975,35.5119,11.4715,27.0872,35.8299
112.0,223.0,11.4919,40.1277,98.71,237.8305,0.0259,0.0001,99.7921,194.55,49.0258,-16.4755,0.0,0.0001,2.4663,0.0002,6.097,35.5103,11.4634,27.0875,35.8306
113.0,225.0,11.4885,40.1251,98.71,238.3913,0.0234,0.0001,99.7803,194.5501,49.0257,-16.4755,0.0,0.0001,2.4693,0.0006,6.0987,35.5101,11.4597,27.088,35.8312
114.0,227.0,11.4863,40.1233,98.705,238.1692,0.028,0.0001,99.7782,194.5502,49.0257,-16.4755,0.0,0.0001,2.4693,-0.0004,6.0999,35.5096,11.4573,27.0881,35.8314
115.0,229.0,11.4669,40.1035,98.6995,238.6734,0.0251,0.0001,99.7666,194.5502,49.0257,-16.4755,0.0,0.0001,2.4704,0.0009,6.0996,35.5078,11.4377,27.0903,35.8344
116.0,231.0,11.4685,40.1057,98.71,238.974,0.0262,0.0001,99.7583,194.5503,49.0257,-16.4755,0.0,0.0001,2.4723,0.0003,6.1011,35.5074,11.4391,27.0898,35.8339
117.0,233.0,11.4623,40.1007,98.71,239.0184,0.027,0.0001,99.7655,194.5504,49.0257,-16.4755,0.0,0.0001,2.4733,0.0,6.1001,35.5076,11.4325,27.0911,35.8355
118.0,235.0,11.4674,40.1081,98.7067,239.2421,0.0278,0.0001,99.7742,194.5504,49.0257,-16.4755,0.0,0.0001,2.4741,0.0003,6.1001,35.5093,11.4375,27.0915,35.8357
119.0,237.0,11.4771,40.1244,98.696,238.6357,0.0286,0.0001,99.7712,194.5505,49.0257,-16.4755,0.0,0.0001,2.4701,-0.0001,6.099,35.515,11.4468,27.0942,35.8379
120.0,239.0,11.4788,40.1274,98.71,238.8942,0.0274,0.0001,99.7704,194.5506,49.0257,-16.4755,0.0,0.0001,2.4717,-0.0001,6.0985,35.5157,11.4483,27.0945,35.8381
121.0,241.0,11.4867,40.1406,98.7037,238.8142,0.0283,0.0001,99.7328,194.5507,49.0257,-16.4755,0.0,0.0001,2.4716,-0.0003,6.0979,35.5201,11.4559,27.0965,35.8397
122.0,243.0,11.4932,40.1504,98.7043,239.3218,0.028,0.0001,99.7201,194.5508,49.0257,-16.4754,0.0,0.0001,2.4719,0.0009,6.0963,35.5223,11.4621,27.097,35.84
123.0,245.0,11.5022,40.1629,98.705,239.491,0.0281,0.0001,99.7245,194.5508,49.0257,-16.4754,0.0,0.0001,2.4743,0.0007,6.0954,35.5255,11.4709,27.0979,35.8405
124.0,247.0,11.5185,40.1848,98.7049,239.7917,0.0264,0.0001,99.7137,194.5509,49.0256,-16.4754,0.0,0.0001,2.478,0.0001,6.0933,35.5305,11.4869,27.0988,35.8406
125.0,249.0,11.5165,40.1846,98.7062,239.5013,0.0274,0.0001,99.71,194.551,49.0256,-16.4754,0.0,0.0001,2.4762,-0.0004,6.0939,35.5314,11.4846,27.0999,35.8419
126.0,251.0,11.5116,40.18,98.695,239.6003,0.0294,0.0001,99.701,194.5511,49.0256,-16.4754,0.0,0.0001,2.4754,0.0,6.0942,35.5306,11.4794,27.1002,35.8424
127.0,253.0,11.5095,40.1786,98.7062,239.7059,0.0251,0.0001,99.6988,194.5512,49.0256,-16.4754,0.0,0.0001,2.4755,0.0002,6.0947,35.5305,11.4771,27.1006,35.8428
128.0,255.0,11.5055,40.1757,98.7062,239.4878,0.0267,0.0001,99.6992,194.5512,49.0256,-16.4754,0.0,0.0001,2.4743,-0.0003,6.0952,35.5304,11.4728,27.1014,35.8438
129.0,257.0,11.502,40.1728,98.71,239.4935,0.0284,0.0001,99.6954,194.5513,49.0256,-16.4754,0.0,0.0001,2.4735,-0.0002,6.0951,35.5301,11.4691,27.1018,35.8444
130.0,259.0,11.4986,40.1706,98.7083,239.4231,0.0287,0.0001,99.7008,194.5514,49.0256,-16.4754,0.0,0.0001,2.4716,0.0,6.095,35.5302,11.4654,27.1025,35.8453
131.0,261.0,11.504,40.1796,98.7083,239.1129,0.0276,0.0001,99.7003,194.5514,49.0256,-16.4753,0.0,0.0001,2.4704,-0.0005,6.0952,35.5333,11.4706,27.104,35.8465
132.0,263.0,11.5091,40.1878,98.7068,238.8678,0.0269,0.0001,99.6813,194.5516,49.0256,-16.4753,0.0,0.0001,2.4669,-0.0003,6.0942,35.5353,11.4754,27.1047,35.8469
133.0,265.0,11.5133,40.1949,98.695,238.57,0.0285,0.0001,99.6946,194.5517,49.0256,-16.4753,0.0,0.0001,2.4647,-0.0005,6.0937,35.5374,11.4793,27.1056,35.8476
134.0,267.0,11.513,40.1958,98.7053,238.4484,0.0281,0.0001,99.6788,194.5517,49.0256,-16.4753,0.0,0.0001,2.463,-0.0004,6.0938,35.538,11.4788,27.1061,35.8482
135.0,269.0,11.5132,40.1977,98.7077,237.6559,0.0266,0.0001,99.679,194.5518,49.0255,-16.4753,0.0,0.0001,2.4578,-0.0016,6.0949,35.5387,11.4788,27.1067,35.8487
136.0,271.0,11.4999,40.1838,98.71,238.2516,0.0257,0.0001,99.6684,194.5518,49.0255,-16.4753,0.0,0.0001,2.4588,0.0002,6.094,35.5368,11.4652,27.1077,35.8504
137.0,273.0,11.4965,40.1813,98.7075,237.4987,0.0282,0.0001,99.6706,194.552,49.0255,-16.4753,0.0,0.0001,2.4531,-0.0006,6.0956,35.5366,11.4615,27.1083,35.851
138.0,275.0,11.4981,40.1851,98.7066,237.3481,0.0245,0.0001,99.6792,194.552,49.0255,-16.4753,0.0,0.0001,2.4506,-0.0002,6.0954,35.538,11.4629,27.1091,35.8518
139.0,277.0,11.5002,40.1889,98.709,237.1235,0.0266,0.0001,99.6916,194.5521,49.0255,-16.4753,0.0,0.0001,2.4491,-0.0003,6.0954,35.5388,11.4647,27.1094,35.852
140.0,279.0,11.499,40.1889,98.7025,236.8806,0.0249,0.0001,99.6937,194.5522,49.0254,-16.4753,0.0,0.0001,2.4458,-0.0006,6.0998,35.539,11.4633,27.1098,35.8525
141.0,281.0,11.4976,40.1877,98.7069,237.037,0.0249,0.0001,99.696,194.5522,49.0255,-16.4753,0.0,0.0001,2.4469,-0.0003,6.0975,35.5385,11.4616,27.1097,35.8525
142.0,283.0,11.4518,40.1332,98.7015,236.3684,0.0255,0.0001,99.7033,194.5524,49.0254,-16.4753,0.0,0.0001,2.4391,-0.0008,6.1062,35.5274,11.4156,27.1097,35.8545
143.0,285.0,11.4046,40.0804,98.6983,235.6092,0.0249,0.0001,99.7217,194.5525,49.0254,-16.4753,0.0,0.0001,2.4319,-0.0008,6.1088,35.5196,11.3682,27.1125,35.8593
144.0,287.0,11.393,40.068,98.7057,235.5791,0.0229,0.0001,99.7176,194.5525,49.0254,-16.4753,0.0,0.0001,2.4299,-0.0002,6.1097,35.5178,11.3564,27.1133,35.8606
145.0,289.0,11.3967,40.0752,98.6925,235.3068,0.0258,0.0001,99.7261,194.5526,49.0253,-16.4753,0.0,0.0001,2.4278,-0.0004,6.1095,35.5205,11.3598,27.1147,35.8618
146.0,291.0,11.3983,40.0791,98.7051,235.6263,0.0251,0.0001,99.6903,194.5527,49.0253,-16.4753,0.0,0.0001,2.4288,0.0,6.1095,35.5218,11.3612,27.1155,35.8625
147.0,293.0,11.404,40.0874,98.7066,235.6426,0.0253,0.0001,99.6884,194.5528,49.0253,-16.4753,0.0,0.0001,2.428,0.0001,6.1108,35.5234,11.3666,27.1158,35.8626
148.0,295.0,11.4018,40.0851,98.6979,235.5792,0.0247,0.0001,99.7272,194.5528,49.0253,-16.4753,0.0,0.0001,2.4273,0.0001,6.1101,35.5226,11.3642,27.1156,35.8625
149.0,297.0,11.3811,40.0623,98.7044,235.4553,0.0244,0.0001,99.7471,194.5529,49.0253,-16.4753,0.0,0.0001,2.4264,0.0001,6.109,35.5193,11.3433,27.1168,35.8646
150.0,299.0,11.4358,40.1333,98.7027,235.98,0.024,0.0001,99.7047,194.553,49.0252,-16.4753,0.0,0.0001,2.4299,0.0005,6.1049,35.536,11.3976,27.1198,35.8652
151.0,301.0,11.4525,40.1554,98.7002,236.3156,0.0263,0.0001,99.7164,194.5531,49.0252,-16.4753,0.0,0.0001,2.4333,0.0003,6.1019,35.5408,11.4139,27.1204,35.8651
152.0,303.0,11.4543,40.1597,98.7075,236.8322,0.0252,0.0001,99.7109,194.5532,49.0252,-16.4753,0.0,0.0001,2.4362,0.0004,6.1039,35.5424,11.4155,27.1214,35.866
153.0,305.0,11.4212,40.1213,98.702,236.7305,0.0211,0.0001,99.7208,194.5533,49.0252,-16.4753,0.0,0.0001,2.4356,-0.0001,6.1057,35.5353,11.3822,27.1221,35.8681
154.0,307.0,11.4122,40.1126,98.6964,236.9921,0.0261,0.0001,99.7213,194.5533,49.0252,-16.4753,0.0,0.0001,2.4367,-0.0001,6.1087,35.5346,11.373,27.1232,35.8696
155.0,309.0,11.3755,40.0713,98.708,237.1101,0.0255,0.0001,99.7229,194.5534,49.0252,-16.4753,0.0,0.0001,2.4359,0.0,6.1114,35.5277,11.3361,27.1247,35.8727
156.0,311.0,11.3781,40.0749,98.7021,237.1867,0.0258,0.0001,99.7225,194.5535,49.0252,-16.4753,0.0,0.0001,2.4357,0.0002,6.1096,35.5282,11.3386,27.1247,35.8725
157.0,313.0,11.4103,40.1178,98.71,237.125,0.024,0.0001,99.723,194.5535,49.0252,-16.4753,0.0,0.0001,2.4356,0.0002,6.1067,35.5388,11.3703,27.1271,35.8735
158.0,315.0,11.4137,40.1243,98.7028,236.9734,0.0235,0.0001,99.7248,194.5536,49.0252,-16.4753,0.0,0.0001,2.4355,-0.0002,6.1061,35.541,11.3735,27.1282,35.8744
159.0,317.0,11.418,40.1336,98.6997,236.2931,0.0233,0.0001,99.7212,194.5537,49.0252,-16.4753,0.0,0.0001,2.4314,-0.0011,6.1059,35.5452,11.3775,27.1307,35.8767
160.0,319.0,11.4183,40.1353,98.7008,236.9194,0.0217,0.0001,99.7186,194.5537,49.0251,-16.4753,0.0,0.0001,2.433,0.0003,6.1059,35.5459,11.3776,27.1312,35.8772
161.0,321.0,11.41,40.1274,98.7061,237.4679,0.0241,0.0001,99.7189,194.5538,49.0251,-16.4753,0.0,0.0001,2.4351,0.0005,6.108,35.5449,11.369,27.132,35.8784
162.0,323.0,11.3999,40.1117,98.704,238.5958,0.0249,0.0001,99.7174,194.5539,49.0251,-16.4753,0.0,0.0001,2.4392,0.0024,6.1098,35.5384,11.3587,27.1289,35.8758
163.0,325.0,11.3845,40.0997,98.7055,238.1385,0.024,0.0001,99.7145,194.554,49.0251,-16.4753,0.0,0.0001,2.4407,0.0002,6.1093,35.5404,11.3431,27.1334,35.8809
164.0,327.0,11.3875,40.1054,98.71,238.0079,0.0219,0.0001,99.7037,194.554,49.0251,-16.4753,0.0,0.0001,2.4396,-0.0001,6.11,35.542,11.3457,27.1341,35.8815
165.0,329.0,11.3851,40.1038,98.7062,237.8661,0.0236,0.0001,99.728,194.5541,49.0251,-16.4753,0.0,0.0001,2.4383,-0.0003,6.1108,35.5419,11.3431,27.1345,35.882
166.0,331.0,11.3778,40.0964,98.71,238.015,0.023,0.0001,99.7325,194.5542,49.0251,-16.4753,0.0,0.0001,2.4376,0.0001,6.1112,35.5409,11.3356,27.1351,35.8829
167.0,333.0,11.3764,40.097,98.7002,237.839,0.0234,0.0001,99.73,194.5542,49.0251,-16.4753,0.0,0.0001,2.4364,-0.0002,6.1112,35.5417,11.3339,27.1361,35.8839
168.0,335.0,11.3762,40.0996,98.68,237.1149,0.0239,0.0001,99.7132,194.5543,49.0251,-16.4753,0.0,0.0001,2.4328,-0.0013,6.1112,35.5437,11.3334,27.1377,35.8855
169.0,337.0,11.3761,40.101,98.6964,237.2923,0.0216,0.0001,99.72,194.5544,49.0251,-16.4753,0.0,0.0001,2.4319,-0.0005,6.112,35.5444,11.3331,27.1383,35.8862
170.0,339.0,11.3728,40.0982,98.695,236.5995,0.0207,0.0001,99.7241,194.5545,49.0251,-16.4753,0.0,0.0001,2.4277,-0.0015,6.1131,35.5438,11.3295,27.1385,35.8865
171.0,341.0,11.3572,40.0811,98.7062,237.5892,0.0235,0.0001,99.71,194.5545,49.0251,-16.4752,0.0,0.0001,2.4297,0.0007,6.1134,35.5411,11.3137,27.1393,35.888
172.0,343.0,11.3552,40.0804,98.7025,237.009,0.0247,0.0001,99.74,194.5546,49.0251,-16.4752,0.0,0.0001,2.4278,-0.001,6.1155,35.5412,11.3114,27.1399,35.8886
173.0,345.0,11.3482,40.0744,98.7059,237.1348,0.0238,0.0001,99.7351,194.5546,49.0251,-16.4752,0.0,0.0001,2.4275,-0.0003,6.1146,35.5413,11.3043,27.1412,35.8903
174.0,347.0,11.3434,40.0713,98.7082,236.5083,0.0243,0.0001,99.7042,194.5547,49.0251,-16.4752,0.0,0.0001,2.4222,-0.0007,6.1164,35.5419,11.2992,27.1426,35.8919
175.0,349.0,11.3381,40.0676,98.7022,236.4145,0.0236,0.0001,99.7231,194.5547,49.0251,-16.4752,0.0,0.0001,2.4199,-0.0002,6.1159,35.5425,11.2937,27.1441,35.8936
176.0,351.0,11.3386,40.0695,98.7004,236.0439,0.0192,0.0001,99.7397,194.5548,49.0251,-16.4752,0.0,0.0001,2.4174,-0.0005,6.1166,35.5431,11.2939,27.1445,35.894
177.0,353.0,11.3348,40.0669,98.7047,235.8251,0.0233,0.0001,99.7471,194.5549,49.0251,-16.4751,0.0,0.0001,2.4152,-0.0005,6.1169,35.5431,11.2898,27.1453,35.8949
178.0,355.0,11.3331,40.0659,98.7062,235.8701,0.0246,0.0001,99.7462,194.555,49.0251,-16.4751,0.0,0.0001,2.4139,-0.0002,6.1175,35.543,11.2879,27.1456,35.8953
179.0,357.0,11.3272,40.06,98.6948,235.9833,0.0243,0.0001,99.7679,194.555,49.0251,-16.4751,0.0,0.0001,2.4139,0.0002,6.1172,35.5419,11.2818,27.1459,35.8959
180.0,359.0,11.3255,40.0589,98.7047,236.0274,0.0218,0.0001,99.759,194.5551,49.0251,-16.4751,0.0,0.0001,2.4133,0.0,6.1188,35.5417,11.2799,27.1461,35.8961
181.0,361.0,11.3146,40.0484,98.705,235.6288,0.0236,0.0001,99.7679,194.5552,49.0251,-16.4751,0.0,0.0001,2.41,-0.0004,6.12,35.5407,11.2687,27.1473,35.8978
182.0,363.0,11.3135,40.0499,98.7069,234.9739,0.0241,0.0001,99.7734,194.5552,49.0251,-16.475,0.0,0.0001,2.4069,-0.0012,6.1198,35.5425,11.2674,27.149,35.8995
183.0,365.0,11.3099,40.0469,98.707,235.1497,0.0246,0.0001,99.7677,194.5553,49.0251,-16.475,0.0,0.0001,2.4044,0.0,6.1203,35.5421,11.2635,27.1495,35.9002
184.0,367.0,11.304,40.042,98.7075,234.6663,0.0231,0.0001,99.7835,194.5554,49.0251,-16.475,0.0,0.0001,2.4012,-0.0007,6.1216,35.5419,11.2573,27.1504,35.9014
185.0,369.0,11.2957,40.0343,98.7062,234.7739,0.0207,0.0001,99.7839,194.5555,49.0251,-16.475,0.0,0.0001,2.399,-0.0001,6.1224,35.5413,11.2488,27.1515,35.9028
186.0,371.0,11.2946,40.0337,98.6935,234.647,0.0229,0.0001,99.7845,194.5555,49.0251,-16.4749,0.0,0.0001,2.3984,-0.0001,6.1224,35.5412,11.2474,27.1517,35.9031
187.0,373.0,11.291,40.0311,98.7032,234.8592,0.0231,0.0001,99.7834,194.5556,49.0251,-16.4749,0.0,0.0001,2.399,0.0,6.1231,35.541,11.2436,27.1523,35.9038
188.0,375.0,11.2698,40.0084,98.7009,234.8654,0.0225,0.0001,99.7867,194.5557,49.0252,-16.4749,0.0,0.0001,2.3978,-0.0003,6.1289,35.5378,11.2222,27.1537,35.9061
189.0,377.0,11.2354,39.9683,98.7036,233.4519,0.0214,0.0001,99.7851,194.5558,49.0252,-16.4748,0.0,0.0001,2.3884,-0.0014,6.129,35.5303,11.1877,27.1543,35.9082
190.0,379.0,11.2431,39.9805,98.6998,233.8197,0.0221,0.0001,99.7719,194.5558,49.0252,-16.4748,0.0,0.0001,2.3885,-0.0003,6.1274,35.5342,11.195,27.1559,35.9095
191.0,381.0,11.2608,40.0039,98.6942,234.8085,0.0233,0.0001,99.7593,194.5559,49.0252,-16.4748,0.0,0.0001,2.3939,0.0004,6.1274,35.5394,11.2124,27.1568,35.9096
192.0,383.0,11.2631,40.0075,98.697,235.3837,0.0231,0.0001,99.7826,194.5559,49.0252,-16.4748,0.0,0.0001,2.3975,0.0013,6.1271,35.5401,11.2145,27.1569,35.9096
193.0,385.0,11.2632,40.0096,98.7055,235.7573,0.0218,0.0001,99.7772,194.556,49.0251,-16.4747,0.0,0.0001,2.3994,0.0014,6.1264,35.541,11.2143,27.1577,35.9104
194.0,387.0,11.2648,40.013,98.6987,236.067,0.0221,0.0001,99.792,194.5561,49.0251,-16.4747,0.0,0.0001,2.4043,0.0004,6.1256,35.5419,11.2157,27.1581,35.9107
195.0,389.0,11.2671,40.0166,98.7045,235.93,0.0259,0.0001,99.7909,194.5561,49.0251,-16.4747,0.0,0.0001,2.4034,0.0,6.126,35.5427,11.2177,27.1584,35.9109
196.0,391.0,11.2673,40.0197,98.7,236.2194,0.0209,0.0001,99.7985,194.5562,49.0251,-16.4746,0.0,0.0001,2.4046,0.0001,6.1268,35.5444,11.2176,27.1597,35.9122
197.0,393.0,11.2578,40.0096,98.6975,236.483,0.0195,0.0001,99.7982,194.5563,49.0251,-16.4746,0.0,0.0001,2.405,0.0005,6.1275,35.5427,11.2079,27.1602,35.9131
198.0,395.0,11.2515,40.0041,98.695,236.3246,0.0215,0.0001,99.7941,194.5564,49.0251,-16.4746,0.0,0.0001,2.4057,-0.0003,6.1286,35.5425,11.2014,27.1612,35.9144
199.0,397.0,11.2342,39.986,98.7034,235.6302,0.0204,0.0001,99.7947,194.5565,49.0251,-16.4746,0.0,0.0001,2.3995,-0.0007,6.1298,35.5402,11.1838,27.1627,35.9166
200.0,399.0,11.2308,39.9832,98.7052,235.5857,0.0231,0.0001,99.7774,194.5565,49.0251,-16.4745,0.0,0.0001,2.399,-0.0008,6.1307,35.5399,11.1803,27.1631,35.9172
201.0,401.0,11.2221,39.975,98.7081,236.1983,0.0236,0.0001,99.7747,194.5566,49.0251,-16.4745,0.0,0.0001,2.4007,0.0003,6.1308,35.5391,11.1712,27.1642,35.9186
202.0,403.0,11.2228,39.9764,98.6919,236.3022,0.0239,0.0001,99.7658,194.5567,49.0251,-16.4745,0.0,0.0001,2.4006,0.0003,6.1317,35.5391,11.1717,27.164,35.9185
203.0,405.0,11.2197,39.9744,98.6991,236.7496,0.0257,0.0001,99.7538,194.5567,49.0251,-16.4745,0.0,0.0001,2.4019,0.001,6.1316,35.539,11.1683,27.1646,35.9192
204.0,407.0,11.2195,39.975,98.7065,236.511,0.0227,0.0001,99.794,194.5568,49.0251,-16.4745,0.0,0.0001,2.4035,-0.0003,6.1323,35.5388,11.1679,27.1646,35.9192
205.0,409.0,11.2176,39.9744,98.7025,236.5185,0.019,0.0001,99.801,194.5569,49.0251,-16.4745,0.0,0.0001,2.4005,0.0001,6.1328,35.5393,11.1657,27.1653,35.92
206.0,411.0,11.2098,39.9672,98.7041,236.6733,0.0206,0.0001,99.7991,194.5569,49.0251,-16.4745,0.0,0.0001,2.4019,0.0,6.1341,35.5387,11.1578,27.1663,35.9214
207.0,413.0,11.1913,39.946,98.7037,236.3323,0.0213,0.0001,99.7967,194.5571,49.025,-16.4745,0.0,0.0001,2.3995,-0.0008,6.1371,35.5347,11.139,27.1666,35.9224
208.0,415.0,11.1789,39.9341,98.7024,236.4763,0.0215,0.0001,99.7946,194.5571,49.025,-16.4745,0.0,0.0001,2.3994,0.0,6.1358,35.5338,11.1264,27.1683,35.9246
209.0,417.0,11.1789,39.9348,98.6945,235.9282,0.0205,0.0001,99.8025,194.5572,49.025,-16.4744,0.0,0.0001,2.3953,-0.0008,6.1382,35.5338,11.1261,27.1683,35.9247
210.0,419.0,11.1754,39.9315,98.704,235.9724,0.0223,0.0001,99.7949,194.5572,49.025,-16.4744,0.0,0.0001,2.3945,-0.0002,6.1377,35.5331,11.1225,27.1684,35.925
211.0,421.0,11.1634,39.919,98.7026,235.5262,0.0228,0.0001,99.8033,194.5573,49.025,-16.4744,0.0,0.0001,2.3896,-0.0004,6.1403,35.5311,11.1101,27.1691,35.9262
212.0,423.0,11.156,39.911,98.6989,234.3564,0.0223,0.0001,99.8022,194.5574,49.025,-16.4744,0.0,0.0001,2.3806,-0.0011,6.1436,35.5293,11.1025,27.1691,35.9265
213.0,425.0,11.1364,39.8901,98.6947,234.0906,0.0198,0.0001,99.8049,194.5574,49.025,-16.4744,0.0,0.0001,2.3776,-0.0009,6.1441,35.5265,11.0827,27.1706,35.9288
214.0,427.0,11.132,39.8856,98.6917,233.4819,0.0211,0.0001,99.8139,194.5575,49.0249,-16.4744,0.0,0.0001,2.3714,-0.0009,6.1461,35.5254,11.0781,27.1705,35.929
215.0,429.0,11.1142,39.8662,98.6962,233.0684,0.0168,0.0001,99.8253,194.5575,49.0249,-16.4744,0.0,0.0001,2.3685,-0.0007,6.1439,35.5224,11.0601,27.1716,35.9308
216.0,431.0,11.1119,39.8647,98.6937,233.3876,0.0226,0.0001,99.8231,194.5576,49.0249,-16.4744,0.0,0.0001,2.3687,-0.0003,6.147,35.5222,11.0575,27.1719,35.9312
217.0,433.0,11.1119,39.8653,98.7025,233.1214,0.0205,0.0001,99.8393,194.5577,49.0249,-16.4744,0.0,0.0001,2.3651,-0.0004,6.1488,35.522,11.0573,27.1718,35.9311
218.0,435.0,11.0943,39.8468,98.696,233.3035,0.02,0.0001,99.8171,194.5578,49.0248,-16.4744,0.0,0.0001,2.3648,0.0,6.1494,35.5194,11.0395,27.173,35.9331
219.0,437.0,11.092,39.8454,98.7032,232.5617,0.0215,0.0001,99.8385,194.5579,49.0248,-16.4744,0.0,0.0001,2.361,-0.001,6.1506,35.5193,11.0369,27.1734,35.9336
220.0,439.0,11.0859,39.8394,98.7037,232.845,0.0198,0.0001,99.8415,194.5579,49.0248,-16.4744,0.0,0.0001,2.3608,0.0,6.1497,35.5187,11.0306,27.174,35.9345
221.0,441.0,11.0817,39.8366,98.7003,232.5088,0.0209,0.0001,99.8269,194.558,49.0248,-16.4744,0.0,0.0001,2.3565,0.0,6.1507,35.5188,11.0261,27.175,35.9356
222.0,443.0,11.0821,39.8374,98.7042,232.9171,0.0246,0.0001,99.8368,194.5581,49.0247,-16.4745,0.0,0.0001,2.3586,0.0003,6.1518,35.5183,11.0262,27.1746,35.9352
223.0,445.0,11.0784,39.8342,98.705,232.3854,0.0208,0.0001,99.8416,194.5581,49.0247,-16.4745,0.0,0.0001,2.3561,-0.0005,6.1518,35.5181,11.0224,27.1751,35.9359
224.0,447.0,11.0755,39.8326,98.6996,232.6206,0.0217,0.0001,99.8365,194.5582,49.0247,-16.4745,0.0,0.0001,2.356,0.0001,6.1516,35.518,11.0191,27.1756,35.9366
225.0,449.0,11.0795,39.8388,98.6986,231.7453,0.0216,0.0001,99.8172,194.5583,49.0247,-16.4745,0.0,0.0001,2.352,-0.0013,6.1511,35.5196,11.0229,27.1761,35.9369
226.0,451.0,11.0817,39.8424,98.7023,231.639,0.0208,0.0001,99.8017,194.5583,49.0247,-16.4745,0.0,0.0001,2.3492,-0.0005,6.1511,35.5202,11.0249,27.1763,35.937
227.0,453.0,11.0819,39.844,98.6935,231.3633,0.0199,0.0001,99.8105,194.5584,49.0246,-16.4745,0.0,0.0001,2.3466,-0.0006,6.151,35.5207,11.0249,27.1767,35.9374
228.0,455.0,11.0822,39.8454,98.6957,231.2398,0.0204,0.0001,99.8273,194.5585,49.0246,-16.4746,0.0,0.0001,2.3445,-0.0003,6.151,35.521,11.0249,27.1769,35.9376
229.0,457.0,11.0811,39.8455,98.7002,231.0533,0.0212,0.0001,99.8125,194.5586,49.0246,-16.4746,0.0,0.0001,2.3425,-0.0005,6.1521,35.521,11.0235,27.1772,35.9379
230.0,459.0,11.0762,39.8414,98.6887,231.2546,0.0196,0.0001,99.8306,194.5586,49.0246,-16.4746,0.0,0.0001,2.3427,0.0001,6.1512,35.521,11.0183,27.1781,35.9391
231.0,461.0,11.0738,39.8396,98.699,231.2452,0.0216,0.0001,99.8143,194.5587,49.0246,-16.4746,0.0,0.0001,2.3431,-0.0006,6.1533,35.5206,11.0157,27.1783,35.9393
232.0,463.0,11.0643,39.8292,98.6978,231.9157,0.0218,0.0001,99.8208,194.5587,49.0246,-16.4746,0.0,0.0001,2.3439,0.0012,6.1525,35.5187,11.006,27.1786,35.9401
233.0,465.0,11.0604,39.8263,98.6941,231.3562,0.0202,0.0001,99.8274,194.5588,49.0245,-16.4746,0.0,0.0001,2.3412,-0.0001,6.1552,35.5184,11.0019,27.1791,35.9407
234.0,467.0,11.0402,39.8046,98.6991,231.4133,0.0194,0.0001,99.8318,194.5589,49.0245,-16.4746,0.0,0.0001,2.3404,-0.0001,6.1582,35.5153,10.9814,27.1804,35.943
235.0,469.0,11.0214,39.7832,98.6947,230.3937,0.024,0.0001,99.8347,194.559,49.0245,-16.4746,0.0,0.0001,2.3341,-0.0014,6.1605,35.5113,10.9624,27.1807,35.9441
236.0,471.0,11.0098,39.7714,98.7033,229.9678,0.0229,0.0001,99.8234,194.5591,49.0245,-16.4746,0.0,0.0001,2.3287,-0.0007,6.1609,35.5098,10.9507,27.1818,35.9456
237.0,473.0,11.004,39.7658,98.6962,229.7213,0.0242,0.0001,99.8247,194.5592,49.0245,-16.4746,0.0,0.0001,2.3264,-0.0009,6.1615,35.509,10.9446,27.1822,35.9463
238.0,475.0,11.0042,39.7671,98.6848,230.2206,0.0221,0.0001,99.8301,194.5592,49.0245,-16.4746,0.0,0.0001,2.3272,0.0005,6.1609,35.5094,10.9446,27.1825,35.9466
239.0,477.0,11.0044,39.7686,98.694,230.3244,0.0208,0.0001,99.8269,194.5593,49.0245,-16.4746,0.0,0.0001,2.3276,0.0001,6.1637,35.5096,10.9445,27.1827,35.9468
240.0,479.0,10.9864,39.7497,98.6992,229.0944,0.0216,0.0001,99.831,194.5593,49.0245,-16.4746,0.0,0.0001,2.3194,-0.0012,6.1684,35.5071,10.9262,27.184,35.9489
241.0,481.0,10.9604,39.7199,98.6991,228.3722,0.0201,0.0001,99.8377,194.5594,49.0244,-16.4745,0.0,0.0001,2.3152,-0.0016,6.167,35.5017,10.9002,27.1846,35.9506
242.0,483.0,10.9289,39.6846,98.6871,228.3926,0.0208,0.0001,99.8252,194.5595,49.0244,-16.4746,0.0,0.0001,2.3101,-0.0002,6.1703,35.4958,10.8684,27.1857,35.9532
243.0,485.0,10.9335,39.6913,98.6893,228.5623,0.0228,0.0001,99.8345,194.5595,49.0244,-16.4745,0.0,0.0001,2.3097,-0.0001,6.1734,35.4972,10.8729,27.1861,35.9533
244.0,487.0,10.9143,39.6707,98.6947,227.913,0.0222,0.0001,99.8395,194.5596,49.0244,-16.4745,0.0,0.0001,2.3068,-0.0011,6.1751,35.4942,10.8534,27.1872,35.9553
245.0,489.0,10.9113,39.6688,98.6932,228.057,0.0225,0.0001,99.8359,194.5596,49.0244,-16.4745,0.0,0.0001,2.3043,-0.0001,6.1746,35.4945,10.8503,27.1881,35.9562
246.0,491.0,10.915,39.6752,98.6981,228.1,0.0203,0.0001,99.8225,194.5597,49.0244,-16.4745,0.0,0.0001,2.3039,-0.0001,6.1746,35.4963,10.8536,27.1888,35.9568
247.0,493.0,10.9109,39.6719,98.691,228.8508,0.02,0.0001,99.8366,194.5598,49.0244,-16.4745,0.0,0.0001,2.308,0.0011,6.1741,35.4963,10.8493,27.1896,35.9578
248.0,495.0,10.9162,39.6805,98.6904,228.8595,0.0222,0.0001,99.8173,194.5599,49.0244,-16.4745,0.0,0.0001,2.3098,-0.0001,6.1729,35.4987,10.8543,27.1906,35.9585
249.0,497.0,10.9322,39.7013,98.6941,228.9933,0.0227,0.0001,99.8262,194.5599,49.0244,-16.4745,0.0,0.0001,2.3107,-0.0002,6.1721,35.5033,10.87,27.1913,35.9586
250.0,499.0,10.933,39.7037,98.6861,229.014,0.0213,0.0001,99.8179,194.56,49.0244,-16.4745,0.0,0.0001,2.3104,0.0,6.1717,35.5038,10.8706,27.1916,35.9588
251.0,501.0,10.9359,39.7097,98.6978,229.2524,0.0195,0.0001,99.7832,194.56,49.0244,-16.4745,0.0,0.0001,2.3111,0.0007,6.1718,35.5062,10.8732,27.193,35.9601
252.0,503.0,10.9357,39.7098,98.6948,229.5411,0.0221,0.0001,99.8196,194.5601,49.0244,-16.4745,0.0,0.0001,2.3127,0.0005,6.1713,35.5058,10.8728,27.1927,35.9598
253.0,505.0,10.9299,39.7051,98.7013,229.6482,0.0191,0.0001,99.8337,194.5602,49.0244,-16.4745,0.0,0.0001,2.3137,0.0,6.1725,35.5056,10.8667,27.1937,35.961
254.0,507.0,10.9266,39.7022,98.6866,229.4582,0.0199,0.0001,99.8356,194.5602,49.0244,-16.4745,0.0,0.0001,2.3128,-0.0004,6.174,35.5052,10.8632,27.194,35.9615
255.0,509.0,10.9094,39.6841,98.6956,228.7166,0.0193,0.0001,99.8326,194.5603,49.0244,-16.4745,0.0,0.0001,2.307,-0.001,6.1764,35.5025,10.8457,27.1951,35.9633
256.0,511.0,10.8954,39.669,98.6997,228.0146,0.0212,0.0001,99.8253,194.5604,49.0244,-16.4744,0.0,0.0001,2.301,-0.0011,6.1773,35.5001,10.8316,27.1958,35.9646
257.0,513.0,10.8767,39.6487,98.6904,227.3606,0.0229,0.0001,99.8283,194.5604,49.0244,-16.4744,0.0,0.0001,2.2941,-0.0005,6.1771,35.497,10.8126,27.1968,35.9665
258.0,515.0,10.8779,39.6512,98.6924,226.7055,0.0215,0.0001,99.8174,194.5606,49.0244,-16.4744,0.0,0.0001,2.2898,-0.0012,6.1791,35.4973,10.8135,27.1969,35.9665
259.0,517.0,10.8718,39.6454,98.6918,227.3072,0.0214,0.0001,99.8261,194.5606,49.0243,-16.4744,0.0,0.0001,2.2904,0.0001,6.1806,35.4966,10.8072,27.1975,35.9674
260.0,519.0,10.8604,39.6342,98.6929,226.8616,0.0218,0.0001,99.8377,194.5607,49.0243,-16.4744,0.0,0.0001,2.2879,-0.0009,6.1836,35.4955,10.7956,27.1987,35.9691
261.0,521.0,10.8472,39.6216,98.6953,227.0276,0.0224,0.0001,99.8433,194.5607,49.0243,-16.4744,0.0,0.0001,2.288,-0.0003,6.1826,35.4948,10.7822,27.2006,35.9715
262.0,523.0,10.8377,39.6116,98.6955,227.4467,0.0213,0.0001,99.8342,194.5608,49.0243,-16.4743,0.0,0.0001,2.2884,0.0002,6.1862,35.4931,10.7725,27.201,35.9724
263.0,525.0,10.8185,39.591,98.6942,227.8574,0.0233,0.0001,99.8242,194.5608,49.0243,-16.4743,0.0,0.0001,2.2886,0.0015,6.1844,35.4902,10.7531,27.2022,35.9745
264.0,527.0,10.8215,39.5953,98.6923,227.6222,0.0206,0.0001,99.8307,194.5609,49.0243,-16.4743,0.0,0.0001,2.2889,0.0,6.1883,35.4907,10.7559,27.2021,35.9742
265.0,529.0,10.7994,39.5728,98.6931,227.8236,0.0216,0.0001,99.867,194.561,49.0243,-16.4743,0.0,0.0001,2.2889,0.0002,6.191,35.4884,10.7335,27.2043,35.9774
266.0,531.0,10.7938,39.5669,98.6946,226.8005,0.0192,0.0001,99.8491,194.5611,49.0243,-16.4743,0.0,0.0001,2.2857,-0.0018,6.1914,35.4873,10.7278,27.2045,35.9778
267.0,533.0,10.7873,39.5626,98.6978,226.6645,0.02,0.0001,99.8506,194.5612,49.0243,-16.4743,0.0,0.0001,2.2811,-0.0005,6.1913,35.4884,10.7211,27.2065,35.9801
268.0,535.0,10.7869,39.5641,98.6913,226.0567,0.0186,0.0001,99.818,194.5613,49.0243,-16.4742,0.0,0.0001,2.2756,-0.0008,6.1919,35.4892,10.7203,27.2073,35.9809
269.0,537.0,10.7841,39.5631,98.6871,226.4021,0.0211,0.0001,99.8462,194.5613,49.0243,-16.4742,0.0,0.0001,2.276,0.0003,6.1913,35.4901,10.7174,27.2086,35.9823
270.0,539.0,10.7829,39.5628,98.6907,226.4899,0.0209,0.0001,99.8494,194.5614,49.0242,-16.4742,0.0,0.0001,2.2765,-0.0001,6.1928,35.4899,10.7159,27.2087,35.9824
271.0,541.0,10.7722,39.5514,98.696,225.9447,0.0216,0.0001,99.8459,194.5615,49.0242,-16.4742,0.0,0.0001,2.2727,-0.001,6.1964,35.488,10.7049,27.2092,35.9834
272.0,543.0,10.7512,39.5297,98.6957,226.1272,0.0214,0.0001,99.8442,194.5615,49.0242,-16.4742,0.0,0.0001,2.272,-0.0001,6.1944,35.4856,10.6838,27.2111,35.9862
273.0,545.0,10.7508,39.5297,98.6886,225.9208,0.0201,0.0001,99.8397,194.5616,49.0242,-16.4742,0.0,0.0001,2.2696,-0.0003,6.1991,35.4853,10.6831,27.2109,35.9861
274.0,547.0,10.7444,39.5233,98.6932,225.7486,0.0204,0.0001,99.846,194.5616,49.0242,-16.4742,0.0,0.0001,2.2685,-0.0004,6.1978,35.4842,10.6766,27.2113,35.9868
275.0,549.0,10.7329,39.5114,98.6891,226.0223,0.0207,0.0001,99.8643,194.5617,49.0242,-16.4741,0.0,0.0001,2.2678,-0.0001,6.2029,35.4825,10.6649,27.2121,35.988
276.0,551.0,10.6772,39.4504,98.6915,226.3219,0.0236,0.0001,99.8679,194.5618,49.0241,-16.4741,0.0,0.0001,2.2685,-0.0001,6.2075,35.474,10.6091,27.2154,35.9938
277.0,553.0,10.6724,39.4457,98.6954,225.9216,0.022,0.0001,99.8638,194.5619,49.0241,-16.4742,0.0,0.0001,2.2665,-0.0005,6.2074,35.4733,10.6041,27.2157,35.9943
278.0,555.0,10.6657,39.439,98.6953,225.586,0.0207,0.0001,99.869,194.562,49.0241,-16.4742,0.0,0.0001,2.264,-0.001,6.2116,35.4721,10.5972,27.216,35.9949
279.0,557.0,10.6397,39.4104,98.6861,225.0165,0.0203,0.0001,99.8255,194.562,49.0241,-16.4742,0.0,0.0001,2.2572,-0.0004,6.2111,35.4675,10.5709,27.2171,35.9972
280.0,559.0,10.6251,39.3936,98.6896,223.342,0.0209,0.0001,99.8477,194.5621,49.0241,-16.4742,0.0,0.0001,2.2488,-0.0024,6.2136,35.4635,10.5561,27.2167,35.9974
281.0,561.0,10.5925,39.3566,98.6922,221.8211,0.0228,0.0001,99.855,194.5622,49.0241,-16.4741,0.0,0.0001,2.2358,-0.0031,6.2239,35.4572,10.5234,27.2176,35.9997
282.0,563.0,10.56,39.3208,98.6855,218.7287,0.0208,0.0001,99.8534,194.5622,49.024,-16.4741,0.0,0.0001,2.2137,-0.0028,6.2259,35.4518,10.4909,27.2191,36.0027
283.0,565.0,10.5447,39.305,98.6862,214.8651,0.0214,0.0,99.8868,194.5623,49.024,-16.4741,0.0,0.0001,2.1864,-0.0053,6.227,35.4498,10.4754,27.2203,36.0046
284.0,567.0,10.521,39.2789,98.6869,217.3682,0.0217,0.0,99.8972,194.5624,49.024,-16.4741,0.0,0.0001,2.1867,0.0012,6.2285,35.4452,10.4515,27.221,36.0063
285.0,569.0,10.5251,39.2875,98.6879,220.0002,0.0174,0.0,99.8956,194.5625,49.024,-16.4741,0.0,0.0001,2.2026,0.0025,6.2275,35.4493,10.4553,27.2234,36.0086
286.0,571.0,10.5347,39.3046,98.6852,220.4066,0.0213,0.0,99.8708,194.5626,49.024,-16.4742,0.0,0.0001,2.2114,0.0005,6.2276,35.4563,10.4646,27.2273,36.0119
287.0,573.0,10.5308,39.301,98.6931,220.4517,0.0213,0.0,99.8816,194.5626,49.024,-16.4741,0.0,0.0001,2.2135,0.0,6.2275,35.4558,10.4606,27.2276,36.0124
288.0,575.0,10.5189,39.2894,98.6899,220.2174,0.0207,0.0001,99.8383,194.5627,49.0239,-16.4742,0.0,0.0001,2.2101,0.0002,6.2278,35.4545,10.4484,27.2287,36.014
289.0,577.0,10.5181,39.2892,98.6866,220.2556,0.021,0.0001,99.8545,194.5627,49.0239,-16.4742,0.0,0.0001,2.2101,0.0003,6.2278,35.4545,10.4474,27.2289,36.0143
290.0,579.0,10.5268,39.3013,98.6836,220.5957,0.019,0.0,99.8515,194.5628,49.0239,-16.4742,0.0,0.0001,2.2124,0.0005,6.225,35.4574,10.4558,27.2297,36.0147
291.0,581.0,10.564,39.3511,98.6825,222.5327,0.0217,0.0,99.8929,194.5629,49.0239,-16.4742,0.0,0.0001,2.2257,0.001,6.222,35.4705,10.4925,27.2334,36.0167
292.0,583.0,10.5685,39.3584,98.6811,222.937,0.0204,0.0001,99.8826,194.5629,49.0239,-16.4742,0.0,0.0001,2.2297,0.0007,6.2239,35.4726,10.4968,27.2343,36.0174
293.0,585.0,10.5624,39.3522,98.6866,223.1967,0.0231,0.0001,99.8718,194.563,49.0238,-16.4742,0.0,0.0001,2.2308,0.0009,6.2215,35.4713,10.4904,27.2344,36.0178
294.0,587.0,10.5854,39.3839,98.6893,223.413,0.0198,0.0,99.8955,194.5631,49.0238,-16.4742,0.0,0.0001,2.2346,0.0002,6.2187,35.48,10.513,27.2372,36.0194
295.0,589.0,10.5884,39.3885,98.6826,223.0444,0.0203,0.0001,99.8739,194.5632,49.0238,-16.4742,0.0,0.0001,2.2328,-0.0005,6.2198,35.481,10.5158,27.2375,36.0196
296.0,591.0,10.5761,39.3766,98.68,222.4654,0.0211,0.0001,99.8706,194.5632,49.0238,-16.4742,0.0,0.0001,2.2289,-0.0007,6.2208,35.4799,10.5033,27.2389,36.0215
297.0,593.0,10.5631,39.3633,98.6876,222.5356,0.0218,0.0001,99.8624,194.5633,49.0237,-16.4742,0.0,0.0001,2.2262,0.0,6.2224,35.4781,10.4901,27.2398,36.023
298.0,595.0,10.5447,39.3422,98.6969,221.9768,0.0204,0.0001,99.8881,194.5634,49.0237,-16.4742,0.0,0.0001,2.2232,-0.0011,6.2269,35.474,10.4716,27.2398,36.0239
299.0,597.0,10.5306,39.3298,98.6881,221.3887,0.0197,0.0001,99.8702,194.5635,49.0237,-16.4742,0.0,0.0001,2.2165,-0.0003,6.2266,35.474,10.4571,27.2424,36.0271
300.0,599.0,10.5318,39.3319,98.6882,221.3208,0.0216,0.0001,99.8859,194.5635,49.0237,-16.4742,0.0,0.0001,2.2151,-0.0004,6.2268,35.4745,10.4582,27.2426,36.0272
301.0,601.0,10.5305,39.3317,98.6886,220.8016,0.021,0.0001,99.8685,194.5636,49.0236,-16.4743,0.0,0.0001,2.2117,-0.0006,6.227,35.4745,10.4566,27.2429,36.0276
302.0,603.0,10.5266,39.3299,98.6842,220.5043,0.022,0.0,99.8948,194.5637,49.0236,-16.4743,0.0,0.0001,2.2081,-0.0006,6.2269,35.4756,10.4525,27.2445,36.0294
303.0,605.0,10.5242,39.3305,98.6888,220.661,0.0198,0.0001,99.8647,194.5638,49.0236,-16.4743,0.0,0.0001,2.2084,-0.0002,6.227,35.4775,10.4499,27.2465,36.0314
304.0,607.0,10.5251,39.3331,98.6849,220.2906,0.0233,0.0001,99.8593,194.5638,49.0236,-16.4743,0.0,0.0001,2.2056,-0.0003,6.2269,35.4784,10.4505,27.247,36.0319
305.0,609.0,10.5303,39.342,98.6834,220.6525,0.0221,0.0001,99.8574,194.5639,49.0235,-16.4743,0.0,0.0001,2.2062,0.0002,6.2271,35.4813,10.4555,27.2484,36.0331
306.0,611.0,10.5212,39.3332,98.6821,219.2061,0.0222,0.0001,99.8541,194.564,49.0235,-16.4743,0.0,0.0001,2.1995,-0.0017,6.2307,35.4806,10.4461,27.2495,36.0346
307.0,613.0,10.4902,39.3,98.68,217.9327,0.0218,0.0001,99.8341,194.5641,49.0235,-16.4743,0.0,0.0001,2.1875,-0.0017,6.2347,35.4759,10.4149,27.2514,36.0378
308.0,615.0,10.4784,39.2876,98.6804,217.8536,0.0205,0.0001,99.8537,194.5641,49.0235,-16.4743,0.0,0.0001,2.1845,-0.0004,6.2313,35.4744,10.403,27.2522,36.0392
309.0,617.0,10.4691,39.2783,98.6862,216.5242,0.0221,0.0001,99.835,194.5642,49.0235,-16.4743,0.0,0.0001,2.1748,-0.0016,6.2392,35.473,10.3935,27.2529,36.0402
310.0,619.0,10.4445,39.2519,98.6821,216.1383,0.0212,0.0001,99.8297,194.5642,49.0235,-16.4743,0.0,0.0001,2.1717,-0.0014,6.237,35.4693,10.3687,27.2544,36.0428
311.0,621.0,10.4264,39.2322,98.6816,214.7506,0.0206,0.0001,99.6899,194.5643,49.0235,-16.4743,0.0,0.0001,2.1588,-0.0016,6.2462,35.466,10.3505,27.255,36.0442
312.0,623.0,10.391,39.1933,98.6825,213.7759,0.0194,0.0001,99.829,194.5644,49.0235,-16.4743,0.0,0.0001,2.1515,-0.0011,6.2452,35.4603,10.315,27.2568,36.0476
313.0,625.0,10.3665,39.1661,98.68,211.798,0.0196,0.0001,99.8311,194.5644,49.0235,-16.4743,0.0,0.0001,2.1384,-0.003,6.2506,35.4556,10.2903,27.2574,36.0493
314.0,627.0,10.3618,39.1597,98.68,211.6813,0.0242,0.0001,99.8293,194.5645,49.0235,-16.4743,0.0,0.0001,2.1293,-0.0008,6.2567,35.4527,10.2854,27.2561,36.0482
315.0,629.0,10.2952,39.0885,98.6814,211.1987,0.022,0.0001,99.8225,194.5646,49.0234,-16.4743,0.0,0.0001,2.1238,-0.0009,6.262,35.4446,10.2188,27.2613,36.0564
316.0,631.0,10.2801,39.0716,98.6823,209.9178,0.0213,0.0001,99.8389,194.5646,49.0234,-16.4743,0.0,0.0001,2.1162,-0.0021,6.266,35.4412,10.2037,27.2614,36.0571
317.0,633.0,10.2499,39.0416,98.6829,209.9917,0.0195,0.0001,99.8404,194.5647,49.0234,-16.4743,0.0,0.0001,2.1134,-0.0007,6.2638,35.4392,10.1732,27.2651,36.0621
318.0,635.0,10.2406,39.0323,98.6813,210.0556,0.022,0.0001,99.8333,194.5648,49.0234,-16.4743,0.0,0.0001,2.1122,-0.0003,6.2669,35.4378,10.1638,27.2656,36.0631
319.0,637.0,10.2288,39.0221,98.68,209.9031,0.0229,0.0001,99.8461,194.5648,49.0234,-16.4743,0.0,0.0001,2.1096,-0.0002,6.2685,35.4382,10.1518,27.2681,36.066
320.0,639.0,10.2249,39.02,98.68,209.4356,0.0219,0.0001,99.8344,194.5649,49.0234,-16.4743,0.0,0.0001,2.1056,-0.0004,6.2696,35.4387,10.1476,27.2691,36.0672
321.0,641.0,10.2164,39.0117,98.6862,209.2662,0.0214,0.0001,99.8445,194.5649,49.0234,-16.4742,0.0,0.0001,2.1038,-0.0006,6.2728,35.4379,10.139,27.2701,36.0685
322.0,643.0,10.1923,38.987,98.68,209.3084,0.0214,0.0001,99.8489,194.565,49.0234,-16.4742,0.0,0.0001,2.1015,-0.0001,6.2739,35.4352,10.1147,27.2722,36.0717
323.0,645.0,10.1982,38.9939,98.6809,209.075,0.0223,0.0001,99.8293,194.5651,49.0234,-16.4742,0.0,0.0001,2.1002,-0.0004,6.276,35.4358,10.1204,27.2716,36.0709
324.0,647.0,10.1685,38.9637,98.6819,209.2147,0.0213,0.0001,99.8383,194.5652,49.0234,-16.4742,0.0,0.0001,2.0994,0.0,6.2773,35.4329,10.0905,27.2745,36.0751
325.0,649.0,10.1664,38.9626,98.68,209.1899,0.0212,0.0001,99.8382,194.5652,49.0234,-16.4742,0.0,0.0001,2.0992,0.0,6.2769,35.433,10.0882,27.275,36.0757
326.0,651.0,10.1681,38.9653,98.68,208.8748,0.0203,0.0001,99.8397,194.5653,49.0234,-16.4742,0.0,0.0001,2.0971,-0.0006,6.2813,35.4335,10.0896,27.2751,36.0757
327.0,653.0,10.1399,38.9375,98.68,208.6789,0.0206,0.0001,99.8369,194.5653,49.0234,-16.4742,0.0,0.0001,2.0942,-0.0006,6.2818,35.4317,10.0614,27.2786,36.0805
328.0,655.0,10.1328,38.9331,98.68,207.5602,0.0219,0.0001,99.8374,194.5654,49.0234,-16.4742,0.0,0.0001,2.0864,-0.0006,6.2822,35.4328,10.054,27.2808,36.0829
329.0,657.0,10.1279,38.9285,98.6838,206.3513,0.0203,0.0001,99.8423,194.5655,49.0233,-16.4742,0.0,0.0001,2.0814,-0.0026,6.2845,35.4321,10.0489,27.2811,36.0835
330.0,659.0,10.1127,38.9136,98.68,206.4579,0.0195,0.0001,99.8309,194.5655,49.0233,-16.4742,0.0,0.0001,2.0762,-0.0007,6.2859,35.431,10.0335,27.2829,36.0859
331.0,661.0,10.0937,38.8944,98.68,205.2256,0.0202,0.0001,99.8379,194.5656,49.0233,-16.4742,0.0,0.0001,2.0681,-0.0016,6.2884,35.4289,10.0144,27.2846,36.0885
332.0,663.0,10.0854,38.8865,98.6828,204.8326,0.0242,0.0001,99.8357,194.5657,49.0233,-16.4743,0.0,0.0001,2.0625,-0.0008,6.2899,35.4281,10.0059,27.2854,36.0896
333.0,665.0,10.08,38.8816,98.68,204.3821,0.0243,0.0001,99.8285,194.5658,49.0233,-16.4743,0.0,0.0001,2.0579,-0.0008,6.2915,35.4274,10.0002,27.2859,36.0903
334.0,667.0,10.072,38.8744,98.68,204.4098,0.0223,0.0001,99.8228,194.5658,49.0233,-16.4743,0.0,0.0001,2.0563,-0.0003,6.2928,35.4272,9.992,27.2871,36.0919
335.0,669.0,10.0525,38.8555,98.68,203.6557,0.0238,0.0001,99.8168,194.5658,49.0233,-16.4743,0.0,0.0001,2.0526,-0.0013,6.2957,35.4261,9.9724,27.2896,36.0953
336.0,671.0,10.0014,38.8003,98.68,202.2,0.0207,0.0001,99.8342,194.5659,49.0233,-16.4743,0.0,0.0001,2.039,-0.0015,6.3059,35.4185,9.9213,27.2924,36.1004
337.0,673.0,9.9614,38.7573,98.68,200.2771,0.0236,0.0001,99.8545,194.566,49.0233,-16.4743,0.0,0.0001,2.0295,-0.0036,6.3103,35.4128,9.8812,27.2948,36.1045
338.0,675.0,9.9289,38.7246,98.68,200.2888,0.0193,0.0001,99.8354,194.5661,49.0232,-16.4743,0.0,0.0001,2.0215,-0.0012,6.314,35.4103,9.8486,27.2985,36.1096
339.0,677.0,9.8893,38.6857,98.68,198.3858,0.0256,0.0001,99.8252,194.5661,49.0232,-16.4743,0.0,0.0001,2.0088,-0.002,6.3159,35.4082,9.809,27.3035,36.1164
340.0,679.0,9.8874,38.6863,98.68,197.2068,0.0262,0.0001,99.8322,194.5662,49.0232,-16.4743,0.0,0.0001,2.0022,-0.0027,6.316,35.4099,9.8069,27.3053,36.1182
341.0,681.0,9.8899,38.6899,98.68,196.4802,0.0211,0.0001,99.8425,194.5663,49.0232,-16.4743,0.0,0.0001,1.991,-0.0017,6.3246,35.4103,9.8091,27.3052,36.118
342.0,683.0,9.7793,38.5736,98.68,194.0284,0.0219,0.0001,99.8432,194.5663,49.0232,-16.4743,0.0,0.0001,1.9738,-0.0026,6.3323,35.3983,9.6988,27.3145,36.1322
343.0,685.0,9.7777,38.5749,98.68,193.9125,0.0208,0.0001,99.8473,194.5664,49.0232,-16.4743,0.0,0.0001,1.9657,-0.0006,6.3318,35.4001,9.6969,27.3163,36.134
344.0,687.0,9.7821,38.5818,98.68,193.6664,0.0211,0.0001,99.8384,194.5665,49.0232,-16.4743,0.0,0.0001,1.9649,-0.0008,6.332,35.4023,9.7011,27.3173,36.1348
345.0,689.0,9.7776,38.5813,98.68,192.9895,0.0206,0.0001,99.8451,194.5665,49.0232,-16.4743,0.0,0.0001,1.9587,-0.0008,6.3325,35.4051,9.6963,27.3203,36.138
346.0,691.0,9.7738,38.5782,98.68,192.9018,0.0206,0.0001,99.8459,194.5666,49.0231,-16.4743,0.0,0.0001,1.9567,-0.0004,6.3325,35.4048,9.6924,27.3207,36.1386
347.0,693.0,9.7679,38.5738,98.68,192.7573,0.0224,0.0001,99.8554,194.5667,49.0231,-16.4743,0.0,0.0001,1.9545,-0.0004,6.3347,35.4052,9.6863,27.322,36.1401
348.0,695.0,9.7596,38.5667,98.68,192.5268,0.0212,0.0001,99.8526,194.5667,49.0231,-16.4743,0.0,0.0001,1.9525,-0.0004,6.3359,35.4052,9.6778,27.3235,36.1419
349.0,697.0,9.7589,38.574,98.68,192.4302,0.021,0.0001,99.8421,194.5668,49.0231,-16.4743,0.0,0.0001,1.9505,-0.0001,6.3353,35.4121,9.6767,27.3291,36.1475
350.0,699.0,9.7577,38.5735,98.68,191.7445,0.0216,0.0001,99.8425,194.5669,49.0231,-16.4742,0.0,0.0001,1.9459,-0.0005,6.3348,35.4122,9.6754,27.3293,36.1478
351.0,701.0,9.7592,38.5791,98.68,191.4187,0.0253,0.0001,99.844,194.5669,49.0231,-16.4742,0.0,0.0001,1.9446,-0.0009,6.3342,35.4156,9.6766,27.3318,36.1502
352.0,703.0,9.761,38.5827,98.68,191.3936,0.0256,0.0001,99.8358,194.567,49.0231,-16.4742,0.0,0.0001,1.9426,-0.0002,6.333,35.4165,9.6781,27.3323,36.1506
353.0,705.0,9.7683,38.5939,98.68,191.1691,0.0207,0.0001,99.8453,194.5671,49.0231,-16.4742,0.0,0.0001,1.9414,-0.0002,6.3307,35.42,9.6851,27.3338,36.1517
354.0,707.0,9.8001,38.6379,98.68,190.3509,0.0221,0.0001,99.8494,194.5672,49.023,-16.4742,0.0,0.0001,1.9379,-0.0009,6.3225,35.4331,9.7165,27.3387,36.1551
355.0,709.0,9.8454,38.7045,98.68,189.6174,0.0198,0.0001,99.8468,194.5672,49.023,-16.4741,0.0,0.0001,1.9317,-0.0006,6.3192,35.4561,9.7613,27.3491,36.1633
356.0,711.0,9.8646,38.7326,98.68,189.2353,0.0214,0.0001,99.8381,194.5673,49.023,-16.4741,0.0,0.0001,1.9281,-0.0005,6.3189,35.4651,9.7801,27.353,36.1662
357.0,713.0,9.8742,38.7451,98.68,188.6728,0.0216,0.0001,99.8425,194.5674,49.023,-16.4741,0.0,0.0001,1.9258,-0.0012,6.3178,35.4676,9.7894,27.3534,36.1662
358.0,715.0,9.8756,38.7489,98.68,189.0101,0.0211,0.0001,99.8354,194.5674,49.023,-16.4741,0.0,0.0001,1.9254,-0.0002,6.3168,35.4695,9.7906,27.3546,36.1674
359.0,717.0,9.8819,38.7619,98.68,187.827,0.0208,0.0001,99.8629,194.5675,49.023,-16.4741,0.0,0.0001,1.9194,-0.0014,6.3155,35.4755,9.7966,27.3583,36.1707
360.0,719.0,9.8822,38.763,98.68,188.1944,0.0208,0.0001,99.8353,194.5676,49.023,-16.4741,0.0,0.0001,1.9184,-0.0002,6.3156,35.4756,9.7967,27.3584,36.1708
361.0,721.0,9.8803,38.7636,98.68,187.9886,0.0198,0.0001,99.8246,194.5677,49.023,-16.474,0.0,0.0001,1.9171,-0.0005,6.3186,35.4769,9.7945,27.3597,36.1722
362.0,723.0,9.8787,38.7627,98.68,188.1331,0.0236,0.0001,99.8276,194.5677,49.023,-16.474,0.0,0.0001,1.9169,0.0,6.3174,35.477,9.7928,27.3601,36.1726
363.0,725.0,9.8295,38.7092,98.68,187.5109,0.0211,0.0001,99.817,194.5678,49.023,-16.474,0.0,0.0001,1.9127,-0.0011,6.3265,35.4691,9.7435,27.3623,36.1771
364.0,727.0,9.773,38.6459,98.68,187.5751,0.0202,0.0001,99.8075,194.5678,49.023,-16.474,0.0,0.0001,1.9113,-0.0004,6.3249,35.4588,9.6871,27.3639,36.1812
365.0,729.0,9.7784,38.6539,98.68,187.4291,0.0179,0.0001,99.8076,194.5679,49.023,-16.474,0.0,0.0001,1.9095,-0.0002,6.3293,35.4609,9.6922,27.3646,36.1817
366.0,731.0,9.7642,38.6422,98.68,187.5338,0.0224,0.0001,99.7975,194.5679,49.023,-16.474,0.0,0.0001,1.9079,0.0001,6.3306,35.4618,9.6778,27.3678,36.1854
367.0,733.0,9.767,38.6466,98.68,186.9951,0.0226,0.0001,99.7908,194.568,49.023,-16.4739,0.0,0.0001,1.9046,-0.0005,6.3337,35.4628,9.6804,27.3681,36.1856
368.0,735.0,9.7618,38.6419,98.68,186.7852,0.021,0.0001,99.8115,194.5681,49.0229,-16.4739,0.0,0.0001,1.9034,-0.0005,6.3339,35.4622,9.675,27.3685,36.1863
369.0,737.0,9.751,38.6333,98.68,186.9489,0.0199,0.0001,99.8106,194.5681,49.0229,-16.4739,0.0,0.0001,1.9014,-0.0003,6.343,35.463,9.664,27.371,36.1892
370.0,739.0,9.6503,38.5277,98.68,186.5536,0.0218,0.0001,99.8225,194.5682,49.0229,-16.4739,0.0,0.0001,1.8965,-0.0003,6.349,35.4521,9.5635,27.3794,36.2021
371.0,741.0,9.6543,38.5359,98.68,186.2264,0.0222,0.0001,99.8083,194.5683,49.0229,-16.4739,0.0,0.0001,1.8942,-0.0001,6.3436,35.4559,9.5673,27.3817,36.2042
372.0,743.0,9.6967,38.5948,98.68,185.5252,0.0223,0.0001,99.8127,194.5683,49.0229,-16.4739,0.0,0.0001,1.8916,-0.0011,6.3452,35.4741,9.6093,27.3889,36.2093
373.0,745.0,9.6903,38.5924,98.68,185.7944,0.0207,0.0001,99.8093,194.5684,49.0229,-16.4739,0.0,0.0001,1.8904,0.0,6.3422,35.4766,9.6026,27.392,36.2127
374.0,747.0,9.7052,38.6119,98.68,184.5419,0.0191,0.0001,99.8256,194.5685,49.0229,-16.4739,0.0,0.0001,1.8869,-0.002,6.3414,35.4813,9.6172,27.3932,36.2132
375.0,749.0,9.719,38.6346,98.68,184.5698,0.0219,0.0001,99.8219,194.5685,49.0229,-16.4739,0.0,0.0001,1.8829,-0.0007,6.3381,35.4903,9.6306,27.398,36.2172
376.0,751.0,9.7184,38.6411,98.68,183.8099,0.0197,0.0001,99.8221,194.5686,49.0229,-16.4739,0.0,0.0001,1.8769,-0.0008,6.3384,35.4965,9.6297,27.403,36.2222
377.0,753.0,9.707,38.6325,98.68,183.5995,0.0221,0.0001,99.8002,194.5687,49.0229,-16.4739,0.0,0.0001,1.8744,-0.0005,6.3386,35.4978,9.6181,27.4059,36.2256
378.0,755.0,9.7067,38.6332,98.68,183.7482,0.0216,0.0001,99.8147,194.5687,49.0229,-16.4739,0.0,0.0001,1.8738,-0.0002,6.3413,35.4982,9.6177,27.4064,36.2261
379.0,757.0,9.7075,38.6336,98.68,182.8602,0.0221,0.0001,99.7993,194.5688,49.0229,-16.4739,0.0,0.0001,1.8684,-0.0018,6.3548,35.4969,9.6182,27.4053,36.225
380.0,759.0,9.5815,38.4928,98.68,183.5943,0.02,0.0001,99.8066,194.5689,49.0229,-16.4739,0.0,0.0001,1.8697,0.0,6.3549,35.4748,9.4926,27.409,36.2344
381.0,761.0,9.5681,38.477,98.68,183.5812,0.021,0.0001,99.7991,194.569,49.0229,-16.4738,0.0,0.0001,1.8673,-0.0004,6.3665,35.4709,9.4791,27.4083,36.2343
382.0,763.0,9.4867,38.3864,98.68,184.1142,0.0197,0.0001,99.8079,194.569,49.0228,-16.4738,0.0,0.0001,1.8689,0.0008,6.3606,35.4565,9.3979,27.4105,36.2402
383.0,765.0,9.5029,38.4069,98.68,184.2611,0.0208,0.0001,99.8002,194.5691,49.0228,-16.4738,0.0,0.0001,1.8683,0.0004,6.3735,35.4607,9.4137,27.4111,36.2401
384.0,767.0,9.4827,38.3831,98.68,184.712,0.0214,0.0001,99.8268,194.5691,49.0228,-16.4738,0.0,0.0001,1.8706,0.0003,6.3793,35.4552,9.3935,27.4102,36.2401
385.0,769.0,9.4483,38.3467,98.68,184.4926,0.0221,0.0001,99.8165,194.5692,49.0228,-16.4738,0.0,0.0001,1.8692,-0.0002,6.386,35.4506,9.359,27.4124,36.2438
386.0,771.0,9.3859,38.2764,98.68,184.3464,0.0232,0.0001,99.8201,194.5693,49.0228,-16.4738,0.0,0.0001,1.8675,-0.0004,6.3878,35.4383,9.2967,27.413,36.2473
387.0,773.0,9.3617,38.2516,98.68,184.6461,0.0227,0.0001,99.7027,194.5694,49.0228,-16.4738,0.0,0.0001,1.8679,0.0,6.39,35.4356,9.2725,27.4149,36.2503
388.0,775.0,9.3542,38.2436,98.68,184.7355,0.0223,0.0001,99.8305,194.5695,49.0228,-16.4737,0.0,0.0001,1.8672,0.0001,6.3932,35.4337,9.2647,27.4147,36.2505
389.0,777.0,9.3388,38.2286,98.68,184.5803,0.0231,0.0001,99.8299,194.5695,49.0228,-16.4737,0.0,0.0001,1.8666,-0.0001,6.3921,35.4327,9.2493,27.4165,36.2529
390.0,779.0,9.3336,38.2236,98.68,184.453,0.0223,0.0001,99.8318,194.5696,49.0228,-16.4737,0.0,0.0001,1.8654,-0.0002,6.3939,35.4316,9.2437,27.4165,36.2532
391.0,781.0,9.3259,38.2167,98.68,184.6315,0.0213,0.0001,99.8298,194.5696,49.0227,-16.4737,0.0,0.0001,1.8654,0.0,6.397,35.4312,9.2359,27.4175,36.2545
392.0,783.0,9.3086,38.1982,98.68,184.6709,0.0211,0.0001,99.8414,194.5697,49.0227,-16.4737,0.0,0.0001,1.864,-0.0001,6.4011,35.4279,9.2184,27.4178,36.2557
393.0,785.0,9.2936,38.1836,98.68,184.9059,0.0204,0.0001,99.847,194.5698,49.0227,-16.4737,0.0,0.0001,1.8639,0.0,6.4111,35.4266,9.2032,27.4193,36.2578
394.0,787.0,9.2297,38.1102,98.68,184.9888,0.0207,0.0001,99.8438,194.5698,49.0227,-16.4737,0.0,0.0001,1.8615,-0.0005,6.4258,35.4128,9.1395,27.4189,36.2604
395.0,789.0,9.1071,37.9735,98.68,184.9775,0.0192,0.0001,99.835,194.5699,49.0227,-16.4737,0.0,0.0001,1.8622,-0.0002,6.4267,35.3907,9.0174,27.4214,36.2685
396.0,791.0,9.0628,37.9263,98.68,185.2145,0.0216,0.0001,99.8528,194.57,49.0227,-16.4737,0.0,0.0001,1.8612,0.0002,6.429,35.384,8.9731,27.4233,36.2725
397.0,793.0,9.077,37.9434,98.68,185.089,0.0216,0.0001,99.8715,194.5701,49.0227,-16.4737,0.0,0.0001,1.8599,-0.0003,6.4363,35.3871,8.987,27.4236,36.272
398.0,795.0,9.0351,37.8996,98.68,184.9606,0.0212,0.0001,99.869,194.5701,49.0226,-16.4737,0.0,0.0001,1.8584,-0.0003,6.4378,35.382,8.9452,27.4263,36.2767
399.0,797.0,9.0336,37.8986,98.68,185.0511,0.0202,0.0001,99.8478,194.5702,49.0226,-16.4737,0.0,0.0001,1.8584,-0.0001,6.4392,35.3818,8.9434,27.4264,36.2769
400.0,799.0,9.0196,37.8852,98.68,185.073,0.0222,0.0,99.8765,194.5702,49.0226,-16.4737,0.0,0.0001,1.8577,0.0,6.44,35.3804,8.9292,27.4276,36.2787
401.0,801.0,9.0206,37.8866,98.68,185.0669,0.0199,0.0001,99.8813,194.5703,49.0226,-16.4737,0.0,0.0001,1.8567,-0.0003,6.445,35.3804,8.93,27.4275,36.2785
402.0,803.0,8.9461,37.8081,98.68,184.5361,0.0218,0.0,99.888,194.5704,49.0226,-16.4737,0.0,0.0001,1.8527,-0.0006,6.4499,35.3706,8.8556,27.4318,36.2862
403.0,805.0,8.9415,37.8038,98.68,184.3945,0.0213,0.0,99.897,194.5704,49.0226,-16.4737,0.0,0.0001,1.8506,-0.0006,6.4515,35.3702,8.851,27.4322,36.2869
404.0,807.0,8.8814,37.7429,98.68,184.666,0.0214,0.0,99.9088,194.5705,49.0226,-16.4737,0.0,0.0001,1.8496,0.0,6.4573,35.3646,8.7908,27.4375,36.2948
405.0,809.0,8.8956,37.7594,98.68,184.2783,0.0188,0.0,99.9223,194.5705,49.0226,-16.4737,0.0,0.0001,1.8486,-0.0005,6.4583,35.3671,8.8048,27.4371,36.2939
406.0,811.0,8.9211,37.7969,98.68,183.6343,0.0224,0.0,99.9204,194.5706,49.0226,-16.4737,0.0,0.0001,1.8438,-0.0007,6.4524,35.3804,8.8299,27.4435,36.299
407.0,813.0,8.9523,37.8411,98.68,183.6743,0.022,0.0,99.9198,194.5707,49.0226,-16.4737,0.0,0.0001,1.8426,0.0,6.4512,35.3946,8.8607,27.4497,36.3036
408.0,815.0,8.9503,37.8412,98.68,183.2256,0.0221,0.0,99.9074,194.5707,49.0226,-16.4737,0.0,0.0001,1.8425,-0.0008,6.4509,35.3957,8.8584,27.451,36.3049
409.0,817.0,8.9705,37.8671,98.68,183.5967,0.0222,0.0,99.908,194.5708,49.0226,-16.4737,0.0,0.0001,1.842,0.0001,6.4476,35.402,8.8783,27.4528,36.3058
410.0,819.0,9.0074,37.9167,98.68,183.0371,0.0214,0.0,99.9043,194.5709,49.0226,-16.4737,0.0,0.0001,1.8402,-0.0004,6.4402,35.4161,8.9147,27.458,36.3092
411.0,821.0,9.0194,37.9345,98.68,182.8725,0.0225,0.0,99.9011,194.5709,49.0226,-16.4737,0.0,0.0001,1.8382,-0.0004,6.4417,35.422,8.9264,27.4607,36.3113
412.0,823.0,9.0203,37.9364,98.68,182.7065,0.0205,0.0,99.8883,194.5711,49.0226,-16.4737,0.0,0.0001,1.8377,-0.0005,6.4367,35.4224,8.927,27.4608,36.3114
413.0,825.0,9.0329,37.956,98.68,182.8667,0.0203,0.0,99.8927,194.5711,49.0226,-16.4737,0.0,0.0001,1.8373,0.0,6.4372,35.4295,8.9394,27.4644,36.3144
414.0,827.0,9.0485,37.977,98.68,182.8285,0.0224,0.0001,99.8723,194.5711,49.0226,-16.4737,0.0,0.0001,1.837,0.0,6.4366,35.435,8.9546,27.4663,36.3155
415.0,829.0,9.0539,37.9854,98.68,182.8236,0.0241,0.0,99.8747,194.5712,49.0226,-16.4737,0.0,0.0001,1.8364,0.0002,6.4344,35.4374,8.9598,27.4673,36.3163
416.0,831.0,9.0622,37.9965,98.68,182.8193,0.0213,0.0001,99.8719,194.5713,49.0226,-16.4737,0.0,0.0001,1.8368,0.0001,6.4318,35.4399,8.9678,27.468,36.3165
417.0,833.0,9.0608,37.9953,98.68,182.6004,0.0215,0.0001,99.8616,194.5713,49.0226,-16.4737,0.0,0.0001,1.8362,-0.0004,6.4321,35.4393,8.9661,27.4678,36.3164
418.0,835.0,9.0713,38.0105,98.68,182.8554,0.0204,0.0001,99.8501,194.5714,49.0226,-16.4736,0.0,0.0001,1.836,0.0002,6.4313,35.4434,8.9763,27.4694,36.3175
419.0,837.0,9.0716,38.0122,98.68,182.6422,0.0201,0.0001,99.8356,194.5715,49.0226,-16.4736,0.0,0.0001,1.8351,-0.0006,6.4382,35.4444,8.9764,27.4701,36.3182
420.0,839.0,9.0394,37.9794,98.68,182.882,0.023,0.0001,99.8328,194.5715,49.0226,-16.4736,0.0,0.0001,1.835,-0.0001,6.4379,35.4409,8.9441,27.4726,36.3222
421.0,841.0,8.9511,37.8782,98.68,183.3125,0.0221,0.0,99.8798,194.5716,49.0226,-16.4736,0.0,0.0001,1.8318,-0.0016,6.4953,35.4217,8.8562,27.4717,36.3254
422.0,843.0,8.5828,37.4729,98.68,187.0664,0.0195,0.0001,99.8475,194.5717,49.0226,-16.4736,0.0,0.0001,1.8421,0.0026,6.5146,35.3605,8.4899,27.4816,36.3523
423.0,845.0,8.5188,37.4051,98.68,187.8126,0.0215,0.0001,99.8549,194.5717,49.0226,-16.4736,0.0,0.0001,1.8492,0.0009,6.538,35.3521,8.4261,27.4851,36.3587
424.0,847.0,8.3453,37.2044,98.68,188.2665,0.021,0.0001,99.8492,194.5718,49.0226,-16.4736,0.0,0.0001,1.8521,0.0005,6.5409,35.3115,8.2535,27.48,36.3619
425.0,849.0,8.3444,37.2055,98.68,188.1287,0.0239,0.0001,99.8636,194.5719,49.0226,-16.4736,0.0,0.0001,1.8533,-0.0001,6.5381,35.3127,8.2523,27.4811,36.3631
426.0,851.0,8.3465,37.2103,98.68,188.3808,0.0231,0.0,99.8847,194.5719,49.0226,-16.4736,0.0,0.0001,1.854,0.0004,6.535,35.315,8.2543,27.4826,36.3644
427.0,853.0,8.3776,37.2508,98.68,187.9026,0.0242,0.0001,99.8872,194.572,49.0226,-16.4736,0.0,0.0001,1.8534,-0.0003,6.5353,35.3259,8.2848,27.4864,36.3668
428.0,855.0,8.3834,37.2599,98.68,187.7537,0.0237,0.0,99.8953,194.5721,49.0226,-16.4736,0.0,0.0001,1.8505,-0.0003,6.5352,35.3288,8.2904,27.4878,36.3679
429.0,857.0,8.3915,37.2759,98.68,187.65,0.0217,0.0,99.892,194.5721,49.0226,-16.4736,0.0,0.0001,1.8496,-0.0003,6.5354,35.3369,8.2982,27.493,36.3726
430.0,859.0,8.3875,37.274,98.68,187.5181,0.0289,0.0,99.9031,194.5722,49.0226,-16.4735,0.0,0.0001,1.849,-0.0005,6.5356,35.3378,8.2941,27.4944,36.3741
431.0,861.0,8.3672,37.2557,98.68,188.0127,0.0215,0.0,99.9118,194.5722,49.0226,-16.4735,0.0,0.0001,1.8493,0.0005,6.5355,35.3379,8.2737,27.4976,36.3782
432.0,863.0,8.381,37.2738,98.68,187.8299,0.0233,0.0,99.9023,194.5723,49.0226,-16.4735,0.0,0.0001,1.8494,0.0002,6.5327,35.3422,8.2871,27.4989,36.3789
433.0,865.0,8.401,37.2994,98.68,187.1545,0.0214,0.0,99.9038,194.5724,49.0226,-16.4735,0.0,0.0001,1.8478,-0.0004,6.5236,35.3483,8.3068,27.5007,36.3797
434.0,867.0,8.4443,37.3559,98.68,187.0072,0.0202,0.0,99.9068,194.5725,49.0226,-16.4735,0.0,0.0001,1.8451,-0.0001,6.5229,35.3641,8.3495,27.5065,36.3834
435.0,869.0,8.4791,37.4011,98.68,186.8009,0.0203,0.0,99.8931,194.5725,49.0226,-16.4735,0.0,0.0001,1.844,-0.0005,6.5249,35.3765,8.3839,27.5108,36.386
436.0,871.0,8.4817,37.4047,98.68,186.9467,0.0197,0.0,99.9073,194.5726,49.0227,-16.4734,0.0,0.0001,1.8439,0.0,6.5215,35.3766,8.3862,27.5106,36.3857
437.0,873.0,8.4987,37.4271,98.68,186.9159,0.0192,0.0,99.9193,194.5727,49.0227,-16.4734,0.0,0.0001,1.844,0.0001,6.514,35.3824,8.4029,27.5126,36.3868
438.0,875.0,8.5217,37.4583,98.68,186.3643,0.0214,0.0,99.8991,194.5727,49.0227,-16.4734,0.0,0.0001,1.8424,-0.0004,6.513,35.3916,8.4254,27.5163,36.3894
439.0,877.0,8.5329,37.4733,98.68,186.3463,0.0198,0.0,99.8916,194.5728,49.0227,-16.4734,0.0,0.0001,1.8404,-0.0002,6.5126,35.3952,8.4363,27.5174,36.3899
440.0,879.0,8.5327,37.4737,98.68,186.426,0.0219,0.0,99.897,194.5729,49.0227,-16.4733,0.0,0.0001,1.8405,-0.0001,6.5129,35.3952,8.4359,27.5174,36.39
441.0,881.0,8.5275,37.4695,98.68,186.2397,0.0217,0.0001,99.8916,194.573,49.0227,-16.4733,0.0,0.0001,1.8398,-0.0004,6.5138,35.3946,8.4305,27.5178,36.3906
442.0,883.0,8.5153,37.458,98.68,186.463,0.021,0.0,99.896,194.573,49.0227,-16.4733,0.0,0.0001,1.8403,0.0,6.5131,35.3942,8.4183,27.5194,36.3928
443.0,885.0,8.5143,37.4616,98.68,186.3443,0.0227,0.0001,99.8613,194.5731,49.0227,-16.4733,0.0,0.0001,1.8396,-0.0001,6.5121,35.3979,8.417,27.5225,36.3959
444.0,887.0,8.5275,37.4795,98.68,186.3955,0.0223,0.0001,99.8551,194.5731,49.0227,-16.4732,0.0,0.0001,1.8387,0.0,6.5128,35.4027,8.4299,27.5243,36.397
445.0,889.0,8.5305,37.4838,98.68,186.0534,0.0217,0.0001,99.8453,194.5732,49.0227,-16.4732,0.0,0.0001,1.837,-0.0004,6.5148,35.4032,8.4326,27.5243,36.3969
446.0,891.0,8.5332,37.4881,98.68,186.1448,0.0175,0.0001,99.8456,194.5733,49.0227,-16.4732,0.0,0.0001,1.8369,-0.0005,6.5161,35.4043,8.4351,27.5247,36.3972
447.0,893.0,8.4712,37.4231,98.68,186.877,0.0231,0.0001,99.8468,194.5733,49.0227,-16.4732,0.0,0.0001,1.8381,0.001,6.5145,35.3966,8.3732,27.5283,36.4037
448.0,895.0,8.4058,37.3541,98.68,186.9155,0.0198,0.0001,99.849,194.5734,49.0227,-16.4731,0.0,0.0001,1.8384,0.0,6.5301,35.3877,8.308,27.5314,36.4098
449.0,897.0,8.3555,37.2986,98.68,188.1176,0.0209,0.0001,99.8642,194.5735,49.0227,-16.4731,0.0,0.0001,1.8383,0.0013,6.5491,35.3783,8.2578,27.5317,36.4125
450.0,899.0,8.2909,37.2308,98.68,188.2096,0.0206,0.0001,99.8462,194.5736,49.0227,-16.4731,0.0,0.0001,1.8431,0.0004,6.5432,35.3698,8.1934,27.535,36.4188
451.0,901.0,8.3377,37.2893,98.68,187.7368,0.0209,0.0001,99.8411,194.5737,49.0226,-16.4731,0.0,0.0001,1.8425,-0.0002,6.5374,35.3841,8.2396,27.5391,36.4206
452.0,903.0,8.3655,37.3232,98.68,187.628,0.0188,0.0001,99.8406,194.5737,49.0226,-16.4731,0.0,0.0001,1.8412,-0.0004,6.5408,35.3917,8.2671,27.5409,36.421
453.0,905.0,8.3569,37.3145,98.68,187.5346,0.0209,0.0001,99.8402,194.5738,49.0226,-16.4731,0.0,0.0001,1.8398,-0.0003,6.5389,35.39,8.2583,27.5409,36.4215
454.0,907.0,8.339,37.2963,98.68,187.494,0.0211,0.0001,99.8343,194.5738,49.0226,-16.473,0.0,0.0001,1.8393,-0.0001,6.5386,35.3878,8.2403,27.5419,36.4233
455.0,909.0,8.3473,37.3067,98.68,187.8006,0.0205,0.0001,99.8372,194.5739,49.0226,-16.473,0.0,0.0001,1.8402,0.0001,6.5401,35.3895,8.2482,27.542,36.4231
456.0,911.0,8.3422,37.3024,98.68,187.606,0.0181,0.0001,99.8362,194.574,49.0226,-16.473,0.0,0.0001,1.8393,-0.0005,6.5424,35.3889,8.2429,27.5424,36.4237
457.0,913.0,8.337,37.2973,98.68,187.9561,0.0211,0.0001,99.8288,194.574,49.0226,-16.473,0.0,0.0001,1.8397,0.0003,6.5403,35.388,8.2377,27.5425,36.424
458.0,915.0,8.3174,37.2766,98.68,187.9572,0.0203,0.0001,99.8197,194.5741,49.0226,-16.473,0.0,0.0001,1.8397,-0.0001,6.547,35.3845,8.2178,27.5428,36.4253
459.0,917.0,8.2743,37.2348,98.68,188.0428,0.0195,0.0001,99.8348,194.5742,49.0226,-16.473,0.0,0.0001,1.8393,0.0001,6.5461,35.3825,8.1749,27.5478,36.4322
460.0,919.0,8.2374,37.1925,98.68,188.5804,0.02,0.0001,99.8356,194.5743,49.0225,-16.473,0.0,0.0001,1.8406,-0.0002,6.5629,35.3735,8.138,27.5463,36.4325
461.0,921.0,8.2061,37.1551,98.68,188.8515,0.0204,0.0001,99.8338,194.5743,49.0225,-16.473,0.0,0.0001,1.8422,0.0003,6.5599,35.3641,8.1067,27.5437,36.4315
462.0,923.0,8.1559,37.1023,98.68,189.2537,0.0189,0.0001,99.8367,194.5744,49.0225,-16.4729,0.0,0.0001,1.8423,0.0001,6.5694,35.3569,8.0565,27.5457,36.4358
463.0,925.0,8.1326,37.0812,98.68,189.3693,0.0195,0.0001,99.7857,194.5744,49.0225,-16.473,0.0,0.0001,1.8431,0.0003,6.566,35.3573,8.0334,27.5496,36.4407
464.0,927.0,8.1239,37.074,98.68,189.805,0.0184,0.0001,99.8384,194.5745,49.0225,-16.4729,0.0,0.0001,1.8435,0.0003,6.5772,35.3573,8.0244,27.5509,36.4424
465.0,929.0,8.102,37.0526,98.68,189.8148,0.0199,0.0001,99.8396,194.5746,49.0225,-16.4729,0.0,0.0001,1.8448,0.0,6.5767,35.3554,8.0024,27.5527,36.4453
466.0,931.0,8.0911,37.0434,98.68,189.8383,0.0226,0.0001,99.8314,194.5747,49.0225,-16.4729,0.0,0.0001,1.8437,-0.0001,6.5795,35.3554,7.9913,27.5544,36.4475
467.0,933.0,8.0769,37.0308,98.68,189.9265,0.0227,0.0001,99.8346,194.5747,49.0225,-16.4729,0.0,0.0001,1.8435,0.0001,6.5787,35.3555,7.977,27.5567,36.4504
468.0,935.0,8.0722,37.0277,98.68,189.7596,0.0238,0.0001,99.8403,194.5748,49.0224,-16.4729,0.0,0.0001,1.8436,-0.0005,6.5815,35.3559,7.9721,27.5577,36.4516
469.0,937.0,8.0679,37.0242,98.68,190.3138,0.032,0.0001,99.8514,194.5748,49.0224,-16.4729,0.0,0.0001,1.8443,0.0005,6.5803,35.3556,7.9677,27.5581,36.4522
470.0,939.0,8.0576,37.0151,98.68,190.1894,0.0211,0.0001,99.8344,194.5749,49.0224,-16.4729,0.0,0.0001,1.8437,0.0001,6.5836,35.3554,7.9572,27.5596,36.4541
471.0,941.0,8.0544,37.0129,98.68,190.5647,0.0223,0.0001,99.8537,194.575,49.0224,-16.4729,0.0,0.0001,1.8443,0.0007,6.5836,35.3553,7.9538,27.56,36.4548
472.0,943.0,8.0544,37.0139,98.68,190.3043,0.0192,0.0001,99.8597,194.5751,49.0224,-16.4729,0.0,0.0001,1.8444,0.0,6.5827,35.3554,7.9536,27.5601,36.4549
473.0,945.0,8.0586,37.0213,98.68,190.1087,0.0191,0.0001,99.8473,194.5752,49.0224,-16.473,0.0,0.0001,1.8436,-0.0001,6.5807,35.3579,7.9574,27.5615,36.456
474.0,947.0,8.0827,37.0568,98.68,190.0389,0.0196,0.0001,99.8603,194.5752,49.0224,-16.473,0.0,0.0001,1.8434,-0.0003,6.5813,35.3711,7.9812,27.5683,36.4616
475.0,949.0,8.0834,37.0615,98.68,190.0809,0.0214,0.0001,99.8582,194.5753,49.0224,-16.473,0.0,0.0001,1.8428,-0.0001,6.5798,35.3743,7.9817,27.5708,36.464
476.0,951.0,8.0774,37.0616,98.68,190.0534,0.0202,0.0001,99.8603,194.5754,49.0223,-16.473,0.0,0.0001,1.8423,0.0,6.5787,35.3793,7.9755,27.5756,36.469
477.0,953.0,8.0904,37.0789,98.68,189.9732,0.0209,0.0001,99.8735,194.5754,49.0223,-16.473,0.0,0.0001,1.8424,-0.0003,6.5788,35.3839,7.9881,27.5773,36.4701
478.0,955.0,8.0906,37.0804,98.68,190.0636,0.0185,0.0001,99.8398,194.5755,49.0223,-16.473,0.0,0.0001,1.8428,-0.0004,6.5814,35.3845,7.9881,27.5778,36.4706
479.0,957.0,8.0344,37.0279,98.68,190.656,0.0191,0.0001,99.8474,194.5755,49.0223,-16.473,0.0,0.0001,1.8434,0.0006,6.5794,35.3837,7.9321,27.5856,36.4809
480.0,959.0,8.0128,37.0053,98.68,190.7735,0.0151,0.0001,99.8404,194.5756,49.0223,-16.473,0.0,0.0001,1.8439,0.0002,6.5852,35.3801,7.9103,27.586,36.4824
481.0,961.0,8.004,36.9961,98.68,191.0271,0.0217,0.0001,99.8453,194.5757,49.0223,-16.473,0.0,0.0001,1.8446,0.0004,6.5866,35.3785,7.9015,27.5862,36.4829
482.0,963.0,7.9999,36.9933,98.68,191.0893,0.0223,0.0001,99.8408,194.5757,49.0223,-16.473,0.0,0.0001,1.8444,-0.0002,6.5967,35.3788,7.8972,27.587,36.4839
483.0,965.0,7.9613,36.9535,98.68,191.5534,0.0217,0.0001,99.8391,194.5758,49.0223,-16.4731,0.0,0.0001,1.8462,0.0002,6.5978,35.3738,7.8586,27.5889,36.4876
484.0,967.0,7.9493,36.9409,98.68,191.7408,0.0221,0.0001,99.8594,194.5759,49.0222,-16.4731,0.0,0.0001,1.8466,0.0002,6.6004,35.3715,7.8465,27.5888,36.4882
485.0,969.0,7.935,36.9265,98.68,191.7795,0.0213,0.0001,99.843,194.5759,49.0222,-16.4731,0.0,0.0001,1.8481,-0.0001,6.6028,35.3697,7.832,27.5896,36.4896
486.0,971.0,7.9059,36.8926,98.68,191.5077,0.0188,0.0001,99.8343,194.5761,49.0222,-16.4731,0.0,0.0001,1.8459,-0.0009,6.6094,35.3615,7.8029,27.5875,36.489
487.0,973.0,7.8439,36.8279,98.68,192.3007,0.0216,0.0001,99.8256,194.5761,49.0222,-16.4731,0.0,0.0001,1.8481,0.0005,6.6052,35.3537,7.7411,27.5905,36.4949
488.0,975.0,7.8528,36.8383,98.68,192.5178,0.0208,0.0001,99.8261,194.5761,49.0222,-16.4731,0.0,0.0001,1.8482,0.0006,6.6105,35.355,7.7498,27.5903,36.4942
489.0,977.0,7.844,36.8304,98.68,192.5269,0.0193,0.0001,99.8275,194.5762,49.0222,-16.4731,0.0,0.0001,1.8486,0.0,6.6152,35.3541,7.7408,27.591,36.4954
490.0,979.0,7.8313,36.8184,98.68,192.5188,0.0211,0.0001,99.8194,194.5763,49.0222,-16.4731,0.0,0.0001,1.8487,-0.0003,6.6178,35.353,7.728,27.592,36.497
491.0,981.0,7.8103,36.8023,98.68,192.8166,0.0194,0.0001,99.82,194.5763,49.0222,-16.4731,0.0,0.0001,1.8491,0.0002,6.6179,35.3561,7.7069,27.5975,36.5035
492.0,983.0,7.8015,36.7981,98.68,192.8624,0.0203,0.0001,99.826,194.5764,49.0222,-16.4731,0.0,0.0001,1.8487,0.0003,6.6182,35.3596,7.698,27.6016,36.5078
493.0,985.0,7.8082,36.8052,98.68,193.0699,0.0234,0.0001,99.8187,194.5765,49.0222,-16.4731,0.0,0.0001,1.8498,0.0001,6.6203,35.3596,7.7044,27.6006,36.5066
494.0,987.0,7.8064,36.805,98.68,192.968,0.0229,0.0001,99.8268,194.5766,49.0222,-16.4731,0.0,0.0001,1.8494,-0.0001,6.6189,35.3601,7.7024,27.6013,36.5074
495.0,989.0,7.8071,36.8105,98.68,192.929,0.0218,0.0001,99.8262,194.5766,49.0222,-16.4731,0.0,0.0001,1.8491,0.0,6.6178,35.3645,7.7028,27.6048,36.5107
496.0,991.0,7.877,36.8969,98.68,192.4777,0.0217,0.0001,99.8259,194.5766,49.0222,-16.4731,0.0,0.0001,1.8478,-0.0006,6.6199,35.3861,7.772,27.6115,36.514
497.0,993.0,7.868,36.89,98.68,192.7736,0.022,0.0001,99.8096,194.5767,49.0222,-16.4731,0.0,0.0001,1.8476,0.0001,6.6143,35.3868,7.7628,27.6134,36.5163
498.0,995.0,7.8654,36.8882,98.68,192.6439,0.0222,0.0001,99.8199,194.5768,49.0222,-16.4731,0.0,0.0001,1.8478,-0.0003,6.6128,35.3864,7.7599,27.6135,36.5165
499.0,997.0,7.8352,36.8571,98.68,192.5754,0.0244,0.0001,99.8276,194.5769,49.0222,-16.473,0.0,0.0001,1.846,-0.0003,6.6171,35.3823,7.7297,27.6147,36.5192
500.0,999.0,7.8198,36.842,98.68,192.691,0.0215,0.0001,99.8065,194.5769,49.0222,-16.4731,0.0,0.0001,1.8465,-0.0002,6.6163,35.3811,7.7143,27.6161,36.5213
501.0,1001.0,7.7998,36.8209,98.68,192.7058,0.021,0.0001,99.802,194.577,49.0222,-16.473,0.0,0.0001,1.845,0.0,6.6201,35.3775,7.6942,27.6162,36.5224
502.0,1003.0,7.7431,36.762,98.68,193.3965,0.0217,0.0001,99.803,194.5771,49.0222,-16.473,0.0,0.0001,1.8467,0.0007,6.6215,35.3702,7.6377,27.6188,36.5277
503.0,1005.0,7.7595,36.7778,98.68,193.3767,0.0209,0.0001,99.818,194.5771,49.0222,-16.473,0.0,0.0001,1.8472,-0.0002,6.6327,35.3698,7.6537,27.6161,36.5243
504.0,1007.0,7.6979,36.7135,98.68,194.1551,0.0187,0.0001,99.8223,194.5772,49.0222,-16.473,0.0,0.0001,1.8487,0.0005,6.6385,35.3616,7.5924,27.6188,36.5298
505.0,1009.0,7.6729,36.6876,98.68,193.7208,0.0233,0.0001,99.7964,194.5773,49.0221,-16.473,0.0,0.0001,1.849,-0.0013,6.6551,35.3582,7.5673,27.6197,36.5319
506.0,1011.0,7.583,36.5911,98.68,194.9276,0.0206,0.0001,99.8004,194.5775,49.0221,-16.473,0.0,0.0001,1.8527,0.0001,6.6526,35.344,7.4779,27.6216,36.5381
507.0,1013.0,7.5767,36.585,98.68,195.344,0.0206,0.0001,99.8041,194.5776,49.0221,-16.4729,0.0,0.0001,1.8533,0.0007,6.6546,35.3426,7.4714,27.6215,36.5383
508.0,1015.0,7.5662,36.5746,98.68,195.3208,0.0199,0.0001,99.8113,194.5778,49.0221,-16.4729,0.0,0.0001,1.8532,0.0005,6.6578,35.3412,7.4609,27.6219,36.5392
